0 0.359856 0.680794 0.375841 0.684354 0.378680 0.680139 0.380071 0.673891 0.386898 0.642815 0.386829 0.642726 0.383774 0.639171 0.382885 0.638788 0.381448 0.638345 0.379682 0.637909 0.377852 0.637545 0.376236 0.637308 0.375077 0.637234 0.374554 0.637335 0.371408 0.639174 0.368399 0.642430
0 0.787611 0.067049 0.791122 0.070762 0.792295 0.071792 0.793858 0.072743 0.808138 0.080046 0.809858 0.080774 0.811481 0.081173 0.816105 0.081621 0.819391 0.077272 0.834501 0.047959 0.837449 0.042195 0.808625 0.027454 0.805097 0.032856
0 0.927046 0.435712 0.930630 0.440817 0.931643 0.441673 0.933103 0.442645 0.946803 0.450985 0.948494 0.451930 0.950163 0.452706 0.951559 0.453197 0.952469 0.453326 0.959108 0.451857 0.959206 0.451771 0.976471 0.424146 0.979837 0.418616 0.952183 0.401783 0.947014 0.402906
0 0.721663 0.365878 0.730374 0.379302 0.735764 0.376478 0.768734 0.355083 0.768458 0.350800 0.768184 0.349740 0.767523 0.348293 0.766573 0.346679 0.765481 0.345146 0.764415 0.343931 0.763538 0.343219 0.759700 0.341564 0.759516 0.341531 0.754171 0.344795 0.727033 0.362394
0 0.052473 0.813422 0.061286 0.844706 0.063136 0.850911 0.094161 0.841661 0.098799 0.837755 0.087826 0.800951 0.081595 0.800032 0.081061 0.799995 0.079877 0.800218 0.078223 0.800665 0.062852 0.805248 0.060973 0.805854 0.059148 0.806529 0.057654 0.807170 0.056718 0.807680 0.056484 0.807982
0 0.549369 0.203738 0.549445 0.204468 0.549793 0.205761 0.550358 0.207421 0.551055 0.209196 0.551779 0.210819 0.552420 0.212045 0.552882 0.212688 0.557162 0.215931 0.592595 0.201117 0.594761 0.194124 0.588444 0.179015 0.582401 0.181542 0.552121 0.194533 0.549943 0.200293
0 0.369741 0.171143 0.372462 0.203386 0.373037 0.209911 0.375940 0.216543 0.391880 0.215139 0.388510 0.176881 0.385902 0.169322 0.382491 0.167673 0.381300 0.167389 0.379627 0.167276 0.377726 0.167352 0.375890 0.167605 0.374402 0.167996 0.373488 0.168466 0.369807 0.170985
0 0.345152 0.424074 0.348688 0.463218 0.353122 0.466585 0.354811 0.466969 0.355368 0.466980 0.356569 0.466923 0.358231 0.466807 0.360102 0.466650 0.361900 0.466475 0.363353 0.466310 0.364242 0.466178 0.364428 0.466100 0.367934 0.462577 0.365206 0.430745 0.364630 0.424370 0.361463 0.422600
0 0.738414 0.591617 0.738689 0.592408 0.739321 0.593674 0.740213 0.595224 0.741230 0.596825 0.742220 0.598233 0.743032 0.599237 0.743544 0.599682 0.746376 0.600841 0.752196 0.602309 0.780501 0.585451 0.786103 0.582056 0.777614 0.568051 0.771268 0.566495 0.738424 0.586402
0 0.704726 0.338626 0.710727 0.340852 0.741010 0.351811 0.746444 0.349300 0.746898 0.348756 0.747540 0.347603 0.748272 0.346015 0.748982 0.344236 0.754597 0.329094 0.755175 0.327401 0.755530 0.326058 0.755608 0.325270 0.754775 0.319914 0.718350 0.306406 0.715854 0.308618
0 0.040875 0.325969 0.043029 0.326786 0.055087 0.330993 0.069364 0.333135 0.074124 0.301407 0.062082 0.295792 0.045769 0.293345
0 0.791570 0.948885 0.791577 0.949093 0.794282 0.980440 0.794890 0.986812 0.801789 0.998201 0.818091 0.996646 0.814360 0.957520 0.807174 0.947061 0.804642 0.945978 0.803263 0.945579 0.801482 0.945395 0.799571 0.945453 0.797815 0.945745 0.796482 0.946226 0.791808 0.948686
0 0.343457 0.606690 0.343460 0.608194 0.343560 0.609129 0.346179 0.613308 0.346239 0.613381 0.378725 0.615907 0.385258 0.616385 0.387881 0.613724 0.389050 0.597765 0.350747 0.594960 0.347255 0.597181 0.344455 0.599611 0.344220 0.600115 0.343966 0.601288 0.343731 0.602950 0.343552 0.604848
0 0.582860 0.474280 0.582970 0.474608 0.583501 0.475473 0.584372 0.476744 0.585450 0.478226 0.586573 0.479697 0.587571 0.480935 0.588293 0.481752 0.588630 0.482023 0.592762 0.482660 0.594932 0.482254 0.626448 0.458769 0.616663 0.445638 0.613996 0.446880 0.608863 0.450705 0.583296 0.469794
0 0.248871 0.228779 0.257967 0.267016 0.263500 0.272342 0.279068 0.268639 0.277587 0.262411 0.269917 0.230968 0.265078 0.225310 0.262203 0.223976 0.261523 0.223693 0.260219 0.223625 0.258491 0.223783 0.256602 0.224143 0.254842 0.224651 0.253483 0.225227 0.252730 0.225784
0 0.256148 0.813637 0.283309 0.831255 0.285786 0.827468 0.306686 0.795248 0.304685 0.791740 0.304027 0.790846 0.302863 0.789779 0.301370 0.788701 0.287914 0.779973 0.286313 0.779044 0.284843 0.778402 0.283726 0.778144 0.279836 0.777831 0.277547 0.780720 0.259672 0.808205
0 0.389148 0.341292 0.389174 0.342740 0.389275 0.344548 0.390405 0.360659 0.390564 0.362545 0.390756 0.364214 0.390951 0.365412 0.391121 0.365956 0.395359 0.369677 0.433670 0.366989 0.431431 0.335063 0.430639 0.333156 0.424180 0.333609 0.392009 0.336064 0.391970 0.336114 0.389198 0.340424
0 0.186726 0.796333 0.192446 0.798847 0.193803 0.799087 0.195597 0.799183 0.197553 0.799119 0.199371 0.798906 0.200772 0.798576 0.201543 0.798181 0.204974 0.794753 0.209557 0.790027 0.209563 0.789899 0.210163 0.757692 0.210217 0.751291 0.194216 0.751155 0.187062 0.757031
0 0.192686 0.730543 0.199112 0.731813 0.231463 0.737866 0.231559 0.737882 0.236833 0.734251 0.239858 0.731558 0.240272 0.730893 0.240764 0.729611 0.241260 0.727908 0.241685 0.726042 0.241974 0.724294 0.242085 0.722929 0.241999 0.722152 0.240490 0.717017 0.202813 0.709574 0.195860 0.714477
0 0.413727 0.303049 0.414067 0.308943 0.415055 0.311139 0.415426 0.311648 0.416256 0.312600 0.417418 0.313847 0.418737 0.315203 0.420014 0.316461 0.421055 0.317433 0.421704 0.317971 0.426836 0.318693 0.426890 0.318700 0.449685 0.296358 0.454228 0.291848 0.453157 0.286978 0.441618 0.275357
0 0.110082 0.253104 0.114538 0.255926 0.120859 0.256934 0.152067 0.261700 0.152239 0.261684 0.152422 0.261430 0.155414 0.257160 0.155917 0.255799 0.156297 0.254044 0.158822 0.238205 0.159022 0.236318 0.159014 0.234578 0.158798 0.233249 0.157242 0.230297 0.157111 0.230058 0.153544 0.227250 0.115178 0.221133
0 0.818985 0.309351 0.820863 0.315470 0.830599 0.345923 0.836136 0.347602 0.836759 0.347466 0.838000 0.347121 0.839672 0.346621 0.855006 0.341917 0.856860 0.341335 0.858620 0.340759 0.860020 0.340274 0.860846 0.339956 0.860971 0.339852 0.865019 0.334793 0.853625 0.297652 0.822674 0.307147
0 0.901928 0.520387 0.904611 0.526199 0.918428 0.555246 0.918501 0.555321 0.924781 0.557332 0.929721 0.557999 0.930633 0.557920 0.932086 0.557541 0.933857 0.556919 0.935676 0.556148 0.937262 0.555347 0.938373 0.554639 0.938839 0.554133 0.942671 0.549688 0.926201 0.514001 0.916458 0.513681
0 0.177397 0.852071 0.198555 0.876627 0.202851 0.881471 0.227074 0.859992 0.230193 0.855876 0.204712 0.827142 0.198460 0.828410 0.198015 0.828736 0.197072 0.829527 0.195774 0.830662 0.183773 0.841304 0.182312 0.842615 0.180906 0.843907 0.179768 0.844985 0.179070 0.845684 0.178921 0.845897
0 0.172885 0.011566 0.178285 0.050039 0.181598 0.054672 0.181858 0.054850 0.184577 0.056099 0.185963 0.056449 0.187744 0.056563 0.189649 0.056423 0.205532 0.054193 0.207279 0.053821 0.208608 0.053271 0.213096 0.050648 0.213333 0.050433 0.213328 0.050219 0.209207 0.019038 0.208318 0.012700 0.204945 0.007066
0 0.706806 0.405806 0.706815 0.407623 0.706932 0.409116 0.707137 0.410059 0.709538 0.414103 0.747932 0.415035 0.750799 0.414053 0.751586 0.381688 0.745113 0.381531 0.712502 0.380882 0.710315 0.382107 0.708027 0.384565 0.707744 0.385084 0.707487 0.386256 0.707294 0.387901 0.707195 0.389772
0 0.279706 0.486198 0.287604 0.517903 0.289235 0.524248 0.294053 0.523693 0.309552 0.519709 0.299988 0.482513 0.294869 0.479902 0.292484 0.479668 0.291846 0.479733 0.290582 0.479975 0.288883 0.480355 0.287010 0.480817 0.285251 0.481289 0.283875 0.481699 0.283093 0.481984 0.279728 0.486161
0 0.412548 0.811473 0.412674 0.812171 0.413267 0.813330 0.414237 0.814774 0.415437 0.816280 0.416682 0.817618 0.417781 0.818581 0.418566 0.819024 0.423216 0.820960 0.453020 0.795337 0.454094 0.788586 0.443662 0.776451 0.438808 0.780624 0.414442 0.801834 0.412642 0.808182
0 0.855381 0.549477 0.855462 0.549595 0.880409 0.569071 0.885479 0.572977 0.894498 0.574684 0.904492 0.561711 0.873357 0.537724 0.864822 0.536862 0.862245 0.537536 0.861543 0.537777 0.860503 0.538562 0.859281 0.539771 0.858063 0.541219 0.857033 0.542689 0.856346 0.543958 0.856106 0.544836
0 0.607598 0.562696 0.625268 0.596795 0.626570 0.597800 0.630419 0.598906 0.630918 0.598868 0.631997 0.598496 0.633491 0.597847 0.635172 0.597019 0.649511 0.589589 0.651118 0.588712 0.652399 0.587923 0.653159 0.587343 0.655240 0.583015 0.655281 0.582922 0.640565 0.554273 0.637586 0.548524 0.636014 0.547970
0 0.950447 0.385722 0.955631 0.389000 0.956160 0.389236 0.957372 0.389488 0.959083 0.389716 0.961034 0.389886 0.962932 0.389973 0.964488 0.389964 0.965466 0.389858 0.970880 0.388577 0.976709 0.384955 0.976798 0.384890 0.980810 0.352259 0.981519 0.345747 0.965238 0.343975 0.954603 0.347542
0 0.029629 0.419472 0.050702 0.443701 0.055002 0.448541 0.060088 0.449129 0.084016 0.427875 0.058510 0.399161 0.053922 0.398114 0.051295 0.398163 0.050427 0.398272 0.049138 0.398855 0.047625 0.399823 0.046120 0.401028 0.034045 0.411753 0.032782 0.413008 0.031959 0.414115 0.029715 0.419209
0 0.718359 0.830718 0.720620 0.836764 0.721237 0.837380 0.722414 0.838247 0.723972 0.839232 0.725672 0.840184 0.739967 0.847699 0.741544 0.848471 0.742753 0.848940 0.743409 0.849037 0.749286 0.849225 0.767365 0.814839 0.764309 0.811240 0.735981 0.796346 0.733003 0.802012 0.718371 0.830630
0 0.888555 0.634089 0.892944 0.638454 0.893098 0.638585 0.893982 0.638820 0.895463 0.639123 0.897315 0.639448 0.899256 0.639745 0.915246 0.642012 0.916972 0.642234 0.918214 0.642348 0.918783 0.642336 0.924703 0.640070 0.930155 0.601605 0.925238 0.600443 0.893550 0.595952 0.892652 0.602289
0 0.716677 0.095277 0.755081 0.095591 0.759994 0.090075 0.763017 0.085308 0.763372 0.084382 0.763680 0.082848 0.763893 0.080942 0.763978 0.078955 0.763923 0.077192 0.763736 0.075924 0.761090 0.070380 0.760993 0.070188 0.728431 0.069486 0.721880 0.069432 0.716808 0.079275
0 0.552758 0.649578 0.553372 0.651318 0.556409 0.656129 0.594857 0.664286 0.598256 0.648266 0.596009 0.644876 0.589748 0.643548 0.558507 0.637063 0.554762 0.640132 0.554614 0.640306 0.554336 0.641171 0.553972 0.642593 0.553576 0.644357 0.553207 0.646197 0.552923 0.647834 0.552765 0.649022
0 0.016762 0.257545 0.022508 0.296427 0.029012 0.300557 0.034426 0.302850 0.035403 0.303056 0.036955 0.303124 0.038844 0.303042 0.040787 0.302824 0.042489 0.302504 0.043693 0.302128 0.048640 0.298743 0.048816 0.298617 0.044575 0.267081 0.043640 0.260749 0.032963 0.255151
