0 0.265545 0.271288 0.269214 0.287248 0.274489 0.292112 0.311919 0.283509 0.313614 0.278296 0.313588 0.277525 0.313377 0.276170 0.313013 0.274433 0.312552 0.272579 0.312062 0.270887 0.311618 0.269612 0.311287 0.268950 0.309092 0.266263 0.304079 0.262761 0.271929 0.269820
0 0.784135 0.478478 0.799375 0.483358 0.806379 0.482969 0.808377 0.476730 0.818017 0.445539 0.814534 0.441374 0.813880 0.440984 0.812604 0.440455 0.810901 0.439867 0.809032 0.439311 0.807285 0.438872 0.805927 0.438618 0.805165 0.438587 0.801656 0.439293 0.795847 0.441902
0 0.232679 0.209708 0.234690 0.215888 0.234746 0.216043 0.235390 0.216637 0.236521 0.217578 0.237968 0.218724 0.239512 0.219900 0.252358 0.229503 0.253768 0.230535 0.254836 0.231270 0.255400 0.231595 0.261102 0.231926 0.280531 0.206554 0.284363 0.201427 0.281870 0.197976 0.255939 0.178592
0 0.857140 0.811061 0.861269 0.814658 0.867006 0.817661 0.895232 0.832290 0.895464 0.832328 0.895775 0.832142 0.899567 0.829046 0.900596 0.827901 0.901561 0.826344 0.909051 0.812036 0.909803 0.810312 0.910224 0.808688 0.910344 0.804309 0.910352 0.803884 0.910228 0.803641 0.906009 0.800517 0.871982 0.782706
0 0.441675 0.773706 0.474039 0.774545 0.474336 0.771408 0.474502 0.765009 0.475303 0.733281 0.475192 0.733176 0.471730 0.730538 0.470718 0.730253 0.469179 0.730041 0.467346 0.729934 0.451313 0.729518 0.449459 0.729530 0.447859 0.729661 0.446756 0.729890 0.446318 0.730184 0.443273 0.732451 0.442682 0.734869
0 0.159512 0.377448 0.176164 0.412548 0.179866 0.413548 0.208781 0.399830 0.206038 0.394047 0.191968 0.364977 0.188762 0.363572 0.186177 0.362646 0.185430 0.362622 0.184129 0.362918 0.182473 0.363488 0.180714 0.364247 0.166123 0.371169 0.164536 0.371998 0.163369 0.372767 0.162799 0.373359
0 0.413938 0.881568 0.433869 0.907080 0.464483 0.883161 0.465401 0.876317 0.465220 0.875532 0.464616 0.874290 0.463681 0.872781 0.462557 0.871232 0.452683 0.858593 0.451536 0.857236 0.450538 0.856271 0.449840 0.855845 0.445222 0.853908 0.445123 0.853967 0.419965 0.873266 0.414921 0.877207
0 0.811837 0.837591 0.812270 0.840689 0.819576 0.848659 0.855983 0.863468 0.862154 0.848299 0.853875 0.840336 0.847946 0.837924 0.818664 0.826239 0.818478 0.826209 0.818230 0.826409 0.814449 0.829937 0.813626 0.831137 0.812850 0.832757 0.812238 0.834550 0.811882 0.836247
0 0.548883 0.441253 0.550335 0.445463 0.550590 0.445712 0.551449 0.446276 0.552778 0.447069 0.554377 0.447971 0.568428 0.455706 0.570060 0.456582 0.571481 0.457303 0.572477 0.457760 0.572894 0.457881 0.576921 0.456686 0.577721 0.456236 0.593422 0.427823 0.596545 0.422151 0.568183 0.406539 0.567403 0.407608
0 0.262669 0.687155 0.299939 0.698124 0.305278 0.694862 0.305638 0.694254 0.306150 0.693035 0.306735 0.691393 0.307305 0.689577 0.311834 0.674190 0.312305 0.672469 0.312606 0.671099 0.312692 0.670287 0.311093 0.665390 0.311045 0.665345 0.280558 0.656120 0.274418 0.654313 0.271810 0.656098
0 0.773638 0.229818 0.796556 0.260635 0.802780 0.260180 0.803280 0.259825 0.804306 0.259072 0.805704 0.258036 0.818575 0.248465 0.820136 0.247300 0.821629 0.246179 0.822827 0.245272 0.823548 0.244717 0.823680 0.244599 0.825632 0.238808 0.806644 0.212570 0.802780 0.207374 0.776801 0.226693
0 0.641118 0.644429 0.641766 0.645092 0.646062 0.648846 0.646569 0.649241 0.673037 0.662530 0.673656 0.662700 0.674293 0.662621 0.674851 0.662304 0.675245 0.661797 0.681890 0.648563 0.676900 0.644488 0.648298 0.630128
0 0.242831 0.476221 0.253837 0.486129 0.254389 0.486457 0.260685 0.487523 0.261779 0.487580 0.283192 0.463794 0.271299 0.453087 0.264848 0.451764
0 0.820900 0.320243 0.846917 0.348494 0.853595 0.347959 0.857708 0.346191 0.858460 0.345733 0.859647 0.344839 0.861090 0.343644 0.862566 0.342332 0.863848 0.341103 0.864741 0.340148 0.865108 0.339611 0.866723 0.334060 0.844892 0.309763 0.840455 0.304944 0.832672 0.309403
0 0.749294 0.797939 0.749315 0.799265 0.749495 0.801011 0.751627 0.816908 0.751937 0.818816 0.752333 0.820603 0.752754 0.821997 0.753136 0.822786 0.758439 0.827404 0.796944 0.822241 0.792641 0.790153 0.789297 0.786837 0.782952 0.787687 0.751425 0.792268 0.749433 0.797236
0 0.809614 0.637386 0.825089 0.665400 0.828849 0.667312 0.862854 0.648527 0.862506 0.643069 0.862406 0.642311 0.861918 0.641042 0.861116 0.639456 0.853307 0.625320 0.852318 0.623664 0.851295 0.622197 0.850394 0.621143 0.849754 0.620662 0.843624 0.618951 0.815217 0.634290
0 0.415994 0.676856 0.438750 0.699992 0.443320 0.704578 0.466252 0.681726 0.466637 0.679648 0.439528 0.652445 0.434486 0.653171 0.434313 0.653228 0.433646 0.653794 0.432590 0.654781 0.431303 0.656041 0.419942 0.667362 0.418616 0.668706 0.417449 0.669935 0.416616 0.670863 0.416246 0.671348
0 0.054337 0.945108 0.077153 0.968077 0.104716 0.940697 0.108786 0.936159 0.108872 0.935881 0.108772 0.935473 0.107107 0.931415 0.106299 0.929986 0.105104 0.928567 0.093801 0.917188 0.092397 0.915990 0.090991 0.915192 0.086870 0.913425 0.086472 0.913332 0.086205 0.913427 0.063972 0.935510 0.059431 0.940021
0 0.908439 0.264006 0.920181 0.300572 0.926493 0.301847 0.927011 0.301749 0.928180 0.301419 0.929821 0.300908 0.931687 0.300293 0.933497 0.299666 0.934976 0.299123 0.935900 0.298746 0.940970 0.296405 0.941205 0.296247 0.945163 0.291088 0.935589 0.259714 0.933587 0.253478 0.917994 0.258484
0 0.597990 0.859904 0.598627 0.862804 0.600701 0.870434 0.628188 0.888859 0.633662 0.892457 0.642658 0.878772 0.639397 0.870113 0.607304 0.849017 0.602957 0.851678 0.602268 0.852158 0.601334 0.853200 0.600296 0.854646 0.599311 0.856278 0.598527 0.857850 0.598063 0.859123
0 0.622737 0.096835 0.648681 0.125153 0.654286 0.123594 0.654884 0.123309 0.655920 0.122535 0.657237 0.121390 0.658636 0.120046 0.659906 0.118707 0.660856 0.117575 0.661339 0.116822 0.663215 0.112366 0.664042 0.105781 0.664024 0.105689 0.642108 0.081170 0.637683 0.076340 0.625608 0.087403
0 0.271078 0.064616 0.282780 0.094195 0.285174 0.100211 0.287629 0.104780 0.317367 0.092950 0.303171 0.057264 0.301125 0.052663 0.300923 0.052511 0.300522 0.052473 0.295973 0.052163 0.294360 0.052407 0.292583 0.052975 0.277577 0.058945 0.275913 0.059746 0.274622 0.060656 0.271332 0.064085 0.271091 0.064378
0 0.773465 0.138406 0.773603 0.140330 0.775429 0.156265 0.775710 0.158005 0.776094 0.159302 0.779128 0.164035 0.779271 0.164255 0.810885 0.160971 0.817244 0.160243 0.820912 0.156314 0.817228 0.124150 0.778630 0.128571 0.773997 0.134293 0.773678 0.135140 0.773492 0.136584
0 0.406936 0.544243 0.407475 0.548685 0.407621 0.549002 0.408281 0.549775 0.409358 0.550889 0.410685 0.552172 0.422453 0.563233 0.423824 0.564486 0.425025 0.565513 0.425873 0.566157 0.426239 0.566321 0.430527 0.566416 0.431243 0.565731 0.453240 0.542335 0.457624 0.537671 0.434303 0.515752 0.433543 0.515935
0 0.172821 0.276007 0.180300 0.281128 0.195998 0.284234 0.197240 0.277955 0.203125 0.246357 0.203114 0.246270 0.199255 0.241123 0.195758 0.238112 0.194986 0.237690 0.193599 0.237186 0.191807 0.236678 0.189884 0.236244 0.188127 0.235950 0.186806 0.235842 0.186120 0.235935 0.180451 0.237451
0 0.564200 0.379977 0.579996 0.415553 0.587417 0.415995 0.587913 0.415832 0.589008 0.415391 0.600340 0.410663 0.601849 0.410018 0.603563 0.409259 0.605224 0.408500 0.606580 0.407857 0.607426 0.407426 0.607631 0.407274 0.611640 0.401709 0.599142 0.371909 0.596521 0.366004 0.573554 0.374955
0 0.922601 0.904946 0.922668 0.905091 0.926829 0.911094 0.927749 0.911734 0.929242 0.912468 0.931081 0.913187 0.932984 0.913778 0.948578 0.917981 0.950249 0.918354 0.951428 0.918449 0.958325 0.917733 0.968437 0.880223 0.963083 0.875877 0.932181 0.867547 0.930515 0.873727
0 0.500800 0.516576 0.500932 0.519819 0.501366 0.530429 0.501981 0.545460 0.502131 0.549116 0.508601 0.548851 0.540901 0.547473 0.543999 0.543899 0.544042 0.543589 0.544048 0.542590 0.544017 0.541052 0.543953 0.539210 0.543293 0.523073 0.543206 0.521215 0.543109 0.519630 0.543018 0.518561 0.542947 0.518169 0.539580 0.515163 0.539173 0.515007
0 0.098249 0.311873 0.104739 0.350177 0.109257 0.351890 0.140811 0.346543 0.139742 0.340232 0.134017 0.308563 0.133977 0.308459 0.128549 0.304743 0.127695 0.304547 0.126243 0.304503 0.124414 0.304618 0.122487 0.304877 0.106564 0.307575 0.104840 0.307935 0.103588 0.308342 0.102998 0.308732
0 0.665375 0.201309 0.694277 0.226600 0.704815 0.214557 0.709607 0.207879 0.704677 0.203565 0.679816 0.182320 0.674221 0.183876 0.673719 0.184316 0.672804 0.185273 0.671615 0.186601 0.670335 0.188095 0.669159 0.189527 0.668269 0.190677 0.667800 0.191370 0.665871 0.194918
0 0.387837 0.694734 0.416309 0.721830 0.421698 0.720591 0.422341 0.720073 0.423378 0.719088 0.424651 0.717788 0.425964 0.716371 0.427115 0.715057 0.427929 0.714045 0.428281 0.713490 0.429106 0.711035 0.429173 0.705402 0.406070 0.683103 0.401433 0.678690 0.390401 0.690282
0 0.499026 0.925156 0.515223 0.927571 0.521017 0.888696 0.520537 0.879810 0.517589 0.877584 0.516536 0.877008 0.514979 0.876497 0.513154 0.876127 0.511336 0.875954 0.509799 0.876004 0.508776 0.876270 0.504833 0.877736 0.504715 0.877883 0.499991 0.909106 0.499048 0.915437
0 0.932171 0.410381 0.951684 0.435575 0.955667 0.440587 0.966327 0.439196 0.979148 0.429007 0.954693 0.398237 0.947347 0.398147 0.942205 0.399318 0.941335 0.399679 0.940025 0.400440 0.938474 0.401486 0.936918 0.402657 0.935590 0.403778 0.934692 0.404678 0.934359 0.405222
0 0.672056 0.813656 0.672094 0.814325 0.672311 0.815613 0.672672 0.817327 0.676213 0.832970 0.676666 0.834853 0.677143 0.836627 0.677571 0.838023 0.677887 0.838827 0.682774 0.842788 0.682827 0.842819 0.714561 0.836037 0.720876 0.834607 0.713729 0.803031 0.711285 0.799568 0.673828 0.808047
0 0.134295 0.231319 0.155938 0.255396 0.159870 0.258192 0.164631 0.253913 0.188131 0.232238 0.187200 0.226387 0.186851 0.225916 0.186041 0.224959 0.184892 0.223662 0.174169 0.211734 0.172853 0.210289 0.171564 0.208911 0.170498 0.207808 0.169818 0.207149 0.169627 0.207035 0.163187 0.205348
0 0.799430 0.580582 0.819118 0.605814 0.822807 0.607038 0.827912 0.603055 0.853108 0.582982 0.852360 0.577832 0.852110 0.577092 0.851407 0.575911 0.850359 0.574469 0.840424 0.561737 0.839194 0.560259 0.837974 0.558976 0.836950 0.558084 0.836280 0.557717 0.829708 0.556956
0 0.123976 0.938430 0.140149 0.941005 0.148375 0.930923 0.149382 0.924602 0.154050 0.893254 0.153835 0.893053 0.149245 0.890197 0.147965 0.889660 0.146238 0.889269 0.144327 0.889081 0.142519 0.889126 0.141087 0.889396 0.138611 0.890479 0.130156 0.899615
0 0.393307 0.590427 0.399568 0.622191 0.437684 0.614677 0.440775 0.610199 0.440782 0.609693 0.440646 0.608546 0.440388 0.606934 0.440048 0.605099 0.436946 0.589363 0.436573 0.587579 0.436224 0.586112 0.435950 0.585182 0.435795 0.584934 0.432128 0.582060 0.400806 0.588156 0.394525 0.589394
