0 0.730142 0.348087 0.743332 0.384156 0.748945 0.385621 0.749648 0.385390 0.750928 0.384940 0.752592 0.384337 0.767655 0.378829 0.769455 0.378165 0.771124 0.377537 0.772408 0.377041 0.773113 0.376752 0.776232 0.371845 0.776238 0.371831 0.765432 0.341292 0.763208 0.335211 0.732803 0.346330
0 0.067010 0.407937 0.077059 0.420868 0.086728 0.422677 0.117053 0.399111 0.115858 0.393741 0.115646 0.393035 0.114975 0.391882 0.113946 0.390456 0.112714 0.388973 0.111467 0.387656 0.110391 0.386705 0.109651 0.386266 0.105112 0.384943 0.098514 0.383955 0.098411 0.384002 0.072182 0.403918
0 0.939815 0.339106 0.946824 0.353491 0.957278 0.350063 0.992611 0.332847 0.992017 0.327665 0.991694 0.326105 0.991004 0.324373 0.990051 0.322734 0.988984 0.321440 0.985481 0.318618 0.985141 0.318368 0.984870 0.318338 0.974883 0.322079 0.945569 0.336302
0 0.615212 0.343507 0.615218 0.344044 0.615541 0.345160 0.616129 0.346683 0.616894 0.348384 0.623824 0.362849 0.624652 0.364474 0.625420 0.365782 0.626012 0.366575 0.630064 0.368909 0.664700 0.352316 0.666605 0.350608 0.652618 0.321411 0.646778 0.324209 0.617446 0.338383 0.616237 0.340046
0 0.612428 0.108759 0.624397 0.145251 0.629415 0.145811 0.630263 0.145881 0.631649 0.145659 0.633364 0.145178 0.648605 0.140179 0.650394 0.139511 0.651990 0.138755 0.653154 0.138026 0.653705 0.137433 0.654808 0.135277 0.656417 0.131486 0.646508 0.100298 0.644490 0.094145 0.613728 0.104235
0 0.305402 0.560196 0.306033 0.593097 0.320838 0.592813 0.321466 0.592676 0.326560 0.590651 0.327353 0.590237 0.326739 0.558238 0.310740 0.558545
0 0.593036 0.500001 0.593046 0.500343 0.593316 0.501318 0.593807 0.502774 0.594443 0.504492 0.600196 0.519464 0.600883 0.521188 0.601519 0.522662 0.602007 0.523663 0.602274 0.524038 0.606133 0.525697 0.607237 0.525965 0.643501 0.512029 0.631888 0.481809 0.630381 0.482017 0.624406 0.484313 0.594639 0.495789
0 0.893894 0.635132 0.923078 0.660099 0.927475 0.661763 0.927744 0.661741 0.931009 0.660729 0.932174 0.660112 0.933520 0.659038 0.934839 0.657671 0.945338 0.645399 0.946426 0.643952 0.947112 0.642651 0.948555 0.637663 0.948615 0.637345 0.948497 0.637191 0.924414 0.616303 0.919494 0.612094 0.914700 0.610813
0 0.884216 0.910716 0.888658 0.915465 0.894293 0.918654 0.921982 0.934096 0.922229 0.934181 0.922560 0.934039 0.926339 0.930803 0.927433 0.929759 0.928459 0.928258 0.936412 0.914202 0.937210 0.912480 0.937656 0.910804 0.938032 0.906697 0.938040 0.906239 0.937907 0.905953 0.933403 0.901777 0.899978 0.882862
0 0.201555 0.886996 0.235252 0.906330 0.238278 0.901686 0.254206 0.873926 0.248654 0.870740 0.220637 0.855169 0.214915 0.857788 0.214721 0.857942 0.214161 0.858734 0.213318 0.860046 0.212321 0.861679 0.211323 0.863383 0.203286 0.877391 0.202441 0.878899 0.201883 0.879977 0.201695 0.880461
0 0.474719 0.534049 0.486698 0.564561 0.489099 0.570656 0.504336 0.564651 0.504237 0.563173 0.490155 0.527442 0.485850 0.525598 0.485528 0.525699 0.484572 0.526053 0.483131 0.526606 0.481422 0.527275 0.479704 0.527957 0.478235 0.528551 0.477238 0.528966 0.476866 0.529139 0.476597 0.529478
0 0.175616 0.364965 0.194002 0.391612 0.197500 0.392851 0.229111 0.371040 0.228690 0.365582 0.228400 0.364873 0.227716 0.363688 0.226741 0.362208 0.217632 0.349007 0.216512 0.347451 0.215414 0.346051 0.214502 0.345019 0.213916 0.344512 0.207930 0.343083 0.207871 0.343115 0.180945 0.361288
0 0.923465 0.233279 0.939427 0.234406 0.949708 0.228192 0.950169 0.221658 0.952024 0.189201 0.951842 0.189058 0.946514 0.186239 0.945267 0.185889 0.943514 0.185673 0.941525 0.185625 0.939606 0.185751 0.938050 0.186033 0.937095 0.186426 0.932070 0.190031 0.926168 0.194969
0 0.617953 0.637462 0.621866 0.669226 0.623274 0.671183 0.629700 0.670391 0.661646 0.666242 0.661702 0.666193 0.664075 0.661713 0.664131 0.660853 0.664062 0.659414 0.663878 0.657616 0.661904 0.641587 0.661635 0.639710 0.661322 0.638047 0.661013 0.636852 0.660755 0.636307 0.656071 0.632767
0 0.267322 0.724823 0.267349 0.726085 0.267605 0.727765 0.268052 0.729608 0.272480 0.745140 0.273048 0.746858 0.273649 0.748183 0.274190 0.748913 0.277480 0.752547 0.314841 0.741896 0.316958 0.739131 0.308184 0.708353 0.302028 0.710108 0.270988 0.719132 0.268604 0.721413 0.267528 0.724173
0 0.591507 0.741638 0.591642 0.742249 0.593131 0.746427 0.593570 0.747589 0.600203 0.762691 0.630408 0.749425 0.623775 0.734323 0.623195 0.733223 0.621017 0.729348 0.620658 0.728835 0.620130 0.728498 0.619514 0.728389 0.618903 0.728524 0.592466 0.740135 0.591953 0.740494 0.591616 0.741021
0 0.612011 0.920942 0.614632 0.930790 0.629343 0.937986 0.632221 0.932101 0.646395 0.902334 0.646441 0.902208 0.644355 0.895799 0.642695 0.891249 0.642178 0.890572 0.641081 0.889677 0.639573 0.888700 0.637883 0.887790 0.636264 0.887082 0.634962 0.886684 0.628886 0.886442
0 0.024867 0.239986 0.035729 0.245930 0.041470 0.248760 0.069686 0.262637 0.069928 0.262631 0.070241 0.262408 0.073862 0.259488 0.074870 0.258267 0.075795 0.256678 0.076499 0.254962 0.076874 0.253378 0.077252 0.248554 0.067362 0.242671 0.032107 0.225297
0 0.778177 0.153676 0.801174 0.184435 0.807419 0.183630 0.807912 0.183358 0.808933 0.182659 0.810327 0.181640 0.811884 0.180453 0.813368 0.179279 0.814555 0.178295 0.815265 0.177651 0.818931 0.173902 0.819059 0.173689 0.821004 0.167561 0.801724 0.141014 0.797801 0.135767 0.784685 0.145573
0 0.578676 0.295794 0.584903 0.297277 0.616169 0.304470 0.620776 0.301232 0.622181 0.298920 0.622430 0.298289 0.622815 0.297028 0.623277 0.295327 0.623744 0.293448 0.624146 0.291679 0.624420 0.290291 0.624525 0.289498 0.622546 0.284193 0.584312 0.275085 0.582384 0.280227
0 0.298910 0.684211 0.308248 0.715210 0.314448 0.713342 0.345625 0.703768 0.347213 0.701672 0.348681 0.698762 0.348775 0.698149 0.348642 0.696928 0.348305 0.695286 0.347813 0.693472 0.343187 0.678115 0.342614 0.676398 0.342046 0.675033 0.341568 0.674228 0.337981 0.671027 0.301209 0.682106
0 0.016149 0.504426 0.036642 0.529696 0.040829 0.534734 0.051326 0.533940 0.063632 0.523710 0.039081 0.494177 0.031770 0.493571 0.026325 0.493496 0.025405 0.493725 0.024050 0.494397 0.022467 0.495409 0.020897 0.496607 0.019583 0.497806 0.018725 0.498823 0.016239 0.504201
0 0.399660 0.369721 0.401954 0.372699 0.408003 0.374790 0.438182 0.385112 0.442181 0.382659 0.442378 0.382467 0.442783 0.381611 0.443336 0.380223 0.443952 0.378514 0.444539 0.376742 0.445008 0.375173 0.445288 0.374045 0.445336 0.373532 0.444700 0.372061 0.442157 0.367080 0.405009 0.354242
0 0.624398 0.622537 0.624636 0.623374 0.625106 0.624739 0.625738 0.626423 0.626436 0.628174 0.627094 0.629727 0.627613 0.630847 0.627914 0.631362 0.629402 0.632890 0.634586 0.635466 0.671242 0.621282 0.665332 0.606009 0.661552 0.603586 0.655583 0.605896 0.625879 0.617580 0.624430 0.622356
0 0.749121 0.239495 0.749152 0.240120 0.749419 0.240686 0.749883 0.241106 0.750472 0.241317 0.779034 0.245554 0.779659 0.245524 0.780225 0.245256 0.787202 0.239828 0.788556 0.238601 0.790976 0.222285 0.758344 0.217444 0.751240 0.225214
0 0.003713 0.586323 0.008622 0.590098 0.009092 0.590440 0.010253 0.590869 0.011929 0.591319 0.027647 0.595029 0.029575 0.595430 0.031456 0.595719 0.033001 0.595853 0.033975 0.595811 0.040009 0.592795 0.040091 0.592726 0.047887 0.561540 0.049358 0.555311 0.018209 0.547957 0.012638 0.548513
0 0.119804 0.733367 0.147582 0.750443 0.153205 0.753803 0.161133 0.748001 0.169341 0.734264 0.136373 0.714565 0.129696 0.716807 0.125390 0.719328 0.124698 0.719941 0.123727 0.721102 0.122627 0.722634 0.121564 0.724304 0.120703 0.725854 0.120176 0.727046 0.120062 0.727699
0 0.463913 0.225778 0.463964 0.232121 0.464378 0.235200 0.464684 0.235810 0.465459 0.236845 0.466585 0.238149 0.467892 0.239524 0.469181 0.240763 0.470260 0.241678 0.470963 0.242131 0.475914 0.243132 0.475989 0.243105 0.498721 0.220843 0.503262 0.216332 0.503339 0.209695 0.491797 0.198077
0 0.351236 0.392114 0.377191 0.421022 0.378455 0.421835 0.382576 0.421870 0.383004 0.421728 0.383911 0.421117 0.385160 0.420133 0.386560 0.418924 0.398495 0.408209 0.399839 0.406954 0.400927 0.405841 0.401594 0.405037 0.401737 0.404667 0.402297 0.400429 0.381027 0.376728 0.376751 0.371965 0.375326 0.370485
0 0.571215 0.531222 0.579064 0.568817 0.579885 0.569532 0.583368 0.571902 0.583838 0.571922 0.584960 0.571788 0.586561 0.571521 0.588399 0.571161 0.604208 0.567860 0.605996 0.567464 0.607453 0.567092 0.608359 0.566803 0.608575 0.566640 0.611540 0.562923 0.605053 0.531305 0.603730 0.524966 0.602544 0.524682
0 0.403606 0.779228 0.403992 0.782680 0.404131 0.783317 0.404785 0.784376 0.405856 0.785697 0.407180 0.787076 0.408553 0.788303 0.409764 0.789188 0.410629 0.789598 0.415269 0.790936 0.442584 0.762675 0.443897 0.756670 0.432390 0.745549 0.427942 0.750152 0.405592 0.773477
0 0.759457 0.951301 0.759612 0.951581 0.762631 0.956833 0.763173 0.957764 0.764013 0.959196 0.765025 0.960911 0.766054 0.962647 0.766940 0.964136 0.767549 0.965150 0.767787 0.965534 0.773849 0.968992 0.807643 0.948923 0.799281 0.934842 0.792439 0.924902 0.786936 0.928170 0.759664 0.944931
0 0.781667 0.342648 0.804074 0.365415 0.808612 0.369929 0.812180 0.368425 0.835011 0.345472 0.807467 0.318074 0.801005 0.318991 0.800350 0.319489 0.799278 0.320431 0.797954 0.321672 0.796577 0.323024 0.785266 0.334396 0.784042 0.335658 0.783152 0.336644 0.782731 0.337202
0 0.315630 0.497060 0.326530 0.527464 0.328753 0.533546 0.330710 0.533162 0.360770 0.522176 0.347587 0.486104 0.342514 0.483917 0.341960 0.484022 0.340797 0.484364 0.339202 0.484892 0.337418 0.485524 0.322249 0.491068 0.320555 0.491707 0.319215 0.492252 0.318433 0.492620 0.318327 0.492756
