0 0.386825 0.902123 0.390088 0.907802 0.406584 0.935823 0.406856 0.935812 0.412525 0.935402 0.413836 0.934940 0.415440 0.934122 0.417088 0.933072 0.418528 0.931952 0.419540 0.930934 0.419970 0.930173 0.420607 0.928040 0.422422 0.918255 0.403286 0.884956 0.389412 0.892930
0 0.542126 0.891671 0.542564 0.895746 0.560049 0.930439 0.588960 0.915868 0.587943 0.911115 0.585062 0.905399 0.570739 0.877250 0.570599 0.877140 0.566235 0.877047 0.565228 0.877096 0.563786 0.877518 0.562125 0.878248 0.547802 0.885466 0.546170 0.886396 0.544809 0.887387 0.543925 0.888291 0.542217 0.891444
0 0.659806 0.749694 0.660540 0.750840 0.664817 0.756276 0.665334 0.756657 0.665958 0.756810 0.695545 0.758130 0.696179 0.758033 0.696729 0.757701 0.697109 0.757183 0.697262 0.756560 0.697922 0.741766 0.692493 0.735134 0.660520 0.733707
0 0.330243 0.534988 0.344416 0.543192 0.347973 0.542205 0.351179 0.536665 0.367061 0.508977 0.365377 0.504446 0.365237 0.504256 0.364484 0.503728 0.363233 0.502943 0.361675 0.502020 0.360045 0.501098 0.358588 0.500316 0.357526 0.499792 0.357020 0.499608 0.355357 0.499603 0.349933 0.500972
0 0.774348 0.927092 0.774366 0.933493 0.777538 0.938505 0.809913 0.938413 0.809802 0.899563 0.806612 0.895449 0.804793 0.893856 0.804024 0.893338 0.802641 0.892902 0.800854 0.892613 0.798934 0.892516 0.782895 0.892561 0.781127 0.892669 0.779774 0.892967 0.774817 0.895218 0.774572 0.895366
0 0.482926 0.251938 0.483102 0.254492 0.485694 0.257227 0.486076 0.257602 0.487124 0.258029 0.488677 0.258443 0.490501 0.258782 0.506359 0.261183 0.508182 0.261396 0.509733 0.261452 0.510777 0.261343 0.514655 0.259377 0.514781 0.259290 0.519557 0.227921 0.520515 0.221592 0.520752 0.218374 0.488743 0.213526
0 0.887192 0.070253 0.916604 0.082872 0.921421 0.078048 0.936738 0.042346 0.931253 0.037917 0.929663 0.037065 0.914821 0.030697 0.913009 0.030090 0.911256 0.029823 0.906986 0.029582 0.902795 0.034427 0.889716 0.064371
0 0.403424 0.589852 0.426575 0.612482 0.453731 0.584699 0.454207 0.583828 0.454086 0.579517 0.453884 0.579156 0.453188 0.578338 0.452107 0.577188 0.450802 0.575881 0.439333 0.564670 0.437999 0.563399 0.436836 0.562354 0.436018 0.561693 0.435671 0.561517 0.431294 0.561431 0.430579 0.562070
0 0.888200 0.659722 0.921298 0.679203 0.931155 0.683396 0.939462 0.669282 0.933816 0.665959 0.905115 0.649171 0.896771 0.646099 0.896535 0.646140 0.893310 0.647931 0.892341 0.648666 0.891257 0.649901 0.890220 0.651448 0.889388 0.653075 0.888886 0.654536
0 0.485862 0.676279 0.490549 0.680746 0.513968 0.702849 0.514059 0.702849 0.518878 0.701946 0.519624 0.701413 0.520722 0.700427 0.522007 0.699137 0.533150 0.687447 0.534420 0.686056 0.535477 0.684780 0.536161 0.683814 0.536367 0.683306 0.536279 0.679441 0.535906 0.677595 0.508106 0.651097 0.486024 0.674264
0 0.035228 0.799481 0.035723 0.805937 0.038651 0.837966 0.038827 0.838066 0.044623 0.840158 0.045848 0.840293 0.047578 0.840241 0.063680 0.839006 0.065643 0.838775 0.067534 0.838401 0.069064 0.837941 0.069999 0.837467 0.075388 0.831904 0.072451 0.793610 0.040540 0.796058
0 0.757934 0.634488 0.764801 0.665747 0.766017 0.666508 0.772637 0.669848 0.773235 0.670082 0.773877 0.670069 0.788340 0.666892 0.781280 0.634751 0.773564 0.631054
0 0.198952 0.067086 0.202394 0.072035 0.231526 0.097060 0.236239 0.094447 0.237453 0.093565 0.238721 0.092275 0.249173 0.080108 0.250307 0.078601 0.251139 0.077102 0.251542 0.075836 0.252381 0.072783 0.249806 0.068342 0.224960 0.046748 0.220048 0.042529
0 0.397486 0.713927 0.424888 0.731168 0.428336 0.725688 0.445640 0.698057 0.446199 0.696019 0.444987 0.692537 0.444749 0.692088 0.443927 0.691318 0.442647 0.690343 0.441103 0.689313 0.427528 0.680771 0.425950 0.679838 0.424572 0.679140 0.423603 0.678783 0.419111 0.678975 0.398658 0.711481
0 0.784992 0.633808 0.785268 0.639103 0.785555 0.639799 0.786246 0.640967 0.787237 0.642432 0.796523 0.655509 0.797667 0.657052 0.798793 0.658443 0.799732 0.659473 0.800341 0.659983 0.806756 0.661556 0.838432 0.639064 0.819689 0.612667 0.816035 0.611379 0.810816 0.615085 0.785047 0.633767
0 0.749905 0.481423 0.754876 0.487042 0.766392 0.498260 0.773014 0.503934 0.797295 0.484935 0.803378 0.476409 0.779972 0.453609 0.775947 0.456913 0.755602 0.473924
0 0.714775 0.286240 0.728484 0.294494 0.733829 0.289686 0.754103 0.256014 0.751638 0.252267 0.751014 0.251438 0.749842 0.250430 0.748302 0.249396 0.746629 0.248495 0.745081 0.247867 0.743895 0.247605 0.740006 0.247814 0.739792 0.247862 0.734853 0.253056 0.718076 0.280756
0 0.034728 0.923343 0.040988 0.925272 0.072634 0.934486 0.072788 0.934410 0.079041 0.930297 0.083880 0.925350 0.084537 0.924439 0.085308 0.922967 0.086077 0.921160 0.086728 0.919290 0.087162 0.917639 0.087314 0.916458 0.086779 0.909683 0.050077 0.898373 0.039551 0.907693
0 0.112730 0.750541 0.113202 0.756968 0.150412 0.769627 0.158404 0.763463 0.163558 0.748313 0.157498 0.746252 0.126896 0.736226 0.126772 0.736214 0.120781 0.739246 0.116371 0.742029 0.115738 0.742705 0.114960 0.743985 0.114156 0.745675 0.113449 0.747516 0.112948 0.749226
0 0.897472 0.410426 0.912659 0.415468 0.922313 0.413491 0.934699 0.376189 0.929873 0.371832 0.928691 0.371234 0.927025 0.370609 0.925131 0.370052 0.923302 0.369650 0.921816 0.369464 0.920900 0.369521 0.916061 0.371021 0.910043 0.373833 0.909979 0.373926 0.899489 0.404351
0 0.179416 0.579737 0.179596 0.580691 0.181201 0.585066 0.181322 0.585151 0.213210 0.590910 0.219662 0.592042 0.226071 0.589938 0.228836 0.574176 0.191008 0.567540 0.183779 0.569120 0.181158 0.571789 0.180612 0.572916 0.180095 0.574537 0.179686 0.576405 0.179447 0.578232
0 0.708147 0.549891 0.714356 0.551445 0.745684 0.559284 0.748241 0.559901 0.751334 0.556983 0.751871 0.556029 0.752441 0.554547 0.752958 0.552763 0.756880 0.537096 0.757262 0.535288 0.757450 0.533738 0.757416 0.532684 0.756102 0.528495 0.718416 0.519062 0.715918 0.518844
0 0.764784 0.452392 0.764991 0.453360 0.765544 0.454764 0.766360 0.456391 0.774072 0.470454 0.775029 0.472061 0.775985 0.473410 0.776796 0.474297 0.777338 0.474586 0.780594 0.475874 0.783514 0.475624 0.817578 0.456944 0.802012 0.428557 0.798561 0.429374 0.792948 0.432451 0.765189 0.447780 0.765131 0.447910
0 0.582107 0.824001 0.582961 0.827368 0.583120 0.827527 0.585835 0.830130 0.586973 0.830629 0.588597 0.831068 0.590461 0.831382 0.606490 0.833353 0.608302 0.833491 0.609779 0.833433 0.610697 0.833187 0.614985 0.831445 0.615057 0.831314 0.619140 0.799564 0.619930 0.793137 0.618559 0.789787 0.586794 0.785882
0 0.844730 0.868512 0.858623 0.897343 0.862769 0.901938 0.868602 0.899127 0.897431 0.884689 0.897531 0.878645 0.897521 0.878124 0.897137 0.876993 0.896437 0.875421 0.889426 0.860872 0.888519 0.859108 0.887546 0.857424 0.886657 0.856079 0.885987 0.855278 0.879329 0.851840
0 0.615437 0.204962 0.616781 0.210561 0.646071 0.223476 0.651955 0.225996 0.653711 0.222828 0.666456 0.193067 0.630744 0.177774 0.625602 0.181156 0.625330 0.181763 0.624806 0.182968 0.624108 0.184589 0.617751 0.199435 0.616990 0.201218 0.616284 0.202886 0.615741 0.204182 0.615444 0.204910
0 0.551980 0.217788 0.556116 0.249524 0.594199 0.244561 0.597716 0.239459 0.597797 0.238750 0.597771 0.237416 0.597642 0.235661 0.597428 0.233753 0.595341 0.217738 0.595076 0.215974 0.594802 0.214630 0.594560 0.213911 0.591055 0.209834 0.590999 0.209840 0.559001 0.213688 0.552580 0.214525
0 0.018410 0.484410 0.019197 0.489301 0.019286 0.489643 0.019466 0.489767 0.050162 0.498211 0.056412 0.499902 0.061481 0.499903 0.069841 0.469010 0.032768 0.458978 0.027912 0.458552 0.027672 0.458652 0.025218 0.461260 0.024412 0.462229 0.023645 0.463718 0.023035 0.465498 0.018817 0.481087 0.018459 0.482882
0 0.314976 0.714385 0.329334 0.722260 0.333236 0.717179 0.336314 0.711567 0.351536 0.683717 0.351494 0.683578 0.349552 0.679601 0.348805 0.678899 0.347548 0.678014 0.345974 0.677082 0.344319 0.676243 0.342833 0.675623 0.341740 0.675316 0.341209 0.675371 0.337675 0.675811 0.333878 0.679924
0 0.298715 0.751033 0.326061 0.778628 0.349056 0.755839 0.350782 0.752915 0.346276 0.748368 0.323537 0.725881 0.318020 0.726729 0.317482 0.727211 0.316509 0.728140 0.315249 0.729377 0.303857 0.740667 0.302497 0.742027 0.301240 0.743307 0.300275 0.744315 0.299751 0.744896
0 0.446090 0.635988 0.447827 0.640896 0.477819 0.653101 0.483829 0.655509 0.495871 0.625457 0.495918 0.624023 0.460267 0.609738 0.455667 0.612085 0.455589 0.612278 0.455250 0.613122 0.454030 0.616166 0.448064 0.631054 0.446745 0.634348 0.446297 0.635468
0 0.525235 0.475925 0.526853 0.507888 0.527164 0.507979 0.565964 0.506015 0.568837 0.502593 0.568910 0.502229 0.568934 0.501183 0.568906 0.499615 0.568831 0.497763 0.568014 0.481634 0.567903 0.479787 0.567772 0.478234 0.567643 0.477212 0.567535 0.476875 0.564327 0.473682 0.525527 0.475646
0 0.593813 0.323454 0.595809 0.337752 0.627584 0.333318 0.631191 0.328605 0.628911 0.312268 0.596238 0.316828 0.595787 0.317687 0.593850 0.322829
0 0.160810 0.547462 0.161101 0.548971 0.161656 0.550723 0.167266 0.565867 0.167997 0.567588 0.168791 0.569010 0.169526 0.569916 0.172533 0.572415 0.175906 0.571669 0.206288 0.560470 0.212291 0.558247 0.201174 0.528235 0.197718 0.528562 0.161288 0.542056 0.160826 0.546426
0 0.195880 0.489449 0.195928 0.489541 0.218654 0.512235 0.223270 0.516776 0.226432 0.516584 0.248878 0.493770 0.221501 0.466835 0.218607 0.466490 0.215205 0.466540 0.214571 0.466758 0.213515 0.467469 0.212198 0.468565 0.210822 0.469878 0.199495 0.481390 0.198274 0.482717 0.197399 0.483849 0.197003 0.484614
0 0.687600 0.941982 0.691989 0.952322 0.720572 0.979300 0.725579 0.976655 0.726841 0.975860 0.728189 0.974623 0.729416 0.973133 0.730332 0.971619 0.730799 0.970313 0.731560 0.967143 0.731542 0.966844 0.726773 0.957228 0.703239 0.934738 0.698584 0.930344
0 0.908535 0.110854 0.912230 0.114812 0.913282 0.115867 0.914778 0.116873 0.928743 0.124760 0.930459 0.125568 0.932141 0.126057 0.936402 0.126592 0.940939 0.122710 0.957368 0.094084 0.960552 0.088446 0.932362 0.072527 0.927420 0.077413
