0 0.867323 0.915786 0.867509 0.916384 0.874413 0.929063 0.885001 0.941196 0.913973 0.925419 0.906085 0.910933 0.904180 0.909005 0.895284 0.900560 0.894730 0.900270 0.894107 0.900213 0.893509 0.900399 0.868151 0.914208 0.867670 0.914609 0.867379 0.915163
0 0.064268 0.739905 0.066167 0.744924 0.066875 0.746314 0.067983 0.747802 0.069321 0.749157 0.070684 0.750172 0.071862 0.750692 0.075177 0.752041 0.075448 0.752023 0.084193 0.746832 0.108926 0.725673 0.113777 0.721497 0.103339 0.709368 0.094059 0.714266
0 0.441859 0.160351 0.447429 0.198800 0.447971 0.201901 0.448114 0.202014 0.451835 0.203792 0.452922 0.203973 0.454502 0.203969 0.456336 0.203783 0.472209 0.201483 0.474025 0.201141 0.475552 0.200694 0.476559 0.200210 0.479569 0.197457 0.479681 0.197307 0.479469 0.194158 0.473899 0.155709
0 0.157166 0.104943 0.157231 0.105205 0.160757 0.109266 0.188021 0.136316 0.210562 0.113596 0.207216 0.109128 0.202619 0.104568 0.180006 0.082249 0.179778 0.082152 0.179411 0.082244 0.174994 0.084036 0.173644 0.084839 0.172252 0.086046 0.160877 0.097511 0.159661 0.098933 0.158810 0.100348 0.157285 0.104546
0 0.486608 0.291270 0.486761 0.293655 0.517812 0.301408 0.527116 0.264147 0.527398 0.261696 0.527291 0.261560 0.524654 0.258285 0.523663 0.257760 0.522156 0.257198 0.520363 0.256685 0.504694 0.252772 0.502895 0.252388 0.501369 0.252193 0.500351 0.252217 0.496142 0.253783 0.496024 0.253862 0.488176 0.284988
0 0.548780 0.419079 0.565940 0.453437 0.570727 0.454791 0.570962 0.454687 0.571817 0.454271 0.573160 0.453607 0.574788 0.452797 0.589137 0.445630 0.590809 0.444793 0.592274 0.444054 0.593312 0.443524 0.593764 0.443285 0.595555 0.438504 0.581201 0.409470 0.578308 0.403677 0.549344 0.418142
0 0.521127 0.931936 0.521722 0.944119 0.544792 0.967586 0.555352 0.957204 0.555713 0.956673 0.555844 0.956045 0.555227 0.945577 0.554975 0.943540 0.532538 0.920717
0 0.054054 0.449161 0.063228 0.462870 0.065276 0.463044 0.075368 0.463239 0.075994 0.463238 0.076572 0.462998 0.100568 0.446939 0.101010 0.446496 0.101249 0.445918 0.101249 0.445292 0.101009 0.444714 0.092979 0.432716 0.081470 0.430813
0 0.540381 0.528185 0.554573 0.556817 0.557420 0.562549 0.558764 0.564013 0.573431 0.556727 0.555946 0.521527 0.554667 0.521034 0.550577 0.519524 0.550182 0.519662 0.549190 0.520104 0.547755 0.520784 0.546094 0.521598 0.544456 0.522423 0.543090 0.523135 0.542202 0.523626 0.541928 0.523820
0 0.590904 0.894736 0.597535 0.925573 0.598882 0.931831 0.600026 0.936823 0.631675 0.930010 0.623499 0.892030 0.622227 0.887993 0.622055 0.887849 0.618407 0.886678 0.617254 0.886466 0.615640 0.886507 0.613810 0.886793 0.598130 0.890169 0.596355 0.890658 0.594900 0.891279 0.593984 0.891936 0.590983 0.894538
0 0.503655 0.448367 0.506836 0.451600 0.507194 0.451670 0.508230 0.451740 0.509785 0.451801 0.511623 0.451843 0.513468 0.451859 0.515041 0.451848 0.516103 0.451811 0.516491 0.451753 0.519651 0.448680 0.520111 0.447479 0.520733 0.408180 0.504358 0.407921 0.504259 0.410026 0.504157 0.416426
0 0.280341 0.668198 0.282534 0.674290 0.293737 0.704515 0.293762 0.704564 0.298953 0.705850 0.299715 0.705726 0.301043 0.705348 0.302735 0.704774 0.317931 0.699304 0.319723 0.698624 0.321335 0.697943 0.322521 0.697367 0.323101 0.696982 0.325972 0.691573 0.312965 0.655437 0.282852 0.666276
0 0.253884 0.200998 0.271939 0.235397 0.274546 0.238422 0.302884 0.223549 0.299910 0.217881 0.284790 0.189187 0.282551 0.185952 0.278744 0.185982 0.277566 0.186117 0.276008 0.186612 0.274308 0.187391 0.260008 0.194896 0.258429 0.195838 0.257220 0.196796
0 0.924059 0.126084 0.940547 0.160770 0.969452 0.147029 0.974880 0.142948 0.972100 0.137101 0.957763 0.108194 0.951455 0.108049 0.951014 0.108060 0.949933 0.108441 0.948377 0.109134 0.933792 0.116067 0.932003 0.116964 0.930261 0.117926 0.928833 0.118804 0.927935 0.119464 0.927702 0.119808
0 0.393694 0.577050 0.432484 0.579210 0.436465 0.575731 0.436569 0.575264 0.436698 0.574138 0.436832 0.572524 0.436951 0.570666 0.437842 0.554652 0.437929 0.552827 0.437969 0.551307 0.437958 0.550320 0.437897 0.550020 0.434960 0.546402 0.403079 0.544570 0.396688 0.544214 0.395494 0.544725
0 0.339931 0.356494 0.340062 0.357335 0.340407 0.358729 0.340914 0.360463 0.345697 0.375888 0.346286 0.377692 0.346866 0.379283 0.347349 0.380419 0.347659 0.380928 0.352557 0.383525 0.383295 0.374181 0.389408 0.372285 0.379931 0.341716 0.378542 0.339886 0.341435 0.351391
0 0.905341 0.206859 0.943271 0.212882 0.947878 0.209897 0.949702 0.208589 0.950354 0.207840 0.951023 0.206476 0.951608 0.204704 0.952018 0.202795 0.954551 0.186845 0.954722 0.185097 0.954627 0.183782 0.953246 0.178165 0.953131 0.177940 0.921499 0.172511 0.915105 0.171495 0.910361 0.175250
0 0.654337 0.277567 0.680593 0.305595 0.686341 0.304779 0.686895 0.304283 0.687895 0.303362 0.689190 0.302154 0.690583 0.300843 0.691866 0.299627 0.692843 0.298688 0.693366 0.298171 0.695615 0.295824 0.696540 0.290096 0.696537 0.290088 0.674377 0.265948 0.669899 0.261167 0.657947 0.272363
0 0.092844 0.485829 0.105211 0.522658 0.111620 0.524745 0.112480 0.524595 0.113902 0.524235 0.115670 0.523720 0.117516 0.523128 0.132721 0.518022 0.134371 0.517441 0.135579 0.516956 0.136163 0.516642 0.139693 0.512258 0.129875 0.481870 0.127837 0.475803 0.123534 0.475524
0 0.551545 0.079474 0.551619 0.080367 0.551966 0.081798 0.552531 0.083549 0.553230 0.085356 0.559437 0.100146 0.560165 0.101739 0.560815 0.102883 0.561288 0.103403 0.565533 0.107121 0.600946 0.092259 0.602114 0.087545 0.589585 0.057693 0.583615 0.060198 0.553772 0.073145 0.553700 0.073220
0 0.047717 0.042757 0.047835 0.044495 0.048194 0.046477 0.048739 0.048396 0.049385 0.049960 0.050034 0.050929 0.055207 0.056092 0.061528 0.061371 0.099622 0.056488 0.097588 0.040616 0.088173 0.029868 0.081676 0.030701 0.049529 0.035325 0.049404 0.035500 0.047858 0.041528
0 0.761251 0.510163 0.761252 0.510199 0.764350 0.514608 0.765040 0.514938 0.766315 0.515446 0.767982 0.516054 0.769790 0.516670 0.771464 0.517202 0.772754 0.517568 0.773460 0.517713 0.776641 0.517919 0.782504 0.515830 0.795564 0.478759 0.780117 0.473318 0.773714 0.473928 0.771587 0.479965
0 0.086807 0.193249 0.098442 0.204774 0.107622 0.211523 0.134649 0.184237 0.132893 0.177894 0.132561 0.177518 0.131725 0.176660 0.130513 0.175449 0.129108 0.174068 0.127721 0.172725 0.126563 0.171624 0.125809 0.170932 0.121457 0.167105 0.121215 0.166921 0.114834 0.165654 0.091417 0.188595
0 0.297807 0.883196 0.316693 0.917146 0.344985 0.901407 0.346757 0.896819 0.343645 0.891226 0.327858 0.863573 0.322535 0.863620 0.321821 0.863722 0.320589 0.864210 0.319027 0.865010 0.305011 0.872807 0.303351 0.873800 0.301838 0.874838 0.300703 0.875765 0.300119 0.876440
0 0.866812 0.608805 0.871053 0.610063 0.877527 0.610170 0.909424 0.610578 0.909607 0.610504 0.909767 0.610194 0.912043 0.605751 0.912378 0.604260 0.912517 0.602433 0.912784 0.586285 0.912706 0.584409 0.912423 0.582776 0.911978 0.581635 0.910139 0.578403 0.909959 0.578245 0.905743 0.577440 0.867342 0.576804
0 0.269002 0.385546 0.275339 0.388686 0.291309 0.389703 0.293342 0.357763 0.292393 0.357109 0.286491 0.353811 0.285871 0.353646 0.271092 0.352706
0 0.531475 0.828047 0.531502 0.828672 0.531963 0.837363 0.532113 0.838953 0.564716 0.843993 0.567236 0.827692 0.565387 0.818681 0.533681 0.813779
0 0.516266 0.251826 0.522239 0.254128 0.552162 0.265368 0.552183 0.265357 0.556808 0.262487 0.557120 0.261777 0.557639 0.260498 0.558286 0.258842 0.564053 0.243876 0.564733 0.242090 0.565343 0.240440 0.565792 0.239175 0.566011 0.238488 0.564347 0.232718 0.528096 0.218748 0.516455 0.248957
0 0.176597 0.015286 0.180294 0.020827 0.218364 0.025890 0.221425 0.020193 0.221839 0.019003 0.222155 0.017304 0.224270 0.001405 0.224441 0.000000 0.180061 0.000000
0 0.463802 0.873274 0.464709 0.879593 0.464762 0.879658 0.491642 0.897935 0.497037 0.901515 0.514941 0.874542 0.514769 0.870260 0.482771 0.849022 0.477868 0.851661 0.477316 0.852138 0.476469 0.853177 0.475457 0.854619 0.466587 0.867982 0.465560 0.869613 0.464670 0.871190 0.464053 0.872476
0 0.775811 0.225937 0.780540 0.230250 0.804483 0.251553 0.810469 0.250376 0.810631 0.250318 0.811289 0.249716 0.812346 0.248660 0.813639 0.247311 0.814971 0.245874 0.825854 0.233942 0.827017 0.232643 0.827830 0.231683 0.828169 0.231209 0.829520 0.225029 0.800817 0.198849 0.797378 0.202291
0 0.545836 0.118359 0.545844 0.120101 0.545876 0.121380 0.545925 0.122003 0.549152 0.126854 0.581122 0.127295 0.587523 0.127307 0.589570 0.118587 0.589599 0.102211 0.550295 0.102141 0.546599 0.107553 0.546537 0.107705 0.546002 0.112215 0.545941 0.113093 0.545888 0.114569 0.545851 0.116417
0 0.754704 0.187576 0.756914 0.194899 0.757092 0.195120 0.780580 0.212823 0.785322 0.216289 0.807904 0.193060 0.805953 0.184803 0.777244 0.164390 0.770914 0.168938 0.769572 0.170074 0.758337 0.181630 0.757103 0.183145 0.756170 0.184804
0 0.827291 0.337362 0.827314 0.338513 0.827652 0.340082 0.828252 0.341833 0.829023 0.343501 0.829851 0.344835 0.830608 0.345631 0.833636 0.348354 0.869281 0.334055 0.877920 0.330172 0.871822 0.314973 0.865743 0.317412 0.834953 0.329806 0.828053 0.333312 0.827955 0.333498
0 0.709350 0.891611 0.714248 0.900773 0.723585 0.914227 0.728967 0.910492 0.755619 0.891432 0.755502 0.885099 0.755372 0.884891 0.752437 0.880466 0.751895 0.879663 0.751018 0.878381 0.749941 0.876817 0.748825 0.875205 0.747840 0.873790 0.747134 0.872785 0.746814 0.872343 0.740901 0.869713
0 0.278594 0.785394 0.299184 0.818338 0.304935 0.817927 0.305606 0.817727 0.306792 0.817133 0.308314 0.816234 0.322009 0.807674 0.323628 0.806611 0.325091 0.805549 0.326176 0.804651 0.326717 0.804054 0.328423 0.798077 0.328395 0.798011 0.311656 0.770597 0.308264 0.765169 0.281124 0.782131
0 0.918867 0.932449 0.918883 0.934173 0.919118 0.936124 0.919538 0.938008 0.920078 0.939540 0.920657 0.940487 0.925549 0.945610 0.931229 0.950719 0.931414 0.950796 0.964411 0.949011 0.970946 0.948564 0.969828 0.932225 0.959088 0.922344 0.920772 0.924965 0.919073 0.931212
0 0.434059 0.806818 0.453339 0.833124 0.457210 0.838314 0.483161 0.818958 0.483353 0.815312 0.460392 0.784527 0.455304 0.785189 0.454517 0.785495 0.453299 0.786215 0.451835 0.787242 0.438978 0.796831 0.437486 0.798010 0.436187 0.799166 0.435278 0.800125 0.434898 0.800741
