0 0.075442 0.184863 0.082387 0.205806 0.083917 0.210173 0.091731 0.220419 0.120791 0.205968 0.111299 0.180380 0.104546 0.170939 0.104146 0.170588 0.103587 0.170400 0.102953 0.170404 0.102341 0.170599 0.076293 0.183552 0.075799 0.183907 0.075501 0.184368
0 0.489535 0.912518 0.489782 0.913323 0.490515 0.914526 0.491622 0.915945 0.492935 0.917361 0.504389 0.928747 0.505703 0.929940 0.506812 0.930725 0.507548 0.930982 0.512468 0.932608 0.535388 0.910042 0.539952 0.905450 0.539495 0.900816 0.516796 0.878254 0.489722 0.905493
0 0.310842 0.844294 0.310854 0.844370 0.331128 0.870236 0.335229 0.875343 0.347999 0.865090 0.351473 0.856744 0.327427 0.826798 0.321733 0.827822 0.321118 0.828110 0.320034 0.828843 0.318645 0.829910 0.317161 0.831149 0.315807 0.832375 0.314786 0.833401 0.314255 0.834071 0.312095 0.837956
0 0.652069 0.691400 0.655627 0.695878 0.659913 0.700832 0.681129 0.725339 0.681304 0.725359 0.685542 0.724834 0.686555 0.724395 0.687899 0.723525 0.689368 0.722358 0.690735 0.721071 0.691792 0.719865 0.692377 0.718922 0.693727 0.714889 0.668012 0.685164 0.664171 0.680931
0 0.091782 0.394651 0.096448 0.395856 0.128351 0.398413 0.128862 0.392032 0.131037 0.360021 0.130997 0.359970 0.126365 0.355659 0.125505 0.355439 0.124039 0.355193 0.122190 0.354959 0.120243 0.354773 0.104144 0.353483 0.102401 0.353373 0.101134 0.353358 0.100536 0.353438 0.094886 0.355926
0 0.318064 0.716754 0.318178 0.720752 0.318589 0.721866 0.319377 0.723327 0.320421 0.724912 0.321560 0.726377 0.322620 0.727497 0.323439 0.728101 0.327649 0.729803 0.327798 0.729801 0.354229 0.711004 0.359555 0.707190 0.362766 0.702454 0.353450 0.689442 0.322223 0.711799
0 0.807416 0.322514 0.812666 0.326310 0.839309 0.344727 0.845700 0.341880 0.846294 0.341556 0.847252 0.340671 0.848426 0.339360 0.849637 0.337822 0.850700 0.336293 0.851450 0.335010 0.856091 0.325815 0.856408 0.324988 0.857478 0.317331 0.826175 0.294675 0.817234 0.304489
0 0.118377 0.206791 0.122866 0.212574 0.123719 0.213042 0.125152 0.213615 0.126946 0.214206 0.128830 0.214727 0.144392 0.218610 0.146086 0.218983 0.147338 0.219152 0.147958 0.219091 0.153429 0.217663 0.161540 0.186839 0.163090 0.180629 0.159195 0.176937 0.127783 0.169098
0 0.801309 0.371399 0.806369 0.375318 0.831980 0.394747 0.832051 0.394797 0.838253 0.393863 0.842186 0.392628 0.842872 0.392191 0.843911 0.391229 0.845145 0.389890 0.846386 0.388377 0.847442 0.386925 0.848151 0.385755 0.848406 0.385046 0.849459 0.379512 0.818387 0.355443 0.811108 0.358748
0 0.546491 0.957269 0.547578 0.967967 0.550015 0.984162 0.588881 0.978315 0.591368 0.972062 0.591314 0.971548 0.591147 0.970333 0.590892 0.968604 0.590589 0.966624 0.590284 0.964700 0.590024 0.963125 0.589848 0.962139 0.588815 0.956826 0.588753 0.956587 0.584547 0.951996 0.552820 0.956317
0 0.511617 0.517539 0.511752 0.517743 0.536829 0.547414 0.541284 0.547676 0.541619 0.547501 0.542467 0.546877 0.543699 0.545898 0.545127 0.544714 0.557462 0.534289 0.558862 0.533083 0.560017 0.532045 0.560751 0.531332 0.560951 0.531054 0.561556 0.526517 0.536479 0.496845 0.536061 0.496880
0 0.167793 0.262395 0.171591 0.265110 0.200423 0.279003 0.217094 0.244405 0.214052 0.238457 0.213343 0.237952 0.212076 0.237203 0.210445 0.236324 0.208698 0.235449 0.194149 0.228439 0.192560 0.227705 0.191376 0.227228 0.190777 0.227078 0.184993 0.227644 0.170604 0.256562
0 0.498534 0.037558 0.498551 0.042875 0.498562 0.043110 0.501880 0.048334 0.533870 0.049598 0.540269 0.049763 0.541211 0.039230 0.541633 0.022859 0.502342 0.021846 0.498774 0.027534 0.498746 0.028059 0.498704 0.029290 0.498655 0.031039 0.498607 0.033039 0.498567 0.034981 0.498542 0.036568
0 0.021660 0.701485 0.053826 0.705145 0.058926 0.702800 0.063268 0.664641 0.058164 0.661570 0.057620 0.661272 0.056398 0.660975 0.054685 0.660725 0.038749 0.658911 0.036798 0.658745 0.034900 0.658686 0.033342 0.658746 0.032361 0.658914 0.026599 0.662696 0.026512 0.662782 0.022391 0.695051
0 0.174725 0.000000 0.177127 0.035936 0.177146 0.036148 0.180468 0.040920 0.182811 0.042112 0.184208 0.042568 0.186003 0.042826 0.187924 0.042849 0.203940 0.042003 0.205702 0.041786 0.207043 0.041362 0.212428 0.039233 0.210403 0.000881 0.207055 0.000000
0 0.969670 0.248395 0.969690 0.248613 1.000000 0.265923 1.000000 0.232562 0.989080 0.216975 0.981777 0.219972 0.980979 0.220670 0.979980 0.221918 0.978930 0.223525 0.977989 0.225248 0.970879 0.239625 0.970186 0.241208 0.969844 0.242415
0 0.260202 0.303567 0.265684 0.308058 0.281275 0.311661 0.289923 0.274241 0.286349 0.268887 0.283864 0.266199 0.283213 0.265803 0.281933 0.265298 0.280218 0.264762 0.278332 0.264277 0.276564 0.263917 0.275186 0.263739 0.274407 0.263768 0.269340 0.265470 0.261677 0.297185
0 0.001527 0.191465 0.001529 0.191884 0.001687 0.192127 0.004468 0.193850 0.028949 0.209013 0.034518 0.212462 0.045160 0.219035 0.053585 0.205430 0.043141 0.198539 0.009726 0.177844 0.005949 0.181094 0.004737 0.182203 0.003618 0.183713 0.002763 0.185392 0.002303 0.186981
0 0.574972 0.804874 0.575016 0.805498 0.576344 0.811079 0.576704 0.812545 0.585362 0.844378 0.601279 0.840049 0.592621 0.808216 0.590074 0.799740 0.576143 0.803529 0.575582 0.803808 0.575171 0.804280
0 0.709706 0.083485 0.710434 0.099470 0.748800 0.097722 0.753500 0.092039 0.756448 0.087294 0.756774 0.086371 0.757017 0.084841 0.757140 0.082938 0.757123 0.080953 0.756969 0.079191 0.756702 0.077924 0.753810 0.072577 0.753698 0.072384 0.721156 0.073442 0.714612 0.073740
0 0.536799 0.764378 0.539060 0.770162 0.575321 0.784106 0.586941 0.753889 0.585948 0.750987 0.579973 0.748689 0.550158 0.737474 0.550093 0.737484 0.545849 0.740368 0.545423 0.741075 0.544829 0.742352 0.544156 0.744008 0.538400 0.758978 0.537748 0.760765 0.537216 0.762418 0.536882 0.763687
0 0.189623 0.570887 0.221246 0.577823 0.224432 0.576933 0.232660 0.539419 0.228711 0.535490 0.227994 0.535227 0.226671 0.534866 0.224944 0.534463 0.209277 0.531026 0.207402 0.530640 0.205658 0.530328 0.204308 0.530138 0.203559 0.530099 0.198294 0.532902 0.198281 0.532943 0.191010 0.564563
0 0.658088 0.608520 0.658128 0.609992 0.658273 0.611796 0.659898 0.627752 0.660126 0.629618 0.660404 0.631269 0.660689 0.632456 0.660938 0.632996 0.665618 0.636637 0.704268 0.632703 0.700989 0.600495 0.698693 0.599346 0.692325 0.599994 0.660668 0.603354 0.660610 0.603430 0.658159 0.607601
0 0.178463 0.374975 0.179348 0.404578 0.179492 0.405204 0.179865 0.405726 0.180409 0.406067 0.186760 0.408376 0.188193 0.408795 0.204188 0.408316 0.203230 0.376326 0.194860 0.372838 0.180058 0.373281 0.179432 0.373425 0.178909 0.373797 0.178569 0.374341
0 0.685186 0.662762 0.689203 0.700957 0.693629 0.705658 0.696103 0.707563 0.696736 0.707801 0.698015 0.707926 0.699746 0.707918 0.701665 0.707777 0.703476 0.707525 0.704901 0.707202 0.705724 0.706856 0.709641 0.703811 0.709671 0.703707 0.706490 0.671372 0.705805 0.664857 0.701100 0.661088
0 0.814263 0.346565 0.814715 0.353211 0.846800 0.375755 0.857072 0.363010 0.857674 0.354463 0.852411 0.350765 0.825979 0.332615 0.820824 0.334669 0.820243 0.335107 0.819321 0.336083 0.818198 0.337447 0.817045 0.338992 0.816034 0.340485 0.815319 0.341702 0.815008 0.342457
0 0.503328 0.601864 0.505047 0.606860 0.540071 0.623671 0.554080 0.594485 0.553463 0.593405 0.547692 0.590635 0.518861 0.576874 0.514471 0.578649 0.514294 0.578876 0.513826 0.579729 0.513140 0.581077 0.512340 0.582716 0.505399 0.597176 0.504603 0.598862 0.503931 0.600344 0.503483 0.601399
0 0.600435 0.371896 0.611018 0.383899 0.639825 0.358500 0.643096 0.355190 0.642706 0.351301 0.642650 0.350823 0.642110 0.349858 0.641167 0.348551 0.639964 0.347104 0.638686 0.345738 0.637530 0.344664 0.636673 0.344044 0.632252 0.343113 0.632111 0.343089 0.607698 0.364567 0.602784 0.368899
0 0.868089 0.338229 0.898594 0.347912 0.903203 0.346153 0.914957 0.309124 0.910190 0.305085 0.909000 0.304463 0.907341 0.303851 0.891948 0.298964 0.890078 0.298456 0.888289 0.298132 0.886855 0.298041 0.885994 0.298197 0.880143 0.301396 0.880093 0.301520 0.870026 0.332128
0 0.063252 0.818861 0.072834 0.850313 0.074837 0.856550 0.090429 0.851542 0.099792 0.843506 0.088048 0.806940 0.081772 0.806141 0.081244 0.806118 0.080070 0.806368 0.078427 0.806851 0.076563 0.807494 0.074759 0.808201 0.073289 0.808866 0.072376 0.809386 0.067403 0.812984 0.067179 0.813288
0 0.839814 0.437687 0.839895 0.439513 0.840142 0.441030 0.840517 0.442010 0.842403 0.445845 0.880808 0.446011 0.889717 0.444748 0.889788 0.428371 0.883237 0.428343 0.850075 0.428286 0.842864 0.429763 0.842713 0.429916 0.840556 0.433100 0.840171 0.434219 0.839911 0.435829
0 0.175463 0.078950 0.179172 0.083764 0.209589 0.093719 0.211580 0.087636 0.221223 0.056869 0.221217 0.056712 0.217940 0.050422 0.217218 0.049713 0.215903 0.048882 0.214197 0.048055 0.212359 0.047359 0.197011 0.042336 0.195329 0.041880 0.194065 0.041735 0.187548 0.042029
0 0.785162 0.488547 0.794514 0.519154 0.797920 0.519376 0.835074 0.508023 0.835814 0.503553 0.835884 0.502553 0.835677 0.501053 0.835223 0.499280 0.830504 0.483835 0.829875 0.482066 0.829169 0.480578 0.828494 0.479597 0.825614 0.477062 0.822260 0.477298 0.791284 0.486676
0 0.334943 0.847076 0.363781 0.862467 0.368545 0.854373 0.371050 0.849300 0.382831 0.825281 0.382907 0.824909 0.382755 0.824478 0.382397 0.824053 0.378057 0.820784 0.376538 0.819728 0.362356 0.812159 0.360622 0.811479 0.355697 0.809804 0.355135 0.809738 0.354678 0.809843 0.354394 0.810104 0.350291 0.817539
0 0.588243 0.444116 0.588326 0.449022 0.612469 0.469973 0.617318 0.474152 0.620062 0.473547 0.630753 0.461142 0.600980 0.435483 0.595646 0.436066 0.594547 0.436801 0.594183 0.437163 0.593396 0.438024 0.592307 0.439253 0.591081 0.440663 0.589902 0.442043 0.588949 0.443184 0.588366 0.443912
0 0.622785 0.184332 0.622983 0.185674 0.623392 0.187387 0.623949 0.189213 0.629090 0.204406 0.629714 0.206073 0.630311 0.207334 0.630792 0.207997 0.634580 0.211571 0.670959 0.199263 0.672937 0.195786 0.662561 0.165119 0.656428 0.167194 0.625616 0.177941 0.622830 0.183567
0 0.196136 0.890713 0.199785 0.896061 0.218336 0.922432 0.224180 0.921733 0.224738 0.921615 0.225829 0.921045 0.227288 0.920111 0.240628 0.911008 0.242228 0.909855 0.243718 0.908663 0.244871 0.907614 0.245511 0.906869 0.247693 0.899931 0.226045 0.868208 0.199609 0.886248
0 0.482828 0.578772 0.499173 0.579789 0.499580 0.573251 0.501613 0.540514 0.501580 0.539679 0.498587 0.536248 0.498223 0.536178 0.497182 0.536072 0.495626 0.535949 0.493789 0.535825 0.491949 0.535720 0.490384 0.535649 0.489330 0.535624 0.488949 0.535648 0.485607 0.538640 0.485270 0.539544
0 0.082452 0.687790 0.108246 0.707356 0.112723 0.704987 0.116591 0.699887 0.135518 0.674588 0.135580 0.674438 0.133535 0.670274 0.133112 0.669453 0.132142 0.668383 0.130771 0.667226 0.117992 0.657532 0.116425 0.656460 0.114894 0.655633 0.113631 0.655175 0.112828 0.655158 0.109990 0.655223 0.105932 0.656838
