0 0.117562 0.561856 0.121514 0.574026 0.140183 0.591582 0.153519 0.582690 0.152814 0.580665 0.140229 0.561841 0.130986 0.552905
0 0.420750 0.490532 0.426616 0.496335 0.432224 0.501876 0.440689 0.493855 0.456604 0.477763 0.458136 0.476107 0.446738 0.464838 0.429742 0.480557
0 0.320603 0.720101 0.320626 0.746468 0.324167 0.757715 0.340164 0.755609 0.339993 0.742372 0.337054 0.719914 0.336494 0.718009
0 0.580992 0.222592 0.581081 0.225679 0.581221 0.226312 0.581831 0.227392 0.582818 0.228753 0.584032 0.230189 0.585290 0.231484 0.586402 0.232442 0.587200 0.232918 0.591730 0.234456 0.614332 0.235583 0.616705 0.233435 0.618055 0.230353 0.596330 0.206349 0.581928 0.219384
0 0.786783 0.644126 0.787369 0.666749 0.789690 0.668953 0.793040 0.670906 0.815332 0.647429 0.801245 0.634054 0.797802 0.632522 0.794176 0.633353 0.793129 0.633962 0.791835 0.634994 0.790491 0.636294 0.789299 0.637665 0.788439 0.638901 0.788041 0.639814
0 0.790795 0.740917 0.790851 0.742822 0.791051 0.744565 0.791364 0.745884 0.791745 0.746576 0.793442 0.748405 0.809266 0.764583 0.812842 0.767642 0.816079 0.767678 0.816438 0.735306 0.812821 0.732616 0.793619 0.732403 0.791463 0.736975 0.791126 0.737754 0.790892 0.739138
0 0.061549 0.218401 0.061905 0.225002 0.062253 0.226215 0.062935 0.227817 0.063847 0.229562 0.064849 0.231182 0.065787 0.232429 0.066519 0.233114 0.073442 0.236066 0.090778 0.227808 0.077014 0.198914 0.072124 0.195433 0.069201 0.196825
0 0.187349 0.051779 0.187568 0.052947 0.188022 0.054604 0.188639 0.056496 0.189326 0.058332 0.189977 0.059830 0.190493 0.060763 0.196442 0.065354 0.214825 0.059806 0.205578 0.029166 0.202174 0.023723 0.199074 0.024658 0.188255 0.044832 0.187396 0.051278
0 0.022903 0.780096 0.035151 0.790967 0.045777 0.784316 0.058525 0.769954 0.055876 0.765226 0.055039 0.763992 0.053778 0.762700 0.052284 0.761546 0.050781 0.760704 0.046557 0.759331 0.041314 0.762330 0.025077 0.777646
0 0.502702 0.649675 0.502711 0.650552 0.502726 0.652001 0.502746 0.653803 0.502767 0.655685 0.502786 0.657363 0.502801 0.658585 0.502809 0.659161 0.506301 0.663280 0.522750 0.665009 0.526025 0.664972 0.525843 0.648597 0.525253 0.645200 0.506051 0.645413 0.502702 0.649505
0 0.762617 0.226357 0.762770 0.228257 0.763062 0.230014 0.763447 0.231363 0.763868 0.232101 0.766512 0.236409 0.784331 0.250360 0.787508 0.249973 0.790833 0.247082 0.786920 0.214945 0.767637 0.217293 0.764578 0.220524 0.763093 0.222526 0.762791 0.223256 0.762624 0.224602
0 0.430413 0.514365 0.445280 0.518727 0.460953 0.522922 0.461488 0.522608 0.465626 0.507150 0.434710 0.498874 0.434560 0.498871
0 0.878865 0.294649 0.879837 0.296614 0.895603 0.312865 0.906733 0.319491 0.918331 0.308274 0.912780 0.296401 0.890386 0.283506
0 0.394341 0.646301 0.408549 0.659546 0.413771 0.658607 0.413908 0.658547 0.414527 0.657957 0.415535 0.656926 0.416777 0.655612 0.418063 0.654215 0.419195 0.652951 0.420000 0.652012 0.420356 0.651543 0.420506 0.646017 0.419712 0.623401 0.417371 0.621218 0.395548 0.644629
0 0.404032 0.863035 0.404261 0.866264 0.421553 0.881265 0.426688 0.883092 0.428201 0.883268 0.430031 0.883238 0.431899 0.883005 0.433516 0.882607 0.434636 0.882105 0.437700 0.880120 0.438412 0.875775 0.437053 0.856620 0.405129 0.858885
0 0.210855 0.378942 0.218947 0.410289 0.222159 0.411314 0.240753 0.406514 0.242018 0.401779 0.242045 0.400878 0.241847 0.399440 0.241454 0.397683 0.240926 0.395873 0.240342 0.394283 0.239791 0.393152 0.239356 0.392656 0.236753 0.391020 0.217258 0.379526 0.213989 0.378133
0 0.928125 0.075843 0.955582 0.092288 0.960849 0.087574 0.970830 0.070909 0.966048 0.065873 0.964580 0.064806 0.962867 0.063968 0.961173 0.063488 0.956943 0.062592 0.934739 0.068161 0.929770 0.073097
0 0.907949 0.532541 0.918262 0.544777 0.928048 0.545824 0.930552 0.543713 0.937951 0.532776 0.936126 0.526906 0.935441 0.525725 0.934360 0.524314 0.933051 0.522890 0.931715 0.521672 0.930556 0.520847 0.929751 0.520538 0.927518 0.520398 0.922632 0.520165
0 0.630769 0.608252 0.631410 0.627444 0.632929 0.628918 0.665286 0.627838 0.665178 0.624602 0.644275 0.605027 0.643718 0.604901 0.642514 0.604818 0.640847 0.604792 0.638970 0.604826 0.637166 0.604915 0.635706 0.605046 0.634813 0.605198
0 0.367388 0.125517 0.369529 0.141508 0.381747 0.142927 0.404187 0.139953 0.406291 0.139070 0.404164 0.123184 0.379859 0.119993
0 0.566611 0.750746 0.566910 0.751379 0.567588 0.752520 0.568540 0.753996 0.569622 0.755582 0.570668 0.757033 0.571516 0.758126 0.572037 0.758695 0.577245 0.760827 0.593153 0.749679 0.592088 0.746826 0.573721 0.720616 0.571100 0.722452 0.567179 0.744741
0 0.882191 0.972525 0.887255 0.987732 0.915409 0.988560 0.924425 0.979460 0.919328 0.964151 0.905240 0.963936 0.883735 0.971047
0 0.736226 0.264010 0.741416 0.266280 0.743187 0.266941 0.744994 0.267189 0.751864 0.267982 0.757759 0.252233 0.759114 0.234410 0.743579 0.230465 0.742628 0.233103 0.737078 0.255017
0 0.279610 0.357181 0.279656 0.358631 0.279847 0.360431 0.280154 0.362305 0.280530 0.363964 0.280917 0.365155 0.281255 0.365697 0.283834 0.367667 0.286305 0.369179 0.305333 0.366599 0.301034 0.334885 0.298733 0.332976 0.295525 0.333411 0.281659 0.351626 0.279716 0.356302
0 0.219527 0.926188 0.221330 0.949009 0.223562 0.953143 0.224550 0.954503 0.225887 0.955826 0.227369 0.956910 0.228768 0.957586 0.233643 0.959518 0.246253 0.944743 0.249154 0.939660 0.224810 0.918883 0.222733 0.921317
0 0.178627 0.216736 0.183777 0.239041 0.186410 0.245005 0.186512 0.245147 0.187237 0.245677 0.188471 0.246515 0.190028 0.247531 0.191670 0.248573 0.193152 0.249483 0.194248 0.250124 0.194793 0.250399 0.200962 0.250503 0.211138 0.234218 0.207798 0.231145 0.180342 0.213990
0 0.419476 0.215723 0.419615 0.231750 0.422019 0.232162 0.444643 0.231945 0.455539 0.229651 0.455785 0.222515 0.455400 0.213517 0.441065 0.210822
0 0.507037 0.557066 0.507135 0.557860 0.522602 0.562760 0.527502 0.547293 0.532031 0.531461 0.531958 0.531389 0.516703 0.526556
0 0.169853 0.901367 0.171448 0.917316 0.188820 0.921939 0.205541 0.916465 0.205875 0.908839 0.205893 0.907053 0.205507 0.905166 0.203935 0.900410 0.195140 0.898277 0.172647 0.900495
0 0.184237 0.785977 0.190295 0.804434 0.221055 0.794338 0.224243 0.790973 0.223245 0.787933 0.203051 0.777719 0.197269 0.776818 0.196615 0.776835 0.195358 0.777116 0.193688 0.777617 0.191858 0.778264 0.190143 0.778959 0.188804 0.779597 0.188044 0.780080
0 0.184286 0.936839 0.185377 0.943675 0.196916 0.963446 0.200047 0.964269 0.203476 0.958963 0.211614 0.928010 0.193043 0.923127 0.187152 0.927803 0.186645 0.928724 0.186027 0.930219 0.185392 0.932062 0.184837 0.933969 0.184449 0.935647
0 0.775320 0.055722 0.775749 0.058643 0.776032 0.059996 0.776710 0.061612 0.777680 0.063244 0.778795 0.064649 0.779887 0.065612 0.784376 0.068915 0.800208 0.058048 0.803679 0.052938 0.785358 0.026246 0.782689 0.028078 0.779458 0.033473
0 0.172331 0.348339 0.172343 0.349776 0.172560 0.351565 0.172950 0.353433 0.173452 0.355092 0.173990 0.356288 0.174480 0.356840 0.176522 0.358643 0.195142 0.371961 0.198626 0.373424 0.201784 0.372900 0.196542 0.341328 0.193033 0.339493 0.173871 0.342674 0.172527 0.347475
0 0.316515 0.435565 0.317094 0.440063 0.324024 0.461881 0.326899 0.463369 0.328878 0.463788 0.343595 0.435368 0.326543 0.426538 0.324537 0.425688 0.321029 0.427401 0.320623 0.427632 0.319939 0.428482 0.319082 0.429824 0.318181 0.431452 0.317377 0.433116 0.316792 0.434561
0 0.248993 0.326371 0.251328 0.327852 0.270526 0.339789 0.278285 0.344470 0.282261 0.339712 0.283415 0.338251 0.284211 0.336577 0.286805 0.330768 0.272909 0.321767 0.257457 0.312760
0 0.359219 0.721837 0.376095 0.738020 0.388831 0.743217 0.393732 0.735756 0.397638 0.729698 0.389038 0.721687 0.370087 0.709314 0.367968 0.708408
0 0.211656 0.855372 0.216401 0.870512 0.233312 0.883384 0.246748 0.874644 0.245915 0.872135 0.233552 0.853194 0.225181 0.846574 0.219271 0.849657
0 0.051099 0.150578 0.056230 0.154572 0.059382 0.155128 0.077919 0.142146 0.080688 0.137005 0.081271 0.135738 0.081700 0.134020 0.081911 0.132110 0.081870 0.130297 0.081584 0.128855 0.080696 0.126387 0.075848 0.122067 0.056718 0.118695
