0 0.187105 0.793435 0.198606 0.809088 0.224695 0.789918 0.227842 0.786605 0.225947 0.784025 0.203576 0.780605 0.197357 0.781215 0.196853 0.781519 0.195821 0.782234 0.194417 0.783250 0.192852 0.784415 0.191364 0.785552 0.190177 0.786490 0.189472 0.787086 0.189358 0.787248
0 0.853867 0.408958 0.861962 0.412223 0.883986 0.417305 0.886825 0.417682 0.890419 0.402062 0.874540 0.395302 0.857485 0.393235 0.854922 0.399668 0.854322 0.401391 0.854094 0.403266
0 0.612327 0.761035 0.612584 0.761633 0.627632 0.773288 0.641376 0.781911 0.649999 0.768167 0.647942 0.764489 0.620831 0.747480
0 0.772227 0.675041 0.776743 0.679701 0.777476 0.679966 0.778833 0.680247 0.780609 0.680501 0.782532 0.680689 0.784306 0.680781 0.785658 0.680764 0.786384 0.680641 0.791515 0.678287 0.796162 0.664043 0.796409 0.660777 0.789633 0.657102 0.773676 0.655894
0 0.343860 0.651404 0.350669 0.666032 0.361801 0.661797 0.384492 0.649647 0.377728 0.635117 0.375862 0.635860 0.355334 0.645423
0 0.070189 0.969522 0.077950 0.983667 0.085988 0.981734 0.112495 0.963048 0.104785 0.948996 0.103426 0.949368 0.083551 0.960292
0 0.583474 0.326262 0.595695 0.341074 0.600904 0.340750 0.601054 0.340726 0.601747 0.340239 0.602876 0.339365 0.604269 0.338235 0.605717 0.337020 0.607001 0.335904 0.607927 0.335056 0.608353 0.334604 0.609287 0.328934 0.611471 0.306146 0.609411 0.303649 0.584439 0.324253
0 0.405314 0.604114 0.405326 0.607351 0.437701 0.607226 0.438413 0.606000 0.438338 0.586797 0.434752 0.583889 0.434471 0.583780 0.433500 0.583690 0.431988 0.583634 0.430164 0.583619 0.428304 0.583648 0.426688 0.583717 0.425561 0.583814 0.425095 0.583926 0.406396 0.602924
0 0.667561 0.864003 0.668162 0.865519 0.676832 0.886461 0.682621 0.900114 0.697529 0.893943 0.694155 0.884972 0.682371 0.857872
0 0.601044 0.462061 0.601578 0.473545 0.604293 0.496013 0.604735 0.498269 0.620646 0.496340 0.619884 0.473524 0.617061 0.460120 0.608667 0.461055
0 0.022400 0.796989 0.025508 0.797896 0.045580 0.786889 0.052377 0.783107 0.053069 0.782382 0.053861 0.781064 0.054630 0.779356 0.055262 0.777515 0.055662 0.775819 0.055768 0.774525 0.055255 0.768247 0.036821 0.762870 0.031465 0.765910
0 0.040771 0.477226 0.041558 0.482459 0.053735 0.501844 0.056892 0.502565 0.061956 0.502536 0.069082 0.471334 0.050361 0.467059 0.045162 0.466678 0.042295 0.470553 0.041602 0.472063 0.041068 0.473863 0.040776 0.475677
0 0.247895 0.395939 0.253658 0.398318 0.272648 0.401167 0.275552 0.397695 0.275958 0.396776 0.276356 0.395309 0.276688 0.393516 0.276903 0.391666 0.276968 0.390040 0.276874 0.388884 0.276634 0.388374 0.275023 0.385342 0.272421 0.384016 0.253564 0.380230 0.250325 0.379744
0 0.275079 0.504074 0.277355 0.523365 0.282232 0.526250 0.282310 0.526242 0.284505 0.525984 0.288187 0.525549 0.289905 0.525346 0.291182 0.525195 0.291822 0.525119 0.295792 0.521223 0.309809 0.503456 0.309434 0.500278 0.307231 0.500281
0 0.508918 0.779750 0.509022 0.782984 0.516850 0.800761 0.521442 0.801115 0.522427 0.801029 0.523882 0.800622 0.525585 0.799954 0.527275 0.799128 0.528691 0.798271 0.529618 0.797514 0.531665 0.794237 0.539955 0.772899 0.539498 0.769780 0.538209 0.766851
0 0.451562 0.221631 0.453454 0.253951 0.453986 0.256763 0.473156 0.255641 0.476228 0.250823 0.476238 0.250785 0.476203 0.250021 0.476130 0.248648 0.476028 0.246876 0.475915 0.244971 0.475805 0.243221 0.475717 0.241890 0.475664 0.241183 0.471900 0.236656 0.454794 0.221442
0 0.424014 0.699680 0.425410 0.702601 0.454622 0.688646 0.455141 0.686489 0.446863 0.669162 0.441924 0.668372 0.441047 0.668635 0.439682 0.669182 0.438036 0.669931 0.436358 0.670770 0.434900 0.671571 0.433884 0.672213 0.433466 0.672599
0 0.079603 0.034234 0.085149 0.045741 0.096689 0.061696 0.101755 0.060262 0.103256 0.059791 0.104871 0.058919 0.106351 0.057778 0.107469 0.056544 0.110214 0.052897 0.107242 0.047094 0.094933 0.028163 0.093038 0.025493
0 0.348556 0.589736 0.351081 0.613584 0.355549 0.625905 0.371291 0.622364 0.369866 0.610387 0.364910 0.588299 0.364193 0.586218
0 0.134156 0.660956 0.140204 0.679416 0.170970 0.669336 0.174731 0.667400 0.173734 0.664359 0.153545 0.654134 0.147546 0.652685 0.146947 0.652840 0.145726 0.653212 0.144069 0.653745 0.142226 0.654359 0.140474 0.654961 0.139079 0.655459 0.138253 0.655779 0.138125 0.655870
0 0.650379 0.105998 0.661554 0.121613 0.674567 0.112300 0.678651 0.103230 0.676745 0.100566 0.665281 0.092021 0.659635 0.093135 0.658960 0.093290 0.657802 0.093899 0.656336 0.094871 0.654787 0.096057 0.653394 0.097273 0.652370 0.098334 0.651870 0.099078
0 0.889404 0.308255 0.921040 0.313095 0.925908 0.310934 0.926398 0.307734 0.912845 0.289285 0.907403 0.285892 0.906155 0.285494 0.904429 0.285157 0.902490 0.284933 0.900636 0.284857 0.899152 0.284940 0.898262 0.285168 0.892308 0.289273
0 0.465995 0.092828 0.467580 0.102098 0.469275 0.108626 0.480547 0.109517 0.502706 0.104950 0.504941 0.103851 0.501684 0.088158 0.479268 0.086003
0 0.602180 0.510902 0.603808 0.512285 0.621649 0.526223 0.631587 0.533427 0.641523 0.520715 0.631964 0.512360 0.612050 0.498273
0 0.399709 0.871888 0.431818 0.876030 0.432597 0.871731 0.435054 0.852686 0.431651 0.850401 0.430692 0.849876 0.429195 0.849415 0.427387 0.849088 0.425541 0.848944 0.423936 0.849005 0.422814 0.849261 0.419183 0.850639 0.401265 0.864463 0.400123 0.868677
0 0.764998 0.096215 0.771655 0.114227 0.801675 0.103132 0.805163 0.098543 0.804041 0.095507 0.783246 0.085935 0.776762 0.085702 0.775495 0.085936 0.773829 0.086470 0.772018 0.087221 0.770341 0.088075 0.769055 0.088900 0.768355 0.089570
0 0.326689 0.408381 0.337148 0.424750 0.339009 0.425611 0.342637 0.426332 0.343154 0.426231 0.344209 0.425752 0.345641 0.424966 0.347233 0.423994 0.348745 0.422983 0.349949 0.422084 0.350662 0.421434 0.352494 0.416995 0.357363 0.394894 0.355640 0.392197 0.353971 0.390951
0 0.363701 0.351615 0.366090 0.352535 0.387670 0.359310 0.397577 0.361561 0.400490 0.354404 0.402415 0.346169 0.388199 0.340490 0.368508 0.336324
0 0.592018 0.205066 0.597330 0.208674 0.598907 0.209643 0.600668 0.210253 0.606603 0.211966 0.610551 0.204130 0.620220 0.183699 0.621388 0.181130 0.606899 0.174275 0.598866 0.189606
0 0.838408 0.715606 0.838561 0.717417 0.839530 0.724400 0.856759 0.726918 0.873496 0.723735 0.873858 0.707711 0.870983 0.707326 0.848387 0.706832 0.839894 0.708269 0.838644 0.713726
0 0.533839 0.080623 0.537220 0.089271 0.538280 0.090876 0.541149 0.095006 0.550850 0.093196 0.571020 0.082977 0.573166 0.081273 0.565903 0.066984 0.546560 0.070206
0 0.627395 0.134955 0.628747 0.137856 0.657758 0.124342 0.659582 0.119999 0.651380 0.102391 0.645220 0.102563 0.643905 0.102928 0.642262 0.103607 0.640544 0.104494 0.639015 0.105453 0.637910 0.106338 0.637394 0.107013 0.628868 0.130734
0 0.381367 0.906053 0.383321 0.915842 0.399429 0.914903 0.399591 0.900293 0.398283 0.877668 0.397986 0.876001 0.381985 0.876934
0 0.261204 0.126801 0.264192 0.144177 0.271207 0.145044 0.273021 0.145146 0.274895 0.144865 0.280308 0.143397 0.281549 0.135050 0.280473 0.112477 0.280009 0.109577 0.264000 0.110352
0 0.805691 0.932092 0.818880 0.941385 0.830018 0.934361 0.837635 0.908859 0.824533 0.899627 0.822701 0.900844 0.809692 0.919379
0 0.618167 0.454906 0.619762 0.457681 0.621147 0.457192 0.649215 0.441058 0.639534 0.424217 0.634237 0.423292 0.633742 0.423576 0.632688 0.424181 0.629604 0.425953 0.626782 0.427576 0.626017 0.428016 0.625865 0.428104 0.624066 0.433058
0 0.944280 0.091368 0.944483 0.093101 0.944889 0.094359 0.947040 0.100134 0.963782 0.115360 0.966979 0.115209 0.972378 0.110759 0.970845 0.078421 0.951442 0.079341 0.946282 0.084149 0.945584 0.085136 0.945014 0.086050 0.944566 0.087555 0.944309 0.089422
0 0.336105 0.441009 0.339424 0.456798 0.351745 0.454834 0.373904 0.450184 0.375931 0.449635 0.372634 0.433949 0.348095 0.437571
0 0.106875 0.344118 0.119369 0.354158 0.121406 0.352619 0.135551 0.334965 0.139675 0.324766 0.134719 0.320186 0.127098 0.314659 0.114729 0.323671
0 0.080380 0.488573 0.080535 0.490405 0.080910 0.492242 0.081449 0.493802 0.082067 0.494846 0.084126 0.497902 0.088879 0.497926 0.107885 0.495181 0.105598 0.479343 0.096371 0.478860 0.093129 0.479328 0.081813 0.481880 0.080470 0.487027
