0 0.298891 0.613111 0.301246 0.625766 0.317373 0.625299 0.318532 0.613029 0.317892 0.590398 0.317533 0.588266 0.301511 0.588730
0 0.519726 0.126682 0.519727 0.126808 0.522768 0.132259 0.541918 0.133679 0.542403 0.129443 0.544796 0.097157 0.541568 0.096918 0.524228 0.111864 0.520440 0.116913 0.520385 0.117530 0.520284 0.118810 0.520152 0.120559 0.520010 0.122507 0.519879 0.124356 0.519779 0.125822
0 0.540074 0.589913 0.545974 0.616001 0.546506 0.617342 0.549241 0.619073 0.566551 0.591715 0.565790 0.590667 0.549563 0.580399 0.545237 0.581753 0.544981 0.581955 0.544372 0.582746 0.543504 0.584004 0.542509 0.585538 0.541535 0.587117 0.540730 0.588503 0.540217 0.589485
0 0.454219 0.545009 0.463320 0.576078 0.481962 0.570617 0.484443 0.566161 0.484360 0.565721 0.484084 0.564646 0.483657 0.563099 0.483143 0.561316 0.482621 0.559564 0.482169 0.558109 0.481855 0.557171 0.481728 0.556894 0.477669 0.554453 0.457814 0.543595 0.454742 0.544494
0 0.623973 0.143837 0.631012 0.175058 0.649745 0.170834 0.653234 0.165050 0.653356 0.164248 0.653297 0.162848 0.653066 0.161062 0.652699 0.159164 0.652251 0.157446 0.651791 0.156171 0.651391 0.155534 0.647916 0.151237 0.628565 0.139006 0.625407 0.139719
0 0.571109 0.541620 0.571932 0.542101 0.590952 0.546043 0.594431 0.543320 0.594631 0.543017 0.594950 0.542038 0.595340 0.540531 0.595741 0.538726 0.596092 0.536901 0.596339 0.535336 0.596444 0.534270 0.596391 0.533865 0.594237 0.530192 0.581671 0.511057 0.578501 0.510400 0.577604 0.510281
0 0.300495 0.257019 0.300636 0.257686 0.301644 0.260485 0.311497 0.281149 0.313652 0.283650 0.316668 0.284719 0.327356 0.254551 0.325360 0.251713 0.307050 0.245227 0.303478 0.248598 0.302907 0.249305 0.302235 0.250598 0.301564 0.252280 0.300997 0.254093 0.300622 0.255757
0 0.307940 0.509483 0.311039 0.510420 0.313199 0.510301 0.333148 0.499617 0.336395 0.497524 0.336717 0.497176 0.337201 0.496180 0.337775 0.494688 0.338350 0.492927 0.338841 0.491162 0.339173 0.489660 0.339296 0.488648 0.339190 0.488281 0.337781 0.484300 0.319401 0.478741 0.317313 0.478495
0 0.291398 0.398025 0.296158 0.409138 0.310524 0.430273 0.324496 0.422419 0.323664 0.420561 0.312559 0.400825 0.305463 0.390119
0 0.850323 0.438519 0.851125 0.454527 0.852832 0.454486 0.875466 0.453350 0.889877 0.452400 0.889069 0.436285 0.879012 0.436355
0 0.202610 0.140683 0.211022 0.144999 0.212887 0.145504 0.217614 0.146618 0.224049 0.139021 0.232397 0.118008 0.232804 0.115274 0.217900 0.109378 0.204801 0.124230
0 0.406676 0.052640 0.415108 0.064511 0.430542 0.081104 0.431984 0.082097 0.443710 0.071170 0.427153 0.047305 0.418480 0.041641
0 0.661281 0.568022 0.661651 0.568178 0.677131 0.572374 0.683429 0.557554 0.687675 0.541894 0.672015 0.537649 0.669656 0.537132
0 0.869638 0.475325 0.879520 0.487911 0.884798 0.487743 0.897560 0.477723 0.905620 0.468074 0.895716 0.455459 0.894811 0.455560
0 0.296553 0.564372 0.312530 0.575420 0.318251 0.574285 0.318699 0.573885 0.319496 0.572944 0.320518 0.571605 0.321612 0.570072 0.322613 0.568575 0.323370 0.567341 0.323767 0.566557 0.323774 0.561397 0.319714 0.539133 0.317082 0.537313 0.314967 0.537744
0 0.840804 0.216350 0.846034 0.219432 0.847322 0.219857 0.849055 0.220185 0.850971 0.220366 0.852780 0.220374 0.854210 0.220206 0.855041 0.219888 0.874714 0.204929 0.879047 0.201517 0.879495 0.198311 0.847431 0.193832 0.843460 0.197332
0 0.675540 0.213028 0.683834 0.221037 0.703359 0.232475 0.705654 0.233193 0.713738 0.219353 0.697482 0.203149 0.683678 0.199096 0.678863 0.206962
0 0.365281 0.830628 0.372169 0.845088 0.387572 0.857663 0.400503 0.848193 0.399319 0.845798 0.385938 0.827568 0.378298 0.821095 0.372121 0.824635
0 0.543930 0.478830 0.546121 0.479117 0.568617 0.481627 0.580458 0.482736 0.582249 0.466701 0.569246 0.464832 0.545709 0.462901
0 0.207046 0.304759 0.221175 0.318089 0.224362 0.320168 0.228085 0.319112 0.229105 0.318554 0.230378 0.317554 0.231713 0.316262 0.232906 0.314874 0.233779 0.313600 0.234199 0.312631 0.235343 0.308529 0.234685 0.285908 0.232357 0.283711 0.229262 0.281211
0 0.886937 0.139417 0.889557 0.147800 0.894370 0.149253 0.896275 0.149535 0.898057 0.149431 0.905673 0.148580 0.910330 0.131247 0.904743 0.114726 0.888734 0.113951 0.887999 0.116844
0 0.944297 0.866419 0.945599 0.873571 0.955435 0.893902 0.957162 0.896587 0.971585 0.889593 0.969386 0.875414 0.958815 0.859379 0.951660 0.860893 0.949971 0.861533 0.948339 0.862504 0.947014 0.863655
0 0.739230 0.964130 0.741996 0.969496 0.756152 0.982798 0.760981 0.980160 0.762253 0.979375 0.763591 0.978150 0.764791 0.976673 0.765668 0.975172 0.767237 0.971002 0.766526 0.948121 0.763479 0.942999 0.761147 0.940807
0 0.865987 0.547154 0.866164 0.548963 0.866533 0.550797 0.867038 0.552380 0.867603 0.553473 0.869875 0.556260 0.874152 0.556910 0.893362 0.554031 0.888564 0.522014 0.884123 0.521763 0.880958 0.522237 0.867504 0.540434 0.866282 0.544661 0.866028 0.545644
0 0.914226 0.661206 0.914312 0.662995 0.914614 0.664870 0.915087 0.666547 0.915661 0.667772 0.917587 0.670222 0.922415 0.672190 0.943643 0.672483 0.946900 0.672139 0.945179 0.655853 0.935002 0.652290 0.915905 0.654309 0.914371 0.659773
0 0.397678 0.560910 0.399861 0.576789 0.420913 0.574937 0.435316 0.572333 0.434602 0.564103 0.433118 0.556349 0.422509 0.557425 0.400096 0.560502
0 0.349256 0.113730 0.353967 0.121878 0.357977 0.127304 0.368602 0.124247 0.387652 0.112046 0.389388 0.110190 0.380724 0.096705 0.359466 0.102423
0 0.334134 0.737204 0.342065 0.749619 0.360150 0.761920 0.371781 0.750893 0.370422 0.748838 0.354840 0.732435 0.345842 0.726103 0.340409 0.730756
0 0.233062 0.910443 0.247159 0.930750 0.260733 0.934675 0.270247 0.921644 0.263022 0.911580 0.244765 0.898201 0.242514 0.897498
0 0.349408 0.372260 0.350319 0.375367 0.352030 0.376791 0.371887 0.387647 0.375201 0.389378 0.375718 0.389421 0.376858 0.389250 0.378448 0.388894 0.380247 0.388405 0.381984 0.387858 0.383395 0.387334 0.384268 0.386915 0.384468 0.386662 0.387243 0.383146 0.381842 0.364719 0.380476 0.363155
0 0.167829 0.477341 0.172200 0.481470 0.172864 0.481643 0.174163 0.481919 0.175899 0.482256 0.177806 0.482602 0.179591 0.482905 0.180980 0.483118 0.181762 0.483208 0.187354 0.480552 0.206033 0.467775 0.206623 0.464630 0.175168 0.458727 0.171412 0.458250
0 0.496121 0.604272 0.508674 0.611178 0.528962 0.618912 0.535746 0.604390 0.533627 0.603259 0.513125 0.593689 0.502949 0.589653 0.499386 0.596567
0 0.387385 0.115248 0.388673 0.119646 0.410072 0.143444 0.412452 0.141304 0.413651 0.118705 0.413546 0.111833 0.413186 0.111046 0.412387 0.109830 0.411270 0.108369 0.410007 0.106887 0.408791 0.105612 0.407810 0.104740 0.407212 0.104404 0.401829 0.102260
0 0.597889 0.177410 0.597973 0.178134 0.598469 0.179344 0.599302 0.180854 0.600345 0.182437 0.601440 0.183854 0.602423 0.184891 0.603144 0.185390 0.607528 0.187705 0.629847 0.191449 0.632454 0.189591 0.633985 0.186002 0.615195 0.159639 0.599377 0.170913 0.598241 0.174674
0 0.088973 0.704116 0.093660 0.716938 0.114429 0.730960 0.126905 0.720898 0.126077 0.718772 0.111837 0.701173 0.101533 0.693987
0 0.789306 0.594475 0.816985 0.597189 0.827646 0.596935 0.828457 0.580821 0.814545 0.579599 0.791917 0.578455 0.790111 0.578467
0 0.949627 0.346264 0.952820 0.346479 0.958056 0.344704 0.975293 0.329639 0.976843 0.327041 0.977449 0.325800 0.977912 0.324102 0.978162 0.322206 0.978161 0.320403 0.977908 0.318971 0.976379 0.313488 0.956998 0.312185 0.951775 0.314332
0 0.044273 0.468306 0.045524 0.471292 0.050719 0.471621 0.080237 0.459254 0.072818 0.441543 0.066072 0.439296 0.065159 0.439358 0.063703 0.439696 0.061927 0.440257 0.060101 0.440958 0.058508 0.441690 0.057390 0.442340 0.056919 0.442810 0.052948 0.447122
0 0.357360 0.921556 0.373112 0.942579 0.385220 0.946709 0.395109 0.933960 0.387067 0.923535 0.369195 0.909628 0.367184 0.908891
0 0.738248 0.306835 0.739563 0.310923 0.740055 0.311850 0.741012 0.313062 0.742289 0.314375 0.743692 0.315590 0.745010 0.316525 0.746044 0.317037 0.749888 0.317816 0.752778 0.315709 0.766972 0.301641 0.769220 0.299259 0.757307 0.288021 0.751425 0.292867
