0 0.512191 0.744610 0.512327 0.745281 0.512682 0.746549 0.513202 0.748220 0.513808 0.750039 0.514407 0.751726 0.514906 0.753022 0.515230 0.753730 0.519723 0.757153 0.540292 0.767202 0.543354 0.766150 0.542859 0.763107 0.532458 0.732840 0.514297 0.739080
0 0.150758 0.209126 0.159675 0.212258 0.161590 0.212520 0.166387 0.213133 0.171893 0.204559 0.177541 0.182663 0.177588 0.179945 0.162062 0.175964 0.150778 0.192807
0 0.086931 0.067598 0.092266 0.086275 0.096926 0.091004 0.127700 0.082214 0.126821 0.079136 0.122506 0.074270 0.102495 0.063152 0.099864 0.062782 0.098407 0.062580 0.096594 0.062683 0.094705 0.063077 0.093030 0.063702 0.091825 0.064460
0 0.826147 0.965642 0.839161 0.975181 0.850708 0.968641 0.858332 0.942827 0.845405 0.933352 0.843504 0.934489 0.830153 0.952779
0 0.271545 0.121178 0.275306 0.140235 0.277874 0.144347 0.309273 0.138150 0.308653 0.135010 0.306441 0.130790 0.287426 0.118043 0.284182 0.117073 0.282911 0.116846 0.281206 0.116863 0.279329 0.117121 0.277569 0.117581 0.276195 0.118171
0 0.674603 0.710068 0.680631 0.724919 0.704858 0.720020 0.715617 0.712704 0.709549 0.697753 0.697415 0.700380 0.676430 0.708874
0 0.425755 0.063972 0.430544 0.077964 0.438967 0.099007 0.439716 0.100476 0.454594 0.094515 0.445318 0.066529 0.440732 0.057971
0 0.325367 0.384638 0.329359 0.387275 0.343033 0.395587 0.353007 0.379178 0.351188 0.373889 0.350677 0.373531 0.349613 0.372844 0.348157 0.371933 0.346533 0.370936 0.344989 0.370007 0.343764 0.369289 0.343043 0.368891 0.342936 0.368873 0.337475 0.369373 0.327068 0.381839
0 0.257556 0.471675 0.272987 0.476049 0.273506 0.476103 0.282232 0.445311 0.266836 0.440948 0.263594 0.440127 0.259170 0.455737
0 0.769539 0.296932 0.778808 0.310008 0.802120 0.293608 0.810408 0.287657 0.801077 0.274494 0.792698 0.280316
0 0.247199 0.272691 0.255276 0.282133 0.257483 0.284553 0.263027 0.289478 0.274852 0.278696 0.261913 0.264507 0.259160 0.261784 0.255267 0.262729 0.254217 0.263170 0.252872 0.264051 0.251437 0.265238 0.250132 0.266549 0.249159 0.267782 0.248666 0.268748
0 0.167673 0.596186 0.167674 0.600498 0.167768 0.601551 0.168217 0.603035 0.168953 0.604723 0.169864 0.606356 0.170809 0.607683 0.171644 0.608502 0.174865 0.610688 0.196559 0.617998 0.200028 0.616649 0.202895 0.615227 0.188675 0.586555 0.185076 0.587556
0 0.541510 0.337870 0.548980 0.355560 0.553558 0.356628 0.553825 0.356674 0.554727 0.356428 0.556125 0.355927 0.557806 0.355249 0.559518 0.354494 0.561002 0.353778 0.562033 0.353208 0.562454 0.352871 0.573074 0.326383 0.571815 0.323400 0.541990 0.335995
0 0.362212 0.564471 0.363562 0.580549 0.376070 0.580177 0.400557 0.576985 0.399215 0.561013 0.397110 0.561105 0.374549 0.563005
0 0.091527 0.735254 0.107195 0.751944 0.113032 0.754681 0.114313 0.754922 0.116064 0.755047 0.118018 0.755038 0.119874 0.754897 0.121347 0.754644 0.122214 0.754320 0.127679 0.749568 0.128285 0.730375 0.096296 0.729366 0.091629 0.732018
0 0.494288 0.482724 0.494419 0.487519 0.494699 0.487781 0.495480 0.488495 0.496642 0.489549 0.498010 0.490786 0.499377 0.492017 0.500536 0.493058 0.501313 0.493751 0.501587 0.493989 0.528834 0.492486 0.529167 0.492399 0.531336 0.489996 0.507303 0.468304
0 0.869932 0.694920 0.885103 0.706692 0.889556 0.709082 0.892736 0.707417 0.893820 0.706821 0.895078 0.705735 0.896319 0.704324 0.897351 0.702806 0.898016 0.701413 0.899480 0.696293 0.896614 0.673581 0.894056 0.671596 0.889552 0.669635
0 0.227662 0.441973 0.242015 0.449344 0.249254 0.439742 0.259613 0.419616 0.260267 0.417460 0.246010 0.410137 0.231336 0.429041
0 0.346807 0.978346 0.364633 0.986064 0.369802 0.981974 0.370073 0.981552 0.370600 0.980471 0.371303 0.978896 0.372073 0.977069 0.372793 0.975271 0.373352 0.973776 0.373665 0.972814 0.373686 0.972527 0.372538 0.965824 0.364212 0.944780 0.361275 0.943509 0.348558 0.972879
0 0.788143 0.514665 0.809525 0.538479 0.813104 0.538924 0.815513 0.536761 0.816743 0.513902 0.815487 0.508880 0.815140 0.508109 0.814327 0.506946 0.813171 0.505569 0.811850 0.504188 0.810567 0.503016 0.809519 0.502233 0.808865 0.501957 0.805928 0.501857 0.802431 0.501836
0 0.810316 0.654417 0.812477 0.656777 0.816090 0.658590 0.838961 0.659594 0.842419 0.658987 0.843577 0.658457 0.844993 0.657514 0.846451 0.656303 0.847727 0.655010 0.848624 0.653834 0.850898 0.648662 0.837779 0.634337 0.833918 0.632801
0 0.465568 0.662144 0.481891 0.663465 0.482305 0.659728 0.483855 0.640588 0.480829 0.637728 0.480489 0.637517 0.479470 0.637279 0.477929 0.637051 0.476099 0.636866 0.474257 0.636753 0.472681 0.636729 0.471608 0.636798 0.471204 0.636949 0.467905 0.639297 0.467533 0.640908 0.465832 0.658879
0 0.101377 0.253819 0.103998 0.255782 0.121532 0.268312 0.125858 0.270960 0.130125 0.268550 0.131336 0.267473 0.132537 0.266060 0.133545 0.264525 0.134209 0.263099 0.135453 0.258153 0.120084 0.246639 0.111196 0.240712
0 0.285360 0.471949 0.285654 0.475174 0.288104 0.475457 0.319976 0.472548 0.318230 0.453425 0.313669 0.450044 0.313056 0.450011 0.311802 0.450050 0.310096 0.450156 0.308199 0.450311 0.306404 0.450493 0.304985 0.450673 0.304160 0.450823 0.300008 0.454358
0 0.381632 0.851336 0.396141 0.858599 0.403404 0.844091 0.411691 0.825807 0.411893 0.825062 0.397583 0.817898 0.383256 0.846517
0 0.053860 0.314481 0.058959 0.316601 0.077789 0.320370 0.080647 0.315914 0.081266 0.314520 0.081737 0.312763 0.081989 0.310908 0.081984 0.309235 0.081722 0.307997 0.080929 0.304678 0.068378 0.285847 0.063387 0.283371 0.060213 0.282736
0 0.196841 0.528293 0.204819 0.537121 0.227399 0.550390 0.237260 0.537755 0.235889 0.536295 0.218025 0.522373 0.206768 0.515574
0 0.224780 0.051241 0.230198 0.059412 0.234075 0.064429 0.245437 0.061483 0.263956 0.048482 0.265438 0.046443 0.256205 0.033342 0.233435 0.038826
0 0.203713 0.100637 0.217880 0.108135 0.219397 0.106755 0.229961 0.086719 0.233059 0.073302 0.218798 0.065754 0.209535 0.073771
0 0.470087 0.317059 0.470498 0.319568 0.478823 0.333235 0.506155 0.316584 0.506169 0.316164 0.497825 0.302466 0.483944 0.308618
0 0.788044 0.649980 0.793052 0.681590 0.793724 0.682006 0.809565 0.679496 0.810614 0.665551 0.808075 0.649526 0.803849 0.647475
0 0.595429 0.513747 0.599243 0.532567 0.603648 0.535467 0.604145 0.535441 0.605291 0.535272 0.606910 0.534986 0.608755 0.534627 0.610543 0.534250 0.611999 0.533913 0.612901 0.533666 0.613112 0.533549 0.616256 0.529729 0.628906 0.510649 0.628263 0.507476 0.626796 0.507390
0 0.803791 0.405724 0.803901 0.407319 0.804219 0.409142 0.804696 0.410916 0.805260 0.412376 0.805826 0.413299 0.808569 0.416429 0.827645 0.428604 0.831434 0.427779 0.834595 0.427081 0.827614 0.395468 0.808647 0.399656 0.805119 0.400803 0.803905 0.404598
0 0.524903 0.239552 0.525973 0.245550 0.531185 0.267572 0.533908 0.269253 0.550719 0.242019 0.551305 0.239036 0.534776 0.228833 0.529821 0.231292 0.529304 0.231884 0.528500 0.233020 0.527534 0.234528 0.526553 0.236175 0.525708 0.237709 0.525129 0.238894
0 0.858004 0.593691 0.859100 0.605659 0.865805 0.606770 0.875023 0.608269 0.880955 0.595618 0.878403 0.571810 0.862586 0.569218 0.861635 0.571351
0 0.627323 0.887750 0.628796 0.892233 0.639489 0.912474 0.640754 0.914321 0.641292 0.914977 0.642453 0.915752 0.644061 0.916527 0.645871 0.917183 0.647604 0.917620 0.648993 0.917770 0.654956 0.917248 0.660685 0.898687 0.658848 0.894130 0.628267 0.884692
0 0.154038 0.813043 0.167933 0.821711 0.175524 0.814356 0.185688 0.798064 0.182534 0.793707 0.181446 0.792662 0.179967 0.791610 0.178321 0.790712 0.176755 0.790102 0.175507 0.789873 0.172111 0.789594 0.168319 0.792943 0.155772 0.810264
0 0.268532 0.540817 0.287602 0.542493 0.303417 0.542681 0.304593 0.534512 0.304122 0.526561 0.294467 0.525854 0.271875 0.524864 0.269231 0.524805
0 0.604584 0.395621 0.605063 0.397970 0.611505 0.419659 0.615645 0.429883 0.623014 0.427991 0.631114 0.425296 0.628452 0.411238 0.619951 0.391064
0 0.607438 0.076919 0.617019 0.084534 0.638024 0.092966 0.640362 0.093156 0.646309 0.078272 0.627444 0.062790 0.613425 0.061937
