0 0.591856 0.865979 0.594005 0.874541 0.607027 0.884473 0.609013 0.881868 0.617569 0.864582 0.616408 0.857815 0.615963 0.857121 0.615003 0.856089 0.613676 0.854877 0.612182 0.853667 0.610747 0.852643 0.609587 0.851958 0.608879 0.851717 0.603502 0.850710
0 0.646610 0.070940 0.648206 0.090076 0.680100 0.087416 0.682182 0.082645 0.681913 0.079419 0.664436 0.064633 0.658977 0.063047 0.657531 0.062850 0.655724 0.062889 0.653836 0.063158 0.652156 0.063616 0.650941 0.064192 0.648305 0.065979
0 0.248496 0.733582 0.266664 0.742626 0.282340 0.743376 0.285048 0.734766 0.285986 0.727658 0.276759 0.723265 0.254732 0.718132 0.252118 0.717968
0 0.053954 0.173388 0.059549 0.191990 0.064584 0.195511 0.066148 0.196108 0.067072 0.196403 0.068555 0.196441 0.070371 0.196218 0.072247 0.195767 0.073899 0.195157 0.075078 0.194479 0.079908 0.190901 0.090623 0.170968 0.089701 0.167903 0.084957 0.164064
0 0.443583 0.490125 0.446952 0.493757 0.447389 0.493784 0.448491 0.493842 0.450088 0.493924 0.451941 0.494017 0.453768 0.494107 0.455294 0.494180 0.456288 0.494226 0.456597 0.494236 0.460210 0.491032 0.476987 0.475843 0.477146 0.472647 0.476882 0.472330 0.444547 0.470724
0 0.943088 0.457921 0.943547 0.461089 0.948675 0.460639 0.980715 0.455993 0.977928 0.436770 0.971763 0.434176 0.971504 0.434210 0.970520 0.434350 0.968961 0.434573 0.967066 0.434846 0.965122 0.435127 0.963421 0.435374 0.962220 0.435550 0.961702 0.435628 0.956628 0.439789
0 0.892994 0.303085 0.896889 0.307559 0.897988 0.308404 0.899530 0.309281 0.901280 0.310058 0.902975 0.310618 0.904359 0.310876 0.905221 0.310791 0.907292 0.310272 0.928777 0.303160 0.933734 0.300884 0.935188 0.297992 0.906262 0.283453 0.901618 0.285928
0 0.068188 0.137128 0.070198 0.143698 0.070455 0.144044 0.071238 0.144893 0.072431 0.146116 0.073848 0.147526 0.075273 0.148905 0.076487 0.150043 0.077304 0.150766 0.077603 0.150966 0.084388 0.152641 0.107019 0.152742 0.109292 0.150489 0.086762 0.127758 0.081984 0.123454
0 0.264004 0.257251 0.279276 0.285797 0.281799 0.288245 0.298731 0.279187 0.299163 0.273441 0.298894 0.272773 0.298308 0.271566 0.297492 0.270002 0.296570 0.268318 0.295681 0.266767 0.294960 0.265585 0.294516 0.264951 0.288768 0.262360 0.266859 0.255723
0 0.129242 0.496467 0.131565 0.501398 0.131973 0.502053 0.132926 0.503033 0.134281 0.504188 0.135828 0.505341 0.137329 0.506314 0.138556 0.506959 0.139320 0.507179 0.146003 0.506469 0.168489 0.503908 0.170481 0.501403 0.145435 0.481479 0.141335 0.481265
0 0.895329 0.237788 0.895971 0.242628 0.896452 0.244175 0.897264 0.245840 0.898284 0.247371 0.899358 0.248538 0.903284 0.251672 0.919946 0.242125 0.924801 0.239143 0.908706 0.211054 0.905897 0.212663 0.901257 0.215947
0 0.429436 0.412486 0.430243 0.413487 0.452005 0.436954 0.466085 0.423896 0.466209 0.418773 0.465914 0.418396 0.465162 0.417535 0.464068 0.416321 0.462798 0.414940 0.461547 0.413603 0.460508 0.412516 0.459840 0.411846 0.459643 0.411693 0.454686 0.411147 0.431810 0.410285
0 0.302296 0.225220 0.310595 0.228662 0.312470 0.229008 0.317719 0.229960 0.322506 0.221393 0.329169 0.199785 0.329563 0.197123 0.314242 0.192415 0.304435 0.209237
0 0.646253 0.225366 0.654306 0.256341 0.669793 0.252315 0.672155 0.248870 0.668072 0.233167 0.662111 0.220701 0.646588 0.224737
0 0.241954 0.197330 0.242544 0.198022 0.273840 0.204721 0.277189 0.189073 0.274091 0.184749 0.258225 0.181353 0.245311 0.181647
0 0.557109 0.542425 0.575248 0.568793 0.576118 0.569588 0.578785 0.567754 0.582948 0.545243 0.583464 0.540393 0.583366 0.540143 0.582865 0.539323 0.582037 0.538058 0.581007 0.536541 0.579936 0.535004 0.578986 0.533684 0.578303 0.532783 0.577992 0.532437 0.572930 0.531542
0 0.284145 0.478802 0.287698 0.494541 0.300404 0.492106 0.322496 0.487124 0.324432 0.486601 0.320903 0.470967 0.295581 0.475534
0 0.229226 0.886625 0.231853 0.896626 0.247988 0.896634 0.250041 0.882154 0.250074 0.859491 0.249672 0.857792 0.233644 0.857784
0 0.795163 0.067992 0.799413 0.072735 0.800895 0.073856 0.802539 0.074699 0.808827 0.076573 0.819251 0.060644 0.826047 0.048698 0.812473 0.040175 0.810761 0.042841 0.798751 0.061969
0 0.806506 0.319414 0.810564 0.323506 0.811992 0.324737 0.813598 0.325609 0.819765 0.328607 0.830825 0.315503 0.838288 0.299975 0.825117 0.290842 0.823298 0.293048 0.810430 0.311630
0 0.386602 0.103507 0.389126 0.122767 0.390393 0.127079 0.422126 0.122920 0.421711 0.119747 0.420805 0.115350 0.402652 0.101403 0.399078 0.100242 0.397924 0.099930 0.396290 0.099834 0.394424 0.099970 0.392614 0.100316 0.391138 0.100819
0 0.747706 0.666523 0.751994 0.681940 0.755498 0.684470 0.771130 0.680123 0.783476 0.673761 0.779178 0.658309 0.778540 0.657947
0 0.629080 0.287891 0.644107 0.293391 0.644437 0.292918 0.651688 0.275282 0.657265 0.260045 0.642029 0.254468 0.640081 0.257836
0 0.085363 0.178900 0.091050 0.183304 0.122933 0.186096 0.124329 0.170155 0.123468 0.169399 0.102941 0.164152 0.086778 0.162737
0 0.334407 0.113448 0.336486 0.142279 0.352508 0.142717 0.352807 0.141018 0.353413 0.118364 0.352523 0.103892 0.336394 0.103451
0 0.555030 0.632666 0.567736 0.642609 0.576966 0.633066 0.589610 0.613143 0.576988 0.603265 0.575462 0.604890 0.561520 0.622722
0 0.317608 0.189256 0.320110 0.193518 0.351833 0.197750 0.353949 0.181888 0.353614 0.181159 0.335835 0.175319 0.319753 0.173173
0 0.547740 0.367065 0.562934 0.378807 0.567970 0.377655 0.568105 0.377526 0.568668 0.376836 0.569571 0.375693 0.570679 0.374268 0.571824 0.372778 0.572833 0.371447 0.573554 0.370476 0.573875 0.370014 0.573560 0.364598 0.570650 0.341891 0.568089 0.339911 0.548292 0.365528
0 0.674781 0.312846 0.677349 0.324893 0.685351 0.346071 0.686457 0.347953 0.701446 0.342275 0.696658 0.318231 0.689870 0.307130
0 0.781420 0.953185 0.787494 0.971402 0.790818 0.976852 0.795343 0.977054 0.797056 0.976915 0.798893 0.976454 0.800573 0.975742 0.801837 0.974889 0.806174 0.971733 0.816411 0.951256 0.815387 0.948185 0.811782 0.943062
0 0.484593 0.633421 0.487322 0.637983 0.506444 0.641396 0.512132 0.609525 0.511993 0.608273 0.508842 0.607710 0.490278 0.620653 0.486290 0.623914 0.486243 0.624112 0.486075 0.625002 0.485811 0.626446 0.485491 0.628225 0.485164 0.630072 0.484878 0.631707 0.484678 0.632884
0 0.809523 0.275590 0.811238 0.276480 0.833277 0.281718 0.847046 0.282567 0.850794 0.266874 0.840723 0.261355 0.813246 0.260001
0 0.122219 0.531633 0.132640 0.548025 0.136839 0.547476 0.163848 0.530305 0.162131 0.527604 0.140041 0.522686 0.133421 0.521657 0.132626 0.521883 0.131328 0.522470 0.129726 0.523330 0.128063 0.524331 0.126597 0.525319 0.125552 0.526143 0.125087 0.526676
0 0.162742 0.306288 0.177607 0.335048 0.181292 0.336934 0.184135 0.335464 0.191003 0.313901 0.191026 0.308328 0.190892 0.307614 0.190405 0.306371 0.189641 0.304786 0.188714 0.303098 0.187764 0.301563 0.186935 0.300413 0.186353 0.299823 0.179998 0.297369
0 0.305041 0.266422 0.315162 0.281193 0.324973 0.294510 0.330574 0.291556 0.332194 0.290652 0.333575 0.289407 0.338091 0.285116 0.332852 0.277709 0.319689 0.259329 0.318072 0.257089
0 0.260257 0.759068 0.266549 0.774023 0.281505 0.767731 0.298791 0.758443 0.299251 0.757853 0.293045 0.743103 0.263546 0.755514
0 0.216689 0.680866 0.220395 0.696570 0.231174 0.695309 0.257495 0.686952 0.253814 0.671352 0.251996 0.671599 0.229947 0.676811
0 0.940146 0.293461 0.941411 0.309413 0.973315 0.306884 0.979897 0.304198 0.978615 0.288024 0.962441 0.289306 0.941155 0.292988
0 0.730455 0.887491 0.733948 0.903107 0.734484 0.904031 0.753035 0.905172 0.768869 0.901630 0.765327 0.885796 0.761688 0.880504
