0 0.449448 0.675719 0.465562 0.676524 0.466404 0.663847 0.467535 0.641231 0.467597 0.639183 0.451589 0.638383 0.449644 0.663566
0 0.785261 0.706840 0.787839 0.712526 0.787904 0.712618 0.788600 0.713088 0.789823 0.713866 0.791388 0.714834 0.793056 0.715844 0.794568 0.716741 0.795694 0.717385 0.796262 0.717681 0.802444 0.717554 0.824650 0.711993 0.826315 0.709216 0.822585 0.706824 0.795134 0.690370
0 0.622805 0.574713 0.638419 0.585891 0.640020 0.586884 0.643870 0.585759 0.644274 0.585573 0.645047 0.584816 0.646070 0.583602 0.647188 0.582116 0.648228 0.580587 0.649031 0.579250 0.649474 0.578309 0.649491 0.577907 0.649443 0.573722 0.645703 0.551138 0.643071 0.549253 0.641436 0.548690
0 0.300725 0.864263 0.311244 0.873961 0.334560 0.877806 0.341619 0.863416 0.339831 0.861830 0.319499 0.851893 0.307831 0.849777 0.304784 0.855751
0 0.743187 0.519381 0.774231 0.527164 0.777402 0.527478 0.782126 0.508637 0.778224 0.504403 0.777519 0.504153 0.776203 0.503774 0.774477 0.503324 0.772607 0.502873 0.770879 0.502489 0.769559 0.502231 0.768847 0.502139 0.763379 0.504647 0.743966 0.516277
0 0.607598 0.068219 0.639343 0.072288 0.640954 0.067343 0.641365 0.064131 0.627367 0.046017 0.622774 0.043532 0.621308 0.042990 0.619500 0.042634 0.617630 0.042519 0.615985 0.042662 0.611311 0.043959 0.610039 0.049172
0 0.454685 0.365244 0.457162 0.385709 0.459515 0.400445 0.467635 0.399812 0.475489 0.398174 0.474104 0.387857 0.470921 0.365461 0.470554 0.362988
0 0.440434 0.142525 0.442436 0.148932 0.459710 0.157319 0.466700 0.142924 0.465921 0.134570 0.462974 0.133140 0.448841 0.130311 0.444418 0.133685 0.443898 0.134218 0.443169 0.135357 0.442344 0.136929 0.441550 0.138692 0.440908 0.140376 0.440516 0.141721
0 0.804043 0.200767 0.833434 0.213436 0.837289 0.210123 0.844978 0.192285 0.840926 0.188319 0.839738 0.187463 0.838125 0.186647 0.836334 0.185995 0.834640 0.185609 0.833303 0.185546 0.830113 0.185877 0.808840 0.194334 0.805310 0.197828
0 0.664330 0.723318 0.667275 0.729813 0.671643 0.737701 0.685716 0.733737 0.702794 0.719712 0.695529 0.705425 0.693187 0.706126 0.673029 0.716402
0 0.141089 0.240005 0.149645 0.244132 0.155974 0.246230 0.163113 0.237906 0.171872 0.217050 0.172222 0.214492 0.157435 0.208308 0.142924 0.224630
0 0.107761 0.052436 0.115372 0.066541 0.117993 0.066158 0.137878 0.055374 0.144900 0.046342 0.142418 0.040707 0.137238 0.032143 0.121444 0.034146
0 0.157718 0.366624 0.163772 0.375534 0.184523 0.394143 0.196310 0.383282 0.195257 0.381797 0.179896 0.365142 0.169584 0.355691
0 0.859098 0.667703 0.863250 0.669642 0.895571 0.671505 0.896688 0.652112 0.891391 0.647638 0.890509 0.647422 0.889031 0.647198 0.887182 0.646998 0.885242 0.646854 0.883504 0.646786 0.882230 0.646806 0.881614 0.646910 0.876178 0.649453 0.859282 0.664508
0 0.413338 0.103342 0.415629 0.104718 0.437026 0.112038 0.447244 0.112548 0.450191 0.106296 0.452486 0.097288 0.438876 0.088817 0.418546 0.088183
0 0.595200 0.849929 0.616763 0.866940 0.627626 0.870108 0.635526 0.856039 0.624609 0.847635 0.604865 0.836527 0.603047 0.835953
0 0.609190 0.200210 0.611798 0.202064 0.634112 0.198290 0.639564 0.196015 0.640013 0.195503 0.640813 0.194457 0.641843 0.193036 0.642947 0.191455 0.643959 0.189951 0.644725 0.188752 0.645129 0.188042 0.645040 0.181607 0.629206 0.170354 0.610452 0.196744
0 0.194418 0.132616 0.197170 0.133463 0.219632 0.135984 0.228613 0.134281 0.230179 0.129410 0.230594 0.127536 0.230595 0.125742 0.230431 0.118249 0.213975 0.112932 0.196225 0.116690
0 0.476832 0.962304 0.499100 0.973469 0.512707 0.970975 0.515183 0.955031 0.503935 0.949607 0.481573 0.946097 0.479291 0.946466
0 0.858325 0.622147 0.860024 0.624859 0.864187 0.626303 0.886499 0.631426 0.888820 0.631860 0.889646 0.631839 0.890972 0.631430 0.892597 0.630694 0.894272 0.629744 0.895739 0.628726 0.896773 0.627795 0.900216 0.622832 0.889903 0.606371 0.885446 0.605155
0 0.895303 0.594091 0.896967 0.599143 0.897703 0.600904 0.898744 0.602378 0.903070 0.608233 0.919210 0.602606 0.932152 0.590081 0.924436 0.576033 0.921759 0.577006 0.901958 0.587907
0 0.698894 0.365620 0.714863 0.381655 0.719387 0.384555 0.720187 0.384686 0.721584 0.384775 0.723367 0.384809 0.725268 0.384783 0.726998 0.384700 0.728297 0.384573 0.728966 0.384422 0.733534 0.380321 0.733575 0.360896 0.701200 0.360828 0.698901 0.362419
0 0.110303 0.685361 0.127448 0.712823 0.131707 0.710391 0.134422 0.708696 0.139521 0.686647 0.138777 0.681536 0.138219 0.680076 0.137339 0.678467 0.136269 0.676951 0.135170 0.675758 0.134208 0.675068 0.131046 0.673073 0.126780 0.675074
0 0.241934 0.557354 0.258758 0.567275 0.273768 0.572008 0.277827 0.564433 0.280084 0.557160 0.271512 0.552289 0.250707 0.543427 0.248208 0.542605
0 0.087355 0.822806 0.100660 0.836960 0.105224 0.833108 0.128544 0.811188 0.126351 0.808856 0.103732 0.808156 0.097030 0.809483 0.096766 0.809640 0.095965 0.810302 0.094747 0.811368 0.093299 0.812678 0.091840 0.814030 0.090597 0.815217 0.089760 0.816056 0.089456 0.816420
0 0.094999 0.116259 0.100554 0.121522 0.132245 0.125992 0.134480 0.110146 0.133642 0.109253 0.113331 0.102459 0.097265 0.100193
0 0.324017 0.700020 0.339766 0.702998 0.340446 0.700436 0.344637 0.678215 0.345473 0.668523 0.338121 0.666301 0.329619 0.665525 0.325363 0.680807
0 0.302741 0.479534 0.302945 0.480470 0.303434 0.481892 0.304134 0.483582 0.304936 0.485282 0.305718 0.486728 0.306361 0.487701 0.306765 0.488053 0.310105 0.489550 0.312275 0.489670 0.329831 0.481890 0.323348 0.467260 0.319215 0.466494 0.316220 0.467821 0.303546 0.474751
0 0.537208 0.919696 0.560664 0.928572 0.573787 0.925563 0.575147 0.909485 0.563319 0.905209 0.540764 0.903268 0.538559 0.903725
0 0.278091 0.111673 0.282536 0.127073 0.285071 0.127041 0.306798 0.120734 0.316119 0.114480 0.314666 0.108000 0.311645 0.098978 0.296443 0.098892
0 0.359873 0.513980 0.379225 0.521682 0.393410 0.525957 0.396545 0.518323 0.398669 0.510703 0.388849 0.506947 0.367464 0.499571 0.365097 0.498827
0 0.627013 0.954872 0.628482 0.960132 0.641623 0.977035 0.643951 0.979340 0.655472 0.967701 0.651918 0.957009 0.638271 0.943500 0.633052 0.945848 0.631854 0.946626 0.630524 0.947818 0.629262 0.949244 0.628260 0.950689 0.627667 0.951936
0 0.459474 0.223407 0.460400 0.229730 0.466702 0.244439 0.484353 0.236877 0.486139 0.231059 0.485976 0.230366 0.485547 0.229098 0.484917 0.227451 0.484183 0.225675 0.483458 0.224043 0.482852 0.222807 0.482458 0.222154 0.477798 0.218955 0.462485 0.222117
0 0.462463 0.222331 0.462892 0.225505 0.466001 0.226266 0.485350 0.214528 0.489454 0.210599 0.489714 0.209908 0.490093 0.208607 0.490534 0.206895 0.490969 0.205029 0.491334 0.203292 0.491573 0.201945 0.491649 0.201194 0.489030 0.195504 0.470162 0.190885
0 0.038303 0.640091 0.039900 0.645398 0.040502 0.646761 0.041499 0.648279 0.042738 0.649719 0.044027 0.650859 0.045170 0.651526 0.048063 0.653005 0.053229 0.651256 0.068549 0.639678 0.049251 0.614145 0.044040 0.615465 0.041457 0.617417
0 0.734799 0.667188 0.734804 0.669020 0.734846 0.675785 0.750961 0.679077 0.769282 0.678701 0.771087 0.662775 0.768391 0.662257 0.745925 0.659722 0.736663 0.659753 0.735220 0.665352
0 0.665059 0.413065 0.691531 0.431052 0.693745 0.430254 0.695565 0.427577 0.691273 0.405090 0.689379 0.400660 0.688724 0.399959 0.687566 0.399001 0.686081 0.397932 0.684499 0.396917 0.683062 0.396112 0.681990 0.395640 0.681446 0.395571 0.677884 0.395993 0.675851 0.397182
0 0.560497 0.216504 0.565975 0.219948 0.567568 0.220884 0.569346 0.221453 0.575229 0.223083 0.579208 0.215054 0.588429 0.194415 0.589501 0.191842 0.574866 0.185307 0.566758 0.201030
0 0.071590 0.805094 0.087337 0.812146 0.105060 0.810314 0.106907 0.803039 0.107253 0.801279 0.107230 0.799362 0.106472 0.794241 0.098455 0.790865 0.075945 0.788861 0.072993 0.789127
0 0.717882 0.046164 0.722284 0.049074 0.723636 0.049779 0.725366 0.050333 0.727215 0.050651 0.728902 0.050685 0.733430 0.049950 0.736129 0.044746 0.742765 0.023509 0.743540 0.020326 0.727628 0.016452 0.722424 0.027506
