0 0.522139 0.193822 0.532375 0.224146 0.556634 0.215957 0.562698 0.213910 0.564467 0.205841 0.556048 0.180898 0.553943 0.174662 0.529000 0.183081 0.522764 0.185186
0 0.790230 0.200829 0.792715 0.204765 0.831115 0.205389 0.832636 0.204036 0.838862 0.198497 0.839394 0.165748 0.800095 0.165109 0.796074 0.169105 0.790647 0.175170 0.790334 0.194414
0 0.314741 0.151687 0.319823 0.161242 0.325980 0.162990 0.344453 0.168234 0.350611 0.169982 0.359351 0.139194 0.355383 0.129017 0.349052 0.127219 0.323727 0.120030 0.316538 0.145356
0 0.066561 0.128452 0.078478 0.138668 0.084785 0.139845 0.110012 0.144552 0.111189 0.138245 0.115896 0.113018 0.105036 0.102077 0.072611 0.096027
0 0.897330 0.740738 0.921234 0.770798 0.931089 0.777133 0.936216 0.773056 0.956725 0.756747 0.932262 0.725984 0.924320 0.721832 0.922380 0.720818 0.918841 0.720810 0.917585 0.721808 0.898755 0.736782
0 0.149187 0.259728 0.149672 0.299029 0.151303 0.299965 0.157680 0.303624 0.164081 0.303545 0.183282 0.303308 0.189682 0.303229 0.189209 0.264827 0.185250 0.261120 0.183801 0.260020 0.179373 0.256659 0.177739 0.256679 0.153233 0.256981
0 0.348806 0.876589 0.375277 0.905642 0.380185 0.904910 0.394677 0.891705 0.399508 0.887303 0.401237 0.880640 0.401350 0.880204 0.401786 0.874814 0.375920 0.846425 0.371188 0.850736 0.352262 0.867980 0.349510 0.874835
0 0.768677 0.380359 0.775044 0.381019 0.794145 0.382997 0.800512 0.383656 0.801892 0.383122 0.806110 0.381489 0.807542 0.380934 0.811591 0.341839 0.807950 0.338621 0.783572 0.336097 0.781947 0.335929 0.780637 0.336691 0.776779 0.338936 0.772633 0.342158
0 0.307721 0.717901 0.326207 0.736732 0.330829 0.741439 0.354367 0.718332 0.358371 0.712329 0.353876 0.707750 0.335899 0.689438 0.331321 0.693932 0.313008 0.711910
0 0.553544 0.273177 0.591493 0.279079 0.595365 0.275896 0.595804 0.274865 0.597146 0.271712 0.601163 0.245881 0.598667 0.241547 0.559830 0.235507 0.559551 0.236738 0.558730 0.240366 0.558462 0.241553 0.557478 0.247878 0.554527 0.266852
0 0.371310 0.548704 0.399585 0.576004 0.400053 0.575650 0.401881 0.574267 0.424111 0.551242 0.396482 0.524566 0.391709 0.524702 0.391585 0.524730 0.389687 0.525163 0.385147 0.529865 0.371529 0.543970
0 0.238553 0.383693 0.261173 0.407700 0.267740 0.410238 0.286417 0.392639 0.291086 0.388239 0.286687 0.383570 0.273488 0.369562 0.269088 0.364893 0.262560 0.361073 0.257758 0.365597 0.243354 0.379169
0 0.434695 0.198982 0.434999 0.200384 0.435895 0.204513 0.436188 0.205863 0.461755 0.234522 0.480861 0.217477 0.485637 0.213216 0.485370 0.207874 0.485301 0.206507 0.459136 0.177178 0.454618 0.177668 0.453398 0.178756 0.436330 0.193983 0.435111 0.195071
0 0.469687 0.787681 0.502440 0.787840 0.502632 0.748537 0.502583 0.743971 0.502571 0.742855 0.499385 0.740188 0.480139 0.740094 0.473723 0.740063 0.470567 0.742699 0.470019 0.747220 0.469879 0.748377
0 0.367512 0.605117 0.372265 0.609625 0.386524 0.623148 0.391277 0.627655 0.418323 0.599136 0.418704 0.598675 0.419824 0.597315 0.420190 0.596870 0.419887 0.592557 0.415232 0.588142 0.401267 0.574898 0.396968 0.574847 0.394557 0.576598
0 0.773918 0.953179 0.775176 0.955261 0.780326 0.963782 0.803418 0.987010 0.831292 0.959300 0.830532 0.953607 0.830147 0.953078 0.824846 0.945803 0.824473 0.945292 0.806381 0.927092 0.801154 0.926103
0 0.121126 0.062296 0.130790 0.093834 0.140942 0.105001 0.147076 0.103122 0.165478 0.097483 0.171612 0.095603 0.162214 0.064933 0.152664 0.052632
0 0.947350 0.234268 0.947795 0.238158 0.962491 0.257206 0.963471 0.258476 0.966900 0.259607 0.969045 0.258503 0.977824 0.253983 0.996248 0.239198 1.000000 0.235215 1.000000 0.224788 0.992937 0.209229 0.988935 0.204042 0.977758 0.210808
0 0.560671 0.206645 0.573215 0.242944 0.597414 0.234582 0.603464 0.232491 0.605885 0.226233 0.593047 0.189084 0.588675 0.187788 0.570144 0.194192 0.563967 0.196327 0.562090 0.199782
0 0.560488 0.055655 0.582467 0.068901 0.587962 0.072212 0.591274 0.066717 0.601208 0.050232 0.604519 0.044737 0.607474 0.031866 0.601824 0.028461 0.579223 0.014841 0.575818 0.020491 0.562198 0.043092
0 0.866579 0.263352 0.872301 0.266219 0.895193 0.277687 0.902555 0.273546 0.904439 0.272486 0.922044 0.237346 0.919601 0.233573 0.896228 0.221864 0.892760 0.222675 0.890931 0.223966 0.885544 0.227770 0.883781 0.229015
0 0.003960 0.867839 0.026166 0.900269 0.031814 0.900184 0.037206 0.896492 0.053383 0.885415 0.053904 0.884966 0.061570 0.878350 0.063405 0.873036 0.041706 0.841348 0.036425 0.844964 0.020581 0.855813 0.015299 0.859430
0 0.644884 0.534152 0.656968 0.570607 0.660640 0.572259 0.691730 0.561954 0.679364 0.524646 0.674816 0.522515 0.674612 0.522488 0.671808 0.522127 0.671611 0.522102 0.647252 0.530176
0 0.020765 0.349948 0.032627 0.371393 0.033418 0.372823 0.036778 0.373806 0.038935 0.374394 0.045288 0.376125 0.047367 0.376691 0.080974 0.358103 0.077876 0.352501 0.065484 0.330097 0.063488 0.329316 0.057389 0.326931 0.055318 0.326122 0.020925 0.345145
0 0.245149 0.195608 0.246335 0.197025 0.249831 0.201200 0.250975 0.202566 0.273395 0.214930 0.279001 0.218020 0.297546 0.184389 0.295822 0.179308 0.295588 0.178940 0.292252 0.173701 0.292009 0.173320 0.286286 0.170164 0.269117 0.160697 0.264127 0.161190
0 0.241392 0.645066 0.256174 0.666700 0.259870 0.672109 0.292322 0.649936 0.296138 0.647181 0.297070 0.646508 0.297444 0.642385 0.282966 0.621197 0.279014 0.620083 0.277999 0.620634 0.273844 0.622892
0 0.615416 0.231116 0.618054 0.234366 0.624294 0.235859 0.643012 0.240337 0.646542 0.238563 0.649971 0.232446 0.659116 0.194221 0.633632 0.188124 0.627261 0.186600 0.626668 0.188060 0.624923 0.192358 0.624352 0.193765
0 0.137803 0.502744 0.166078 0.530044 0.171478 0.529893 0.177500 0.529345 0.194211 0.512037 0.195325 0.510883 0.195942 0.506333 0.168313 0.479657 0.166790 0.479563 0.160553 0.479181 0.156003 0.483893 0.142353 0.498031
0 0.628077 0.521871 0.630463 0.522278 0.631073 0.522382 0.637622 0.522540 0.663817 0.523169 0.664761 0.483876 0.661188 0.480568 0.636688 0.479980 0.635054 0.479941 0.632579 0.480308 0.628999 0.483476
0 0.308223 0.069703 0.320869 0.106917 0.321703 0.108748 0.324160 0.114139 0.324964 0.115903 0.328632 0.117028 0.352930 0.108772 0.355267 0.105606 0.342910 0.069243 0.342189 0.067264 0.339984 0.061218 0.339235 0.059165 0.333033 0.061272 0.314426 0.067595
0 0.299667 0.641235 0.330761 0.651528 0.334630 0.648064 0.346699 0.611604 0.344311 0.607806 0.319949 0.599742 0.316316 0.601546 0.312894 0.603438 0.312019 0.603922
0 0.654780 0.575128 0.655406 0.600783 0.658329 0.603674 0.661278 0.605605 0.662033 0.606099 0.701325 0.605140 0.700686 0.578945 0.700526 0.572396 0.695942 0.570741 0.657548 0.571679
0 0.893568 0.340966 0.913571 0.373750 0.918928 0.374528 0.920857 0.373951 0.926751 0.372186 0.949066 0.358570 0.951207 0.353737 0.930735 0.320185 0.920888 0.324296 0.915424 0.327630
0 0.595226 0.671521 0.597918 0.676371 0.629606 0.685530 0.631438 0.679192 0.638765 0.653842 0.634949 0.649612 0.610296 0.642486 0.604133 0.640705 0.597007 0.665358
