0 0.794486 0.571644 0.824116 0.583741 0.830154 0.585301 0.831699 0.585700 0.846555 0.549311 0.843956 0.544936 0.819753 0.535055 0.814252 0.534452 0.813892 0.534413 0.809002 0.536088
0 0.205163 0.695038 0.208054 0.698645 0.233115 0.706083 0.236562 0.704357 0.242585 0.699685 0.253512 0.662867 0.247375 0.661045 0.222830 0.653761 0.221557 0.654467 0.217666 0.656625 0.216345 0.657358
0 0.340841 0.390092 0.345766 0.429086 0.348599 0.430389 0.349292 0.430707 0.374693 0.427499 0.381044 0.426696 0.376231 0.388594 0.375663 0.388082 0.373926 0.386518 0.373336 0.385987 0.369980 0.383421 0.345665 0.386492 0.344045 0.386697
0 0.802889 0.717824 0.807388 0.722377 0.825386 0.740588 0.831448 0.745070 0.832999 0.746216 0.860954 0.718588 0.860138 0.713457 0.855544 0.708808 0.841762 0.694863 0.841364 0.694636 0.835883 0.691511 0.835498 0.691292 0.830205 0.690828
0 0.137018 0.613635 0.174290 0.626111 0.175807 0.625524 0.181736 0.623228 0.185066 0.621487 0.187103 0.615403 0.193213 0.597152 0.191895 0.592879 0.155476 0.580688 0.153893 0.581058 0.147416 0.582575 0.145336 0.588787
0 0.877184 0.402383 0.877882 0.406693 0.882249 0.411393 0.895351 0.425491 0.898970 0.425828 0.906403 0.424446 0.908305 0.424092 0.937096 0.397336 0.914799 0.373344 0.905317 0.376239
0 0.792561 0.262184 0.794543 0.268270 0.800490 0.286529 0.802473 0.292615 0.838990 0.280720 0.845305 0.276636 0.846921 0.275590 0.848206 0.271995 0.842134 0.253353 0.840110 0.247139 0.836777 0.244447 0.799405 0.256620
0 0.861475 0.349232 0.886191 0.355916 0.892370 0.357586 0.903437 0.353569 0.905155 0.347216 0.912027 0.321803 0.905674 0.320085 0.886614 0.314931 0.880260 0.313213 0.869829 0.318337 0.868158 0.324516
0 0.609476 0.285758 0.626841 0.312642 0.659102 0.291803 0.662066 0.287925 0.662824 0.286932 0.663416 0.282912 0.649232 0.260953 0.645052 0.259420 0.612037 0.280745
0 0.370205 0.723406 0.376702 0.724457 0.402690 0.728660 0.405360 0.722387 0.409448 0.697112 0.410470 0.690793 0.378876 0.685683 0.375459 0.690921 0.374408 0.697418
0 0.643752 0.508591 0.667631 0.517828 0.673601 0.520137 0.678498 0.520705 0.687995 0.496152 0.690369 0.490014 0.684231 0.487639 0.659678 0.478142 0.655297 0.478742 0.646061 0.502621
0 0.898528 0.727275 0.907852 0.732592 0.914230 0.734084 0.939744 0.740051 0.948696 0.701780 0.945211 0.697383 0.937050 0.693765 0.918310 0.689382 0.912062 0.687921 0.907275 0.689878
0 0.503267 0.810033 0.503270 0.810389 0.503327 0.815822 0.506120 0.820263 0.545036 0.825767 0.545954 0.819281 0.548706 0.799823 0.549623 0.793337 0.548712 0.787947 0.548489 0.786631 0.510462 0.781252 0.506860 0.784624 0.504165 0.803681
0 0.561442 0.547926 0.562329 0.552224 0.563490 0.553197 0.563788 0.553446 0.597167 0.574198 0.614460 0.546381 0.581081 0.525630 0.580703 0.525510 0.579227 0.525044 0.574991 0.526132 0.574144 0.527494 0.562288 0.546564
0 0.441940 0.432473 0.444425 0.436134 0.444684 0.436432 0.445695 0.437594 0.483452 0.444621 0.484624 0.438328 0.488137 0.419450 0.489308 0.413157 0.489259 0.412758 0.489109 0.411539 0.489058 0.411125 0.450418 0.403934 0.446723 0.406773 0.446424 0.408379
0 0.743106 0.062495 0.758741 0.090505 0.764343 0.087378 0.786750 0.074870 0.794858 0.062851 0.781997 0.039809 0.778781 0.034049 0.749979 0.050125
0 0.174003 0.804945 0.186455 0.835239 0.222808 0.820296 0.224099 0.818805 0.227901 0.814412 0.229145 0.812974 0.230272 0.809505 0.227833 0.803571 0.222955 0.791703 0.220516 0.785770 0.216978 0.783373 0.181456 0.797974 0.179993 0.799342 0.175522 0.803524
0 0.633136 0.088906 0.634997 0.092225 0.652449 0.100341 0.658267 0.103046 0.662156 0.102401 0.678350 0.067576 0.679169 0.065590 0.682522 0.057459 0.652823 0.043649 0.636250 0.079288 0.633747 0.087018
0 0.519924 0.409967 0.522751 0.413670 0.560974 0.417416 0.562110 0.415877 0.562400 0.415484 0.564956 0.389406 0.565595 0.382886 0.526478 0.379053 0.522846 0.382269 0.522819 0.382406 0.522452 0.384294 0.522427 0.384427 0.521801 0.390812 0.520549 0.403582
0 0.525992 0.071086 0.549690 0.080780 0.555614 0.083203 0.570155 0.047657 0.571462 0.039230 0.571796 0.037074 0.569842 0.033893 0.547158 0.024614 0.545646 0.023996 0.541481 0.024673 0.526600 0.061051 0.526476 0.063096
0 0.859218 0.448471 0.895239 0.461795 0.897054 0.461620 0.904485 0.460901 0.907740 0.459061 0.916242 0.436076 0.916809 0.434543 0.915848 0.430182 0.878985 0.416547 0.877220 0.416935 0.872022 0.418080 0.870321 0.418455
0 0.065378 0.462629 0.066735 0.466519 0.104842 0.476146 0.113875 0.476692 0.115443 0.470486 0.121714 0.445662 0.084479 0.436255 0.082570 0.435962 0.074757 0.434764 0.071781 0.437284
0 0.523576 0.874536 0.523684 0.876256 0.524015 0.881513 0.524128 0.883298 0.539069 0.904824 0.542804 0.910205 0.575092 0.887793 0.575738 0.882341 0.574350 0.875332 0.559717 0.854251 0.555126 0.852637
0 0.464036 0.391886 0.465309 0.396061 0.465946 0.397971 0.466102 0.398438 0.500026 0.416442 0.503027 0.410788 0.515030 0.388172 0.515310 0.386089 0.515381 0.385556 0.480664 0.367130 0.476291 0.368795 0.467099 0.386113
0 0.833342 0.644345 0.854775 0.676214 0.861384 0.679497 0.863075 0.680336 0.866763 0.680803 0.872186 0.677156 0.883032 0.669862 0.888455 0.666214 0.890253 0.662057 0.868319 0.629443 0.859899 0.626484 0.838653 0.640773
0 0.035571 0.896227 0.041602 0.898900 0.059696 0.906917 0.065728 0.909589 0.077668 0.898327 0.080267 0.892462 0.088064 0.874865 0.090663 0.868999 0.084797 0.866400 0.061335 0.856005 0.048932 0.866070 0.038243 0.890196
0 0.454112 0.261994 0.454955 0.266367 0.455161 0.267435 0.474410 0.300668 0.478735 0.301379 0.484287 0.298164 0.500942 0.288517 0.502105 0.284627 0.502154 0.279588 0.482454 0.245577
0 0.575799 0.795460 0.576147 0.796817 0.577572 0.802373 0.611297 0.822558 0.615519 0.820679 0.618876 0.815072 0.628945 0.798249 0.628118 0.794454 0.625764 0.789044 0.625189 0.787723 0.592235 0.767999 0.579086 0.789968
0 0.399934 0.335222 0.402222 0.338989 0.415866 0.360654 0.419277 0.366070 0.451775 0.345604 0.452670 0.340826 0.451786 0.337854 0.441338 0.321264 0.437855 0.315734 0.433193 0.314277
0 0.680147 0.835034 0.686806 0.859818 0.690073 0.866109 0.690295 0.866536 0.694753 0.869707 0.732711 0.859508 0.725911 0.834203 0.724211 0.827877 0.723167 0.826350 0.719086 0.820381 0.681996 0.830347
0 0.782372 0.023422 0.793986 0.060029 0.798688 0.061109 0.823148 0.053348 0.829182 0.045008 0.832084 0.039831 0.820197 0.002367 0.813953 0.004348 0.788978 0.012272 0.783668 0.021233
