0 0.088562 0.650487 0.114585 0.670377 0.123396 0.666482 0.146718 0.635968 0.145308 0.631783 0.124919 0.616200 0.121290 0.616533 0.114235 0.618704 0.112430 0.619260
0 0.107331 0.138698 0.118128 0.148632 0.142956 0.168943 0.147019 0.163977 0.163267 0.144115 0.153747 0.134053 0.133323 0.117344 0.128217 0.113167 0.111508 0.133592
0 0.488345 0.109439 0.488612 0.118368 0.494356 0.156341 0.497994 0.158246 0.523368 0.154408 0.526000 0.151555 0.526120 0.149954 0.526609 0.143403 0.520730 0.104541
0 0.504652 0.758772 0.504727 0.765173 0.505028 0.790774 0.505051 0.792110 0.505146 0.797577 0.544447 0.797115 0.547572 0.793116 0.547342 0.773511 0.547265 0.766976 0.547210 0.766665 0.546399 0.762083 0.543055 0.758321
0 0.180110 0.516585 0.195078 0.552928 0.202048 0.551718 0.225723 0.541967 0.231641 0.539529 0.217015 0.504018 0.212179 0.502283 0.210854 0.502293 0.206805 0.502325 0.184144 0.511658 0.182633 0.512281
0 0.608071 0.197560 0.609580 0.203780 0.615617 0.228662 0.652940 0.219606 0.655651 0.215090 0.655830 0.214763 0.658373 0.210109 0.658558 0.209770 0.653935 0.190717 0.652394 0.184366 0.648795 0.181217 0.610600 0.190484 0.610084 0.191925
0 0.368632 0.168119 0.371046 0.174216 0.371636 0.175705 0.377319 0.178649 0.400055 0.190424 0.417717 0.156321 0.417339 0.154742 0.415792 0.148280 0.414590 0.144697 0.413139 0.143945 0.391377 0.132675 0.386708 0.133217
0 0.594665 0.871057 0.595256 0.876428 0.597035 0.883457 0.598281 0.884513 0.616980 0.900356 0.621870 0.900910 0.647277 0.870922 0.643910 0.862443 0.639027 0.858305 0.619492 0.841754
0 0.051828 0.280878 0.080558 0.296606 0.088264 0.300343 0.090147 0.301256 0.108589 0.267568 0.106419 0.262681 0.105968 0.262409 0.099070 0.258250 0.093338 0.255112 0.076140 0.245697 0.070702 0.246402
0 0.363797 0.376032 0.365124 0.380072 0.368208 0.382814 0.403241 0.398549 0.405864 0.392710 0.413732 0.375193 0.416354 0.369354 0.415970 0.368754 0.414398 0.366298 0.378544 0.350194 0.374508 0.352186 0.371830 0.358147
0 0.113809 0.435769 0.119589 0.438854 0.142705 0.451191 0.150873 0.452307 0.168956 0.418424 0.166878 0.413897 0.144238 0.401814 0.142600 0.401362 0.137595 0.399981 0.132315 0.401094
0 0.408598 0.185992 0.409023 0.187454 0.410687 0.193170 0.414334 0.198431 0.425275 0.214212 0.428922 0.219472 0.460484 0.197591 0.461202 0.192434 0.460478 0.186691 0.459547 0.185348 0.445584 0.165207 0.440898 0.163598
0 0.181750 0.045459 0.189026 0.055850 0.214706 0.084407 0.219466 0.080127 0.238504 0.063006 0.237303 0.060999 0.232386 0.052783 0.206105 0.023558 0.202176 0.024425 0.197316 0.028795 0.182738 0.041905
0 0.400191 0.440820 0.402398 0.444619 0.404630 0.445885 0.442020 0.454658 0.449331 0.423500 0.449098 0.423148 0.448387 0.422075 0.448145 0.421710 0.409880 0.412732 0.406163 0.415370
0 0.855205 0.172493 0.873855 0.206066 0.879451 0.202958 0.896237 0.193633 0.901833 0.190524 0.911234 0.183284 0.892147 0.148925 0.886789 0.148475 0.865365 0.160376 0.863936 0.161170 0.862245 0.162744 0.858910 0.165849 0.857265 0.167381
0 0.619915 0.601095 0.625661 0.626045 0.627098 0.632283 0.630072 0.635378 0.668373 0.626557 0.670431 0.622344 0.666031 0.603238 0.664564 0.596869 0.661022 0.594639 0.660272 0.594198 0.658064 0.592900 0.657341 0.592475
0 0.609411 0.053526 0.626378 0.087980 0.632121 0.085153 0.649348 0.076669 0.655090 0.073841 0.655803 0.071884 0.658719 0.063871 0.641355 0.028611 0.636650 0.028223 0.630787 0.031110 0.613198 0.039772 0.611971 0.043081 0.611449 0.045209
0 0.614166 0.312169 0.616796 0.316081 0.655038 0.319627 0.657926 0.316267 0.658665 0.315407 0.659270 0.308884 0.661689 0.282794 0.622553 0.279164 0.618712 0.282632 0.618573 0.282885 0.616535 0.286616 0.614758 0.305781
0 0.157128 0.624566 0.160272 0.628258 0.185578 0.634814 0.185945 0.634657 0.191342 0.632343 0.195948 0.629744 0.205580 0.592566 0.180794 0.586145 0.174598 0.584540 0.173103 0.584928 0.166985 0.586518
0 0.421530 0.579555 0.421837 0.584347 0.452418 0.609037 0.456533 0.603941 0.468878 0.588650 0.472993 0.583553 0.473119 0.583164 0.473489 0.582018 0.473610 0.581643 0.443729 0.557517 0.439089 0.558130 0.437951 0.559215 0.425635 0.574470
0 0.885292 0.013062 0.886106 0.018372 0.921457 0.033383 0.923393 0.031240 0.931317 0.022466 0.944119 0.000000 0.894695 0.000000 0.885919 0.011586
0 0.132236 0.309246 0.133179 0.313066 0.134888 0.313937 0.141565 0.317339 0.177155 0.331774 0.179561 0.325842 0.189184 0.302116 0.181912 0.297486 0.145490 0.282714 0.142061 0.285021 0.132850 0.307732
0 0.119957 0.102111 0.121383 0.107629 0.123142 0.109452 0.126612 0.113048 0.128323 0.114821 0.147204 0.129731 0.148463 0.130725 0.153762 0.131041 0.177564 0.100901 0.171557 0.093466 0.170020 0.091564 0.164879 0.087504 0.144315 0.071265
0 0.921857 0.722938 0.949117 0.749992 0.951179 0.751140 0.957483 0.754649 0.959624 0.755840 0.963172 0.755226 0.967776 0.750587 0.981587 0.736671 0.982696 0.732593 0.954799 0.704906 0.946443 0.701141 0.944402 0.700222 0.939893 0.704765
0 0.093866 0.982752 0.094133 0.986196 0.095105 0.987509 0.108718 1.000000 0.115159 1.000000 0.120462 0.999721 0.136118 0.991181 0.144944 0.985682 0.146598 0.983420 0.151468 0.976759 0.153061 0.974579 0.149252 0.969435 0.137824 0.954004 0.134014 0.948860 0.103150 0.971716
0 0.068865 0.833578 0.069048 0.853184 0.069109 0.859719 0.071406 0.863805 0.110708 0.863439 0.112522 0.861746 0.119608 0.855130 0.119310 0.823127 0.080906 0.823485 0.073098 0.829511 0.071101 0.831053
0 0.682832 0.234980 0.700293 0.269187 0.705068 0.270056 0.726496 0.259119 0.727924 0.258389 0.728974 0.257277 0.731101 0.255022 0.732180 0.253878 0.734152 0.248896 0.716283 0.213889 0.710448 0.216867 0.692944 0.225801 0.687110 0.228779
0 0.899123 0.370748 0.903175 0.408939 0.907627 0.411582 0.933146 0.408875 0.941234 0.407173 0.945178 0.403353 0.941031 0.364269 0.934517 0.364960 0.908461 0.367724 0.900956 0.370154
0 0.244147 0.138638 0.245335 0.140317 0.248836 0.145262 0.252510 0.149371 0.290897 0.150561 0.291096 0.144163 0.291691 0.124970 0.291889 0.118572 0.288012 0.111466 0.287020 0.109648 0.247735 0.108430 0.244957 0.112509 0.244906 0.114142 0.244197 0.137005
0 0.382331 0.758424 0.385039 0.797634 0.391574 0.797183 0.417714 0.795378 0.419226 0.789951 0.419595 0.788626 0.416949 0.750311 0.413338 0.747906 0.394137 0.749231 0.387737 0.749673 0.385021 0.752516 0.382879 0.757220
0 0.544977 0.623751 0.545815 0.626057 0.546030 0.626647 0.568609 0.639942 0.574253 0.643265 0.594196 0.609396 0.592818 0.604667 0.592710 0.604545 0.591222 0.602867 0.591117 0.602749 0.574532 0.592983 0.569003 0.589728 0.564464 0.590657
0 0.956290 0.258960 0.960114 0.261994 0.985573 0.265221 0.994640 0.260837 0.999458 0.257440 1.000000 0.232696 1.000000 0.218448 0.997902 0.217624 0.971907 0.214329 0.963237 0.219577 0.961119 0.220860
0 0.645601 0.850417 0.658467 0.886604 0.659194 0.888379 0.662174 0.895648 0.668346 0.893454 0.693035 0.884676 0.679868 0.847643 0.675756 0.839696 0.672061 0.838526 0.647882 0.847123
0 0.032665 0.163855 0.041251 0.170031 0.043348 0.171539 0.049210 0.174110 0.072659 0.184392 0.088082 0.149220 0.085489 0.144190 0.078241 0.137968 0.077749 0.137546 0.071763 0.134921 0.059793 0.129672 0.053808 0.127048 0.048449 0.127859
0 0.544230 0.507705 0.549892 0.510691 0.572540 0.522633 0.573891 0.523055 0.574237 0.523162 0.592570 0.488396 0.590987 0.484008 0.589542 0.483246 0.569309 0.472577 0.567863 0.471815 0.563597 0.473119 0.562143 0.473733
