0 0.272743 0.638222 0.279029 0.640066 0.304172 0.647440 0.307770 0.644731 0.308649 0.644069 0.319458 0.607216 0.316869 0.603481 0.293783 0.596710 0.292244 0.596259 0.288365 0.598056 0.283805 0.600507
0 0.205100 0.234481 0.206473 0.235718 0.210518 0.239360 0.211841 0.240551 0.218130 0.241745 0.236996 0.245325 0.243285 0.246518 0.250445 0.208786 0.247319 0.204369 0.246156 0.203008 0.243797 0.200248 0.242601 0.198849 0.240996 0.198544 0.216918 0.193975 0.212427 0.195867
0 0.315270 0.165160 0.320273 0.190881 0.321524 0.197311 0.322355 0.198721 0.325604 0.204231 0.363303 0.196897 0.365526 0.192441 0.360626 0.167251 0.358189 0.161433 0.358023 0.161038 0.353850 0.157655
0 0.486795 0.660832 0.489505 0.664222 0.491116 0.664494 0.515282 0.668570 0.519093 0.666279 0.525629 0.627522 0.525510 0.626929 0.525043 0.624607 0.499796 0.620349 0.493484 0.619285 0.487097 0.657155
0 0.790876 0.421150 0.828764 0.427430 0.830274 0.427097 0.834889 0.426079 0.836456 0.425733 0.839429 0.423217 0.843437 0.399039 0.843704 0.397427 0.841812 0.393420 0.803038 0.386993 0.801626 0.387519 0.796110 0.389576 0.795063 0.395891
0 0.527822 0.805241 0.528340 0.810927 0.528473 0.812382 0.545084 0.848003 0.549322 0.848771 0.555245 0.846009 0.567091 0.840485 0.573013 0.837723 0.574768 0.834160 0.574420 0.832604 0.573395 0.828021 0.573059 0.826521 0.556828 0.791714
0 0.739136 0.653746 0.765788 0.671598 0.773302 0.676449 0.787987 0.654525 0.791658 0.649044 0.769734 0.634359 0.764253 0.630688 0.756987 0.627094
0 0.041710 0.740763 0.043057 0.745277 0.081271 0.754468 0.083221 0.753283 0.088964 0.749793 0.090843 0.748651 0.092340 0.742428 0.098328 0.717534 0.060987 0.708552 0.050717 0.713432 0.047824 0.715346
0 0.469829 0.099365 0.470519 0.108524 0.476742 0.110022 0.501635 0.116012 0.510620 0.078672 0.510669 0.076737 0.510869 0.068815 0.508431 0.065880 0.502077 0.064351 0.483015 0.059764 0.479024 0.061152
0 0.691310 0.219467 0.694886 0.222101 0.720543 0.222654 0.723307 0.220157 0.728531 0.213610 0.729378 0.174315 0.703181 0.173750 0.696632 0.173609 0.692137 0.181071
0 0.634876 0.332070 0.640856 0.334393 0.658797 0.341361 0.664778 0.343683 0.669436 0.339264 0.671825 0.333114 0.678989 0.314666 0.681377 0.308516 0.656779 0.298963 0.650630 0.296575 0.646488 0.302168 0.637198 0.326090
0 0.158625 0.231898 0.166429 0.238026 0.172198 0.240799 0.195274 0.251891 0.211912 0.217277 0.209750 0.212348 0.204331 0.206977 0.180770 0.195652 0.175652 0.196473
0 0.736382 0.282739 0.755796 0.315875 0.760772 0.316600 0.782914 0.303627 0.788196 0.299960 0.790041 0.295011 0.770172 0.261098 0.747564 0.274344 0.741912 0.277656 0.740785 0.278691 0.737467 0.281741
0 0.166309 0.307367 0.191979 0.337131 0.199020 0.340854 0.202855 0.340823 0.221074 0.325111 0.222288 0.324064 0.223257 0.319952 0.198174 0.290868 0.192551 0.286972 0.191113 0.285976 0.186152 0.290254 0.171270 0.303088
0 0.894916 0.814499 0.904046 0.845174 0.915443 0.854910 0.946983 0.845522 0.937595 0.813982 0.925591 0.805369 0.919456 0.807195
0 0.887324 0.636076 0.898584 0.672793 0.903505 0.675315 0.903968 0.675517 0.910560 0.678381 0.911040 0.678589 0.917288 0.676673 0.929784 0.672841 0.936032 0.670925 0.939223 0.667233 0.927700 0.629656 0.925708 0.629052 0.917922 0.626692 0.893444 0.634199
0 0.582833 0.541774 0.605931 0.572458 0.608409 0.574153 0.612732 0.574625 0.614037 0.573643 0.632312 0.559886 0.633617 0.558903 0.634577 0.554454 0.610939 0.523053 0.608901 0.522629 0.608403 0.522526 0.587947 0.537924
0 0.649907 0.562887 0.651933 0.568974 0.660039 0.593322 0.664564 0.595961 0.689601 0.587626 0.695860 0.585542 0.687525 0.560505 0.685441 0.554246 0.680343 0.552754 0.655994 0.560860
0 0.006926 0.326722 0.009703 0.332706 0.020814 0.356641 0.033990 0.360582 0.039809 0.357881 0.057266 0.349777 0.063085 0.347075 0.060384 0.341256 0.052280 0.323799 0.049578 0.317980 0.036844 0.312834 0.030860 0.315611
0 0.658655 0.237400 0.673534 0.272806 0.697138 0.262887 0.703039 0.260407 0.703972 0.259307 0.706822 0.255944 0.707789 0.254802 0.692563 0.218567 0.687835 0.217478 0.665241 0.226972 0.663735 0.227605 0.661473 0.231367 0.660734 0.232598
0 0.434496 0.819828 0.439277 0.824374 0.458400 0.842557 0.462946 0.837776 0.476583 0.823433 0.481128 0.818652 0.481647 0.809891 0.476998 0.805470 0.463050 0.792208 0.458400 0.787787 0.436297 0.811034
0 0.937079 0.432182 0.953506 0.466897 0.961955 0.466281 0.964116 0.466123 0.970038 0.463321 0.993722 0.452113 0.976911 0.416586 0.971446 0.415225 0.962804 0.416779 0.939608 0.427755
0 0.575062 0.701688 0.575669 0.706666 0.576992 0.710280 0.577082 0.710525 0.582125 0.714682 0.597254 0.727152 0.602093 0.727239 0.627091 0.696910 0.624186 0.692408 0.599489 0.672052
0 0.567377 0.289196 0.569383 0.293655 0.606207 0.304563 0.606695 0.303666 0.608692 0.299991 0.616134 0.274867 0.617994 0.268587 0.580309 0.257423 0.576060 0.260194 0.574666 0.264590
0 0.021601 0.994515 0.024784 0.997495 0.030984 0.999562 0.043383 1.000000 0.054756 1.000000 0.060891 0.995601 0.062898 0.993336 0.075049 0.956903 0.044688 0.946778 0.034036 0.957230
0 0.607146 0.591718 0.632971 0.620144 0.635448 0.622383 0.636082 0.622955 0.640380 0.622890 0.645218 0.618495 0.659729 0.605312 0.660325 0.600931 0.633896 0.571840 0.633272 0.571505 0.630835 0.570197
0 0.659313 0.504785 0.660954 0.523962 0.661502 0.530354 0.664594 0.533200 0.665350 0.533353 0.667661 0.533819 0.668445 0.533977 0.707606 0.530624 0.704812 0.497990 0.700130 0.498036 0.661864 0.501312
0 0.854444 0.661818 0.858301 0.700029 0.862636 0.703357 0.868977 0.706913 0.869407 0.707154 0.875910 0.706498 0.895416 0.704529 0.899271 0.701419 0.895324 0.662314 0.886286 0.658603 0.860812 0.661175
