0 0.175956 0.685565 0.189422 0.708042 0.192789 0.713661 0.226505 0.693462 0.227779 0.692561 0.231530 0.689908 0.232758 0.689039 0.233248 0.685072 0.220060 0.663058 0.216310 0.661585 0.215007 0.662327 0.209673 0.665365
0 0.808424 0.346553 0.832793 0.376237 0.838070 0.376397 0.844383 0.374089 0.864588 0.357503 0.865894 0.352559 0.840956 0.322181 0.834691 0.325447 0.833161 0.326246 0.828214 0.330307 0.813372 0.342491
0 0.399942 0.964150 0.403329 0.966445 0.409860 0.966671 0.429455 0.967348 0.432676 0.965281 0.432990 0.963114 0.433913 0.956733 0.434215 0.954644 0.435542 0.916262 0.403556 0.915156 0.403113 0.917063 0.401300 0.924869
0 0.623510 0.950372 0.625811 0.958761 0.626400 0.960908 0.632946 0.961158 0.659129 0.962157 0.660628 0.922882 0.659880 0.920912 0.657677 0.915112 0.656956 0.913214 0.654232 0.910833 0.635000 0.910099 0.628589 0.909855 0.624975 0.911994
0 0.403125 0.163466 0.404905 0.169649 0.405340 0.171160 0.407257 0.174410 0.425669 0.180018 0.431806 0.181887 0.435956 0.180485 0.447146 0.143746 0.446162 0.137109 0.445910 0.135411 0.414578 0.125868
0 0.851895 0.793713 0.853511 0.795062 0.858450 0.799184 0.860128 0.800584 0.894176 0.820219 0.897719 0.818274 0.910778 0.795628 0.910538 0.791846 0.902996 0.786484 0.901153 0.785174 0.867884 0.765988 0.864686 0.771533
0 0.105462 0.587871 0.113159 0.626414 0.138854 0.621283 0.145278 0.620000 0.153387 0.617257 0.145867 0.579595 0.141281 0.577260 0.134990 0.578516 0.116116 0.582285 0.115676 0.582379 0.109404 0.583724 0.108948 0.583822
0 0.928251 0.669201 0.931330 0.673611 0.933316 0.674411 0.939384 0.676853 0.964322 0.684694 0.969516 0.682984 0.981304 0.645490 0.956308 0.637630 0.950059 0.635666 0.947963 0.635034 0.939770 0.632564
0 0.841176 0.058407 0.844475 0.063910 0.854372 0.080417 0.857671 0.085919 0.879681 0.072724 0.885183 0.069425 0.896073 0.057251 0.892681 0.051593 0.879112 0.028961 0.873454 0.032353 0.850822 0.045922
0 0.515439 0.935875 0.515875 0.948169 0.542146 0.949870 0.548713 0.950295 0.549139 0.943727 0.550839 0.917457 0.549445 0.906005 0.543057 0.905591 0.517507 0.903937
0 0.573566 0.107323 0.576167 0.111801 0.614264 0.116663 0.614789 0.114902 0.616937 0.107695 0.620254 0.081703 0.621083 0.075205 0.582096 0.070229 0.578249 0.074060 0.576903 0.081388 0.576815 0.081868 0.576002 0.088232
0 0.130954 0.330257 0.158436 0.358357 0.160026 0.359017 0.166244 0.361595 0.170820 0.357120 0.184549 0.343693 0.189125 0.339217 0.162272 0.311760 0.154371 0.307356 0.150556 0.307755 0.145884 0.312324 0.136539 0.321463 0.131867 0.326033
0 0.893887 0.314623 0.897876 0.317522 0.904287 0.317760 0.923521 0.318474 0.930926 0.315300 0.931429 0.315084 0.935833 0.311500 0.937290 0.272223 0.930744 0.271980 0.904559 0.271009 0.902675 0.272075 0.897126 0.275216 0.895311 0.276244
0 0.248674 0.927185 0.254025 0.966123 0.286474 0.961664 0.290397 0.953182 0.291355 0.951110 0.286126 0.913062 0.282021 0.911267 0.280432 0.911485 0.256598 0.914761 0.254419 0.917419 0.249844 0.925196
0 0.669961 0.417201 0.694315 0.425103 0.700404 0.427078 0.704137 0.425720 0.705092 0.425372 0.717222 0.387987 0.714616 0.384132 0.713062 0.383627 0.691304 0.376568 0.689750 0.376064 0.686068 0.377878 0.685201 0.378447 0.681814 0.380670
0 0.915285 0.801171 0.925000 0.808217 0.952991 0.825226 0.973402 0.791637 0.971202 0.786467 0.962564 0.781216 0.957082 0.777884 0.940634 0.767889 0.935229 0.768350
0 0.309492 0.241155 0.312992 0.245911 0.313847 0.247072 0.319127 0.250691 0.334967 0.261546 0.340247 0.265164 0.361958 0.233484 0.360809 0.228414 0.358210 0.223343 0.356862 0.222419 0.336646 0.208565 0.331711 0.208734
0 0.100135 0.356249 0.107092 0.394933 0.111804 0.397816 0.112256 0.397935 0.118483 0.399574 0.118920 0.399689 0.137862 0.396282 0.144177 0.395146 0.147573 0.391669 0.140775 0.353870 0.132371 0.350451
0 0.287144 0.438337 0.299006 0.475809 0.303576 0.477995 0.307177 0.478398 0.331643 0.470654 0.334113 0.466704 0.322523 0.430089 0.319217 0.428786 0.318371 0.428453 0.293390 0.436360
0 0.019784 0.565609 0.045669 0.595185 0.051341 0.595270 0.059565 0.593524 0.078876 0.576623 0.080139 0.571932 0.054846 0.543031 0.044432 0.544038 0.039502 0.548352 0.024714 0.561294
0 0.434949 0.369763 0.435251 0.370368 0.436141 0.372150 0.439283 0.375835 0.477615 0.378215 0.478012 0.371826 0.479202 0.352660 0.479598 0.346272 0.479505 0.345566 0.479121 0.342675 0.439893 0.340239 0.436569 0.343671 0.435050 0.368132
0 0.056129 0.623081 0.064319 0.654794 0.102374 0.644965 0.104226 0.644290 0.109680 0.642302 0.111464 0.641651 0.112878 0.638068 0.112477 0.636515 0.106461 0.613221 0.103461 0.610664 0.066276 0.620267
0 0.733595 0.699655 0.745911 0.736032 0.747041 0.737117 0.751665 0.741554 0.755220 0.743038 0.761411 0.740942 0.779981 0.734655 0.782688 0.731051 0.770084 0.693823 0.768826 0.692920 0.763910 0.689392
0 0.000000 0.105994 0.001311 0.107829 0.008182 0.113233 0.010431 0.115001 0.016295 0.117567 0.033888 0.125263 0.039753 0.127828 0.055145 0.092642 0.052472 0.087484 0.051959 0.087011 0.044116 0.079781 0.020165 0.069304 0.014729 0.069985
0 0.636907 0.856402 0.637131 0.857990 0.640495 0.881812 0.643119 0.888942 0.647155 0.892637 0.686073 0.887141 0.682409 0.861196 0.681493 0.854710 0.680648 0.853058 0.677344 0.846601 0.639316 0.851971
0 0.818035 0.698227 0.838481 0.730738 0.846399 0.736136 0.850097 0.736611 0.866694 0.726174 0.872226 0.722695 0.874126 0.718699 0.853202 0.685428 0.851557 0.684564 0.846713 0.682021 0.845128 0.681189 0.839709 0.684596
0 0.771233 0.628771 0.773957 0.654229 0.774639 0.660594 0.781064 0.664351 0.820145 0.660169 0.822299 0.656198 0.819518 0.630205 0.816660 0.627601 0.809421 0.624684
0 0.067625 0.239900 0.077510 0.245846 0.115898 0.246991 0.118320 0.243301 0.118368 0.241698 0.119038 0.219253 0.119085 0.217650 0.116853 0.215001 0.107889 0.208333 0.068602 0.207161
0 0.705564 0.550076 0.706349 0.554311 0.739971 0.572873 0.741073 0.573208 0.745585 0.574578 0.758249 0.551639 0.761415 0.545904 0.727007 0.526908 0.725950 0.526782 0.721817 0.526292 0.717967 0.527610 0.706339 0.548672
0 0.618510 0.483313 0.621102 0.489166 0.628878 0.506724 0.631470 0.512576 0.635178 0.512931 0.641196 0.510266 0.659249 0.502271 0.665266 0.499606 0.662601 0.493588 0.651941 0.469517 0.647773 0.470354 0.641921 0.472945
0 0.502691 0.037538 0.524870 0.060713 0.543410 0.042970 0.548045 0.038534 0.549404 0.025487 0.531159 0.006423 0.526597 0.001657 0.521831 0.006218 0.502767 0.024463
0 0.034469 0.142303 0.036637 0.143969 0.045111 0.150480 0.068452 0.161003 0.074288 0.163634 0.090073 0.128622 0.087527 0.123529 0.087054 0.123097 0.079826 0.116499 0.055994 0.105754 0.050623 0.106472
0 0.779527 0.684463 0.783408 0.689554 0.798930 0.709915 0.804499 0.713826 0.805924 0.714826 0.837181 0.690997 0.837012 0.685972 0.821163 0.665183 0.820788 0.664990 0.815276 0.662155 0.810070 0.661179
0 0.707895 0.944573 0.709160 0.950059 0.710123 0.952131 0.712076 0.956333 0.713066 0.958463 0.733145 0.972515 0.734484 0.973451 0.739594 0.973753 0.762129 0.941551 0.756137 0.931457 0.729915 0.913107
0 0.460943 0.680918 0.483967 0.712772 0.489276 0.708935 0.510512 0.693586 0.510272 0.689160 0.487774 0.658034 0.483267 0.657676 0.462469 0.672708 0.461768 0.675933
