0 0.584460 0.802535 0.584848 0.803925 0.586436 0.809613 0.590759 0.814536 0.608048 0.834224 0.637581 0.808290 0.637559 0.802958 0.637399 0.802605 0.635193 0.797746 0.635038 0.797405 0.630805 0.792584 0.618105 0.778122 0.613318 0.777194
0 0.910655 0.408570 0.922928 0.438207 0.934886 0.436460 0.940981 0.433936 0.965361 0.423839 0.962837 0.417744 0.955265 0.399459 0.952740 0.393364 0.940292 0.396296
0 0.550587 0.291550 0.552776 0.295922 0.589978 0.305463 0.592083 0.300912 0.600220 0.269185 0.562148 0.259421 0.558026 0.262336 0.551937 0.286075 0.551532 0.287658 0.551292 0.288645
0 0.247044 0.744939 0.285267 0.754095 0.289707 0.751086 0.293325 0.746766 0.293562 0.746483 0.299540 0.721527 0.297631 0.717163 0.260282 0.708216 0.259181 0.709172 0.254674 0.713087
0 0.565367 0.036606 0.566812 0.042842 0.572596 0.067784 0.610009 0.059109 0.612661 0.054249 0.613180 0.052197 0.614765 0.045926 0.614396 0.044334 0.609229 0.022051 0.608860 0.020460 0.605184 0.016887 0.566896 0.025765 0.566584 0.027974 0.565667 0.034478
0 0.167298 0.856257 0.168101 0.880752 0.168155 0.882385 0.170759 0.886445 0.210042 0.885157 0.211393 0.883364 0.216671 0.876352 0.215832 0.850763 0.215622 0.844365 0.177237 0.845624 0.173397 0.849727 0.171893 0.851337
0 0.000000 0.084390 0.001082 0.089728 0.013795 0.109259 0.024910 0.118192 0.028290 0.118101 0.033542 0.114417 0.049299 0.103364 0.051111 0.099813 0.029056 0.068371 0.018038 0.058273 0.012675 0.062035 0.000000 0.073321
0 0.604605 0.491379 0.611006 0.491424 0.636609 0.491603 0.640462 0.491366 0.640646 0.465041 0.640692 0.458459 0.634111 0.458413 0.607786 0.458229 0.604829 0.459375 0.604784 0.465776
0 0.473741 0.887125 0.480231 0.888308 0.506191 0.893040 0.507374 0.886550 0.510923 0.867080 0.512106 0.860590 0.511773 0.850676 0.505462 0.849525 0.480216 0.844923 0.479065 0.851235 0.475613 0.870169 0.474463 0.876481
0 0.824683 0.387468 0.825426 0.392000 0.859990 0.408743 0.861643 0.408324 0.868412 0.406608 0.871268 0.400713 0.882691 0.377131 0.847318 0.359996 0.842142 0.361840 0.841743 0.362001 0.835871 0.364372 0.833074 0.370146 0.827480 0.381694
0 0.825494 0.302557 0.846705 0.316897 0.852008 0.320482 0.853625 0.319658 0.858566 0.317138 0.860244 0.316282 0.882257 0.283721 0.880488 0.279689 0.858831 0.265047 0.855123 0.265377 0.848598 0.269687 0.847004 0.270740
0 0.475266 0.535052 0.501328 0.564473 0.505937 0.564602 0.525505 0.547268 0.525845 0.542755 0.525725 0.542556 0.525370 0.541969 0.525254 0.541778 0.499788 0.513029 0.494997 0.517273 0.480623 0.530006 0.475831 0.534251 0.475720 0.534408
0 0.397135 0.308861 0.399583 0.334949 0.400195 0.341471 0.400660 0.342210 0.402476 0.345096 0.440714 0.341508 0.443472 0.337652 0.441225 0.313698 0.441075 0.312101 0.440804 0.311236 0.440254 0.309482 0.439975 0.308593 0.436267 0.305190
0 0.900425 0.556392 0.901740 0.560202 0.938750 0.570459 0.940765 0.570783 0.946924 0.571772 0.949015 0.572107 0.956013 0.546857 0.957762 0.540544 0.919886 0.530047 0.917930 0.529907 0.910287 0.529360 0.907279 0.531662
0 0.718987 0.462646 0.720229 0.466909 0.755748 0.481515 0.756923 0.481430 0.761732 0.481082 0.771697 0.456848 0.774188 0.450790 0.737837 0.435842 0.732400 0.437309 0.728746 0.438912
0 0.300566 0.936461 0.305585 0.940671 0.325661 0.957510 0.350919 0.927396 0.353658 0.919544 0.354327 0.917626 0.353597 0.914064 0.352368 0.913033 0.333935 0.897572 0.329806 0.897059 0.305125 0.926484
0 0.846422 0.075680 0.850493 0.100958 0.851511 0.107277 0.889428 0.101171 0.898538 0.091841 0.900315 0.089047 0.896159 0.063239 0.893331 0.059504 0.854527 0.065753 0.852876 0.067775 0.848013 0.073731
0 0.715831 0.111790 0.722748 0.136441 0.724478 0.142604 0.761455 0.132229 0.762656 0.130540 0.766326 0.125378 0.767572 0.123625 0.769211 0.120474 0.763914 0.101597 0.762148 0.095305 0.758723 0.092089 0.720881 0.102707
0 0.435834 0.681483 0.437571 0.687847 0.442784 0.706938 0.444522 0.713302 0.450886 0.711565 0.469978 0.706352 0.476342 0.704614 0.476992 0.698988 0.470233 0.674232 0.468543 0.668043 0.443787 0.674803 0.437598 0.676493
0 0.784649 0.387540 0.809994 0.391561 0.816331 0.392566 0.825274 0.389528 0.826308 0.383013 0.830442 0.356951 0.823926 0.355917 0.797864 0.351783 0.789675 0.355858 0.788669 0.362195
0 0.783775 0.622667 0.789457 0.647692 0.790878 0.653948 0.799102 0.658301 0.824835 0.652458 0.831268 0.650997 0.825425 0.625264 0.823964 0.618831 0.815056 0.615564 0.808800 0.616984 0.790031 0.621246
0 0.094169 0.629451 0.096012 0.635721 0.101542 0.654531 0.104676 0.657111 0.142384 0.646025 0.144050 0.645345 0.150560 0.642687 0.141533 0.611982 0.104686 0.622814 0.095438 0.625687
0 0.857415 0.960896 0.867520 0.973926 0.889798 0.998251 0.909258 0.980429 0.914123 0.975973 0.902736 0.962886 0.885404 0.943961 0.881071 0.939230 0.876340 0.943563
0 0.935602 0.157195 0.944017 0.188073 0.981071 0.177975 0.983281 0.176496 0.992326 0.170441 0.993471 0.167198 0.988316 0.148282 0.986597 0.141977 0.983714 0.138840 0.945793 0.149175 0.937603 0.155620
0 0.213121 0.932978 0.214293 0.936562 0.219388 0.940654 0.229579 0.948838 0.234675 0.952930 0.238659 0.953487 0.263269 0.922842 0.264372 0.920873 0.267619 0.915073 0.268681 0.913175 0.263691 0.909167 0.243727 0.893136 0.219679 0.923080
0 0.886570 0.628370 0.914458 0.654775 0.922179 0.657659 0.924155 0.658396 0.942170 0.639370 0.946674 0.634613 0.918134 0.607590 0.910452 0.605613 0.908575 0.605130 0.904976 0.605495 0.900565 0.610153 0.887332 0.624129
0 0.469787 0.788098 0.495539 0.793857 0.501977 0.795296 0.507736 0.769545 0.509175 0.763107 0.508923 0.755872 0.483880 0.750272 0.477619 0.748872 0.476218 0.755133 0.472018 0.773915 0.470618 0.780176
