0 0.083940 0.402119 0.136971 0.482687 0.138631 0.482767 0.165364 0.465170 0.112575 0.384971 0.110796 0.384442
0 0.259035 0.667685 0.275673 0.695429 0.276511 0.695558 0.359795 0.643814 0.343128 0.616542 0.342601 0.616055
0 0.536842 0.117422 0.543057 0.148818 0.637243 0.130171 0.637873 0.128472 0.631629 0.096933 0.537011 0.115665
0 0.147725 0.105641 0.186188 0.194352 0.187627 0.195752 0.217061 0.182990 0.178774 0.094685 0.177295 0.092819
0 0.183449 0.090501 0.184900 0.092377 0.215856 0.100803 0.241132 0.007934 0.239941 0.005668 0.210175 0.000000 0.208841 0.000000
0 0.538685 0.787259 0.538863 0.788578 0.570938 0.790802 0.577607 0.694578 0.577252 0.693688 0.545324 0.691475
0 0.240182 0.702718 0.335296 0.720110 0.336051 0.719102 0.341822 0.687542 0.247144 0.670230 0.245980 0.671013
0 0.484631 0.528851 0.486163 0.530777 0.486342 0.530785 0.486745 0.529885 0.485212 0.527959 0.485033 0.527951 0.484889 0.528236 0.484688 0.528686
0 0.210120 0.953746 0.240230 0.965243 0.241421 0.963110 0.275753 0.873194 0.245781 0.861750 0.244611 0.863416
0 0.660445 0.065112 0.680251 0.159061 0.711567 0.152459 0.712539 0.150863 0.692642 0.056482 0.661182 0.063114
0 0.808133 0.236499 0.835885 0.252440 0.837428 0.251303 0.885471 0.167665 0.857592 0.151650 0.855957 0.153243
0 0.648410 0.540126 0.654174 0.571686 0.654884 0.572016 0.750001 0.554644 0.744210 0.522938 0.743091 0.522833
0 0.128797 0.769170 0.158956 0.785636 0.182345 0.766047 0.185413 0.760429 0.181952 0.756079 0.180819 0.755140 0.179286 0.754191 0.165209 0.746505 0.163504 0.745687 0.161882 0.745121 0.160587 0.744894 0.157322 0.745092 0.132090 0.763138
0 0.309838 0.937631 0.337631 0.953950 0.386586 0.870568 0.387106 0.868870 0.359440 0.852626 0.310710 0.935626
0 0.624610 0.786502 0.671330 0.867885 0.672908 0.869834 0.700299 0.852960 0.653653 0.771263 0.652157 0.769756
0 0.593760 0.603195 0.594192 0.603670 0.690596 0.611106 0.693075 0.578971 0.692190 0.578609 0.596228 0.571208
0 0.528089 0.926356 0.528218 0.928314 0.553234 0.948511 0.613826 0.873464 0.613306 0.871757 0.588405 0.851652
0 0.594035 0.367998 0.688936 0.382573 0.689804 0.382034 0.694684 0.350255 0.599347 0.335613 0.598893 0.336365
0 0.595814 0.798452 0.596254 0.799823 0.626736 0.810047 0.657409 0.718599 0.656689 0.717600 0.626346 0.707422
0 0.486372 0.223717 0.486434 0.224983 0.527640 0.311964 0.556633 0.298229 0.556894 0.297300 0.515499 0.209919
0 0.128369 0.503639 0.138559 0.599791 0.170610 0.596394 0.172119 0.595953 0.161976 0.500241 0.160420 0.500242
0 0.438387 0.834690 0.450084 0.866999 0.456546 0.864660 0.459060 0.857990 0.460965 0.841337 0.461413 0.837413 0.461339 0.836623 0.461027 0.835265 0.460524 0.833547 0.459908 0.831729 0.454448 0.816648 0.453809 0.814998 0.453243 0.813764 0.452835 0.813132 0.448631 0.809558 0.442612 0.811737
0 0.000000 0.356518 0.000200 0.358241 0.049880 0.432610 0.051938 0.432918 0.078060 0.414427 0.022586 0.336060 0.020394 0.335308 0.001353 0.351502 0.000055 0.352871 0.000000 0.353884
0 0.310223 0.202302 0.321767 0.298301 0.322583 0.299225 0.354436 0.295395 0.342946 0.199836 0.342223 0.198454
0 0.159203 0.635428 0.250113 0.668358 0.251259 0.667587 0.262185 0.637422 0.171692 0.604643 0.170180 0.605124
0 0.201526 0.892080 0.229396 0.903485 0.232290 0.902347 0.260734 0.809337 0.232824 0.798603 0.229956 0.799274
0 0.157165 0.494769 0.219300 0.568544 0.220584 0.568231 0.245063 0.547614 0.183212 0.474176 0.181757 0.474058
0 0.779565 0.857119 0.785671 0.888536 0.786983 0.890320 0.881666 0.871918 0.875532 0.840356 0.873815 0.838801
0 0.103507 0.220399 0.160335 0.298627 0.161892 0.299550 0.187849 0.280695 0.131281 0.202825 0.129584 0.201457
0 0.000000 0.437219 0.000931 0.438275 0.037912 0.479601 0.040031 0.479688 0.062752 0.457160 0.000000 0.388451
