0 0.533686 0.757695 0.533841 0.758882 0.539093 0.790681 0.634491 0.774925 0.629239 0.743126 0.628647 0.742011
0 0.442263 0.886314 0.527336 0.932267 0.542654 0.903909 0.542458 0.902058 0.457775 0.856316 0.442527 0.884544
0 0.173421 0.755168 0.269542 0.765644 0.270599 0.764427 0.274075 0.732533 0.178394 0.722105 0.176913 0.723127
0 0.623582 0.674813 0.678260 0.753737 0.679078 0.754902 0.705507 0.736593 0.650578 0.657306 0.649890 0.656587
0 0.497892 0.648000 0.584100 0.691262 0.598521 0.662525 0.598071 0.661782 0.512256 0.618718 0.497901 0.647323
0 0.781935 0.187680 0.876887 0.203417 0.878622 0.202051 0.883892 0.170255 0.788502 0.154445 0.787180 0.156029
0 0.222548 0.597905 0.253696 0.606185 0.254825 0.605698 0.279551 0.512681 0.248545 0.504439 0.247387 0.504459
0 0.405477 0.729582 0.427961 0.752674 0.497237 0.685220 0.497250 0.684371 0.474868 0.661385 0.405910 0.728530
0 0.812522 0.105674 0.816148 0.137552 0.911779 0.126670 0.913675 0.124952 0.910031 0.092928 0.813961 0.103859
0 0.516791 0.696248 0.517141 0.699200 0.520990 0.727893 0.616744 0.715273 0.613615 0.686485 0.612845 0.683589
0 0.284139 0.922995 0.315191 1.000000 0.346421 1.000000 0.315512 0.910754 0.285129 0.921057
0 0.577660 0.439831 0.669577 0.467577 0.670356 0.467428 0.679647 0.436648 0.587308 0.408775 0.586909 0.409192
0 0.795894 0.262093 0.804444 0.292935 0.896968 0.267283 0.898791 0.266214 0.890201 0.235231 0.797253 0.261001
0 0.097722 0.688843 0.126830 0.702683 0.128540 0.701754 0.169870 0.614832 0.140895 0.601055 0.139242 0.601521
0 0.474273 0.532162 0.474364 0.532284 0.474921 0.532654 0.477002 0.530554 0.476911 0.530432 0.476355 0.530060 0.476188 0.530208 0.475841 0.530558 0.475147 0.531258 0.474800 0.531609 0.474454 0.531959
0 0.457475 0.410421 0.457669 0.410831 0.475258 0.437569 0.555472 0.384802 0.555727 0.384273 0.538057 0.357412
0 0.753084 0.082052 0.847498 0.100748 0.849098 0.098909 0.855358 0.067293 0.760509 0.048512 0.759315 0.050581
0 0.740318 0.805326 0.741424 0.806732 0.807471 0.877350 0.831011 0.855335 0.829494 0.853706 0.763750 0.783412
0 0.366235 0.529043 0.367261 0.529472 0.367323 0.529364 0.368265 0.526749 0.367239 0.526319 0.367176 0.526427
0 0.039673 0.294225 0.112849 0.357425 0.114623 0.358078 0.135593 0.333798 0.062752 0.270887 0.060739 0.269832
0 0.628164 0.528819 0.670206 0.615138 0.674188 0.617832 0.680077 0.614964 0.680794 0.609665 0.680534 0.608835 0.679975 0.607488 0.679201 0.605831 0.657739 0.561764 0.643430 0.532387 0.642571 0.530692 0.641767 0.529241 0.641142 0.528254 0.640791 0.527882 0.637051 0.526625 0.633918 0.526016
0 0.384572 0.333067 0.385101 0.333831 0.449514 0.405348 0.473352 0.383877 0.473229 0.383343 0.408521 0.311497
0 0.689132 0.695389 0.690003 0.696288 0.783842 0.719597 0.791611 0.688317 0.790274 0.687455 0.696865 0.664252
0 0.437454 0.601953 0.438276 0.602801 0.438328 0.602784 0.440780 0.600291 0.439958 0.599443 0.439906 0.599460
0 0.630606 0.643184 0.632972 0.649131 0.636083 0.652620 0.639597 0.653744 0.640129 0.653812 0.641275 0.653594 0.642859 0.653123 0.644640 0.652470 0.659821 0.646431 0.705365 0.628313 0.720546 0.622273 0.722230 0.621547 0.723537 0.620868 0.724269 0.620339 0.727384 0.616299 0.724963 0.610212 0.719820 0.607693
0 0.228939 0.875333 0.321079 0.904644 0.321899 0.902789 0.331625 0.872217 0.239907 0.843040 0.238709 0.844620
