0 0.717920 0.851644 0.718923 0.853263 0.802646 0.901633 0.818769 0.873725 0.817308 0.872013 0.733969 0.823864
0 0.088872 0.234014 0.088910 0.240591 0.089223 0.241855 0.089851 0.243511 0.096273 0.258535 0.115541 0.303604 0.121964 0.318627 0.122802 0.320400 0.123712 0.321997 0.124555 0.323173 0.125203 0.323751 0.129511 0.325777 0.136014 0.328379 0.141899 0.325863 0.104157 0.237579 0.094896 0.231439
0 0.129124 0.739216 0.144974 0.834599 0.176769 0.829315 0.178250 0.827806 0.162473 0.732860 0.130824 0.738120
0 0.207090 0.916574 0.239320 0.916743 0.240514 0.914833 0.241019 0.818586 0.208936 0.818419 0.207596 0.819885
0 0.281712 0.419069 0.309610 0.435051 0.310481 0.435348 0.358206 0.352035 0.357555 0.351356 0.329656 0.335374
0 0.504992 0.068072 0.549404 0.153197 0.577779 0.138393 0.578136 0.136732 0.533521 0.051216 0.505016 0.066088
0 0.069804 0.103707 0.091575 0.127472 0.093447 0.129180 0.164417 0.064165 0.162871 0.062158 0.141100 0.038394
0 0.536475 0.250366 0.537032 0.251777 0.627330 0.284034 0.638858 0.253818 0.638766 0.252404 0.547960 0.220263
0 0.819676 0.224800 0.914040 0.243745 0.915947 0.242564 0.922290 0.210965 0.827491 0.191933 0.825990 0.193345
0 0.528472 0.431514 0.569591 0.518536 0.569912 0.518621 0.599052 0.504851 0.557743 0.417429 0.528602 0.431199
0 0.353403 0.866936 0.401977 0.950267 0.429754 0.934076 0.430075 0.932091 0.381723 0.849141 0.354073 0.865258
0 0.457624 0.902610 0.481590 0.924160 0.546239 0.852260 0.546027 0.850646 0.522170 0.829195 0.457818 0.900765
0 0.216098 0.230278 0.238182 0.253753 0.239382 0.254881 0.309485 0.188933 0.308608 0.187501 0.286524 0.164026
0 0.497531 0.534377 0.497710 0.534775 0.499744 0.536628 0.499887 0.536492 0.499854 0.536274 0.499851 0.536258 0.499763 0.536059 0.499745 0.536029 0.499714 0.535990 0.499675 0.535947 0.499634 0.535907 0.499295 0.535598 0.497938 0.534362 0.497901 0.534331 0.497874 0.534314 0.497675 0.534240
0 0.019349 0.721986 0.043473 0.743360 0.045565 0.742244 0.109394 0.670206 0.085380 0.648930 0.083472 0.649616
0 0.803617 0.882568 0.805796 0.884495 0.896755 0.901374 0.903526 0.869945 0.900921 0.868100 0.810414 0.851013
0 0.618937 0.305147 0.714501 0.316604 0.715488 0.315759 0.719325 0.283758 0.623322 0.272249 0.622756 0.273293
0 0.689757 0.724943 0.702286 0.754479 0.703218 0.755650 0.792230 0.717889 0.779643 0.688218 0.778361 0.687356
0 0.530044 0.867654 0.531754 0.871271 0.549472 0.891243 0.625953 0.832324 0.623864 0.828903 0.606907 0.808441
0 0.756362 0.574261 0.801518 0.659258 0.802906 0.659991 0.831369 0.644870 0.786005 0.559481 0.784695 0.559209
0 0.530489 0.650345 0.531202 0.653862 0.533470 0.657039 0.533879 0.657327 0.534954 0.657731 0.536534 0.658187 0.538377 0.658627 0.554345 0.662089 0.602248 0.672474 0.618215 0.675935 0.620016 0.676286 0.621478 0.676489 0.622376 0.676513 0.627231 0.674681 0.628619 0.668279 0.625679 0.664432 0.531845 0.644089
0 0.421265 0.899023 0.450310 0.912993 0.492222 0.825858 0.492257 0.824365 0.463345 0.810459 0.421626 0.897194
0 0.733266 0.592620 0.734345 0.593049 0.829853 0.610923 0.835811 0.579087 0.834264 0.578723 0.739196 0.560931
0 0.154506 0.639653 0.242140 0.680511 0.243322 0.679684 0.256879 0.650606 0.169647 0.609936 0.168125 0.610442
0 0.368423 0.266170 0.371495 0.362812 0.372083 0.363441 0.404150 0.362422 0.401092 0.266223 0.400637 0.265147
0 0.217436 0.298252 0.221113 0.330272 0.222391 0.331049 0.318010 0.320070 0.314350 0.288196 0.313495 0.287221
0 0.371245 0.440072 0.372117 0.445419 0.372227 0.445605 0.372899 0.446289 0.374031 0.447368 0.375452 0.448677 0.388136 0.460203 0.389623 0.461537 0.390944 0.462688 0.391897 0.463480 0.392336 0.463794 0.398525 0.465875 0.403760 0.465706 0.408065 0.460969 0.384380 0.439444 0.375867 0.434986
0 0.179190 0.290451 0.198716 0.385150 0.200097 0.385676 0.231518 0.379197 0.212082 0.284932 0.210755 0.283942
