0 0.640616 0.589206 0.663590 0.611601 0.664343 0.612114 0.731835 0.542877 0.708756 0.520379 0.707799 0.520286
0 0.600988 0.184125 0.608473 0.215321 0.702065 0.192865 0.702995 0.191451 0.695475 0.160111 0.601453 0.182670
0 0.529345 0.175705 0.564633 0.265250 0.594481 0.253487 0.594916 0.252352 0.559465 0.162395 0.529479 0.174212
0 0.711537 0.794895 0.712508 0.796250 0.741145 0.810868 0.784999 0.724960 0.783697 0.723931 0.755191 0.709380
0 0.612503 0.871319 0.613221 0.903393 0.613743 0.905251 0.710409 0.903084 0.709687 0.870863 0.708726 0.869163
0 0.109804 0.843864 0.184155 0.905308 0.204636 0.880524 0.205987 0.878784 0.131975 0.817622 0.130285 0.819081
0 0.668255 0.911094 0.676193 0.942099 0.677002 0.944129 0.770443 0.920208 0.762469 0.889060 0.761269 0.887282
0 0.768642 0.042260 0.825898 0.119625 0.851686 0.100539 0.853306 0.098700 0.795786 0.020979 0.769879 0.040153
0 0.836679 0.517623 0.921440 0.563220 0.923380 0.563511 0.938650 0.535127 0.853498 0.489320 0.851878 0.489369
0 0.346569 0.169722 0.353368 0.201226 0.354040 0.202596 0.448122 0.182294 0.447883 0.180831 0.441084 0.149326
0 0.381265 0.086066 0.381809 0.087963 0.394780 0.117307 0.482810 0.078395 0.482731 0.076454 0.469701 0.046975
0 0.589540 0.345963 0.594120 0.377638 0.689146 0.363898 0.690015 0.363273 0.685413 0.331452 0.589951 0.345255
0 0.068196 0.950532 0.100785 0.995608 0.102014 0.997028 0.103693 0.997868 0.108125 1.000000 0.145656 1.000000 0.098059 0.932602 0.070175 0.948467
0 0.672982 0.132145 0.678020 0.163829 0.773074 0.148713 0.774331 0.147095 0.769269 0.115265 0.673778 0.130451
0 0.132746 0.737678 0.164577 0.742203 0.166111 0.741096 0.179622 0.646037 0.147936 0.641533 0.146319 0.642184
0 0.127309 0.361730 0.129017 0.362364 0.223551 0.380446 0.229579 0.348935 0.228334 0.348239 0.133365 0.330073
0 0.484145 0.535724 0.485097 0.536378 0.485143 0.536352 0.487013 0.533503 0.486062 0.532848 0.486015 0.532876
0 0.543544 0.776372 0.543744 0.777642 0.637176 0.801601 0.645162 0.770457 0.644498 0.769221 0.551494 0.745371
0 0.697952 0.229751 0.706573 0.325377 0.738449 0.322503 0.739544 0.321688 0.730882 0.225623 0.698861 0.228510
0 0.017878 0.270083 0.028944 0.300355 0.031102 0.301269 0.121500 0.268227 0.110486 0.238094 0.108692 0.236889
0 0.250150 0.939796 0.346840 0.939960 0.347542 0.937943 0.347597 0.905861 0.251350 0.905698 0.250205 0.907565
0 0.644764 0.329224 0.675145 0.335412 0.677366 0.334223 0.690354 0.240547 0.660127 0.233922 0.657989 0.235556
0 0.582399 0.036435 0.629780 0.120213 0.657706 0.104419 0.658431 0.102597 0.610833 0.018434 0.582778 0.034301
0 0.880277 0.591542 0.884789 0.596082 0.913122 0.603157 0.937494 0.578935 0.932649 0.574061 0.902978 0.568982 0.900600 0.569222 0.899812 0.569389 0.898625 0.570048 0.897220 0.571096 0.895810 0.572375 0.884434 0.583682 0.883228 0.585002 0.882406 0.586167
0 0.183212 0.671713 0.210596 0.688711 0.211922 0.687846 0.262682 0.606072 0.235424 0.589152 0.234206 0.589563
0 0.773564 0.064490 0.830962 0.142335 0.856911 0.123203 0.858562 0.121459 0.800898 0.043254 0.774830 0.062475
0 0.730972 0.360562 0.740737 0.456078 0.772575 0.452823 0.773828 0.452606 0.764018 0.356652 0.732033 0.359921
0 0.706935 0.328386 0.715392 0.358449 0.716960 0.359656 0.808207 0.328454 0.800357 0.298049 0.798412 0.297105
0 0.799593 0.803442 0.800973 0.804839 0.888061 0.846848 0.902063 0.817818 0.900220 0.816362 0.813531 0.774545
0 0.765618 0.380822 0.830755 0.451361 0.832274 0.451138 0.855895 0.429326 0.790459 0.358463 0.789131 0.359110
0 0.574261 0.338978 0.598957 0.359909 0.659680 0.288481 0.660970 0.286853 0.636392 0.266022 0.575170 0.337567
