0 0.448626 0.157703 0.448861 0.159268 0.480831 0.160756 0.485298 0.064847 0.485230 0.062848 0.453113 0.061353
0 0.747988 0.277925 0.774247 0.296358 0.775510 0.295420 0.831062 0.216280 0.804682 0.197763 0.803285 0.199149
0 0.771210 0.000940 0.773326 0.096931 0.805323 0.096225 0.806725 0.094371 0.804600 0.000000 0.772456 0.000000
0 0.674734 0.483911 0.687273 0.513441 0.688136 0.513504 0.777135 0.475712 0.764538 0.446045 0.763326 0.446292
0 0.127983 0.476739 0.141597 0.505952 0.143240 0.505925 0.230478 0.465266 0.216925 0.436187 0.215622 0.435893
0 0.080874 0.222718 0.082795 0.223989 0.113480 0.233355 0.141578 0.141301 0.139928 0.139649 0.109102 0.130240
0 0.773007 0.805895 0.774270 0.807310 0.867026 0.836250 0.876673 0.805331 0.874938 0.803925 0.782609 0.775118
0 0.764331 0.192467 0.765258 0.198801 0.769723 0.200362 0.770676 0.200485 0.772182 0.200419 0.774013 0.200174 0.855395 0.186307 0.857324 0.185911 0.859053 0.185424 0.860321 0.184920 0.860933 0.184475 0.862687 0.182173 0.866923 0.175357 0.865965 0.168817 0.766247 0.185952
0 0.522132 0.539285 0.522165 0.539321 0.524334 0.541087 0.524947 0.540347 0.524915 0.540311 0.522746 0.538546
0 0.691705 0.874460 0.692588 0.876184 0.724226 0.882331 0.742669 0.787416 0.741556 0.786099 0.710063 0.779979
0 0.786962 0.793453 0.823701 0.882413 0.825191 0.884174 0.854981 0.871871 0.818073 0.782501 0.816615 0.781207
0 0.447844 0.469314 0.447946 0.469468 0.448620 0.469460 0.450352 0.467431 0.450249 0.467277 0.449968 0.467265 0.449632 0.467268 0.449586 0.467276 0.449535 0.467299 0.449485 0.467332 0.449444 0.467371 0.449155 0.467709 0.448289 0.468724 0.448001 0.469062 0.447975 0.469101
0 0.302346 0.466293 0.388842 0.509509 0.389351 0.509466 0.403690 0.480767 0.317592 0.437748 0.316752 0.437461
0 0.491435 0.754851 0.523346 0.759374 0.536914 0.663640 0.536745 0.662890 0.504980 0.658388 0.491475 0.753683
0 0.556629 0.259103 0.563024 0.259382 0.566943 0.254932 0.567722 0.252082 0.567828 0.251379 0.567952 0.250036 0.568073 0.248258 0.568173 0.246317 0.571736 0.164703 0.571798 0.162919 0.571813 0.161587 0.571778 0.160911 0.568784 0.155586 0.562239 0.155300 0.560817 0.163180
0 0.335784 0.567830 0.411413 0.627694 0.431368 0.602485 0.431682 0.602016 0.356399 0.542425 0.355739 0.542620
0 0.848988 0.607955 0.879084 0.619070 0.880829 0.619618 0.914327 0.528915 0.884092 0.517750 0.882332 0.517668
0 0.155979 0.155084 0.157556 0.156665 0.251501 0.177591 0.258477 0.146276 0.257365 0.144647 0.162987 0.123625
0 0.140919 0.668414 0.167621 0.686322 0.169141 0.685470 0.222620 0.605729 0.196040 0.587903 0.194644 0.588306
0 0.741842 0.418698 0.752465 0.448888 0.753625 0.448654 0.844611 0.416637 0.833939 0.386308 0.832412 0.386828
0 0.287799 0.168202 0.292650 0.175787 0.294598 0.177416 0.295235 0.177850 0.296508 0.178233 0.298220 0.178509 0.300114 0.178635 0.348218 0.179739 0.364253 0.180107 0.380288 0.180475 0.382098 0.180434 0.383572 0.180231 0.384487 0.179898 0.388639 0.177989 0.388785 0.171590 0.386183 0.163907 0.287949 0.161653
0 0.658056 0.952685 0.658784 0.954769 0.753094 0.976092 0.760201 0.944654 0.759008 0.942617 0.665130 0.921392
0 0.163641 0.828475 0.235453 0.892869 0.256917 0.868932 0.258029 0.867245 0.186546 0.803145 0.185106 0.804538
0 0.460205 0.452244 0.460324 0.452393 0.460479 0.452291 0.462664 0.450534 0.462545 0.450385 0.462370 0.450390 0.462292 0.450442 0.462275 0.450454 0.462243 0.450478 0.462159 0.450545 0.462119 0.450577 0.460340 0.452008 0.460269 0.452066 0.460253 0.452080
0 0.605393 0.214843 0.605400 0.217862 0.605494 0.218517 0.606039 0.219638 0.606951 0.221053 0.608092 0.222549 0.638637 0.259727 0.659001 0.284513 0.660212 0.285879 0.661323 0.286927 0.662167 0.287497 0.666344 0.289029 0.671290 0.284965 0.675297 0.279935 0.612920 0.204013 0.607859 0.208171
0 0.838005 0.195016 0.865344 0.211805 0.867026 0.210478 0.917624 0.128082 0.890159 0.111217 0.888371 0.112998
0 0.856906 0.552524 0.886839 0.565225 0.889041 0.564343 0.921066 0.476443 0.891388 0.463872 0.889205 0.465194
0 0.169801 0.566976 0.199726 0.578734 0.201098 0.578374 0.236213 0.489012 0.206425 0.477307 0.205077 0.477203
