0 0.260918 0.662787 0.261494 0.663828 0.354876 0.689336 0.363918 0.658447 0.363798 0.657389 0.270612 0.631934
0 0.056583 0.111657 0.092838 0.201294 0.094704 0.202663 0.124446 0.190633 0.088357 0.101407 0.086461 0.099572
0 0.624239 0.171869 0.625990 0.267867 0.632389 0.267750 0.636511 0.263135 0.638099 0.260380 0.638277 0.259688 0.638414 0.258354 0.638490 0.256581 0.638493 0.254640 0.637599 0.205633 0.637003 0.172962 0.636932 0.171174 0.636800 0.169835 0.636625 0.169149 0.633695 0.164073 0.627145 0.164193
0 0.201888 0.230877 0.203254 0.232110 0.229745 0.250208 0.284038 0.170736 0.283044 0.169220 0.256431 0.151039
0 0.388218 0.257270 0.400292 0.287153 0.400749 0.288129 0.489987 0.252072 0.489941 0.250931 0.477867 0.221047
0 0.244708 0.578801 0.251682 0.610267 0.346082 0.589344 0.346787 0.588934 0.339845 0.557612 0.245877 0.578439
0 0.498753 0.469603 0.499851 0.471982 0.499927 0.472104 0.500924 0.471580 0.499828 0.469200 0.499751 0.469079
0 0.072442 0.830315 0.125172 0.911363 0.152188 0.893786 0.153782 0.891982 0.101294 0.811305 0.074402 0.828802
0 0.127124 0.716423 0.159124 0.719537 0.160682 0.718534 0.169981 0.622971 0.138127 0.619872 0.136465 0.620422
0 0.286956 0.338685 0.305300 0.365090 0.306190 0.365707 0.385042 0.310926 0.384515 0.310058 0.366170 0.283653
0 0.608504 0.653453 0.609004 0.654159 0.634758 0.673538 0.692894 0.596278 0.667141 0.576899 0.666375 0.576546
0 0.881684 0.202716 0.963661 0.253148 0.965795 0.252011 0.982684 0.224559 0.900329 0.173896 0.898495 0.175390
0 0.285325 0.224036 0.344394 0.292084 0.346289 0.293929 0.370545 0.272176 0.311272 0.204666 0.309248 0.202448
0 0.264187 0.682575 0.305876 0.769556 0.334869 0.755659 0.335624 0.754490 0.294126 0.667908 0.265265 0.681741
0 0.656485 0.658171 0.659818 0.660233 0.683289 0.671725 0.728121 0.586262 0.705137 0.573843 0.701618 0.572135
0 0.478141 0.583458 0.510074 0.587825 0.523178 0.492027 0.491245 0.487659
0 0.033870 0.355695 0.104334 0.421560 0.106143 0.421919 0.127998 0.398538 0.057855 0.332974 0.055824 0.332207
0 0.553156 0.464054 0.553503 0.465066 0.553564 0.465079 0.556502 0.463941 0.556156 0.462929 0.556095 0.462917
0 0.875468 0.821194 0.884449 0.839847 0.887771 0.844209 0.970285 0.794265 0.962382 0.774949 0.958730 0.770797 0.950688 0.774741 0.923026 0.791484 0.895364 0.808227 0.881533 0.816599
0 0.203366 0.433051 0.276171 0.493942 0.278108 0.493868 0.297735 0.468747 0.224942 0.408164 0.222771 0.407846
0 0.827491 0.410825 0.899769 0.474381 0.901610 0.474263 0.922893 0.450060 0.850282 0.386211 0.848676 0.386732
0 0.416051 0.539322 0.416768 0.539852 0.418355 0.537724 0.418366 0.537704 0.417650 0.537174 0.416062 0.539303
0 0.805682 0.772600 0.820817 0.800800 0.822291 0.802181 0.907278 0.756566 0.892073 0.728238 0.890280 0.727194
0 0.351237 0.286391 0.351889 0.287325 0.428217 0.346897 0.448029 0.321472 0.447822 0.320696 0.371147 0.260828
0 0.764328 0.431153 0.765584 0.463158 0.766205 0.463661 0.864698 0.458721 0.863655 0.426342 0.862583 0.426006
0 0.358959 0.762947 0.384281 0.856262 0.415386 0.847822 0.415774 0.846228 0.390568 0.753340 0.359605 0.761741
0 0.607502 0.472033 0.639276 0.475869 0.639916 0.475758 0.651478 0.379999 0.619558 0.376145 0.619011 0.376711
0 0.281955 0.449833 0.285492 0.481789 0.286473 0.481872 0.381904 0.471308 0.378382 0.439498 0.377824 0.439220
0 0.350529 0.569331 0.381113 0.579501 0.381657 0.579136 0.412028 0.487806 0.381585 0.477683 0.381040 0.477580
0 0.499394 0.359255 0.499396 0.359900 0.584307 0.405220 0.584695 0.404783 0.599871 0.376350 0.514570 0.330821
0 0.352015 0.174885 0.352692 0.176372 0.438434 0.219580 0.452836 0.190999 0.452620 0.189580 0.366484 0.146173
0 0.839262 0.808292 0.855409 0.835925 0.857041 0.837468 0.940321 0.788806 0.924100 0.761046 0.922161 0.759852
0 0.506283 0.573011 0.506975 0.573727 0.509732 0.572336 0.509749 0.572181 0.509057 0.571463 0.506301 0.572855
