0 0.625303 0.567138 0.638882 0.596205 0.639522 0.596648 0.727124 0.555722 0.713482 0.526521 0.712503 0.526399
0 0.649097 0.886675 0.649783 0.888456 0.672115 0.911695 0.741834 0.844700 0.740726 0.843121 0.718496 0.819987
0 0.442240 0.181877 0.442505 0.183334 0.454121 0.213240 0.543838 0.178391 0.544040 0.176911 0.532370 0.146867
0 0.485648 0.626923 0.487596 0.628437 0.487782 0.628489 0.487945 0.628188 0.488202 0.627632 0.488297 0.627376 0.486348 0.625864 0.486162 0.625812
0 0.134635 0.110751 0.136309 0.112536 0.229905 0.134973 0.237384 0.103775 0.236175 0.101950 0.142149 0.079410
0 0.618877 0.191460 0.645645 0.283910 0.676462 0.274987 0.677275 0.273951 0.650383 0.181075 0.619425 0.190039
0 0.618346 0.912222 0.627060 0.942574 0.658425 0.956607 0.661232 0.950334 0.658613 0.942880 0.656702 0.937544 0.649496 0.917424 0.648964 0.916724 0.647844 0.915832 0.646309 0.914885 0.644590 0.914024 0.629950 0.907474 0.628302 0.906828 0.626972 0.906494 0.620960 0.906379
0 0.555231 0.245614 0.583785 0.260070 0.627152 0.174408 0.627736 0.172913 0.599051 0.158391 0.555484 0.244446
0 0.629675 0.825391 0.640589 0.856804 0.732808 0.825746 0.732632 0.825184 0.721328 0.793867 0.629964 0.824836
0 0.234431 0.603090 0.235145 0.607625 0.235501 0.608581 0.236283 0.609913 0.237373 0.611417 0.277782 0.662780 0.287885 0.675621 0.289101 0.677048 0.290243 0.678162 0.291136 0.678793 0.295187 0.680315 0.300335 0.676265 0.304899 0.672235 0.245532 0.596776 0.239579 0.599040
0 0.005363 0.110399 0.027365 0.133843 0.029526 0.135517 0.099538 0.069813 0.097699 0.067838 0.075696 0.044393
0 0.491716 0.457981 0.491723 0.458014 0.492183 0.458789 0.494551 0.457413 0.494545 0.457380 0.494084 0.456606
0 0.487932 0.849280 0.561093 0.912137 0.582045 0.887750 0.581670 0.885977 0.508844 0.823408 0.487987 0.847683
0 0.656196 0.489599 0.688279 0.489711 0.689145 0.489664 0.689484 0.392974 0.657254 0.392861 0.656534 0.393352
0 0.453064 0.701143 0.479224 0.719969 0.535702 0.641488 0.535538 0.640839 0.509498 0.622099 0.453278 0.700221
0 0.318523 0.309510 0.319360 0.310389 0.351517 0.313622 0.361214 0.217153 0.360571 0.215841 0.328265 0.212593
0 0.266590 0.223368 0.267659 0.224636 0.335063 0.293341 0.357964 0.270874 0.357311 0.269819 0.289597 0.200797
0 0.096389 0.471263 0.098239 0.471394 0.194350 0.476527 0.196060 0.444490 0.194661 0.444235 0.098107 0.439079
0 0.177053 1.000000 0.210176 1.000000 0.224496 0.908188 0.192850 0.903415 0.191439 0.905268
0 0.514553 0.797822 0.546638 0.891299 0.547739 0.892045 0.577848 0.880453 0.545523 0.787023 0.544444 0.786756
0 0.440141 0.827279 0.471801 0.832878 0.488597 0.737897 0.488650 0.736809 0.457134 0.731236 0.456937 0.732298
0 0.359408 0.207507 0.360052 0.208848 0.386691 0.226727 0.440329 0.146811 0.440054 0.145185 0.413293 0.127223
0 0.596761 0.394642 0.596827 0.395093 0.597268 0.396098 0.598018 0.397503 0.598961 0.399096 0.607402 0.412734 0.608400 0.414277 0.609303 0.415542 0.609975 0.416336 0.610314 0.416538 0.614259 0.417947 0.619702 0.414578 0.628516 0.408289 0.610432 0.379071 0.604588 0.382688 0.597415 0.390734
0 0.508691 0.471336 0.509355 0.471862 0.509448 0.471870 0.510870 0.469541 0.510206 0.469014 0.510113 0.469007
0 0.791916 0.745963 0.793257 0.747093 0.818964 0.766404 0.876895 0.689284 0.851189 0.669973 0.849583 0.669196
