0 0.729578 0.229577 0.824768 0.242127 0.826260 0.240942 0.830462 0.209066 0.734835 0.196459 0.733761 0.197847
0 0.200358 0.251885 0.201732 0.253022 0.227388 0.272284 0.285174 0.195313 0.284184 0.193910 0.258410 0.174560
0 0.570863 0.162692 0.582632 0.258218 0.614474 0.254295 0.615000 0.253163 0.603178 0.157198 0.571189 0.161139
0 0.526950 0.467650 0.536049 0.563232 0.536214 0.563523 0.568221 0.560476 0.559081 0.464455 0.527074 0.467502
0 0.287591 0.877114 0.318626 0.885808 0.319458 0.884040 0.345419 0.791360 0.314526 0.782706 0.313671 0.784007
0 0.452127 0.360704 0.472474 0.454988 0.472599 0.455194 0.503884 0.448443 0.503902 0.448206 0.483556 0.353922
0 0.463892 0.563132 0.464213 0.563782 0.466754 0.565347 0.466908 0.565178 0.466833 0.564904 0.466824 0.564873 0.466662 0.564548 0.466634 0.564504 0.466591 0.564456 0.466539 0.564409 0.466487 0.564372 0.466064 0.564111 0.464795 0.563328 0.464371 0.563067 0.464326 0.563045 0.464046 0.562962
0 0.394652 0.188520 0.396189 0.220713 0.396665 0.221994 0.492803 0.217401 0.492770 0.216100 0.491232 0.183906
0 0.283400 0.328995 0.284390 0.329776 0.314281 0.341216 0.348598 0.251544 0.347903 0.250403 0.317875 0.238911
0 0.043688 0.921450 0.090284 0.997246 0.092587 1.000000 0.094450 1.000000 0.096902 0.998962 0.120301 0.988291 0.122037 0.986059 0.073361 0.903298 0.045774 0.919524
0 0.048138 0.588798 0.081574 0.679523 0.111815 0.668378 0.113594 0.667606 0.080312 0.577296 0.078379 0.577653
0 0.527676 0.961570 0.527803 0.963696 0.559091 0.971432 0.582302 0.877569 0.581924 0.875838 0.550780 0.868137
0 0.390559 0.093857 0.391061 0.095719 0.446081 0.174690 0.472404 0.156350 0.472278 0.154767 0.417004 0.075433
0 0.290862 0.635950 0.333472 0.722746 0.362404 0.708542 0.363035 0.707586 0.320620 0.621189 0.291820 0.635327
0 0.315651 0.473896 0.368764 0.554692 0.369366 0.554441 0.396174 0.536818 0.343305 0.456392 0.342583 0.456191
0 0.780144 0.668346 0.805892 0.687354 0.807297 0.688215 0.864584 0.610615 0.838717 0.591519 0.837168 0.591101
0 0.648882 0.879019 0.649568 0.880764 0.744983 0.896417 0.750200 0.864612 0.749054 0.862941 0.654076 0.847359
0 0.440929 0.580375 0.443277 0.581518 0.471741 0.589380 0.500299 0.497166 0.472113 0.488408 0.469644 0.487656
0 0.476303 0.299130 0.476411 0.300048 0.516605 0.387244 0.545671 0.373846 0.545880 0.373267 0.505502 0.285670
0 0.161704 0.541387 0.254974 0.566876 0.256097 0.566570 0.264555 0.535622 0.171712 0.510250 0.170201 0.510296
0 0.473560 0.604389 0.568577 0.622301 0.574548 0.590629 0.574206 0.590213 0.479624 0.572383 0.479531 0.572717
0 0.876260 0.344788 0.902816 0.362651 0.904666 0.362020 0.958500 0.281986 0.931823 0.264041 0.929848 0.265120
0 0.110938 0.747141 0.143107 0.749139 0.144742 0.747997 0.150708 0.651935 0.118687 0.649946 0.116931 0.650637
0 0.071656 0.045455 0.073634 0.047553 0.157072 0.096934 0.173532 0.069120 0.172017 0.067122 0.088192 0.017512
0 0.542448 0.558690 0.543005 0.559299 0.543113 0.559359 0.545085 0.557090 0.544529 0.556480 0.544422 0.556421
0 0.783213 0.492555 0.801239 0.587099 0.802625 0.587500 0.834286 0.581464 0.816177 0.486484 0.814728 0.486546
0 0.426188 0.532185 0.458410 0.532896 0.458600 0.532745 0.460724 0.436521 0.460543 0.436229 0.428321 0.435518
0 0.093906 0.062071 0.095767 0.064077 0.181335 0.108142 0.196023 0.079619 0.194623 0.077683 0.108661 0.033416
0 0.801932 0.157311 0.802510 0.160686 0.802769 0.161922 0.803435 0.163456 0.804407 0.165055 0.813570 0.178219 0.814704 0.179647 0.815831 0.180690 0.820215 0.183579 0.825468 0.179923 0.849433 0.156355 0.829804 0.128153 0.824163 0.132078
