0 0.701624 0.046295 0.719314 0.140903 0.750850 0.135006 0.752005 0.133326 0.734233 0.038282 0.702552 0.044207
0 0.184915 0.873031 0.270338 0.918330 0.271390 0.916413 0.286421 0.888068 0.201390 0.842977 0.200015 0.844556
0 0.806831 0.408864 0.892555 0.452624 0.894363 0.452406 0.909016 0.423700 0.822898 0.379738 0.821418 0.380289
0 0.783892 0.853333 0.835347 0.934672 0.836891 0.936673 0.864129 0.919443 0.812437 0.837730 0.811006 0.836182
0 0.337257 0.986501 0.369013 0.991535 0.369611 0.989287 0.384644 0.894458 0.353034 0.889447 0.352359 0.891236
0 0.525347 0.487494 0.601447 0.546038 0.601913 0.546250 0.621517 0.520767 0.545068 0.461954 0.544862 0.462127
0 0.731025 0.654788 0.793848 0.727704 0.795201 0.728753 0.819619 0.707716 0.756506 0.634464 0.755330 0.633847
0 0.480733 0.384119 0.480822 0.384650 0.573538 0.410479 0.573877 0.410068 0.582526 0.379019 0.489383 0.353071
0 0.700634 0.883098 0.706968 0.914081 0.804513 0.902437 0.804505 0.899885 0.798251 0.868525 0.701091 0.880669
0 0.160128 0.508734 0.162221 0.540896 0.258708 0.534619 0.259813 0.534460 0.257730 0.502445 0.256615 0.502456
0 0.502010 0.615792 0.504059 0.617452 0.504831 0.617796 0.504957 0.617592 0.504806 0.617339 0.504776 0.617311 0.503411 0.616204 0.503069 0.615927 0.503021 0.615891 0.502962 0.615853 0.502903 0.615819 0.502850 0.615792 0.502465 0.615620 0.502428 0.615607 0.502136 0.615588
0 0.507660 0.528492 0.508423 0.528979 0.508538 0.529036 0.510220 0.526175 0.509459 0.525687 0.509343 0.525630
0 0.572210 0.538196 0.580081 0.569085 0.581396 0.569960 0.673035 0.543895 0.665453 0.513050 0.663765 0.512437
0 0.381950 0.499942 0.391553 0.530626 0.392049 0.530486 0.483680 0.501807 0.474120 0.471264 0.474001 0.471132
0 0.853087 0.210044 0.911976 0.286173 0.913874 0.285188 0.939366 0.265468 0.880206 0.188989 0.854713 0.208709
0 0.614581 0.379741 0.709552 0.395365 0.710517 0.394883 0.715749 0.363080 0.620341 0.347384 0.619789 0.348084
0 0.178629 0.913824 0.209951 1.000000 0.215816 1.000000 0.217446 0.999673 0.240360 0.994611 0.241548 0.992349 0.210368 0.901539 0.180098 0.911932
0 0.693594 0.884530 0.787392 0.918987 0.797652 0.889725 0.797675 0.887245 0.703815 0.853176 0.694080 0.882111
0 0.656618 0.307424 0.662527 0.338879 0.756890 0.321150 0.758070 0.320328 0.752133 0.288730 0.657337 0.306540
0 0.224842 0.339318 0.239367 0.368089 0.240562 0.368694 0.326481 0.325316 0.312022 0.296677 0.311156 0.295741
0 0.259827 0.193348 0.260928 0.194753 0.290121 0.208059 0.330036 0.120478 0.329254 0.118731 0.299926 0.105364
0 0.561561 0.773270 0.561844 0.774527 0.571983 0.805122 0.663765 0.774708 0.653627 0.744113 0.652923 0.742995
0 0.847649 0.798751 0.851922 0.831100 0.852737 0.832128 0.951567 0.822950 0.947038 0.790217 0.945788 0.789375
0 0.129349 0.618360 0.149242 0.643717 0.150850 0.643059 0.226574 0.583650 0.206771 0.558408 0.205421 0.558677
0 0.315075 0.296698 0.376096 0.371702 0.376663 0.372290 0.401550 0.352044 0.401097 0.351362 0.340077 0.276359
0 0.212512 0.836165 0.229370 0.863821 0.312337 0.813249 0.313202 0.811807 0.296422 0.784278 0.213837 0.834617
0 0.213298 0.756493 0.268771 0.835688 0.295169 0.817197 0.296108 0.815744 0.240890 0.736911 0.214612 0.755318
0 0.417690 0.764189 0.426541 0.795098 0.519269 0.768542 0.519181 0.767315 0.510369 0.736547 0.418066 0.762981
0 0.514848 0.513279 0.515248 0.513786 0.515361 0.513862 0.515535 0.513682 0.516153 0.513005 0.517079 0.511988 0.517213 0.511829 0.516812 0.511323 0.516699 0.511247
0 0.903065 0.845710 0.904920 0.847302 0.932432 0.864092 0.982801 0.781557 0.955290 0.764767 0.953203 0.763554
0 0.288827 0.699470 0.296072 0.795889 0.328212 0.793474 0.328999 0.792129 0.321787 0.696152 0.289795 0.698556
0 0.378152 0.786613 0.421257 0.872900 0.450019 0.858532 0.450248 0.856893 0.407340 0.771000 0.378709 0.785303
0 0.729908 0.845208 0.775225 0.930119 0.776492 0.932100 0.804926 0.916925 0.759401 0.831623 0.758212 0.830103
0 0.529218 0.630133 0.529352 0.630732 0.559263 0.642738 0.595280 0.553006 0.594844 0.552763 0.565070 0.540812
