0 0.203331 0.929239 0.251457 1.000000 0.274642 1.000000 0.277930 0.999715 0.229542 0.915574 0.206885 0.926119
0 0.487149 0.440294 0.488922 0.442517 0.489070 0.442409 0.489202 0.442128 0.489189 0.442042 0.489177 0.442005 0.489152 0.441959 0.489120 0.441914 0.488234 0.440803 0.487643 0.440062 0.487608 0.440023 0.487574 0.439996 0.487430 0.439906 0.487281 0.440014
0 0.508487 0.529569 0.510619 0.530892 0.510715 0.530874 0.511049 0.530068 0.508917 0.528745 0.508820 0.528764
0 0.123640 0.171923 0.125373 0.173434 0.154494 0.187267 0.195993 0.099904 0.194587 0.098053 0.165331 0.084156
0 0.249416 0.951730 0.279919 0.962140 0.280928 0.960022 0.312014 0.868933 0.281651 0.858571 0.280646 0.860222
0 0.236881 0.442523 0.238087 0.442787 0.270030 0.445770 0.278979 0.349939 0.277961 0.349248 0.245870 0.346252
0 0.509613 0.845955 0.509657 0.847549 0.539453 0.859837 0.576321 0.770452 0.575971 0.769212 0.546312 0.756979
0 0.891579 0.752559 0.936372 0.837748 0.938381 0.839303 0.966908 0.824303 0.921909 0.738721 0.919975 0.737627
0 0.170753 0.224200 0.171301 0.225049 0.241915 0.295067 0.264644 0.272544 0.264525 0.271920 0.193919 0.201436
0 0.918357 0.429486 0.944158 0.448422 0.976862 0.444624 0.980928 0.439084 0.977414 0.433449 0.976450 0.432410 0.974997 0.431227 0.961180 0.421086 0.959465 0.419945 0.957757 0.419022 0.956316 0.418461 0.955363 0.418344 0.949876 0.419328 0.929189 0.423038 0.922144 0.424325
0 0.622461 0.857166 0.623025 0.858811 0.635685 0.888450 0.724604 0.850470 0.711944 0.820831 0.710972 0.819360
0 0.659188 0.881545 0.659925 0.883311 0.683957 0.905025 0.749099 0.832930 0.747952 0.831396 0.724031 0.809782
0 0.196555 0.050810 0.197946 0.052869 0.276514 0.108462 0.295045 0.082273 0.294101 0.080349 0.215171 0.024500
0 0.106062 0.242772 0.117105 0.273526 0.118089 0.274677 0.211166 0.244398 0.200314 0.214019 0.199713 0.212600
0 0.228422 0.116819 0.240900 0.147543 0.331784 0.115120 0.331401 0.113699 0.319999 0.082716 0.228451 0.115376
0 0.389316 0.600704 0.392471 0.606445 0.478584 0.559122 0.479074 0.557771 0.475991 0.552161 0.471385 0.551014 0.471101 0.551123 0.470218 0.551569 0.468872 0.552283 0.467267 0.553156 0.453210 0.560880 0.396985 0.591778 0.395344 0.592690 0.393897 0.593511 0.392862 0.594119 0.392398 0.594420 0.391147 0.595518
0 0.224907 0.342061 0.226074 0.343743 0.248847 0.365634 0.317602 0.298088 0.316860 0.296208 0.294020 0.274543
0 0.401856 0.627460 0.486134 0.674857 0.501933 0.646764 0.501924 0.646092 0.418032 0.598913 0.417655 0.599368
0 0.185331 0.378058 0.186772 0.378616 0.218417 0.383900 0.234266 0.288966 0.233043 0.287994 0.201253 0.282687
0 0.311107 0.694790 0.335073 0.716340 0.399723 0.644441 0.400182 0.643779 0.376326 0.622327 0.375757 0.622891
0 0.780579 0.246780 0.875418 0.263184 0.877147 0.262094 0.882640 0.230335 0.787365 0.213855 0.786048 0.215166
0 0.789532 0.127480 0.819967 0.137628 0.821441 0.135960 0.852022 0.044232 0.821447 0.034038 0.819973 0.036174
0 0.389852 0.417254 0.390356 0.417632 0.486275 0.421880 0.487691 0.389906 0.487635 0.389401 0.391274 0.385134
0 0.110672 0.203742 0.112457 0.205100 0.143124 0.214521 0.171389 0.122518 0.169876 0.120780 0.139067 0.111315
0 0.000873 0.185212 0.003161 0.186654 0.091239 0.225460 0.104174 0.196100 0.102351 0.194701 0.013867 0.155717
0 0.029018 0.238876 0.112871 0.286543 0.114641 0.287519 0.130457 0.259695 0.128760 0.258592 0.044906 0.210925
0 0.832100 0.651538 0.857612 0.744100 0.859254 0.745221 0.890250 0.736678 0.864621 0.643691 0.862954 0.643034
0 0.036206 0.666396 0.060982 0.686887 0.062990 0.686033 0.124181 0.612044 0.099518 0.591647 0.097679 0.592068
0 0.166143 0.137459 0.223500 0.215301 0.224767 0.216606 0.250595 0.197575 0.193502 0.120090 0.192091 0.118341
