0 0.734546 0.726160 0.773008 0.814134 0.774262 0.815576 0.803721 0.802697 0.765082 0.714320 0.763870 0.713340
0 0.395422 0.381887 0.395901 0.382428 0.492148 0.382648 0.492221 0.350565 0.492186 0.349877 0.395495 0.349656
0 0.594134 0.384681 0.615553 0.408566 0.616085 0.408145 0.688070 0.343591 0.666552 0.319596 0.594567 0.384150
0 0.586383 0.318136 0.586908 0.319964 0.623805 0.406063 0.653952 0.393338 0.653725 0.391817 0.616186 0.305386
0 0.092112 0.562577 0.122724 0.572407 0.124449 0.572076 0.153805 0.480660 0.123333 0.470875 0.121603 0.470741
0 0.645412 0.518424 0.645716 0.519202 0.645774 0.519263 0.648255 0.518087 0.647952 0.517309 0.647893 0.517248
0 0.530435 0.506186 0.530530 0.506364 0.530970 0.507109 0.531267 0.506966 0.531847 0.506642 0.534168 0.505344 0.534451 0.505161 0.534356 0.504983 0.533914 0.504240
0 0.152121 0.128544 0.161788 0.159290 0.163338 0.160852 0.255154 0.131983 0.245531 0.101378 0.244360 0.099542
0 0.077255 0.416799 0.104270 0.434232 0.106079 0.434533 0.158141 0.353859 0.131250 0.336505 0.129556 0.335754
0 0.000942 0.918118 0.097572 0.921529 0.099417 0.919597 0.100548 0.887535 0.004360 0.884140 0.002078 0.885909
0 0.276733 0.286471 0.281837 0.291352 0.352972 0.355838 0.357271 0.351096 0.356363 0.345544 0.354692 0.343748 0.354222 0.343289 0.353270 0.342398 0.351981 0.341211 0.350552 0.339909 0.290028 0.285042 0.288694 0.283840 0.287677 0.282937 0.287133 0.282471 0.281132 0.281618
0 0.884063 0.279086 0.917589 0.369056 0.919506 0.368455 0.949634 0.357228 0.915955 0.266844 0.885827 0.278071
0 0.157955 0.414797 0.249722 0.445258 0.250869 0.445509 0.260977 0.415061 0.259876 0.414669 0.168109 0.384208
0 0.676676 0.342383 0.708351 0.343674 0.709911 0.342416 0.710783 0.247283 0.679156 0.245791 0.677742 0.247484
0 0.692475 0.141114 0.772360 0.194377 0.773611 0.192973 0.791447 0.166222 0.711195 0.112715 0.693359 0.139466
0 0.254834 0.580494 0.322730 0.649004 0.323540 0.648323 0.346272 0.625795 0.278687 0.557598 0.277670 0.557862
0 0.308925 0.777688 0.339526 0.787553 0.340260 0.786238 0.369717 0.694855 0.339256 0.685035 0.338518 0.685885
0 0.721120 0.092204 0.744129 0.114562 0.811204 0.045536 0.812636 0.043443 0.789521 0.020983 0.722138 0.090327
0 0.613602 0.558162 0.622142 0.589087 0.622704 0.589497 0.715906 0.563758 0.707327 0.532691 0.706376 0.532541
0 0.799948 0.491740 0.801219 0.523797 0.802606 0.523907 0.899221 0.520074 0.897943 0.487869 0.896120 0.487924
0 0.046122 0.715109 0.127448 0.767408 0.129156 0.766183 0.146509 0.739198 0.065556 0.687139 0.063556 0.688001
0 0.655535 0.426828 0.660707 0.458491 0.755696 0.442975 0.756873 0.442712 0.751677 0.410904 0.656251 0.426491
0 0.901486 0.884055 0.906153 0.915796 0.908023 0.917710 1.000000 0.903647 1.000000 0.900927 0.998997 0.871759 0.996710 0.870056
0 0.406673 0.926130 0.421795 0.954593 0.507183 0.909228 0.507150 0.907353 0.492098 0.879020 0.407101 0.924178
0 0.780625 0.631457 0.781914 0.632060 0.872536 0.665095 0.883547 0.634888 0.792926 0.601853 0.791586 0.601388
0 0.513098 0.445609 0.513241 0.445755 0.515607 0.443843 0.515652 0.443392 0.515509 0.443246 0.515313 0.443325 0.515276 0.443342 0.515231 0.443373 0.514836 0.443692 0.513258 0.444968 0.513212 0.445009 0.513172 0.445055 0.513145 0.445098 0.513133 0.445131 0.513111 0.445356
