0 0.831659 0.797361 0.853355 0.820994 0.854982 0.822473 0.926209 0.757083 0.904413 0.733341 0.902560 0.732272
0 0.607812 0.250646 0.681540 0.313954 0.684310 0.310832 0.700677 0.291490 0.627463 0.228623 0.610281 0.247265
0 0.622767 0.244836 0.708296 0.290704 0.710679 0.287208 0.721460 0.264294 0.636524 0.218699 0.634463 0.222438
0 0.578584 0.735824 0.578945 0.736907 0.611094 0.737352 0.612429 0.640907 0.611915 0.640262 0.579913 0.639819
0 0.491021 0.465117 0.491095 0.465269 0.491861 0.465330 0.493405 0.463407 0.493330 0.463256 0.493047 0.463224 0.492665 0.463193 0.492564 0.463194 0.492511 0.463244 0.492473 0.463280 0.492215 0.463601 0.491443 0.464562 0.491186 0.464883
0 0.719065 0.463948 0.745080 0.482722 0.746209 0.482643 0.802791 0.404236 0.776656 0.385376 0.775388 0.385901
0 0.626974 0.393488 0.696839 0.459689 0.697745 0.459503 0.719913 0.436108 0.649727 0.369602 0.649041 0.370200
0 0.891081 0.118478 0.897310 0.119950 0.903663 0.115420 0.913162 0.106370 0.928280 0.091966 0.928970 0.091014 0.929737 0.089444 0.930462 0.087494 0.931035 0.085464 0.934978 0.068785 0.935309 0.066991 0.935346 0.065714 0.934468 0.058527 0.927780 0.056946 0.898443 0.087332
0 0.451947 0.591961 0.453740 0.594103 0.453873 0.594173 0.454639 0.593304 0.452845 0.591164 0.452712 0.591093
0 0.530293 0.864877 0.530433 0.866556 0.544240 0.895680 0.631609 0.854258 0.631006 0.852635 0.617262 0.823645
0 0.053916 0.267524 0.055961 0.268589 0.152092 0.273312 0.153666 0.241267 0.152072 0.240077 0.055497 0.235332
0 0.446192 0.485505 0.468272 0.508984 0.468417 0.508942 0.538531 0.443006 0.538709 0.442744 0.516629 0.419265
0 0.622001 0.075757 0.653866 0.079488 0.654574 0.077552 0.665822 0.000000 0.633197 0.000000
0 0.301464 0.556858 0.312637 0.587090 0.403332 0.553574 0.403775 0.553328 0.392654 0.523234 0.392160 0.523342
0 0.186369 0.680334 0.223538 0.769595 0.253292 0.757205 0.254423 0.756026 0.217423 0.667175 0.187807 0.679507
0 0.716711 0.641143 0.717708 0.641793 0.745593 0.657956 0.794083 0.574303 0.766198 0.558140 0.764978 0.557874
0 0.498555 0.477412 0.498601 0.477511 0.499337 0.478180 0.501765 0.475938 0.501719 0.475839 0.500984 0.475170
0 0.554200 0.371540 0.559508 0.403339 0.654907 0.387415 0.655623 0.386894 0.650291 0.354948 0.554451 0.370945
0 0.273788 0.510304 0.283402 0.540985 0.284392 0.540797 0.376013 0.512089 0.366444 0.481548 0.365830 0.481464
0 0.155930 0.468946 0.187316 0.475918 0.188746 0.476028 0.209566 0.382299 0.208232 0.381758 0.176845 0.374787
0 0.444328 0.768428 0.539824 0.787621 0.546222 0.755789 0.546008 0.754608 0.450953 0.735504 0.450726 0.736596
0 0.702982 0.208495 0.722537 0.233831 0.798544 0.175167 0.799915 0.173675 0.780271 0.148223 0.703914 0.207156
0 0.499088 0.309557 0.499092 0.310428 0.550398 0.391584 0.577450 0.374482 0.577806 0.373905 0.526264 0.292376
0 0.432117 0.672890 0.455003 0.695584 0.523085 0.626925 0.522979 0.626343 0.500198 0.603754 0.432428 0.672097
0 0.520522 0.554518 0.520528 0.554573 0.520560 0.554848 0.520755 0.554905 0.522597 0.553631 0.522610 0.552601 0.522416 0.552544 0.520929 0.553573 0.520574 0.553819 0.520536 0.553940 0.520529 0.554004
0 0.575542 0.262074 0.648547 0.324794 0.669453 0.300459 0.670234 0.299540 0.596893 0.236531 0.575890 0.260978
0 0.426730 0.717247 0.502707 0.777052 0.522642 0.751726 0.522538 0.750572 0.446909 0.691042 0.427066 0.716251
0 0.153370 0.567102 0.195484 0.654140 0.224497 0.640102 0.225759 0.639460 0.183839 0.552821 0.182384 0.553064
0 0.150957 0.876607 0.179744 0.891102 0.181212 0.889309 0.224495 0.803343 0.195840 0.788915 0.194439 0.790245
0 0.463292 0.521924 0.464649 0.524420 0.464826 0.524446 0.465435 0.523640 0.464080 0.521144 0.463903 0.521118
0 0.184944 0.277238 0.204018 0.303218 0.205374 0.304120 0.282958 0.247161 0.263971 0.221299 0.262885 0.220016
