0 0.397006 0.128322 0.397480 0.130034 0.429646 0.132210 0.436173 0.035713 0.435878 0.033564 0.403564 0.031378
0 0.750215 0.900036 0.751365 0.901873 0.782497 0.909906 0.806594 0.816510 0.805193 0.815063 0.774203 0.807067
0 0.574999 0.223118 0.671171 0.226908 0.671960 0.225650 0.673229 0.193445 0.576613 0.189638 0.576262 0.191060
0 0.328833 0.976031 0.361014 0.977815 0.361651 0.975625 0.366978 0.879525 0.334945 0.877749 0.334185 0.879489
0 0.372595 0.076891 0.378322 0.108608 0.378880 0.110402 0.473596 0.093299 0.473474 0.091426 0.467747 0.059710
0 0.534596 0.426005 0.599048 0.497487 0.599504 0.497475 0.623441 0.475892 0.558693 0.404082 0.534756 0.425664
0 0.464238 0.551528 0.464406 0.551704 0.464727 0.552039 0.465369 0.552707 0.466011 0.553375 0.466164 0.553533 0.466687 0.553108 0.466772 0.553010 0.464845 0.551004 0.464324 0.551430
0 0.851847 0.191356 0.883827 0.193921 0.885594 0.192512 0.893327 0.096131 0.861199 0.093554 0.859544 0.095417
0 0.413699 0.845562 0.446152 0.846583 0.446401 0.844983 0.449449 0.748075 0.417146 0.747059 0.416761 0.748205
0 0.507995 0.230508 0.599281 0.261916 0.609856 0.231664 0.610266 0.230260 0.518491 0.198684 0.517694 0.199954
0 0.476433 0.289408 0.476541 0.290371 0.513772 0.378872 0.543273 0.366461 0.543471 0.365848 0.506069 0.276940
0 0.915193 0.174710 0.942533 0.191499 0.944570 0.190078 0.995168 0.107684 0.967703 0.090818 0.965560 0.092694
0 0.503273 0.859608 0.503289 0.861260 0.587752 0.907837 0.603278 0.879682 0.602805 0.877947 0.518728 0.831582
0 0.697802 0.706306 0.720157 0.799921 0.721170 0.801302 0.752519 0.793817 0.730062 0.699770 0.729008 0.698854
0 0.734444 0.614880 0.741519 0.646173 0.742631 0.646845 0.836942 0.625526 0.829835 0.594089 0.828323 0.593658
0 0.391983 0.804639 0.413440 0.828689 0.485590 0.764320 0.485656 0.763109 0.464298 0.739169 0.392479 0.803243
0 0.695159 0.562422 0.724230 0.575807 0.725260 0.576155 0.765600 0.488541 0.736395 0.475095 0.735314 0.475209
0 0.158832 0.553242 0.163628 0.557705 0.171317 0.556385 0.236726 0.486098 0.232041 0.481738 0.225772 0.481310 0.222615 0.481446 0.221991 0.481694 0.220952 0.482450 0.219657 0.483600 0.218305 0.484969 0.207174 0.496930 0.162652 0.544772 0.161465 0.546133 0.160639 0.547261 0.160301 0.547984
0 0.497361 0.406879 0.497572 0.406998 0.499101 0.404799 0.499424 0.404025 0.499212 0.403907 0.498980 0.404061 0.498966 0.404072 0.498940 0.404105 0.497921 0.405571 0.497667 0.405937 0.497634 0.405988 0.497599 0.406049 0.497567 0.406110 0.497542 0.406163 0.497380 0.406550 0.497368 0.406586
0 0.877526 0.590942 0.879264 0.591360 0.975884 0.595068 0.977119 0.562861 0.974932 0.562574 0.878756 0.558883
0 0.519079 0.490087 0.543810 0.510735 0.544603 0.509796 0.606045 0.436237 0.581029 0.415439 0.580391 0.415960
0 0.523815 0.522146 0.523912 0.522248 0.524371 0.522667 0.524541 0.522513 0.525201 0.521847 0.525860 0.521180 0.526189 0.520847 0.526349 0.520668 0.526252 0.520566 0.525792 0.520148
0 0.292865 0.581679 0.307142 0.610486 0.393565 0.567654 0.394052 0.567345 0.379840 0.538669 0.379288 0.538847
0 0.484543 0.466798 0.485423 0.467469 0.487606 0.465229 0.487623 0.465119 0.486743 0.464447 0.484560 0.466688
0 0.443764 0.403353 0.443766 0.403509 0.445752 0.405753 0.446741 0.405250 0.446739 0.405094 0.444755 0.402849
0 0.902181 0.214129 0.987049 0.259527 0.989292 0.258419 1.000000 0.231322 1.000000 0.230000 0.919234 0.184393 0.917313 0.185840
0 0.626300 0.183630 0.657592 0.190711 0.658317 0.189287 0.679659 0.094981 0.648223 0.087868 0.647544 0.089757
