0 0.000000 0.534751 0.078050 0.576144 0.079984 0.575794 0.093718 0.546800 0.006736 0.505597 0.004465 0.505623 0.000000 0.528712
0 0.501728 0.547727 0.501933 0.547998 0.502493 0.548540 0.503332 0.549351 0.503376 0.549383 0.503438 0.549414 0.503509 0.549439 0.503577 0.549453 0.504112 0.549525 0.504167 0.549527 0.504478 0.549493 0.504557 0.549264 0.502880 0.547640 0.501808 0.547498
0 0.880635 0.896867 0.891765 0.926957 0.893568 0.928923 0.984255 0.895381 0.973073 0.865152 0.970905 0.863478
0 0.522824 0.386292 0.545956 0.408523 0.612649 0.339128 0.613167 0.338387 0.589929 0.316054 0.522929 0.385768
0 0.604625 0.428655 0.619049 0.457225 0.619596 0.457028 0.705699 0.413556 0.691208 0.384855 0.605105 0.428327
0 0.438471 0.905751 0.534813 0.910406 0.536365 0.878291 0.536199 0.876562 0.440297 0.871928 0.440023 0.873636
0 0.476488 0.450437 0.476629 0.450591 0.476922 0.450543 0.477252 0.450433 0.477296 0.450412 0.477345 0.450377 0.477392 0.450333 0.477430 0.450287 0.477959 0.449533 0.478753 0.448400 0.478776 0.448359 0.478876 0.448107 0.478735 0.447952 0.478075 0.448171
0 0.511569 0.300187 0.539231 0.316284 0.587523 0.233299 0.587925 0.232074 0.560136 0.215903 0.511623 0.299269
0 0.568200 0.864362 0.569249 0.865898 0.660940 0.890299 0.669603 0.858969 0.668107 0.857477 0.576997 0.832984
0 0.487132 0.434890 0.487154 0.434955 0.488900 0.437333 0.489749 0.436748 0.489727 0.436683 0.487982 0.434305
0 0.078710 0.534237 0.173093 0.554119 0.174588 0.553872 0.181184 0.522554 0.087233 0.502763 0.085337 0.502776
0 0.366748 0.570206 0.397017 0.581277 0.397489 0.580904 0.430550 0.490513 0.400419 0.479493 0.399961 0.479399
0 0.243913 0.342329 0.249403 0.374009 0.250549 0.374585 0.345152 0.358190 0.339687 0.326655 0.338951 0.325859
0 0.502517 0.393427 0.505235 0.394728 0.505397 0.394647 0.505462 0.393578 0.502743 0.392278 0.502580 0.392358
0 0.184110 0.465269 0.275303 0.497409 0.276332 0.497421 0.286997 0.467163 0.196222 0.435170 0.194824 0.434871
0 0.047607 0.181410 0.049676 0.182866 0.145196 0.192584 0.148435 0.160744 0.146821 0.159186 0.050861 0.149423
0 0.543081 0.823916 0.543279 0.825404 0.561276 0.920165 0.592863 0.914166 0.574866 0.819405 0.574524 0.817945
0 0.070928 0.446739 0.090733 0.472167 0.092609 0.472294 0.168541 0.413151 0.148826 0.387840 0.147209 0.387324
0 0.771436 0.769222 0.774910 0.775059 0.781379 0.781532 0.791675 0.791833 0.792453 0.792371 0.793852 0.793085 0.795661 0.793868 0.797601 0.794598 0.813785 0.800240 0.815554 0.800804 0.816877 0.801113 0.817550 0.801121 0.823868 0.800357 0.826130 0.793868 0.803764 0.773714 0.773544 0.763178
0 0.690133 0.479520 0.746075 0.557552 0.747205 0.557817 0.773336 0.539084 0.717137 0.460693 0.716144 0.460872
0 0.337631 0.175065 0.338375 0.176554 0.366394 0.192182 0.413275 0.108124 0.412876 0.106320 0.384728 0.090620
0 0.732304 0.269202 0.827666 0.282226 0.829175 0.281223 0.833536 0.249290 0.737735 0.236205 0.736645 0.237415
0 0.823871 0.692476 0.823975 0.724559 0.825467 0.725592 0.922157 0.725279 0.922052 0.693049 0.920118 0.692165
0 0.509404 0.643272 0.509447 0.643930 0.535901 0.662203 0.590719 0.582840 0.590304 0.582461 0.563971 0.564272
0 0.203323 0.509542 0.235708 0.510064 0.236925 0.510018 0.238486 0.413312 0.237276 0.412911 0.204891 0.412389
0 0.671392 0.906497 0.672181 0.908368 0.704244 0.911645 0.714074 0.815456 0.713093 0.814010 0.681176 0.810748
0 0.832795 0.198429 0.844284 0.228384 0.934148 0.193915 0.936147 0.192506 0.924605 0.162413 0.834327 0.197041
0 0.162470 0.096245 0.165759 0.103155 0.169602 0.107717 0.170364 0.108401 0.171662 0.109313 0.173297 0.110314 0.175023 0.111254 0.203592 0.125841 0.246446 0.147721 0.248020 0.148467 0.249224 0.148915 0.249875 0.148998 0.255698 0.149136 0.258609 0.143436 0.252962 0.135094 0.165449 0.090411
0 0.029574 0.736795 0.110748 0.789329 0.112532 0.788003 0.129964 0.761069 0.049162 0.708775 0.047086 0.709736
0 0.448590 0.856174 0.474718 0.874910 0.530924 0.796523 0.530783 0.795168 0.504773 0.776518 0.448825 0.854546
