0 0.382507 0.760964 0.407189 0.781936 0.470105 0.707890 0.470242 0.706932 0.445674 0.686057 0.383048 0.759762
0 0.883092 0.413830 0.912587 0.426254 0.914482 0.425915 0.951925 0.337025 0.922295 0.324544 0.920364 0.325346
0 0.413287 0.742620 0.445514 0.743014 0.445764 0.741900 0.446941 0.645660 0.414861 0.645267 0.414469 0.645936
0 0.662468 0.934985 0.666432 0.966743 0.667197 0.968887 0.762908 0.956938 0.758926 0.925034 0.757742 0.923090
0 0.853220 0.233026 0.866776 0.262018 0.953751 0.221351 0.955836 0.220071 0.942218 0.190946 0.854843 0.231800
0 0.328106 0.500743 0.354394 0.519254 0.355060 0.519166 0.410339 0.440662 0.384171 0.422236 0.383639 0.421879
0 0.264313 0.604843 0.359003 0.623205 0.359648 0.622642 0.365741 0.591223 0.271483 0.572945 0.270433 0.573280
0 0.136860 0.893766 0.161787 0.914073 0.163333 0.912179 0.223976 0.837741 0.199163 0.817527 0.197782 0.818986
0 0.530966 0.472579 0.540224 0.503215 0.540409 0.503230 0.632740 0.475329 0.623440 0.444552 0.531108 0.472453
0 0.484223 0.608019 0.487499 0.609487 0.487576 0.609323 0.487878 0.608593 0.487616 0.608457 0.487070 0.608212 0.484885 0.607233 0.484601 0.607125 0.484523 0.607288
0 0.688204 0.166010 0.783625 0.178595 0.784931 0.177116 0.789146 0.145162 0.693285 0.132518 0.692400 0.134202
0 0.236111 0.318983 0.255622 0.344637 0.256742 0.345348 0.333349 0.287083 0.313927 0.261547 0.313071 0.260449
0 0.386453 0.603821 0.410005 0.625708 0.475666 0.555053 0.475778 0.554802 0.452334 0.533015 0.452115 0.533166
0 0.766022 0.100412 0.789845 0.121901 0.854309 0.050431 0.855940 0.048361 0.832008 0.026774 0.767247 0.098573
0 0.899530 0.448725 0.902601 0.544689 0.904450 0.544894 0.936585 0.543866 0.933500 0.447461 0.901365 0.448489
0 0.559893 0.738385 0.567639 0.769519 0.567951 0.770759 0.661781 0.747415 0.653999 0.716138 0.653294 0.715148
0 0.341395 0.805739 0.360249 0.831880 0.438669 0.775317 0.438950 0.774056 0.420183 0.748035 0.342122 0.804338
0 0.161208 0.629997 0.161460 0.636542 0.166742 0.639252 0.167424 0.639369 0.168761 0.639414 0.170547 0.639379 0.219526 0.637494 0.252178 0.636237 0.254118 0.636128 0.255892 0.635964 0.257228 0.635769 0.257924 0.635574 0.260707 0.634015 0.265142 0.629728 0.264895 0.623332 0.168953 0.627025
0 0.205551 0.384777 0.206898 0.385303 0.301503 0.401690 0.306965 0.370155 0.306078 0.369559 0.211039 0.353097
0 0.217949 0.903983 0.246658 0.918457 0.247817 0.916543 0.291039 0.830808 0.262460 0.816401 0.261369 0.817855
0 0.311707 0.434308 0.312570 0.434609 0.344653 0.434664 0.344819 0.338417 0.344105 0.337673 0.311874 0.337617
0 0.538417 0.639409 0.538594 0.640050 0.571410 0.731002 0.601727 0.720063 0.568911 0.629112 0.568595 0.628520
0 0.135989 0.505129 0.139944 0.537115 0.141594 0.536945 0.237114 0.525137 0.233178 0.493297 0.231949 0.493266
0 0.560345 0.476574 0.560507 0.476712 0.560809 0.476613 0.561897 0.476089 0.562620 0.475740 0.562666 0.475710 0.562713 0.475666 0.562754 0.475614 0.562783 0.475561 0.562962 0.475140 0.562974 0.475096 0.563038 0.474822 0.562877 0.474685 0.560703 0.475731
