0 0.459927 0.160814 0.460111 0.162368 0.466595 0.193789 0.560856 0.174337 0.561136 0.172837 0.554622 0.141272
0 0.446787 0.574234 0.446871 0.574331 0.448210 0.575651 0.448865 0.575038 0.448781 0.574941 0.447442 0.573621 0.447279 0.573767 0.446951 0.574073
0 0.359366 0.782324 0.363493 0.814210 0.459150 0.801827 0.459337 0.800447 0.455228 0.768707 0.360008 0.781033
0 0.619273 0.714232 0.619820 0.715216 0.714790 0.732078 0.720411 0.700421 0.719403 0.699505 0.624868 0.682720
0 0.723259 0.148764 0.777735 0.228111 0.804184 0.209953 0.805584 0.208617 0.750858 0.128905 0.724287 0.147147
0 0.505069 0.202953 0.526560 0.227139 0.526972 0.227341 0.599033 0.160622 0.577598 0.135831 0.576952 0.136039
0 0.892999 0.770248 0.894809 0.771493 0.922807 0.787459 0.970705 0.703466 0.942707 0.687499 0.940678 0.686640
0 0.500368 0.448839 0.529478 0.462326 0.529614 0.462152 0.570260 0.374419 0.541015 0.360871 0.500370 0.448603
0 0.646443 0.583644 0.663377 0.610893 0.664129 0.611404 0.746253 0.560368 0.729241 0.532993 0.728190 0.532842
0 0.437751 0.284591 0.438152 0.284889 0.469685 0.290363 0.485908 0.194052 0.485724 0.193334 0.453810 0.187793
0 0.778435 0.966284 0.779713 0.968426 0.805968 0.986984 0.861643 0.908220 0.859990 0.906354 0.833855 0.887880
0 0.775711 0.756949 0.776986 0.758138 0.804954 0.774474 0.853960 0.690571 0.825992 0.674236 0.824491 0.673433
0 0.726373 0.518389 0.768693 0.604833 0.769929 0.605316 0.798877 0.591145 0.756363 0.504302 0.755189 0.504282
0 0.363211 0.156970 0.378872 0.252145 0.379425 0.253279 0.411005 0.248082 0.395416 0.153343 0.394936 0.151750
0 0.217075 0.097912 0.217173 0.099801 0.217415 0.101312 0.217765 0.102215 0.221010 0.106788 0.225760 0.112478 0.232144 0.112948 0.239207 0.017195 0.233106 0.005899 0.226573 0.005418 0.223686 0.011508 0.223359 0.012723 0.223147 0.014464 0.221945 0.030758 0.219541 0.063346 0.218339 0.079640 0.217138 0.095934
0 0.509761 0.473311 0.510218 0.474119 0.510334 0.474113 0.512253 0.472469 0.511797 0.471661 0.511681 0.471668
0 0.858262 0.928038 0.884641 0.959555 0.915542 0.974584 0.918547 0.968404 0.914511 0.960791 0.909516 0.955238 0.899879 0.944525 0.890685 0.934305 0.889840 0.933572 0.888466 0.932631 0.886772 0.931626 0.885015 0.930707 0.870592 0.923692 0.869032 0.922998 0.867902 0.922630 0.861062 0.922282
0 0.748454 0.749426 0.769654 0.773402 0.770893 0.774658 0.843152 0.710767 0.821855 0.686680 0.820383 0.685827
0 0.702315 0.404879 0.773457 0.469704 0.774717 0.469564 0.796424 0.445741 0.724954 0.380617 0.723923 0.381165
0 0.859463 0.673094 0.861118 0.673891 0.893054 0.678240 0.906099 0.582433 0.904238 0.582055 0.872448 0.577727
0 0.294082 0.700460 0.362236 0.768714 0.384987 0.745996 0.385513 0.744871 0.317670 0.676930 0.316833 0.677742
0 0.229987 0.574169 0.321905 0.604172 0.322721 0.603695 0.332677 0.573195 0.241180 0.543331 0.239988 0.543530
0 0.638915 0.216261 0.696406 0.293451 0.722136 0.274287 0.723159 0.273248 0.665403 0.195703 0.639554 0.214955
0 0.738591 0.825769 0.743978 0.857395 0.745101 0.859041 0.840419 0.842807 0.835008 0.811034 0.833472 0.809609
0 0.457547 0.095296 0.457742 0.097151 0.481081 0.119163 0.547118 0.049143 0.547335 0.047067 0.523887 0.024954
0 0.920882 0.667870 0.922820 0.668642 0.953047 0.679829 0.986606 0.589148 0.956378 0.577962 0.954287 0.577605
