0 0.472753 0.918434 0.473370 0.920216 0.563856 0.950182 0.574565 0.919343 0.573494 0.917580 0.483612 0.887567
0 0.172335 0.063874 0.172525 0.065071 0.172956 0.066758 0.186489 0.113868 0.191000 0.129571 0.195512 0.145274 0.196111 0.147171 0.196780 0.148965 0.197416 0.150382 0.197923 0.151206 0.201395 0.155216 0.207254 0.159324 0.213406 0.157556 0.186896 0.065275 0.179570 0.055104 0.173274 0.056913
0 0.081755 0.848495 0.172272 0.881815 0.173771 0.880069 0.184826 0.850035 0.094724 0.816867 0.092862 0.818322
0 0.263647 0.511956 0.346879 0.561165 0.347580 0.560885 0.363909 0.533269 0.281059 0.484285 0.280051 0.484212
0 0.067819 0.716263 0.090256 0.739581 0.159481 0.676649 0.161166 0.675012 0.138809 0.651516 0.137018 0.653048
0 0.372957 0.927976 0.378047 0.959749 0.472367 0.948900 0.473353 0.946678 0.468248 0.914753 0.374386 0.925870
0 0.120840 0.657310 0.216431 0.671852 0.217731 0.671064 0.222556 0.639347 0.127403 0.624872 0.125688 0.625447
0 0.285104 0.643580 0.316620 0.650325 0.317461 0.649636 0.337603 0.555520 0.306231 0.548806 0.305338 0.549031
0 0.424065 0.517614 0.453197 0.531403 0.453411 0.531259 0.494587 0.444264 0.494563 0.444007 0.465431 0.430219
0 0.477755 0.381696 0.477857 0.382236 0.572981 0.395277 0.573316 0.394796 0.577683 0.362942 0.482122 0.349842
0 0.162616 0.331156 0.210435 0.416014 0.211772 0.416402 0.239928 0.400536 0.192329 0.316069 0.190902 0.315216
0 0.765825 0.160716 0.767895 0.256941 0.799970 0.256252 0.801352 0.255129 0.799272 0.158461 0.767050 0.159154
0 0.567611 0.274101 0.584698 0.368820 0.616270 0.363125 0.616806 0.362494 0.599641 0.267340 0.567923 0.273061
0 0.782608 0.575667 0.864613 0.626054 0.866292 0.626634 0.883164 0.599173 0.800782 0.548555 0.799403 0.548332
0 0.401383 0.149950 0.401834 0.151550 0.415036 0.180705 0.502500 0.141097 0.502511 0.139449 0.489248 0.110160
0 0.388482 0.427318 0.406930 0.453746 0.407357 0.453959 0.486278 0.398868 0.486215 0.398402 0.467766 0.371974
0 0.197999 0.000000 0.215231 0.094004 0.216536 0.095865 0.248105 0.090147 0.230952 0.000000
0 0.849795 0.315718 0.908790 0.391766 0.910672 0.391267 0.936138 0.371512 0.876872 0.295114 0.875145 0.296053
0 0.250652 0.107502 0.251792 0.109296 0.332416 0.161434 0.349795 0.134560 0.349105 0.132881 0.268111 0.080504
0 0.934432 0.780996 0.987237 0.861465 0.989480 0.863130 1.000000 0.846237 1.000000 0.836013 0.998810 0.827201 0.998105 0.825460 0.963379 0.764608 0.961256 0.763395
0 0.507755 0.457260 0.507899 0.457442 0.508185 0.457394 0.508223 0.457381 0.508608 0.457201 0.508659 0.457173 0.508714 0.457133 0.508766 0.457088 0.508807 0.457046 0.509363 0.456371 0.510194 0.455361 0.510217 0.455326 0.510334 0.455060 0.510191 0.454877 0.509421 0.455239
0 0.711556 0.263431 0.743364 0.267615 0.744485 0.266546 0.757096 0.170681 0.725141 0.166477 0.724109 0.168005
0 0.680131 0.520805 0.775332 0.534962 0.776599 0.535123 0.781340 0.503243 0.685701 0.489022 0.684850 0.489072
0 0.624356 0.397354 0.642033 0.424127 0.642687 0.423778 0.723376 0.370501 0.705617 0.343604 0.624929 0.396881
0 0.555008 0.959274 0.555261 0.961389 0.578595 0.991787 0.586095 1.000000 0.633079 1.000000 0.582410 0.942588
0 0.188075 0.774930 0.250883 0.848133 0.275284 0.827197 0.276312 0.825701 0.213791 0.752833 0.189502 0.773673
0 0.586313 0.815559 0.592064 0.847123 0.592488 0.848721 0.687612 0.831389 0.681835 0.799680 0.681001 0.798307
0 0.451293 0.916788 0.469502 1.000000 0.501155 1.000000 0.483024 0.908836 0.451516 0.914878
0 0.133150 0.380900 0.139991 0.412395 0.141641 0.412797 0.235695 0.392365 0.228885 0.361014 0.227637 0.360374
0 0.756742 0.099767 0.787629 0.108442 0.788954 0.106640 0.815098 0.013550 0.784068 0.004835 0.782766 0.007105
0 0.512070 0.462184 0.512625 0.462837 0.514756 0.461398 0.514767 0.461318 0.514212 0.460665 0.512081 0.462104
