0 0.522153 0.398662 0.524315 0.414518 0.540170 0.412356 0.540729 0.411137 0.538537 0.395061 0.522461 0.397253
0 0.433176 0.471982 0.433185 0.472996 0.433260 0.474542 0.433390 0.476384 0.433555 0.478238 0.433730 0.479819 0.433888 0.480887 0.434004 0.481278 0.437310 0.484123 0.438026 0.484305 0.457168 0.482774 0.455893 0.466823 0.455383 0.466439 0.436020 0.467987 0.433235 0.471652
0 0.575449 0.418566 0.594610 0.419833 0.598778 0.416386 0.598933 0.415908 0.599113 0.414767 0.599291 0.413135 0.599440 0.411262 0.599536 0.409435 0.599565 0.407937 0.599522 0.406994 0.599415 0.406750 0.596771 0.402754 0.577389 0.401473 0.576504 0.402599
0 0.770526 0.286445 0.770692 0.288327 0.771000 0.290098 0.771403 0.291491 0.771841 0.292295 0.774475 0.296308 0.793518 0.293839 0.796912 0.291455 0.794830 0.275402 0.775566 0.277900 0.772417 0.280439 0.771005 0.282809 0.770695 0.283459 0.770527 0.284736
0 0.921481 0.730865 0.936788 0.742460 0.941839 0.745264 0.945910 0.742818 0.947193 0.741748 0.948431 0.740333 0.949432 0.738793 0.950043 0.737362 0.951613 0.732361 0.936129 0.720631 0.931144 0.718110
0 0.706356 0.229031 0.707203 0.232782 0.707683 0.233845 0.708590 0.235187 0.709789 0.236606 0.711097 0.237886 0.712318 0.238836 0.713267 0.239310 0.717246 0.240756 0.731316 0.227688 0.733990 0.224539 0.722974 0.212679 0.708742 0.225898
0 0.088593 0.917549 0.096161 0.931858 0.113332 0.922777 0.117752 0.917945 0.117345 0.913644 0.116901 0.911955 0.116140 0.910220 0.115178 0.908699 0.114161 0.907622 0.110271 0.903799 0.093296 0.912776
0 0.712970 0.567498 0.713878 0.571769 0.731727 0.578852 0.734406 0.579763 0.740376 0.564717 0.722321 0.557553 0.719780 0.556895 0.716256 0.559216 0.715630 0.560121 0.714893 0.561527 0.714158 0.563223 0.713534 0.564951 0.713117 0.566452
0 0.292730 0.062235 0.292796 0.064204 0.292961 0.066100 0.293200 0.067634 0.293475 0.068573 0.298076 0.074217 0.317278 0.074096 0.317177 0.058094 0.315064 0.052985 0.295639 0.053107 0.293143 0.058701 0.292918 0.059256 0.292773 0.060496
0 0.730343 0.427011 0.732595 0.431481 0.733222 0.432110 0.734373 0.432986 0.735875 0.433978 0.737500 0.434935 0.739003 0.435712 0.740157 0.436193 0.740786 0.436304 0.743925 0.435474 0.746745 0.434728 0.757018 0.418242 0.743280 0.409681 0.740499 0.410714
0 0.369927 0.128954 0.371540 0.135703 0.372018 0.136382 0.373040 0.137351 0.374449 0.138463 0.376033 0.139551 0.377551 0.140451 0.378775 0.141025 0.379520 0.141188 0.384887 0.141828 0.395247 0.125660 0.394036 0.121331 0.380406 0.112599
0 0.504672 0.498813 0.507638 0.517786 0.507727 0.517991 0.511391 0.520770 0.511769 0.520740 0.512819 0.520601 0.514381 0.520374 0.516217 0.520093 0.518044 0.519801 0.519582 0.519544 0.520596 0.519360 0.520931 0.519278 0.523720 0.515491 0.520719 0.496299 0.504726 0.498800
0 0.187839 0.241697 0.191407 0.244650 0.208293 0.253793 0.211712 0.251181 0.212531 0.250541 0.213489 0.249354 0.214440 0.247800 0.215243 0.246114 0.215774 0.244551 0.215955 0.243346 0.215913 0.239722 0.212628 0.236712 0.195547 0.227463
0 0.203266 0.535270 0.211312 0.552950 0.214611 0.552345 0.229177 0.545717 0.221223 0.528239 0.215275 0.526621 0.214563 0.526809 0.213288 0.527274 0.211643 0.527945 0.209879 0.528720 0.208269 0.529480 0.207058 0.530109 0.206432 0.530509
0 0.851853 0.620401 0.855921 0.621793 0.871462 0.626323 0.876898 0.607674 0.872737 0.602904 0.872148 0.602726 0.870919 0.602363 0.869236 0.601871 0.867359 0.601325 0.865577 0.600810 0.864161 0.600404 0.863327 0.600169 0.863201 0.600139 0.857227 0.601965
0 0.019703 0.436378 0.033067 0.445513 0.038404 0.446136 0.049240 0.430283 0.046218 0.425134 0.045862 0.424628 0.044912 0.423803 0.043511 0.422784 0.041871 0.421724 0.040239 0.420784 0.038862 0.420106 0.037950 0.419793 0.030665 0.420342
0 0.938395 0.901962 0.943463 0.906610 0.958315 0.919130 0.963769 0.915510 0.965086 0.914202 0.966158 0.912675 0.966821 0.911165 0.968748 0.906754 0.963391 0.902105 0.948709 0.889728
0 0.074668 0.537413 0.086893 0.548022 0.091615 0.547474 0.104202 0.532971 0.101985 0.528189 0.101640 0.527474 0.100758 0.526430 0.099472 0.525216 0.097976 0.524015 0.096496 0.523009 0.095256 0.522350 0.094444 0.522138 0.087400 0.522742
0 0.897522 0.667457 0.911337 0.675533 0.916093 0.677562 0.925896 0.660793 0.922636 0.655311 0.922204 0.654956 0.921164 0.654279 0.919675 0.653384 0.917964 0.652408 0.916295 0.651501 0.914924 0.650803 0.914059 0.650418 0.913830 0.650405 0.907213 0.650879
0 0.033301 0.370364 0.043449 0.386927 0.050605 0.388811 0.051510 0.388766 0.052901 0.388345 0.054566 0.387612 0.056252 0.386679 0.057707 0.385687 0.058709 0.384786 0.062312 0.379859 0.052280 0.363485 0.047103 0.361907
0 0.593119 0.084799 0.607528 0.091760 0.615881 0.074469 0.617221 0.069548 0.614957 0.066812 0.614141 0.065869 0.612812 0.064860 0.611172 0.063939 0.609473 0.063248 0.607978 0.062892 0.602645 0.062508 0.594196 0.079999
0 0.126880 0.667366 0.129575 0.672397 0.130519 0.673514 0.131864 0.674725 0.133402 0.675844 0.134898 0.676699 0.136123 0.677160 0.139470 0.677541 0.143590 0.675511 0.155660 0.660576 0.143215 0.650518 0.139089 0.652258
0 0.777856 0.224224 0.779787 0.240109 0.798849 0.237793 0.802305 0.234761 0.803574 0.232678 0.803931 0.231959 0.804145 0.230617 0.804184 0.228855 0.804040 0.226943 0.803736 0.225175 0.803319 0.223822 0.800352 0.218692 0.781069 0.221035
0 0.555206 0.388809 0.559863 0.407438 0.575388 0.403557 0.576259 0.402442 0.571548 0.383597 0.567184 0.381729 0.566916 0.381662 0.565973 0.381784 0.564498 0.382076 0.562717 0.382495 0.560902 0.382976 0.559333 0.383444 0.558250 0.383829 0.557816 0.384071 0.555844 0.387524
0 0.941679 0.531613 0.941933 0.550814 0.947043 0.551402 0.963229 0.551187 0.962971 0.531764 0.957283 0.528247 0.957047 0.528204 0.956077 0.528172 0.954524 0.528155 0.952624 0.528154 0.950664 0.528171 0.948941 0.528203 0.947713 0.528245 0.947168 0.528290
0 0.636705 0.434506 0.655132 0.439909 0.656926 0.439214 0.660211 0.437437 0.660527 0.437002 0.661002 0.435924 0.661565 0.434368 0.662129 0.432572 0.662608 0.430811 0.662928 0.429356 0.663040 0.428429 0.661481 0.423681 0.642841 0.418215 0.641208 0.419150
0 0.342555 0.886823 0.358453 0.897984 0.363947 0.895247 0.364397 0.894832 0.365198 0.893842 0.366228 0.892428 0.367328 0.890807 0.368330 0.889229 0.369080 0.887935 0.369464 0.887123 0.369265 0.880337 0.353548 0.869304 0.344354 0.882402
0 0.294092 0.191111 0.302620 0.208564 0.304877 0.211895 0.308731 0.212117 0.309883 0.211980 0.311427 0.211509 0.313131 0.210776 0.314737 0.209892 0.316003 0.208989 0.316736 0.208205 0.319254 0.204869 0.310823 0.187616 0.308636 0.184004
0 0.233031 0.542100 0.236044 0.558083 0.252028 0.555070 0.255437 0.554313 0.252465 0.538549 0.249014 0.539086
0 0.765005 0.583877 0.768644 0.588552 0.769352 0.588774 0.770660 0.589171 0.772370 0.589684 0.774219 0.590234 0.775925 0.590736 0.777223 0.591114 0.777918 0.591309 0.783590 0.589441 0.789103 0.570814 0.773581 0.566221 0.770454 0.565464
0 0.564071 0.292282 0.582022 0.299103 0.586833 0.296154 0.587079 0.295541 0.587549 0.294330 0.588173 0.292707 0.588855 0.290919 0.589490 0.289242 0.589981 0.287932 0.590252 0.287190 0.590264 0.287127 0.588720 0.281648 0.570562 0.274748 0.564812 0.289880
0 0.393934 0.617630 0.410077 0.618818 0.411105 0.617460 0.412515 0.598309 0.409053 0.595227 0.408807 0.595075 0.407867 0.594892 0.406379 0.594706 0.404567 0.594546 0.402705 0.594436 0.401074 0.594392 0.399921 0.594420 0.399423 0.594518 0.396556 0.597134 0.395360 0.598257
0 0.347551 0.403133 0.351974 0.418704 0.353666 0.419634 0.372138 0.414386 0.373814 0.409863 0.373880 0.409629 0.373735 0.408725 0.373403 0.407292 0.372932 0.405544 0.372396 0.403748 0.371874 0.402173 0.371445 0.401058 0.371175 0.400574 0.366237 0.397825
0 0.102333 0.478259 0.114574 0.488969 0.119874 0.489121 0.130437 0.477049 0.118364 0.466486 0.113044 0.466018
0 0.192514 0.446561 0.195429 0.465766 0.200875 0.468861 0.201632 0.468847 0.202998 0.468725 0.204763 0.468514 0.206660 0.468245 0.208405 0.467961 0.209732 0.467702 0.210441 0.467509 0.214731 0.463755 0.211849 0.444770 0.208518 0.444131
0 0.441034 0.656527 0.443157 0.661462 0.461893 0.666587 0.466164 0.650973 0.466550 0.649247 0.448028 0.644181 0.443581 0.647213 0.443409 0.647762 0.443069 0.648940 0.442612 0.650568 0.442108 0.652396 0.441634 0.654144 0.441263 0.655543 0.441053 0.656379
0 0.957050 0.631469 0.957289 0.633241 0.957767 0.635083 0.958412 0.636716 0.959128 0.637894 0.961136 0.640123 0.966467 0.641743 0.985521 0.637965 0.982372 0.622087 0.976858 0.620691 0.958023 0.624427 0.957087 0.630035
0 0.508465 0.845441 0.508563 0.849435 0.518556 0.862169 0.533837 0.850177 0.534346 0.843521 0.534074 0.842779 0.533392 0.841575 0.532403 0.840092 0.531258 0.838555 0.530129 0.837194 0.529186 0.836217 0.528574 0.835770 0.523571 0.833586
0 0.768401 0.880885 0.770261 0.887760 0.770902 0.888506 0.772017 0.889608 0.773435 0.890897 0.774940 0.892177 0.776300 0.893250 0.777307 0.893952 0.777806 0.894176 0.784014 0.895563 0.796342 0.880552 0.792955 0.876202 0.780589 0.866046
