0 0.875926 0.248571 0.892454 0.258348 0.896992 0.255554 0.905233 0.241622 0.888515 0.231732 0.881699 0.234303 0.881009 0.234969 0.880052 0.236164 0.878974 0.237704 0.877937 0.239358 0.877099 0.240875 0.876584 0.242026 0.876473 0.242638
0 0.090790 0.949100 0.095779 0.953858 0.097318 0.954832 0.099069 0.955567 0.100763 0.955949 0.105155 0.956563 0.109668 0.951344 0.118521 0.934304 0.104321 0.926926 0.099746 0.931863
0 0.894519 0.037155 0.912595 0.043639 0.919272 0.039141 0.919950 0.038185 0.920776 0.036680 0.921622 0.034853 0.922359 0.032985 0.922874 0.031363 0.923087 0.030237 0.922831 0.023126 0.904546 0.016567 0.899922 0.022093
0 0.869419 0.944285 0.870465 0.951164 0.870677 0.951496 0.871336 0.952410 0.872343 0.953766 0.873544 0.955359 0.874759 0.956950 0.875804 0.958297 0.876520 0.959196 0.876797 0.959508 0.883391 0.962381 0.898941 0.950741 0.889241 0.937782 0.884792 0.932778
0 0.240711 0.074161 0.242612 0.090315 0.246151 0.095948 0.262082 0.094073 0.260208 0.078142 0.256865 0.072260
0 0.515357 0.285984 0.517080 0.291511 0.534635 0.299294 0.541121 0.284665 0.541597 0.282175 0.523839 0.274302 0.519147 0.277198 0.518743 0.277907 0.518120 0.279177 0.517374 0.280814 0.516618 0.282567 0.515969 0.284165 0.515526 0.285365
0 0.158939 0.510671 0.174638 0.522112 0.178357 0.521859 0.187781 0.508927 0.172263 0.497617 0.168473 0.497589 0.165719 0.498190 0.165061 0.498485 0.164067 0.499332 0.162890 0.500601 0.161709 0.502099 0.160706 0.503597 0.160036 0.504863 0.159799 0.505705
0 0.471430 0.631006 0.471523 0.631523 0.471865 0.632651 0.472403 0.634219 0.473056 0.635986 0.473724 0.637683 0.474303 0.639047 0.474705 0.639870 0.474869 0.640029 0.479091 0.642639 0.497242 0.635721 0.497274 0.634170 0.491575 0.619217 0.473631 0.626055
0 0.237994 0.575071 0.238137 0.576109 0.238595 0.577595 0.239299 0.579301 0.240140 0.580965 0.240989 0.582332 0.241716 0.583192 0.245196 0.585409 0.248108 0.584433 0.265565 0.576432 0.258897 0.561885 0.256109 0.562600 0.238451 0.570693
0 0.175078 0.253979 0.186485 0.269702 0.190068 0.272334 0.193603 0.271989 0.194790 0.271630 0.196281 0.270884 0.197851 0.269862 0.199263 0.268720 0.200303 0.267630 0.200814 0.266757 0.203021 0.262937 0.191745 0.247394 0.188180 0.244474
0 0.427188 0.463963 0.441272 0.471943 0.441944 0.472263 0.451409 0.455555 0.450015 0.450738 0.449629 0.450491 0.448659 0.449919 0.447254 0.449106 0.445627 0.448179 0.444028 0.447279 0.442704 0.446545 0.441856 0.446088 0.441613 0.445978 0.436763 0.447062
0 0.526327 1.000000 0.549034 1.000000 0.550299 0.995857 0.550838 0.993794 0.550257 0.988150 0.531219 0.985644 0.527503 0.990896 0.527336 0.991384 0.527112 0.992565 0.526864 0.994262 0.526631 0.996218 0.526447 0.998137 0.526340 0.999730
0 0.930333 0.638902 0.936318 0.640834 0.951989 0.645036 0.956191 0.629364 0.949933 0.627590 0.934477 0.623446
0 0.164023 0.760149 0.166887 0.776160 0.182898 0.773296 0.187258 0.769538 0.184433 0.753748 0.168643 0.756572
0 0.035527 0.769458 0.035785 0.771344 0.036288 0.773087 0.036958 0.774419 0.039739 0.779187 0.058751 0.775203 0.063794 0.772057 0.060511 0.756395 0.041717 0.760334 0.036418 0.763344 0.035553 0.767720
0 0.459260 0.229851 0.459725 0.232938 0.468089 0.250224 0.482494 0.243255 0.482291 0.240286 0.473831 0.222801 0.469223 0.222511 0.468244 0.222657 0.466806 0.223133 0.465128 0.223868 0.463469 0.224748 0.462083 0.225638 0.461181 0.226402
0 0.629799 0.678033 0.638881 0.691256 0.640817 0.693922 0.654224 0.684713 0.645015 0.671306 0.643021 0.668951
0 0.942170 0.965554 0.944028 0.972561 0.944238 0.972804 0.944962 0.973602 0.946090 0.974836 0.947451 0.976318 0.948840 0.977825 0.950048 0.979129 0.950891 0.980033 0.951238 0.980396 0.958220 0.982870 0.972540 0.969745 0.961602 0.957812 0.956326 0.952579
0 0.509458 0.080346 0.521366 0.091036 0.534194 0.076746 0.534589 0.071853 0.534279 0.069618 0.534051 0.068804 0.533308 0.067619 0.532164 0.066245 0.530793 0.064892 0.529405 0.063769 0.528215 0.063047 0.522543 0.061039 0.509567 0.075494
0 0.961768 0.581447 0.974116 0.596153 0.979598 0.597264 0.981506 0.597255 0.982424 0.597146 0.983769 0.596581 0.985335 0.595643 0.986883 0.594475 0.988174 0.593258 0.989011 0.592179 0.991995 0.586855 0.979503 0.571979 0.974022 0.571157
0 0.581099 0.722075 0.581111 0.723469 0.581175 0.725251 0.581281 0.727149 0.581414 0.728880 0.581554 0.730180 0.581678 0.730850 0.585736 0.735260 0.605140 0.734361 0.604392 0.718191 0.603198 0.715697 0.584016 0.716586 0.581141 0.721279
0 0.442053 0.546543 0.458040 0.549078 0.458520 0.548517 0.461528 0.529552 0.458663 0.525840 0.458355 0.525748 0.457370 0.525556 0.455860 0.525292 0.454053 0.524997 0.452222 0.524715 0.450643 0.524489 0.449555 0.524352 0.449126 0.524327 0.445095 0.527358
0 0.691664 0.777216 0.693880 0.780421 0.708701 0.786929 0.716510 0.769143 0.713693 0.763170 0.713076 0.762676 0.711882 0.761963 0.710294 0.761140 0.708553 0.760331 0.706921 0.759659 0.705645 0.759224 0.704918 0.759094 0.699383 0.759633
0 0.124954 0.972304 0.130624 0.987466 0.148818 0.980662 0.152832 0.975168 0.153241 0.972718 0.153262 0.971212 0.152974 0.969399 0.152420 0.967551 0.151684 0.965948 0.150877 0.964832 0.147227 0.960179 0.129241 0.966905
0 0.548625 0.904519 0.549188 0.909197 0.566870 0.917238 0.571177 0.913537 0.571691 0.913046 0.572396 0.911925 0.573182 0.910346 0.573931 0.908551 0.574525 0.906815 0.574876 0.905405 0.574929 0.904536 0.572730 0.897903 0.555250 0.889953
0 0.511223 0.115755 0.513314 0.118565 0.514268 0.119381 0.515705 0.120250 0.517408 0.121039 0.519120 0.121630 0.520583 0.121933 0.521576 0.121902 0.526061 0.121749 0.533254 0.103945 0.533638 0.099365 0.518629 0.093302 0.511353 0.111313
0 0.350431 0.347510 0.351264 0.363676 0.352964 0.365234 0.372141 0.364247 0.374803 0.359894 0.374889 0.359007 0.374902 0.357553 0.374840 0.355751 0.374712 0.353874 0.374538 0.352205 0.374344 0.350996 0.374160 0.350432 0.369830 0.346511
0 0.222137 0.158263 0.222353 0.174449 0.225526 0.178170 0.244727 0.177914 0.246966 0.172863 0.247234 0.172184 0.247402 0.170867 0.247443 0.169112 0.247353 0.167183 0.247143 0.165373 0.246847 0.163953 0.246508 0.163143 0.241560 0.158004
0 0.204757 0.648869 0.220835 0.651054 0.224664 0.648982 0.226819 0.633126 0.210962 0.630971 0.206942 0.632792
0 0.043613 0.846643 0.054089 0.863000 0.060937 0.862338 0.061328 0.862179 0.062322 0.861603 0.063768 0.860698 0.065444 0.859604 0.067092 0.858487 0.068460 0.857520 0.069339 0.856850 0.069597 0.856578 0.072661 0.850221 0.062305 0.834050 0.048829 0.842680
0 0.052505 0.237903 0.054764 0.244019 0.055030 0.244450 0.055842 0.245334 0.057077 0.246535 0.058546 0.247871 0.060022 0.249134 0.061279 0.250132 0.062126 0.250713 0.062435 0.250791 0.069289 0.251848 0.082429 0.237845 0.070760 0.226895 0.065797 0.223738
0 0.567344 0.144693 0.584594 0.153129 0.589610 0.149878 0.589969 0.149331 0.590588 0.148189 0.591373 0.146627 0.592206 0.144880 0.592961 0.143212 0.593524 0.141874 0.593809 0.141071 0.592683 0.134577 0.575234 0.126043 0.568122 0.140585
0 0.654212 0.901540 0.654679 0.920737 0.656468 0.925602 0.659447 0.927051 0.660675 0.927504 0.662366 0.927787 0.664263 0.927854 0.666073 0.927696 0.667518 0.927338 0.672650 0.925208 0.672178 0.905789 0.670210 0.901151
0 0.828297 0.669258 0.836978 0.682701 0.840874 0.684814 0.857193 0.674276 0.856538 0.668629 0.856369 0.667937 0.855783 0.666743 0.854871 0.665229 0.853772 0.663628 0.852655 0.662186 0.851692 0.661124 0.851028 0.660603 0.844429 0.658841
0 0.522659 0.269174 0.538646 0.270492 0.539184 0.267292 0.540521 0.251082 0.524311 0.249746 0.523977 0.253187
0 0.740997 0.126231 0.750973 0.138743 0.765987 0.126772 0.769063 0.122457 0.768309 0.119188 0.767955 0.117940 0.767177 0.116425 0.766091 0.114874 0.764866 0.113526 0.763688 0.112588 0.758971 0.109800 0.743783 0.121909
0 0.818569 0.829320 0.820540 0.848421 0.824246 0.852449 0.825935 0.853495 0.826732 0.853925 0.828142 0.854214 0.829951 0.854318 0.831883 0.854221 0.833639 0.853938 0.834951 0.853511 0.840348 0.850788 0.838354 0.831466 0.834487 0.827677
0 0.167775 0.982707 0.168486 0.989814 0.186943 0.995869 0.190521 0.990201 0.195509 0.974996 0.177263 0.969010 0.171474 0.973423 0.171155 0.973699 0.170605 0.974674 0.169909 0.976204 0.169171 0.978054 0.168506 0.979941 0.168016 0.981576
0 0.585465 0.517955 0.585476 0.518974 0.585572 0.520513 0.585738 0.522339 0.585949 0.524177 0.586174 0.525750 0.586377 0.526818 0.586528 0.527219 0.589744 0.529899 0.590782 0.530245 0.610105 0.528256 0.608447 0.512153 0.607208 0.512015 0.588106 0.513981 0.585540 0.517613
