0 0.323110 0.896990 0.333726 0.909211 0.348390 0.896472 0.350123 0.891940 0.349690 0.888730 0.349173 0.887508 0.348262 0.886040 0.347094 0.884549 0.345846 0.883259 0.344706 0.882365 0.339629 0.879860 0.325132 0.892452
0 0.490870 0.156858 0.490974 0.160780 0.492115 0.163372 0.492448 0.163992 0.493374 0.164866 0.494750 0.165862 0.496369 0.166829 0.497986 0.167622 0.499357 0.168121 0.500275 0.168250 0.505031 0.168427 0.514208 0.151560 0.514372 0.147531 0.500153 0.139795
0 0.811249 0.670358 0.811276 0.674333 0.814875 0.676349 0.832157 0.685217 0.839547 0.670815 0.822265 0.661947 0.818582 0.660096 0.815316 0.662431 0.814488 0.663179 0.813541 0.664446 0.812618 0.666042 0.811859 0.667724 0.811378 0.669239
0 0.504500 0.195262 0.504507 0.196030 0.504541 0.197413 0.504594 0.199199 0.504661 0.201118 0.504730 0.202880 0.504791 0.204220 0.504834 0.204934 0.508342 0.209672 0.527532 0.208967 0.527850 0.205602 0.527256 0.189426 0.507844 0.190139 0.504519 0.195227
0 0.659933 0.813958 0.661783 0.817588 0.675746 0.825776 0.685572 0.809019 0.683458 0.802665 0.682900 0.802080 0.681795 0.801215 0.680313 0.800201 0.678677 0.799191 0.677135 0.798337 0.675919 0.797770 0.675214 0.797574 0.669646 0.797393
0 0.197958 0.330051 0.209117 0.341777 0.212442 0.343585 0.226352 0.330347 0.225147 0.324648 0.224734 0.324087 0.223863 0.323087 0.222666 0.321799 0.221323 0.320419 0.220038 0.319153 0.219005 0.318193 0.218381 0.317687 0.212029 0.316659
0 0.406310 0.530211 0.407709 0.549586 0.411696 0.552480 0.411946 0.552523 0.412894 0.552506 0.414396 0.552433 0.416223 0.552313 0.418094 0.552166 0.419721 0.552013 0.420857 0.551880 0.421327 0.551785 0.424724 0.547867 0.423342 0.528714 0.407381 0.529866
0 0.542363 0.375860 0.549065 0.390391 0.566503 0.382349 0.567272 0.380988 0.568642 0.377317 0.568579 0.376821 0.568217 0.375730 0.567610 0.374210 0.566851 0.372493 0.566057 0.370843 0.565350 0.369514 0.564838 0.368709 0.564598 0.368548 0.560492 0.366289 0.542853 0.374425
0 0.620247 0.184882 0.636107 0.187015 0.637681 0.183396 0.640269 0.164144 0.636544 0.161761 0.635658 0.161242 0.634202 0.160778 0.632400 0.160442 0.630528 0.160284 0.628874 0.160330 0.627691 0.160571 0.624226 0.161987 0.622806 0.165851
0 0.102450 0.465218 0.108362 0.483721 0.112838 0.483908 0.128081 0.479038 0.122237 0.460746 0.115959 0.458242 0.115101 0.458299 0.113670 0.458571 0.111883 0.459018 0.110015 0.459572 0.108352 0.460147 0.107150 0.460654 0.106591 0.461017
0 0.800982 0.903318 0.811027 0.919683 0.814624 0.924536 0.819332 0.923620 0.820910 0.923116 0.822575 0.922257 0.824070 0.921176 0.825165 0.920039 0.828419 0.916068 0.818258 0.899513 0.814620 0.894947
0 0.001992 0.120099 0.008839 0.125323 0.022599 0.133568 0.030844 0.119807 0.024303 0.114507 0.010351 0.106147
0 0.443237 0.556132 0.444630 0.560383 0.444875 0.560647 0.445721 0.561242 0.447039 0.562077 0.448628 0.563025 0.450245 0.563939 0.451640 0.564679 0.452601 0.565133 0.452981 0.565232 0.457236 0.564260 0.457725 0.563525 0.467367 0.546919 0.453528 0.538884 0.452991 0.539333
0 0.404746 0.368672 0.406620 0.373933 0.407071 0.374265 0.408106 0.374877 0.409568 0.375675 0.411234 0.376540 0.412854 0.377340 0.414183 0.377954 0.415020 0.378290 0.415235 0.378295 0.420111 0.377403 0.428787 0.360272 0.427963 0.358656 0.413522 0.351343
0 0.633042 0.717873 0.636815 0.736701 0.638397 0.739438 0.641977 0.741029 0.643165 0.741093 0.644813 0.740965 0.646670 0.740664 0.648449 0.740236 0.649877 0.739748 0.650737 0.739273 0.654269 0.736257 0.650452 0.717211 0.648732 0.714729
0 0.037668 0.433288 0.054437 0.443092 0.059530 0.443743 0.067607 0.429928 0.051030 0.420236 0.045839 0.419314 0.043084 0.421043 0.042042 0.421860 0.040905 0.423158 0.039848 0.424738 0.039034 0.426358 0.038587 0.427769
0 0.572483 0.732988 0.573321 0.735682 0.583931 0.751953 0.588438 0.751743 0.589416 0.751452 0.590799 0.750782 0.592376 0.749836 0.593905 0.748757 0.595149 0.747713 0.595921 0.746863 0.597491 0.743111 0.596376 0.740332 0.585888 0.724247
0 0.564590 0.789541 0.565337 0.792888 0.574717 0.809898 0.579183 0.809789 0.580191 0.809630 0.581627 0.809103 0.583272 0.808289 0.584874 0.807313 0.586185 0.806325 0.587006 0.805475 0.588891 0.802082 0.587875 0.798629 0.578603 0.781813
0 0.395524 0.514341 0.395589 0.514682 0.397725 0.518616 0.416773 0.522421 0.417725 0.522165 0.420859 0.506472 0.402028 0.502711 0.400896 0.502742 0.397481 0.505213 0.397273 0.505581 0.396953 0.506616 0.396568 0.508162 0.396177 0.509982 0.395841 0.511797 0.395612 0.513328
0 0.289739 0.164824 0.295192 0.183468 0.297533 0.187086 0.301035 0.187975 0.302259 0.188030 0.303905 0.187824 0.305723 0.187389 0.307440 0.186790 0.308796 0.186117 0.309586 0.185473 0.312892 0.182593 0.307501 0.164163 0.305275 0.160280
0 0.334124 0.659295 0.342351 0.676892 0.347754 0.677689 0.348533 0.677444 0.349843 0.676911 0.351483 0.676173 0.353202 0.675341 0.354734 0.674545 0.355846 0.673905 0.356369 0.673520 0.358649 0.668092 0.350516 0.650697 0.336020 0.657475
0 0.222805 0.422365 0.236710 0.435928 0.239720 0.436661 0.242919 0.436380 0.243515 0.436202 0.244530 0.435525 0.245810 0.434456 0.247163 0.433154 0.248383 0.431818 0.249286 0.430649 0.249736 0.429823 0.250893 0.425205 0.237146 0.411797 0.234107 0.410777
0 0.957762 0.071310 0.968735 0.087069 0.981868 0.077924 0.987439 0.073044 0.976339 0.057103 0.969323 0.058309 0.968988 0.058413 0.968051 0.058980 0.966652 0.059923 0.965008 0.061098 0.963371 0.062325 0.961992 0.063414 0.961081 0.064200 0.960774 0.064565
0 0.175398 0.122565 0.179108 0.126879 0.192043 0.141072 0.196741 0.139296 0.198121 0.138513 0.199561 0.137367 0.200843 0.136031 0.201775 0.134707 0.203871 0.130293 0.200447 0.126018 0.187362 0.111661
0 0.044902 0.196677 0.045207 0.201165 0.050406 0.204581 0.068656 0.210553 0.073632 0.195344 0.068703 0.191821 0.050241 0.185781 0.047030 0.190171 0.046202 0.191432 0.045506 0.193113 0.045049 0.194956
0 0.508188 0.164442 0.508189 0.165251 0.508214 0.166668 0.508258 0.168477 0.508316 0.170404 0.508378 0.172159 0.508435 0.173476 0.508478 0.174156 0.511955 0.179044 0.531147 0.178423 0.531508 0.174704 0.530983 0.158526 0.511569 0.159155 0.508211 0.164366
0 0.807679 0.782765 0.810641 0.798491 0.814233 0.801942 0.833322 0.798346 0.834726 0.792158 0.834686 0.790833 0.834431 0.789087 0.833999 0.787189 0.833458 0.785431 0.832891 0.784081 0.832383 0.783345 0.826550 0.779210
0 0.477634 0.713480 0.478936 0.729615 0.498298 0.728052 0.501458 0.723258 0.501427 0.722598 0.501341 0.721309 0.501214 0.719588 0.501066 0.717695 0.500918 0.715916 0.500793 0.714519 0.500710 0.713717 0.500681 0.713633 0.497031 0.709495 0.477890 0.711040
0 0.089643 0.873667 0.091112 0.878199 0.091762 0.879729 0.092783 0.881300 0.094019 0.882670 0.095279 0.883629 0.099498 0.886508 0.114908 0.874681 0.119309 0.870398 0.109566 0.857704 0.094333 0.869396
0 0.378025 0.177979 0.379419 0.181660 0.391430 0.196642 0.395881 0.195726 0.396812 0.195412 0.398107 0.194662 0.399570 0.193590 0.400981 0.192358 0.402126 0.191151 0.402833 0.190152 0.403915 0.186633 0.402805 0.183010 0.390655 0.167854
0 0.399099 0.871775 0.415240 0.872987 0.416209 0.868724 0.417648 0.849575 0.413968 0.847447 0.413023 0.846981 0.411531 0.846605 0.409718 0.846377 0.407857 0.846329 0.406231 0.846471 0.405083 0.846779 0.401691 0.848376 0.400554 0.852404
0 0.736867 0.832803 0.738066 0.834489 0.739024 0.835836 0.747997 0.848451 0.750864 0.852480 0.764055 0.843098 0.752797 0.827269 0.749907 0.823528 0.746114 0.824251 0.744988 0.824495 0.743533 0.825158 0.741969 0.826140 0.740531 0.827293 0.739438 0.828442 0.738853 0.829415
0 0.114265 0.059278 0.114488 0.065966 0.114519 0.066421 0.114924 0.067505 0.115641 0.069055 0.116561 0.070832 0.117542 0.072562 0.118433 0.073981 0.119099 0.074873 0.119439 0.075104 0.125740 0.078673 0.142969 0.070193 0.135903 0.055836 0.131693 0.050700
0 0.471853 0.177269 0.472174 0.180958 0.486413 0.188261 0.495177 0.171174 0.495121 0.167373 0.493845 0.164772 0.493510 0.164161 0.492569 0.163306 0.491165 0.162336 0.489513 0.161401 0.487866 0.160644 0.486478 0.160182 0.485561 0.160085 0.480717 0.159985
0 0.350734 0.559001 0.362839 0.574193 0.364407 0.573345 0.376922 0.563372 0.364955 0.548354 0.359530 0.547964 0.359057 0.548256 0.358078 0.548964 0.356743 0.549980 0.355255 0.551149 0.353843 0.552291 0.352725 0.553230 0.352070 0.553824 0.351978 0.553982
0 0.075638 0.597234 0.090623 0.609594 0.097662 0.608657 0.098426 0.608231 0.099539 0.607304 0.100831 0.606020 0.102107 0.604571 0.103175 0.603178 0.103873 0.602050 0.104095 0.601357 0.105484 0.595996 0.090670 0.583777 0.085938 0.584746
0 0.595978 0.655035 0.597316 0.657196 0.609764 0.667666 0.620233 0.655219 0.618580 0.653084 0.606304 0.642759
0 0.505020 0.675771 0.505276 0.676274 0.505993 0.677244 0.507061 0.678533 0.508319 0.679944 0.509572 0.681261 0.510628 0.682280 0.511326 0.682847 0.516350 0.683986 0.530643 0.670832 0.530293 0.668880 0.519456 0.657105 0.505327 0.670108
0 0.401431 0.171735 0.402557 0.175487 0.409495 0.193393 0.424416 0.187611 0.423543 0.183999 0.416525 0.165887 0.412309 0.165472 0.411232 0.165476 0.409701 0.165793 0.407948 0.166375 0.406244 0.167132 0.404850 0.167949 0.403979 0.168700
0 0.617420 0.723891 0.621082 0.742742 0.622482 0.745548 0.638372 0.742461 0.634668 0.723393 0.633129 0.720839 0.630082 0.719365 0.629550 0.719146 0.628380 0.719101 0.626752 0.719235 0.624911 0.719529 0.623136 0.719938 0.621694 0.720400 0.620804 0.720845
