0 0.680822 0.914899 0.682912 0.919696 0.695911 0.929342 0.707487 0.913744 0.705748 0.906701 0.705182 0.905946 0.704115 0.904871 0.702709 0.903639 0.701177 0.902436 0.699750 0.901443 0.698645 0.900812 0.698027 0.900636 0.692265 0.899478
0 0.171484 0.185452 0.175972 0.191172 0.176761 0.191640 0.178151 0.192160 0.179930 0.192651 0.181829 0.193040 0.183562 0.193269 0.184866 0.193302 0.185545 0.193135 0.191015 0.191732 0.194236 0.172801 0.190701 0.169018 0.174743 0.166303
0 0.032295 0.652278 0.032493 0.654145 0.032936 0.655930 0.033558 0.657360 0.036198 0.661878 0.055331 0.658521 0.060414 0.656709 0.057648 0.640948 0.038734 0.644267 0.033401 0.645935 0.032375 0.650618
0 0.531019 0.578405 0.531378 0.579311 0.549676 0.585828 0.553693 0.583450 0.553887 0.583214 0.554300 0.582319 0.554867 0.580900 0.555504 0.579175 0.556111 0.577408 0.556596 0.575870 0.556884 0.574798 0.556932 0.574353 0.555107 0.570579 0.554477 0.569772 0.536388 0.563330
0 0.730903 0.575571 0.731167 0.576391 0.731775 0.577687 0.732635 0.579261 0.733616 0.580878 0.734571 0.582291 0.735355 0.583289 0.735850 0.583717 0.741810 0.585286 0.758636 0.575580 0.750547 0.561558 0.747683 0.560855 0.731050 0.570450
0 0.674354 0.559131 0.689336 0.564755 0.691969 0.565655 0.697671 0.550466 0.682482 0.544763 0.679979 0.544149
0 0.957601 0.483720 0.957640 0.485559 0.957918 0.487390 0.958394 0.488938 0.960670 0.493271 0.965996 0.493193 0.985349 0.491522 0.983956 0.475395 0.978424 0.475676 0.959293 0.477328 0.957808 0.482151
0 0.418328 0.020610 0.419703 0.039986 0.420621 0.045244 0.436583 0.044111 0.435224 0.024957 0.434475 0.019464 0.429817 0.017967 0.428197 0.017717 0.426329 0.017721 0.424499 0.017979 0.422989 0.018452
0 0.225461 0.477041 0.225747 0.481689 0.243202 0.490212 0.246138 0.490324 0.253159 0.475944 0.235903 0.467519 0.232850 0.467143 0.229899 0.468724 0.229381 0.469013 0.228617 0.469921 0.227724 0.471311 0.226839 0.472969 0.226098 0.474642 0.225614 0.476072
0 0.333922 0.969355 0.353343 0.969728 0.357486 0.964121 0.357667 0.963876 0.357862 0.962898 0.358040 0.961337 0.358176 0.959432 0.358249 0.957471 0.358247 0.955749 0.358171 0.954527 0.358033 0.953989 0.355327 0.948360 0.336127 0.947991 0.334233 0.953171
0 0.288835 0.838842 0.299289 0.855215 0.312932 0.846504 0.315070 0.842543 0.304737 0.826358 0.299016 0.826850 0.298360 0.827047 0.297195 0.827643 0.295696 0.828548 0.294090 0.829626 0.292619 0.830712 0.291507 0.831644 0.290922 0.832280
0 0.880303 0.139373 0.887606 0.157132 0.893931 0.157413 0.894457 0.157398 0.895607 0.157060 0.897207 0.156449 0.899014 0.155659 0.900757 0.154808 0.902172 0.154024 0.903042 0.153428 0.907058 0.147012 0.899671 0.129047 0.884700 0.135203
0 0.548687 0.388362 0.567268 0.393209 0.571776 0.390344 0.571964 0.389843 0.572310 0.388704 0.572761 0.387101 0.573248 0.385277 0.573696 0.383513 0.574037 0.382081 0.574219 0.381199 0.574214 0.381000 0.572132 0.376312 0.553336 0.371408 0.552726 0.372878
0 0.898846 0.391650 0.912135 0.400633 0.917881 0.399248 0.926990 0.385773 0.913515 0.376664 0.907830 0.378360
0 0.596214 0.155782 0.596229 0.156574 0.596524 0.157921 0.597055 0.159616 0.597741 0.161404 0.598477 0.163014 0.599154 0.164204 0.599669 0.164794 0.603743 0.168246 0.621457 0.160832 0.622861 0.156910 0.616612 0.141978 0.598693 0.149478
0 0.708329 0.024545 0.709553 0.040500 0.725508 0.039277 0.728644 0.032869 0.727404 0.016692 0.711227 0.017933
0 0.511671 0.151092 0.511691 0.151917 0.511777 0.153345 0.511918 0.155158 0.512091 0.157081 0.512270 0.158825 0.512428 0.160126 0.512542 0.160787 0.516213 0.165505 0.535327 0.163670 0.535736 0.159781 0.534189 0.143668 0.514853 0.145524 0.511722 0.150997
0 0.540386 0.536578 0.540949 0.537088 0.556862 0.540454 0.560228 0.524541 0.559400 0.524204 0.543706 0.520884
0 0.947158 0.582707 0.947273 0.584141 0.947685 0.585883 0.948331 0.587670 0.949114 0.589232 0.949916 0.590333 0.952216 0.592375 0.957445 0.593443 0.976052 0.587866 0.971404 0.572360 0.966016 0.571533 0.947622 0.577046
0 0.796766 0.340397 0.797259 0.345687 0.815036 0.352948 0.818679 0.351248 0.824800 0.336263 0.806817 0.328917 0.800671 0.331587 0.800135 0.332149 0.799406 0.333303 0.798592 0.334873 0.797818 0.336621 0.797199 0.338283 0.796830 0.339609
0 0.107798 0.974673 0.123990 0.975702 0.129147 0.969177 0.130162 0.953207 0.114192 0.952192 0.108827 0.958480
0 0.575139 0.149636 0.581713 0.167678 0.596748 0.162199 0.597867 0.158293 0.591216 0.140042 0.586265 0.139650 0.585376 0.139606 0.583964 0.139873 0.582244 0.140413 0.580481 0.141143 0.578945 0.141949 0.577872 0.142709 0.577424 0.143306 0.576007 0.145585
0 0.814722 0.984685 0.818361 0.990289 0.827000 0.998049 0.830105 1.000000 0.833062 0.997331 0.843473 0.987336 0.841702 0.980219 0.841517 0.979838 0.840801 0.978953 0.839663 0.977700 0.838277 0.976270 0.836852 0.974878 0.835604 0.973734 0.834721 0.973012 0.834336 0.972822 0.827937 0.970753
0 0.736602 0.219203 0.752040 0.223415 0.754954 0.220217 0.760067 0.201477 0.755626 0.197938 0.754302 0.197298 0.752580 0.196730 0.750725 0.196322 0.749023 0.196136 0.747733 0.196201 0.744451 0.197217 0.741656 0.200677
0 0.678765 0.420582 0.682339 0.436220 0.697977 0.432646 0.700737 0.431707 0.697113 0.415851 0.681257 0.419475
0 0.487146 0.595601 0.505162 0.602863 0.509508 0.600565 0.509658 0.600357 0.510061 0.599496 0.510656 0.598114 0.511352 0.596420 0.512042 0.594675 0.512620 0.593148 0.512998 0.592071 0.513118 0.591609 0.511086 0.586846 0.493275 0.579667 0.487293 0.594509
0 0.572014 0.862485 0.572207 0.865043 0.573041 0.869264 0.588073 0.881567 0.598326 0.869041 0.597202 0.864823 0.582342 0.852660 0.577795 0.854828 0.577047 0.855240 0.576000 0.856183 0.574814 0.857515 0.573667 0.859034 0.572732 0.860511 0.572151 0.861723
0 0.253292 0.071128 0.262296 0.088340 0.265013 0.093045 0.269914 0.092582 0.271469 0.092162 0.273161 0.091415 0.274733 0.090454 0.275950 0.089425 0.279192 0.085627 0.270291 0.068612 0.267635 0.063624
0 0.522787 0.369574 0.534861 0.380135 0.545422 0.368060 0.546055 0.366221 0.533812 0.355513 0.523104 0.367756
0 0.408770 0.298756 0.408817 0.300663 0.408905 0.302382 0.409020 0.303652 0.409144 0.304278 0.413104 0.308555 0.432305 0.308317 0.432106 0.292316 0.431321 0.289914 0.411898 0.290155 0.408909 0.294719 0.408820 0.295538 0.408771 0.296956
0 0.555151 0.806372 0.557907 0.812190 0.576609 0.817439 0.580984 0.801854 0.580058 0.798404 0.561570 0.793215 0.557586 0.797037 0.557239 0.797710 0.556775 0.798992 0.556262 0.800687 0.555779 0.802539 0.555398 0.804269 0.555178 0.805615
0 0.522978 0.624720 0.523244 0.626162 0.536538 0.635396 0.547620 0.619443 0.546654 0.614111 0.546291 0.613751 0.545381 0.613029 0.544065 0.612054 0.542541 0.610974 0.541040 0.609952 0.539787 0.609143 0.538973 0.608668 0.538723 0.608602 0.533933 0.608948
0 0.760880 0.433665 0.765985 0.448873 0.769693 0.448160 0.785112 0.442984 0.779936 0.427565 0.776087 0.428560
0 0.147506 0.847513 0.154957 0.861884 0.172202 0.852943 0.175948 0.848909 0.175899 0.845700 0.175780 0.844387 0.175303 0.842744 0.174540 0.841020 0.173607 0.839474 0.172645 0.838340 0.168583 0.834702 0.151535 0.843541
0 0.530012 0.446298 0.536427 0.464397 0.551510 0.459051 0.552105 0.458578 0.545616 0.440269 0.541177 0.438464 0.540885 0.438506 0.539941 0.438788 0.538490 0.439267 0.536753 0.439870 0.534996 0.440505 0.533490 0.441074 0.532465 0.441491 0.532075 0.441691
0 0.577629 0.460958 0.593571 0.462344 0.594653 0.461909 0.596336 0.442557 0.592872 0.439201 0.592628 0.439089 0.591686 0.438930 0.590190 0.438748 0.588366 0.438571 0.586496 0.438427 0.584867 0.438337 0.583728 0.438315 0.583251 0.438365 0.579293 0.441827
0 0.212268 0.176855 0.219927 0.194706 0.223128 0.198196 0.226542 0.198588 0.227807 0.198512 0.229444 0.198122 0.231207 0.197474 0.232830 0.196669 0.234066 0.195827 0.237834 0.191886 0.230263 0.174239 0.227144 0.170473
0 0.656402 0.391592 0.656662 0.407592 0.675862 0.407279 0.677896 0.406207 0.680240 0.403472 0.680473 0.402977 0.680658 0.401819 0.680768 0.400174 0.680785 0.398294 0.680708 0.396467 0.680547 0.394975 0.680327 0.394045 0.677632 0.390022 0.658210 0.390338
0 0.379162 0.806361 0.390797 0.817614 0.404302 0.803652 0.405395 0.800181 0.404916 0.797210 0.404777 0.796563 0.404133 0.795506 0.403082 0.794201 0.401784 0.792844 0.400434 0.791640 0.399237 0.790771 0.398373 0.790369 0.393893 0.789056 0.380543 0.802859
0 0.956802 0.500373 0.956838 0.502208 0.957113 0.504044 0.957586 0.505604 0.959857 0.509889 0.965174 0.510003 0.984529 0.508366 0.983165 0.492236 0.977642 0.492325 0.958508 0.493944 0.957011 0.498817
