0 0.681776 0.852375 0.681836 0.854121 0.681992 0.856053 0.682219 0.857878 0.682484 0.859321 0.682747 0.860163 0.687427 0.865275 0.706818 0.864137 0.705869 0.847977 0.703516 0.844000 0.684346 0.845125 0.681962 0.850427 0.681820 0.851078
0 0.871519 0.904376 0.875815 0.909052 0.893257 0.917601 0.900382 0.903066 0.895805 0.898459 0.878563 0.890007 0.874715 0.893943 0.873748 0.895052 0.872840 0.896602 0.872127 0.898360 0.871717 0.900060
0 0.587089 0.940293 0.588096 0.945384 0.596391 0.962949 0.611028 0.956036 0.609759 0.950823 0.601559 0.933460 0.596258 0.933779 0.594774 0.934123 0.593084 0.934796 0.591443 0.935696 0.590099 0.936688 0.589254 0.937623
0 0.462615 0.280773 0.463042 0.283279 0.476695 0.296782 0.487948 0.285405 0.487809 0.282924 0.473998 0.269264 0.469153 0.270432 0.468380 0.270921 0.467252 0.271866 0.465939 0.273125 0.464645 0.274502 0.463567 0.275788 0.462871 0.276784 0.462662 0.277340
0 0.890099 0.823401 0.902147 0.833933 0.906797 0.837794 0.919581 0.823169 0.917271 0.816794 0.916949 0.816459 0.916078 0.815662 0.914792 0.814525 0.913287 0.813222 0.911795 0.811954 0.910545 0.810915 0.909726 0.810263 0.909462 0.810095 0.902737 0.808943
0 0.953224 0.866626 0.961568 0.883921 0.966905 0.888360 0.981484 0.881326 0.973043 0.863831 0.967636 0.859673 0.964995 0.859743 0.963535 0.859796 0.961783 0.860206 0.960004 0.860912 0.958466 0.861807 0.957400 0.862756
0 0.935257 0.478354 0.936555 0.494304 0.941603 0.494238 0.960964 0.492662 0.962475 0.487779 0.962694 0.486204 0.962666 0.484352 0.962394 0.482509 0.961920 0.480957 0.959651 0.476528 0.954397 0.476796
0 0.210570 0.394972 0.210575 0.400233 0.210755 0.401041 0.211293 0.402345 0.212108 0.403945 0.213075 0.405596 0.214044 0.407044 0.214868 0.408067 0.215421 0.408511 0.221568 0.410207 0.238408 0.400979 0.230718 0.386945 0.227605 0.385638
0 0.171427 0.152030 0.175182 0.156007 0.190221 0.161478 0.196785 0.143432 0.193186 0.137068 0.192435 0.136463 0.191104 0.135696 0.189396 0.134886 0.187572 0.134156 0.185912 0.133618 0.184672 0.133356 0.178067 0.133775
0 0.341579 0.429389 0.346072 0.444940 0.347831 0.445570 0.366280 0.440240 0.367903 0.435855 0.367976 0.435587 0.367833 0.434655 0.367498 0.433204 0.367022 0.431452 0.366476 0.429665 0.365943 0.428111 0.365503 0.427027 0.365223 0.426578 0.360241 0.423998
0 0.463810 0.568598 0.463941 0.569010 0.464410 0.570005 0.465146 0.571431 0.466037 0.573071 0.466946 0.574672 0.467733 0.575989 0.468278 0.576820 0.468498 0.577040 0.472895 0.578645 0.489877 0.569214 0.489993 0.568423 0.482223 0.554433 0.465436 0.563757 0.465036 0.564494
0 0.656506 0.330613 0.656557 0.331462 0.658818 0.336150 0.677884 0.338439 0.679941 0.336571 0.681871 0.320499 0.662585 0.318183 0.657871 0.322016 0.657619 0.322615 0.657319 0.323850 0.657015 0.325532 0.656754 0.327406 0.656576 0.329189
0 0.795032 0.200946 0.798362 0.219857 0.803801 0.221361 0.804490 0.221491 0.805801 0.221428 0.807535 0.221182 0.809429 0.220789 0.811199 0.220310 0.812576 0.219816 0.813350 0.219383 0.817754 0.213811 0.814385 0.194681 0.798443 0.197488
0 0.675557 0.115909 0.675848 0.122411 0.692280 0.132349 0.700561 0.118656 0.702880 0.114246 0.686258 0.104194 0.680644 0.107250 0.680303 0.107707 0.679625 0.108757 0.678713 0.110241 0.677707 0.111930 0.676761 0.113564 0.676021 0.114894 0.675598 0.115717
0 0.256647 0.539619 0.258278 0.544375 0.258811 0.545098 0.259834 0.546142 0.261191 0.547345 0.262675 0.548524 0.264056 0.549496 0.265123 0.550114 0.265715 0.550284 0.269051 0.550019 0.271691 0.549448 0.284029 0.534733 0.271767 0.524451 0.269128 0.524734
0 0.659164 0.568927 0.661956 0.573628 0.662516 0.573849 0.663687 0.574286 0.665289 0.574872 0.667078 0.575517 0.668779 0.576122 0.670130 0.576595 0.670927 0.576862 0.671047 0.576885 0.676244 0.575183 0.682795 0.556896 0.667556 0.551437 0.665640 0.550849
0 0.235247 0.356175 0.235459 0.356931 0.236023 0.358198 0.236853 0.359782 0.237822 0.361440 0.238780 0.362917 0.239581 0.363987 0.240103 0.364487 0.246114 0.366411 0.262906 0.357095 0.255143 0.343102 0.252312 0.341288 0.235326 0.350711
0 0.636555 0.847495 0.638134 0.851513 0.654129 0.854002 0.657116 0.834809 0.655320 0.830982 0.653558 0.829010 0.652994 0.828520 0.651791 0.827992 0.650135 0.827508 0.648276 0.827139 0.646495 0.826941 0.645060 0.826945 0.644190 0.827149 0.639508 0.828521
0 0.674346 0.090697 0.677749 0.106333 0.693385 0.102930 0.696075 0.097408 0.692624 0.081554 0.676771 0.085005
0 0.394211 0.560762 0.394291 0.561860 0.394510 0.563449 0.394834 0.565287 0.395213 0.567089 0.395589 0.568581 0.395905 0.569533 0.396112 0.569802 0.399502 0.572732 0.418575 0.569050 0.419506 0.568260 0.416472 0.552548 0.397617 0.556189 0.396434 0.556839 0.394281 0.560321
0 0.905732 0.569668 0.908734 0.574775 0.909161 0.575249 0.910177 0.576026 0.911627 0.576988 0.913293 0.577990 0.914923 0.578882 0.916271 0.579528 0.917131 0.579829 0.924116 0.579107 0.934476 0.562676 0.920784 0.554042 0.915974 0.553425
0 0.575525 0.090687 0.577549 0.096816 0.596091 0.101810 0.600252 0.086358 0.601412 0.081576 0.582655 0.076524 0.578048 0.080979 0.577863 0.081522 0.577513 0.082725 0.577051 0.084406 0.576548 0.086305 0.576083 0.088131 0.575725 0.089605 0.575529 0.090501
0 0.587188 0.195708 0.591303 0.214464 0.606934 0.211035 0.608170 0.207694 0.604008 0.188720 0.599305 0.187525 0.598391 0.187400 0.596930 0.187502 0.595145 0.187817 0.593309 0.188296 0.591706 0.188866 0.590579 0.189440 0.590101 0.189928 0.588196 0.192189
0 0.617890 0.228357 0.636399 0.233472 0.641337 0.229748 0.641622 0.229037 0.642060 0.227721 0.642585 0.226002 0.643117 0.224143 0.643573 0.222429 0.643884 0.221124 0.644002 0.220426 0.642288 0.214788 0.623565 0.209614 0.622153 0.212933
0 0.406041 0.441539 0.409026 0.460733 0.410066 0.461182 0.425878 0.458722 0.422927 0.439748 0.422036 0.439051 0.418778 0.436517 0.418307 0.436490 0.417178 0.436580 0.415564 0.436773 0.413709 0.437042 0.411900 0.437343 0.410415 0.437632 0.409480 0.437863 0.409236 0.438001
0 0.925567 0.903871 0.934282 0.917292 0.939303 0.922117 0.955594 0.911538 0.954429 0.904411 0.953914 0.903396 0.953024 0.901947 0.951895 0.900287 0.950701 0.898670 0.949626 0.897344 0.948832 0.896512 0.948440 0.896297 0.941672 0.893413
0 0.768192 0.164067 0.780725 0.174017 0.783971 0.170248 0.796049 0.155035 0.793562 0.150607 0.792551 0.149368 0.791176 0.148122 0.789648 0.147062 0.788201 0.146351 0.783372 0.144970 0.780133 0.149028
0 0.620051 0.508587 0.624606 0.527242 0.626047 0.527557 0.641772 0.523717 0.637164 0.504847 0.632437 0.502260 0.631906 0.502344 0.630745 0.502589 0.629130 0.502957 0.627308 0.503394 0.625552 0.503831 0.624128 0.504205 0.623251 0.504458 0.623056 0.504551
0 0.821212 0.809556 0.821235 0.811334 0.821449 0.812717 0.821822 0.813494 0.822907 0.815343 0.826641 0.818989 0.845878 0.821683 0.848122 0.805652 0.844143 0.802158 0.825126 0.799496 0.822179 0.804588 0.821723 0.805908 0.821383 0.807651
0 0.313367 0.147941 0.316121 0.154349 0.316703 0.154944 0.317874 0.155725 0.319455 0.156574 0.321206 0.157362 0.322863 0.157970 0.324177 0.158308 0.324948 0.158322 0.330308 0.158032 0.337588 0.140263 0.335710 0.136103 0.320731 0.129966
0 0.477633 0.009589 0.477889 0.015195 0.479185 0.034354 0.495151 0.033274 0.495095 0.027877 0.493783 0.008497 0.488939 0.007020 0.487363 0.006756 0.485510 0.006752 0.483664 0.007007 0.482110 0.007482
0 0.393702 0.371233 0.394917 0.372705 0.410642 0.375675 0.414205 0.356806 0.413213 0.355150 0.411184 0.352025 0.410705 0.351761 0.409574 0.351400 0.407962 0.350997 0.406116 0.350613 0.404319 0.350309 0.402848 0.350130 0.401927 0.350103 0.397307 0.352146
0 0.069989 0.974301 0.087900 0.981817 0.094275 0.977695 0.094668 0.977403 0.095344 0.976435 0.096200 0.974941 0.097105 0.973147 0.097923 0.971325 0.098531 0.969750 0.098836 0.968660 0.098803 0.961554 0.081096 0.954124 0.076252 0.959374
0 0.086888 0.137665 0.091610 0.141807 0.104226 0.151651 0.116039 0.136512 0.113618 0.130008 0.113398 0.129746 0.112597 0.129030 0.111335 0.127969 0.109805 0.126723 0.108240 0.125484 0.106882 0.124442 0.105939 0.123758 0.105554 0.123535 0.098837 0.122351
0 0.687226 0.638319 0.693344 0.653148 0.696039 0.655283 0.711075 0.649081 0.704872 0.634045 0.702055 0.632202
0 0.115386 0.769281 0.134789 0.770200 0.138964 0.767112 0.140457 0.765594 0.140948 0.764877 0.141398 0.763538 0.141740 0.761782 0.141920 0.759875 0.141914 0.758103 0.141721 0.756734 0.139721 0.751127 0.120540 0.750218 0.116152 0.753112
0 0.967402 0.958567 0.968317 0.977748 0.973732 0.983271 0.989901 0.982500 0.988975 0.963098 0.982787 0.957173 0.981784 0.956588 0.980203 0.956128 0.978286 0.955862 0.976321 0.955831 0.974606 0.956038 0.973399 0.956452
0 0.905285 0.641940 0.910564 0.657046 0.915311 0.658862 0.933648 0.652454 0.933914 0.646432 0.933721 0.645059 0.933224 0.643347 0.932498 0.641559 0.931656 0.639971 0.930826 0.638825 0.930137 0.638294 0.928308 0.637173 0.923412 0.635605
0 0.927493 0.965061 0.932436 0.970439 0.950089 0.978542 0.954645 0.973091 0.955539 0.971531 0.956192 0.969722 0.956505 0.967943 0.956842 0.963830 0.951620 0.958529 0.934168 0.950518
0 0.101878 0.569175 0.105947 0.584842 0.110451 0.583872 0.129037 0.579046 0.129803 0.575070 0.129953 0.573976 0.129837 0.572409 0.129471 0.570608 0.128911 0.568844 0.128241 0.567383 0.127563 0.566446 0.125015 0.563557 0.120679 0.564292
