0 0.738761 0.639460 0.740042 0.645021 0.740528 0.645581 0.741476 0.646552 0.742743 0.647788 0.744137 0.649100 0.745448 0.650292 0.746477 0.651183 0.747068 0.651637 0.753214 0.652268 0.766648 0.638238 0.754956 0.627043 0.752042 0.625590
0 0.896925 0.463977 0.909864 0.473393 0.914603 0.473085 0.926032 0.457379 0.922881 0.452015 0.921927 0.451055 0.920539 0.449951 0.918930 0.448873 0.917346 0.447988 0.916031 0.447429 0.915185 0.447282 0.908223 0.448450
0 0.902977 0.707020 0.913392 0.723153 0.918171 0.725733 0.921192 0.725662 0.922546 0.725346 0.924183 0.724662 0.925852 0.723716 0.927297 0.722652 0.928296 0.721633 0.931771 0.716954 0.921236 0.700634 0.916421 0.698341
0 0.868430 0.651218 0.874482 0.669442 0.880767 0.672648 0.881619 0.672760 0.883043 0.672623 0.884822 0.672257 0.886683 0.671718 0.888340 0.671089 0.889539 0.670466 0.894174 0.666300 0.888053 0.647865 0.883617 0.646175
0 0.857656 0.504540 0.861261 0.509076 0.861825 0.509461 0.863000 0.510045 0.864610 0.510738 0.866411 0.511438 0.868130 0.512037 0.869509 0.512446 0.870337 0.512602 0.876776 0.510715 0.884123 0.492733 0.869138 0.486610 0.864919 0.486763
0 0.005394 0.255433 0.008418 0.261410 0.008708 0.261769 0.009599 0.262530 0.010956 0.263576 0.012571 0.264747 0.014195 0.265862 0.015579 0.266751 0.016513 0.267279 0.016856 0.267366 0.023875 0.267797 0.035356 0.252404 0.022529 0.242836 0.017009 0.239863
0 0.950778 0.629053 0.963382 0.643539 0.968740 0.645199 0.971619 0.644782 0.972939 0.644255 0.974479 0.643332 0.976003 0.642153 0.977276 0.640899 0.978103 0.639762 0.980952 0.634574 0.968202 0.619919 0.962850 0.618549
0 0.856354 0.912237 0.860943 0.930884 0.865116 0.935866 0.867803 0.936400 0.869234 0.936639 0.871037 0.936591 0.872935 0.936263 0.874637 0.935705 0.875881 0.935004 0.880835 0.931998 0.876193 0.913136 0.871893 0.908413
0 0.838531 0.301382 0.842960 0.304491 0.843605 0.304891 0.844887 0.305309 0.846610 0.305680 0.848514 0.305950 0.850313 0.306078 0.851734 0.306043 0.852560 0.305851 0.858385 0.301905 0.861768 0.282777 0.845828 0.279958 0.841875 0.282473
0 0.677079 0.445006 0.691456 0.457736 0.693669 0.457248 0.704400 0.445129 0.689857 0.432251 0.684072 0.432784 0.683586 0.433147 0.682689 0.434003 0.681517 0.435221 0.680249 0.436617 0.679075 0.437979 0.678173 0.439103 0.677679 0.439818
0 0.890633 0.126431 0.890831 0.127712 0.892663 0.133740 0.911832 0.134891 0.916593 0.130669 0.917564 0.114511 0.898174 0.113347 0.892278 0.118577 0.891739 0.119446 0.891240 0.120913 0.890854 0.122754 0.890642 0.124691
0 0.673243 0.858722 0.675246 0.862869 0.687623 0.873302 0.700142 0.858449 0.698735 0.851700 0.698192 0.850999 0.697173 0.849935 0.695832 0.848668 0.694373 0.847390 0.693015 0.846293 0.691964 0.845545 0.691380 0.845257 0.685619 0.844039
0 0.841211 0.088125 0.846607 0.106554 0.853145 0.107231 0.854380 0.107085 0.856055 0.106671 0.857916 0.106050 0.859682 0.105318 0.861087 0.104583 0.861917 0.103958 0.866149 0.097457 0.860692 0.078815 0.845157 0.083363
0 0.590575 0.882860 0.591622 0.887287 0.611014 0.888415 0.614149 0.883306 0.614338 0.882689 0.614515 0.881407 0.614653 0.879657 0.614730 0.877706 0.614735 0.875855 0.614668 0.874388 0.614537 0.873527 0.610674 0.868000 0.591504 0.866885
0 0.562929 0.858149 0.563657 0.862290 0.577353 0.876065 0.582807 0.873974 0.583983 0.873146 0.585320 0.871937 0.586612 0.870532 0.587661 0.869148 0.588306 0.867995 0.588450 0.867250 0.588832 0.864651 0.587816 0.860483 0.574277 0.846866
0 0.820616 0.829785 0.824323 0.833598 0.840460 0.834881 0.841999 0.815517 0.837095 0.810039 0.836285 0.809602 0.834869 0.809173 0.833063 0.808819 0.831140 0.808592 0.829390 0.808527 0.828079 0.808634 0.822137 0.810643
0 0.366769 0.171751 0.366916 0.174487 0.368437 0.178208 0.384062 0.189371 0.393364 0.176351 0.392132 0.172608 0.376326 0.161316 0.372001 0.163749 0.371247 0.164226 0.370237 0.165252 0.369125 0.166673 0.368082 0.168269 0.367268 0.169795 0.366807 0.171018
0 0.173486 0.344630 0.186818 0.353811 0.190398 0.355482 0.201288 0.339666 0.198955 0.334113 0.198431 0.333705 0.197369 0.332944 0.195932 0.331943 0.194335 0.330855 0.192820 0.329842 0.191616 0.329059 0.190906 0.328625 0.190801 0.328608 0.184502 0.328632
0 0.659783 0.505943 0.665319 0.520957 0.667231 0.521200 0.685456 0.514479 0.686604 0.509861 0.686450 0.508887 0.686047 0.507420 0.685454 0.505682 0.684764 0.503941 0.684082 0.502465 0.683513 0.501479 0.683144 0.501132 0.679855 0.499291 0.677799 0.499300
0 0.235290 0.782744 0.244633 0.795963 0.260496 0.784752 0.263234 0.781497 0.262909 0.777846 0.262571 0.776683 0.261846 0.775202 0.260846 0.773626 0.259720 0.772194 0.258639 0.771121 0.257766 0.770570 0.253998 0.768430 0.238316 0.779513
0 0.926413 0.488085 0.943693 0.496460 0.948824 0.496419 0.955883 0.481852 0.938403 0.473380 0.933392 0.473684 0.930673 0.475301 0.929737 0.476269 0.928736 0.477691 0.927821 0.479354 0.927129 0.481006 0.926767 0.482398
0 0.307622 0.016947 0.307755 0.033211 0.310398 0.039629 0.326439 0.039498 0.326308 0.023457 0.323886 0.016814
0 0.515979 0.336797 0.518892 0.339614 0.519231 0.339866 0.520248 0.340161 0.521784 0.340453 0.523609 0.340698 0.525446 0.340860 0.527018 0.340915 0.528087 0.340853 0.528489 0.340683 0.531883 0.338568 0.532252 0.336702 0.534402 0.317396 0.518314 0.315605 0.516164 0.334910
0 0.048609 0.101711 0.052573 0.108034 0.052825 0.108408 0.053752 0.109067 0.055211 0.109913 0.056979 0.110815 0.058789 0.111638 0.060368 0.112258 0.061478 0.112581 0.068491 0.112532 0.076014 0.094864 0.071112 0.090180 0.056218 0.083838
0 0.444486 0.956101 0.460701 0.957372 0.461241 0.951083 0.462495 0.935091 0.446502 0.933838 0.445757 0.939886
0 0.601834 0.660834 0.603011 0.662694 0.622147 0.666033 0.625596 0.662347 0.625918 0.661496 0.626282 0.660069 0.626634 0.658285 0.626919 0.656417 0.627094 0.654753 0.627132 0.653547 0.627027 0.652982 0.624929 0.650086 0.623501 0.648371 0.604584 0.645070
0 0.281026 0.686114 0.296544 0.690723 0.298869 0.688543 0.304337 0.670135 0.301011 0.666594 0.300232 0.666111 0.298884 0.665542 0.297172 0.664975 0.295353 0.664493 0.293703 0.664171 0.292470 0.664057 0.291844 0.664169 0.288997 0.665579 0.286558 0.667493
0 0.147197 0.973106 0.163394 0.983830 0.169724 0.980581 0.169957 0.980253 0.170595 0.979314 0.171539 0.977908 0.172646 0.976250 0.173748 0.974590 0.174679 0.973179 0.175299 0.972229 0.175514 0.971885 0.176076 0.964957 0.160065 0.954355 0.156134 0.959609
0 0.611260 0.386055 0.621352 0.398474 0.636255 0.386364 0.637830 0.385050 0.637662 0.381056 0.637612 0.380614 0.637105 0.379665 0.636217 0.378356 0.635083 0.376884 0.633879 0.375478 0.632788 0.374353 0.631979 0.373680 0.631573 0.373562 0.627622 0.372488 0.612547 0.384737
0 0.380025 0.756164 0.394743 0.763087 0.401666 0.748368 0.403018 0.744953 0.388502 0.738126 0.387690 0.739852 0.381674 0.752642
0 0.814327 0.629409 0.824693 0.641600 0.829208 0.643570 0.841569 0.633060 0.831059 0.620699 0.826518 0.619044
0 0.565091 0.101049 0.572655 0.115151 0.586757 0.107587 0.587963 0.102130 0.580295 0.087832 0.565997 0.095500
0 0.240327 0.497294 0.255050 0.509966 0.257850 0.509852 0.268289 0.497723 0.253734 0.485196 0.250887 0.485025 0.247627 0.485320 0.247054 0.485579 0.246085 0.486358 0.244870 0.487539 0.243593 0.488941 0.242451 0.490349 0.241620 0.491546 0.241226 0.492350
0 0.362025 0.737787 0.380961 0.742120 0.385697 0.738354 0.385929 0.737682 0.386289 0.736399 0.386722 0.734701 0.387163 0.732844 0.387544 0.731110 0.387809 0.729759 0.387917 0.728997 0.385891 0.723754 0.367172 0.719470 0.365636 0.722008
0 0.050161 0.139644 0.053223 0.158826 0.058330 0.162725 0.074132 0.160203 0.071105 0.141240 0.066146 0.137092 0.064922 0.136308 0.063984 0.135886 0.062458 0.135643 0.060579 0.135617 0.058632 0.135813 0.056918 0.136202 0.055699 0.136722
0 0.766448 0.172216 0.766674 0.191417 0.772216 0.193756 0.773574 0.193965 0.775344 0.194024 0.777258 0.193922 0.779027 0.193675 0.780384 0.193321 0.781122 0.192912 0.782675 0.191229 0.785943 0.187658 0.785715 0.168235 0.769528 0.168426
0 0.181360 0.899815 0.181443 0.901078 0.183345 0.907390 0.202674 0.909313 0.206072 0.904634 0.207656 0.888710 0.188548 0.886810 0.183036 0.891898 0.182580 0.892782 0.182121 0.894267 0.181727 0.896126 0.181459 0.898075
0 0.607488 0.273876 0.608532 0.277792 0.609214 0.278708 0.610333 0.279871 0.611720 0.281106 0.613165 0.282227 0.614451 0.283064 0.615383 0.283490 0.619790 0.284109 0.632070 0.269345 0.633597 0.266678 0.621152 0.256327 0.608730 0.271261
0 0.833983 0.048189 0.842403 0.061843 0.856056 0.053423 0.861020 0.047197 0.852483 0.033353 0.838639 0.041891
0 0.832558 0.169562 0.835790 0.188491 0.851564 0.185798 0.855629 0.182165 0.852360 0.163017 0.846036 0.161537 0.844746 0.161548 0.843009 0.161771 0.841092 0.162172 0.839288 0.162689 0.837875 0.163244 0.837067 0.163750
