0 0.953845 0.065122 0.968368 0.071841 0.973783 0.066891 0.981939 0.049261 0.976497 0.044694 0.974940 0.043796 0.973133 0.043137 0.971353 0.042821 0.967248 0.042464 0.961908 0.047694
0 0.779447 0.462608 0.787338 0.476529 0.790661 0.476258 0.807559 0.466678 0.807404 0.462013 0.807231 0.461058 0.806687 0.459662 0.805853 0.458038 0.804858 0.456436 0.803855 0.455103 0.802998 0.454242 0.799576 0.452596 0.796152 0.453138
0 0.179393 0.655730 0.194754 0.660834 0.198243 0.658996 0.204299 0.640773 0.200669 0.637025 0.200012 0.636543 0.198754 0.635948 0.197086 0.635332 0.195258 0.634787 0.193548 0.634395 0.192214 0.634215 0.191459 0.634276 0.185518 0.637296
0 0.248134 0.064705 0.250645 0.071782 0.251291 0.072531 0.252471 0.073533 0.254006 0.074636 0.255662 0.075673 0.257190 0.076488 0.258360 0.076957 0.264846 0.077726 0.274500 0.061126 0.271893 0.056051 0.257899 0.047914
0 0.430685 0.220137 0.431477 0.223336 0.440042 0.236853 0.456263 0.226576 0.457178 0.220455 0.456924 0.219775 0.456314 0.218574 0.455441 0.217036 0.454436 0.215395 0.453456 0.213904 0.452651 0.212792 0.452143 0.212229 0.447094 0.209741
0 0.842285 0.857868 0.846242 0.862005 0.861781 0.873661 0.866111 0.870764 0.867328 0.869785 0.868537 0.868399 0.869553 0.866819 0.870218 0.865288 0.871495 0.860712 0.867248 0.856589 0.851887 0.845066
0 0.481512 0.297927 0.481767 0.300706 0.497519 0.303737 0.500550 0.287985 0.500558 0.285029 0.484586 0.281955
0 0.731431 0.025000 0.734185 0.044004 0.750022 0.041709 0.752913 0.036410 0.750127 0.017186 0.744209 0.016061 0.742837 0.015923 0.741066 0.016062 0.739168 0.016455 0.737435 0.017043 0.736132 0.017734 0.734107 0.019508
0 0.537393 0.327250 0.550638 0.336299 0.559687 0.323054 0.560519 0.320587 0.547090 0.311412 0.537914 0.324842
0 0.524853 0.276651 0.536899 0.291606 0.541994 0.291097 0.542760 0.290675 0.543944 0.289852 0.545367 0.288752 0.546813 0.287541 0.548065 0.286402 0.548933 0.285508 0.549283 0.284994 0.549932 0.279042 0.537746 0.263914 0.525140 0.274069
0 0.625556 0.115804 0.626217 0.119053 0.626813 0.120218 0.627820 0.121608 0.629086 0.123012 0.630419 0.124219 0.631618 0.125046 0.636845 0.127146 0.650455 0.113599 0.652195 0.109131 0.640775 0.097658 0.627008 0.111362
0 0.554377 0.466969 0.554461 0.467345 0.554845 0.468326 0.555470 0.469762 0.556240 0.471436 0.557039 0.473095 0.557747 0.474489 0.558257 0.475406 0.558490 0.475706 0.562596 0.477292 0.563320 0.477029 0.580894 0.468755 0.573998 0.454110 0.556424 0.462384 0.555779 0.462814
0 0.000000 0.148198 0.000326 0.149619 0.001059 0.150441 0.007880 0.154899 0.026698 0.151078 0.023514 0.135396 0.018005 0.131180 0.000000 0.135045
0 0.811936 0.890000 0.815543 0.894509 0.831692 0.895613 0.833017 0.876234 0.828124 0.870440 0.827326 0.869926 0.825919 0.869442 0.824118 0.869060 0.822196 0.868838 0.820443 0.868809 0.819123 0.868978 0.813245 0.870842
0 0.470245 0.525961 0.472744 0.541954 0.491936 0.538955 0.494864 0.535023 0.494814 0.534614 0.494659 0.533544 0.494422 0.531976 0.494139 0.530148 0.493853 0.528337 0.493607 0.526814 0.493438 0.525811 0.493373 0.525482 0.489557 0.522699 0.470585 0.525664
0 0.410271 0.663105 0.422943 0.677828 0.435212 0.667268 0.435952 0.665356 0.423425 0.650802 0.418315 0.651176 0.418144 0.651216 0.417444 0.651729 0.416322 0.652634 0.414949 0.653796 0.413530 0.655037 0.412282 0.656172 0.411391 0.657029 0.410996 0.657476
0 0.043595 0.524646 0.052237 0.538333 0.057355 0.537895 0.073592 0.527643 0.072602 0.522005 0.072087 0.520668 0.071216 0.519106 0.070120 0.517553 0.068965 0.516245 0.067926 0.515379 0.065049 0.514112 0.060020 0.514275
0 0.689036 0.600837 0.692889 0.605212 0.693509 0.605397 0.694767 0.605646 0.696472 0.605922 0.698364 0.606182 0.700150 0.606385 0.701558 0.606502 0.702372 0.606514 0.707282 0.604026 0.709710 0.584753 0.707313 0.583785 0.691436 0.581785
0 0.883222 0.258572 0.889943 0.273094 0.907370 0.265028 0.912080 0.262311 0.911873 0.257445 0.911522 0.255837 0.910852 0.254090 0.909965 0.252472 0.908998 0.251233 0.905280 0.247621 0.887652 0.255780
0 0.888235 0.914291 0.889865 0.933425 0.894372 0.938436 0.910501 0.937063 0.908853 0.917708 0.904180 0.912933 0.903005 0.912172 0.902109 0.911660 0.900619 0.911289 0.898765 0.911115 0.896826 0.911164 0.895095 0.911428 0.893832 0.911867
0 0.106500 0.982579 0.118515 0.993426 0.131532 0.979008 0.135743 0.973533 0.133397 0.969467 0.132511 0.968071 0.131240 0.966714 0.129777 0.965602 0.128341 0.964902 0.123866 0.962810 0.110998 0.977063
0 0.632996 0.584012 0.639843 0.598518 0.641792 0.599892 0.656501 0.592949 0.649558 0.578241 0.647502 0.577165
0 0.586357 0.273854 0.602394 0.274234 0.603821 0.271087 0.604207 0.254826 0.587947 0.254440 0.586738 0.257817
0 0.227667 0.363999 0.241983 0.377128 0.244932 0.378533 0.248742 0.377664 0.249729 0.377031 0.250970 0.375972 0.252280 0.374648 0.253460 0.373257 0.254333 0.372011 0.254765 0.371098 0.255748 0.366739 0.241596 0.353760 0.238608 0.352069
0 0.344166 0.664573 0.355103 0.680626 0.368481 0.671512 0.369984 0.669551 0.359172 0.653682 0.353777 0.653551 0.353666 0.653555 0.352967 0.653972 0.351786 0.654736 0.350303 0.655732 0.348742 0.656810 0.347337 0.657807 0.346303 0.658572 0.345796 0.658988
0 0.888526 0.484275 0.903129 0.496745 0.907790 0.496708 0.910137 0.496500 0.910918 0.496215 0.912060 0.495413 0.913390 0.494215 0.914703 0.492803 0.915797 0.491395 0.916505 0.490208 0.918302 0.484398 0.903530 0.471784 0.898917 0.472106
0 0.658408 0.272209 0.659705 0.276115 0.660333 0.277028 0.661419 0.278186 0.662799 0.279414 0.664264 0.280526 0.665594 0.281355 0.666586 0.281775 0.670767 0.282374 0.682965 0.267543 0.685080 0.264856 0.672578 0.254573 0.660239 0.269575
0 0.248248 0.774649 0.263369 0.780427 0.266074 0.777222 0.272929 0.759285 0.269798 0.755962 0.269080 0.755304 0.267793 0.754556 0.266134 0.753832 0.264352 0.753241 0.262717 0.752872 0.261475 0.752782 0.257981 0.753572 0.255182 0.756504
0 0.503229 0.124562 0.518932 0.127839 0.522210 0.112136 0.522519 0.106729 0.506597 0.103406 0.503274 0.119328
0 0.883522 0.830108 0.895115 0.845417 0.899683 0.849411 0.904130 0.848181 0.905685 0.847494 0.907270 0.846466 0.908641 0.845256 0.909586 0.844049 0.912588 0.839639 0.900862 0.824153 0.896280 0.820448
0 0.372162 0.378216 0.382759 0.394496 0.384099 0.395702 0.397511 0.386972 0.387035 0.370879 0.385729 0.369386 0.381822 0.369026 0.381358 0.369054 0.380345 0.369479 0.378939 0.370239 0.377353 0.371216 0.375831 0.372261 0.374609 0.373213 0.373871 0.373927
0 0.612788 0.343962 0.613384 0.349356 0.629789 0.359338 0.631290 0.357711 0.639704 0.343883 0.623110 0.333785 0.617807 0.335713 0.617461 0.336243 0.616787 0.337318 0.615888 0.338773 0.614901 0.340388 0.613974 0.341920 0.613246 0.343137 0.612830 0.343855
0 0.204339 0.617907 0.220151 0.621372 0.223350 0.619985 0.227460 0.601227 0.223488 0.597572 0.222776 0.597239 0.221458 0.596833 0.219732 0.596413 0.217860 0.596044 0.216123 0.595781 0.214785 0.595664 0.214049 0.595712 0.208497 0.598932
0 0.872849 0.723559 0.873182 0.739557 0.877496 0.742327 0.896917 0.741924 0.898931 0.736407 0.899198 0.735013 0.899265 0.733221 0.899121 0.731306 0.898789 0.729563 0.898321 0.728258 0.896581 0.725740 0.892048 0.723160
0 0.898285 0.586841 0.903824 0.588049 0.919823 0.590745 0.922519 0.574745 0.916723 0.573720 0.900943 0.571061
0 0.282689 0.257095 0.285173 0.259871 0.304187 0.262560 0.307204 0.258442 0.307566 0.257677 0.307928 0.256312 0.308236 0.254553 0.308444 0.252665 0.308519 0.250933 0.308452 0.249620 0.308251 0.248925 0.304189 0.243787 0.284956 0.241067
0 0.640362 0.075162 0.651019 0.091137 0.664331 0.082256 0.666231 0.077426 0.655451 0.061267 0.649169 0.062448 0.647974 0.062992 0.646470 0.063905 0.644890 0.065049 0.643475 0.066246 0.642442 0.067314 0.641949 0.068089
0 0.013414 0.597561 0.027056 0.606275 0.032462 0.605060 0.042799 0.588877 0.039231 0.583807 0.038259 0.582904 0.036828 0.581892 0.035154 0.580921 0.033491 0.580141 0.032088 0.579668 0.031161 0.579575 0.023871 0.581191
0 0.358983 0.692128 0.369641 0.704311 0.384262 0.691522 0.385585 0.689333 0.385382 0.685747 0.385291 0.685226 0.384732 0.684233 0.383789 0.682920 0.382607 0.681487 0.381364 0.680148 0.380247 0.679106 0.379425 0.678519 0.375048 0.677289 0.360595 0.689932
0 0.279416 0.212027 0.282442 0.215977 0.296508 0.223607 0.304138 0.209541 0.301414 0.205502 0.287153 0.197766
