0 0.766975 0.923269 0.767090 0.924771 0.767378 0.925694 0.771742 0.931945 0.790866 0.935353 0.793705 0.919417 0.790348 0.914623 0.771443 0.911254 0.768170 0.916563 0.767696 0.917790 0.767303 0.919493 0.767050 0.921416
0 0.445324 0.347517 0.445949 0.349260 0.455205 0.366085 0.459416 0.366760 0.459791 0.366759 0.460751 0.366404 0.462148 0.365751 0.463772 0.364899 0.465376 0.363976 0.466719 0.363121 0.467598 0.362464 0.467877 0.362105 0.469226 0.358372 0.468870 0.356734 0.459507 0.339715
0 0.469757 0.408901 0.470102 0.409942 0.472502 0.413355 0.472899 0.413533 0.473958 0.413812 0.475514 0.414149 0.477334 0.414494 0.479142 0.414793 0.480664 0.415003 0.481672 0.415091 0.482010 0.415043 0.485858 0.412740 0.489215 0.393833 0.489090 0.392605 0.473152 0.389775
0 0.264964 0.508939 0.281110 0.510089 0.283612 0.509974 0.284977 0.490820 0.280773 0.487127 0.280696 0.487118 0.279899 0.487058 0.278506 0.486956 0.276727 0.486829 0.274831 0.486695 0.273105 0.486574 0.271809 0.486484 0.271141 0.486440 0.266344 0.489563
0 0.414839 0.638599 0.432642 0.646370 0.437452 0.643946 0.437866 0.642999 0.438448 0.641666 0.439931 0.638268 0.441090 0.635612 0.441314 0.635096 0.439813 0.630030 0.422214 0.622349 0.421315 0.623764
0 0.110708 0.357057 0.115236 0.361786 0.115384 0.361893 0.116250 0.362151 0.117700 0.362522 0.119512 0.362949 0.121413 0.363367 0.123115 0.363714 0.124362 0.363937 0.124965 0.364002 0.130811 0.362016 0.134801 0.343232 0.130579 0.341420 0.114745 0.338056
0 0.509523 0.765930 0.509633 0.769005 0.513156 0.784804 0.532115 0.780577 0.534568 0.775078 0.534442 0.774357 0.534177 0.773032 0.533811 0.771304 0.533402 0.769436 0.533010 0.767709 0.532694 0.766383 0.532503 0.765661 0.528265 0.761751
0 0.143321 0.815883 0.150763 0.830258 0.168013 0.821327 0.171808 0.817654 0.171743 0.814308 0.171629 0.813030 0.171156 0.811410 0.170396 0.809693 0.169462 0.808139 0.168498 0.806981 0.164451 0.803443 0.147398 0.812272
0 0.490384 0.597860 0.506645 0.598207 0.506992 0.581946 0.506896 0.580819 0.490858 0.580476 0.490731 0.581598
0 0.324436 0.629436 0.340250 0.640715 0.342076 0.639107 0.351368 0.626078 0.335734 0.614928 0.330137 0.616224 0.329699 0.616677 0.328898 0.617662 0.327858 0.619029 0.326736 0.620570 0.325705 0.622048 0.324924 0.623235 0.324511 0.623950
0 0.065161 0.335270 0.066388 0.341585 0.066948 0.342765 0.067879 0.344255 0.069037 0.345828 0.070245 0.347240 0.071317 0.348277 0.072090 0.348781 0.079148 0.350373 0.095012 0.339554 0.085996 0.326333 0.081209 0.324325
0 0.386154 0.880159 0.401077 0.892594 0.406445 0.890287 0.407012 0.889918 0.407948 0.889004 0.409111 0.887682 0.410321 0.886156 0.411394 0.884660 0.412164 0.883424 0.412515 0.882635 0.412451 0.875813 0.397699 0.863520 0.387455 0.875814
0 0.018482 0.427231 0.018630 0.428841 0.019807 0.433686 0.025295 0.434444 0.044322 0.437039 0.046485 0.421184 0.041241 0.420272 0.021994 0.417647 0.019555 0.422059 0.018983 0.423558 0.018605 0.425375
0 0.231108 0.571378 0.231196 0.572432 0.231578 0.573946 0.232195 0.575687 0.232954 0.577388 0.233738 0.578788 0.234425 0.579673 0.237776 0.582099 0.240773 0.581161 0.258602 0.574030 0.252660 0.559172 0.249800 0.559856 0.231764 0.567070
0 0.441076 0.433288 0.442390 0.449422 0.443048 0.450000 0.462187 0.448442 0.465118 0.444660 0.465134 0.444367 0.465088 0.443389 0.464987 0.441875 0.464847 0.440054 0.464688 0.438203 0.464535 0.436599 0.464411 0.435487 0.464334 0.435035 0.460437 0.431712
0 0.578549 0.965363 0.579457 0.970744 0.591872 0.981131 0.604337 0.966233 0.603463 0.958865 0.603045 0.958025 0.602129 0.956843 0.600856 0.955501 0.599417 0.954200 0.598030 0.953137 0.596905 0.952472 0.590871 0.950636
0 0.143613 0.115927 0.148501 0.121195 0.159913 0.132413 0.171131 0.121001 0.166557 0.115730 0.154987 0.104356
0 0.631689 0.748144 0.632783 0.764108 0.634319 0.767162 0.653698 0.765833 0.656187 0.760838 0.656291 0.760083 0.656300 0.758711 0.656215 0.756929 0.656047 0.755012 0.655822 0.753255 0.655576 0.751925 0.655346 0.751226 0.650846 0.746830
0 0.840587 0.610295 0.857130 0.620045 0.861259 0.621433 0.869478 0.607488 0.852744 0.597625 0.848712 0.596509 0.845493 0.598287 0.844578 0.599077 0.843528 0.600348 0.842503 0.601908 0.841657 0.603521 0.841119 0.604945 0.840969 0.605962
0 0.643634 0.738623 0.645295 0.741382 0.663275 0.748733 0.667080 0.745602 0.667665 0.744906 0.668385 0.743635 0.669131 0.741983 0.669788 0.740203 0.670255 0.738570 0.670461 0.737333 0.670375 0.736679 0.669401 0.733749 0.667465 0.731077 0.649690 0.723810
0 0.205597 0.154334 0.205686 0.156157 0.205927 0.157587 0.206284 0.158405 0.211081 0.163833 0.230216 0.165452 0.231565 0.149506 0.228461 0.145454 0.209105 0.143816 0.206263 0.149337 0.205910 0.150640 0.205676 0.152395
0 0.274416 0.156787 0.274523 0.158077 0.274789 0.159812 0.275174 0.161726 0.275618 0.163526 0.276054 0.164935 0.276414 0.165738 0.281601 0.170202 0.300506 0.166829 0.297695 0.151076 0.295356 0.147042 0.276233 0.150453 0.274485 0.156140
0 0.672781 0.802070 0.673777 0.808503 0.674275 0.809162 0.675235 0.810228 0.676511 0.811537 0.677909 0.812889 0.679213 0.814076 0.680222 0.814916 0.680784 0.815281 0.686574 0.816649 0.699878 0.802496 0.697593 0.799039 0.685934 0.788078
0 0.427961 0.823564 0.431520 0.842660 0.435981 0.843849 0.436941 0.844043 0.438438 0.844013 0.440245 0.843764 0.442083 0.843334 0.443670 0.842789 0.444763 0.842213 0.447433 0.839694 0.448034 0.835811 0.444516 0.816934 0.428784 0.819865
0 0.221013 0.348710 0.233723 0.358733 0.236767 0.360348 0.248658 0.345270 0.246849 0.339686 0.246312 0.339218 0.245275 0.338371 0.243896 0.337273 0.242382 0.336090 0.240963 0.335000 0.239853 0.334169 0.239221 0.333722 0.233041 0.333457
0 0.206453 0.190333 0.209808 0.193872 0.223204 0.202626 0.233708 0.186551 0.231354 0.180125 0.230691 0.179501 0.229510 0.178568 0.227992 0.177467 0.226368 0.176368 0.224889 0.175439 0.223780 0.174824 0.223212 0.174614 0.217079 0.174072
0 0.660238 0.594449 0.660379 0.594934 0.662187 0.598184 0.664062 0.599319 0.683127 0.603040 0.686227 0.587152 0.684099 0.586156 0.665252 0.582478 0.661944 0.585704 0.661563 0.586633 0.661144 0.588101 0.660749 0.589885 0.660438 0.591717 0.660259 0.593319
0 0.570956 0.270673 0.574708 0.273218 0.575668 0.273514 0.577171 0.273747 0.578991 0.273882 0.580852 0.273898 0.582474 0.273793 0.583610 0.273583 0.584088 0.273300 0.586944 0.271329 0.587950 0.268685 0.588746 0.249277 0.572573 0.248613 0.571743 0.251486
0 0.363054 0.055762 0.363104 0.057497 0.363226 0.059466 0.363401 0.061364 0.363602 0.062903 0.363799 0.063847 0.368122 0.069379 0.387305 0.068492 0.386565 0.052506 0.385253 0.047332 0.365849 0.048230 0.363189 0.053979 0.363084 0.054527
0 0.080604 0.065739 0.080985 0.072863 0.081368 0.073951 0.082081 0.075500 0.083015 0.077273 0.084024 0.078996 0.084956 0.080407 0.085667 0.081290 0.086050 0.081513 0.092502 0.085041 0.109709 0.076515 0.102604 0.062177 0.098009 0.057114
0 0.951920 0.396808 0.959196 0.414579 0.964505 0.413591 0.979486 0.407458 0.972126 0.389481 0.965412 0.388163 0.965137 0.388171 0.964185 0.388458 0.962700 0.388978 0.960910 0.389652 0.959086 0.390379 0.957501 0.391048 0.956397 0.391559 0.955939 0.391834
0 0.709542 0.866242 0.714500 0.884794 0.716980 0.889243 0.720372 0.889898 0.721633 0.890065 0.723317 0.889952 0.725167 0.889576 0.726899 0.888995 0.728245 0.888298 0.732619 0.885064 0.727603 0.866297 0.725002 0.862111
0 0.742825 0.414368 0.750220 0.432090 0.753113 0.431305 0.768052 0.425072 0.760572 0.407145 0.754786 0.405762 0.754112 0.406027 0.752865 0.406534 0.751235 0.407205 0.749470 0.407939 0.747836 0.408624 0.746578 0.409157 0.745889 0.409458 0.745875 0.409480
0 0.717846 0.116047 0.726899 0.129242 0.742733 0.118379 0.745540 0.113966 0.745243 0.110779 0.744925 0.109477 0.744220 0.107889 0.743235 0.106257 0.742122 0.104832 0.741052 0.103833 0.736382 0.100618 0.720365 0.111608
0 0.755715 0.876222 0.758672 0.880573 0.768171 0.893679 0.783899 0.882280 0.783306 0.875667 0.783008 0.875239 0.782298 0.874248 0.781284 0.872846 0.780123 0.871247 0.778991 0.869697 0.778063 0.868434 0.777481 0.867650 0.777330 0.867463 0.771263 0.864953
0 0.778521 0.442406 0.782956 0.445925 0.783678 0.446095 0.785020 0.446299 0.786776 0.446507 0.788683 0.446686 0.790452 0.446811 0.791816 0.446861 0.792567 0.446830 0.797839 0.443442 0.799881 0.424125 0.783783 0.422423 0.780540 0.423310
0 0.594774 0.419504 0.609587 0.431725 0.614903 0.431026 0.615289 0.430651 0.616086 0.429764 0.617173 0.428499 0.618384 0.427050 0.619533 0.425639 0.620442 0.424484 0.620974 0.423760 0.621049 0.423577 0.621155 0.418449 0.606172 0.406087 0.604958 0.407160
0 0.361402 0.433063 0.364966 0.448933 0.366822 0.449635 0.382474 0.446120 0.378959 0.430469 0.377272 0.429499
0 0.853223 0.487216 0.866056 0.496776 0.870289 0.496739 0.881893 0.481161 0.879366 0.476353 0.878950 0.475700 0.877974 0.474743 0.876587 0.473628 0.875001 0.472528 0.873461 0.471611 0.872202 0.471016 0.871416 0.470835 0.864695 0.471817
