0 0.715894 0.532735 0.718904 0.533191 0.735156 0.533825 0.735790 0.517572 0.732548 0.517331 0.716519 0.516706
0 0.913289 0.799472 0.917329 0.818245 0.922154 0.821925 0.923594 0.822741 0.924513 0.823090 0.926015 0.823232 0.927871 0.823144 0.929796 0.822839 0.931495 0.822364 0.932707 0.821792 0.937979 0.818520 0.933893 0.799530 0.928934 0.796106
0 0.258711 0.075303 0.260049 0.082441 0.260629 0.083245 0.261649 0.084434 0.262953 0.085826 0.264342 0.087210 0.265609 0.088378 0.266560 0.089154 0.267053 0.089419 0.273006 0.091246 0.286313 0.077402 0.283842 0.072515 0.272171 0.061298
0 0.592593 0.168130 0.592760 0.187332 0.596782 0.189334 0.597718 0.189671 0.599206 0.189889 0.601022 0.189954 0.602890 0.189857 0.604529 0.189612 0.605691 0.189256 0.608762 0.187193 0.610020 0.183576 0.609851 0.164152 0.593664 0.164293
0 0.745182 0.811755 0.745502 0.818023 0.745823 0.818526 0.746530 0.819571 0.747515 0.821001 0.748630 0.822598 0.749706 0.824122 0.750581 0.825343 0.751121 0.826075 0.751243 0.826203 0.757244 0.828659 0.773204 0.817586 0.763977 0.804286 0.760959 0.800808
0 0.818392 0.273772 0.819786 0.289713 0.835727 0.288319 0.840396 0.285376 0.838983 0.269212 0.822820 0.270625
0 0.724825 0.106091 0.734460 0.122702 0.748302 0.114673 0.751173 0.110218 0.741427 0.093415 0.735532 0.094057 0.734888 0.094129 0.733705 0.094613 0.732163 0.095436 0.730498 0.096473 0.728968 0.097563 0.727804 0.098540 0.727186 0.099254
0 0.775398 0.554953 0.775529 0.555840 0.775978 0.557216 0.776678 0.558872 0.777522 0.560560 0.778384 0.562024 0.779134 0.563042 0.779656 0.563459 0.782487 0.564576 0.785753 0.565323 0.803388 0.557179 0.796602 0.542483 0.793212 0.541997 0.775778 0.550048
0 0.842315 0.546023 0.847400 0.549654 0.847491 0.549718 0.848318 0.549785 0.849758 0.549844 0.851592 0.549887 0.853538 0.549906 0.855299 0.549898 0.856603 0.549866 0.857251 0.549814 0.862460 0.546607 0.862522 0.527182 0.858378 0.526872 0.842376 0.526821
0 0.835327 0.678551 0.842791 0.696244 0.846754 0.698513 0.861669 0.692221 0.854118 0.674323 0.850070 0.672331 0.847788 0.671422 0.846991 0.671338 0.845642 0.671553 0.843945 0.672032 0.842159 0.672703 0.840551 0.673464 0.839366 0.674201 0.838782 0.674802
0 0.390028 0.153985 0.391285 0.157940 0.407286 0.158087 0.407463 0.138885 0.406393 0.134710 0.403249 0.132872 0.402091 0.132451 0.400447 0.132161 0.398566 0.132047 0.396740 0.132126 0.395247 0.132388 0.390207 0.134561
0 0.156066 0.701293 0.172036 0.712351 0.178566 0.710431 0.179198 0.709852 0.180151 0.708759 0.181278 0.707320 0.182410 0.705752 0.183375 0.704291 0.184028 0.703159 0.184270 0.702526 0.184895 0.696767 0.169107 0.685836 0.165281 0.687985
0 0.353020 0.185618 0.354701 0.189211 0.365795 0.200744 0.379633 0.187431 0.379175 0.180943 0.378760 0.180257 0.377896 0.179142 0.376715 0.177769 0.375398 0.176348 0.374145 0.175097 0.373151 0.174209 0.372566 0.173819 0.367019 0.172151
0 0.759254 0.419692 0.760924 0.424258 0.761429 0.425018 0.762425 0.426083 0.763761 0.427293 0.765235 0.428465 0.766625 0.429423 0.767720 0.430020 0.768354 0.430165 0.771460 0.430040 0.774599 0.429231 0.787161 0.414415 0.774814 0.403947 0.771673 0.405045
0 0.731726 0.679692 0.731818 0.681386 0.732023 0.682633 0.732310 0.683241 0.734213 0.685565 0.736922 0.687711 0.756320 0.688713 0.757155 0.672547 0.754216 0.670575 0.735039 0.669584 0.732482 0.673735 0.732169 0.674584 0.731916 0.676013 0.731760 0.677806
0 0.692210 0.741926 0.694432 0.744723 0.711259 0.754428 0.715083 0.751900 0.715848 0.751274 0.716795 0.750101 0.717779 0.748561 0.718648 0.746890 0.719268 0.745344 0.719546 0.744161 0.719346 0.740406 0.716839 0.737658 0.700205 0.728064
0 0.653006 0.799636 0.654775 0.803100 0.667505 0.813099 0.679504 0.797823 0.678053 0.791433 0.677530 0.790822 0.676510 0.789853 0.675151 0.788672 0.673657 0.787459 0.672254 0.786397 0.671154 0.785645 0.670523 0.785319 0.664867 0.784534
0 0.706458 0.320859 0.706755 0.321960 0.707388 0.323441 0.708263 0.325077 0.709247 0.326621 0.710191 0.327841 0.710953 0.328551 0.714760 0.330669 0.731339 0.320981 0.734014 0.318911 0.725847 0.304935 0.709076 0.314735 0.706686 0.316853
0 0.889800 0.825079 0.890624 0.831384 0.890759 0.831888 0.891322 0.832947 0.892227 0.834402 0.893338 0.836031 0.894486 0.837589 0.895499 0.838842 0.896222 0.839596 0.896544 0.839737 0.903163 0.842388 0.919423 0.831760 0.910566 0.818210 0.905873 0.814573
0 0.198376 0.610668 0.212173 0.619280 0.216131 0.617640 0.224625 0.604032 0.211017 0.595538 0.206988 0.596870
0 0.426380 0.931199 0.440182 0.939656 0.450330 0.923092 0.450898 0.918256 0.449411 0.915323 0.448577 0.914314 0.447284 0.913189 0.445728 0.912119 0.444143 0.911264 0.442769 0.910755 0.437253 0.909896 0.427221 0.926270
0 0.210679 0.518507 0.226726 0.520631 0.229850 0.520395 0.232369 0.501358 0.228083 0.497508 0.227351 0.497374 0.226006 0.497171 0.224253 0.496930 0.222355 0.496688 0.220598 0.496481 0.219250 0.496339 0.218515 0.496286 0.213227 0.499250
0 0.533428 0.522973 0.542197 0.540056 0.542685 0.540519 0.546865 0.541859 0.547254 0.541746 0.548241 0.541314 0.549675 0.540627 0.551337 0.539791 0.552973 0.538934 0.554330 0.538188 0.555202 0.537667 0.555456 0.537449 0.557086 0.533127 0.548215 0.515846 0.547664 0.515665
0 0.972771 0.552935 0.972772 0.554497 0.973489 0.559573 0.992196 0.563906 0.997887 0.564645 0.999654 0.551910 1.000000 0.548876 0.982617 0.544492 0.977100 0.543983 0.974309 0.547861 0.973603 0.549347 0.973063 0.551128
0 0.230573 0.396572 0.233786 0.415729 0.239056 0.419054 0.239762 0.419100 0.241082 0.419017 0.242815 0.418819 0.244699 0.418536 0.246448 0.418210 0.247800 0.417890 0.248549 0.417626 0.252611 0.414045 0.249434 0.395107 0.246537 0.393894
0 0.338150 0.592515 0.349969 0.607930 0.351684 0.606696 0.364383 0.596960 0.352699 0.581721 0.347217 0.581435 0.346723 0.581766 0.345718 0.582497 0.344356 0.583515 0.342843 0.584665 0.341414 0.585770 0.340286 0.586662 0.339634 0.587202 0.339554 0.587311
0 0.077847 0.772015 0.077957 0.773797 0.078272 0.775162 0.080305 0.780739 0.099730 0.780751 0.104305 0.777542 0.104315 0.761540 0.085112 0.761528 0.080315 0.764552 0.078749 0.766968 0.078276 0.768317 0.077959 0.770089
0 0.376991 0.841240 0.383439 0.856088 0.401257 0.848350 0.403679 0.842033 0.403660 0.841246 0.403351 0.839907 0.402801 0.838222 0.402093 0.836444 0.401334 0.834843 0.400638 0.833659 0.400111 0.833073 0.396011 0.829691 0.378397 0.837340
0 0.621923 0.464285 0.622994 0.480252 0.642154 0.478966 0.643797 0.478723 0.646168 0.475405 0.646336 0.475005 0.646430 0.473930 0.646435 0.472343 0.646349 0.470486 0.646187 0.468644 0.645972 0.467101 0.645738 0.466092 0.645521 0.465770 0.642714 0.462572 0.623333 0.463872
0 0.507803 0.590033 0.507893 0.591074 0.520580 0.601128 0.532644 0.585905 0.532058 0.580731 0.531728 0.580397 0.530874 0.579659 0.529628 0.578630 0.528177 0.577465 0.526741 0.576342 0.525536 0.575428 0.524745 0.574863 0.524490 0.574734 0.519730 0.574984
0 0.490122 0.231214 0.490235 0.234287 0.504803 0.240909 0.512750 0.223428 0.512897 0.220230 0.511308 0.217393 0.510988 0.216867 0.510045 0.216115 0.508622 0.215252 0.506937 0.214410 0.505247 0.213718 0.503814 0.213283 0.502856 0.213170 0.498161 0.213531
0 0.425609 0.134093 0.426459 0.138276 0.444461 0.144961 0.448664 0.141222 0.449085 0.140643 0.449666 0.139448 0.450321 0.137816 0.450949 0.135994 0.451456 0.134258 0.451766 0.132869 0.451830 0.132040 0.449454 0.125681 0.431244 0.118918
0 0.037861 0.473465 0.057247 0.474683 0.062308 0.474973 0.064558 0.470491 0.064980 0.468955 0.065210 0.467125 0.065212 0.465278 0.064985 0.463693 0.063312 0.459002 0.058263 0.458528 0.038876 0.457309
0 0.843883 0.097861 0.862512 0.102518 0.868695 0.097940 0.869271 0.097052 0.869940 0.095582 0.870598 0.093754 0.871145 0.091848 0.871497 0.090158 0.871600 0.088942 0.870629 0.082218 0.851785 0.077507 0.847764 0.082337
0 0.507433 0.538971 0.507994 0.543863 0.508298 0.544142 0.509146 0.544822 0.510409 0.545800 0.511894 0.546927 0.513372 0.548028 0.514617 0.548936 0.515439 0.549511 0.515712 0.549666 0.520458 0.549150 0.532131 0.533623 0.531763 0.533239 0.518973 0.523623
0 0.590156 0.698148 0.596948 0.716109 0.598069 0.718608 0.602205 0.719572 0.603301 0.719447 0.604848 0.719056 0.606610 0.718457 0.608316 0.717744 0.609703 0.717026 0.610560 0.716412 0.613210 0.712882 0.606339 0.694713 0.605124 0.692488
0 0.696107 0.415473 0.701053 0.434028 0.706200 0.436124 0.706283 0.436114 0.707061 0.435916 0.708416 0.435561 0.710141 0.435104 0.711975 0.434613 0.713643 0.434161 0.714892 0.433819 0.715531 0.433637 0.719019 0.429095 0.714015 0.410326 0.698374 0.414495
0 0.354916 0.583379 0.369774 0.589803 0.371262 0.588777 0.378883 0.571151 0.376590 0.567143 0.376415 0.566909 0.375595 0.566420 0.374255 0.565751 0.372597 0.565003 0.370873 0.564289 0.369343 0.563717 0.368237 0.563373 0.367726 0.563311 0.364195 0.564800 0.362625 0.565550
0 0.756745 0.331108 0.757523 0.335297 0.757900 0.336287 0.758701 0.337613 0.759805 0.339076 0.761045 0.340455 0.762234 0.341542 0.763192 0.342171 0.766925 0.343454 0.770011 0.341644 0.784998 0.329287 0.774701 0.316797 0.771561 0.318892
0 0.861623 0.513125 0.866720 0.516684 0.866837 0.516697 0.867690 0.516728 0.869151 0.516772 0.870999 0.516822 0.872950 0.516872 0.874705 0.516912 0.875994 0.516937 0.876621 0.516943 0.881987 0.513667 0.882455 0.494248 0.866273 0.493858 0.862086 0.493928
