0 0.959264 0.094742 0.962721 0.100385 0.963963 0.101728 0.965448 0.102862 0.966952 0.103616 0.971112 0.105499 0.976559 0.100937 0.989616 0.086555 0.977631 0.075675 0.972172 0.080525
0 0.476620 0.198758 0.476888 0.202201 0.477702 0.205089 0.478044 0.205670 0.478958 0.206546 0.480303 0.207584 0.481876 0.208626 0.483439 0.209515 0.484758 0.210118 0.485631 0.210342 0.490513 0.210592 0.500583 0.194241 0.500590 0.190706 0.486806 0.182218
0 0.420462 0.564427 0.428572 0.578526 0.442671 0.570416 0.443459 0.569448 0.435461 0.555543 0.421556 0.563541
0 0.134778 0.508347 0.139718 0.511998 0.140360 0.512091 0.141657 0.512220 0.143411 0.512364 0.145353 0.512502 0.147185 0.512612 0.148625 0.512677 0.149455 0.512688 0.149551 0.512644 0.154908 0.509468 0.156368 0.490321 0.140412 0.489105 0.136254 0.488979
0 0.972174 0.661256 0.977628 0.665597 0.977892 0.665794 0.978891 0.666035 0.980475 0.666285 0.982404 0.666506 0.984382 0.666663 0.986104 0.666733 0.987307 0.666704 0.987808 0.666581 0.993791 0.664110 0.994978 0.644722 0.989320 0.643067 0.973348 0.642089
0 0.762410 0.522972 0.765444 0.523237 0.781630 0.523456 0.781893 0.504033 0.777099 0.500543 0.776360 0.500529 0.774996 0.500508 0.773215 0.500483 0.771289 0.500458 0.769516 0.500436 0.768166 0.500422 0.767445 0.500416 0.762670 0.503771
0 0.282230 0.629616 0.295545 0.643760 0.301408 0.643217 0.301937 0.642777 0.302919 0.641902 0.304202 0.640726 0.305594 0.639427 0.306885 0.638201 0.307878 0.637233 0.308425 0.636670 0.309534 0.631148 0.296371 0.617166 0.294017 0.618521
0 0.097197 0.763423 0.104855 0.781275 0.111257 0.781759 0.111785 0.781662 0.112938 0.781253 0.114540 0.780597 0.116345 0.779792 0.118076 0.778963 0.119467 0.778238 0.120307 0.777725 0.120470 0.777504 0.124078 0.771751 0.116507 0.754104 0.101801 0.760412
0 0.471529 0.652698 0.476400 0.668216 0.491919 0.663345 0.492030 0.661099 0.487226 0.645794 0.471921 0.650598
0 0.329086 0.982292 0.347340 0.988935 0.352463 0.984563 0.352656 0.984121 0.353083 0.983007 0.353678 0.981392 0.354350 0.979523 0.354996 0.977689 0.355517 0.976168 0.355834 0.975195 0.355898 0.974913 0.354557 0.968309 0.336511 0.961742 0.331039 0.976780
0 0.448209 0.531267 0.448287 0.531646 0.448645 0.532645 0.449230 0.534111 0.449952 0.535823 0.450700 0.537515 0.451360 0.538928 0.451830 0.539846 0.452040 0.540131 0.456204 0.541970 0.474035 0.534265 0.474332 0.533873 0.467984 0.519184 0.450357 0.526801 0.449783 0.527111
0 0.114906 0.134330 0.120133 0.149732 0.125356 0.154548 0.140546 0.149393 0.135391 0.134203 0.130308 0.129103
0 0.176260 0.965672 0.185417 0.979020 0.201435 0.968031 0.204847 0.962681 0.204332 0.959841 0.204072 0.958467 0.203409 0.956838 0.202445 0.955200 0.201325 0.953800 0.200218 0.952850 0.195795 0.949485 0.179960 0.960349
0 0.890561 0.842698 0.896006 0.847476 0.908992 0.857269 0.918785 0.844283 0.913027 0.839549 0.900220 0.829891
0 0.459934 0.550311 0.468850 0.563822 0.485063 0.553123 0.485233 0.552516 0.486230 0.548247 0.486046 0.547878 0.485487 0.546953 0.484638 0.545614 0.483627 0.544066 0.482609 0.542540 0.481735 0.541267 0.481139 0.540441 0.480912 0.540188 0.476420 0.539159 0.460392 0.549736
0 0.510377 0.305304 0.512500 0.308404 0.512834 0.308765 0.513817 0.309287 0.515298 0.309891 0.517054 0.310485 0.518818 0.310980 0.520324 0.311302 0.521345 0.311400 0.525663 0.310036 0.531343 0.291693 0.531705 0.289284 0.516242 0.284497 0.510497 0.303053
0 0.195580 0.897998 0.209587 0.911456 0.220802 0.899783 0.223993 0.895213 0.210145 0.881909 0.203919 0.883815 0.203526 0.884140 0.202666 0.884979 0.201468 0.886206 0.200113 0.887636 0.198807 0.889052 0.197746 0.890240 0.197093 0.891020 0.196948 0.891272
0 0.725892 0.642677 0.728504 0.644327 0.745370 0.653964 0.749037 0.651862 0.749837 0.651121 0.750804 0.649870 0.751790 0.648300 0.752643 0.646651 0.753233 0.645178 0.753469 0.644105 0.753401 0.639909 0.736535 0.630272 0.733831 0.628783
0 0.377762 0.525541 0.393457 0.529502 0.394675 0.529164 0.399374 0.510545 0.396511 0.506502 0.396292 0.506404 0.395395 0.506141 0.393959 0.505755 0.392201 0.505303 0.390387 0.504853 0.388791 0.504475 0.387653 0.504224 0.387148 0.504139 0.382515 0.506706
0 0.455202 0.245145 0.457696 0.261177 0.458276 0.264453 0.474089 0.261993 0.473728 0.258683 0.471234 0.242651
0 0.576210 0.873864 0.577091 0.878187 0.588570 0.893857 0.601628 0.884292 0.600467 0.879899 0.589119 0.864408 0.584606 0.865380 0.583669 0.865590 0.582347 0.866240 0.580840 0.867232 0.579375 0.868417 0.578174 0.869615 0.577418 0.870646
0 0.842143 0.435906 0.857053 0.441716 0.862019 0.440906 0.867910 0.425788 0.852793 0.419897 0.847954 0.420996
0 0.278490 0.352830 0.292791 0.365975 0.295160 0.367507 0.305989 0.355725 0.291851 0.342731 0.289444 0.340912 0.285426 0.341944 0.284476 0.342539 0.283251 0.343578 0.281939 0.344902 0.280742 0.346307 0.279844 0.347579 0.279381 0.348521
0 0.696161 0.211551 0.699234 0.214706 0.699993 0.215380 0.701312 0.216124 0.702991 0.216825 0.704776 0.217378 0.706398 0.217699 0.707612 0.217740 0.711208 0.216999 0.713650 0.213727 0.720263 0.195463 0.705042 0.189952 0.702699 0.193496
0 0.863504 0.699285 0.873721 0.715544 0.878042 0.718036 0.891748 0.709423 0.881412 0.692976 0.877052 0.690771 0.873870 0.690628 0.872569 0.690971 0.870969 0.691659 0.869313 0.692589 0.867850 0.693620 0.866801 0.694595
0 0.393659 0.112045 0.394874 0.116479 0.408915 0.124155 0.418126 0.107306 0.417180 0.102765 0.416472 0.100504 0.416038 0.099799 0.415024 0.098847 0.413581 0.097793 0.411931 0.096797 0.410328 0.096014 0.409018 0.095564 0.402976 0.095001
0 0.385040 0.359942 0.392219 0.377992 0.393451 0.379387 0.408320 0.373472 0.401223 0.355629 0.400081 0.353960 0.396401 0.352811 0.395922 0.352753 0.394830 0.352975 0.393291 0.353446 0.391540 0.354092 0.389846 0.354816 0.388470 0.355505 0.387621 0.356054
0 0.579950 0.099091 0.585740 0.114051 0.600700 0.108261 0.602104 0.102800 0.596233 0.087631 0.581064 0.093502
0 0.434743 0.104578 0.435489 0.109098 0.449871 0.121823 0.454580 0.119732 0.455323 0.119374 0.456391 0.118488 0.457622 0.117209 0.458832 0.115730 0.459837 0.114273 0.460485 0.113059 0.460676 0.112273 0.460475 0.109839 0.460018 0.105327 0.445470 0.092455
0 0.451757 0.028618 0.452309 0.034006 0.462957 0.049986 0.468573 0.048777 0.469895 0.048247 0.471436 0.047344 0.472961 0.046205 0.474241 0.045000 0.475082 0.043912 0.476274 0.041113 0.475999 0.035807 0.465228 0.019642
0 0.544120 0.136825 0.556978 0.146351 0.568409 0.130921 0.569200 0.126654 0.568047 0.123420 0.567280 0.122373 0.566068 0.121154 0.564595 0.119951 0.563089 0.118947 0.561780 0.118298 0.556194 0.117018 0.544630 0.132626
0 0.007979 0.295977 0.022214 0.303846 0.028783 0.306543 0.036544 0.292504 0.022505 0.284743 0.015849 0.281742
0 0.593185 0.136309 0.610615 0.144367 0.615707 0.140977 0.616017 0.140429 0.616585 0.139280 0.617328 0.137703 0.618131 0.135936 0.618875 0.134247 0.619446 0.132889 0.619758 0.132071 0.619762 0.131919 0.618687 0.125562 0.601055 0.117410 0.594262 0.132104
0 0.684341 0.937747 0.685691 0.953692 0.687838 0.958938 0.707194 0.957299 0.709385 0.951404 0.709531 0.950865 0.709555 0.949637 0.709454 0.947908 0.709243 0.945943 0.708953 0.944044 0.708631 0.942502 0.708324 0.941552 0.703475 0.936127
0 0.790044 0.460563 0.790734 0.465302 0.791034 0.466177 0.791751 0.467454 0.792777 0.468937 0.793956 0.470405 0.795110 0.471635 0.796065 0.472441 0.796676 0.472699 0.799620 0.473384 0.803084 0.473076 0.818647 0.461453 0.808961 0.448483 0.805429 0.449072
0 0.259938 0.798894 0.268470 0.812650 0.284977 0.802411 0.287435 0.798954 0.287510 0.795433 0.287196 0.794215 0.286532 0.792669 0.285617 0.791028 0.284590 0.789539 0.283606 0.788427 0.282813 0.787861 0.279000 0.785356 0.262682 0.795478
0 0.256490 0.728178 0.256546 0.729430 0.256856 0.731094 0.257374 0.732916 0.258019 0.734615 0.258693 0.735930 0.259292 0.736661 0.262617 0.740061 0.281062 0.733970 0.283564 0.731296 0.278547 0.716100 0.260312 0.722122 0.257541 0.724690
0 0.316071 0.606872 0.326115 0.623498 0.331638 0.624051 0.331731 0.624025 0.332440 0.623621 0.333660 0.622901 0.335203 0.621975 0.336833 0.620984 0.338299 0.620082 0.339377 0.619405 0.339904 0.619058 0.341800 0.613812 0.331870 0.597375 0.329927 0.598501
0 0.587935 0.956738 0.588952 0.962019 0.607408 0.968075 0.611757 0.963179 0.612331 0.962033 0.612939 0.960393 0.613487 0.958511 0.613892 0.956675 0.614091 0.955168 0.614055 0.954218 0.611170 0.947521 0.592924 0.941533
0 0.828133 0.604697 0.828840 0.610053 0.829072 0.610786 0.829722 0.611982 0.830692 0.613461 0.831834 0.615000 0.832978 0.616366 0.833950 0.617352 0.834601 0.617808 0.841210 0.619168 0.857123 0.608028 0.847839 0.594767 0.843864 0.593684
