0 0.142172 0.872678 0.156168 0.886147 0.162650 0.884222 0.163000 0.883897 0.163836 0.883053 0.165034 0.881818 0.166407 0.880381 0.167746 0.878965 0.168845 0.877785 0.169537 0.877022 0.169718 0.876789 0.171194 0.870203 0.157358 0.856888 0.146262 0.868418
0 0.683890 0.511302 0.699376 0.522657 0.701681 0.522919 0.705183 0.522214 0.705672 0.521947 0.706523 0.521125 0.707607 0.519874 0.708758 0.518384 0.709799 0.516884 0.710571 0.515605 0.710954 0.514742 0.711253 0.509865 0.695589 0.498379 0.693353 0.498397
0 0.965396 0.074987 0.984580 0.075826 0.990923 0.070322 0.991588 0.069386 0.992185 0.067855 0.992623 0.065961 0.992834 0.063994 0.992785 0.062257 0.992484 0.061017 0.990891 0.054750 0.971485 0.053901 0.966095 0.059000
0 0.702354 0.259175 0.705779 0.278069 0.721525 0.275215 0.724086 0.272616 0.720621 0.253503 0.715499 0.251867 0.714708 0.251775 0.713323 0.251869 0.711555 0.252135 0.709675 0.252531 0.707973 0.252996 0.706709 0.253460 0.706074 0.253851
0 0.845776 0.601021 0.858606 0.610584 0.862752 0.611863 0.874361 0.596289 0.871869 0.590970 0.871445 0.590445 0.870463 0.589574 0.869074 0.588489 0.867491 0.587358 0.865957 0.586354 0.864706 0.585631 0.863930 0.585298 0.857252 0.585625
0 0.289615 0.269878 0.292020 0.272509 0.307059 0.277974 0.313618 0.259926 0.310690 0.254233 0.310094 0.253782 0.308895 0.253148 0.307275 0.252426 0.305481 0.251727 0.303790 0.251160 0.302462 0.250810 0.301698 0.250731 0.296250 0.251622
0 0.246331 0.489745 0.247049 0.509156 0.251846 0.512402 0.251886 0.512405 0.252656 0.512380 0.254041 0.512331 0.255829 0.512266 0.257746 0.512194 0.259496 0.512127 0.260813 0.512075 0.261496 0.512045 0.265932 0.508460 0.265222 0.489270 0.262507 0.489146
0 0.215162 0.233135 0.216067 0.239267 0.216416 0.239785 0.217203 0.240802 0.218308 0.242164 0.219561 0.243662 0.220770 0.245066 0.221750 0.246160 0.222351 0.246779 0.222483 0.246830 0.228597 0.248532 0.243414 0.236317 0.233234 0.223970 0.230150 0.220778
0 0.933425 0.053699 0.942118 0.070821 0.956387 0.063577 0.961664 0.058531 0.952870 0.041210 0.945674 0.041778 0.944608 0.042146 0.943071 0.042865 0.941302 0.043824 0.939571 0.044877 0.938144 0.045861 0.937238 0.046627 0.936989 0.047058
0 0.253305 0.014569 0.256125 0.020118 0.264154 0.033960 0.280765 0.024325 0.280953 0.017410 0.280848 0.017091 0.280374 0.016134 0.279601 0.014684 0.278647 0.012961 0.277659 0.011228 0.276787 0.009754 0.276167 0.008763 0.275892 0.008407 0.270108 0.004823
0 0.620102 0.139190 0.623545 0.141596 0.624434 0.142183 0.625878 0.142730 0.627656 0.143153 0.629502 0.143389 0.631136 0.143403 0.632311 0.143192 0.635845 0.142056 0.637416 0.137917 0.640895 0.118806 0.624969 0.115907 0.623541 0.120298
0 0.740605 0.613684 0.741139 0.632879 0.743927 0.634415 0.760108 0.633966 0.759568 0.614549 0.754764 0.610561 0.754061 0.610425 0.752734 0.610331 0.750985 0.610292 0.749078 0.610314 0.747302 0.610394 0.745925 0.610520 0.745155 0.610673
0 0.227760 0.160599 0.231852 0.166508 0.232566 0.167016 0.233891 0.167581 0.235623 0.168119 0.237502 0.168548 0.239243 0.168804 0.240583 0.168847 0.246595 0.167451 0.250163 0.148583 0.247274 0.144520 0.231369 0.141512
0 0.161183 0.395804 0.164520 0.414940 0.168355 0.415913 0.184119 0.413163 0.180820 0.394246 0.175227 0.390822 0.174435 0.390741 0.173036 0.390799 0.171243 0.390987 0.169330 0.391277 0.167591 0.391624 0.166293 0.391975 0.165635 0.392276
0 0.028638 0.349589 0.038522 0.366312 0.043797 0.367840 0.045686 0.368387 0.046600 0.368373 0.048005 0.367989 0.049686 0.367293 0.051389 0.366391 0.052858 0.365418 0.053869 0.364523 0.057573 0.359698 0.047802 0.343166 0.042574 0.341353
0 0.479251 0.884991 0.489902 0.901235 0.503439 0.892358 0.503399 0.887874 0.492870 0.871815 0.487970 0.872567 0.487111 0.872724 0.485814 0.873302 0.484278 0.874214 0.482734 0.875322 0.481414 0.876459 0.480519 0.877453 0.480186 0.878153 0.479488 0.880590
0 0.857655 0.705101 0.871084 0.713804 0.875375 0.716276 0.885938 0.699974 0.883076 0.694261 0.882625 0.693908 0.881593 0.693199 0.880137 0.692241 0.878482 0.691183 0.876880 0.690186 0.875579 0.689403 0.874775 0.688953 0.874588 0.688903 0.868098 0.688986
0 0.467956 0.390232 0.468887 0.394188 0.469243 0.395397 0.485336 0.405874 0.494067 0.392464 0.493998 0.391220 0.477719 0.380622 0.473225 0.382140 0.472989 0.382292 0.472386 0.383040 0.471508 0.384269 0.470489 0.385792 0.469485 0.387376 0.468652 0.388776 0.468115 0.389779
0 0.835608 0.907893 0.839488 0.912609 0.850756 0.924230 0.864702 0.910709 0.863044 0.903926 0.862821 0.903656 0.862087 0.902861 0.860956 0.901662 0.859600 0.900241 0.858224 0.898815 0.857036 0.897597 0.856214 0.896771 0.855885 0.896464 0.849394 0.894526
0 0.455551 0.438920 0.456059 0.439618 0.469057 0.448952 0.480258 0.433354 0.479524 0.428316 0.479199 0.428006 0.478323 0.427313 0.477030 0.426342 0.475518 0.425241 0.474019 0.424180 0.472763 0.423321 0.471942 0.422795 0.471681 0.422683 0.466881 0.423142
0 0.028226 0.918705 0.028715 0.934885 0.048131 0.934299 0.053296 0.929335 0.054049 0.928482 0.054626 0.927550 0.055092 0.926029 0.055376 0.924151 0.055437 0.922200 0.055265 0.920469 0.054886 0.919221 0.052813 0.913340 0.033619 0.913919
0 0.517771 0.576129 0.517977 0.577010 0.520548 0.580428 0.520939 0.580589 0.522000 0.580835 0.523570 0.581130 0.525410 0.581427 0.527236 0.581681 0.528769 0.581853 0.529773 0.581918 0.530097 0.581864 0.533984 0.579417 0.536873 0.560209 0.536452 0.559520 0.520627 0.557140
0 0.462434 0.566133 0.473832 0.577627 0.487625 0.563950 0.487767 0.563219 0.487859 0.558888 0.487616 0.558550 0.486895 0.557743 0.485805 0.556592 0.484512 0.555269 0.483211 0.553976 0.482099 0.552907 0.481342 0.552224 0.481059 0.552032 0.476499 0.551856 0.462864 0.565377
0 0.727310 0.794894 0.729938 0.798303 0.741550 0.809581 0.755083 0.795646 0.753762 0.789377 0.753691 0.789251 0.753093 0.788614 0.752061 0.787564 0.750753 0.786262 0.749367 0.784905 0.748111 0.783696 0.747175 0.782819 0.746701 0.782407 0.740688 0.781118
0 0.547281 0.458503 0.548244 0.462910 0.548481 0.463169 0.549285 0.463806 0.550530 0.464724 0.552029 0.465784 0.553555 0.466827 0.554877 0.467694 0.555797 0.468255 0.556172 0.468422 0.560420 0.467638 0.561119 0.467264 0.572207 0.451314 0.558916 0.442074 0.558243 0.442736
0 0.122431 0.422263 0.138899 0.432565 0.143026 0.433336 0.151513 0.419770 0.135234 0.409585 0.131016 0.408540 0.127845 0.410173 0.126871 0.410962 0.125758 0.412228 0.124676 0.413776 0.123791 0.415371 0.123240 0.416765
0 0.278185 0.188073 0.281228 0.192352 0.297112 0.194289 0.299049 0.178404 0.296255 0.173932 0.280149 0.171968
0 0.512903 0.151253 0.513128 0.151989 0.513802 0.153163 0.514821 0.154595 0.516031 0.156070 0.517249 0.157365 0.518292 0.158284 0.519002 0.158688 0.523826 0.160630 0.538264 0.147970 0.538707 0.143900 0.528035 0.131729 0.513429 0.144535
0 0.741558 0.883568 0.744918 0.888902 0.759502 0.896012 0.766611 0.881428 0.762955 0.876196 0.748570 0.869184
0 0.698635 0.826905 0.700932 0.830684 0.716855 0.833597 0.720350 0.814489 0.716532 0.808738 0.715886 0.808265 0.714618 0.807733 0.712922 0.807223 0.711055 0.806811 0.709298 0.806560 0.707918 0.806508 0.707121 0.806662 0.702090 0.808015
0 0.908515 0.592454 0.910651 0.608352 0.916376 0.609863 0.932496 0.607697 0.930330 0.591577 0.924413 0.590318
0 0.838552 0.622962 0.853464 0.635060 0.857551 0.636622 0.867750 0.624051 0.852665 0.611813 0.848634 0.610535 0.845267 0.611653 0.844224 0.612339 0.842984 0.613468 0.841734 0.614868 0.840663 0.616329 0.839932 0.617629 0.839654 0.618572
0 0.565399 0.112170 0.571882 0.130245 0.586945 0.124842 0.587950 0.120504 0.581392 0.102220 0.575593 0.101881 0.574170 0.102113 0.572445 0.102634 0.570681 0.103364 0.569150 0.104192 0.568086 0.104989 0.566155 0.107685
0 0.634577 0.543637 0.636133 0.544141 0.655168 0.548011 0.658269 0.545262 0.658551 0.544962 0.658938 0.543984 0.659371 0.542477 0.659782 0.540671 0.660109 0.538844 0.660302 0.537276 0.660331 0.536207 0.660193 0.535799 0.658393 0.532148 0.639358 0.528278 0.637765 0.527955
0 0.305503 0.217160 0.315609 0.233749 0.317717 0.236793 0.331383 0.228468 0.321393 0.212068 0.319328 0.208739 0.315280 0.208974 0.314177 0.209193 0.312696 0.209793 0.311063 0.210681 0.309530 0.211721 0.308331 0.212754 0.307651 0.213621
0 0.703098 0.447586 0.721959 0.451195 0.724525 0.450631 0.727199 0.448396 0.727568 0.447966 0.728021 0.446877 0.728487 0.445294 0.728896 0.443458 0.729184 0.441653 0.729307 0.440154 0.729247 0.439192 0.727568 0.434732 0.708489 0.431081 0.706106 0.431869
0 0.833773 0.954614 0.841482 0.972202 0.845430 0.977662 0.860256 0.971164 0.852459 0.953373 0.848430 0.948191 0.843978 0.948401 0.842291 0.948693 0.840515 0.949315 0.838917 0.950172 0.837739 0.951135
0 0.362169 0.101666 0.364264 0.108468 0.364769 0.109152 0.365849 0.110065 0.367338 0.111069 0.369011 0.112011 0.370615 0.112751 0.371909 0.113175 0.377981 0.113526 0.386750 0.096443 0.385440 0.091776 0.371039 0.084385
0 0.236886 0.844179 0.247869 0.856069 0.262138 0.842889 0.264857 0.838969 0.263896 0.835520 0.263451 0.834378 0.262568 0.832982 0.261380 0.831543 0.260068 0.830276 0.258829 0.829375 0.253999 0.827215 0.239893 0.840245
0 0.889785 0.970165 0.890815 0.977144 0.890987 0.977461 0.891604 0.978375 0.892573 0.979748 0.893747 0.981371 0.894950 0.983001 0.895999 0.984391 0.896736 0.985329 0.897046 0.985671 0.903711 0.988767 0.919509 0.977464 0.910090 0.964299 0.905403 0.958992
