0 0.590153 0.222758 0.590651 0.228901 0.606532 0.239695 0.615528 0.226461 0.616864 0.223298 0.600799 0.212379 0.595501 0.214699 0.595018 0.215247 0.594206 0.216332 0.593188 0.217791 0.592122 0.219399 0.591170 0.220908 0.590479 0.222087
0 0.202770 0.051698 0.207480 0.070543 0.210824 0.075452 0.213848 0.076020 0.215180 0.076240 0.216907 0.076177 0.218768 0.075841 0.220481 0.075284 0.221788 0.074588 0.226348 0.071572 0.221692 0.052942 0.218474 0.047773
0 0.017447 0.858370 0.017550 0.859650 0.018568 0.866011 0.037728 0.869212 0.043011 0.864992 0.045649 0.849209 0.026709 0.846044 0.020085 0.850644 0.019390 0.851470 0.018678 0.852899 0.018058 0.854714 0.017625 0.856636
0 0.744971 0.552810 0.745731 0.571998 0.750495 0.575702 0.751193 0.575787 0.752524 0.575831 0.754283 0.575825 0.756203 0.575772 0.757988 0.575679 0.759363 0.575560 0.760120 0.575434 0.764746 0.572190 0.763978 0.552780 0.760960 0.552177
0 0.473241 0.296753 0.473546 0.299076 0.476899 0.317984 0.480532 0.319743 0.480919 0.319917 0.481969 0.319935 0.483519 0.319797 0.485337 0.319523 0.487147 0.319154 0.488676 0.318746 0.489692 0.318361 0.490041 0.318057 0.492655 0.315190 0.492570 0.313053 0.489179 0.293927
0 0.434878 0.398422 0.435773 0.399819 0.447031 0.411246 0.458458 0.399988 0.457879 0.398594 0.446464 0.387007
0 0.796541 0.782587 0.797932 0.798529 0.801376 0.801981 0.820728 0.800292 0.822675 0.794371 0.822781 0.793027 0.822705 0.791257 0.822459 0.789333 0.822080 0.787552 0.821628 0.786186 0.821172 0.785442 0.815671 0.780918
0 0.404515 0.674885 0.406074 0.694247 0.422209 0.692948 0.423098 0.690742 0.421557 0.671602 0.417366 0.669243 0.416417 0.669138 0.414923 0.669137 0.413110 0.669241 0.411251 0.669433 0.409628 0.669685 0.408485 0.669958 0.407998 0.670212 0.405606 0.672886
0 0.623189 0.715621 0.624902 0.718619 0.633513 0.732371 0.647264 0.723760 0.638654 0.710009 0.636752 0.707128
0 0.254043 0.488839 0.254909 0.493371 0.273109 0.500160 0.275703 0.500158 0.281295 0.485165 0.263303 0.478454 0.260567 0.478204 0.257613 0.480150 0.257165 0.480469 0.256525 0.481430 0.255794 0.482888 0.255081 0.484621 0.254498 0.486362 0.254133 0.487843
0 0.660350 0.657736 0.663433 0.662812 0.664003 0.663128 0.665196 0.663597 0.666831 0.664150 0.668659 0.664700 0.670398 0.665163 0.671780 0.665468 0.672596 0.665569 0.677775 0.663984 0.683084 0.645299 0.680991 0.643638 0.665598 0.639264
0 0.919799 0.723140 0.922892 0.742092 0.927781 0.744892 0.943757 0.742285 0.940629 0.723114 0.934369 0.718974 0.933434 0.718744 0.931920 0.718669 0.930057 0.718757 0.928127 0.718996 0.926421 0.719350 0.925197 0.719765
0 0.599129 0.814558 0.601937 0.830312 0.603116 0.834131 0.622239 0.830723 0.624439 0.825120 0.624394 0.824452 0.624212 0.823148 0.623919 0.821408 0.623561 0.819499 0.623193 0.817713 0.622871 0.816325 0.622645 0.815546 0.618034 0.811189
0 0.571250 0.182165 0.572645 0.185589 0.573431 0.186521 0.574675 0.187622 0.576186 0.188727 0.577737 0.189670 0.579094 0.190307 0.580051 0.190542 0.584553 0.191059 0.595226 0.175095 0.596327 0.171339 0.582870 0.162342 0.572074 0.178490
0 0.262795 0.584236 0.263354 0.588800 0.263733 0.589728 0.264522 0.591034 0.265600 0.592521 0.266801 0.593958 0.267941 0.595126 0.268846 0.595846 0.269377 0.596010 0.272747 0.597003 0.275344 0.595895 0.290490 0.584090 0.280652 0.571468 0.278116 0.572295
0 0.353072 0.745773 0.364375 0.761571 0.369889 0.761107 0.370597 0.760789 0.371778 0.760071 0.373252 0.759060 0.374793 0.757913 0.376163 0.756807 0.377155 0.755909 0.377616 0.755357 0.378939 0.749270 0.367766 0.733653 0.354751 0.742964
0 0.428787 0.786142 0.447679 0.790661 0.452077 0.786676 0.452267 0.785977 0.452597 0.784663 0.453016 0.782935 0.453459 0.781058 0.453859 0.779320 0.454155 0.777988 0.454301 0.777263 0.451999 0.771775 0.433323 0.767308 0.432552 0.770399
0 0.138855 0.165383 0.141538 0.184621 0.145635 0.188226 0.147259 0.189377 0.148087 0.189736 0.149514 0.189938 0.151322 0.189953 0.153237 0.189780 0.154970 0.189444 0.156261 0.188997 0.161484 0.186016 0.158832 0.166997 0.154887 0.163147
0 0.046182 0.599059 0.063597 0.607664 0.068585 0.606433 0.075673 0.592087 0.058457 0.583581 0.053352 0.584547 0.051427 0.585432 0.050671 0.585875 0.049703 0.586912 0.048669 0.588386 0.047729 0.590071 0.047027 0.591709 0.046671 0.593048
0 0.011171 0.127994 0.016304 0.146728 0.021833 0.150766 0.024075 0.151570 0.025613 0.151683 0.027473 0.151530 0.029372 0.151134 0.031026 0.150556 0.032183 0.149883 0.037266 0.146538 0.032192 0.128017 0.026783 0.123717
0 0.400071 0.285176 0.401445 0.288130 0.414781 0.297044 0.423696 0.283708 0.422632 0.280693 0.409110 0.271654
0 0.528341 0.059541 0.528364 0.061075 0.528425 0.062961 0.528515 0.064914 0.528619 0.066640 0.528723 0.067877 0.528810 0.068438 0.532267 0.073720 0.551443 0.072709 0.552038 0.067768 0.551185 0.051603 0.531787 0.052626 0.528416 0.058376 0.528359 0.058592
0 0.683428 0.154171 0.683625 0.155520 0.684089 0.157218 0.684749 0.159008 0.685506 0.160619 0.686245 0.161808 0.686855 0.162395 0.690543 0.165865 0.708268 0.158477 0.710676 0.154529 0.704449 0.139587 0.686519 0.147060 0.684387 0.151094 0.683529 0.153375
0 0.166834 0.767898 0.166841 0.769249 0.168413 0.775279 0.187605 0.778273 0.191176 0.775093 0.193643 0.759282 0.174669 0.756322 0.168924 0.760448 0.168430 0.761156 0.167896 0.762486 0.167405 0.764235 0.167032 0.766137
0 0.864511 0.240693 0.866670 0.256549 0.882526 0.254390 0.887845 0.250975 0.885656 0.234898 0.869580 0.237087
0 0.737626 0.173199 0.738302 0.189187 0.757487 0.188376 0.762249 0.183224 0.762580 0.182438 0.762830 0.181033 0.762961 0.179224 0.762952 0.177287 0.762804 0.175520 0.762541 0.174195 0.759781 0.168600 0.740374 0.169420
0 0.385782 0.582274 0.389491 0.601341 0.405381 0.598249 0.406462 0.597126 0.402795 0.578277 0.398423 0.575985 0.398197 0.575955 0.397286 0.576069 0.395830 0.576311 0.394049 0.576642 0.392214 0.577014 0.390600 0.577370 0.389451 0.577656 0.388945 0.577829
0 0.924099 0.905680 0.933362 0.918728 0.938372 0.923570 0.954212 0.912326 0.952912 0.905587 0.952812 0.905186 0.952243 0.904209 0.951288 0.902804 0.950097 0.901186 0.948850 0.899605 0.947741 0.898303 0.946937 0.897477 0.946560 0.897253 0.939757 0.894564
0 0.951556 0.686959 0.966253 0.693289 0.971644 0.695524 0.979328 0.677684 0.975259 0.672330 0.974828 0.672108 0.973741 0.671616 0.972163 0.670928 0.970336 0.670149 0.968542 0.669401 0.967054 0.668796 0.966100 0.668428 0.965823 0.668351 0.959152 0.669323
0 0.774746 0.781325 0.780717 0.799576 0.783963 0.803040 0.799348 0.798007 0.793308 0.779545 0.789955 0.776350 0.786772 0.775439 0.785459 0.775457 0.783762 0.775737 0.781938 0.776237 0.780261 0.776882 0.778985 0.777575
0 0.540203 0.913442 0.540576 0.920513 0.540905 0.921313 0.541736 0.922481 0.542944 0.923840 0.544343 0.925181 0.545719 0.926298 0.546860 0.927020 0.552785 0.928956 0.565666 0.914416 0.564915 0.909679 0.552937 0.899068
0 0.852423 0.834283 0.856497 0.838148 0.872683 0.838394 0.872978 0.818972 0.867668 0.813670 0.866816 0.813251 0.865363 0.812885 0.863529 0.812628 0.861593 0.812519 0.859846 0.812572 0.858552 0.812782 0.852715 0.815083
0 0.050102 0.744349 0.057827 0.758574 0.074897 0.749304 0.079756 0.746455 0.079162 0.741579 0.078730 0.740027 0.077962 0.738346 0.076972 0.736789 0.075911 0.735593 0.072120 0.732392 0.066595 0.735392 0.057148 0.740522
0 0.182667 0.709394 0.187365 0.712179 0.188060 0.712505 0.189392 0.712797 0.191158 0.713008 0.193086 0.713108 0.194881 0.713080 0.196267 0.712929 0.197034 0.712679 0.202240 0.708344 0.203852 0.689209 0.187907 0.687865 0.184298 0.690038
0 0.350840 0.655981 0.350914 0.657177 0.351164 0.658824 0.351552 0.660670 0.352017 0.662432 0.352490 0.663838 0.352896 0.664674 0.356419 0.668126 0.375322 0.663654 0.376747 0.661783 0.373063 0.646211 0.354376 0.650632 0.352692 0.652373 0.350952 0.655417
0 0.165400 0.897329 0.177956 0.912150 0.190307 0.901686 0.193847 0.897095 0.181434 0.882443 0.175085 0.883844 0.174651 0.884090 0.173702 0.884813 0.172382 0.885903 0.170891 0.887195 0.169454 0.888493 0.168287 0.889603 0.167569 0.890355 0.167410 0.890633
0 0.709711 0.612714 0.724205 0.625311 0.726797 0.626760 0.737416 0.614542 0.722755 0.601800 0.720209 0.600636 0.716782 0.601400 0.716255 0.601544 0.715329 0.602218 0.714144 0.603321 0.712880 0.604684 0.711728 0.606101 0.710861 0.607360 0.710410 0.608269
0 0.013509 0.050886 0.019069 0.056020 0.037340 0.061928 0.041304 0.055979 0.041991 0.054343 0.042438 0.052474 0.042577 0.050653 0.042264 0.046702 0.036972 0.041461 0.018489 0.035484
0 0.920929 0.389922 0.921130 0.395179 0.921463 0.396678 0.922116 0.398381 0.922991 0.400031 0.923954 0.401378 0.924861 0.402219 0.927563 0.404485 0.932507 0.403380 0.950183 0.395327 0.943472 0.380596 0.938403 0.381961
0 0.159091 0.948412 0.159211 0.950372 0.159510 0.952095 0.159943 0.953316 0.162756 0.959066 0.182056 0.956869 0.185690 0.951647 0.183880 0.935747 0.164800 0.937919 0.159840 0.944021 0.159432 0.944974 0.159168 0.946515
