0 0.507217 0.375124 0.507263 0.376590 0.507452 0.377492 0.507755 0.377695 0.525546 0.382936 0.529644 0.381786 0.530104 0.381077 0.530587 0.379508 0.531020 0.377318 0.531338 0.374836 0.531494 0.372438 0.531463 0.370482 0.531249 0.369268 0.530885 0.368982 0.527088 0.366938 0.508655 0.368115 0.508284 0.368631 0.507899 0.369800 0.507562 0.371447 0.507322 0.373317
0 0.604989 0.780813 0.605109 0.781933 0.605486 0.783520 0.606064 0.785330 0.606754 0.787085 0.607449 0.788516 0.608044 0.789403 0.608447 0.789613 0.626790 0.786687 0.629990 0.783820 0.630153 0.783164 0.629953 0.781669 0.629421 0.779562 0.628639 0.777163 0.627724 0.774835 0.626814 0.772926 0.626047 0.771726 0.625539 0.771417 0.621236 0.771188 0.605145 0.780326
0 0.251528 0.726867 0.251726 0.728085 0.252120 0.730036 0.252652 0.732422 0.253239 0.734877 0.253791 0.737021 0.254223 0.738527 0.254469 0.739163 0.258813 0.739701 0.276333 0.731786 0.276321 0.731554 0.276144 0.730641 0.275828 0.729189 0.275421 0.727418 0.274985 0.725596 0.274586 0.723998 0.274284 0.722865 0.274125 0.722370 0.255166 0.723963 0.251556 0.726565
0 0.609770 0.541906 0.609990 0.544248 0.610413 0.546077 0.610977 0.547115 0.614796 0.548685 0.615579 0.548796 0.633400 0.545639 0.633861 0.544976 0.634219 0.543687 0.634421 0.541968 0.634434 0.540082 0.634256 0.538320 0.633915 0.536951 0.633464 0.536185 0.615686 0.532997 0.614904 0.532921 0.611063 0.534495 0.610485 0.535395 0.610038 0.537120 0.609787 0.539405
0 0.524223 0.765382 0.524673 0.765863 0.525814 0.766892 0.527471 0.768313 0.529395 0.769912 0.531296 0.771449 0.532888 0.772691 0.533929 0.773450 0.534259 0.773609 0.538036 0.771454 0.547087 0.754792 0.546777 0.754418 0.545938 0.753633 0.544699 0.752554 0.543249 0.751349 0.541811 0.750202 0.540605 0.749288 0.539816 0.748748 0.539562 0.748662 0.525492 0.761182
0 0.044001 0.097316 0.044494 0.098311 0.045593 0.099937 0.047128 0.101946 0.048868 0.104034 0.050549 0.105886 0.051920 0.107225 0.052773 0.107848 0.056981 0.106714 0.057246 0.106474 0.069462 0.092546 0.069126 0.091794 0.068331 0.090565 0.067196 0.089043 0.065896 0.087463 0.064628 0.086066 0.063589 0.085068 0.062937 0.084621 0.046281 0.093280 0.046038 0.093548
0 0.773650 0.419531 0.773932 0.421227 0.774571 0.422116 0.777896 0.424492 0.795958 0.425173 0.796660 0.425136 0.797453 0.424396 0.798216 0.423063 0.798832 0.421340 0.799206 0.419492 0.799281 0.417802 0.799045 0.416530 0.798535 0.415870 0.782164 0.408944 0.781024 0.409041 0.777076 0.409746 0.776052 0.410757 0.775065 0.412545 0.774263 0.414837 0.773767 0.417289
0 0.462563 0.793831 0.463146 0.794647 0.464353 0.795458 0.465998 0.796140 0.467829 0.796588 0.469566 0.796734 0.470941 0.796556 0.471746 0.796080 0.479056 0.779986 0.479229 0.778856 0.478611 0.774878 0.477808 0.773824 0.476188 0.772773 0.473998 0.771883 0.471568 0.771288 0.469264 0.771077 0.467433 0.771283 0.466353 0.771876 0.463916 0.775106 0.463710 0.776228
0 0.084048 0.306865 0.084399 0.308420 0.085129 0.310159 0.086125 0.311814 0.087235 0.313132 0.088287 0.313911 0.089123 0.314034 0.106511 0.309521 0.109231 0.306419 0.109856 0.305699 0.109931 0.304193 0.109448 0.302132 0.108480 0.299825 0.107173 0.297620 0.105722 0.295849 0.104347 0.294781 0.103257 0.294581 0.099040 0.294735 0.084629 0.305192 0.084129 0.305731
0 0.053400 0.317308 0.054585 0.321544 0.068907 0.334874 0.069292 0.334835 0.070230 0.334381 0.071577 0.333580 0.073127 0.332555 0.074648 0.331461 0.075908 0.330462 0.076719 0.329711 0.076956 0.329320 0.068056 0.312300 0.064187 0.309915 0.063661 0.309922 0.062393 0.310491 0.060571 0.311539 0.058474 0.312905 0.056426 0.314379 0.054741 0.315735 0.053680 0.316763
0 0.066476 0.041131 0.067556 0.045464 0.081529 0.059841 0.081904 0.060163 0.082842 0.060054 0.084199 0.059533 0.085769 0.058679 0.087315 0.057622 0.088605 0.056521 0.089442 0.055542 0.089698 0.054833 0.081227 0.037135 0.080599 0.036546 0.076913 0.033995 0.075645 0.034098 0.073810 0.034767 0.071687 0.035900 0.069604 0.037325 0.067881 0.038820 0.066783 0.040157
0 0.243076 0.820656 0.244288 0.824740 0.258337 0.836489 0.258793 0.836704 0.259768 0.836401 0.261114 0.835626 0.262624 0.834496 0.264067 0.833186 0.265220 0.831897 0.265908 0.830826 0.266028 0.830136 0.257161 0.814159 0.253384 0.812193 0.252785 0.811946 0.251497 0.812380 0.249717 0.813424 0.247714 0.814923 0.245788 0.816649 0.244231 0.818344 0.243277 0.819752
0 0.922025 0.096905 0.922311 0.101311 0.922377 0.101521 0.933528 0.116476 0.934260 0.116241 0.935561 0.115663 0.937235 0.114828 0.939025 0.113863 0.940657 0.112917 0.941879 0.112135 0.942505 0.111637 0.937343 0.093365 0.937246 0.093171 0.933975 0.090376 0.932997 0.090734 0.931267 0.091546 0.929049 0.092685 0.926680 0.093980 0.924515 0.095235 0.922881 0.096261
0 0.382501 0.779048 0.382658 0.782207 0.384013 0.785066 0.386358 0.787189 0.389338 0.788253 0.392497 0.788096 0.395356 0.786741 0.397479 0.784396 0.398543 0.781416 0.398386 0.778257 0.397031 0.775398 0.395815 0.773686 0.394426 0.772429 0.392662 0.771799 0.390791 0.771892 0.388547 0.772368 0.385688 0.773723 0.383565 0.776068
0 0.730760 0.452946 0.730828 0.453092 0.731368 0.453769 0.732298 0.454873 0.733478 0.456236 0.734725 0.457650 0.735849 0.458897 0.736677 0.459786 0.737083 0.460182 0.753420 0.450433 0.755458 0.446573 0.755324 0.446388 0.754565 0.445499 0.753300 0.444043 0.751721 0.442241 0.750066 0.440365 0.748584 0.438698 0.747498 0.437489 0.746974 0.436925 0.742826 0.438373
0 0.836299 0.795770 0.836773 0.796957 0.837889 0.798644 0.839476 0.800577 0.841298 0.802465 0.843079 0.804023 0.844551 0.805015 0.845488 0.805287 0.849508 0.803874 0.860570 0.789136 0.860781 0.788748 0.860447 0.787848 0.859618 0.786571 0.858421 0.785114 0.857040 0.783701 0.855687 0.782548 0.854569 0.781831 0.853856 0.781658 0.838323 0.791357 0.838018 0.791996
0 0.200006 0.862926 0.207893 0.880147 0.211539 0.882445 0.212308 0.882102 0.213773 0.881196 0.215707 0.879866 0.217819 0.878314 0.219791 0.876774 0.221325 0.875477 0.222191 0.874619 0.222254 0.874332 0.221286 0.870018 0.208038 0.856882 0.207457 0.857106 0.206351 0.857756 0.204887 0.858735 0.203290 0.859894 0.201804 0.861055 0.200658 0.862040 0.200026 0.862697
0 0.769630 0.189590 0.786943 0.196939 0.791335 0.196242 0.791489 0.195916 0.791883 0.194668 0.792454 0.192688 0.793118 0.190277 0.793774 0.187795 0.794323 0.185618 0.794683 0.184074 0.794797 0.183402 0.791260 0.180895 0.772190 0.179979 0.772050 0.180204 0.771736 0.181129 0.771295 0.182614 0.770795 0.184432 0.770312 0.186303 0.769921 0.187941 0.769682 0.189094
0 0.055339 0.884735 0.064175 0.901018 0.064525 0.901378 0.068321 0.903328 0.069374 0.902922 0.071041 0.901891 0.073068 0.900393 0.075148 0.898655 0.076969 0.896939 0.078256 0.895504 0.078815 0.894566 0.077644 0.890445 0.077322 0.890064 0.063236 0.878216 0.062440 0.878487 0.061179 0.879231 0.059644 0.880338 0.058069 0.881638 0.056697 0.882931 0.055738 0.884019
0 0.914990 0.520342 0.915376 0.520639 0.916350 0.521287 0.917766 0.522187 0.919407 0.523202 0.921021 0.524177 0.922361 0.524961 0.923221 0.525434 0.923471 0.525526 0.936689 0.511683 0.937530 0.507425 0.936975 0.507051 0.935643 0.506211 0.933739 0.505034 0.931551 0.503698 0.929410 0.502405 0.927636 0.501349 0.926498 0.500690 0.926169 0.500528 0.922500 0.503059
0 0.379765 0.898308 0.392925 0.911935 0.397131 0.912918 0.397667 0.912418 0.398684 0.911155 0.400027 0.909322 0.401491 0.907198 0.402858 0.905103 0.403920 0.903351 0.404519 0.902208 0.404561 0.901847 0.402215 0.898109 0.385346 0.890045 0.384929 0.890389 0.384149 0.891311 0.383125 0.892672 0.382012 0.894265 0.380982 0.895844 0.380193 0.897168 0.379766 0.898033
0 0.640360 0.272849 0.640367 0.272899 0.640943 0.273383 0.641999 0.274224 0.643374 0.275296 0.644860 0.276436 0.646233 0.277473 0.647286 0.278249 0.647858 0.278646 0.661778 0.265631 0.661814 0.265531 0.663052 0.261315 0.662315 0.260647 0.660921 0.259498 0.659081 0.258044 0.657079 0.256508 0.655222 0.255127 0.653797 0.254113 0.653020 0.253620 0.649278 0.255914
0 0.493227 0.157858 0.500950 0.175351 0.501569 0.175282 0.502792 0.175031 0.504433 0.174637 0.506245 0.174159 0.507953 0.173669 0.509299 0.173242 0.510080 0.172941 0.510173 0.172814 0.508623 0.153580 0.506070 0.150002 0.505248 0.150053 0.503606 0.150359 0.501396 0.150873 0.498955 0.151517 0.496661 0.152191 0.494867 0.152792 0.493846 0.153228 0.493749 0.153433
0 0.376053 0.607935 0.376248 0.608211 0.379899 0.610545 0.398590 0.610834 0.398898 0.610323 0.399292 0.609166 0.399713 0.607540 0.400095 0.605693 0.400380 0.603910 0.400524 0.602464 0.400505 0.601575 0.400327 0.601377 0.382842 0.594757 0.378610 0.595576 0.378232 0.596281 0.377734 0.597835 0.377191 0.600000 0.376684 0.602450 0.376290 0.604816 0.376068 0.606742
0 0.487779 0.764844 0.494262 0.782789 0.497668 0.785524 0.498295 0.785164 0.499676 0.784357 0.501601 0.783224 0.503774 0.781940 0.505860 0.780703 0.507538 0.779703 0.508553 0.779092 0.508752 0.778963 0.508115 0.774600 0.496085 0.759963 0.495919 0.760034 0.495145 0.760467 0.493880 0.761197 0.492315 0.762111 0.490691 0.763070 0.489259 0.763927 0.488236 0.764550
0 0.706421 0.948516 0.706519 0.949717 0.707056 0.951630 0.707950 0.953966 0.709067 0.956375 0.710240 0.958493 0.711291 0.959999 0.712059 0.960662 0.716326 0.960579 0.731535 0.949939 0.731834 0.949712 0.731785 0.948809 0.731393 0.947366 0.730719 0.945605 0.729866 0.943796 0.728966 0.942217 0.728156 0.941108 0.727559 0.940638 0.709721 0.945027 0.709268 0.945414
0 0.479039 0.826845 0.479330 0.828214 0.479907 0.830240 0.480682 0.832619 0.481538 0.834992 0.482347 0.837003 0.482986 0.838345 0.483358 0.838813 0.487677 0.838980 0.503951 0.829474 0.504010 0.829101 0.503814 0.828073 0.503392 0.826545 0.502808 0.824752 0.502152 0.822969 0.501525 0.821470 0.501022 0.820484 0.500721 0.820158 0.482320 0.823405 0.479077 0.826344
0 0.885178 0.658805 0.886135 0.663078 0.886356 0.663401 0.887536 0.663874 0.889494 0.664424 0.891935 0.664970 0.894492 0.665429 0.896779 0.665732 0.898450 0.665832 0.899249 0.665713 0.901564 0.662088 0.901371 0.643298 0.901224 0.643031 0.900349 0.642656 0.898879 0.642230 0.897039 0.641819 0.895112 0.641485 0.893393 0.641280 0.892145 0.641235 0.891557 0.641356
0 0.453711 0.151459 0.453977 0.153045 0.454738 0.155128 0.455880 0.157393 0.457230 0.159499 0.458585 0.161130 0.459741 0.162038 0.460522 0.162085 0.464691 0.161541 0.478457 0.149620 0.478695 0.148986 0.478526 0.147791 0.477976 0.146218 0.477127 0.144506 0.476109 0.142918 0.475080 0.141699 0.474196 0.141035 0.473593 0.141026 0.456532 0.147205 0.453986 0.150614
0 0.578840 0.488756 0.580811 0.492506 0.581669 0.492822 0.583357 0.492972 0.585618 0.492934 0.588110 0.492714 0.590459 0.492346 0.592310 0.491884 0.593383 0.491398 0.593510 0.490962 0.594707 0.486818 0.589726 0.469092 0.589092 0.468826 0.587828 0.468691 0.586126 0.468707 0.584248 0.468873 0.582481 0.469162 0.581098 0.469531 0.580308 0.469922 0.580230 0.470276
0 0.200618 0.150172 0.202213 0.154311 0.202518 0.154682 0.217623 0.166788 0.218306 0.166498 0.219405 0.165757 0.220753 0.164678 0.222145 0.163425 0.223372 0.162187 0.224249 0.161150 0.224642 0.160473 0.214237 0.144136 0.213957 0.143742 0.210016 0.141715 0.209086 0.142063 0.207595 0.143030 0.205772 0.144468 0.203896 0.146156 0.202256 0.147835 0.201106 0.149245
0 0.552536 0.134244 0.552555 0.136130 0.552666 0.138055 0.552854 0.139723 0.553088 0.140882 0.553334 0.141354 0.571785 0.143689 0.575731 0.141822 0.575988 0.141444 0.576173 0.140119 0.576260 0.138050 0.576236 0.135548 0.576103 0.132992 0.575883 0.130764 0.575608 0.129203 0.575319 0.128550 0.571261 0.127107 0.552996 0.131428 0.552775 0.131699 0.552614 0.132688
0 0.056614 0.623686 0.058287 0.642222 0.060963 0.645560 0.061876 0.645702 0.063624 0.645523 0.065940 0.645053 0.068472 0.644364 0.070840 0.643558 0.072688 0.642758 0.073736 0.642083 0.073823 0.641637 0.074356 0.637329 0.066240 0.620780 0.065563 0.620641 0.064254 0.620744 0.062511 0.621074 0.060601 0.621582 0.058816 0.622190 0.057431 0.622803 0.056658 0.623329
0 0.860299 0.202731 0.860320 0.203113 0.860996 0.207433 0.873360 0.221198 0.874034 0.221089 0.875251 0.220578 0.876826 0.219741 0.878519 0.218707 0.880069 0.217633 0.881238 0.216685 0.881848 0.216008 0.881806 0.215705 0.875084 0.198223 0.871592 0.195736 0.870695 0.195926 0.869081 0.196648 0.866997 0.197789 0.864758 0.199176 0.862701 0.200601 0.861136 0.201848
0 0.517260 0.091463 0.517431 0.091754 0.518156 0.092463 0.519321 0.093480 0.520751 0.094653 0.522230 0.095803 0.523534 0.096757 0.524466 0.097371 0.524885 0.097551 0.538669 0.084304 0.539852 0.079956 0.539663 0.079546 0.538727 0.078574 0.537184 0.077187 0.535269 0.075597 0.533277 0.074047 0.531515 0.072778 0.530253 0.071983 0.529683 0.071784 0.525958 0.074102
0 0.637071 0.976664 0.637606 0.977202 0.638799 0.978367 0.640469 0.979984 0.642362 0.981805 0.644186 0.983549 0.645659 0.984949 0.646557 0.985789 0.646743 0.985942 0.650627 0.983999 0.660465 0.967448 0.660343 0.967311 0.659685 0.966666 0.658591 0.965611 0.657228 0.964308 0.655806 0.962956 0.654543 0.961764 0.653632 0.960913 0.653211 0.960532 0.638537 0.972415
0 0.330003 0.648219 0.330048 0.651383 0.331300 0.654288 0.333568 0.656493 0.336507 0.657662 0.339671 0.657617 0.342576 0.656366 0.344781 0.654097 0.345950 0.651158 0.345905 0.647994 0.344654 0.645089 0.342385 0.642884 0.339446 0.641715 0.336283 0.641760 0.333377 0.643012 0.331172 0.645280
0 0.576150 0.666110 0.577649 0.670189 0.578468 0.670333 0.580129 0.670477 0.582379 0.670601 0.584879 0.670685 0.587253 0.670716 0.589144 0.670691 0.590263 0.670612 0.590438 0.670491 0.592128 0.666479 0.589340 0.647833 0.588739 0.647698 0.587498 0.647568 0.585806 0.647463 0.583921 0.647400 0.582134 0.647388 0.580719 0.647428 0.579891 0.647516 0.579774 0.647637
0 0.282858 0.668521 0.288262 0.685807 0.288747 0.686259 0.289897 0.686532 0.291536 0.686586 0.293413 0.686410 0.295240 0.686032 0.296737 0.685511 0.297675 0.684926 0.297914 0.684367 0.298985 0.666154 0.296907 0.662524 0.296248 0.661961 0.294712 0.661627 0.292534 0.661573 0.290044 0.661807 0.287615 0.662292 0.285613 0.662956 0.284342 0.663700 0.283999 0.664411
0 0.145440 0.537762 0.145685 0.539018 0.146401 0.540537 0.147479 0.542084 0.148753 0.543422 0.150027 0.544346 0.151106 0.544716 0.151827 0.544476 0.168047 0.536666 0.170120 0.533161 0.170429 0.532098 0.170073 0.530436 0.169106 0.528427 0.167677 0.526374 0.165998 0.524587 0.164324 0.523333 0.162906 0.522806 0.159036 0.523731 0.157847 0.524085 0.145702 0.536958
