0 0.374870 0.317786 0.375482 0.322013 0.375609 0.322739 0.376661 0.323621 0.378475 0.324524 0.380774 0.325314 0.383213 0.325870 0.385424 0.326110 0.387075 0.325997 0.387913 0.325546 0.390399 0.322209 0.391596 0.303988 0.391522 0.303421 0.390751 0.302734 0.389399 0.302034 0.387671 0.301428 0.385832 0.301009 0.384166 0.300841 0.382927 0.300949 0.382305 0.301318
0 0.055007 0.641830 0.055183 0.643660 0.055619 0.645975 0.056248 0.648419 0.056973 0.650616 0.057683 0.652227 0.058268 0.653007 0.062673 0.653494 0.080587 0.645520 0.080836 0.645407 0.080887 0.644607 0.080732 0.643245 0.080395 0.641527 0.079928 0.639712 0.079401 0.638076 0.078894 0.636865 0.078483 0.636263 0.059199 0.638020 0.058735 0.638193 0.055117 0.640763
0 0.533449 0.790634 0.533536 0.791805 0.537076 0.809048 0.537849 0.809700 0.539222 0.810179 0.540986 0.810413 0.542871 0.810363 0.544587 0.810038 0.545871 0.809489 0.546527 0.808800 0.549330 0.791390 0.549208 0.790220 0.547562 0.786556 0.546517 0.785725 0.544682 0.785118 0.542338 0.784825 0.539837 0.784891 0.537556 0.785305 0.535839 0.786005 0.534946 0.786887
0 0.700206 0.882892 0.701355 0.887257 0.701771 0.887524 0.703112 0.887908 0.705175 0.888351 0.707646 0.888784 0.710145 0.889142 0.712285 0.889368 0.713739 0.889428 0.714287 0.889315 0.716364 0.885454 0.715234 0.866057 0.714904 0.865886 0.713890 0.865626 0.712346 0.865318 0.710509 0.865008 0.708655 0.864742 0.707063 0.864562 0.705976 0.864494 0.705557 0.864548
0 0.545856 0.777216 0.546059 0.777760 0.546849 0.778996 0.548103 0.780735 0.549633 0.782714 0.551208 0.784636 0.552592 0.786211 0.553574 0.787201 0.554004 0.787452 0.558138 0.786166 0.570383 0.771837 0.570261 0.771422 0.569689 0.770486 0.568755 0.769171 0.567602 0.767679 0.566407 0.766239 0.565353 0.765073 0.564602 0.764357 0.564266 0.764200 0.547952 0.773384
0 0.296544 0.608343 0.300555 0.626489 0.303593 0.629546 0.304113 0.629702 0.305466 0.629453 0.307445 0.628839 0.309749 0.627952 0.312031 0.626927 0.313948 0.625919 0.315211 0.625078 0.315626 0.624533 0.315593 0.620234 0.305555 0.604621 0.305169 0.604471 0.304153 0.604627 0.302662 0.605066 0.300923 0.605722 0.299202 0.606495 0.297766 0.607265 0.296832 0.607914
0 0.429807 0.125512 0.432675 0.128909 0.450611 0.134780 0.450830 0.134435 0.451349 0.133468 0.452090 0.132025 0.452940 0.130326 0.453769 0.128632 0.454449 0.127204 0.454875 0.126259 0.454984 0.125943 0.439943 0.114128 0.435619 0.113678 0.435353 0.114176 0.434687 0.115497 0.433723 0.117435 0.432608 0.119699 0.431509 0.121945 0.430591 0.123838 0.429993 0.125091
0 0.422166 0.900322 0.422287 0.901296 0.422577 0.901556 0.439957 0.908137 0.444137 0.907204 0.444654 0.906539 0.445256 0.904975 0.445851 0.902754 0.446349 0.900213 0.446677 0.897733 0.446784 0.895688 0.446654 0.894386 0.446306 0.894028 0.442675 0.891676 0.424228 0.891706 0.423814 0.892184 0.423337 0.893341 0.422868 0.895002 0.422481 0.896914 0.422234 0.898783
0 0.659372 0.766478 0.661092 0.770565 0.661373 0.770621 0.662599 0.770666 0.664583 0.770692 0.667026 0.770695 0.669550 0.770676 0.671766 0.770636 0.673334 0.770583 0.674016 0.770524 0.675520 0.766418 0.671762 0.747626 0.671537 0.747615 0.670613 0.747609 0.669130 0.747612 0.667315 0.747620 0.665442 0.747635 0.663793 0.747653 0.662618 0.747671 0.662095 0.747687
0 0.758294 0.108186 0.759931 0.111869 0.760455 0.112921 0.761891 0.113755 0.764020 0.114248 0.766520 0.114326 0.769016 0.113977 0.771132 0.113252 0.772546 0.112261 0.773041 0.111152 0.774674 0.107282 0.771359 0.090129 0.770979 0.089313 0.769908 0.088662 0.768307 0.088278 0.766422 0.088219 0.764543 0.088496 0.762958 0.089064 0.761908 0.089836 0.761552 0.090694
0 0.298627 0.114745 0.298646 0.115681 0.299245 0.117307 0.300330 0.119372 0.301736 0.121565 0.303251 0.123556 0.304647 0.125045 0.305714 0.125808 0.306289 0.125725 0.310490 0.124876 0.323479 0.111958 0.323497 0.111253 0.323077 0.110027 0.322283 0.108465 0.321234 0.106806 0.320092 0.105305 0.319032 0.104193 0.318217 0.103640 0.317771 0.103729 0.300924 0.111152
0 0.077132 0.291314 0.080294 0.294431 0.080737 0.294674 0.099501 0.299498 0.100011 0.298968 0.100712 0.297853 0.101497 0.296321 0.102249 0.294605 0.102854 0.292964 0.103220 0.291645 0.103291 0.290849 0.087065 0.280234 0.086635 0.279959 0.082207 0.279734 0.081494 0.280413 0.080528 0.281891 0.079455 0.283943 0.078442 0.286255 0.077645 0.288469 0.077185 0.290246
0 0.309697 0.738197 0.316463 0.755765 0.319937 0.758339 0.320485 0.758236 0.321793 0.757617 0.323660 0.756579 0.325802 0.755278 0.327897 0.753911 0.329631 0.752684 0.330740 0.751781 0.331056 0.751340 0.330360 0.747029 0.318029 0.732988 0.317616 0.733031 0.316630 0.733465 0.315219 0.734224 0.313600 0.735194 0.312021 0.736224 0.310724 0.737157 0.309908 0.737850
0 0.664950 0.047878 0.665511 0.048293 0.666699 0.048772 0.668332 0.049240 0.670165 0.049628 0.671920 0.049878 0.673332 0.049950 0.674187 0.049835 0.674353 0.049548 0.681671 0.031240 0.681007 0.026853 0.680280 0.026261 0.678700 0.025590 0.676508 0.024942 0.674039 0.024419 0.671674 0.024101 0.669778 0.024035 0.668639 0.024232 0.666215 0.027965 0.665957 0.028492
0 0.866571 0.692984 0.866581 0.694476 0.867151 0.696512 0.868194 0.698786 0.869552 0.700955 0.871023 0.702693 0.872384 0.703735 0.873428 0.703920 0.877645 0.703625 0.891786 0.692670 0.892231 0.692130 0.892248 0.691005 0.891831 0.689468 0.891045 0.687754 0.890011 0.686127 0.888887 0.684835 0.887845 0.684077 0.887045 0.683964 0.869761 0.689066 0.867124 0.692263
0 0.687342 0.825855 0.688082 0.829749 0.688794 0.830917 0.701009 0.843305 0.702017 0.843566 0.703438 0.843331 0.705055 0.842634 0.706619 0.841581 0.707892 0.840336 0.708677 0.839088 0.708855 0.838029 0.701905 0.822101 0.701164 0.820952 0.697815 0.818813 0.696479 0.818505 0.694599 0.818849 0.692460 0.819790 0.690384 0.821186 0.688683 0.822827 0.687615 0.824465
0 0.568238 0.754703 0.578640 0.770718 0.582578 0.772617 0.583143 0.772115 0.584334 0.771011 0.585970 0.769470 0.587799 0.767732 0.589540 0.766062 0.590924 0.764718 0.591742 0.763906 0.591870 0.763746 0.590255 0.759641 0.575209 0.748090 0.575091 0.748189 0.574460 0.748777 0.573410 0.749766 0.572101 0.751005 0.570734 0.752304 0.569520 0.753464 0.568643 0.754306
0 0.128815 0.616571 0.129165 0.617165 0.130174 0.618358 0.131688 0.619970 0.133476 0.621751 0.135261 0.623428 0.136769 0.624743 0.137770 0.625496 0.138113 0.625573 0.142243 0.623830 0.153562 0.608430 0.153271 0.607998 0.152499 0.607119 0.151364 0.605929 0.150038 0.604607 0.148719 0.603352 0.147609 0.602354 0.146875 0.601765 0.146630 0.601675 0.130633 0.612576
0 0.831464 0.964773 0.831716 0.965643 0.832531 0.966874 0.833787 0.968280 0.835291 0.969643 0.836814 0.970756 0.838121 0.971447 0.839011 0.971610 0.852979 0.960308 0.853518 0.959683 0.854708 0.955622 0.854331 0.954476 0.853209 0.952856 0.851515 0.951007 0.849507 0.949209 0.847487 0.947733 0.845759 0.946800 0.844583 0.946553 0.840881 0.948342 0.840319 0.948940
0 0.767253 0.233151 0.767399 0.235648 0.767876 0.237769 0.768612 0.239194 0.769497 0.239704 0.773301 0.241232 0.790893 0.237475 0.791595 0.237109 0.792201 0.236051 0.792621 0.234460 0.792789 0.232579 0.792678 0.230696 0.792306 0.229102 0.791731 0.228040 0.791040 0.227671 0.773507 0.224856 0.769654 0.226598 0.768756 0.227105 0.767985 0.228530 0.767458 0.230653
0 0.211593 0.481663 0.215200 0.499871 0.215566 0.500176 0.216627 0.500423 0.218223 0.500575 0.220108 0.500607 0.221994 0.500516 0.223589 0.500314 0.224652 0.500034 0.225022 0.499718 0.228001 0.481448 0.226300 0.477498 0.225794 0.477128 0.224372 0.476829 0.222250 0.476643 0.219749 0.476600 0.217244 0.476706 0.215114 0.476944 0.213681 0.477280 0.213167 0.477663
0 0.961352 0.149520 0.961659 0.151368 0.962649 0.152957 0.964173 0.154047 0.965998 0.154470 0.967846 0.154163 0.975223 0.152591 0.977908 0.150918 0.979747 0.148344 0.980463 0.145263 0.979944 0.142142 0.979816 0.141677 0.978474 0.139523 0.976409 0.138047 0.975697 0.137617 0.972616 0.136902 0.969495 0.137421 0.966810 0.139094 0.964971 0.141667 0.961775 0.147695
0 0.604706 0.878521 0.605247 0.879420 0.607759 0.882817 0.624429 0.888892 0.625216 0.888919 0.626239 0.888282 0.627344 0.887077 0.628359 0.885488 0.629129 0.883760 0.629537 0.882157 0.629520 0.880925 0.629083 0.880251 0.615566 0.868404 0.611502 0.867887 0.610476 0.867885 0.609135 0.868757 0.607681 0.870369 0.606335 0.872477 0.605296 0.874764 0.604724 0.876886
0 0.600258 0.574181 0.601228 0.577192 0.603275 0.579604 0.606090 0.581048 0.609243 0.581305 0.612254 0.580336 0.614666 0.578288 0.616110 0.575473 0.616367 0.572320 0.615398 0.569309 0.613350 0.566898 0.610536 0.565454 0.607383 0.565196 0.604371 0.566166 0.601960 0.568213 0.600516 0.571028
0 0.164549 0.590679 0.164565 0.591701 0.164775 0.593511 0.165146 0.595834 0.165621 0.598313 0.166128 0.600565 0.166588 0.602244 0.166931 0.603096 0.171267 0.603862 0.189331 0.597078 0.189432 0.597009 0.189389 0.596240 0.189210 0.594891 0.188922 0.593166 0.188569 0.591326 0.188204 0.589649 0.187882 0.588389 0.187652 0.587736 0.168504 0.588249 0.168289 0.588346
0 0.454763 0.091628 0.455385 0.093171 0.456699 0.094957 0.458505 0.096717 0.460531 0.098184 0.462471 0.099140 0.464035 0.099439 0.464984 0.099034 0.468578 0.097075 0.476818 0.081128 0.476973 0.080318 0.476533 0.079145 0.475564 0.077786 0.474212 0.076451 0.472685 0.075345 0.471217 0.074637 0.470034 0.074435 0.469316 0.074770 0.456024 0.086485 0.454932 0.090563
0 0.344259 0.061562 0.344650 0.061885 0.345592 0.062604 0.346941 0.063607 0.348491 0.064743 0.350010 0.065840 0.351267 0.066732 0.352073 0.067285 0.352304 0.067414 0.365328 0.053635 0.366245 0.049226 0.365761 0.048771 0.364530 0.047785 0.362739 0.046416 0.360661 0.044874 0.358614 0.043396 0.356917 0.042210 0.355827 0.041498 0.355511 0.041368 0.351913 0.043824
0 0.786368 0.942639 0.786790 0.943705 0.787798 0.945388 0.789241 0.947431 0.790901 0.949529 0.792530 0.951366 0.793879 0.952663 0.794745 0.953220 0.798865 0.952072 0.799181 0.951730 0.811250 0.937631 0.810956 0.936823 0.810208 0.935551 0.809121 0.934011 0.807860 0.932438 0.806621 0.931074 0.805593 0.930128 0.804931 0.929741 0.788682 0.938498 0.788389 0.938865
0 0.144054 0.138103 0.144446 0.139569 0.145187 0.141303 0.146163 0.143038 0.147223 0.144509 0.148206 0.145491 0.148962 0.145835 0.166429 0.140905 0.167085 0.140343 0.169692 0.137220 0.169682 0.135927 0.169144 0.133984 0.168161 0.131684 0.166881 0.129372 0.165495 0.127397 0.164212 0.126059 0.163229 0.125563 0.158997 0.125789 0.144491 0.136796 0.144070 0.137129
0 0.180665 0.307399 0.180680 0.308918 0.180777 0.311104 0.180942 0.313622 0.181149 0.316085 0.181366 0.318112 0.181561 0.319395 0.181702 0.319741 0.185929 0.321186 0.204536 0.317168 0.204559 0.316693 0.204526 0.315556 0.204441 0.313930 0.204319 0.312061 0.204177 0.310231 0.204036 0.308715 0.203919 0.307746 0.203843 0.307471 0.184729 0.304990 0.180734 0.306779
0 0.214076 0.844433 0.216343 0.848068 0.233295 0.855829 0.233642 0.855879 0.234390 0.855302 0.235425 0.854187 0.236588 0.852703 0.237700 0.851078 0.238591 0.849563 0.239126 0.848388 0.239222 0.847732 0.226277 0.834566 0.222033 0.833631 0.221589 0.833601 0.220610 0.834394 0.219247 0.835888 0.217704 0.837857 0.216214 0.840005 0.215001 0.842008 0.214249 0.843564
0 0.919706 0.592792 0.920299 0.594081 0.921624 0.595684 0.923482 0.597358 0.925594 0.598853 0.927641 0.599941 0.929315 0.600459 0.930359 0.600323 0.934112 0.598365 0.942736 0.582540 0.942939 0.581942 0.942515 0.580961 0.941527 0.579746 0.940126 0.578484 0.938528 0.577369 0.936978 0.576571 0.935713 0.576212 0.934925 0.576345 0.921089 0.587987 0.920796 0.588970
0 0.641084 0.709358 0.641646 0.710287 0.642694 0.711478 0.644068 0.712750 0.645557 0.713906 0.646933 0.714770 0.647985 0.715208 0.648552 0.715156 0.662578 0.703326 0.663839 0.699231 0.663809 0.698546 0.663024 0.697327 0.661605 0.695761 0.659770 0.694085 0.657794 0.692551 0.655974 0.691389 0.654586 0.690776 0.653840 0.690806 0.650089 0.692793 0.641091 0.708832
0 0.198911 0.450718 0.200833 0.454640 0.216968 0.464887 0.217328 0.464520 0.218140 0.463671 0.219279 0.462468 0.220573 0.461096 0.221821 0.459765 0.222832 0.458680 0.223453 0.458006 0.223589 0.457845 0.211923 0.442906 0.207792 0.441331 0.207581 0.441518 0.206725 0.442393 0.205352 0.443824 0.203670 0.445594 0.201939 0.447431 0.200426 0.449051 0.199362 0.450205
0 0.949394 0.277749 0.951388 0.281162 0.952075 0.281990 0.968397 0.289543 0.969284 0.289434 0.970492 0.288726 0.971838 0.287524 0.973116 0.286011 0.974128 0.284420 0.974720 0.282996 0.974801 0.281955 0.974361 0.281457 0.962005 0.268462 0.957882 0.267574 0.956717 0.267758 0.955130 0.268736 0.953361 0.270358 0.951679 0.272376 0.950336 0.274486 0.949533 0.276372
0 0.511481 0.235045 0.513338 0.239011 0.529055 0.249313 0.529330 0.249192 0.530064 0.248541 0.531147 0.247460 0.532414 0.246113 0.533670 0.244707 0.534722 0.243457 0.535409 0.242556 0.535627 0.242140 0.524286 0.227002 0.520238 0.225428 0.519887 0.225633 0.518925 0.226537 0.517500 0.228000 0.515829 0.229800 0.514163 0.231666 0.512752 0.233317 0.511810 0.234504
0 0.004123 0.237507 0.004151 0.256540 0.004173 0.256699 0.004948 0.257009 0.006358 0.257422 0.008189 0.257875 0.010158 0.258298 0.011963 0.258628 0.013329 0.258812 0.014048 0.258824 0.020648 0.241363 0.019719 0.237006 0.019665 0.236826 0.018616 0.236439 0.016736 0.235905 0.014307 0.235304 0.011696 0.234726 0.009295 0.234259 0.007468 0.233973 0.006494 0.233912
0 0.771395 0.778465 0.771502 0.779024 0.772035 0.780116 0.772915 0.781577 0.774007 0.783183 0.775143 0.784688 0.776150 0.785860 0.776873 0.786520 0.777201 0.786568 0.794332 0.778909 0.796667 0.775295 0.796479 0.774555 0.795729 0.773108 0.794531 0.771176 0.793068 0.769052 0.791560 0.767056 0.790234 0.765488 0.789289 0.764584 0.788871 0.764484 0.784599 0.765396
0 0.105131 0.786071 0.105299 0.787579 0.105946 0.789251 0.106973 0.790833 0.108224 0.792079 0.109504 0.792800 0.110619 0.792886 0.126525 0.786422 0.127792 0.785503 0.129949 0.782249 0.130357 0.780773 0.130103 0.778777 0.129228 0.776563 0.127865 0.774466 0.126218 0.772800 0.124536 0.771816 0.123072 0.771667 0.119201 0.772284 0.117915 0.773174 0.105467 0.784958
0 0.581145 0.840934 0.581446 0.842102 0.582148 0.843621 0.583145 0.845258 0.584283 0.846761 0.585388 0.847900 0.586291 0.848501 0.586853 0.848472 0.603466 0.840959 0.605746 0.837360 0.605896 0.836509 0.605455 0.834961 0.604493 0.832953 0.603156 0.830790 0.601645 0.828795 0.600189 0.827270 0.599007 0.826445 0.598277 0.826447 0.594140 0.827320 0.581289 0.840293
