0 0.427863 0.719878 0.427914 0.721764 0.428120 0.723388 0.428448 0.724504 0.428847 0.724941 0.446893 0.728200 0.450858 0.726569 0.451367 0.726158 0.451809 0.724820 0.452118 0.722762 0.452248 0.720298 0.452179 0.717797 0.451922 0.715636 0.451516 0.714142 0.451020 0.713541 0.447104 0.711923 0.428998 0.715196 0.428587 0.715490 0.428227 0.716482 0.427973 0.718023
0 0.103894 0.245785 0.104286 0.246522 0.105301 0.247903 0.106782 0.249715 0.108505 0.251684 0.110211 0.253514 0.111643 0.254929 0.112584 0.255716 0.112892 0.255754 0.117098 0.254414 0.129013 0.240073 0.128753 0.239513 0.128021 0.238467 0.126927 0.237094 0.125638 0.235604 0.124353 0.234224 0.123267 0.233168 0.122549 0.232598 0.122306 0.232598 0.105864 0.241953
0 0.066239 0.353773 0.075353 0.370729 0.075830 0.370596 0.076959 0.370278 0.078569 0.369824 0.082216 0.368793 0.083704 0.368371 0.084652 0.368102 0.084914 0.368026 0.082222 0.349298 0.079346 0.345858 0.078715 0.345992 0.077203 0.346379 0.075037 0.346960 0.072549 0.347646 0.070120 0.348333 0.068127 0.348914 0.066873 0.349300 0.066551 0.349433
0 0.284470 0.820535 0.290933 0.837094 0.291433 0.837686 0.292588 0.838020 0.294222 0.838045 0.296086 0.837756 0.297891 0.837198 0.299363 0.836457 0.300275 0.835646 0.300491 0.834891 0.300444 0.816893 0.298145 0.813492 0.297468 0.812743 0.295926 0.812330 0.293755 0.812315 0.291284 0.812698 0.288882 0.813422 0.286912 0.814379 0.285674 0.815425 0.285358 0.816401
0 0.005218 0.761432 0.006867 0.765410 0.022640 0.776047 0.022787 0.776121 0.023479 0.775654 0.024613 0.774718 0.026014 0.773456 0.027467 0.772061 0.028749 0.770749 0.029665 0.769719 0.030075 0.769128 0.019316 0.753880 0.015187 0.752209 0.015004 0.752150 0.014094 0.752800 0.012596 0.754057 0.010738 0.755731 0.008797 0.757572 0.007067 0.759300 0.005810 0.760657
0 0.759211 0.134687 0.759304 0.136558 0.760105 0.138251 0.761494 0.139508 0.763257 0.140139 0.765128 0.140046 0.769449 0.138397 0.772308 0.137044 0.774432 0.134699 0.775497 0.131720 0.775340 0.128560 0.773986 0.125701 0.771641 0.123577 0.768662 0.122513 0.765503 0.122669 0.762643 0.124023 0.760520 0.126368 0.759455 0.129347
0 0.590965 0.539078 0.591007 0.539901 0.591268 0.541278 0.591707 0.543001 0.592257 0.544804 0.592835 0.546411 0.593351 0.547576 0.593726 0.548120 0.612264 0.545969 0.615680 0.543294 0.615879 0.543094 0.615782 0.541993 0.615406 0.540160 0.614807 0.537876 0.614077 0.535483 0.613324 0.533342 0.612663 0.531776 0.612193 0.531024 0.607916 0.530635 0.591147 0.538934
0 0.853317 0.597943 0.853921 0.602214 0.854146 0.602702 0.855308 0.603380 0.857230 0.604145 0.859620 0.604881 0.862120 0.605479 0.864354 0.605848 0.865982 0.605931 0.866755 0.605714 0.869353 0.602307 0.870691 0.583803 0.870542 0.583413 0.869683 0.582885 0.868241 0.582298 0.866440 0.581743 0.864554 0.581305 0.862873 0.581050 0.861656 0.581018 0.861084 0.581213
0 0.800530 0.540345 0.807970 0.557037 0.808463 0.557417 0.809613 0.557575 0.811247 0.557485 0.813115 0.557160 0.814931 0.556651 0.816415 0.556035 0.817340 0.555407 0.817566 0.554863 0.816550 0.536675 0.814025 0.533238 0.813356 0.532772 0.811817 0.532603 0.809644 0.532754 0.807166 0.533201 0.804758 0.533877 0.802780 0.534680 0.801532 0.535489 0.801204 0.536182
0 0.215807 0.567342 0.218621 0.570667 0.236711 0.576570 0.236995 0.576177 0.237595 0.575194 0.238418 0.573771 0.239339 0.572125 0.240216 0.570510 0.240914 0.569173 0.241327 0.568318 0.241393 0.568074 0.226479 0.556495 0.222103 0.556002 0.221747 0.556559 0.220970 0.557888 0.219889 0.559788 0.218668 0.561971 0.217490 0.564110 0.216532 0.565882 0.215941 0.567017
0 0.269307 0.138835 0.269523 0.140524 0.269973 0.141722 0.270589 0.142249 0.287728 0.147769 0.291698 0.146616 0.292581 0.146311 0.293427 0.145056 0.294109 0.143044 0.294526 0.140577 0.294613 0.138027 0.294357 0.135778 0.293797 0.134171 0.293015 0.133452 0.289365 0.131322 0.271546 0.132400 0.270858 0.132611 0.270200 0.133543 0.269674 0.135054 0.269360 0.136914
0 0.493947 0.263467 0.496362 0.267090 0.513409 0.274867 0.513691 0.274742 0.514346 0.274023 0.515275 0.272818 0.516337 0.271310 0.517368 0.269731 0.518209 0.268323 0.518733 0.267303 0.518859 0.266825 0.505433 0.253633 0.501201 0.252692 0.500846 0.252898 0.499995 0.253891 0.498779 0.255516 0.497381 0.257528 0.496014 0.259623 0.494882 0.261486 0.494156 0.262836
0 0.415709 0.335109 0.418493 0.338440 0.436293 0.344460 0.436489 0.344401 0.437005 0.343709 0.437765 0.342488 0.438652 0.340923 0.439530 0.339254 0.440264 0.337738 0.440742 0.336607 0.440891 0.336034 0.426137 0.324347 0.421821 0.323825 0.421585 0.323940 0.420922 0.324894 0.419933 0.326540 0.418769 0.328627 0.417604 0.330841 0.416614 0.332848 0.415948 0.334347
0 0.375161 0.711805 0.375339 0.712319 0.378645 0.715086 0.397099 0.717532 0.397487 0.717214 0.398043 0.716234 0.398683 0.714740 0.399307 0.712960 0.399819 0.711169 0.400143 0.709641 0.400227 0.708609 0.400061 0.708229 0.383632 0.699559 0.379338 0.699894 0.378849 0.700346 0.378134 0.701668 0.377299 0.703661 0.376471 0.706021 0.375775 0.708396 0.375315 0.710426
0 0.700243 0.403880 0.709462 0.420057 0.713269 0.422098 0.713914 0.421938 0.715222 0.421174 0.716992 0.419924 0.718957 0.418376 0.720822 0.416764 0.722306 0.415329 0.723183 0.414289 0.723317 0.413805 0.722011 0.409690 0.707740 0.397655 0.707248 0.397745 0.706257 0.398297 0.704919 0.399228 0.703437 0.400395 0.702041 0.401618 0.700944 0.402710 0.700313 0.403504
0 0.426967 0.861918 0.427200 0.862341 0.427913 0.863560 0.428998 0.865391 0.430290 0.867554 0.431590 0.869718 0.432697 0.871547 0.433442 0.872762 0.433711 0.873178 0.437991 0.872363 0.452054 0.859345 0.451875 0.859017 0.451336 0.858097 0.450518 0.856723 0.449547 0.855107 0.448572 0.853496 0.447743 0.852139 0.447185 0.851241 0.446984 0.850939 0.429557 0.858299
0 0.510607 0.799384 0.511065 0.800389 0.512071 0.801585 0.513472 0.802788 0.515054 0.803815 0.516573 0.804507 0.517796 0.804759 0.518536 0.804533 0.531124 0.791839 0.531998 0.787680 0.532170 0.786817 0.531525 0.785500 0.530163 0.783931 0.528292 0.782346 0.526194 0.780984 0.524185 0.780049 0.522566 0.779684 0.521585 0.779945 0.518119 0.782167 0.510764 0.798723
0 0.417797 0.780997 0.417808 0.783504 0.417930 0.785641 0.418146 0.787083 0.418424 0.787608 0.422400 0.789277 0.440828 0.786103 0.441078 0.785745 0.441301 0.784691 0.441464 0.783100 0.441542 0.781216 0.441522 0.779328 0.441407 0.777727 0.441217 0.776656 0.440979 0.776278 0.422692 0.772865 0.418665 0.774472 0.418369 0.774967 0.418101 0.776382 0.417900 0.778498
0 0.774691 0.355722 0.774807 0.357942 0.775270 0.359558 0.776012 0.360324 0.779551 0.362379 0.797570 0.361308 0.798279 0.361156 0.799007 0.360298 0.799643 0.358864 0.800089 0.357070 0.800277 0.355194 0.800176 0.353523 0.799805 0.352313 0.799219 0.351748 0.782265 0.346406 0.781117 0.346692 0.777266 0.347765 0.776331 0.348929 0.775515 0.350848 0.774939 0.353233
0 0.588238 0.900338 0.588756 0.901266 0.591351 0.904599 0.608221 0.910229 0.608978 0.910266 0.609964 0.909628 0.611027 0.908409 0.612006 0.906798 0.612749 0.905040 0.613143 0.903406 0.613128 0.902146 0.612708 0.901451 0.598880 0.889957 0.594788 0.889549 0.593803 0.889533 0.592513 0.890407 0.591113 0.892036 0.589815 0.894174 0.588813 0.896501 0.588259 0.898664
0 0.632493 0.472226 0.632558 0.472963 0.632808 0.474282 0.633205 0.475984 0.633689 0.477806 0.634185 0.479470 0.634618 0.480719 0.634920 0.481364 0.653639 0.479707 0.653809 0.479618 0.657293 0.477074 0.657166 0.476086 0.656804 0.474329 0.656260 0.472072 0.655618 0.469654 0.654974 0.467439 0.654424 0.465762 0.654053 0.464877 0.649763 0.464381 0.649583 0.464437
0 0.211385 0.072825 0.211482 0.073724 0.211972 0.075134 0.212779 0.076839 0.213780 0.078575 0.214821 0.080077 0.215742 0.081116 0.216403 0.081535 0.233811 0.075794 0.234279 0.075367 0.236854 0.072059 0.236693 0.070865 0.236026 0.068996 0.234955 0.066736 0.233641 0.064422 0.232280 0.062405 0.231079 0.060989 0.230221 0.060393 0.225980 0.060803 0.225493 0.061202
0 0.722622 0.550551 0.722633 0.551211 0.741341 0.554737 0.745448 0.553222 0.745471 0.552341 0.745502 0.550620 0.745536 0.548321 0.745568 0.545798 0.745593 0.543438 0.745607 0.541606 0.745607 0.540580 0.745595 0.540513 0.741534 0.538858 0.722773 0.541706 0.722752 0.541758 0.722723 0.542526 0.722691 0.543896 0.722661 0.545659 0.722638 0.547545 0.722624 0.549263
0 0.921603 0.836572 0.922123 0.838145 0.924338 0.841291 0.925728 0.842322 0.941687 0.848170 0.942853 0.848134 0.944155 0.847441 0.945394 0.846195 0.946378 0.844586 0.946956 0.842862 0.947041 0.841288 0.946620 0.840104 0.933972 0.828844 0.932564 0.827842 0.928708 0.827378 0.927177 0.827459 0.925467 0.828406 0.923837 0.830072 0.922532 0.832206 0.921748 0.834487
0 0.568954 0.495480 0.569065 0.495728 0.578506 0.511814 0.582278 0.513815 0.583130 0.513476 0.584577 0.512554 0.586398 0.511188 0.588319 0.509586 0.590051 0.507987 0.591333 0.506633 0.591969 0.505730 0.590612 0.501715 0.590473 0.501313 0.576214 0.489423 0.575566 0.489648 0.574470 0.490320 0.573092 0.491338 0.571644 0.492546 0.570348 0.493758 0.569404 0.494789
0 0.485176 0.148234 0.491768 0.166222 0.492427 0.166207 0.493693 0.166048 0.495372 0.165769 0.497211 0.165413 0.498932 0.165034 0.500276 0.164688 0.501038 0.164429 0.501100 0.164295 0.500756 0.144974 0.498441 0.141230 0.497566 0.141209 0.495870 0.141392 0.493608 0.141751 0.491131 0.142230 0.488818 0.142756 0.487026 0.143249 0.486028 0.143631 0.485972 0.143847
0 0.811414 0.947259 0.812324 0.953406 0.813121 0.956467 0.815029 0.958991 0.817757 0.960592 0.820890 0.961027 0.823952 0.960231 0.824184 0.960104 0.826208 0.958573 0.826475 0.958323 0.828077 0.955595 0.828512 0.952461 0.827715 0.949400 0.825807 0.946876 0.823079 0.945275 0.817782 0.942445 0.815927 0.942187 0.814114 0.942659 0.812620 0.943789 0.811671 0.945404
0 0.026539 0.515834 0.026818 0.517509 0.027503 0.519266 0.028488 0.520835 0.029623 0.521975 0.030732 0.522513 0.031647 0.522369 0.049033 0.518686 0.051787 0.515808 0.052532 0.514748 0.052724 0.512973 0.052336 0.510753 0.051427 0.508422 0.050135 0.506332 0.048652 0.504796 0.047202 0.504050 0.043307 0.503999 0.041804 0.504199 0.027298 0.513704 0.026708 0.514498
0 0.785215 0.597499 0.786040 0.601517 0.798844 0.614275 0.799426 0.614682 0.800547 0.614635 0.802038 0.614140 0.803672 0.613271 0.805196 0.612161 0.806378 0.610981 0.807035 0.609912 0.807070 0.609118 0.799758 0.592871 0.798786 0.592239 0.795419 0.590071 0.793933 0.590174 0.791961 0.590862 0.789801 0.592031 0.787778 0.593503 0.786197 0.595057 0.785297 0.596460
0 0.908915 0.822553 0.909182 0.823138 0.909790 0.824305 0.910645 0.825876 0.911618 0.827612 0.912559 0.829246 0.913323 0.830527 0.913794 0.831259 0.913899 0.831331 0.932314 0.825894 0.935126 0.822602 0.934722 0.821821 0.933872 0.820270 0.932706 0.818188 0.931400 0.815890 0.930152 0.813723 0.929149 0.812011 0.928543 0.811014 0.928426 0.810885 0.923951 0.811250
0 0.071637 0.608198 0.071758 0.609546 0.072370 0.611138 0.073378 0.612732 0.074628 0.614081 0.075928 0.614980 0.077078 0.615292 0.077905 0.614971 0.094327 0.608040 0.096502 0.604692 0.096977 0.603503 0.096785 0.601719 0.095957 0.599612 0.094619 0.597498 0.092973 0.595695 0.091266 0.594476 0.089755 0.594027 0.085898 0.594718 0.084535 0.595210 0.072024 0.607302
0 0.392732 0.412597 0.392851 0.413772 0.393278 0.415650 0.393949 0.417944 0.394763 0.420310 0.395596 0.422391 0.396324 0.423874 0.396836 0.424532 0.401117 0.424805 0.417569 0.416014 0.417759 0.415800 0.417701 0.414921 0.417402 0.413508 0.416909 0.411778 0.416296 0.409995 0.415657 0.408433 0.415092 0.407332 0.414685 0.406859 0.396261 0.409526 0.392942 0.412305
0 0.777401 0.143884 0.778719 0.147698 0.779173 0.148769 0.780550 0.149703 0.782638 0.150362 0.785123 0.150647 0.787632 0.150514 0.789786 0.149983 0.791258 0.149133 0.791822 0.148092 0.793773 0.144367 0.791917 0.126965 0.791592 0.126136 0.790568 0.125411 0.788999 0.124902 0.787125 0.124687 0.785236 0.124800 0.783620 0.125223 0.782524 0.125890 0.782115 0.126699
0 0.859046 0.510574 0.865496 0.527712 0.866049 0.528058 0.867264 0.528219 0.868958 0.528172 0.870872 0.527922 0.872711 0.527508 0.874195 0.526994 0.875094 0.526458 0.875274 0.525982 0.875372 0.507645 0.873045 0.504068 0.872294 0.503649 0.870666 0.503474 0.868412 0.503568 0.865874 0.503915 0.863434 0.504465 0.861457 0.505132 0.860244 0.505818 0.859980 0.506419
0 0.189569 0.845236 0.189804 0.846805 0.190284 0.847817 0.190937 0.848119 0.208183 0.852665 0.212169 0.851279 0.213099 0.850669 0.213981 0.849150 0.214679 0.846953 0.215091 0.844413 0.215155 0.841912 0.214861 0.839826 0.214252 0.838470 0.210800 0.836666 0.209754 0.836139 0.191901 0.838227 0.191177 0.838666 0.190488 0.839793 0.189940 0.841439 0.189617 0.843351
0 0.329346 0.084802 0.329546 0.085222 0.338972 0.102124 0.339747 0.102093 0.341070 0.101809 0.342739 0.101313 0.344503 0.100682 0.346095 0.100011 0.347275 0.099401 0.347862 0.098944 0.344389 0.079913 0.344222 0.079481 0.341338 0.076114 0.340301 0.076113 0.338522 0.076463 0.336271 0.077114 0.333895 0.077964 0.331759 0.078882 0.330193 0.079728 0.329434 0.080372
0 0.511648 0.295922 0.511764 0.296479 0.516533 0.314097 0.519605 0.316868 0.520608 0.317122 0.522316 0.316884 0.524470 0.316193 0.526745 0.315154 0.528800 0.313921 0.530323 0.312682 0.531084 0.311622 0.530872 0.307544 0.530720 0.306638 0.520247 0.291992 0.519494 0.291771 0.518207 0.291926 0.516581 0.292434 0.514866 0.293218 0.513325 0.294157 0.512195 0.295107
0 0.964781 0.229697 0.964989 0.231130 0.965431 0.232863 0.966040 0.234634 0.966725 0.236177 0.967381 0.237258 0.967910 0.237711 0.987098 0.234265 0.987676 0.233850 0.991095 0.230977 0.991216 0.229752 0.990969 0.227824 0.990391 0.225487 0.989570 0.223100 0.988633 0.221032 0.987725 0.219599 0.986983 0.219021 0.982537 0.218909 0.965155 0.228527 0.964839 0.228783
0 0.460827 0.148175 0.460905 0.149478 0.462392 0.153168 0.463407 0.154138 0.465218 0.154895 0.467550 0.155325 0.470051 0.155365 0.472346 0.155009 0.474087 0.154309 0.475011 0.153370 0.476668 0.149731 0.476624 0.148428 0.473828 0.131207 0.473079 0.130451 0.471725 0.129859 0.469970 0.129522 0.468085 0.129491 0.466358 0.129773 0.465055 0.130323 0.464375 0.131055
0 0.293773 0.482464 0.293804 0.482753 0.294419 0.483779 0.295521 0.485383 0.296944 0.487321 0.298472 0.489301 0.299877 0.491026 0.300945 0.492235 0.301515 0.492744 0.305712 0.491609 0.318617 0.477955 0.318626 0.477733 0.318195 0.476956 0.317387 0.475742 0.316326 0.474276 0.315174 0.472784 0.314108 0.471493 0.313292 0.470603 0.312850 0.470248 0.296047 0.478760
