0 0.890976 0.189498 0.891204 0.190918 0.891909 0.194601 0.893046 0.195741 0.894965 0.196718 0.897376 0.197386 0.899916 0.197644 0.902202 0.197453 0.903889 0.196840 0.904718 0.195895 0.907208 0.192520 0.907921 0.175047 0.907804 0.174174 0.906963 0.173297 0.905523 0.172549 0.903706 0.172045 0.901791 0.171864 0.900071 0.172032 0.898810 0.172522 0.898198 0.173260
0 0.107348 0.490508 0.107361 0.491795 0.107814 0.493410 0.108638 0.495106 0.109707 0.496622 0.110856 0.497725 0.111910 0.498248 0.112707 0.498113 0.129879 0.492932 0.132446 0.489798 0.132977 0.488782 0.132928 0.487075 0.132311 0.484935 0.131217 0.482685 0.129813 0.480664 0.128308 0.479176 0.126930 0.478447 0.122988 0.478754 0.121678 0.478937 0.107777 0.489745
0 0.074630 0.098869 0.076389 0.102661 0.077168 0.103784 0.078842 0.104749 0.081154 0.105409 0.083753 0.105666 0.086248 0.105484 0.088263 0.104888 0.089496 0.103968 0.091003 0.100517 0.091330 0.099128 0.087579 0.081825 0.087010 0.080956 0.085764 0.080203 0.084030 0.079683 0.082073 0.079476 0.080192 0.079614 0.078677 0.080076 0.077760 0.080790 0.077580 0.081647
0 0.401148 0.915635 0.401332 0.916594 0.403940 0.919951 0.421235 0.925722 0.421768 0.925786 0.422589 0.925172 0.423573 0.923972 0.424569 0.922371 0.425424 0.920614 0.426007 0.918971 0.426229 0.917693 0.426058 0.916974 0.412030 0.905359 0.407814 0.904918 0.407127 0.904867 0.406055 0.905709 0.404761 0.907313 0.403439 0.909437 0.402290 0.911762 0.401485 0.913938
0 0.373734 0.415618 0.374411 0.419861 0.374544 0.420415 0.375606 0.421125 0.377430 0.421883 0.379740 0.422573 0.382187 0.423093 0.384403 0.423364 0.386055 0.423345 0.386890 0.423038 0.389323 0.419597 0.390242 0.401191 0.390163 0.400750 0.389385 0.400193 0.388024 0.399603 0.386289 0.399072 0.384444 0.398680 0.382774 0.398488 0.381535 0.398525 0.380915 0.398786
0 0.567227 0.490531 0.568079 0.494655 0.580864 0.508007 0.581150 0.508278 0.582009 0.508124 0.583314 0.507566 0.584864 0.506689 0.586422 0.505626 0.587748 0.504543 0.588640 0.503603 0.588961 0.502952 0.581582 0.486179 0.581104 0.485774 0.577655 0.483421 0.576516 0.483667 0.574790 0.484439 0.572740 0.485618 0.570673 0.487027 0.568901 0.488454 0.567691 0.489684
0 0.765300 0.455569 0.765584 0.455819 0.766550 0.456206 0.768053 0.456672 0.769864 0.457144 0.771706 0.457551 0.773294 0.457829 0.774386 0.457937 0.774816 0.457859 0.782551 0.440699 0.781950 0.436414 0.781542 0.436114 0.780230 0.435631 0.778217 0.435038 0.775807 0.434427 0.773365 0.433887 0.771256 0.433501 0.769800 0.433327 0.769219 0.433392 0.766647 0.436915
0 0.121633 0.148356 0.122008 0.149281 0.123042 0.150799 0.124576 0.152679 0.126378 0.154636 0.128175 0.156376 0.129699 0.157637 0.130718 0.158229 0.134731 0.156803 0.135187 0.156588 0.146296 0.141863 0.146048 0.141162 0.145301 0.140012 0.144166 0.138586 0.142818 0.137104 0.141463 0.135792 0.140310 0.134853 0.139534 0.134430 0.139254 0.134586 0.123395 0.144459
0 0.607051 0.636620 0.607937 0.639657 0.609918 0.642123 0.612692 0.643644 0.615837 0.643988 0.618874 0.643102 0.621340 0.641120 0.622861 0.638347 0.623204 0.635202 0.622318 0.632165 0.620337 0.629698 0.617563 0.628178 0.614418 0.627834 0.611381 0.628720 0.608915 0.630702 0.607394 0.633475
0 0.310109 0.562126 0.310152 0.562422 0.313108 0.565604 0.331236 0.570624 0.331611 0.570193 0.332244 0.569163 0.333040 0.567689 0.333875 0.565998 0.334621 0.564350 0.335165 0.562997 0.335423 0.562146 0.335358 0.561925 0.320030 0.551092 0.315698 0.550810 0.315224 0.551415 0.314404 0.552807 0.313361 0.554773 0.312253 0.557016 0.311247 0.559199 0.310494 0.560993
0 0.493785 0.655457 0.493838 0.655639 0.495693 0.659534 0.496685 0.659593 0.498477 0.659561 0.500794 0.659445 0.503289 0.659262 0.505586 0.659040 0.507338 0.658812 0.508280 0.658612 0.509560 0.654487 0.509542 0.654302 0.505050 0.636063 0.504317 0.635990 0.502975 0.635992 0.501230 0.636067 0.499349 0.636205 0.497622 0.636384 0.496313 0.636577 0.495621 0.636754
0 0.563846 0.554806 0.564209 0.555596 0.565026 0.556767 0.566172 0.558141 0.567473 0.559507 0.568727 0.560654 0.569743 0.561407 0.570366 0.561653 0.585881 0.551584 0.587727 0.547678 0.587878 0.547303 0.587356 0.546264 0.586242 0.544720 0.584707 0.542905 0.582982 0.541093 0.581326 0.539557 0.579989 0.538528 0.579175 0.538163 0.575201 0.539690 0.563991 0.554516
0 0.603114 0.018501 0.603154 0.019399 0.610971 0.035502 0.612010 0.036181 0.615370 0.038076 0.616860 0.037908 0.618788 0.037061 0.620862 0.035662 0.622770 0.033922 0.624226 0.032102 0.625007 0.030478 0.624991 0.029296 0.624019 0.025201 0.610952 0.013214 0.610327 0.012778 0.609200 0.012881 0.607743 0.013507 0.606180 0.014561 0.604750 0.015882 0.603674 0.017266
0 0.579767 0.450052 0.580228 0.450679 0.581178 0.451662 0.582474 0.452852 0.583917 0.454067 0.585285 0.455118 0.586367 0.455846 0.587000 0.456140 0.601341 0.444167 0.601457 0.443886 0.602839 0.439838 0.602189 0.439021 0.600898 0.437729 0.599166 0.436160 0.597252 0.434549 0.595444 0.433139 0.594016 0.432143 0.593183 0.431712 0.589395 0.433735 0.579864 0.449876
0 0.583453 0.414044 0.583640 0.414264 0.599952 0.423307 0.604237 0.423099 0.604760 0.422454 0.605511 0.420986 0.606376 0.418920 0.607227 0.416568 0.607934 0.414282 0.608390 0.412408 0.608527 0.411229 0.608321 0.410929 0.605047 0.408099 0.586667 0.405152 0.586253 0.405615 0.585670 0.406704 0.585007 0.408254 0.584366 0.410027 0.583846 0.411751 0.583525 0.413162
0 0.179853 0.185628 0.179891 0.185891 0.180565 0.186532 0.181773 0.187454 0.183331 0.188517 0.184998 0.189556 0.186520 0.190412 0.187663 0.190955 0.188254 0.191103 0.200631 0.177190 0.201321 0.172843 0.201235 0.172514 0.200313 0.171679 0.198697 0.170465 0.196630 0.169056 0.194424 0.167662 0.192411 0.166495 0.190895 0.165731 0.190109 0.165489 0.186618 0.168009
0 0.837971 0.459321 0.838016 0.461649 0.838481 0.464107 0.839299 0.466325 0.840345 0.467968 0.841463 0.468787 0.845356 0.469630 0.846639 0.469464 0.862921 0.463079 0.863519 0.462271 0.863832 0.460884 0.863812 0.459130 0.863461 0.457278 0.862833 0.455611 0.862025 0.454387 0.861161 0.453790 0.843698 0.453941 0.842421 0.454141 0.839113 0.456387 0.838356 0.457473
0 0.567459 0.617698 0.567655 0.620192 0.568043 0.622565 0.568564 0.624462 0.569141 0.625593 0.569685 0.625782 0.573801 0.627008 0.591408 0.622105 0.591755 0.621514 0.591960 0.620282 0.591991 0.618597 0.591843 0.616717 0.591539 0.614931 0.591125 0.613514 0.590666 0.612680 0.590231 0.612556 0.571874 0.611053 0.568149 0.613011 0.567725 0.613813 0.567483 0.615459
0 0.123973 0.545156 0.124144 0.547034 0.124614 0.548733 0.125310 0.549994 0.126125 0.550623 0.143495 0.552254 0.144807 0.552091 0.148309 0.550201 0.149183 0.549129 0.149756 0.547278 0.149942 0.544930 0.149715 0.542439 0.149108 0.540179 0.148212 0.538491 0.147162 0.537633 0.143375 0.536392 0.142059 0.536519 0.125266 0.541207 0.124581 0.542002 0.124126 0.543388
0 0.085900 0.409823 0.085967 0.412074 0.086169 0.414590 0.086475 0.416983 0.086838 0.418886 0.087201 0.420008 0.087510 0.420183 0.091823 0.421498 0.110531 0.417036 0.110658 0.416444 0.110693 0.415219 0.110631 0.413546 0.110481 0.411679 0.110266 0.409899 0.110018 0.408475 0.109775 0.407624 0.109573 0.407477 0.090181 0.405533 0.086189 0.407406 0.085978 0.408184
0 0.447521 0.930636 0.447724 0.931701 0.449416 0.935570 0.464453 0.945169 0.465130 0.945420 0.466208 0.945067 0.467522 0.944163 0.468871 0.942846 0.470049 0.941318 0.470873 0.939814 0.471219 0.938565 0.471036 0.937759 0.460441 0.923219 0.456553 0.921820 0.455665 0.921524 0.454245 0.922022 0.452510 0.923237 0.450720 0.924984 0.449144 0.927001 0.448021 0.928985
0 0.808278 0.641449 0.808390 0.641879 0.808701 0.642949 0.809164 0.644497 0.809709 0.646289 0.810254 0.648055 0.810717 0.649527 0.811026 0.650482 0.811135 0.650774 0.830255 0.648916 0.833732 0.646272 0.833623 0.645704 0.833237 0.644268 0.832629 0.642183 0.831895 0.639768 0.831146 0.637397 0.830499 0.635433 0.830052 0.634176 0.829873 0.633816 0.825443 0.633351
0 0.929674 0.432633 0.929711 0.433250 0.930060 0.434428 0.930665 0.435988 0.931437 0.437695 0.932258 0.439291 0.933005 0.440535 0.933564 0.441237 0.933850 0.441289 0.952853 0.436533 0.955987 0.433418 0.955980 0.432592 0.955545 0.431005 0.954746 0.428901 0.953706 0.426601 0.952586 0.424461 0.951558 0.422809 0.950779 0.421898 0.950367 0.421862 0.945839 0.422091
0 0.530806 0.525639 0.532296 0.544082 0.532354 0.544496 0.534869 0.547930 0.535836 0.547993 0.537580 0.547786 0.539834 0.547341 0.542258 0.546725 0.544489 0.546031 0.546189 0.545363 0.547101 0.544823 0.547633 0.540615 0.547609 0.540192 0.539969 0.523311 0.539248 0.523234 0.537939 0.523366 0.536240 0.523689 0.534412 0.524154 0.532737 0.524688 0.531470 0.525209
0 0.545146 0.343702 0.545837 0.346790 0.547657 0.349377 0.550328 0.351072 0.553445 0.351614 0.556532 0.350924 0.559119 0.349104 0.560814 0.346432 0.561356 0.343315 0.560666 0.340228 0.558846 0.337641 0.556174 0.335946 0.553058 0.335404 0.549971 0.336094 0.547383 0.337914 0.545688 0.340586
0 0.111480 0.919358 0.112917 0.936617 0.113111 0.937549 0.114032 0.938381 0.115540 0.938985 0.117404 0.939268 0.119338 0.939186 0.121045 0.938752 0.122264 0.938035 0.122812 0.937143 0.128004 0.920274 0.127650 0.918758 0.126487 0.915258 0.125247 0.914181 0.123239 0.913396 0.120766 0.913021 0.118200 0.913113 0.115926 0.913657 0.114290 0.914574 0.113543 0.915727
0 0.457829 0.290123 0.458242 0.291442 0.459243 0.293224 0.460681 0.295201 0.462339 0.297075 0.463967 0.298563 0.465320 0.299442 0.466192 0.299576 0.470187 0.298308 0.481856 0.284186 0.482069 0.283691 0.481789 0.282692 0.481057 0.281342 0.479983 0.279846 0.478734 0.278433 0.477500 0.277322 0.476471 0.276682 0.475804 0.276610 0.460048 0.285678 0.458071 0.289472
0 0.085484 0.145325 0.085731 0.147001 0.086325 0.148205 0.087176 0.148755 0.103249 0.156089 0.107162 0.155377 0.108434 0.155121 0.109684 0.153926 0.110723 0.151977 0.111395 0.149568 0.111600 0.147060 0.111304 0.144832 0.110552 0.143221 0.107485 0.140905 0.106108 0.139967 0.088865 0.139099 0.087887 0.139271 0.086926 0.140156 0.086132 0.141618 0.085625 0.143434
0 0.035136 0.600739 0.035191 0.601336 0.038518 0.604210 0.057799 0.607384 0.058088 0.607131 0.058608 0.606226 0.059280 0.604808 0.060001 0.603094 0.060663 0.601342 0.061166 0.599816 0.061434 0.598747 0.061425 0.598298 0.044615 0.589046 0.040079 0.589202 0.039660 0.589509 0.038931 0.590696 0.038003 0.592584 0.037016 0.594885 0.036124 0.597246 0.035464 0.599303
0 0.146633 0.227952 0.146666 0.229525 0.147096 0.230633 0.147855 0.231109 0.162994 0.240492 0.166975 0.240331 0.168241 0.240015 0.169601 0.238814 0.170848 0.236913 0.171796 0.234598 0.172302 0.232218 0.172289 0.230130 0.171758 0.228652 0.168969 0.225904 0.167748 0.225096 0.150679 0.221884 0.149708 0.222098 0.148667 0.222986 0.147716 0.224411 0.147001 0.226156
0 0.880060 0.335418 0.885772 0.353140 0.886340 0.353256 0.887575 0.353235 0.889290 0.353077 0.891224 0.352809 0.893078 0.352470 0.894570 0.352112 0.895469 0.351791 0.895640 0.351555 0.896538 0.332731 0.894364 0.329013 0.893590 0.328900 0.891935 0.328969 0.889651 0.329208 0.887087 0.329580 0.884626 0.330030 0.882640 0.330490 0.881428 0.330890 0.881176 0.331171
0 0.715259 0.422000 0.721300 0.439575 0.724660 0.442275 0.725325 0.442272 0.726752 0.441791 0.728724 0.440906 0.730943 0.439752 0.733077 0.438502 0.734802 0.437343 0.735857 0.436451 0.736079 0.435964 0.735563 0.431683 0.723786 0.417254 0.723286 0.417225 0.722209 0.417564 0.720720 0.418218 0.719047 0.419088 0.717447 0.420040 0.716166 0.420928 0.715398 0.421616
0 0.120964 0.370899 0.126473 0.387793 0.129783 0.390423 0.130652 0.390979 0.132279 0.391003 0.134413 0.390494 0.136730 0.389530 0.138883 0.388257 0.140548 0.386866 0.141473 0.385567 0.141515 0.384556 0.141135 0.380470 0.129753 0.366536 0.129101 0.366087 0.127878 0.366039 0.126267 0.366399 0.124516 0.367113 0.122893 0.368073 0.121647 0.369130 0.120970 0.370123
0 0.058560 0.794502 0.058816 0.796098 0.059385 0.797161 0.060178 0.797531 0.076974 0.802417 0.080962 0.801126 0.082125 0.800615 0.083245 0.799187 0.084152 0.797061 0.084713 0.794561 0.084841 0.792063 0.084520 0.789943 0.083795 0.788520 0.080527 0.786671 0.079247 0.786033 0.061562 0.787724 0.060666 0.788089 0.059798 0.789147 0.059093 0.790738 0.058657 0.792619
0 0.389973 0.345861 0.390616 0.347039 0.391884 0.348623 0.393585 0.350374 0.395462 0.352027 0.397234 0.353334 0.398632 0.354099 0.399444 0.354202 0.403281 0.352414 0.413183 0.336867 0.413276 0.336413 0.412822 0.335517 0.411888 0.334314 0.410616 0.332987 0.409201 0.331741 0.407860 0.330766 0.406800 0.330213 0.406181 0.330165 0.391559 0.341248 0.390057 0.345271
0 0.321853 0.950041 0.322929 0.953016 0.325061 0.955353 0.327925 0.956696 0.331085 0.956841 0.334060 0.955765 0.336397 0.953633 0.337740 0.950768 0.337885 0.947608 0.336852 0.942205 0.336215 0.940443 0.334952 0.939059 0.333256 0.938264 0.331385 0.938179 0.329623 0.938815 0.325678 0.941884 0.323341 0.944017 0.321997 0.946881
0 0.195097 0.801762 0.195227 0.802724 0.196020 0.803822 0.197354 0.804889 0.199027 0.805759 0.200780 0.806300 0.202346 0.806429 0.203483 0.806128 0.204021 0.805443 0.214752 0.791185 0.214957 0.787192 0.214751 0.785936 0.213675 0.784498 0.211892 0.783097 0.209673 0.781942 0.207351 0.781207 0.205276 0.781004 0.203763 0.781365 0.200768 0.783906 0.199862 0.785003
0 0.706228 0.483145 0.706291 0.483360 0.706888 0.484037 0.707929 0.485076 0.709255 0.486317 0.710663 0.487571 0.711938 0.488644 0.712882 0.489372 0.713354 0.489646 0.728355 0.478158 0.729909 0.474096 0.729783 0.473826 0.728951 0.472939 0.727541 0.471574 0.725769 0.469936 0.723900 0.468273 0.722217 0.466834 0.720972 0.465838 0.720356 0.465434 0.716425 0.467330
0 0.380204 0.308853 0.382340 0.312669 0.398764 0.322039 0.398876 0.322001 0.399433 0.321406 0.400350 0.320342 0.401487 0.318971 0.402671 0.317503 0.403720 0.316164 0.404471 0.315160 0.404813 0.314643 0.392412 0.300289 0.388260 0.298940 0.388128 0.299031 0.387405 0.299860 0.386202 0.301301 0.384703 0.303132 0.383132 0.305079 0.381726 0.306849 0.380698 0.308174
0 0.587005 0.535215 0.587291 0.536100 0.588262 0.537489 0.589769 0.539171 0.591584 0.540893 0.593435 0.542394 0.595042 0.543450 0.596163 0.543899 0.599929 0.542117 0.600513 0.541826 0.610418 0.526407 0.610232 0.525731 0.609522 0.524676 0.608397 0.523401 0.607029 0.522104 0.605627 0.520983 0.604408 0.520210 0.603557 0.519902 0.603203 0.520105 0.588489 0.531269
