0 0.032834 0.176345 0.033079 0.178255 0.033653 0.179900 0.034468 0.181028 0.035399 0.181470 0.052655 0.185244 0.054129 0.184721 0.057520 0.183287 0.058484 0.181934 0.059093 0.179853 0.059255 0.177357 0.058948 0.174821 0.058215 0.172627 0.057167 0.171109 0.055961 0.170500 0.052166 0.168747 0.035084 0.171594 0.034175 0.171891 0.033428 0.172899 0.032956 0.174464
0 0.469033 0.484268 0.469646 0.484676 0.470882 0.485139 0.472553 0.485588 0.474403 0.485952 0.476148 0.486178 0.477519 0.486228 0.478309 0.486098 0.484865 0.468859 0.485000 0.468410 0.484198 0.464246 0.483358 0.463736 0.481699 0.463147 0.479475 0.462567 0.477021 0.462083 0.474705 0.461768 0.472878 0.461670 0.471816 0.461804 0.469533 0.465360 0.469364 0.465803
0 0.545183 0.768009 0.546158 0.771913 0.546570 0.772943 0.559594 0.785060 0.560423 0.785225 0.561691 0.784895 0.563207 0.784119 0.564736 0.783016 0.566045 0.781755 0.566931 0.780531 0.567262 0.779530 0.566988 0.778904 0.558945 0.762691 0.555419 0.760627 0.554323 0.760447 0.552645 0.760917 0.550641 0.761962 0.548612 0.763425 0.546863 0.765087 0.545659 0.766696
0 0.048004 0.347733 0.050318 0.351496 0.067717 0.360567 0.068040 0.360556 0.068781 0.359981 0.069825 0.358930 0.071013 0.357564 0.072167 0.356089 0.073113 0.354727 0.073707 0.353684 0.073858 0.353120 0.060609 0.339082 0.056247 0.337802 0.055794 0.337775 0.054780 0.338511 0.053358 0.339898 0.051745 0.341726 0.050190 0.343713 0.048932 0.345554 0.048165 0.346966
0 0.541372 0.611327 0.541393 0.612782 0.541561 0.614580 0.541849 0.616443 0.542214 0.618086 0.542600 0.619257 0.542946 0.619778 0.561486 0.620443 0.565237 0.618297 0.565539 0.618024 0.565671 0.616824 0.565612 0.614884 0.565374 0.612498 0.564991 0.610026 0.564522 0.607839 0.564036 0.606268 0.563609 0.605551 0.559460 0.604517 0.541757 0.610241 0.541500 0.610435
0 0.878035 0.570168 0.878076 0.570906 0.896166 0.577547 0.896523 0.577621 0.900875 0.576839 0.901327 0.575945 0.901869 0.574233 0.902418 0.571962 0.902888 0.569483 0.903209 0.567176 0.903330 0.565398 0.903233 0.564418 0.899470 0.562098 0.899106 0.562059 0.879837 0.561629 0.879526 0.562314 0.879144 0.563599 0.878748 0.565289 0.878399 0.567129 0.878149 0.568842
0 0.520902 0.040472 0.522203 0.044165 0.523095 0.045367 0.524811 0.046360 0.527087 0.046996 0.529582 0.047180 0.531920 0.046883 0.533749 0.046151 0.534789 0.045091 0.536625 0.041629 0.536744 0.040087 0.534834 0.023021 0.534179 0.022092 0.532898 0.021322 0.531186 0.020830 0.529305 0.020692 0.527545 0.020929 0.526175 0.021503 0.525405 0.022327 0.520987 0.038929
0 0.729629 0.501364 0.729637 0.503674 0.729986 0.506151 0.730623 0.508422 0.731453 0.510146 0.732351 0.511058 0.736278 0.512067 0.737323 0.512019 0.754184 0.506343 0.754684 0.505596 0.754959 0.504250 0.754966 0.502510 0.754703 0.500643 0.754210 0.498935 0.753565 0.497649 0.752865 0.496981 0.735120 0.496374 0.734079 0.496456 0.730590 0.498561 0.729963 0.499568
0 0.102852 0.541279 0.103221 0.541553 0.104376 0.542339 0.106141 0.543520 0.108246 0.544912 0.110366 0.546303 0.112174 0.547478 0.113395 0.548257 0.113845 0.548524 0.117588 0.546100 0.125739 0.529025 0.125418 0.528800 0.124520 0.528194 0.123180 0.527298 0.121603 0.526249 0.120030 0.525209 0.118704 0.524336 0.117828 0.523765 0.117534 0.523582 0.103858 0.537042
0 0.450320 0.856043 0.450418 0.856384 0.466368 0.866333 0.470680 0.866271 0.471130 0.865764 0.471862 0.864392 0.472764 0.862367 0.473701 0.859996 0.474530 0.857635 0.475127 0.855641 0.475402 0.854314 0.475313 0.853856 0.472165 0.850825 0.453911 0.847109 0.453552 0.847463 0.452980 0.848471 0.452283 0.849981 0.451567 0.851762 0.450942 0.853542 0.450504 0.855045
0 0.508504 0.644320 0.509180 0.648378 0.509475 0.649157 0.521546 0.662599 0.522341 0.662674 0.523617 0.662325 0.525181 0.661607 0.526793 0.660627 0.528204 0.659538 0.529199 0.658506 0.529626 0.657689 0.522977 0.640952 0.522652 0.640191 0.519289 0.637766 0.518235 0.637707 0.516545 0.638201 0.514475 0.639171 0.512337 0.640470 0.510453 0.641903 0.509107 0.643255
0 0.251796 0.217363 0.251925 0.218150 0.252699 0.219577 0.253996 0.221424 0.255619 0.223412 0.257325 0.225242 0.258856 0.226639 0.259982 0.227392 0.260530 0.227383 0.264633 0.226064 0.276288 0.211775 0.276223 0.211178 0.275672 0.210097 0.274717 0.208698 0.273503 0.207193 0.272218 0.205813 0.271057 0.204771 0.270200 0.204226 0.269777 0.204261 0.253727 0.213539
0 0.450367 0.274954 0.450480 0.277115 0.450705 0.278611 0.451009 0.279211 0.454942 0.280967 0.473335 0.278321 0.473616 0.278029 0.473881 0.277038 0.474088 0.275497 0.474207 0.273642 0.474219 0.271756 0.474121 0.270130 0.473930 0.269013 0.473674 0.268575 0.455468 0.264686 0.451422 0.266180 0.451086 0.266591 0.450771 0.267929 0.450524 0.269987 0.450382 0.272453
0 0.572466 0.398368 0.572536 0.400618 0.572817 0.402281 0.573268 0.403104 0.577023 0.404981 0.595336 0.403110 0.595778 0.403001 0.596231 0.402181 0.596625 0.400773 0.596900 0.398991 0.597014 0.397108 0.596949 0.395415 0.596714 0.394170 0.596348 0.393564 0.578672 0.389032 0.577972 0.389245 0.574028 0.390506 0.573461 0.391619 0.572966 0.393502 0.572616 0.395871
0 0.428053 0.658851 0.428294 0.659339 0.431053 0.662640 0.448578 0.668297 0.449122 0.668018 0.449920 0.667122 0.450851 0.665746 0.451772 0.664100 0.452540 0.662438 0.453040 0.661014 0.453194 0.660046 0.452981 0.659680 0.438442 0.648265 0.434215 0.647837 0.433515 0.648242 0.432474 0.649457 0.431251 0.651294 0.430030 0.653477 0.428994 0.655677 0.428300 0.657564
0 0.566974 0.349470 0.567156 0.349832 0.581361 0.361706 0.585583 0.362271 0.586272 0.361873 0.587331 0.360681 0.588601 0.358876 0.589889 0.356732 0.591002 0.354570 0.591773 0.352716 0.592083 0.351452 0.591884 0.350972 0.589225 0.347585 0.571843 0.341366 0.571309 0.341639 0.570497 0.342518 0.569532 0.343869 0.568561 0.345485 0.567733 0.347119 0.567176 0.348518
0 0.177661 0.706730 0.179891 0.710428 0.196829 0.718758 0.197137 0.718648 0.197863 0.717955 0.198896 0.716784 0.200077 0.715314 0.201226 0.713772 0.202166 0.712394 0.202753 0.711390 0.202900 0.710913 0.190065 0.697347 0.185810 0.696264 0.185417 0.696448 0.184468 0.697397 0.183107 0.698964 0.181540 0.700913 0.180001 0.702952 0.178724 0.704773 0.177901 0.706101
0 0.341223 0.111932 0.341409 0.113871 0.341770 0.115567 0.342249 0.116760 0.342774 0.117270 0.360792 0.119902 0.364620 0.118092 0.365238 0.117760 0.365719 0.116469 0.365991 0.114419 0.366013 0.111918 0.365782 0.109342 0.365332 0.107079 0.364731 0.105473 0.364069 0.104770 0.360096 0.103258 0.342333 0.107306 0.341841 0.107543 0.341457 0.108505 0.341240 0.110046
0 0.295092 0.583144 0.295850 0.587412 0.296133 0.587673 0.297336 0.588089 0.299273 0.588598 0.301650 0.589123 0.304109 0.589584 0.306279 0.589912 0.307835 0.590058 0.308537 0.589999 0.310942 0.586385 0.311555 0.567670 0.311365 0.567449 0.310479 0.567111 0.309033 0.566709 0.307246 0.566302 0.305393 0.565955 0.303758 0.565719 0.302592 0.565632 0.302072 0.565707
0 0.804490 0.414538 0.804865 0.415429 0.807310 0.418757 0.824301 0.424988 0.825007 0.425042 0.826010 0.424460 0.827156 0.423331 0.828270 0.421826 0.829182 0.420175 0.829750 0.418633 0.829889 0.417435 0.829577 0.416765 0.816089 0.405002 0.811886 0.404415 0.810965 0.404380 0.809654 0.405187 0.808152 0.406710 0.806686 0.408719 0.805477 0.410909 0.804706 0.412951
0 0.412781 0.559870 0.414991 0.563588 0.415212 0.563892 0.416361 0.564011 0.418261 0.563928 0.420621 0.563656 0.423088 0.563237 0.425289 0.562733 0.426892 0.562220 0.427654 0.561776 0.428604 0.557616 0.422562 0.540006 0.422406 0.539747 0.421552 0.539628 0.420126 0.539667 0.418348 0.539860 0.416489 0.540176 0.414835 0.540567 0.413640 0.540973 0.413086 0.541331
0 0.515314 0.854710 0.526031 0.870678 0.530009 0.872484 0.530457 0.872135 0.531537 0.871125 0.533084 0.869607 0.534860 0.867814 0.536592 0.866022 0.538012 0.864508 0.538905 0.863502 0.539137 0.863156 0.537442 0.859030 0.522163 0.847755 0.521838 0.848045 0.521044 0.848818 0.519901 0.849956 0.518583 0.851287 0.517288 0.852610 0.516212 0.853725 0.515519 0.854463
0 0.630155 0.795187 0.630165 0.796255 0.630248 0.796630 0.648493 0.801817 0.652655 0.800594 0.652806 0.800092 0.653011 0.798673 0.653238 0.796556 0.653454 0.794061 0.653625 0.791565 0.653726 0.789444 0.653742 0.788016 0.653669 0.787501 0.649770 0.785459 0.631037 0.786840 0.630895 0.787198 0.630715 0.788248 0.630522 0.789833 0.630348 0.791710 0.630219 0.793591
0 0.861149 0.792291 0.861253 0.794790 0.861753 0.797293 0.862576 0.799423 0.863597 0.800856 0.864664 0.801372 0.868653 0.802704 0.885634 0.797997 0.886369 0.797631 0.886900 0.796570 0.887145 0.794975 0.887067 0.793091 0.886677 0.791208 0.886036 0.789613 0.885242 0.788551 0.884417 0.788183 0.866659 0.786307 0.865476 0.786940 0.862133 0.788751 0.861458 0.790171
0 0.016731 0.961748 0.016808 0.963078 0.017457 0.964961 0.018581 0.967109 0.020008 0.969190 0.021518 0.970885 0.022878 0.971933 0.023880 0.972175 0.028217 0.971080 0.042625 0.956989 0.042969 0.956563 0.042880 0.955578 0.042374 0.954186 0.041527 0.952597 0.040467 0.951052 0.039356 0.949784 0.038360 0.948984 0.037630 0.948775 0.019909 0.957335 0.019283 0.958049
0 0.699235 0.380596 0.699326 0.383096 0.699706 0.385322 0.700317 0.386939 0.701069 0.387700 0.704891 0.389212 0.722694 0.385597 0.723305 0.385433 0.723845 0.384562 0.724230 0.383114 0.724402 0.381309 0.724333 0.379424 0.724035 0.377750 0.723552 0.376543 0.722961 0.375985 0.705297 0.373158 0.704316 0.373458 0.700609 0.375088 0.699928 0.376264 0.699446 0.378198
0 0.892847 0.731925 0.893146 0.732458 0.893940 0.733455 0.895108 0.734764 0.896472 0.736186 0.897824 0.737501 0.898954 0.738508 0.899690 0.739053 0.899921 0.739054 0.915917 0.728887 0.917701 0.724962 0.917257 0.724262 0.916162 0.722948 0.914583 0.721222 0.912760 0.719346 0.910967 0.717601 0.909475 0.716250 0.908508 0.715496 0.908214 0.715457 0.904071 0.717007
0 0.649301 0.086785 0.650777 0.090483 0.651469 0.091589 0.653031 0.092488 0.655228 0.093044 0.657726 0.093175 0.660150 0.092860 0.662136 0.092147 0.663380 0.091142 0.665044 0.087609 0.665437 0.086169 0.662794 0.069022 0.662290 0.068165 0.661123 0.067466 0.659472 0.067034 0.657588 0.066935 0.655763 0.067186 0.654276 0.067745 0.653353 0.068528 0.653133 0.069414
0 0.176074 0.443250 0.176297 0.445141 0.177226 0.446802 0.179039 0.449587 0.181497 0.451526 0.184510 0.452377 0.187620 0.452010 0.190352 0.450482 0.192291 0.448024 0.193142 0.445011 0.192776 0.441902 0.191247 0.439169 0.188789 0.437230 0.185776 0.436379 0.182667 0.436746 0.179934 0.438274 0.177770 0.439924 0.176591 0.441418
0 0.498394 0.456639 0.499636 0.460638 0.500561 0.461170 0.502299 0.461664 0.504588 0.462044 0.507080 0.462254 0.509403 0.462263 0.511205 0.462067 0.512212 0.461698 0.514103 0.457962 0.514178 0.457343 0.512522 0.439148 0.511843 0.438721 0.510544 0.438329 0.508824 0.438030 0.506945 0.437872 0.505196 0.437878 0.503846 0.438048 0.503100 0.438354 0.498434 0.456016
0 0.192654 0.364761 0.192675 0.365618 0.201300 0.381084 0.202304 0.381746 0.205840 0.383599 0.207301 0.383458 0.209202 0.382674 0.211255 0.381368 0.213152 0.379737 0.214606 0.378025 0.215399 0.376491 0.215408 0.375368 0.214254 0.371464 0.200445 0.359877 0.199842 0.359452 0.198737 0.359528 0.197298 0.360095 0.195744 0.361068 0.194315 0.362298 0.193229 0.363596
0 0.142033 0.750407 0.142289 0.751520 0.142850 0.751979 0.158886 0.759792 0.163072 0.759220 0.164079 0.758857 0.165221 0.757588 0.166324 0.755608 0.167223 0.753220 0.167783 0.750781 0.167919 0.748660 0.167611 0.747176 0.166903 0.746556 0.163681 0.743972 0.145743 0.742514 0.144966 0.742764 0.144085 0.743698 0.143234 0.745175 0.142545 0.746971 0.142123 0.748809
0 0.130941 0.150039 0.131253 0.150907 0.132105 0.152481 0.133368 0.154519 0.134848 0.156712 0.136324 0.158732 0.137573 0.160274 0.138407 0.161105 0.138698 0.161097 0.143038 0.160302 0.156586 0.147571 0.156387 0.146917 0.155777 0.145730 0.154848 0.144190 0.153743 0.142531 0.152631 0.141008 0.151682 0.139856 0.151042 0.139251 0.150809 0.139284 0.133354 0.146482
0 0.235538 0.840529 0.236470 0.843552 0.238489 0.845988 0.241286 0.847466 0.244435 0.847761 0.247458 0.846829 0.249894 0.844811 0.251372 0.842014 0.251667 0.838864 0.251748 0.834738 0.251196 0.832949 0.250001 0.831506 0.248345 0.830631 0.246480 0.830456 0.244690 0.831008 0.239747 0.832564 0.237311 0.834583 0.235833 0.837380
0 0.313970 0.843635 0.314692 0.844362 0.316141 0.845462 0.318095 0.846765 0.320254 0.848072 0.322286 0.849180 0.323877 0.849921 0.324786 0.850181 0.328267 0.847465 0.335403 0.829418 0.335457 0.829252 0.334892 0.828728 0.333797 0.827926 0.332338 0.826967 0.330735 0.825997 0.329231 0.825162 0.328052 0.824589 0.327379 0.824363 0.314885 0.838987 0.314750 0.839285
0 0.727665 0.415026 0.727872 0.416067 0.728281 0.417895 0.728356 0.418113 0.730175 0.420702 0.732846 0.422396 0.735963 0.422939 0.739050 0.422249 0.741638 0.420429 0.743332 0.417758 0.743876 0.414641 0.743185 0.411554 0.741366 0.408966 0.738694 0.407272 0.735578 0.406728 0.732491 0.407419 0.729903 0.409238 0.728208 0.411910
0 0.414183 0.294149 0.417526 0.296937 0.436093 0.299595 0.436311 0.299421 0.436722 0.298570 0.437264 0.297170 0.437853 0.295435 0.438400 0.293630 0.438821 0.292034 0.439050 0.290890 0.439054 0.290373 0.422434 0.281521 0.418104 0.281809 0.417845 0.282072 0.417328 0.283234 0.416632 0.285112 0.415864 0.287422 0.415138 0.289815 0.414564 0.291933 0.414228 0.293455
0 0.863539 0.687497 0.864682 0.705640 0.865142 0.706228 0.866287 0.706825 0.867944 0.707341 0.869859 0.707696 0.871740 0.707835 0.873296 0.707737 0.874290 0.707417 0.874570 0.706925 0.880060 0.689603 0.878881 0.685523 0.878242 0.684774 0.876697 0.684014 0.874483 0.683358 0.871938 0.682903 0.869444 0.682719 0.867375 0.682832 0.866045 0.683227 0.865657 0.683844
0 0.347563 0.711589 0.347636 0.711716 0.348266 0.712616 0.349361 0.714154 0.350752 0.716097 0.352227 0.718145 0.353558 0.719983 0.354539 0.721328 0.355023 0.721976 0.359249 0.720850 0.372477 0.707124 0.372137 0.706622 0.371420 0.705603 0.370435 0.704222 0.369333 0.702692 0.368283 0.701247 0.367448 0.700109 0.366953 0.699451 0.366873 0.699372 0.349921 0.707877
