0 0.295266 0.206334 0.295281 0.206613 0.297747 0.210336 0.314951 0.218648 0.315345 0.218235 0.316087 0.217280 0.317064 0.215930 0.318127 0.214388 0.319118 0.212887 0.319885 0.211654 0.320313 0.210876 0.320335 0.210673 0.306706 0.196990 0.302445 0.195927 0.301896 0.196445 0.300881 0.197702 0.299555 0.199509 0.298121 0.201586 0.296802 0.203615 0.295799 0.205282
0 0.686330 0.267810 0.688346 0.285917 0.691012 0.289138 0.691729 0.289609 0.693277 0.289702 0.695422 0.289402 0.697838 0.288756 0.700164 0.287861 0.702049 0.286851 0.703205 0.285879 0.703456 0.285091 0.703890 0.280853 0.695629 0.264755 0.695097 0.264371 0.693934 0.264278 0.692318 0.264491 0.690496 0.264978 0.688749 0.265664 0.687343 0.266443 0.686495 0.267197
0 0.301960 0.740131 0.303070 0.743093 0.305229 0.745405 0.308109 0.746715 0.311270 0.746823 0.314233 0.745714 0.316545 0.743554 0.317855 0.740675 0.317963 0.737513 0.317197 0.734908 0.316540 0.733154 0.315261 0.731785 0.313556 0.731009 0.311814 0.730929 0.308652 0.730821 0.305690 0.731930 0.303378 0.734090 0.302068 0.736969
0 0.272139 0.403979 0.272759 0.407081 0.274520 0.409709 0.277153 0.411463 0.280256 0.412076 0.283358 0.411456 0.285986 0.409695 0.287741 0.407063 0.288354 0.403959 0.287733 0.400857 0.285973 0.398229 0.283340 0.396474 0.280237 0.395861 0.277135 0.396482 0.274507 0.398243 0.272752 0.400875
0 0.475864 0.784420 0.475916 0.786569 0.476148 0.788038 0.476526 0.788598 0.480335 0.790576 0.498743 0.788859 0.499119 0.788532 0.499501 0.787507 0.499831 0.785938 0.500059 0.784066 0.500148 0.782178 0.500086 0.780566 0.499883 0.779473 0.499569 0.779065 0.481756 0.774222 0.477670 0.775509 0.477204 0.775965 0.476724 0.777343 0.476301 0.779431 0.475999 0.781914
0 0.924044 0.740618 0.924167 0.741580 0.924416 0.741854 0.943038 0.748308 0.947367 0.747405 0.947856 0.746799 0.948385 0.745302 0.948874 0.743138 0.949247 0.740642 0.949447 0.738198 0.949443 0.736182 0.949236 0.734901 0.948860 0.734548 0.944912 0.732246 0.925563 0.732242 0.925226 0.732712 0.924854 0.733838 0.924503 0.735449 0.924226 0.737301 0.924065 0.739116
0 0.224304 0.090767 0.224687 0.108072 0.225417 0.109450 0.227662 0.112616 0.229130 0.113404 0.231259 0.113766 0.233726 0.113649 0.236160 0.113071 0.238194 0.112119 0.239523 0.110936 0.239941 0.109699 0.240755 0.105807 0.233928 0.089433 0.233502 0.088582 0.232407 0.087961 0.230807 0.087664 0.228947 0.087739 0.227112 0.088175 0.225585 0.088904 0.224599 0.089815
0 0.802942 0.973911 0.803035 0.974610 0.803285 0.975960 0.803655 0.977755 0.804087 0.979722 0.804516 0.981558 0.804876 0.982982 0.805111 0.983775 0.805187 0.983817 0.824399 0.984054 0.828043 0.981727 0.827875 0.980780 0.827501 0.978973 0.826980 0.976585 0.826391 0.973977 0.825821 0.971541 0.825358 0.969643 0.825070 0.968571 0.825003 0.968489 0.820609 0.967514
0 0.627963 0.029219 0.627966 0.030725 0.628031 0.032609 0.628147 0.034582 0.628296 0.036342 0.628455 0.037619 0.628601 0.038220 0.647254 0.039922 0.651212 0.037888 0.651322 0.037670 0.651370 0.036468 0.651350 0.034466 0.651264 0.031966 0.651126 0.029344 0.650956 0.026996 0.650780 0.025276 0.650624 0.024449 0.646510 0.023133 0.628132 0.028171 0.628021 0.028323
0 0.095141 0.582812 0.095307 0.584691 0.095787 0.586371 0.096506 0.587597 0.097354 0.588180 0.114643 0.589968 0.116019 0.589722 0.119506 0.587870 0.120430 0.586737 0.121044 0.584839 0.121256 0.582465 0.121036 0.579974 0.120417 0.577738 0.119490 0.576096 0.118396 0.575298 0.114632 0.574018 0.113253 0.574229 0.096522 0.578763 0.095800 0.579603 0.095314 0.581025
0 0.110933 0.898377 0.111968 0.915697 0.112153 0.916618 0.113064 0.917458 0.114564 0.918088 0.116422 0.918411 0.118353 0.918377 0.120060 0.917992 0.121284 0.917317 0.121838 0.916454 0.127415 0.899679 0.127075 0.898181 0.125999 0.894643 0.124771 0.893555 0.122774 0.892735 0.120310 0.892306 0.117748 0.892334 0.115474 0.892813 0.113834 0.893674 0.113078 0.894788
0 0.660933 0.652272 0.662894 0.655833 0.663668 0.656507 0.679359 0.664909 0.680257 0.664729 0.681432 0.663981 0.682704 0.662777 0.683879 0.661302 0.684775 0.659782 0.685257 0.658452 0.685249 0.657514 0.673512 0.644148 0.672716 0.643502 0.668796 0.642400 0.667618 0.642676 0.666074 0.643698 0.664396 0.645309 0.662837 0.647265 0.661632 0.649274 0.660963 0.651031
0 0.604104 0.976920 0.604625 0.978175 0.605644 0.979613 0.607006 0.981013 0.608503 0.982160 0.609903 0.982879 0.610992 0.983059 0.611605 0.982674 0.625461 0.971480 0.626689 0.967449 0.626722 0.966287 0.625991 0.964634 0.624610 0.962742 0.622791 0.960895 0.620806 0.959373 0.618954 0.958403 0.617516 0.958134 0.614012 0.959831 0.612996 0.960425 0.604158 0.976038
0 0.637595 0.315555 0.638331 0.319594 0.638950 0.320487 0.640431 0.321406 0.642548 0.322213 0.644983 0.322787 0.647369 0.323041 0.649347 0.322937 0.650615 0.322488 0.652940 0.319170 0.653400 0.318256 0.654076 0.300392 0.653630 0.299697 0.652529 0.298985 0.650939 0.298366 0.649103 0.297933 0.647305 0.297755 0.645819 0.297857 0.644873 0.298223 0.644609 0.298798
0 0.532992 0.411234 0.533049 0.413137 0.533377 0.415486 0.533926 0.417926 0.534613 0.420092 0.535336 0.421655 0.535985 0.422379 0.540119 0.423114 0.557205 0.416166 0.557589 0.415985 0.557787 0.415115 0.557768 0.413685 0.557533 0.411915 0.557119 0.410075 0.556590 0.408449 0.556026 0.407285 0.555515 0.406761 0.537256 0.407413 0.536659 0.407734 0.533215 0.410066
0 0.524611 0.975255 0.525013 0.976320 0.527593 0.979658 0.544571 0.985244 0.545254 0.985381 0.546189 0.984822 0.547233 0.983652 0.548226 0.982050 0.549017 0.980261 0.549482 0.978561 0.549553 0.977210 0.549219 0.976412 0.535392 0.964923 0.534276 0.964737 0.530374 0.964382 0.529151 0.965150 0.527777 0.966716 0.526459 0.968842 0.525395 0.971208 0.524746 0.973460
0 0.478906 0.855299 0.479073 0.856487 0.479663 0.858027 0.480589 0.859683 0.481709 0.861201 0.482849 0.862347 0.483836 0.862946 0.484518 0.862908 0.500964 0.855643 0.503264 0.852076 0.503599 0.851203 0.503337 0.849628 0.502522 0.847591 0.501278 0.845401 0.499793 0.843388 0.498291 0.841854 0.496997 0.841030 0.496107 0.841046 0.492029 0.841857 0.479189 0.854642
0 0.129382 0.926073 0.131573 0.929742 0.131963 0.930006 0.148770 0.937877 0.149462 0.937404 0.150488 0.936361 0.151689 0.934908 0.152882 0.933268 0.153884 0.931693 0.154541 0.930424 0.154754 0.929653 0.142026 0.916309 0.141617 0.916074 0.137434 0.915139 0.136529 0.915795 0.135177 0.917193 0.133583 0.919121 0.131986 0.921288 0.130627 0.923370 0.129712 0.925050
0 0.131205 0.561042 0.131576 0.561503 0.132632 0.562561 0.134213 0.564056 0.136076 0.565758 0.137935 0.567404 0.139503 0.568742 0.140540 0.569568 0.140892 0.569757 0.144944 0.567885 0.155587 0.552133 0.155281 0.551801 0.154475 0.551024 0.153290 0.549920 0.151907 0.548657 0.150534 0.547425 0.149378 0.546410 0.148615 0.545766 0.148363 0.545593 0.132848 0.556990
0 0.538182 0.612597 0.538266 0.614835 0.538558 0.617319 0.539014 0.619677 0.539565 0.621551 0.540129 0.622658 0.540620 0.622825 0.544789 0.623893 0.562286 0.618322 0.562569 0.617716 0.562695 0.616477 0.562644 0.614792 0.562424 0.612919 0.562069 0.611146 0.561633 0.609746 0.561183 0.608931 0.560789 0.608825 0.542328 0.608024 0.538657 0.610123 0.538319 0.610942
0 0.776886 0.769983 0.777136 0.770634 0.778037 0.771505 0.779452 0.772462 0.781168 0.773359 0.782919 0.774058 0.784437 0.774451 0.785489 0.774480 0.785916 0.774139 0.796346 0.759180 0.796448 0.754925 0.796080 0.754083 0.794850 0.752951 0.792948 0.751703 0.790664 0.750527 0.788341 0.749600 0.786329 0.749060 0.784930 0.748991 0.784360 0.749404 0.781246 0.752274
0 0.407482 0.249250 0.409166 0.253318 0.424405 0.264584 0.424527 0.264498 0.425153 0.263912 0.426190 0.262915 0.427479 0.261659 0.428823 0.260336 0.430015 0.259150 0.430872 0.258282 0.431264 0.257865 0.420595 0.242064 0.416625 0.240237 0.416076 0.240767 0.414911 0.241906 0.413305 0.243482 0.411507 0.245253 0.409792 0.246945 0.408426 0.248299 0.407616 0.249107
0 0.192385 0.511141 0.194342 0.514956 0.194932 0.515349 0.196428 0.515599 0.198599 0.515669 0.201116 0.515549 0.203601 0.515257 0.205679 0.514838 0.207036 0.514354 0.207467 0.513878 0.208783 0.509803 0.204043 0.491983 0.203614 0.491658 0.202501 0.491441 0.200872 0.491366 0.198975 0.491444 0.197102 0.491664 0.195541 0.491991 0.194531 0.492376 0.194224 0.492760
0 0.598520 0.903155 0.615135 0.912730 0.619478 0.912548 0.619670 0.911946 0.620136 0.910477 0.620974 0.907834 0.622895 0.901775 0.623300 0.900497 0.623364 0.900295 0.623484 0.899916 0.620148 0.896951 0.601545 0.893717 0.601378 0.894143 0.601005 0.895225 0.600484 0.896799 0.599893 0.898625 0.599323 0.900422 0.598862 0.901915 0.598580 0.902874
0 0.808897 0.163368 0.810114 0.167228 0.810502 0.168294 0.811825 0.169256 0.813878 0.169970 0.816354 0.170329 0.818879 0.170280 0.821074 0.169828 0.822605 0.169040 0.823236 0.168036 0.825292 0.164368 0.823909 0.146890 0.823634 0.146064 0.822651 0.145319 0.821108 0.144768 0.819242 0.144498 0.817339 0.144548 0.815692 0.144912 0.814552 0.145532 0.814091 0.146314
0 0.023584 0.586428 0.023814 0.586817 0.024838 0.587726 0.026501 0.589019 0.028547 0.590496 0.030662 0.591930 0.032519 0.593100 0.033836 0.593828 0.034412 0.594004 0.038305 0.591691 0.047280 0.574853 0.047080 0.574578 0.046297 0.573913 0.045052 0.572961 0.043533 0.571864 0.041970 0.570789 0.040597 0.569899 0.039624 0.569327 0.039200 0.569162 0.024782 0.582219
0 0.278736 0.860399 0.278891 0.862039 0.279407 0.863853 0.280206 0.865560 0.281166 0.866900 0.282138 0.867667 0.282974 0.867745 0.300179 0.863893 0.303101 0.860852 0.303831 0.860035 0.304097 0.858414 0.303860 0.856238 0.303159 0.853836 0.302099 0.851570 0.300839 0.849781 0.299569 0.848739 0.298482 0.848604 0.294415 0.848588 0.279545 0.858573 0.278966 0.859182
0 0.455093 0.083428 0.455184 0.083771 0.458671 0.086477 0.477278 0.088247 0.477556 0.087773 0.477975 0.086631 0.478472 0.084995 0.478970 0.083114 0.479393 0.081276 0.479676 0.079764 0.479775 0.078810 0.479677 0.078559 0.462638 0.070283 0.458352 0.070808 0.458014 0.071472 0.457488 0.073017 0.456854 0.075207 0.456208 0.077710 0.455647 0.080148 0.455256 0.082155
0 0.001663 0.471155 0.002034 0.473004 0.002748 0.474701 0.003695 0.475986 0.004730 0.476664 0.021831 0.476136 0.023404 0.476084 0.026594 0.473753 0.027559 0.472778 0.028092 0.471018 0.028114 0.468740 0.027623 0.466287 0.026692 0.464028 0.025461 0.462305 0.024115 0.461378 0.020308 0.460626 0.018729 0.460644 0.002873 0.467393 0.002119 0.468117 0.001694 0.469438
0 0.334118 0.665961 0.334181 0.666522 0.347363 0.679376 0.351567 0.680249 0.352186 0.680157 0.353270 0.679263 0.354654 0.677705 0.356128 0.675722 0.357470 0.673611 0.358479 0.671690 0.359002 0.670249 0.358958 0.669507 0.356605 0.665960 0.339734 0.658504 0.339255 0.658545 0.338424 0.659190 0.337368 0.660344 0.336248 0.661830 0.335237 0.663421 0.334488 0.664873
0 0.560181 0.163190 0.560225 0.163925 0.564584 0.181432 0.567609 0.184193 0.568535 0.184691 0.570195 0.184666 0.572339 0.184124 0.574642 0.183147 0.576758 0.181883 0.578369 0.180519 0.579228 0.179264 0.579203 0.178307 0.579066 0.174071 0.568886 0.159497 0.568192 0.159093 0.566941 0.159087 0.565323 0.159483 0.563587 0.160219 0.562000 0.161183 0.560803 0.162227
0 0.354244 0.834358 0.354516 0.838758 0.355314 0.839226 0.356924 0.839897 0.359101 0.840667 0.361510 0.841419 0.363781 0.842035 0.365563 0.842423 0.366586 0.842522 0.369327 0.839063 0.369459 0.838818 0.372133 0.819814 0.371517 0.819489 0.370305 0.819009 0.368683 0.818448 0.366895 0.817890 0.365211 0.817420 0.363885 0.817108 0.363119 0.817003 0.363031 0.817121
0 0.698074 0.030911 0.698118 0.031612 0.715401 0.038470 0.719736 0.037609 0.719997 0.037535 0.720458 0.036475 0.721051 0.034593 0.721684 0.032173 0.722263 0.029580 0.722702 0.027202 0.722932 0.025401 0.722918 0.024453 0.719368 0.022031 0.700468 0.021766 0.700249 0.021802 0.699883 0.022585 0.699426 0.023997 0.698948 0.025821 0.698524 0.027777 0.698217 0.029564
0 0.283611 0.639284 0.283761 0.639390 0.284701 0.640016 0.286283 0.641063 0.288269 0.642373 0.290358 0.643749 0.292237 0.644983 0.293622 0.645890 0.294303 0.646330 0.297913 0.643830 0.305703 0.626564 0.305620 0.626468 0.304941 0.625982 0.303769 0.625180 0.302281 0.624185 0.300706 0.623148 0.299286 0.622229 0.298239 0.621569 0.297724 0.621269 0.284561 0.635019
0 0.253367 1.000000 0.268449 1.000000 0.270258 0.993918 0.272691 0.983615 0.272195 0.983031 0.271094 0.982298 0.269557 0.981527 0.267816 0.980835 0.266134 0.980326 0.264765 0.980078 0.263917 0.980128 0.253799 0.996848 0.253449 0.997456
0 0.881043 0.398595 0.893526 0.412783 0.897794 0.414086 0.898178 0.413658 0.899164 0.412532 0.900604 0.410877 0.902279 0.408946 0.903929 0.407036 0.905301 0.405442 0.906184 0.404408 0.906445 0.404091 0.904328 0.400290 0.887491 0.391100 0.887272 0.391322 0.886595 0.392082 0.885560 0.393266 0.884327 0.394693 0.883085 0.396143 0.882025 0.397394 0.881309 0.398255
0 0.862715 0.739273 0.869471 0.755872 0.870035 0.756518 0.871259 0.756945 0.872955 0.757087 0.874866 0.756922 0.876697 0.756474 0.878168 0.755813 0.879054 0.755040 0.879219 0.754273 0.878991 0.736564 0.876600 0.733092 0.875834 0.732270 0.874196 0.731742 0.871939 0.731584 0.869405 0.731821 0.866975 0.732414 0.865015 0.733277 0.863820 0.734278 0.863575 0.735267
0 0.228828 0.028461 0.228904 0.029168 0.232356 0.032169 0.251232 0.035449 0.251471 0.035243 0.251885 0.034345 0.252411 0.032892 0.252970 0.031104 0.253476 0.029251 0.253854 0.027612 0.254046 0.026436 0.254022 0.025903 0.236977 0.016210 0.232596 0.016392 0.232244 0.016637 0.231663 0.017822 0.230940 0.019769 0.230188 0.022178 0.229522 0.024678 0.229044 0.026885
0 0.875573 0.384211 0.877868 0.387826 0.878250 0.388282 0.879571 0.388507 0.881629 0.388469 0.884113 0.388172 0.886649 0.387663 0.888856 0.387017 0.890399 0.386331 0.891041 0.385709 0.892030 0.381558 0.885711 0.364267 0.885434 0.363895 0.884446 0.363703 0.882897 0.363720 0.881025 0.363943 0.879117 0.364339 0.877466 0.364846 0.876324 0.365387 0.875863 0.365879
0 0.108734 0.068531 0.117744 0.086242 0.118163 0.086485 0.119240 0.086514 0.120809 0.086324 0.122632 0.085945 0.124435 0.085434 0.125944 0.084869 0.126932 0.084334 0.127247 0.083911 0.124621 0.064679 0.121773 0.061039 0.121219 0.060669 0.119777 0.060588 0.117666 0.060811 0.115207 0.061305 0.112779 0.061993 0.110756 0.062769 0.109448 0.063515 0.109054 0.064116
