0 0.404788 0.851556 0.404897 0.851859 0.405725 0.852774 0.407147 0.854163 0.408948 0.855814 0.410850 0.857473 0.412560 0.858884 0.413816 0.859830 0.414426 0.860169 0.418283 0.858081 0.428026 0.841410 0.427914 0.841197 0.427270 0.840528 0.426193 0.839508 0.424846 0.838290 0.423435 0.837059 0.422170 0.836000 0.421244 0.835274 0.420798 0.834991 0.406236 0.847326
0 0.921135 0.525239 0.921339 0.525501 0.922051 0.526243 0.923162 0.527351 0.924504 0.528658 0.925875 0.529966 0.927067 0.531079 0.927900 0.531827 0.928246 0.532095 0.944318 0.521377 0.946109 0.517397 0.945876 0.517033 0.944949 0.516024 0.943467 0.514524 0.941658 0.512764 0.939802 0.511013 0.938183 0.509543 0.937050 0.508577 0.936572 0.508260 0.932409 0.509954
0 0.646678 0.147753 0.646773 0.148093 0.647147 0.149063 0.647743 0.150517 0.648469 0.152232 0.649217 0.153949 0.649873 0.155411 0.650338 0.156394 0.650541 0.156751 0.668871 0.151717 0.671947 0.148465 0.671864 0.148012 0.671403 0.146708 0.670631 0.144749 0.669668 0.142434 0.668661 0.140120 0.667765 0.138163 0.667118 0.136864 0.666818 0.136418 0.662455 0.136671
0 0.490265 0.486869 0.490672 0.487507 0.491622 0.488447 0.492971 0.489545 0.494511 0.490633 0.496006 0.491544 0.497227 0.492137 0.497987 0.492324 0.511036 0.479295 0.511317 0.478911 0.512292 0.474791 0.511714 0.473961 0.510426 0.472730 0.508624 0.471284 0.506581 0.469841 0.504603 0.468618 0.502989 0.467799 0.501983 0.467510 0.498440 0.469816 0.498131 0.470181
0 0.010590 0.677438 0.010700 0.677922 0.014087 0.680715 0.033494 0.683345 0.033814 0.682996 0.034350 0.681998 0.035019 0.680505 0.035722 0.678744 0.036351 0.676979 0.036811 0.675478 0.037034 0.674468 0.036984 0.674103 0.019956 0.665289 0.015405 0.665578 0.014944 0.666014 0.014194 0.667326 0.013268 0.669317 0.012307 0.671684 0.011459 0.674061 0.010856 0.676082
0 0.561315 0.610027 0.561368 0.610871 0.561938 0.612407 0.562936 0.614401 0.564211 0.616553 0.565572 0.618539 0.566814 0.620060 0.567749 0.620884 0.568233 0.620882 0.572481 0.620159 0.586259 0.607896 0.586249 0.607259 0.585843 0.606099 0.585103 0.604593 0.584142 0.602970 0.583107 0.601482 0.582157 0.600355 0.581438 0.599762 0.581059 0.599791 0.563830 0.606600
0 0.074382 0.547349 0.074929 0.549173 0.076133 0.550647 0.077809 0.551549 0.082434 0.553939 0.085549 0.554254 0.088548 0.553354 0.090974 0.551374 0.092457 0.548617 0.092773 0.545502 0.091872 0.542503 0.089892 0.540078 0.087136 0.538594 0.084021 0.538279 0.081022 0.539179 0.078596 0.541159 0.075476 0.543779 0.074573 0.545455
0 0.434725 0.440321 0.434879 0.442189 0.435241 0.444522 0.435756 0.446970 0.436347 0.449164 0.436924 0.450773 0.437400 0.451553 0.441594 0.452325 0.458951 0.445563 0.459207 0.445426 0.459295 0.444593 0.459201 0.443191 0.458941 0.441432 0.458552 0.439587 0.458096 0.437939 0.457642 0.436740 0.457260 0.436174 0.438728 0.436649 0.435100 0.439007 0.434802 0.439202
0 0.683817 0.975217 0.684539 0.978264 0.686371 0.980803 0.691076 0.984844 0.692696 0.985843 0.694575 0.986147 0.696427 0.985709 0.697971 0.984595 0.698971 0.982975 0.699274 0.981095 0.699855 0.974638 0.699134 0.971591 0.697302 0.969052 0.694637 0.967408 0.691546 0.966908 0.688500 0.967630 0.685961 0.969462 0.684317 0.972126
0 0.727478 0.951303 0.727511 0.951733 0.741855 0.965222 0.746169 0.966131 0.746751 0.965870 0.747749 0.964782 0.749013 0.963033 0.750348 0.960891 0.751548 0.958686 0.752429 0.956758 0.752856 0.955401 0.752767 0.954820 0.750106 0.951095 0.732472 0.943289 0.732056 0.943512 0.731327 0.944341 0.730397 0.945649 0.729407 0.947239 0.728504 0.948870 0.727827 0.950297
0 0.953104 0.684401 0.953495 0.686872 0.954321 0.689257 0.955459 0.691197 0.956738 0.692397 0.957964 0.692671 0.962064 0.693553 0.978228 0.687099 0.978990 0.686571 0.979453 0.685394 0.979545 0.683749 0.979250 0.681886 0.978615 0.680093 0.977737 0.678644 0.976752 0.677760 0.975809 0.677575 0.958062 0.677637 0.954767 0.679931 0.953791 0.680646 0.953208 0.682216
0 0.014675 0.233108 0.015277 0.233915 0.016592 0.235241 0.018418 0.236884 0.020479 0.238595 0.022465 0.240117 0.024076 0.241220 0.025070 0.241738 0.028969 0.239817 0.029257 0.239630 0.038722 0.223657 0.038303 0.223040 0.037344 0.222030 0.035988 0.220780 0.034443 0.219483 0.032947 0.218336 0.031728 0.217516 0.030974 0.217149 0.016258 0.228813 0.015996 0.229024
0 0.187081 0.278903 0.187240 0.280782 0.187666 0.282618 0.188295 0.284130 0.189028 0.285087 0.189753 0.285345 0.207729 0.286557 0.211288 0.284504 0.212066 0.283868 0.212572 0.282349 0.212731 0.280180 0.212520 0.277688 0.211970 0.275247 0.211164 0.273225 0.210223 0.271930 0.209289 0.271561 0.205223 0.270386 0.188230 0.275667 0.187618 0.276134 0.187214 0.277270
0 0.858672 0.300535 0.858849 0.301163 0.860227 0.305189 0.874697 0.316318 0.875416 0.316299 0.876593 0.315775 0.878051 0.314824 0.879566 0.313590 0.880906 0.312263 0.881865 0.311047 0.882295 0.310128 0.882133 0.309646 0.872622 0.294015 0.868765 0.292214 0.867817 0.292281 0.866262 0.293018 0.864338 0.294310 0.862337 0.295960 0.860560 0.297721 0.859273 0.299326
0 0.413854 0.131875 0.413869 0.133433 0.414063 0.135309 0.414407 0.137214 0.414847 0.138855 0.415316 0.139983 0.415743 0.140427 0.434146 0.141035 0.437828 0.138810 0.438218 0.138405 0.438409 0.137065 0.438372 0.134994 0.438115 0.132506 0.437674 0.129975 0.437118 0.127781 0.436528 0.126257 0.435995 0.125638 0.431848 0.124579 0.414342 0.130579 0.414021 0.130873
0 0.837164 0.503212 0.837541 0.503525 0.838592 0.503973 0.840160 0.504488 0.842006 0.504991 0.843845 0.505406 0.845396 0.505668 0.846421 0.505737 0.846764 0.505604 0.854764 0.488602 0.854200 0.484326 0.853667 0.483942 0.852241 0.483378 0.850141 0.482719 0.847686 0.482066 0.845246 0.481516 0.843186 0.481152 0.841820 0.481029 0.841354 0.481167 0.838717 0.484646
0 0.410542 0.293178 0.410575 0.294331 0.410849 0.295943 0.411322 0.297769 0.411921 0.299527 0.412554 0.300947 0.413124 0.301814 0.413545 0.301997 0.431923 0.300102 0.435266 0.297454 0.435508 0.296758 0.435432 0.295222 0.435052 0.293083 0.434425 0.290661 0.433645 0.288321 0.432830 0.286417 0.432101 0.285236 0.431572 0.284962 0.427299 0.284498 0.410754 0.292661
0 0.689840 0.144224 0.689883 0.144579 0.690186 0.145573 0.690703 0.147054 0.691355 0.148798 0.692044 0.150540 0.692665 0.152018 0.693125 0.153008 0.693353 0.153360 0.711900 0.148940 0.715107 0.145788 0.715094 0.145316 0.714728 0.143982 0.714063 0.141986 0.713201 0.139634 0.712273 0.137286 0.711424 0.135306 0.710783 0.133998 0.710448 0.133558 0.706070 0.133663
0 0.941570 0.816621 0.942199 0.834568 0.942754 0.835326 0.943986 0.836096 0.945708 0.836760 0.947658 0.837215 0.949535 0.837393 0.951052 0.837265 0.951976 0.836851 0.957920 0.820363 0.958227 0.819335 0.957153 0.815264 0.956385 0.814286 0.954723 0.813296 0.952422 0.812443 0.949831 0.811854 0.947341 0.811619 0.945325 0.811772 0.944088 0.812291 0.941910 0.815605
0 0.838021 0.050016 0.838400 0.052489 0.839138 0.054448 0.840124 0.055598 0.843708 0.056834 0.845072 0.057042 0.862066 0.051948 0.862858 0.051306 0.863483 0.050000 0.863843 0.048226 0.863884 0.046256 0.863599 0.044393 0.863030 0.042921 0.862267 0.042068 0.861426 0.041961 0.843965 0.040365 0.840318 0.042415 0.839299 0.043288 0.838506 0.045040 0.838058 0.047402
0 0.005925 0.707227 0.006569 0.709019 0.007849 0.710428 0.009571 0.711240 0.015259 0.711570 0.018387 0.711719 0.021333 0.710661 0.023651 0.708556 0.024986 0.705724 0.025136 0.702597 0.024078 0.699650 0.021972 0.697333 0.019141 0.695998 0.016013 0.695848 0.013067 0.696906 0.010750 0.699011 0.006829 0.703604 0.006017 0.705326
0 0.829610 0.801500 0.837445 0.817509 0.837985 0.818231 0.839174 0.818687 0.840831 0.818806 0.842704 0.818569 0.844506 0.818011 0.845958 0.817218 0.846840 0.816313 0.847017 0.815434 0.845588 0.797998 0.844670 0.796836 0.842248 0.793776 0.840659 0.793209 0.838455 0.793082 0.835972 0.793415 0.833582 0.794155 0.831646 0.795192 0.830455 0.796369 0.830192 0.797510
0 0.639258 0.582634 0.639582 0.584255 0.640344 0.586351 0.641427 0.588605 0.642669 0.590680 0.643883 0.592262 0.644885 0.593111 0.645523 0.593093 0.649795 0.592751 0.664354 0.581822 0.664508 0.581147 0.664287 0.579925 0.663726 0.578343 0.662909 0.576644 0.661963 0.575088 0.661033 0.573914 0.660261 0.573300 0.659764 0.573340 0.642164 0.578564 0.639421 0.581735
0 0.195594 0.757718 0.195780 0.759226 0.196391 0.760927 0.197333 0.762560 0.198462 0.763875 0.199604 0.764669 0.200585 0.764824 0.217091 0.759191 0.218172 0.758356 0.220573 0.755216 0.220887 0.753775 0.220608 0.751778 0.219781 0.749526 0.218531 0.747359 0.217045 0.745603 0.215548 0.744523 0.214266 0.744284 0.210294 0.744701 0.209195 0.745505 0.195860 0.756634
0 0.099961 0.982000 0.100170 0.985156 0.100580 0.986143 0.101703 0.988419 0.103613 0.990092 0.106017 0.990906 0.106947 0.991093 0.110103 0.990884 0.112940 0.989483 0.115024 0.987103 0.116039 0.984107 0.117913 0.977328 0.117789 0.975459 0.116960 0.973779 0.115551 0.972545 0.113777 0.971944 0.111908 0.972067 0.110228 0.972897 0.103061 0.976624 0.100976 0.979004
0 0.833171 0.438187 0.849472 0.448030 0.853935 0.448039 0.854172 0.447784 0.854761 0.446658 0.855615 0.444829 0.856603 0.442576 0.857573 0.440246 0.858375 0.438198 0.858886 0.436747 0.859030 0.436112 0.855828 0.433124 0.836953 0.429255 0.836799 0.429470 0.836381 0.430331 0.835764 0.431705 0.835041 0.433384 0.834321 0.435113 0.833713 0.436633 0.833310 0.437712
0 0.859013 0.564329 0.873560 0.576787 0.877978 0.577563 0.878288 0.577477 0.879084 0.576578 0.880246 0.575000 0.881596 0.572985 0.882927 0.570840 0.884033 0.568898 0.884745 0.567457 0.884955 0.566735 0.882269 0.563253 0.864205 0.556214 0.863992 0.556307 0.863416 0.557002 0.862568 0.558192 0.861575 0.559697 0.860587 0.561288 0.859754 0.562727 0.859201 0.563794
0 0.878102 0.730968 0.878251 0.732269 0.879362 0.736090 0.893071 0.747406 0.893800 0.747971 0.895018 0.748022 0.896541 0.747549 0.898136 0.746622 0.899559 0.745384 0.900589 0.744025 0.901071 0.742753 0.900931 0.741764 0.892465 0.726637 0.891252 0.725740 0.887770 0.723984 0.886159 0.723955 0.884146 0.724614 0.882039 0.725859 0.880152 0.727501 0.878770 0.729294
0 0.373541 0.892693 0.373574 0.893052 0.374372 0.893969 0.375815 0.895304 0.377686 0.896855 0.379695 0.898382 0.381533 0.899650 0.382918 0.900465 0.383639 0.900703 0.387362 0.898351 0.396111 0.880969 0.396056 0.880716 0.395435 0.880049 0.394342 0.879069 0.392945 0.877926 0.391454 0.876793 0.390094 0.875840 0.389070 0.875211 0.388540 0.875003 0.374741 0.888351
0 0.618497 0.249125 0.618962 0.250333 0.620228 0.251750 0.622103 0.253159 0.624303 0.254350 0.626497 0.255144 0.628354 0.255421 0.629594 0.255136 0.632751 0.252622 0.633296 0.251610 0.638795 0.234848 0.638470 0.233923 0.637535 0.232841 0.636131 0.231769 0.634473 0.230871 0.632815 0.230285 0.631414 0.230101 0.630481 0.230346 0.619403 0.244085 0.618889 0.245114
0 0.719747 0.568373 0.719885 0.569224 0.720156 0.570639 0.720522 0.572402 0.720924 0.574245 0.721302 0.575882 0.721597 0.577064 0.721765 0.577610 0.740769 0.577029 0.744426 0.574647 0.744406 0.574424 0.744183 0.573282 0.743792 0.571398 0.743292 0.569057 0.742758 0.566613 0.742271 0.564434 0.741904 0.562847 0.741712 0.562094 0.737388 0.561344 0.719765 0.568215
0 0.653917 0.205597 0.654107 0.207718 0.654712 0.210121 0.655642 0.212443 0.656755 0.214336 0.657886 0.215514 0.658863 0.215796 0.662965 0.216008 0.678491 0.206794 0.679021 0.206288 0.679245 0.205150 0.679126 0.203553 0.678682 0.201740 0.677981 0.199989 0.677131 0.198570 0.676263 0.197700 0.675509 0.197510 0.657946 0.200514 0.654839 0.203398 0.654174 0.204079
0 0.775084 0.221290 0.775095 0.221654 0.793745 0.225157 0.797932 0.223569 0.798037 0.223059 0.798179 0.221624 0.798337 0.219479 0.798485 0.216951 0.798602 0.214430 0.798669 0.212304 0.798676 0.210900 0.798623 0.210430 0.794599 0.208741 0.775581 0.211826 0.775532 0.212222 0.775454 0.213304 0.775358 0.214906 0.775260 0.216784 0.775173 0.218655 0.775111 0.220237
0 0.899574 0.804204 0.899627 0.805195 0.899813 0.806732 0.900103 0.808582 0.900454 0.810467 0.900813 0.812102 0.901126 0.813239 0.901345 0.813703 0.920842 0.814848 0.924682 0.812746 0.924842 0.812367 0.924803 0.811044 0.924570 0.808977 0.924179 0.806484 0.923690 0.803949 0.923179 0.801761 0.922723 0.800256 0.922393 0.799659 0.917990 0.798497 0.899663 0.803911
0 0.238469 0.378282 0.238547 0.379168 0.249658 0.392996 0.250613 0.393572 0.254441 0.394823 0.255759 0.394513 0.257435 0.393486 0.259216 0.391899 0.260833 0.389990 0.262044 0.388048 0.262665 0.386364 0.262600 0.385194 0.260805 0.381545 0.259872 0.380942 0.244659 0.371955 0.243657 0.372159 0.242384 0.372912 0.241034 0.374098 0.239815 0.375537 0.238914 0.377006
0 0.921032 0.551799 0.921161 0.553617 0.921845 0.554742 0.924568 0.557644 0.925996 0.557972 0.942816 0.561761 0.943902 0.561282 0.945031 0.560191 0.946029 0.558656 0.946744 0.556911 0.947065 0.555224 0.946943 0.553855 0.946399 0.553012 0.931985 0.543351 0.930543 0.543054 0.926629 0.543063 0.925210 0.543732 0.923734 0.545202 0.922423 0.547249 0.921476 0.549564
0 0.952941 0.834749 0.953047 0.835791 0.953339 0.836163 0.971513 0.844258 0.975915 0.843723 0.976532 0.843258 0.977244 0.841883 0.977939 0.839807 0.978512 0.837349 0.978874 0.834888 0.978969 0.832801 0.978784 0.831409 0.978348 0.830920 0.974563 0.828264 0.955190 0.826594 0.954755 0.826962 0.954247 0.827998 0.953742 0.829546 0.953317 0.831370 0.953036 0.833196
0 0.611564 0.962138 0.611625 0.963478 0.611893 0.965254 0.612328 0.967196 0.612863 0.969004 0.613417 0.970401 0.613903 0.971172 0.614248 0.971203 0.632859 0.970336 0.636303 0.967802 0.636467 0.966854 0.636346 0.965063 0.635958 0.962701 0.635365 0.960128 0.634655 0.957729 0.633935 0.955866 0.633313 0.954821 0.629140 0.954117 0.628595 0.954031 0.611719 0.961436
0 0.894746 0.493144 0.894862 0.494841 0.895589 0.496938 0.896815 0.499119 0.898357 0.501055 0.899982 0.502454 0.901446 0.503104 0.905343 0.502560 0.906700 0.502306 0.919858 0.490678 0.920273 0.489895 0.920209 0.488614 0.919674 0.487030 0.918750 0.485386 0.917578 0.483936 0.916339 0.482900 0.915223 0.482437 0.914399 0.482616 0.897615 0.488819 0.895259 0.492103
0 0.598660 0.088055 0.602636 0.105526 0.605613 0.108307 0.606475 0.108955 0.608097 0.109070 0.610233 0.108634 0.612559 0.107715 0.614727 0.106452 0.616410 0.105033 0.617351 0.103672 0.617404 0.102577 0.617365 0.098359 0.607469 0.083743 0.606823 0.083226 0.605602 0.083116 0.603991 0.083431 0.602238 0.084123 0.600610 0.085087 0.599360 0.086173 0.598675 0.087215
