0 0.351204 0.809678 0.351276 0.810793 0.351844 0.812236 0.352823 0.813787 0.354063 0.815208 0.355373 0.816280 0.356553 0.816839 0.357422 0.816801 0.372798 0.808089 0.373476 0.807061 0.375296 0.803517 0.375162 0.802044 0.374378 0.800138 0.373064 0.798088 0.371419 0.796204 0.369690 0.794767 0.368138 0.793996 0.366997 0.794009 0.363109 0.795185 0.351639 0.809061
0 0.614183 0.874631 0.614260 0.875434 0.615031 0.876348 0.616382 0.877233 0.618106 0.877952 0.619939 0.878396 0.621598 0.878496 0.622831 0.878237 0.623449 0.877659 0.631123 0.861765 0.630957 0.860453 0.630437 0.856535 0.629383 0.855349 0.627571 0.854200 0.625277 0.853261 0.622846 0.852672 0.620643 0.852523 0.619002 0.852835 0.618170 0.853565 0.615635 0.856743
0 0.817698 0.246826 0.817832 0.247708 0.818203 0.249110 0.818753 0.250819 0.819401 0.252577 0.820048 0.254118 0.820596 0.255210 0.820962 0.255686 0.839820 0.251873 0.843184 0.248865 0.843394 0.248566 0.843256 0.247385 0.842789 0.245498 0.842063 0.243193 0.841191 0.240825 0.840305 0.238759 0.839544 0.237312 0.839022 0.236704 0.834612 0.236681 0.817821 0.246600
0 0.059043 0.633088 0.059409 0.634316 0.060326 0.635707 0.061654 0.637045 0.063190 0.638126 0.064696 0.638784 0.065943 0.638919 0.066742 0.638513 0.081199 0.628086 0.082568 0.624301 0.082850 0.623144 0.082334 0.621524 0.081102 0.619689 0.079340 0.617913 0.077313 0.616465 0.075325 0.615562 0.073678 0.615344 0.070093 0.616897 0.068766 0.617528 0.059283 0.632209
0 0.486874 0.926275 0.496186 0.943294 0.499995 0.945454 0.500476 0.945262 0.501641 0.944438 0.503314 0.943107 0.505237 0.941472 0.507114 0.939787 0.508657 0.938311 0.509629 0.937268 0.509886 0.936817 0.508550 0.932510 0.494291 0.919838 0.493940 0.920013 0.493080 0.920649 0.491843 0.921649 0.490416 0.922861 0.489013 0.924104 0.487847 0.925189 0.487096 0.925952
0 0.095024 0.915098 0.095212 0.916376 0.095923 0.918236 0.097048 0.920392 0.098416 0.922513 0.099815 0.924272 0.101030 0.925399 0.101876 0.925723 0.106218 0.924759 0.120775 0.911167 0.121011 0.910794 0.120839 0.909848 0.120288 0.908472 0.119440 0.906877 0.118425 0.905303 0.117395 0.903987 0.116507 0.903129 0.115894 0.902859 0.098100 0.910858 0.095385 0.914593
0 0.760445 0.238996 0.760564 0.239561 0.762407 0.243439 0.778093 0.253043 0.778706 0.252917 0.779730 0.252242 0.781009 0.251120 0.782349 0.249722 0.783544 0.248263 0.784408 0.246966 0.784812 0.246031 0.784693 0.245599 0.773402 0.230978 0.769359 0.229583 0.768556 0.229793 0.767210 0.230729 0.765526 0.232246 0.763758 0.234113 0.762174 0.236049 0.761011 0.237763
0 0.855849 0.624584 0.856237 0.625054 0.857291 0.625678 0.858853 0.626362 0.860685 0.627000 0.862505 0.627495 0.864033 0.627770 0.865036 0.627784 0.865361 0.627535 0.874148 0.611184 0.873776 0.606915 0.873227 0.606319 0.871796 0.605519 0.869703 0.604636 0.867266 0.603804 0.864852 0.603147 0.862824 0.602765 0.861487 0.602716 0.861047 0.603007 0.858247 0.606293
0 0.046001 0.879899 0.046141 0.884314 0.046435 0.884869 0.047653 0.885618 0.049613 0.886447 0.052014 0.887227 0.054484 0.887838 0.056644 0.888188 0.058164 0.888222 0.058815 0.887937 0.061833 0.884435 0.065272 0.865381 0.065030 0.864990 0.064107 0.864452 0.062644 0.863848 0.060863 0.863269 0.059032 0.862802 0.057427 0.862519 0.056293 0.862462 0.055803 0.862641
0 0.327755 0.462793 0.327842 0.463221 0.328747 0.464107 0.330327 0.465315 0.332343 0.466661 0.334491 0.467944 0.336447 0.468970 0.337918 0.469584 0.338678 0.469692 0.342149 0.467166 0.349107 0.449904 0.349069 0.449566 0.348416 0.448884 0.347245 0.447960 0.345734 0.446937 0.344115 0.445970 0.342637 0.445208 0.341526 0.444769 0.340952 0.444719 0.328506 0.458539
0 0.871615 0.504805 0.872001 0.506638 0.873060 0.508183 0.875762 0.510611 0.878411 0.512339 0.881521 0.512921 0.884616 0.512269 0.887227 0.510482 0.888955 0.507832 0.889536 0.504722 0.888885 0.501627 0.887097 0.499016 0.884447 0.497289 0.881338 0.496707 0.878242 0.497359 0.875632 0.499146 0.872983 0.501395 0.871960 0.502964
0 0.717388 0.087494 0.717704 0.092496 0.718307 0.094269 0.719544 0.095676 0.721225 0.096503 0.723094 0.096624 0.724867 0.096020 0.729487 0.093446 0.731863 0.091358 0.733259 0.088519 0.733463 0.085362 0.732443 0.082367 0.730355 0.079991 0.727516 0.078595 0.724360 0.078391 0.721365 0.079411 0.718988 0.081499 0.717592 0.084338
0 0.957253 0.831836 0.957287 0.833447 0.966802 0.848281 0.967548 0.849031 0.968898 0.849433 0.970646 0.849423 0.972526 0.849002 0.974248 0.848234 0.975548 0.847237 0.976228 0.846165 0.976184 0.845182 0.972945 0.828234 0.969987 0.825288 0.968984 0.824328 0.967186 0.823834 0.964866 0.823879 0.962377 0.824455 0.960092 0.825473 0.958355 0.826781 0.957429 0.828183
0 0.902728 0.754501 0.902789 0.755457 0.903012 0.755731 0.921231 0.763176 0.925601 0.762510 0.926110 0.761917 0.926712 0.760439 0.927314 0.758300 0.927823 0.755828 0.928162 0.753405 0.928279 0.751403 0.928155 0.750127 0.927812 0.749770 0.924002 0.747261 0.904696 0.746209 0.904343 0.746671 0.903916 0.747783 0.903481 0.749377 0.903102 0.751212 0.902838 0.753010
0 0.816668 0.791468 0.816944 0.793321 0.818113 0.798324 0.819743 0.801035 0.822286 0.802917 0.825355 0.803682 0.828484 0.803215 0.831196 0.801586 0.833078 0.799043 0.833843 0.795973 0.833376 0.792845 0.831746 0.790133 0.829203 0.788251 0.826134 0.787486 0.821693 0.786904 0.819841 0.787180 0.818235 0.788145 0.817121 0.789651
0 0.848046 0.957864 0.848235 0.958632 0.848780 0.959962 0.849600 0.961652 0.850568 0.963444 0.851537 0.965062 0.852357 0.966258 0.852902 0.966849 0.870956 0.961539 0.871234 0.961377 0.873972 0.958075 0.873674 0.957049 0.872906 0.955281 0.871788 0.953042 0.870489 0.950671 0.869204 0.948524 0.868127 0.946925 0.867420 0.946115 0.863064 0.946429 0.862770 0.946560
0 0.499944 0.418087 0.500305 0.418675 0.501179 0.419630 0.502432 0.420805 0.503873 0.422022 0.505280 0.423092 0.506437 0.423853 0.507167 0.424187 0.507362 0.424046 0.521608 0.411942 0.522941 0.407874 0.522422 0.407108 0.521234 0.405855 0.519558 0.404304 0.517646 0.402690 0.515787 0.401256 0.514260 0.400217 0.513298 0.399732 0.509562 0.401772 0.509242 0.401958
0 0.253518 0.948061 0.253906 0.951201 0.255466 0.953953 0.257961 0.955898 0.261010 0.956741 0.264150 0.956353 0.266902 0.954793 0.268847 0.952298 0.269690 0.949249 0.269526 0.943109 0.269296 0.941250 0.268372 0.939621 0.266895 0.938469 0.265089 0.937970 0.263230 0.938200 0.261601 0.939124 0.256306 0.942518 0.254361 0.945012
0 0.316312 0.609540 0.316493 0.610337 0.317261 0.611410 0.318499 0.612597 0.320018 0.613715 0.321583 0.614592 0.322956 0.615094 0.323926 0.615145 0.324346 0.614739 0.337436 0.602052 0.338370 0.598038 0.338092 0.596997 0.337045 0.595587 0.335390 0.594024 0.333375 0.592541 0.331305 0.591362 0.329490 0.590665 0.328206 0.590557 0.324741 0.592706 0.324039 0.593336
0 0.034529 0.910851 0.034894 0.912907 0.035606 0.915287 0.036555 0.917625 0.037597 0.919561 0.038570 0.920797 0.039324 0.921147 0.043767 0.920987 0.060571 0.910132 0.060859 0.909708 0.060855 0.908653 0.060559 0.907127 0.060018 0.905364 0.059313 0.903629 0.058551 0.902183 0.057846 0.901246 0.057306 0.900961 0.038352 0.905650 0.034997 0.908869 0.034566 0.909434
0 0.434912 0.644559 0.441203 0.662202 0.444588 0.664915 0.444900 0.664988 0.446014 0.664569 0.447759 0.663724 0.449869 0.662583 0.452026 0.661317 0.453907 0.660116 0.455226 0.659162 0.455784 0.658599 0.455196 0.654319 0.443302 0.639861 0.443066 0.639773 0.442227 0.640057 0.440910 0.640670 0.439316 0.641518 0.437689 0.642473 0.436281 0.643386 0.435306 0.644119
0 0.918193 0.143764 0.918574 0.148100 0.918659 0.148423 0.930141 0.163016 0.930876 0.162839 0.932171 0.162300 0.933831 0.161479 0.935601 0.160502 0.937210 0.159519 0.938410 0.158681 0.939018 0.158116 0.933457 0.140165 0.933341 0.139858 0.930009 0.137154 0.929028 0.137435 0.927306 0.138195 0.925108 0.139315 0.922766 0.140626 0.920631 0.141930 0.919026 0.143032
0 0.864921 0.223679 0.864955 0.225552 0.865703 0.227269 0.867051 0.228569 0.868794 0.229255 0.870667 0.229221 0.876294 0.228783 0.879194 0.227520 0.881391 0.225243 0.882548 0.222299 0.882491 0.219136 0.881228 0.216236 0.878951 0.214039 0.876007 0.212882 0.872844 0.212939 0.869944 0.214202 0.867748 0.216479 0.866590 0.219423
0 0.557122 0.061690 0.557259 0.062504 0.567308 0.077438 0.571148 0.078984 0.572005 0.079317 0.573428 0.078875 0.575201 0.077729 0.577057 0.076051 0.578717 0.074095 0.579930 0.072155 0.580512 0.070522 0.580370 0.069449 0.578825 0.065517 0.564137 0.055351 0.563485 0.055073 0.562405 0.055383 0.561063 0.056235 0.559664 0.057499 0.558423 0.058981 0.557531 0.060453
0 0.354520 0.639013 0.355589 0.643229 0.355796 0.643395 0.356940 0.643658 0.358843 0.643978 0.361215 0.644307 0.363700 0.644595 0.365923 0.644799 0.367550 0.644888 0.368332 0.644848 0.370441 0.641045 0.369651 0.622260 0.369515 0.622108 0.368672 0.621884 0.367250 0.621622 0.365466 0.621363 0.363593 0.621146 0.361919 0.621004 0.360700 0.620960 0.360123 0.621019
0 0.216215 0.861630 0.216502 0.862520 0.217484 0.863380 0.219009 0.864077 0.220846 0.864503 0.222712 0.864593 0.224319 0.864334 0.225424 0.863767 0.225859 0.862979 0.232583 0.846484 0.231742 0.842561 0.231334 0.841406 0.230013 0.840291 0.227980 0.839383 0.225543 0.838817 0.223069 0.838680 0.220929 0.838992 0.219449 0.839708 0.217228 0.842920 0.216482 0.844193
0 0.090714 0.465753 0.090828 0.467406 0.091146 0.469644 0.091619 0.472123 0.092174 0.474461 0.092724 0.476299 0.093187 0.477356 0.093491 0.477474 0.097912 0.478307 0.116007 0.471827 0.116054 0.471211 0.115945 0.469977 0.115697 0.468315 0.115346 0.466475 0.114946 0.464735 0.114557 0.463357 0.114238 0.462552 0.114038 0.462444 0.094582 0.462640 0.090819 0.464936
0 0.156077 0.809936 0.157421 0.814096 0.157837 0.814254 0.159199 0.814413 0.161304 0.814549 0.163826 0.814640 0.166377 0.814672 0.168565 0.814641 0.170055 0.814552 0.170624 0.814417 0.172572 0.810347 0.170667 0.791400 0.170341 0.791310 0.169317 0.791214 0.167750 0.791125 0.165878 0.791057 0.163983 0.791021 0.162352 0.791022 0.161231 0.791060 0.160794 0.791130
0 0.029423 0.220866 0.031748 0.224658 0.049214 0.234036 0.049560 0.234194 0.050321 0.233773 0.051379 0.232839 0.052575 0.231535 0.053726 0.230058 0.054660 0.228630 0.055236 0.227467 0.055365 0.226746 0.042056 0.212508 0.041460 0.212196 0.037195 0.210894 0.036153 0.211421 0.034711 0.212649 0.033089 0.214393 0.031537 0.216383 0.030295 0.218314 0.029553 0.219889
0 0.306458 0.791975 0.306497 0.792673 0.309504 0.795749 0.327720 0.799881 0.328083 0.799722 0.328696 0.798895 0.329465 0.797525 0.330274 0.795821 0.330997 0.794046 0.331525 0.792472 0.331775 0.791340 0.331712 0.790819 0.316209 0.780628 0.311870 0.780573 0.311414 0.780816 0.310621 0.781938 0.309612 0.783767 0.308539 0.786027 0.307563 0.788378 0.306832 0.790467
0 0.874856 0.719748 0.875288 0.722212 0.876099 0.724612 0.877168 0.726587 0.878334 0.727836 0.879421 0.728167 0.883556 0.728969 0.899827 0.722128 0.900480 0.721640 0.900847 0.720497 0.900869 0.718872 0.900544 0.717015 0.899920 0.715210 0.899095 0.713736 0.898195 0.712816 0.897357 0.712588 0.879468 0.713026 0.876155 0.715405 0.875324 0.716066 0.874869 0.717591
0 0.547340 0.126485 0.547526 0.126906 0.550810 0.129767 0.569169 0.132476 0.569565 0.132076 0.570131 0.131014 0.570782 0.129450 0.571418 0.127621 0.571941 0.125810 0.572271 0.124293 0.572357 0.123305 0.572187 0.122993 0.555813 0.113915 0.551524 0.114215 0.551027 0.114781 0.550303 0.116222 0.549464 0.118319 0.548634 0.120752 0.547941 0.123155 0.547486 0.125167
0 0.710889 0.952581 0.711660 0.971978 0.714103 0.975849 0.714401 0.976276 0.715624 0.976489 0.717588 0.976453 0.719994 0.976174 0.722472 0.975693 0.724639 0.975085 0.726163 0.974444 0.726813 0.973868 0.727538 0.969494 0.720389 0.951069 0.720158 0.950782 0.719240 0.950655 0.717778 0.950706 0.715992 0.950926 0.714153 0.951283 0.712538 0.951722 0.711392 0.952178
0 0.536521 0.708878 0.536956 0.709451 0.539716 0.712714 0.557007 0.718079 0.557679 0.717855 0.558570 0.716999 0.559543 0.715639 0.560448 0.713985 0.561148 0.712291 0.561533 0.710817 0.561548 0.709787 0.561189 0.709357 0.546738 0.698163 0.542582 0.697808 0.541711 0.698140 0.540548 0.699302 0.539269 0.701117 0.538068 0.703311 0.537124 0.705554 0.536580 0.707508
0 0.231338 0.493040 0.231652 0.493746 0.232324 0.495239 0.233252 0.497294 0.234293 0.499593 0.235288 0.501782 0.236081 0.503526 0.236554 0.504557 0.236635 0.504722 0.241031 0.504542 0.256857 0.494119 0.256823 0.493981 0.256494 0.493198 0.255920 0.491885 0.255188 0.490244 0.254410 0.488527 0.253706 0.486996 0.253183 0.485887 0.252922 0.485369 0.234421 0.489942
0 0.690284 0.903741 0.690297 0.905278 0.690333 0.906231 0.690387 0.906456 0.709029 0.910826 0.713118 0.909381 0.713164 0.908661 0.713212 0.907038 0.713257 0.904763 0.713290 0.902181 0.713307 0.899679 0.713306 0.897635 0.713286 0.896356 0.713251 0.896040 0.709204 0.894158 0.690517 0.896479 0.690453 0.897001 0.690388 0.898206 0.690334 0.899910 0.690297 0.901855
0 0.745177 0.651571 0.752313 0.668251 0.752725 0.668780 0.753805 0.669092 0.755391 0.669138 0.757238 0.668911 0.759066 0.668445 0.760591 0.667812 0.761581 0.667108 0.761886 0.666443 0.761160 0.648513 0.758702 0.645044 0.758140 0.644379 0.756693 0.644003 0.754585 0.643973 0.752134 0.644291 0.749710 0.644909 0.747677 0.645735 0.746343 0.646643 0.745911 0.647498
0 0.284604 0.555469 0.289105 0.573333 0.292227 0.576284 0.292777 0.576529 0.294147 0.576337 0.296126 0.575737 0.298413 0.574823 0.300664 0.573732 0.302541 0.572628 0.303760 0.571678 0.304135 0.571025 0.303987 0.566770 0.293523 0.551562 0.293112 0.551345 0.292083 0.551459 0.290592 0.551887 0.288865 0.552564 0.287168 0.553386 0.285761 0.554228 0.284861 0.554959
0 0.581833 0.855868 0.582181 0.856128 0.583348 0.856833 0.585159 0.857877 0.587338 0.859102 0.589550 0.860319 0.591453 0.861339 0.592755 0.862007 0.593259 0.862222 0.596558 0.859363 0.602267 0.841023 0.601980 0.840849 0.601087 0.840342 0.599724 0.839581 0.598100 0.838681 0.596458 0.837779 0.595048 0.837009 0.594081 0.836489 0.593707 0.836297 0.582278 0.851433
0 0.040528 0.471276 0.040669 0.471964 0.047312 0.488554 0.050802 0.490932 0.051838 0.491293 0.053576 0.491074 0.055751 0.490310 0.058033 0.489118 0.060079 0.487678 0.061581 0.486207 0.062312 0.484926 0.061699 0.481065 0.061507 0.479937 0.049180 0.466825 0.048401 0.466522 0.047091 0.466656 0.045448 0.467209 0.043722 0.468096 0.042180 0.469181 0.041058 0.470298
