0 0.436320 0.275476 0.436776 0.278607 0.438395 0.281324 0.440931 0.283216 0.443997 0.283993 0.447128 0.283537 0.449846 0.281918 0.451737 0.279382 0.452514 0.276315 0.452058 0.273185 0.450439 0.270467 0.447903 0.268576 0.444837 0.267799 0.441706 0.268254 0.438988 0.269874 0.437097 0.272409
0 0.054385 0.094602 0.054940 0.095671 0.056251 0.097184 0.058117 0.098910 0.060254 0.100589 0.062341 0.101968 0.064064 0.102840 0.065163 0.103072 0.068855 0.101075 0.069245 0.100516 0.077470 0.084228 0.077084 0.083413 0.076126 0.082261 0.074740 0.080948 0.073138 0.079673 0.071564 0.078634 0.070263 0.077989 0.069432 0.077838 0.055766 0.089898 0.055401 0.090481
0 0.176314 0.257844 0.181896 0.276252 0.182290 0.276233 0.183367 0.276153 0.184964 0.276024 0.186836 0.275866 0.188702 0.275702 0.190280 0.275558 0.191331 0.275455 0.191696 0.275408 0.192688 0.256477 0.190558 0.252547 0.190047 0.252530 0.188613 0.252599 0.186471 0.252743 0.183949 0.252940 0.181435 0.253160 0.179316 0.253370 0.177918 0.253536 0.177452 0.253634
0 0.388825 0.396679 0.388828 0.397317 0.389250 0.398465 0.390026 0.399949 0.391037 0.401540 0.392129 0.402995 0.393134 0.404089 0.393897 0.404657 0.394304 0.404614 0.411273 0.397273 0.413665 0.393770 0.413620 0.392925 0.413029 0.391406 0.411984 0.389442 0.410642 0.387331 0.409205 0.385390 0.407889 0.383911 0.406894 0.383120 0.406372 0.383140 0.402154 0.383995
0 0.246057 0.605689 0.246616 0.606221 0.247818 0.607333 0.249479 0.608856 0.251345 0.610555 0.253128 0.612169 0.254553 0.613450 0.255404 0.614202 0.255553 0.614312 0.259522 0.612404 0.269940 0.596559 0.269848 0.596453 0.269230 0.595869 0.268178 0.594896 0.266854 0.593681 0.265460 0.592412 0.264210 0.591282 0.263297 0.590466 0.262858 0.590087 0.247664 0.601623
0 0.402197 0.250436 0.402238 0.251547 0.402528 0.253133 0.403022 0.254953 0.403645 0.256726 0.404300 0.258180 0.404888 0.259094 0.405319 0.259331 0.423663 0.257142 0.426970 0.254423 0.427213 0.253796 0.427128 0.252317 0.426727 0.250212 0.426071 0.247798 0.425260 0.245438 0.424414 0.243488 0.423662 0.242244 0.423119 0.241898 0.418843 0.241495 0.402410 0.249971
0 0.481186 0.385719 0.481240 0.386499 0.482890 0.390294 0.483886 0.390841 0.485682 0.391236 0.488006 0.391419 0.490507 0.391363 0.492809 0.391078 0.494565 0.390604 0.495508 0.390015 0.497001 0.386150 0.496982 0.385369 0.493438 0.367641 0.492703 0.367202 0.491359 0.366883 0.489610 0.366733 0.487725 0.366775 0.485993 0.367002 0.484680 0.367380 0.483986 0.367851
0 0.309352 0.303992 0.312017 0.307500 0.329637 0.314607 0.329966 0.314069 0.330619 0.312993 0.331496 0.311544 0.332465 0.309941 0.333379 0.308425 0.334100 0.307226 0.334519 0.306525 0.334570 0.306432 0.320222 0.293823 0.315914 0.293042 0.315449 0.293729 0.314552 0.295151 0.313359 0.297091 0.312055 0.299251 0.310838 0.301299 0.309898 0.302918 0.309377 0.303863
0 0.558593 0.458533 0.558910 0.459220 0.559660 0.460341 0.560729 0.461725 0.561953 0.463159 0.563144 0.464424 0.564119 0.465325 0.564731 0.465725 0.580765 0.456252 0.580988 0.456006 0.582996 0.452236 0.582535 0.451332 0.581510 0.449853 0.580077 0.448025 0.578453 0.446122 0.576882 0.444431 0.575601 0.443206 0.574804 0.442636 0.570755 0.444014 0.570509 0.444233
0 0.862808 0.184460 0.862833 0.185463 0.863053 0.186978 0.863434 0.188777 0.863920 0.190586 0.864435 0.192133 0.864904 0.193184 0.865254 0.193579 0.884422 0.191332 0.888061 0.188578 0.888340 0.188135 0.888348 0.186794 0.888084 0.184756 0.887587 0.182331 0.886933 0.179894 0.886223 0.177819 0.885567 0.176425 0.885064 0.175924 0.880669 0.175525 0.862983 0.184123
0 0.936774 0.766816 0.936868 0.768372 0.937061 0.769396 0.937325 0.769731 0.956385 0.774858 0.960629 0.773631 0.961060 0.773090 0.961463 0.771633 0.961776 0.769479 0.961950 0.766962 0.961959 0.764467 0.961801 0.762379 0.961502 0.761018 0.961107 0.760586 0.956993 0.758560 0.937714 0.759976 0.937421 0.760396 0.937143 0.761491 0.936923 0.763094 0.936794 0.764963
0 0.636177 0.937770 0.636760 0.938793 0.639058 0.942316 0.655208 0.949197 0.656057 0.949335 0.657166 0.948809 0.658365 0.947697 0.659470 0.946169 0.660312 0.944460 0.660760 0.942834 0.660749 0.941537 0.660281 0.940768 0.647564 0.928257 0.643573 0.927545 0.642462 0.927396 0.641007 0.928123 0.639427 0.929612 0.637961 0.931639 0.636829 0.933898 0.636202 0.936050
0 0.252167 0.662333 0.252285 0.663498 0.252522 0.665426 0.252843 0.667824 0.253199 0.670323 0.253534 0.672537 0.253798 0.674127 0.253950 0.674850 0.258220 0.675801 0.276345 0.669661 0.276328 0.669481 0.276212 0.668605 0.276013 0.667168 0.275763 0.665387 0.275499 0.663532 0.275261 0.661884 0.275084 0.660690 0.274997 0.660133 0.256009 0.659880 0.252187 0.662106
0 0.095804 0.610625 0.095946 0.612314 0.096407 0.613556 0.097116 0.614164 0.113762 0.619524 0.115140 0.619316 0.118924 0.618243 0.120034 0.617138 0.120990 0.615264 0.121649 0.612905 0.121913 0.610417 0.121742 0.608175 0.121160 0.606516 0.120255 0.605693 0.116802 0.603639 0.098958 0.604657 0.098113 0.604762 0.097253 0.605576 0.096512 0.606976 0.096003 0.608750
0 0.626371 0.533271 0.626446 0.535009 0.626883 0.537243 0.627615 0.539635 0.628532 0.541826 0.629495 0.543486 0.630361 0.544361 0.634468 0.544694 0.635271 0.544639 0.651305 0.536210 0.651559 0.535480 0.651526 0.534173 0.651209 0.532489 0.650658 0.530686 0.649956 0.529041 0.649212 0.527806 0.648539 0.527169 0.648041 0.527225 0.629857 0.529619 0.626669 0.532293
0 0.569734 0.144047 0.569857 0.144749 0.580157 0.159682 0.584033 0.161231 0.584863 0.161415 0.586256 0.160849 0.587999 0.159622 0.589830 0.157918 0.591474 0.155994 0.592683 0.154139 0.593272 0.152634 0.593150 0.151709 0.591542 0.147779 0.576656 0.137607 0.576023 0.137439 0.574966 0.137843 0.573646 0.138756 0.572266 0.140041 0.571037 0.141498 0.570148 0.142906
0 0.755987 0.750391 0.764593 0.766149 0.765048 0.766800 0.766149 0.767163 0.767730 0.767181 0.769549 0.766852 0.771327 0.766224 0.772791 0.765395 0.773717 0.764492 0.773964 0.763653 0.771628 0.746184 0.770854 0.745143 0.768254 0.742153 0.766784 0.741710 0.764683 0.741718 0.762272 0.742172 0.759913 0.743005 0.757961 0.744090 0.756710 0.745266 0.756353 0.746354
0 0.679390 0.779490 0.679470 0.779999 0.680242 0.781143 0.681586 0.782747 0.683300 0.784569 0.685125 0.786335 0.686788 0.787780 0.688035 0.788683 0.688677 0.788905 0.692640 0.787224 0.703159 0.771759 0.703128 0.771367 0.702569 0.770498 0.701567 0.769284 0.700276 0.767910 0.698893 0.766588 0.697631 0.765522 0.696683 0.764872 0.696193 0.764738 0.681031 0.775467
0 0.181904 0.735835 0.181934 0.740095 0.192137 0.755276 0.192538 0.755607 0.193575 0.755585 0.195091 0.755212 0.196855 0.754544 0.198594 0.753685 0.200043 0.752767 0.200980 0.751929 0.201264 0.751301 0.197194 0.733492 0.194121 0.730557 0.193585 0.730156 0.192207 0.730217 0.190196 0.730729 0.187856 0.731614 0.185540 0.732740 0.183595 0.733936 0.182318 0.735023
0 0.000910 0.635549 0.000978 0.636046 0.004137 0.639093 0.023276 0.643229 0.023618 0.642910 0.024226 0.641961 0.025007 0.640528 0.025842 0.638827 0.026606 0.637117 0.027183 0.635655 0.027485 0.634662 0.027468 0.634289 0.011179 0.624176 0.006620 0.624109 0.006132 0.624502 0.005287 0.625746 0.004213 0.627655 0.003073 0.629937 0.002044 0.632242 0.001284 0.634213
0 0.541127 0.968188 0.541320 0.969525 0.541890 0.971208 0.542751 0.972979 0.543770 0.974566 0.544790 0.975725 0.545656 0.976279 0.546235 0.976144 0.563343 0.970264 0.565892 0.966883 0.566131 0.965830 0.565833 0.964053 0.565045 0.961825 0.563888 0.959482 0.562537 0.957377 0.561194 0.955826 0.560062 0.955064 0.556074 0.955492 0.555130 0.955674 0.541339 0.967398
0 0.398313 0.092552 0.398515 0.093488 0.399010 0.094940 0.399723 0.096686 0.400545 0.098457 0.401349 0.099981 0.402012 0.101026 0.402434 0.101434 0.420418 0.096712 0.423386 0.093488 0.423509 0.093115 0.423210 0.091871 0.422537 0.089945 0.421590 0.087630 0.420514 0.085272 0.419468 0.083227 0.418612 0.081804 0.418077 0.081224 0.413777 0.081393 0.398436 0.092273
0 0.001696 0.213658 0.001777 0.215739 0.002071 0.217102 0.002534 0.217542 0.006534 0.219847 0.025964 0.219777 0.026354 0.219367 0.026760 0.218285 0.027121 0.216696 0.027382 0.214841 0.027504 0.213000 0.027468 0.211450 0.027280 0.210427 0.026967 0.210088 0.008166 0.203655 0.003833 0.204581 0.003273 0.205107 0.002697 0.206545 0.002195 0.208678 0.001843 0.211177
0 0.054473 0.751361 0.054573 0.753834 0.054835 0.756344 0.055218 0.758505 0.055662 0.759983 0.056101 0.760556 0.060382 0.761642 0.079235 0.755932 0.079477 0.755626 0.079626 0.754631 0.079659 0.753099 0.079571 0.751262 0.079377 0.749399 0.079105 0.747790 0.078796 0.746679 0.078497 0.746235 0.059193 0.745439 0.055156 0.747586 0.054789 0.747981 0.054549 0.749305
0 0.117782 0.166079 0.117869 0.166215 0.118657 0.166616 0.120027 0.167223 0.121771 0.167941 0.123619 0.168661 0.125288 0.169272 0.126524 0.169680 0.127138 0.169825 0.136372 0.153494 0.136147 0.149033 0.136002 0.148880 0.134933 0.148368 0.133104 0.147576 0.130791 0.146623 0.128342 0.145653 0.126126 0.144811 0.124478 0.144225 0.123652 0.143986 0.120757 0.147197
0 0.028613 0.509632 0.028699 0.510234 0.029342 0.511567 0.030446 0.513428 0.031841 0.515531 0.033312 0.517552 0.034633 0.519180 0.035601 0.520167 0.036071 0.520366 0.040525 0.519504 0.054846 0.506734 0.054750 0.506289 0.054248 0.505303 0.053416 0.503925 0.052380 0.502364 0.051298 0.500855 0.050331 0.499627 0.049627 0.498866 0.049294 0.498689 0.031215 0.506089
0 0.719133 0.648970 0.727176 0.665242 0.727570 0.665763 0.728623 0.666032 0.730177 0.666007 0.731994 0.665691 0.733794 0.665131 0.735303 0.664415 0.736288 0.663652 0.736599 0.662959 0.734863 0.645118 0.732222 0.641783 0.731686 0.641129 0.730277 0.640811 0.728212 0.640876 0.725803 0.641313 0.723414 0.642055 0.721404 0.642990 0.720076 0.643979 0.719633 0.644872
0 0.615878 0.170905 0.616187 0.172348 0.617228 0.174104 0.618841 0.175906 0.620782 0.177484 0.622760 0.178599 0.624477 0.179085 0.625672 0.178864 0.629272 0.177051 0.638136 0.161442 0.638519 0.160748 0.638314 0.159652 0.637551 0.158318 0.636346 0.156951 0.634882 0.155762 0.633386 0.154933 0.632086 0.154590 0.631182 0.154786 0.617630 0.165962 0.617037 0.167109
0 0.497373 0.885844 0.497731 0.886744 0.500368 0.890068 0.517516 0.895645 0.518159 0.895661 0.519054 0.895005 0.520064 0.893773 0.521034 0.892156 0.521815 0.890402 0.522288 0.888779 0.522380 0.887537 0.522079 0.886862 0.508026 0.875416 0.503866 0.875021 0.503032 0.875033 0.501862 0.875930 0.500534 0.877577 0.499247 0.879722 0.498195 0.882044 0.497537 0.884193
0 0.793909 0.923085 0.794756 0.924512 0.803620 0.939025 0.804770 0.939567 0.806377 0.939693 0.808195 0.939382 0.809946 0.938682 0.811360 0.937700 0.812221 0.936587 0.812398 0.935515 0.809426 0.918645 0.808546 0.917231 0.805847 0.914479 0.804312 0.913798 0.802179 0.913663 0.799770 0.914093 0.797447 0.915022 0.795560 0.916310 0.794395 0.917765 0.794128 0.919166
0 0.240574 0.113940 0.240611 0.114606 0.244634 0.116612 0.263495 0.114899 0.263522 0.114640 0.263575 0.113667 0.263645 0.112128 0.263722 0.110257 0.263794 0.108335 0.263851 0.106653 0.263883 0.105465 0.263886 0.104955 0.245245 0.100000 0.241093 0.101309 0.241020 0.101633 0.240921 0.102927 0.240812 0.104993 0.240708 0.107514 0.240627 0.110102 0.240580 0.112359
0 0.900663 0.123896 0.914170 0.136722 0.914434 0.136792 0.918743 0.137598 0.919519 0.136809 0.920749 0.135298 0.922246 0.133294 0.923786 0.131097 0.925137 0.129039 0.926093 0.127431 0.926509 0.126519 0.924120 0.122943 0.906599 0.115634 0.906431 0.115566 0.905835 0.116139 0.904901 0.117268 0.903772 0.118778 0.902622 0.120440 0.901627 0.121996 0.900940 0.123209
0 0.101010 0.386231 0.101550 0.386820 0.102931 0.387737 0.104940 0.388841 0.107272 0.389964 0.109576 0.390939 0.111505 0.391618 0.112769 0.391899 0.113174 0.391738 0.116420 0.388828 0.121330 0.370951 0.120952 0.370489 0.119938 0.369780 0.118442 0.368932 0.116691 0.368075 0.114954 0.367341 0.113499 0.366841 0.112547 0.366653 0.112244 0.366805 0.101226 0.381940
0 0.857402 0.525242 0.857503 0.525980 0.858505 0.527009 0.860257 0.528172 0.862492 0.529296 0.864875 0.530211 0.867047 0.530778 0.868679 0.530911 0.869521 0.530588 0.872643 0.527696 0.876972 0.510029 0.876920 0.509456 0.876183 0.508666 0.874872 0.507779 0.873187 0.506932 0.871388 0.506255 0.869750 0.505851 0.868524 0.505782 0.867895 0.506056 0.857499 0.521024
0 0.381454 0.786268 0.381710 0.787837 0.382285 0.789611 0.383091 0.791315 0.384004 0.792689 0.384884 0.793523 0.385596 0.793689 0.403056 0.789571 0.405994 0.786499 0.406541 0.785811 0.406635 0.784311 0.406264 0.782229 0.405484 0.779881 0.404415 0.777619 0.403217 0.775785 0.402070 0.774655 0.401147 0.774402 0.397009 0.774454 0.381997 0.784629 0.381555 0.785142
0 0.169461 0.401109 0.170796 0.405166 0.171362 0.405755 0.172842 0.406335 0.175007 0.406818 0.177529 0.407132 0.180029 0.407229 0.182129 0.407096 0.183515 0.406752 0.183972 0.406247 0.185922 0.402469 0.184050 0.384239 0.183643 0.383770 0.182547 0.383307 0.180926 0.382922 0.179027 0.382673 0.177143 0.382600 0.175563 0.382713 0.174528 0.382994 0.174197 0.383401
0 0.568583 0.212786 0.568692 0.213410 0.577973 0.229085 0.581725 0.230923 0.582581 0.231056 0.584037 0.230501 0.585872 0.229345 0.587808 0.227761 0.589556 0.225989 0.590851 0.224295 0.591496 0.222935 0.591390 0.222117 0.590043 0.218075 0.575902 0.206802 0.575252 0.206672 0.574149 0.207067 0.572761 0.207927 0.571301 0.209121 0.569994 0.210465 0.569039 0.211752
0 0.607037 0.040255 0.607845 0.043313 0.609303 0.047911 0.610438 0.049401 0.612057 0.050343 0.613913 0.050594 0.615724 0.050115 0.617214 0.048980 0.621207 0.045119 0.622798 0.042385 0.623222 0.039250 0.622413 0.036192 0.620496 0.033675 0.617762 0.032084 0.614627 0.031660 0.611568 0.032468 0.609052 0.034385 0.607461 0.037120
0 0.962173 0.715644 0.962641 0.716993 0.964419 0.720493 0.965862 0.721307 0.980817 0.729411 0.982081 0.729305 0.983532 0.728610 0.984948 0.727430 0.986112 0.725947 0.986844 0.724387 0.987033 0.722990 0.986651 0.721971 0.975612 0.708874 0.974147 0.708087 0.970429 0.707062 0.968764 0.707239 0.966854 0.708189 0.964986 0.709768 0.963443 0.711736 0.962455 0.713799
0 0.157513 0.670064 0.158964 0.674121 0.173884 0.685551 0.174226 0.685542 0.175088 0.685035 0.176339 0.684107 0.177788 0.682900 0.179211 0.681599 0.180391 0.680404 0.181148 0.679499 0.181367 0.679019 0.171490 0.663240 0.167543 0.661360 0.167099 0.661412 0.165963 0.662115 0.164310 0.663362 0.162388 0.664963 0.160487 0.666679 0.158893 0.668250 0.157848 0.669440
