0 0.841498 0.969774 0.841611 0.972903 0.842912 0.975751 0.845204 0.977883 0.851524 0.981500 0.853308 0.982165 0.855210 0.982097 0.856942 0.981306 0.858238 0.979912 0.858903 0.978129 0.858835 0.976226 0.857228 0.969210 0.855927 0.966362 0.853636 0.964229 0.850702 0.963135 0.847573 0.963247 0.846948 0.963481 0.844676 0.964519 0.842975 0.966347 0.842592 0.966840
0 0.464937 0.580235 0.464966 0.582497 0.465145 0.584992 0.465449 0.587345 0.465830 0.589200 0.466232 0.590275 0.466594 0.590404 0.470729 0.591668 0.488641 0.586982 0.488867 0.586348 0.488985 0.585084 0.488975 0.583381 0.488840 0.581500 0.488600 0.579730 0.488292 0.578344 0.487963 0.577551 0.487664 0.577472 0.469136 0.575780 0.465327 0.577687 0.465063 0.578545
0 0.302376 0.653081 0.302728 0.653771 0.303740 0.654544 0.305258 0.655281 0.307049 0.655870 0.308839 0.656218 0.310353 0.656274 0.311359 0.656030 0.311707 0.655524 0.320085 0.639371 0.319680 0.635261 0.319184 0.634372 0.317820 0.633369 0.315796 0.632406 0.313420 0.631625 0.311046 0.631146 0.309034 0.631040 0.307689 0.631325 0.305107 0.634454 0.304511 0.635254
0 0.256097 0.625588 0.256284 0.627482 0.257181 0.629161 0.258653 0.630368 0.260322 0.631480 0.263318 0.632389 0.266434 0.632082 0.269195 0.630605 0.271181 0.628185 0.272089 0.625189 0.271782 0.622073 0.270306 0.619312 0.267885 0.617326 0.264889 0.616418 0.261773 0.616725 0.259012 0.618201 0.257026 0.620622 0.256118 0.623618
0 0.202311 0.720751 0.202323 0.721315 0.206266 0.723192 0.225364 0.721086 0.225413 0.720766 0.225523 0.719756 0.225676 0.718211 0.225850 0.716367 0.226018 0.714501 0.226155 0.712895 0.226241 0.711793 0.226261 0.711361 0.207805 0.706950 0.203563 0.708316 0.203459 0.708722 0.203276 0.710058 0.203042 0.712125 0.202792 0.714606 0.202565 0.717120 0.202396 0.719279
0 0.051821 0.647206 0.051969 0.647691 0.059136 0.664508 0.062698 0.666823 0.063725 0.666866 0.065437 0.666329 0.067574 0.665298 0.069811 0.663929 0.071812 0.662428 0.073277 0.661022 0.073983 0.659922 0.073242 0.655901 0.073038 0.655111 0.060305 0.642085 0.059533 0.642020 0.058241 0.642393 0.056625 0.643147 0.054934 0.644168 0.053425 0.645299 0.052332 0.646366
0 0.142313 0.105395 0.143926 0.109263 0.144568 0.110376 0.146119 0.111370 0.148338 0.112096 0.150890 0.112445 0.153390 0.112366 0.155463 0.111870 0.156795 0.111032 0.158388 0.107620 0.158876 0.106294 0.155755 0.088808 0.155290 0.087948 0.154138 0.087173 0.152475 0.086604 0.150553 0.086328 0.148668 0.086388 0.147110 0.086774 0.146117 0.087427 0.145840 0.088247
0 0.565188 0.921761 0.579867 0.934254 0.584181 0.934878 0.584430 0.934555 0.585116 0.933387 0.586133 0.931550 0.587326 0.929325 0.588512 0.927057 0.589506 0.925094 0.590158 0.923736 0.590371 0.923187 0.587608 0.919652 0.569844 0.913032 0.569676 0.913299 0.569180 0.914187 0.568433 0.915560 0.567548 0.917211 0.566657 0.918890 0.565896 0.920345 0.565380 0.921353
0 0.567899 0.278280 0.568306 0.280282 0.569107 0.282586 0.570181 0.284845 0.571367 0.286720 0.572487 0.287927 0.573370 0.288282 0.577525 0.288175 0.592556 0.277850 0.592965 0.277420 0.593033 0.276372 0.592751 0.274863 0.592159 0.273123 0.591349 0.271420 0.590446 0.270016 0.589587 0.269125 0.588904 0.268882 0.571388 0.273211 0.568452 0.276308 0.567950 0.276884
0 0.102554 0.034244 0.109324 0.052952 0.109796 0.053230 0.110942 0.053384 0.112585 0.053391 0.114476 0.053249 0.116329 0.052980 0.117866 0.052626 0.118853 0.052238 0.119140 0.051877 0.118957 0.032491 0.116567 0.028517 0.115948 0.028100 0.114420 0.027853 0.112213 0.027812 0.109665 0.027986 0.107167 0.028348 0.105106 0.028842 0.103796 0.029392 0.103437 0.029913
0 0.477072 0.787641 0.477170 0.788785 0.485387 0.804487 0.486143 0.804937 0.487471 0.805060 0.489170 0.804838 0.490978 0.804303 0.492618 0.803539 0.493839 0.802662 0.494454 0.801807 0.494372 0.801105 0.492190 0.783172 0.489563 0.780068 0.488550 0.779510 0.486783 0.779378 0.484530 0.779690 0.482131 0.780399 0.479947 0.781398 0.478306 0.782538 0.477460 0.783646
0 0.395571 0.227825 0.398360 0.231239 0.416181 0.237496 0.416349 0.237296 0.416843 0.236475 0.417586 0.235155 0.418467 0.233538 0.419349 0.231871 0.420098 0.230412 0.420598 0.229383 0.420774 0.228941 0.405996 0.216929 0.401676 0.216368 0.401477 0.216671 0.400844 0.217799 0.399877 0.219575 0.398721 0.221731 0.397550 0.223942 0.396541 0.225875 0.395846 0.227239
0 0.073892 0.133028 0.074046 0.134700 0.074595 0.135923 0.075454 0.136514 0.090835 0.145109 0.094762 0.144717 0.096117 0.144529 0.097507 0.143412 0.098721 0.141536 0.099579 0.139186 0.099950 0.136715 0.099778 0.134494 0.099088 0.132861 0.096238 0.130299 0.094848 0.129299 0.077835 0.127042 0.076796 0.127161 0.075732 0.127986 0.074805 0.129392 0.074159 0.131164
0 0.160284 0.078150 0.161177 0.082249 0.161716 0.083405 0.163161 0.084608 0.165290 0.085676 0.167779 0.086447 0.170254 0.086808 0.172343 0.086704 0.173730 0.086149 0.175962 0.083037 0.176557 0.081878 0.176659 0.064063 0.176276 0.063173 0.175208 0.062244 0.173616 0.061420 0.171744 0.060825 0.169878 0.060553 0.168306 0.060645 0.167268 0.061087 0.166921 0.061809
0 0.117790 0.298563 0.119319 0.316278 0.121955 0.319577 0.122751 0.320298 0.124398 0.320668 0.126642 0.320633 0.129143 0.320201 0.131525 0.319435 0.133429 0.318453 0.134568 0.317400 0.134768 0.316437 0.135330 0.312363 0.127382 0.296242 0.126792 0.295671 0.125560 0.295362 0.123872 0.295365 0.121985 0.295678 0.120190 0.296255 0.118761 0.297006 0.117919 0.297817
0 0.531365 0.864746 0.531779 0.865616 0.534346 0.868991 0.551283 0.874925 0.551976 0.874928 0.552920 0.874268 0.553973 0.873045 0.554972 0.871446 0.555763 0.869716 0.556226 0.868121 0.556291 0.866905 0.555948 0.866253 0.542172 0.854524 0.538049 0.854041 0.537148 0.854071 0.535912 0.854973 0.534528 0.856608 0.533203 0.858730 0.532137 0.861019 0.531491 0.863131
0 0.737549 0.296384 0.752663 0.307422 0.757034 0.307734 0.757410 0.307384 0.758185 0.306201 0.759240 0.304368 0.760416 0.302160 0.761537 0.299910 0.762434 0.297957 0.762970 0.296596 0.763062 0.296037 0.760186 0.292804 0.742031 0.287621 0.741730 0.287860 0.741132 0.288732 0.740329 0.290105 0.739442 0.291769 0.738608 0.293468 0.737956 0.294942 0.737585 0.295965
0 0.334597 0.636413 0.340461 0.653612 0.341017 0.653998 0.342218 0.654196 0.343881 0.654174 0.345751 0.653935 0.347542 0.653516 0.348977 0.652981 0.349839 0.652412 0.349998 0.651897 0.350533 0.633589 0.348367 0.630004 0.347613 0.629527 0.346010 0.629295 0.343801 0.629341 0.341320 0.629658 0.338940 0.630199 0.337018 0.630882 0.335848 0.631605 0.335611 0.632257
0 0.019117 0.843970 0.019384 0.848199 0.019701 0.848884 0.030924 0.863084 0.031797 0.863103 0.033207 0.862709 0.034939 0.861963 0.036726 0.860978 0.038295 0.859908 0.039404 0.858915 0.039888 0.858150 0.034715 0.840708 0.034369 0.840042 0.031120 0.837451 0.029960 0.837458 0.028090 0.837998 0.025793 0.838988 0.023413 0.840279 0.021309 0.841679 0.019800 0.842974
0 0.731670 0.110631 0.731903 0.111022 0.734328 0.114621 0.751312 0.121771 0.751919 0.121428 0.752842 0.120488 0.753943 0.119092 0.755052 0.117453 0.755998 0.115822 0.756638 0.114451 0.756872 0.113549 0.756666 0.113252 0.743237 0.100371 0.739028 0.099612 0.738240 0.100108 0.737033 0.101394 0.735591 0.103272 0.734133 0.105457 0.732877 0.107620 0.732012 0.109437
0 0.594718 0.473817 0.596412 0.477689 0.597219 0.478103 0.598872 0.478405 0.601118 0.478552 0.603620 0.478520 0.606000 0.478315 0.607900 0.477967 0.609032 0.477529 0.609219 0.477066 0.610719 0.473030 0.607044 0.455036 0.606451 0.454697 0.605215 0.454447 0.603525 0.454325 0.601639 0.454349 0.599848 0.454516 0.598426 0.454799 0.597590 0.455156 0.597465 0.455531
0 0.951642 0.075845 0.951802 0.076054 0.963560 0.090497 0.967727 0.091756 0.968597 0.091210 0.970015 0.089948 0.971767 0.088163 0.973590 0.086121 0.975210 0.084131 0.976380 0.082493 0.976921 0.081458 0.975031 0.077623 0.974811 0.077275 0.958484 0.068094 0.957821 0.068484 0.956747 0.069423 0.955426 0.070769 0.954061 0.072315 0.952863 0.073823 0.952014 0.075062
0 0.282921 0.327195 0.283288 0.327436 0.284329 0.327802 0.285885 0.328239 0.287719 0.328678 0.289548 0.329053 0.291092 0.329305 0.292116 0.329398 0.292464 0.329316 0.299431 0.311925 0.298667 0.307621 0.298153 0.307333 0.296752 0.306871 0.294679 0.306306 0.292246 0.305723 0.289819 0.305210 0.287764 0.304844 0.286393 0.304681 0.285917 0.304746 0.283499 0.308342
0 0.567527 0.841248 0.567869 0.842399 0.568650 0.843865 0.569751 0.845423 0.571003 0.846833 0.572214 0.847879 0.573198 0.848400 0.573805 0.848319 0.589676 0.839555 0.591659 0.835790 0.591813 0.834917 0.591318 0.833396 0.590251 0.831460 0.588777 0.829401 0.587116 0.827531 0.585518 0.826129 0.584225 0.825408 0.583433 0.825479 0.579405 0.826666 0.567674 0.840588
0 0.078997 0.420160 0.087394 0.437250 0.087658 0.437291 0.088619 0.437140 0.090132 0.436821 0.091966 0.436382 0.093838 0.435892 0.095462 0.435424 0.096589 0.435052 0.097050 0.434830 0.095137 0.416157 0.092407 0.412661 0.092049 0.412648 0.090767 0.412878 0.088758 0.413318 0.086325 0.413900 0.083834 0.414536 0.081660 0.415132 0.080133 0.415596 0.079488 0.415858
0 0.368184 0.728941 0.368255 0.729432 0.382294 0.741556 0.386551 0.742172 0.387121 0.741947 0.388108 0.740900 0.389361 0.739192 0.390689 0.737083 0.391894 0.734890 0.392793 0.732944 0.393252 0.731538 0.393198 0.730886 0.390607 0.727460 0.373252 0.721006 0.372807 0.721146 0.372048 0.721907 0.371090 0.723175 0.370079 0.724757 0.369171 0.726410 0.368506 0.727879
0 0.874812 0.069810 0.874980 0.071451 0.875301 0.073326 0.875726 0.075150 0.876192 0.076649 0.876627 0.077595 0.876966 0.077845 0.896200 0.076004 0.899930 0.073282 0.900226 0.072621 0.900282 0.071071 0.900088 0.068863 0.899672 0.066336 0.899099 0.063878 0.898457 0.061869 0.897844 0.060616 0.897356 0.060309 0.892975 0.059799 0.875010 0.068150 0.874822 0.068650
0 0.549250 0.415112 0.549689 0.419359 0.561076 0.434094 0.561307 0.434285 0.562154 0.434119 0.563491 0.433620 0.565113 0.432864 0.566771 0.431967 0.568212 0.431066 0.569212 0.430300 0.569622 0.429786 0.563946 0.412127 0.560658 0.409317 0.560351 0.409106 0.559224 0.409367 0.557453 0.410061 0.555305 0.411080 0.553105 0.412270 0.551183 0.413453 0.549829 0.414451
0 0.788407 0.649789 0.788533 0.650174 0.789076 0.651111 0.789953 0.652460 0.791032 0.654015 0.792146 0.655537 0.793124 0.656791 0.793816 0.657587 0.794118 0.657803 0.811419 0.650049 0.813814 0.646436 0.813600 0.645929 0.812837 0.644688 0.811642 0.642904 0.810197 0.640848 0.808719 0.638829 0.807431 0.637151 0.806527 0.636068 0.806145 0.635744 0.801845 0.636685
0 0.503047 0.629961 0.503327 0.634075 0.503563 0.634848 0.514272 0.649420 0.515066 0.649552 0.516377 0.649315 0.518007 0.648742 0.519704 0.647921 0.521209 0.646979 0.522291 0.646060 0.522785 0.645305 0.517788 0.627972 0.517520 0.627214 0.514410 0.624469 0.513353 0.624333 0.511614 0.624680 0.509455 0.625456 0.507203 0.626545 0.505196 0.627782 0.503736 0.628981
0 0.613537 0.336071 0.613568 0.337266 0.613698 0.338928 0.613907 0.340802 0.614163 0.342600 0.614426 0.344046 0.614656 0.344920 0.614818 0.345091 0.633586 0.345918 0.637392 0.343809 0.637448 0.343068 0.637377 0.341472 0.637188 0.339265 0.636911 0.336779 0.636587 0.334388 0.636265 0.332452 0.635994 0.331266 0.635814 0.331014 0.631606 0.329933 0.613608 0.335524
0 0.883110 0.621496 0.883469 0.621936 0.884439 0.622682 0.885872 0.623619 0.887551 0.624606 0.889216 0.625490 0.890613 0.626135 0.891527 0.626443 0.891820 0.626367 0.904167 0.612147 0.904763 0.607881 0.904245 0.607317 0.902920 0.606349 0.900993 0.605124 0.898757 0.603827 0.896547 0.602655 0.894697 0.601783 0.893485 0.601343 0.893097 0.601403 0.889596 0.604045
0 0.047482 0.905006 0.047717 0.906028 0.048670 0.907515 0.050197 0.909241 0.052065 0.910938 0.053984 0.912347 0.055660 0.913250 0.056837 0.913510 0.060828 0.911488 0.061443 0.910970 0.072199 0.894586 0.071994 0.893838 0.071263 0.892744 0.070118 0.891471 0.068732 0.890211 0.067314 0.889154 0.066078 0.888460 0.065213 0.888235 0.064849 0.888515 0.049137 0.900860
0 0.819686 0.870865 0.820021 0.871659 0.821023 0.872598 0.822540 0.873538 0.824341 0.874335 0.826150 0.874867 0.827689 0.875051 0.828722 0.874859 0.829092 0.874323 0.838120 0.858792 0.837826 0.854580 0.837348 0.853549 0.835986 0.852328 0.833953 0.851105 0.831555 0.850062 0.829156 0.849357 0.827114 0.849096 0.825738 0.849318 0.823025 0.852204 0.822397 0.853052
0 0.300158 0.119367 0.303774 0.122018 0.322665 0.123566 0.322752 0.123261 0.322986 0.122271 0.323331 0.120746 0.323735 0.118917 0.324138 0.117060 0.324478 0.115455 0.324704 0.114347 0.324780 0.113904 0.307268 0.105868 0.302947 0.106439 0.302798 0.106820 0.302458 0.108132 0.301979 0.110177 0.301434 0.112641 0.300908 0.115144 0.300480 0.117302 0.300217 0.118784
0 0.657852 0.746881 0.658410 0.747913 0.668017 0.762656 0.669001 0.762963 0.670473 0.762890 0.672208 0.762449 0.673941 0.761706 0.675406 0.760776 0.676377 0.759801 0.676707 0.758932 0.672933 0.741689 0.672342 0.740671 0.669473 0.737867 0.668162 0.737499 0.666208 0.737627 0.663908 0.738229 0.661609 0.739214 0.659656 0.740435 0.658344 0.741707 0.657873 0.742838
0 0.068604 0.889364 0.068673 0.890996 0.069221 0.892763 0.070165 0.894396 0.071360 0.895642 0.072622 0.896311 0.073758 0.896303 0.089920 0.891007 0.091282 0.889879 0.093590 0.886830 0.094110 0.885174 0.093987 0.883013 0.093243 0.880673 0.091990 0.878508 0.090418 0.876842 0.088762 0.875928 0.087271 0.875905 0.083389 0.876233 0.082010 0.877330 0.069025 0.888119
0 0.595180 0.191195 0.595448 0.195190 0.596069 0.196371 0.597522 0.197614 0.599585 0.198731 0.601947 0.199556 0.604252 0.199963 0.606154 0.199891 0.607363 0.199350 0.610064 0.196391 0.610482 0.195220 0.613179 0.177896 0.612734 0.176988 0.611656 0.176034 0.610108 0.175181 0.608327 0.174559 0.606588 0.174265 0.605157 0.174343 0.604253 0.174780 0.595565 0.190013
0 0.020567 0.918577 0.020604 0.921171 0.020822 0.923685 0.021187 0.925733 0.021643 0.927000 0.022119 0.927294 0.026389 0.928409 0.045417 0.922566 0.045704 0.922035 0.045906 0.920830 0.045993 0.919136 0.045953 0.917211 0.045791 0.915345 0.045532 0.913819 0.045216 0.912864 0.044889 0.912627 0.025549 0.911802 0.021454 0.914002 0.021028 0.914698 0.020717 0.916304
