0 0.867729 0.961344 0.867764 0.963307 0.867862 0.965062 0.868008 0.966344 0.868179 0.966957 0.887260 0.971673 0.891412 0.970286 0.891679 0.970087 0.891901 0.968890 0.892046 0.966875 0.892089 0.964352 0.892025 0.961710 0.891863 0.959354 0.891629 0.957646 0.891359 0.956844 0.887203 0.954879 0.868170 0.956905 0.868000 0.957069 0.867856 0.957971 0.867761 0.959472
0 0.769993 0.672855 0.770077 0.673242 0.770513 0.674225 0.771237 0.675656 0.772138 0.677316 0.773078 0.678951 0.773912 0.680309 0.774513 0.681182 0.774789 0.681439 0.792837 0.675613 0.795615 0.672284 0.795458 0.671768 0.794836 0.670462 0.793844 0.668567 0.792634 0.666369 0.791387 0.664201 0.790291 0.662387 0.789512 0.661202 0.789168 0.660827 0.784790 0.661295
0 0.202448 0.288556 0.202507 0.289666 0.202955 0.291200 0.203723 0.292921 0.204694 0.294567 0.205718 0.295885 0.206638 0.296673 0.207314 0.296813 0.224815 0.291864 0.227550 0.288683 0.227959 0.287993 0.227849 0.286520 0.227238 0.284488 0.226219 0.282203 0.224945 0.280010 0.223607 0.278238 0.222408 0.277158 0.221530 0.276935 0.217286 0.277190 0.202786 0.288039
0 0.651065 0.385993 0.651285 0.388231 0.651739 0.389868 0.652359 0.390656 0.656131 0.392381 0.674203 0.389763 0.674749 0.389622 0.675269 0.388772 0.675682 0.387339 0.675925 0.385542 0.675960 0.383657 0.675781 0.381972 0.675417 0.380748 0.674923 0.380169 0.657296 0.376355 0.656421 0.376619 0.652592 0.378038 0.651936 0.379188 0.651416 0.381104 0.651111 0.383492
0 0.279433 0.391587 0.282408 0.394805 0.300634 0.400222 0.300969 0.399581 0.301570 0.398388 0.302345 0.396825 0.303175 0.395132 0.303932 0.393569 0.304501 0.392375 0.304794 0.391732 0.289360 0.380617 0.284996 0.380234 0.284571 0.381075 0.283785 0.382658 0.282758 0.384744 0.281648 0.387010 0.280625 0.389108 0.279847 0.390715
0 0.931351 0.629776 0.931645 0.631718 0.932435 0.632967 0.935390 0.635545 0.936858 0.636002 0.953918 0.638040 0.954968 0.637609 0.956007 0.636533 0.956875 0.634976 0.957438 0.633176 0.957609 0.631411 0.957364 0.629950 0.956741 0.629017 0.941576 0.620923 0.940097 0.620499 0.936203 0.620922 0.934834 0.621524 0.933479 0.622973 0.932343 0.625048 0.931597 0.627435
0 0.095114 0.115226 0.095502 0.116172 0.096463 0.117788 0.097850 0.119827 0.099452 0.121980 0.101027 0.123923 0.102340 0.125364 0.103191 0.126084 0.107425 0.125140 0.107759 0.125000 0.120682 0.111698 0.120425 0.110985 0.119733 0.109764 0.118711 0.108222 0.117514 0.106593 0.116326 0.105129 0.115330 0.104053 0.114679 0.103532 0.097663 0.111398 0.097349 0.111566
0 0.316214 0.298901 0.323037 0.315281 0.323717 0.316129 0.327057 0.318405 0.328354 0.318501 0.330212 0.318005 0.332347 0.316995 0.334439 0.315624 0.336173 0.314096 0.337287 0.312644 0.337611 0.311485 0.336900 0.307484 0.336249 0.306617 0.324121 0.293717 0.323142 0.293615 0.321739 0.293965 0.320125 0.294714 0.318548 0.295748 0.317250 0.296908 0.316431 0.298015
0 0.724213 0.105149 0.726271 0.122968 0.728960 0.126077 0.729613 0.126817 0.731114 0.127116 0.733233 0.126929 0.735650 0.126287 0.738003 0.125285 0.739937 0.124075 0.741157 0.122837 0.741476 0.121760 0.741906 0.117566 0.733567 0.101893 0.733081 0.101307 0.731955 0.101059 0.730358 0.101186 0.728535 0.101670 0.726768 0.102437 0.725326 0.103368 0.724429 0.104320
0 0.881666 0.620078 0.886035 0.638518 0.889193 0.641691 0.889728 0.641548 0.891124 0.641066 0.893169 0.640318 0.895551 0.639419 0.897904 0.638506 0.899865 0.637720 0.901133 0.637182 0.901516 0.636974 0.901428 0.632616 0.890871 0.616522 0.890469 0.616662 0.889429 0.617051 0.887911 0.617629 0.886146 0.618308 0.884399 0.618986 0.882935 0.619560 0.881975 0.619943
0 0.303550 0.276030 0.307467 0.278054 0.326288 0.276687 0.326374 0.276415 0.326507 0.275444 0.326668 0.273921 0.326832 0.272078 0.326974 0.270198 0.327072 0.268569 0.327111 0.267442 0.327085 0.266987 0.308758 0.261848 0.304576 0.263058 0.304500 0.263446 0.304359 0.264759 0.304172 0.266795 0.303970 0.269244 0.303782 0.271739 0.303636 0.273903 0.303555 0.275410
0 0.321974 0.807012 0.322506 0.810130 0.324191 0.812808 0.326773 0.814637 0.329857 0.815338 0.332976 0.814806 0.335653 0.813121 0.337482 0.810539 0.338183 0.807455 0.337651 0.804336 0.336796 0.801479 0.335798 0.799894 0.334270 0.798811 0.332443 0.798396 0.330597 0.798711 0.327182 0.799661 0.324504 0.801346 0.322675 0.803927
0 0.884495 0.177922 0.884644 0.179467 0.884946 0.181291 0.885356 0.183119 0.885812 0.184674 0.886245 0.185723 0.886589 0.186104 0.905849 0.184612 0.909606 0.181994 0.909919 0.181523 0.909997 0.180146 0.909829 0.178070 0.909439 0.175611 0.908887 0.173148 0.908257 0.171061 0.907648 0.169671 0.907152 0.169187 0.902774 0.168612 0.884723 0.176532 0.884523 0.176891
0 0.695613 0.652715 0.695651 0.653963 0.697632 0.657498 0.698487 0.658170 0.714189 0.666373 0.715125 0.666187 0.716322 0.665428 0.717597 0.664211 0.718754 0.662722 0.719615 0.661191 0.720049 0.659851 0.719991 0.658908 0.708182 0.645695 0.707306 0.645050 0.703396 0.643997 0.702168 0.644281 0.700594 0.645317 0.698914 0.646945 0.697379 0.648920 0.696220 0.650945
0 0.403283 0.141904 0.403470 0.144144 0.403845 0.146680 0.404351 0.149130 0.404912 0.151125 0.405444 0.152366 0.405865 0.152660 0.410078 0.153658 0.427517 0.147491 0.427731 0.146961 0.427784 0.145764 0.427666 0.144081 0.427396 0.142169 0.427014 0.140323 0.426580 0.138824 0.426161 0.137904 0.425819 0.137701 0.407202 0.137312 0.403556 0.139578 0.403313 0.140300
0 0.937958 0.301912 0.937969 0.303011 0.938119 0.303443 0.956639 0.308668 0.961047 0.307493 0.961445 0.307095 0.961942 0.305771 0.962463 0.303719 0.962928 0.301253 0.963265 0.298752 0.963423 0.296601 0.963377 0.295132 0.963134 0.294566 0.959237 0.292516 0.939649 0.293771 0.939381 0.294086 0.939038 0.295088 0.938672 0.296623 0.938338 0.298457 0.938088 0.300313
0 0.135245 0.100625 0.135491 0.101467 0.136026 0.103151 0.136768 0.105418 0.137605 0.107923 0.138411 0.110291 0.139064 0.112165 0.139466 0.113262 0.139555 0.113414 0.144017 0.113919 0.160954 0.105732 0.160804 0.105107 0.160433 0.103847 0.159897 0.102141 0.159278 0.100250 0.158671 0.098465 0.158169 0.097060 0.157848 0.096250 0.157759 0.096158 0.138640 0.097938
0 0.414462 0.190213 0.414787 0.190857 0.424554 0.206038 0.428290 0.207683 0.429381 0.207806 0.430984 0.207207 0.432856 0.205977 0.434715 0.204303 0.436281 0.202436 0.437319 0.200658 0.437669 0.199237 0.436270 0.195489 0.435775 0.194423 0.421489 0.183887 0.420661 0.183765 0.419446 0.184193 0.418029 0.185109 0.416627 0.186371 0.415457 0.187785 0.414697 0.189135
0 0.059247 0.388741 0.059262 0.390626 0.059621 0.392422 0.060269 0.393853 0.061105 0.394700 0.078114 0.397432 0.079573 0.397655 0.083175 0.395974 0.084237 0.395181 0.085038 0.393540 0.085460 0.391299 0.085440 0.388798 0.084981 0.386412 0.084151 0.384500 0.083074 0.383353 0.079447 0.381891 0.077987 0.381633 0.061029 0.385246 0.060204 0.385828 0.059578 0.387055
0 0.388980 0.338107 0.389772 0.339207 0.391259 0.340592 0.393213 0.342052 0.395341 0.343368 0.397322 0.344341 0.398857 0.344825 0.399714 0.344745 0.403181 0.342360 0.410299 0.325426 0.410346 0.324925 0.409777 0.324083 0.408677 0.323026 0.407213 0.321916 0.405609 0.320925 0.404112 0.320203 0.402952 0.319862 0.402305 0.319952 0.389807 0.333251 0.389006 0.337461
0 0.636397 0.749961 0.636682 0.752078 0.637260 0.754512 0.638044 0.756896 0.638916 0.758873 0.639744 0.760141 0.640403 0.760505 0.644645 0.761044 0.661149 0.753097 0.661465 0.752640 0.661527 0.751529 0.661324 0.749934 0.660888 0.748099 0.660286 0.746307 0.659611 0.744832 0.658965 0.743899 0.658447 0.743649 0.640170 0.745251 0.636828 0.747863 0.636447 0.748481
0 0.344671 0.716368 0.348618 0.733829 0.349160 0.734393 0.350356 0.734809 0.352024 0.735012 0.353909 0.734972 0.355722 0.734695 0.357183 0.734223 0.358071 0.733629 0.358252 0.733004 0.360764 0.715029 0.359006 0.711304 0.358268 0.710590 0.356669 0.710068 0.354451 0.709814 0.351950 0.709867 0.349542 0.710219 0.347589 0.710817 0.346388 0.711571 0.345002 0.715363
0 0.168596 0.228566 0.168982 0.229469 0.169856 0.230734 0.171083 0.232165 0.172475 0.233545 0.173819 0.234659 0.174908 0.235340 0.175577 0.235484 0.190967 0.225482 0.192693 0.221546 0.192865 0.221018 0.192322 0.219827 0.191148 0.218157 0.189519 0.216257 0.187683 0.214414 0.185914 0.212907 0.184479 0.211962 0.183600 0.211728 0.179600 0.213222 0.168755 0.228161
0 0.406384 0.253862 0.406574 0.255962 0.406954 0.258421 0.407469 0.260869 0.408039 0.262938 0.408581 0.264315 0.409011 0.264790 0.413224 0.265694 0.430634 0.259269 0.430851 0.258884 0.430905 0.257824 0.430785 0.256246 0.430511 0.254392 0.430123 0.252547 0.429682 0.250993 0.429255 0.249970 0.428907 0.249632 0.410300 0.249605 0.406664 0.251913 0.406415 0.252439
0 0.540756 0.325582 0.540850 0.326559 0.541105 0.326852 0.558516 0.333266 0.562704 0.332378 0.563173 0.331788 0.563737 0.330323 0.564310 0.328204 0.564806 0.325752 0.565150 0.323336 0.565291 0.321319 0.565206 0.320008 0.564907 0.319605 0.561260 0.317306 0.542724 0.317293 0.542347 0.317717 0.541902 0.318807 0.541460 0.320399 0.541086 0.322247 0.540839 0.324068
0 0.829880 0.248705 0.833079 0.266669 0.836014 0.269745 0.836497 0.270198 0.837853 0.270225 0.839874 0.269826 0.842255 0.269060 0.844638 0.268042 0.846665 0.266926 0.848027 0.265880 0.848514 0.265063 0.848694 0.260811 0.839219 0.245175 0.838860 0.244805 0.837841 0.244761 0.836318 0.245049 0.834523 0.245627 0.832733 0.246404 0.831222 0.247263 0.830220 0.248071
0 0.057141 0.960217 0.057272 0.961106 0.071460 0.971857 0.072345 0.972192 0.076556 0.972333 0.077696 0.971654 0.079100 0.970139 0.080555 0.968018 0.081841 0.965614 0.082765 0.963290 0.083189 0.961393 0.083047 0.960211 0.080468 0.957057 0.079603 0.956693 0.062185 0.952051 0.061312 0.952532 0.060237 0.953648 0.059124 0.955229 0.058144 0.957034 0.057447 0.958787
0 0.423769 0.229684 0.423871 0.230791 0.424266 0.231263 0.440038 0.240417 0.444213 0.240195 0.445017 0.239868 0.446010 0.238653 0.447040 0.236737 0.447955 0.234408 0.448615 0.232018 0.448921 0.229925 0.448825 0.228447 0.448341 0.227812 0.445187 0.224943 0.427327 0.221991 0.426702 0.222214 0.425937 0.223112 0.425150 0.224549 0.424461 0.226304 0.423976 0.228108
0 0.261084 0.148380 0.261121 0.149940 0.261423 0.151801 0.261942 0.153678 0.262599 0.155281 0.263293 0.156367 0.263918 0.156771 0.282093 0.156342 0.285548 0.153917 0.286129 0.153472 0.286406 0.152110 0.286340 0.150038 0.285940 0.147568 0.285267 0.145074 0.284421 0.142929 0.283530 0.141459 0.282729 0.140891 0.278563 0.140069 0.261782 0.147034 0.261316 0.147360
0 0.123327 0.726458 0.124434 0.729421 0.126591 0.731736 0.129469 0.733048 0.132631 0.733160 0.135594 0.732052 0.137909 0.729896 0.139221 0.727017 0.140848 0.723299 0.140914 0.721427 0.140259 0.719672 0.138982 0.718302 0.137277 0.717525 0.133190 0.717265 0.130029 0.717154 0.127065 0.718261 0.124751 0.720418 0.123438 0.723296
0 0.876476 0.821774 0.886443 0.836419 0.887089 0.837150 0.888339 0.837522 0.890004 0.837474 0.891830 0.837014 0.893537 0.836212 0.894861 0.835191 0.895601 0.834107 0.895645 0.833128 0.891832 0.816242 0.890743 0.815067 0.887926 0.812420 0.886261 0.811966 0.884051 0.812061 0.881633 0.812688 0.879369 0.813753 0.877600 0.815094 0.876593 0.816511 0.876504 0.817790
0 0.587230 0.559812 0.587912 0.562901 0.589725 0.565494 0.592392 0.567195 0.595507 0.567747 0.598596 0.567064 0.601189 0.565251 0.602890 0.562584 0.603442 0.559469 0.602759 0.556380 0.600946 0.553787 0.598279 0.552086 0.595164 0.551534 0.592075 0.552217 0.589483 0.554030 0.587781 0.556697
0 0.412209 0.957899 0.412386 0.959776 0.412715 0.961264 0.413145 0.962136 0.413610 0.962260 0.431752 0.964933 0.435591 0.963104 0.436125 0.962245 0.436527 0.960500 0.436736 0.958135 0.436722 0.955511 0.436487 0.953020 0.436066 0.951039 0.435523 0.949866 0.431683 0.948396 0.430946 0.948162 0.413151 0.952218 0.412721 0.952847 0.412391 0.954147 0.412211 0.955921
0 0.089295 0.621233 0.090395 0.625408 0.104387 0.638164 0.104662 0.638163 0.105513 0.637719 0.106814 0.636896 0.108364 0.635823 0.109925 0.634662 0.111258 0.633594 0.112159 0.632780 0.112492 0.632345 0.103958 0.615720 0.100155 0.613485 0.099797 0.613526 0.098672 0.614147 0.096951 0.615254 0.094895 0.616678 0.092812 0.618206 0.091017 0.619608 0.089781 0.620671
0 0.610304 0.611769 0.610352 0.612217 0.611081 0.612857 0.612383 0.613591 0.614058 0.614306 0.615850 0.614892 0.617483 0.615260 0.618708 0.615353 0.619337 0.615158 0.628308 0.599194 0.628091 0.594904 0.627996 0.594335 0.626996 0.593513 0.625248 0.592563 0.623017 0.591628 0.620640 0.590850 0.618473 0.590345 0.616845 0.590190 0.616001 0.590409 0.613205 0.593569
0 0.457903 0.797610 0.458311 0.800714 0.459876 0.803426 0.461785 0.805335 0.463295 0.806494 0.465134 0.806987 0.467021 0.806739 0.468670 0.805788 0.471199 0.804170 0.473106 0.801687 0.473916 0.798663 0.473509 0.795559 0.471944 0.792847 0.469460 0.790940 0.466436 0.790130 0.463332 0.790537 0.460620 0.792102 0.458714 0.794586
0 0.177239 0.440414 0.177243 0.442701 0.177308 0.445224 0.177426 0.447594 0.177578 0.449448 0.177740 0.450503 0.177887 0.450601 0.182062 0.452110 0.200832 0.448571 0.200887 0.447924 0.200909 0.446653 0.200894 0.444953 0.200845 0.443081 0.200770 0.441318 0.200679 0.439932 0.200586 0.439132 0.200506 0.439044 0.181475 0.436196 0.177410 0.437864 0.177298 0.438716
0 0.533798 0.767155 0.534033 0.768236 0.534678 0.769692 0.535635 0.771301 0.536757 0.772817 0.537871 0.774005 0.538808 0.774686 0.539424 0.774754 0.556001 0.767223 0.558309 0.763629 0.558546 0.762912 0.558193 0.761481 0.557307 0.759556 0.556022 0.757427 0.554534 0.755417 0.553065 0.753826 0.551837 0.752896 0.551036 0.752768 0.546921 0.753649 0.534008 0.766614
0 0.609575 0.574761 0.609659 0.575170 0.610445 0.575686 0.611814 0.576231 0.613557 0.576720 0.615409 0.577079 0.617083 0.577253 0.618323 0.577214 0.618941 0.576970 0.625817 0.559953 0.625064 0.555718 0.624924 0.555205 0.623854 0.554551 0.622019 0.553854 0.619699 0.553219 0.617243 0.552743 0.615021 0.552496 0.613367 0.552516 0.612534 0.552802 0.610164 0.556301
