0 0.714543 0.696000 0.717082 0.698320 0.723081 0.701138 0.726805 0.698389 0.727522 0.697645 0.728380 0.696341 0.729249 0.694676 0.743308 0.664751 0.764396 0.619863 0.765131 0.618114 0.765611 0.616569 0.765763 0.615464 0.765357 0.611151 0.759358 0.608333 0.756324 0.607065 0.739604 0.629841 0.736856 0.633585 0.723247 0.662552 0.722018 0.667274 0.715821 0.691087
0 0.601158 0.083071 0.607017 0.097962 0.696364 0.062809 0.697266 0.060801 0.691380 0.045841 0.649690 0.027694 0.619771 0.039465 0.601623 0.081156
0 0.212924 0.379367 0.214239 0.379920 0.310433 0.383124 0.310967 0.367091 0.279970 0.333959 0.279465 0.333577 0.278957 0.333194 0.246745 0.332121 0.241968 0.336590 0.213460 0.363261
0 0.052280 0.049016 0.054332 0.051083 0.070090 0.054079 0.107601 0.028554 0.113593 0.000000 0.068032 0.000000
0 0.181561 0.703094 0.189560 0.717084 0.273498 0.669089 0.274536 0.668314 0.266574 0.654389 0.222798 0.642462 0.221522 0.643119 0.193542 0.659117 0.185832 0.687416 0.183280 0.696783
0 0.294962 0.275767 0.305248 0.306311 0.305695 0.306756 0.306140 0.307199 0.346784 0.327365 0.361987 0.322246 0.331270 0.231031 0.330493 0.229793 0.315221 0.234936 0.312313 0.240795 0.297869 0.269907
0 0.451043 0.332093 0.453433 0.337366 0.456498 0.338520 0.459564 0.339673 0.461349 0.335825 0.470037 0.317095 0.471758 0.313384 0.483028 0.283429 0.484601 0.278386 0.494165 0.247707 0.494096 0.244721 0.487892 0.242387 0.483372 0.245762 0.482975 0.246475 0.482395 0.247786 0.481722 0.249494 0.464258 0.295912 0.458437 0.311384 0.452616 0.326857 0.451960 0.328679 0.451431 0.330315 0.451109 0.331514
0 0.326961 0.023785 0.344132 0.065949 0.345127 0.066658 0.346118 0.067364 0.374712 0.078527 0.415232 0.058668 0.421126 0.043035 0.419456 0.041492 0.332663 0.008185
0 0.398435 0.054015 0.398901 0.056060 0.416257 0.097980 0.445896 0.110262 0.487816 0.092906 0.493957 0.078087 0.493929 0.076144 0.404605 0.039128
0 0.209355 0.730865 0.209877 0.746931 0.210015 0.748654 0.210287 0.749876 0.214157 0.760561 0.217927 0.770968 0.220577 0.776979 0.223814 0.776969 0.227050 0.776959 0.230146 0.771644 0.227292 0.678189 0.220831 0.678208 0.215873 0.683510 0.215508 0.684368 0.215221 0.685820 0.212411 0.706211 0.209544 0.727016 0.209373 0.728904
0 0.856245 0.197848 0.951194 0.213600 0.953272 0.212282 0.955909 0.196384 0.946455 0.183168 0.933208 0.164651 0.929389 0.159313 0.897593 0.154038 0.865860 0.176740 0.860522 0.180559 0.858870 0.182023
0 0.846679 0.851226 0.848275 0.852843 0.860674 0.863137 0.867210 0.862531 0.906060 0.858928 0.926648 0.834130 0.925148 0.817950 0.922439 0.788745 0.910040 0.778450 0.908161 0.777174
0 0.783581 0.766450 0.785514 0.782374 0.786170 0.783023 0.786829 0.783674 0.791977 0.787708 0.817541 0.807738 0.822708 0.811786 0.854703 0.807902 0.872793 0.784814 0.882815 0.772023 0.880873 0.756025 0.879127 0.754852
0 0.303272 0.852064 0.374247 0.917727 0.385191 0.905898 0.385718 0.904037 0.383955 0.858700 0.360404 0.836913 0.315067 0.838676 0.304174 0.850451
0 0.498742 0.472886 0.498748 0.473010 0.508955 0.485385 0.554118 0.489723 0.554243 0.489699 0.554367 0.489675 0.579232 0.469168 0.583590 0.423797 0.573336 0.411365
0 0.743850 0.812969 0.747301 0.818471 0.752424 0.826638 0.767902 0.851310 0.769133 0.852924 0.800473 0.860101 0.838990 0.835938 0.842579 0.820267 0.841013 0.818803 0.747422 0.797371
0 0.565048 0.306755 0.578174 0.315977 0.622868 0.308168 0.641311 0.281916 0.641636 0.281415 0.641962 0.280912 0.635247 0.242477 0.634117 0.236012 0.620931 0.226748 0.565347 0.305865
0 0.877341 0.055790 0.891997 0.062033 0.937468 0.046445 0.953353 0.018256 0.953610 0.016755 0.953868 0.015247 0.951833 0.009394 0.948836 0.000776 0.944802 0.000000 0.914953 0.000000 0.909056 0.006756 0.907816 0.008221 0.877513 0.052976
0 0.242920 0.242223 0.262435 0.264120 0.273247 0.276250 0.274286 0.277276 0.290301 0.278197 0.295826 0.182108 0.294886 0.180644 0.278798 0.179719 0.256901 0.199234 0.244770 0.210046
0 0.251392 0.075264 0.253452 0.120686 0.254016 0.121555 0.254579 0.122420 0.278211 0.144003 0.294330 0.143272 0.323426 0.141952 0.334217 0.130136 0.333456 0.128437 0.262232 0.063393
0 0.126271 0.110464 0.154059 0.146454 0.155641 0.148070 0.187384 0.152152 0.192525 0.148183 0.218068 0.128461 0.223209 0.124491 0.225250 0.108619 0.223988 0.106822 0.128321 0.094520
0 0.544913 0.404116 0.572323 0.497116 0.572659 0.497102 0.588231 0.492513 0.602365 0.466565 0.610195 0.452190 0.601016 0.421046 0.595210 0.417883 0.586641 0.413215 0.566500 0.402244 0.560693 0.399081 0.545121 0.403671
0 0.921012 0.069925 0.938538 0.111774 0.953382 0.117855 0.955470 0.116095 0.992122 0.026621 0.977209 0.020512 0.971155 0.023047 0.935167 0.038119 0.933173 0.040236
0 0.537152 0.393511 0.537793 0.426063 0.570985 0.457974 0.587261 0.457654 0.587668 0.457456 0.585738 0.359344 0.569386 0.359666 0.564769 0.364468 0.557956 0.371554 0.541926 0.388228 0.537326 0.393014
0 0.163544 0.841478 0.179495 0.843775 0.184732 0.839857 0.210736 0.820401 0.215991 0.816469 0.217293 0.815018 0.221867 0.783263 0.194686 0.746935 0.178808 0.744648 0.177329 0.745774
0 0.000000 0.530298 0.000998 0.536295 0.001507 0.538101 0.002670 0.539576 0.053363 0.589306 0.055410 0.588897 0.065827 0.576698 0.062262 0.531466 0.037865 0.510633 0.036803 0.510657 0.035737 0.510682 0.006496 0.512986 0.000000 0.513717
0 0.400345 0.654872 0.410973 0.692437 0.412754 0.698731 0.426820 0.706593 0.473996 0.622192 0.474115 0.621632 0.460112 0.613805 0.416454 0.626157 0.416070 0.626738
