0 0.459202 0.382821 0.459389 0.383358 0.490595 0.416295 0.522665 0.417160 0.555602 0.385955 0.555858 0.385430 0.556293 0.369321 0.459637 0.366712
0 0.494580 0.299379 0.507286 0.392612 0.523301 0.390544 0.527273 0.385453 0.550891 0.355178 0.551020 0.354392 0.551149 0.353603 0.546743 0.322433 0.510517 0.295526 0.494580 0.297560
0 0.279953 0.653517 0.305588 0.691070 0.337183 0.697030 0.374736 0.671395 0.375309 0.670611 0.378275 0.654886 0.283925 0.637090 0.282933 0.637719
0 0.242049 0.851707 0.252179 0.864241 0.327380 0.803463 0.328171 0.802072 0.318088 0.789596 0.272969 0.784811 0.248017 0.804977 0.246857 0.806381
0 0.423150 0.780520 0.443556 0.821958 0.458530 0.827429 0.460053 0.826209 0.488214 0.734159 0.473211 0.728928 0.448006 0.741899 0.439701 0.746173 0.434117 0.749047 0.433303 0.749479 0.432486 0.749913
0 0.611204 0.160067 0.623752 0.170060 0.668835 0.164949 0.688821 0.139852 0.689690 0.138194 0.688951 0.131672 0.687860 0.122048 0.685295 0.099425 0.684555 0.092904 0.671949 0.082865 0.611716 0.158502
0 0.889701 0.896810 0.894219 0.901400 0.897427 0.901826 0.900636 0.902251 0.914510 0.878925 0.917203 0.873387 0.917736 0.872079 0.918099 0.870298 0.920277 0.853911 0.920413 0.851934 0.920302 0.850071 0.914842 0.810014 0.914514 0.808627 0.913431 0.805974 0.908694 0.802476 0.902350 0.801633
0 0.488937 0.521858 0.491700 0.523528 0.492003 0.523120 0.492007 0.523071 0.492010 0.523022 0.491696 0.521648 0.490776 0.521092 0.489248 0.521352 0.488944 0.521760
0 0.482397 0.362703 0.483115 0.363693 0.484679 0.364283 0.485102 0.364084 0.485215 0.363953 0.483059 0.360981 0.482636 0.361182 0.482579 0.361247 0.482522 0.361313
0 0.170862 0.386874 0.183039 0.397429 0.184492 0.397899 0.229748 0.394668 0.250761 0.370424 0.247529 0.325168 0.235408 0.314661 0.234189 0.313808
0 0.549650 0.128659 0.559386 0.141409 0.635881 0.082997 0.636507 0.081077 0.626727 0.068269 0.610622 0.066110 0.588034 0.063082 0.581551 0.062213 0.555935 0.081773 0.555806 0.082734 0.553652 0.098802 0.550751 0.120444 0.549879 0.126950
0 0.172167 0.682708 0.184656 0.692893 0.191163 0.692232 0.230002 0.688286 0.230623 0.687854 0.231240 0.687423 0.251517 0.662561 0.246931 0.617422 0.234500 0.607283 0.233278 0.607777
0 0.652059 0.707443 0.655388 0.713102 0.675179 0.746740 0.675990 0.747881 0.691666 0.751944 0.716042 0.657885 0.715047 0.657158 0.699443 0.653114 0.665805 0.672905 0.660147 0.676235
0 0.462153 0.801907 0.471212 0.815188 0.550894 0.760834 0.550661 0.759642 0.541644 0.746422 0.535262 0.745216 0.503574 0.739228 0.497169 0.738018 0.470730 0.756053 0.469524 0.762435 0.463536 0.794123 0.462326 0.800527
0 0.847374 0.277278 0.859630 0.306843 0.865652 0.309336 0.895449 0.321670 0.901450 0.324153 0.916233 0.318026 0.918144 0.317190 0.881210 0.228087 0.866360 0.234243 0.865520 0.234852 0.864685 0.235458 0.862192 0.241480 0.849858 0.271277
0 0.498971 0.442144 0.498993 0.442446 0.499021 0.442576 0.499120 0.442629 0.500611 0.443341 0.500984 0.443519 0.501258 0.443643 0.501404 0.443547 0.501354 0.443116 0.501233 0.442941 0.501053 0.442681 0.500509 0.441897 0.499764 0.441541 0.499618 0.441637
0 0.153407 0.902414 0.163657 0.914849 0.202494 0.918590 0.209027 0.919219 0.233898 0.898719 0.235117 0.896892 0.239467 0.851729 0.229264 0.839351 0.154996 0.900569
0 0.373678 0.407366 0.374255 0.407790 0.389737 0.411838 0.395361 0.408546 0.403662 0.403687 0.423192 0.392254 0.428797 0.388972 0.436894 0.358009 0.436750 0.357684 0.436605 0.357357 0.413633 0.318117 0.398080 0.314050
0 0.641002 0.671385 0.652253 0.715339 0.652955 0.716330 0.666819 0.724543 0.716099 0.641353 0.715109 0.640705 0.701307 0.632530 0.657353 0.643782
0 0.813022 0.525430 0.814932 0.530586 0.815381 0.531249 0.832464 0.551504 0.833399 0.552485 0.834706 0.553674 0.846852 0.564149 0.848338 0.565369 0.849781 0.566438 0.866138 0.577816 0.882879 0.589461 0.884127 0.590262 0.884930 0.590629 0.892018 0.590663 0.896347 0.585644 0.821056 0.520711 0.817300 0.520469
0 0.096845 0.668434 0.098981 0.674640 0.109552 0.705348 0.111681 0.711532 0.140649 0.725663 0.156013 0.720374 0.177541 0.712963 0.183747 0.710826 0.185196 0.709860 0.192229 0.695443 0.105725 0.653245 0.103910 0.653950
0 0.761995 0.426348 0.791353 0.460942 0.823328 0.463560 0.824071 0.463477 0.824817 0.463392 0.829821 0.459146 0.837206 0.452879 0.859570 0.433900 0.860885 0.417839 0.764517 0.409948 0.763304 0.410360
0 0.710447 0.435984 0.717523 0.450381 0.733045 0.455673 0.754888 0.463120 0.761172 0.465262 0.791014 0.451265 0.796673 0.435861 0.804647 0.414153 0.806956 0.407867 0.806839 0.407565 0.806722 0.407264 0.799631 0.392672 0.710647 0.435265
0 0.189946 0.109647 0.191367 0.111436 0.207138 0.114368 0.244544 0.088690 0.250408 0.057148 0.249835 0.056131 0.249259 0.055109 0.240063 0.041712 0.227165 0.022923 0.223463 0.017531 0.207620 0.014585
0 0.076873 0.484273 0.167537 0.517875 0.169061 0.517793 0.174635 0.502751 0.155701 0.461519 0.125618 0.450370 0.124759 0.450256 0.123895 0.450142 0.117951 0.452871 0.088417 0.466433 0.082473 0.469163
0 0.503559 0.481800 0.504433 0.483193 0.504979 0.483368 0.505054 0.483285 0.505711 0.480158 0.505165 0.479983 0.504976 0.480082 0.504320 0.480428 0.504042 0.480575 0.503853 0.480675 0.503815 0.480716 0.503778 0.480758
