0 0.273868 0.371552 0.276241 0.387491 0.277267 0.388007 0.372465 0.373837 0.370104 0.357971 0.369805 0.357644 0.369505 0.357317 0.364250 0.353423 0.338137 0.334076 0.332881 0.330183 0.301002 0.334928 0.291329 0.347984 0.277762 0.366296
0 0.179843 0.859823 0.184860 0.875137 0.190695 0.878093 0.211026 0.888390 0.219667 0.892766 0.225522 0.895731 0.256151 0.885697 0.256711 0.884811 0.257268 0.883929 0.277768 0.843453 0.272774 0.828209 0.181310 0.858174
0 0.250558 0.516333 0.268575 0.539479 0.278556 0.552301 0.294548 0.554294 0.295489 0.554045 0.307390 0.458536 0.306503 0.458345 0.290512 0.456352 0.285332 0.460384 0.259705 0.480332 0.254544 0.484350
0 0.569088 0.739432 0.569406 0.740535 0.666061 0.743180 0.666502 0.727071 0.665739 0.726030 0.634546 0.693082 0.602475 0.692204 0.569527 0.723397
0 0.616201 0.273877 0.642030 0.366594 0.657483 0.362289 0.658208 0.361655 0.680607 0.321957 0.671957 0.290909 0.666261 0.287695 0.637976 0.271736 0.632260 0.268511 0.616736 0.272836
0 0.230876 0.606098 0.261782 0.697716 0.277052 0.692565 0.278074 0.691683 0.298218 0.651029 0.287963 0.620629 0.247309 0.600485 0.232110 0.605612
0 0.686422 0.872992 0.686755 0.874262 0.687090 0.875538 0.707516 0.914323 0.722819 0.919092 0.754000 0.830989 0.753022 0.828632 0.737652 0.823829 0.731751 0.826686 0.711228 0.836625 0.702502 0.840851 0.696630 0.843695
0 0.366248 0.825098 0.369291 0.830914 0.384349 0.859688 0.387382 0.865483 0.402762 0.870295 0.431638 0.778017 0.431951 0.776743 0.416642 0.771953 0.376442 0.792990 0.376158 0.793663 0.375873 0.794339
0 0.494454 0.262256 0.494479 0.263342 0.510459 0.264188 0.515305 0.259830 0.544110 0.233920 0.544313 0.232698 0.546012 0.200591 0.515604 0.166785 0.499551 0.165936
0 0.544766 0.900319 0.544972 0.902157 0.575871 0.935514 0.608000 0.936742 0.641356 0.905843 0.641970 0.889779 0.641321 0.887997 0.545378 0.884328
0 0.149334 0.935251 0.244484 0.951066 0.245652 0.949004 0.248276 0.933218 0.225743 0.901701 0.221952 0.896399 0.190381 0.891151 0.158863 0.913684 0.153561 0.917475 0.151970 0.919392
0 0.810863 0.202433 0.817098 0.204441 0.823306 0.200640 0.823859 0.199877 0.824560 0.198510 0.825302 0.196747 0.825972 0.194859 0.841178 0.147654 0.851315 0.116183 0.851802 0.114481 0.852025 0.113247 0.851335 0.106309 0.845026 0.104277 0.840991 0.108906 0.838404 0.114693 0.823382 0.148309 0.813570 0.178772 0.813187 0.182113 0.811842 0.193872 0.811259 0.198970
0 0.280526 0.731399 0.298825 0.826342 0.314649 0.823292 0.318328 0.817857 0.336531 0.790962 0.340197 0.785545 0.340564 0.784889 0.340929 0.784236 0.334857 0.752733 0.297283 0.727303 0.281532 0.730338
0 0.619710 0.234304 0.630248 0.264523 0.636097 0.267348 0.656476 0.277188 0.665158 0.281380 0.671007 0.284204 0.686117 0.278935 0.686971 0.277920 0.655210 0.186844 0.640031 0.192138 0.620259 0.233083
0 0.593456 0.440200 0.688442 0.455731 0.689310 0.455527 0.691911 0.439623 0.669122 0.407925 0.665303 0.402614 0.633496 0.397414 0.628166 0.401245 0.596487 0.424021 0.596045 0.424369
0 0.479318 0.720949 0.560607 0.773305 0.569333 0.759757 0.565895 0.743875 0.561078 0.721623 0.559689 0.715209 0.559552 0.714714 0.559415 0.714222 0.532443 0.696850 0.488099 0.706450 0.479413 0.719937
0 0.129854 0.183610 0.141907 0.210350 0.148585 0.225164 0.150195 0.226423 0.165198 0.232103 0.199275 0.142090 0.197891 0.140442 0.182819 0.134736 0.147228 0.150779 0.141265 0.153467
0 0.766073 0.814197 0.767299 0.815643 0.788525 0.839897 0.795074 0.840333 0.827478 0.842490 0.834004 0.842924 0.846131 0.832311 0.782453 0.759550 0.781158 0.758361 0.769087 0.768925
0 0.660350 0.802981 0.661089 0.804376 0.678531 0.831478 0.716684 0.839751 0.723076 0.841137 0.736628 0.832415 0.684299 0.751109 0.683454 0.749958 0.669965 0.758639
0 0.366728 0.502446 0.396947 0.536420 0.429044 0.538297 0.429368 0.538122 0.441425 0.527398 0.463187 0.508041 0.464121 0.492066 0.463957 0.492029 0.367666 0.486397
0 0.328585 0.413933 0.334998 0.428674 0.335752 0.429000 0.350766 0.434911 0.371803 0.443193 0.377867 0.445580 0.407215 0.432813 0.409603 0.426749 0.417885 0.405712 0.421408 0.396763 0.423795 0.390698 0.417412 0.376024 0.417033 0.375455
0 0.669564 0.222760 0.674495 0.227072 0.677004 0.224450 0.689171 0.211730 0.691573 0.209218 0.712640 0.185126 0.721960 0.173879 0.735278 0.157806 0.739175 0.153102 0.742006 0.148997 0.737016 0.144633 0.730883 0.146706 0.730441 0.147109 0.729559 0.148049 0.728371 0.149383 0.717489 0.161827 0.673962 0.211606 0.672666 0.213113 0.671476 0.214543 0.670573 0.215677 0.670095 0.216345
0 0.231117 0.063065 0.231149 0.078218 0.233381 0.081048 0.326572 0.071192 0.326370 0.055959 0.325458 0.054478 0.324541 0.052990 0.319956 0.049085 0.297423 0.029894 0.292893 0.026037 0.261864 0.029490 0.257436 0.034325 0.235529 0.058247
0 0.285268 0.083121 0.286252 0.085032 0.297519 0.096451 0.342889 0.096755 0.365727 0.074223 0.366032 0.028852 0.365415 0.026683 0.354097 0.015212
0 0.133791 0.533112 0.143342 0.546043 0.188306 0.552803 0.189020 0.552682 0.189731 0.552561 0.215475 0.533546 0.217874 0.517590 0.222204 0.488788 0.212696 0.475916 0.211377 0.475806
0 0.879430 0.340782 0.946369 0.409939 0.948424 0.409524 0.960004 0.398316 0.960269 0.382069 0.960747 0.352742 0.938331 0.329583 0.931768 0.329476 0.909004 0.329105 0.899296 0.328947 0.892757 0.328841 0.891854 0.329234 0.890957 0.329625
0 0.142162 0.438358 0.157709 0.481205 0.172308 0.488030 0.173810 0.488084 0.214572 0.400895 0.200041 0.394101 0.199352 0.393858 0.198660 0.393614 0.183385 0.399156 0.171088 0.403618 0.161983 0.406922 0.155813 0.409161
0 0.719653 0.316303 0.723093 0.321878 0.729058 0.322122 0.729706 0.321764 0.740863 0.315304 0.751765 0.308991 0.752906 0.308314 0.754407 0.307397 0.768057 0.298976 0.769695 0.297956 0.771226 0.296985 0.805562 0.274963 0.806822 0.274144 0.807556 0.273641 0.807652 0.273533 0.810348 0.267565 0.806867 0.261924 0.722253 0.314129
0 0.124869 0.671950 0.221174 0.680578 0.222452 0.679750 0.223883 0.663773 0.194791 0.628956 0.162837 0.626093 0.161284 0.626674 0.156247 0.630882 0.138776 0.645480 0.131326 0.651705 0.126307 0.655899
0 0.045228 0.132803 0.060340 0.228306 0.062355 0.229551 0.078199 0.227044 0.104873 0.190341 0.099858 0.158653 0.098016 0.157081 0.074289 0.139837 0.061144 0.130284
0 0.614978 0.617945 0.624754 0.630782 0.638452 0.648768 0.642401 0.653953 0.642727 0.654306 0.643055 0.654660 0.658985 0.656816 0.671923 0.561233 0.671137 0.560953 0.655279 0.558807 0.642442 0.568583 0.624438 0.582294 0.619271 0.586230
0 0.187234 0.198086 0.188667 0.199470 0.201850 0.208610 0.246495 0.200524 0.264775 0.174159 0.256689 0.129514 0.255569 0.127808 0.242325 0.118626
0 0.506808 0.931720 0.522144 0.935219 0.557485 0.910117 0.558275 0.909332 0.559061 0.908550 0.563407 0.876523 0.559557 0.870958 0.546258 0.851739 0.536819 0.838099 0.521503 0.834933 0.519777 0.836159
0 0.850816 0.128080 0.871398 0.152690 0.916590 0.156718 0.917547 0.155930 0.918508 0.155138 0.930870 0.144799 0.868840 0.070629 0.856478 0.080967 0.855659 0.081929 0.854844 0.082888
0 0.544565 0.330891 0.553365 0.375401 0.580020 0.393256 0.624530 0.384456 0.624816 0.384191 0.625103 0.383924 0.634072 0.370535 0.553739 0.316724 0.544770 0.330113
