0 0.067124 0.529996 0.128974 0.604318 0.130675 0.603840 0.143005 0.593579 0.147143 0.548396 0.126621 0.523736 0.081439 0.519598 0.079511 0.519688
0 0.100040 0.086329 0.127921 0.122248 0.129622 0.123975 0.161375 0.127975 0.166506 0.123993 0.174122 0.118082 0.197130 0.100223 0.199130 0.084346 0.197748 0.082437 0.102050 0.070379
0 0.573972 0.732954 0.574315 0.734031 0.671343 0.739209 0.672206 0.723038 0.671808 0.722523 0.671412 0.722011 0.660548 0.709921 0.645310 0.692965 0.640937 0.688099 0.608743 0.686381 0.579698 0.712483 0.574832 0.716857
0 0.458814 0.598674 0.460339 0.600831 0.460720 0.600624 0.460733 0.600583 0.460745 0.600542 0.460997 0.599408 0.460488 0.598689 0.459219 0.598385 0.458839 0.598592
0 0.772509 0.681674 0.776156 0.687093 0.776888 0.687464 0.778227 0.688012 0.779969 0.688656 0.781849 0.689296 0.844705 0.709832 0.860419 0.714966 0.862125 0.715497 0.863375 0.715831 0.863978 0.715917 0.870241 0.714701 0.872299 0.708400 0.867944 0.705963 0.862241 0.703811 0.842750 0.696459 0.829111 0.691315 0.798689 0.681376 0.783279 0.677592 0.774543 0.675447
0 0.908994 0.141746 0.910630 0.173787 0.944307 0.204192 0.960327 0.203374 0.962447 0.202008 0.957516 0.105444 0.941422 0.106265 0.939399 0.108070
0 0.554958 0.752446 0.555210 0.753606 0.571285 0.753772 0.603769 0.721956 0.604102 0.689806 0.603864 0.689371 0.603626 0.688938 0.599082 0.684298 0.571956 0.656604 0.555954 0.656438
0 0.042034 0.884266 0.127408 0.929657 0.129115 0.927688 0.136646 0.913524 0.123379 0.870135 0.095051 0.855074 0.051663 0.868341 0.050633 0.869187 0.049599 0.870037
0 0.506198 0.390141 0.506287 0.390232 0.506727 0.390680 0.506816 0.390770 0.507858 0.391411 0.508069 0.391506 0.509114 0.391973 0.509326 0.392067 0.509540 0.392075 0.509661 0.391852 0.509514 0.391640 0.509477 0.391609 0.509423 0.391572 0.506815 0.389966 0.506751 0.389929 0.506686 0.389897 0.506631 0.389876 0.506595 0.389868 0.506320 0.389919
0 0.633716 0.783340 0.634022 0.783989 0.634330 0.784641 0.657001 0.824056 0.672523 0.828241 0.697637 0.735113 0.696733 0.734039 0.681283 0.729872 0.675653 0.733110 0.642049 0.752439
0 0.794160 0.738276 0.842122 0.821452 0.843694 0.822929 0.857620 0.814898 0.869412 0.770985 0.853351 0.743132 0.851735 0.742020 0.823606 0.734467 0.814295 0.731967 0.808022 0.730283
0 0.034202 0.843866 0.050144 0.886807 0.079585 0.900307 0.122525 0.884365 0.123397 0.883478 0.124264 0.882595 0.130983 0.867942 0.043066 0.827630 0.040951 0.829146
0 0.497473 0.532277 0.499704 0.533712 0.499766 0.533721 0.499998 0.533323 0.499719 0.532048 0.498975 0.531570 0.498913 0.531561 0.497879 0.531833 0.497706 0.531879
0 0.385696 0.199408 0.385958 0.200097 0.386219 0.200782 0.407889 0.224334 0.424011 0.225005 0.453111 0.226215 0.464887 0.215380 0.464726 0.214073 0.399416 0.143093 0.387586 0.153978
0 0.671323 0.246507 0.687278 0.248163 0.722501 0.219562 0.723012 0.218918 0.723525 0.218271 0.726851 0.186213 0.722714 0.181117 0.702242 0.155906 0.698119 0.150829 0.682090 0.149166 0.681255 0.150774
0 0.605065 0.633541 0.619184 0.728747 0.619732 0.729800 0.635673 0.727436 0.639570 0.722183 0.653147 0.703878 0.662827 0.690827 0.658099 0.658945 0.657736 0.658580 0.657374 0.658217 0.620932 0.631187
0 0.121213 0.459735 0.130998 0.490362 0.171409 0.511203 0.172162 0.511178 0.172911 0.511152 0.188154 0.506282 0.158934 0.414823 0.157368 0.414432 0.142054 0.419324
0 0.533806 0.506465 0.533914 0.506619 0.534101 0.506797 0.534884 0.506610 0.535143 0.506548 0.535317 0.506506 0.536160 0.505860 0.536562 0.505001 0.536629 0.504856 0.536576 0.504779 0.536522 0.504702 0.536335 0.504524 0.536158 0.504607 0.536105 0.504640 0.535683 0.504963 0.534419 0.505934 0.533998 0.506258 0.533954 0.506299
0 0.502349 0.448060 0.502443 0.448141 0.502783 0.448317 0.503212 0.448151 0.503814 0.447918 0.503988 0.447850 0.504513 0.447031 0.504491 0.446862 0.504414 0.446277 0.504359 0.445860 0.504312 0.445819 0.504265 0.445778 0.503925 0.445603
0 0.781884 0.326000 0.789418 0.370742 0.815555 0.389346 0.860297 0.381813 0.861124 0.381542 0.861956 0.381269 0.871301 0.368140 0.792527 0.312070 0.791186 0.312932
0 0.737147 0.188140 0.800990 0.259852 0.802373 0.258749 0.814380 0.248060 0.817015 0.202667 0.795636 0.178653 0.750243 0.176018 0.738236 0.186707
0 0.369234 0.843182 0.383954 0.871855 0.421098 0.883798 0.427347 0.885807 0.441683 0.878447 0.441950 0.876713 0.397992 0.791089 0.383722 0.798416 0.383455 0.799101 0.383187 0.799790 0.371236 0.836955
0 0.822151 0.565391 0.825005 0.610673 0.837039 0.621280 0.838591 0.621838 0.902525 0.549302 0.890436 0.538646 0.889539 0.538557 0.888647 0.538469 0.843365 0.541323
0 0.232824 0.467292 0.248259 0.471787 0.248836 0.471852 0.249410 0.471916 0.255104 0.468791 0.263555 0.464152 0.289087 0.450136 0.298035 0.419408 0.276255 0.379731 0.275227 0.379179 0.259792 0.374684
0 0.467357 0.076892 0.467431 0.077862 0.467506 0.078827 0.478124 0.090799 0.549956 0.027090 0.550185 0.024918 0.539518 0.012891 0.494131 0.010171 0.470077 0.031505
0 0.497107 0.439454 0.497109 0.439471 0.497186 0.439746 0.497277 0.439790 0.497368 0.439834 0.497853 0.439680 0.498013 0.439629 0.498121 0.439594 0.498715 0.438771 0.498778 0.438569 0.498997 0.437865 0.499153 0.437362 0.499075 0.437069 0.498892 0.436982 0.498699 0.437160 0.498663 0.437200 0.498365 0.437612 0.497472 0.438848 0.497175 0.439260 0.497142 0.439314 0.497118 0.439373 0.497107 0.439428
0 0.224164 0.541625 0.237992 0.549900 0.239193 0.549671 0.283197 0.538616 0.299671 0.511086 0.288616 0.467082 0.274851 0.458845 0.273814 0.458656
0 0.194056 0.718873 0.195037 0.748188 0.195361 0.757868 0.195581 0.764428 0.207351 0.775435 0.208692 0.774173 0.274435 0.703878 0.262719 0.692921 0.217373 0.694438 0.216072 0.695333
