0 0.510878 0.929913 0.510928 0.931892 0.584047 0.995159 0.594592 0.982972 0.594121 0.976449 0.591781 0.944057 0.591308 0.937511 0.590889 0.935505 0.566628 0.914513 0.521374 0.917782
0 0.592182 0.573049 0.607930 0.573543 0.608618 0.573397 0.609303 0.573250 0.620736 0.562130 0.641510 0.541923 0.642037 0.509604 0.637540 0.504889 0.621937 0.488530 0.610875 0.476933 0.610194 0.476867 0.609509 0.476801 0.593756 0.476626
0 0.255606 0.762795 0.264451 0.793706 0.304207 0.815773 0.319662 0.811350 0.320487 0.809927 0.294074 0.717617 0.278689 0.722020 0.277672 0.723039
0 0.354705 0.727595 0.362101 0.741913 0.368333 0.743900 0.405529 0.755757 0.434164 0.740965 0.446014 0.703791 0.448007 0.697537 0.448127 0.697083 0.448246 0.696632 0.440883 0.682380 0.355371 0.726553
0 0.108103 0.574916 0.114519 0.589655 0.156832 0.606303 0.157618 0.606060 0.158400 0.605817 0.187745 0.593044 0.190124 0.587000 0.201931 0.556990 0.204317 0.550925 0.197930 0.536253 0.196543 0.536419
0 0.583248 0.461068 0.583660 0.461605 0.586815 0.460502 0.586926 0.460323 0.586514 0.459787 0.584910 0.459184 0.584640 0.459083 0.583588 0.459449 0.583532 0.459539 0.583477 0.459629
0 0.628530 0.537816 0.629122 0.537990 0.722836 0.561796 0.726804 0.546177 0.718497 0.532212 0.711809 0.520969 0.706857 0.512645 0.703501 0.507004 0.672263 0.499069 0.671868 0.499071 0.671474 0.499073 0.632480 0.522269
0 0.712445 0.140698 0.728104 0.143994 0.733563 0.140434 0.760556 0.122829 0.766015 0.119268 0.767237 0.117520 0.773859 0.086058 0.749020 0.047973 0.733289 0.044661 0.732222 0.046743
0 0.664347 0.651185 0.665103 0.651881 0.752343 0.693574 0.759292 0.679035 0.757106 0.672846 0.746289 0.642224 0.744110 0.636057 0.743549 0.635744 0.742991 0.635433 0.714045 0.621599 0.671264 0.636711
0 0.202046 0.113069 0.223975 0.152901 0.224607 0.153697 0.225237 0.154488 0.255976 0.163399 0.270111 0.155618 0.295626 0.141572 0.300081 0.126202 0.299163 0.124485 0.206523 0.097629
0 0.463044 0.234418 0.463213 0.235633 0.550251 0.276168 0.557007 0.261662 0.557269 0.260567 0.541697 0.217848 0.512551 0.204274 0.469831 0.219845
0 0.700449 0.171569 0.714454 0.176749 0.716756 0.177525 0.722491 0.174546 0.750954 0.159760 0.756676 0.156787 0.768920 0.125400 0.755544 0.088746 0.753264 0.082500 0.739091 0.076865 0.736645 0.076505
0 0.573868 0.311978 0.586679 0.321632 0.631609 0.315319 0.650918 0.289697 0.651612 0.288729 0.650699 0.282229 0.647531 0.259683 0.645270 0.243592 0.632400 0.233893 0.574208 0.311112
0 0.829103 0.174555 0.868017 0.262329 0.882646 0.255843 0.883523 0.255284 0.884404 0.254722 0.900765 0.212299 0.887734 0.182906 0.845311 0.166545 0.830615 0.173060
0 0.754739 0.711765 0.758778 0.727289 0.759969 0.728336 0.853545 0.703991 0.849488 0.688395 0.835475 0.680168 0.810181 0.665318 0.808759 0.664561 0.777710 0.672638
0 0.342196 0.441386 0.356777 0.448248 0.357106 0.448367 0.357434 0.448485 0.400124 0.433119 0.413786 0.404090 0.398419 0.361400 0.398186 0.361082 0.397951 0.360762 0.383370 0.353900
0 0.529427 0.227495 0.555136 0.257182 0.559435 0.262146 0.575180 0.263569 0.576544 0.262122 0.581257 0.167115 0.565523 0.165519 0.532240 0.194045 0.531074 0.195805
0 0.490729 0.734592 0.492169 0.750603 0.588236 0.741959 0.586796 0.725948 0.586399 0.724915 0.556658 0.700084 0.551655 0.695907 0.519779 0.698775 0.515616 0.703761 0.494948 0.728516 0.490771 0.733519 0.490750 0.734054
0 0.319596 0.364981 0.320423 0.365600 0.336257 0.368170 0.373065 0.341643 0.378206 0.309975 0.377645 0.309100 0.373808 0.303775 0.368145 0.295917 0.354834 0.277447 0.350996 0.272122 0.335089 0.269540
0 0.267583 0.636703 0.289866 0.668758 0.293600 0.674129 0.325321 0.679834 0.338664 0.670559 0.357377 0.657551 0.362747 0.653817 0.363063 0.653464 0.363376 0.653112 0.366216 0.637324 0.271488 0.620288 0.270436 0.620842
0 0.812827 0.177201 0.825628 0.187144 0.870234 0.183187 0.871263 0.182007 0.872297 0.180821 0.891214 0.157007 0.890239 0.150758 0.884443 0.113620 0.871682 0.103769 0.814630 0.174804
0 0.875717 0.745762 0.877446 0.746894 0.969205 0.777381 0.974286 0.762088 0.971345 0.756220 0.961144 0.735867 0.953863 0.721340 0.952820 0.720831 0.951783 0.720325 0.921337 0.710209 0.880775 0.730540
0 0.081315 0.654900 0.082507 0.670971 0.087461 0.675242 0.104724 0.690121 0.112078 0.696459 0.117033 0.700729 0.149175 0.698345 0.149980 0.697890 0.150782 0.697436 0.180404 0.663069 0.179218 0.647071 0.083234 0.654191
0 0.027059 0.260223 0.027783 0.266723 0.031383 0.299022 0.032108 0.305523 0.057282 0.325648 0.058299 0.326049 0.059311 0.326447 0.104404 0.321421 0.114420 0.308892 0.039243 0.248792 0.037122 0.247636
0 0.428513 0.184603 0.429242 0.187138 0.470216 0.269043 0.484814 0.262045 0.487016 0.256058 0.490259 0.247237 0.497864 0.226551 0.500040 0.220632 0.499834 0.219433 0.499627 0.218229 0.485732 0.190921 0.443000 0.177681
0 0.002470 0.952136 0.006786 0.967663 0.099945 0.941772 0.101779 0.939747 0.097483 0.924292 0.057981 0.901972 0.027070 0.910562 0.024893 0.912453 0.021664 0.918167
0 0.397522 0.605869 0.414584 0.648377 0.429476 0.654739 0.429801 0.654026 0.467796 0.565083 0.452972 0.558751 0.446879 0.561196 0.416731 0.573296 0.410659 0.575734 0.410453 0.575908 0.410246 0.576084
0 0.348810 0.592897 0.353173 0.608411 0.387201 0.627500 0.392926 0.630711 0.423952 0.621985 0.424127 0.621705 0.424301 0.621426 0.446499 0.581855 0.442156 0.566413 0.349503 0.592472
