0 0.458792 0.822736 0.462481 0.828243 0.467655 0.827620 0.468511 0.827398 0.469823 0.826754 0.471392 0.825786 0.526330 0.788985 0.540065 0.779784 0.541630 0.778653 0.542934 0.777545 0.543776 0.776629 0.544029 0.776046 0.545083 0.772910 0.544556 0.769718 0.542733 0.766996 0.540910 0.764275 0.517271 0.774384 0.513385 0.776046 0.486795 0.793857 0.463302 0.815286 0.459274 0.818961
0 0.629113 0.199889 0.629695 0.200644 0.630274 0.201395 0.640219 0.213187 0.715485 0.147767 0.714689 0.145995 0.704399 0.134143 0.665351 0.132918 0.658841 0.132714 0.633947 0.154636 0.633250 0.161152 0.632223 0.170768
0 0.603887 0.014222 0.633574 0.048533 0.665574 0.050844 0.699884 0.021157 0.700805 0.018952 0.701966 0.002879 0.608509 0.000000 0.605043 0.000000
0 0.566394 0.287061 0.579083 0.316443 0.585141 0.318847 0.621154 0.333136 0.635845 0.326791 0.636469 0.325996 0.598227 0.237446 0.583469 0.243819 0.566699 0.286083 0.566546 0.286573
0 0.474785 0.090374 0.474843 0.091313 0.474901 0.092247 0.476973 0.124184 0.481870 0.128485 0.510982 0.154050 0.526951 0.153014 0.527075 0.151420 0.520830 0.055168 0.504788 0.056208
0 0.671572 0.133041 0.691078 0.158512 0.736056 0.164477 0.748792 0.154723 0.749937 0.153133 0.691148 0.076369 0.678353 0.086167 0.677536 0.088063
0 0.357010 0.551677 0.365324 0.565482 0.371694 0.567064 0.403192 0.574883 0.409562 0.576464 0.437172 0.559836 0.437460 0.559562 0.448391 0.515527 0.440116 0.501786 0.439840 0.501794
0 0.322966 0.579225 0.331752 0.592077 0.375720 0.603818 0.402603 0.589929 0.403105 0.588551 0.403605 0.587178 0.413574 0.547060 0.404926 0.533884 0.324305 0.576527
0 0.380607 0.000000 0.408404 0.092265 0.423749 0.087723 0.426860 0.081996 0.442253 0.053658 0.445353 0.047951 0.445228 0.046915 0.445102 0.045875 0.435977 0.015045 0.410471 0.002222 0.402224 0.000000
0 0.473673 0.840002 0.477129 0.845555 0.489173 0.864903 0.494292 0.873126 0.497761 0.878698 0.529152 0.886002 0.542947 0.877415 0.562276 0.865383 0.567848 0.861914 0.571500 0.846218 0.571172 0.844631 0.477429 0.822820 0.473793 0.838444 0.473733 0.839221
0 0.506419 0.298632 0.522388 0.300150 0.557363 0.271248 0.557495 0.270723 0.557627 0.270195 0.560678 0.238109 0.550327 0.225583 0.535824 0.208033 0.531643 0.202974 0.515600 0.201448 0.506448 0.297705
0 0.400315 0.408749 0.400772 0.409167 0.487094 0.451736 0.494189 0.437349 0.494176 0.437205 0.494162 0.437060 0.492060 0.430867 0.479511 0.393899 0.450604 0.379644 0.435217 0.384867 0.413636 0.392193 0.407443 0.394296
0 0.175150 0.611228 0.179914 0.707565 0.195970 0.706771 0.196666 0.706298 0.197360 0.705826 0.223385 0.677094 0.227745 0.672280 0.226164 0.640314 0.221334 0.635939 0.197449 0.614305 0.192618 0.609930 0.176635 0.610720
0 0.660693 0.991414 0.661431 0.993671 0.663714 0.998484 0.667269 1.000000 0.707165 1.000000 0.712608 0.988435 0.729461 0.950860 0.728412 0.948799 0.713467 0.943077 0.672135 0.961524
0 0.498370 0.734946 0.566181 0.803540 0.577613 0.792238 0.577874 0.746770 0.577696 0.746204 0.577518 0.745642 0.555018 0.722881 0.525893 0.722714 0.516275 0.722659 0.509757 0.722622 0.498377 0.733872
0 0.839052 0.622712 0.840614 0.623277 0.934441 0.646632 0.938334 0.630994 0.934963 0.625388 0.918214 0.597538 0.914843 0.591933 0.883567 0.584148 0.881809 0.583762 0.842927 0.607146
0 0.437067 0.561805 0.453083 0.589774 0.481387 0.597466 0.490756 0.600012 0.497068 0.601727 0.511053 0.593719 0.511002 0.593290 0.463174 0.509767 0.463005 0.509812 0.449020 0.517820 0.441328 0.546124 0.438782 0.555493
0 0.340235 0.258330 0.355722 0.301080 0.356053 0.301536 0.356382 0.301989 0.370875 0.308774 0.411582 0.221816 0.411176 0.220539 0.396616 0.213723 0.353866 0.229211
0 0.456646 0.488113 0.457089 0.488314 0.457273 0.488279 0.457546 0.488227 0.458187 0.488104 0.458371 0.488068 0.458768 0.487418 0.458784 0.487356 0.458800 0.487294 0.458311 0.486239 0.457868 0.486037 0.456678 0.487989
0 0.380325 0.339005 0.395348 0.367519 0.395588 0.367824 0.395827 0.368127 0.439165 0.381557 0.453358 0.374080 0.453143 0.373500 0.408074 0.287955 0.393817 0.295467 0.391874 0.301736 0.382261 0.332757
0 0.460041 0.651654 0.460576 0.653769 0.475725 0.658278 0.516467 0.638106 0.527181 0.608733 0.526349 0.606813 0.509691 0.573543 0.506877 0.567924 0.491674 0.563194
0 0.231820 0.931306 0.318373 0.973875 0.325468 0.959450 0.325868 0.958397 0.326266 0.957349 0.313766 0.920653 0.311671 0.914505 0.282952 0.900380 0.246278 0.912873 0.240108 0.914975 0.238915 0.916881
0 0.517468 0.509925 0.593767 0.568594 0.594199 0.568910 0.604022 0.556135 0.603175 0.549649 0.598966 0.517424 0.598118 0.510939 0.572568 0.491292 0.572236 0.491332 0.527246 0.497209
0 0.754934 0.276177 0.782164 0.312469 0.798044 0.314734 0.799417 0.313881 0.813073 0.218160 0.797119 0.215884 0.791887 0.219809 0.765892 0.239313 0.760660 0.243239 0.759465 0.244416
0 0.701284 0.583414 0.726763 0.620956 0.727283 0.621234 0.727807 0.621513 0.759462 0.627573 0.791765 0.605651 0.797177 0.601978 0.800207 0.586150 0.798831 0.585755 0.704300 0.567659
0 0.878842 0.258612 0.894706 0.301120 0.909299 0.307781 0.911183 0.306896 0.951334 0.218935 0.936674 0.212244 0.921450 0.217925 0.900098 0.225893 0.893970 0.228180 0.892165 0.229426
