0 0.637265 0.923422 0.637896 0.925367 0.723547 0.969723 0.730939 0.955447 0.717174 0.912112 0.716676 0.911167 0.716181 0.910228 0.687761 0.895510 0.681571 0.897476 0.660002 0.904327 0.644624 0.909212
0 0.098610 0.746851 0.161912 0.819939 0.174094 0.809389 0.175587 0.807971 0.178834 0.762716 0.157830 0.738464 0.112575 0.735217 0.110791 0.736301
0 0.096824 0.940415 0.172990 0.999979 0.182917 0.987284 0.183646 0.986165 0.184371 0.985051 0.178862 0.940015 0.153589 0.920252 0.108554 0.925761 0.106751 0.927721
0 0.489778 0.475318 0.491530 0.476748 0.491673 0.476807 0.491943 0.476352 0.491927 0.475857 0.491914 0.475459 0.491904 0.475163 0.491897 0.474964 0.491313 0.474488 0.491170 0.474429 0.490047 0.474863 0.489895 0.475107
0 0.481488 0.259496 0.497375 0.261555 0.530474 0.235222 0.531230 0.234043 0.531989 0.232859 0.533519 0.202593 0.529240 0.197630 0.503803 0.168128 0.488080 0.165874 0.486762 0.168527
0 0.461086 0.934878 0.465333 0.939967 0.471350 0.938121 0.472562 0.937427 0.474012 0.936329 0.486704 0.925737 0.537472 0.883367 0.538919 0.882048 0.540123 0.880725 0.540901 0.879601 0.541134 0.878847 0.541666 0.876262 0.541178 0.871861 0.539080 0.869346 0.536981 0.866832 0.533248 0.868612 0.520491 0.874695 0.511564 0.878952 0.486992 0.899459 0.483399 0.903741 0.470750 0.918816 0.461542 0.929791
0 0.113415 0.796233 0.116868 0.812095 0.122411 0.815657 0.130640 0.820944 0.149936 0.833341 0.155499 0.836915 0.187225 0.830009 0.187949 0.829245 0.188669 0.828485 0.213374 0.790032 0.209937 0.774242 0.115200 0.794865
0 0.319852 0.508641 0.330374 0.520795 0.375726 0.524058 0.376011 0.524003 0.376294 0.523948 0.400491 0.503000 0.401649 0.486906 0.403273 0.464334 0.403739 0.457855 0.393265 0.445757 0.392775 0.445508
0 0.844004 0.180690 0.853699 0.192998 0.931801 0.144951 0.933625 0.141678 0.923763 0.129560 0.894497 0.124216 0.884852 0.122455 0.878321 0.121263 0.852295 0.137106 0.851563 0.138753 0.850835 0.140393
0 0.421037 0.865763 0.427927 0.880331 0.434086 0.882535 0.470843 0.895687 0.499979 0.881906 0.513131 0.845149 0.515334 0.838990 0.515299 0.838211 0.515264 0.837437 0.508405 0.822935 0.421399 0.864087
0 0.602883 0.180906 0.618876 0.181440 0.630661 0.170418 0.651932 0.150522 0.652630 0.148917 0.653703 0.116783 0.622643 0.083576 0.606576 0.083039 0.606089 0.084946
0 0.337888 0.660715 0.355077 0.687979 0.361478 0.689430 0.370924 0.691571 0.399530 0.698054 0.413162 0.689459 0.413560 0.688591 0.362229 0.607174 0.348659 0.615729 0.347962 0.616262 0.339333 0.654336
0 0.416686 0.254264 0.418227 0.270305 0.418602 0.271358 0.514408 0.262152 0.514475 0.261057 0.512933 0.245016 0.507887 0.240854 0.500397 0.234677 0.482814 0.220177 0.477768 0.216016 0.445686 0.219098 0.427024 0.241727
0 0.798500 0.127118 0.823347 0.165082 0.839049 0.168361 0.840610 0.166834 0.860376 0.072185 0.844601 0.068891 0.839109 0.072485 0.820059 0.084953 0.811955 0.090257 0.806463 0.093852 0.805058 0.095713
0 0.812663 0.455360 0.829129 0.482804 0.844782 0.486718 0.866737 0.492207 0.873038 0.493782 0.873893 0.493768 0.874752 0.493753 0.888537 0.485483 0.838912 0.402773 0.837363 0.403217 0.823641 0.411450 0.822065 0.417751 0.814243 0.449037
0 0.827451 0.188706 0.827843 0.195212 0.829203 0.217779 0.829783 0.227402 0.830174 0.233885 0.842149 0.244500 0.843720 0.243326 0.907699 0.171144 0.895668 0.160481 0.850281 0.163215 0.848680 0.164755
0 0.608611 0.365244 0.609974 0.397297 0.643391 0.427988 0.659417 0.427306 0.660151 0.426971 0.656043 0.330368 0.639943 0.331053 0.635518 0.335870 0.609111 0.364623 0.608860 0.364934
0 0.734265 0.652649 0.735343 0.653352 0.751439 0.654150 0.780378 0.627948 0.785227 0.623557 0.786824 0.591367 0.782419 0.586501 0.775918 0.579321 0.760637 0.562444 0.756231 0.557579 0.755643 0.557446 0.755057 0.557315 0.739035 0.556520
0 0.772271 0.634131 0.777516 0.649291 0.778794 0.649978 0.784697 0.652847 0.813907 0.667041 0.819790 0.669899 0.850249 0.659362 0.853108 0.653479 0.867302 0.624269 0.870170 0.618365 0.864902 0.603136 0.863229 0.602663
0 0.290367 0.282988 0.292819 0.285527 0.298888 0.287994 0.302596 0.284955 0.303224 0.284211 0.311624 0.271669 0.319831 0.259414 0.320554 0.258147 0.321294 0.256505 0.327335 0.241647 0.327983 0.239873 0.328444 0.238231 0.336794 0.201643 0.337010 0.200310 0.336932 0.199557 0.335895 0.196969 0.333953 0.193383 0.327813 0.190886
0 0.195714 0.831732 0.196245 0.847838 0.292883 0.844651 0.293832 0.843071 0.293304 0.827039 0.260181 0.796031 0.228116 0.797089 0.197108 0.830212
0 0.029070 0.573161 0.053313 0.603761 0.057375 0.608888 0.089391 0.612598 0.090334 0.612340 0.091273 0.612083 0.126836 0.583907 0.128683 0.567973 0.033075 0.556891 0.030926 0.557153
0 0.407730 0.551515 0.417955 0.563971 0.424464 0.564612 0.456784 0.567792 0.463316 0.568434 0.488228 0.547985 0.488256 0.547875 0.488282 0.547766 0.492725 0.502612 0.482548 0.490213 0.482467 0.490168
0 0.144390 0.831436 0.167503 0.925081 0.183111 0.921228 0.183837 0.920263 0.184559 0.919302 0.187918 0.913743 0.204592 0.886140 0.207962 0.880561 0.200293 0.849489 0.194734 0.846130 0.161552 0.826086 0.146015 0.829921
0 0.658145 0.837163 0.658873 0.838715 0.725166 0.909102 0.736897 0.898053 0.737094 0.891493 0.737384 0.881811 0.738262 0.852493 0.737715 0.851684 0.737170 0.850878 0.715173 0.827523 0.669822 0.826164
0 0.427436 0.641745 0.451930 0.680053 0.467630 0.683507 0.488351 0.589304 0.488405 0.588896 0.472776 0.585458 0.440115 0.606341 0.434643 0.609840 0.434493 0.610091 0.434343 0.610344
0 0.145872 0.524476 0.157576 0.561696 0.159545 0.567957 0.188122 0.582861 0.188839 0.582671 0.189552 0.582482 0.232834 0.568871 0.240252 0.554648 0.154913 0.510141 0.153324 0.510187
0 0.714892 0.542706 0.715623 0.586215 0.727354 0.597735 0.794127 0.535305 0.795489 0.533153 0.783714 0.521972 0.777170 0.521698 0.738271 0.520073 0.715916 0.540580 0.715403 0.541645
0 0.217481 0.438408 0.226067 0.452045 0.232445 0.453495 0.241912 0.455647 0.270514 0.462147 0.271041 0.462234 0.271566 0.462320 0.298715 0.445226 0.308770 0.400983 0.300223 0.387408 0.299303 0.386890
0 0.544918 0.093159 0.545855 0.095030 0.553114 0.108893 0.596163 0.120627 0.624855 0.104439 0.638864 0.060124 0.638604 0.059100 0.638342 0.058071 0.630886 0.044046
0 0.657516 0.368668 0.702699 0.453650 0.703632 0.453437 0.717861 0.445872 0.719781 0.439595 0.722613 0.430333 0.729277 0.408538 0.731189 0.402284 0.716059 0.373825 0.678725 0.362410 0.672470 0.360498 0.658241 0.368063
0 0.780530 0.799205 0.790997 0.829450 0.791664 0.830205 0.792334 0.830963 0.833233 0.850831 0.848424 0.845574 0.816879 0.754423 0.815430 0.753260 0.800308 0.758494 0.797460 0.764356 0.793257 0.773007 0.783368 0.793363
0 0.034896 0.535335 0.035118 0.550936 0.036043 0.551733 0.036965 0.552527 0.070322 0.580788 0.103129 0.577686 0.134761 0.543408 0.134226 0.527965 0.132822 0.526278
