0 0.351061 0.731430 0.352647 0.734253 0.354233 0.737075 0.359685 0.737246 0.360443 0.737000 0.385959 0.726437 0.387274 0.725824 0.388899 0.724955 0.403312 0.716859 0.404992 0.715871 0.406466 0.714918 0.421781 0.704409 0.436743 0.694141 0.437727 0.693410 0.438129 0.692973 0.439604 0.687333 0.436469 0.681753 0.352758 0.728775
0 0.096350 0.798716 0.109488 0.807979 0.154292 0.800231 0.155873 0.798858 0.174316 0.772702 0.171566 0.756802 0.167713 0.734525 0.166602 0.728102 0.153524 0.718881 0.151933 0.719886
0 0.304890 0.325550 0.322268 0.352695 0.323082 0.353370 0.367400 0.363092 0.380910 0.354444 0.329017 0.273384 0.328230 0.272340 0.314658 0.281029 0.313251 0.287440 0.308372 0.309678
0 0.222754 0.197628 0.224022 0.199010 0.309567 0.242606 0.316833 0.228349 0.314820 0.222150 0.304857 0.191479 0.302850 0.185302 0.302399 0.184581 0.301945 0.183856 0.273299 0.169257 0.230054 0.183305
0 0.811265 0.871492 0.832134 0.965210 0.833660 0.967346 0.849351 0.963852 0.873746 0.925481 0.866757 0.894098 0.865917 0.893195 0.865080 0.892296 0.859599 0.888811 0.826885 0.868013
0 0.292499 0.505339 0.292573 0.506239 0.292647 0.507135 0.298464 0.521755 0.389468 0.488205 0.389746 0.486348 0.383765 0.471969 0.377731 0.469416 0.347874 0.456784 0.341861 0.454240 0.311533 0.465165 0.308815 0.470901 0.299328 0.490925 0.295263 0.499505
0 0.539068 0.702100 0.539531 0.704492 0.631679 0.741822 0.634168 0.735679 0.631640 0.729811 0.631114 0.729360 0.629974 0.728697 0.597232 0.711395 0.595712 0.710651 0.593980 0.709905 0.579115 0.703883 0.577428 0.703244 0.576038 0.702809 0.547364 0.695230 0.546426 0.695052 0.541528 0.696028 0.540298 0.699064
0 0.507214 0.539522 0.507271 0.539676 0.508017 0.540416 0.508327 0.540417 0.508523 0.540407 0.509311 0.538132 0.509254 0.537978 0.508750 0.537988 0.508567 0.538099 0.507931 0.538487 0.507478 0.538764
0 0.269924 0.577887 0.302376 0.668969 0.317556 0.663561 0.318392 0.662811 0.337846 0.621822 0.327078 0.591600 0.286089 0.572146 0.285104 0.572478
0 0.612329 0.835215 0.627840 0.840106 0.667869 0.819790 0.676789 0.789497 0.676866 0.788598 0.676942 0.787704 0.657765 0.753543 0.654539 0.747798 0.638942 0.743023 0.612770 0.833233
0 0.239455 0.524013 0.254093 0.530753 0.255220 0.530612 0.297780 0.514888 0.311197 0.485746 0.295474 0.443186 0.280903 0.436477 0.279894 0.436185
0 0.620711 0.431953 0.624543 0.477163 0.636803 0.487507 0.637433 0.487450 0.699786 0.413550 0.687469 0.403158 0.680952 0.403710 0.642052 0.407007 0.641725 0.407220 0.641400 0.407433
0 0.068667 0.910611 0.068851 0.926685 0.165300 0.925578 0.166830 0.923632 0.166646 0.907631 0.161985 0.903075 0.138922 0.880535 0.134276 0.875996 0.102274 0.876363 0.100447 0.878092
0 0.194629 0.321079 0.202014 0.335553 0.212373 0.355853 0.215346 0.361679 0.216000 0.361997 0.216650 0.362313 0.247169 0.372209 0.287583 0.351587 0.292531 0.336328 0.291576 0.335574 0.199600 0.305750
0 0.369563 0.221377 0.377704 0.317725 0.378265 0.318560 0.394249 0.317209 0.423516 0.282540 0.420815 0.250571 0.420633 0.249998 0.420450 0.249423 0.415452 0.245203 0.390637 0.224254 0.385621 0.220020
0 0.214083 0.583884 0.225469 0.614036 0.261046 0.630110 0.267007 0.632803 0.282083 0.627110 0.283081 0.626527 0.249082 0.536485 0.247927 0.536653 0.232850 0.542346 0.216776 0.577923
0 0.495942 0.436160 0.495949 0.452275 0.495967 0.452494 0.592215 0.452451 0.592639 0.452232 0.592632 0.436117 0.587989 0.431478 0.571883 0.415386 0.560388 0.403901 0.528157 0.403915
0 0.068617 0.528374 0.100330 0.619466 0.102157 0.618920 0.117270 0.613658 0.120107 0.607791 0.124294 0.599132 0.134145 0.578758 0.136972 0.572910 0.126450 0.542685 0.111923 0.535661 0.091549 0.525810 0.085701 0.522983 0.084752 0.523035 0.083799 0.523088
0 0.295658 0.145190 0.296593 0.146812 0.300678 0.151861 0.320979 0.176947 0.325065 0.181996 0.356893 0.185352 0.361960 0.181252 0.379534 0.167030 0.387011 0.160979 0.392077 0.156879 0.393755 0.140965 0.393267 0.139316 0.297344 0.129202
0 0.652918 0.777248 0.673118 0.817875 0.673915 0.819339 0.689192 0.824469 0.719974 0.732809 0.718965 0.731742 0.703759 0.726635 0.663132 0.746835
0 0.320085 0.086664 0.320909 0.088558 0.329902 0.101842 0.374454 0.110424 0.401022 0.092440 0.409604 0.047888 0.409397 0.046849 0.409188 0.045806 0.400154 0.032461
0 0.878731 0.057568 0.883595 0.153459 0.899576 0.152648 0.901412 0.151053 0.931893 0.117314 0.930265 0.085204 0.896526 0.054722 0.880471 0.055536
0 0.724969 0.746456 0.726002 0.747588 0.741670 0.751186 0.780202 0.727046 0.787399 0.695710 0.763259 0.657178 0.762656 0.656818 0.762055 0.656460 0.746459 0.652878
0 0.348141 0.567099 0.356113 0.581104 0.356772 0.580733 0.440417 0.533118 0.432481 0.519177 0.388728 0.507167 0.388216 0.507200 0.360206 0.523145 0.358474 0.529452 0.349878 0.560770
0 0.500851 0.137128 0.520120 0.162682 0.558488 0.168063 0.564942 0.168968 0.577720 0.159334 0.578076 0.157769 0.520006 0.080754 0.507170 0.090433 0.500855 0.135461
0 0.450336 0.638309 0.457801 0.652591 0.464063 0.654555 0.485788 0.661366 0.501294 0.666227 0.529858 0.651298 0.531815 0.645057 0.541537 0.614046 0.543493 0.607805 0.543394 0.607558 0.543294 0.607311 0.535864 0.593095 0.450564 0.637675
0 0.824296 0.431388 0.836967 0.460862 0.879112 0.477666 0.880858 0.477563 0.895663 0.471198 0.857474 0.382368 0.855836 0.382907 0.841099 0.389243
0 0.672829 0.632503 0.675754 0.638302 0.693215 0.672914 0.694103 0.673708 0.709372 0.678737 0.739545 0.587123 0.738450 0.586725 0.723251 0.581719 0.717452 0.584644 0.697247 0.594837 0.682841 0.602105
