0 0.226716 0.344717 0.239114 0.438209 0.239394 0.439699 0.255732 0.437679 0.283914 0.402596 0.283876 0.401776 0.283837 0.400953 0.279543 0.369988 0.256006 0.352550 0.248215 0.346778 0.242966 0.342890
0 0.544712 0.214606 0.551395 0.229147 0.593840 0.244861 0.622921 0.231496 0.623485 0.230262 0.639272 0.187622 0.632558 0.173015 0.544917 0.213296
0 0.069184 0.134575 0.073766 0.150025 0.075719 0.151629 0.167996 0.124268 0.163435 0.108889 0.161886 0.107088 0.136105 0.093099 0.127572 0.088469 0.121823 0.085350 0.090922 0.094512
0 0.118545 0.442575 0.135379 0.470245 0.179882 0.481082 0.180621 0.481126 0.181357 0.481169 0.195128 0.472791 0.144860 0.390162 0.143217 0.389654 0.129382 0.398071
0 0.525697 0.668233 0.527530 0.684264 0.530101 0.706748 0.530839 0.713201 0.530981 0.714180 0.556151 0.734185 0.601326 0.729019 0.611328 0.716434 0.610819 0.715445 0.535654 0.655705
0 0.894484 0.399968 0.895836 0.406321 0.897843 0.415750 0.902550 0.437863 0.903907 0.444238 0.917331 0.452949 0.919247 0.452733 0.971757 0.371824 0.958272 0.363072 0.913799 0.372539 0.912851 0.372831 0.911907 0.373122
0 0.548090 0.521878 0.548312 0.521979 0.639739 0.553446 0.644983 0.538208 0.642105 0.532309 0.637858 0.523604 0.627865 0.503122 0.624997 0.497244 0.594521 0.486754 0.594088 0.486815 0.553311 0.506710
0 0.065345 0.436890 0.067781 0.439022 0.068162 0.438734 0.068204 0.438618 0.068154 0.437332 0.067342 0.436622 0.067116 0.436602 0.066781 0.436573 0.066329 0.436534 0.065768 0.436486 0.065386 0.436774
0 0.608331 0.502409 0.623312 0.531046 0.666930 0.544701 0.667705 0.544908 0.682089 0.537382 0.636937 0.451075 0.636304 0.451301 0.621986 0.458791
0 0.232693 1.000000 0.299057 1.000000 0.299870 0.999867 0.307274 0.993440 0.308153 0.991184 0.306607 0.984876 0.298923 0.953533 0.297376 0.947224 0.283692 0.938930
0 0.073047 0.676683 0.164004 0.709485 0.165544 0.708525 0.170985 0.693435 0.151689 0.652371 0.121509 0.641487 0.120640 0.641812 0.119766 0.642139 0.113826 0.644930 0.084454 0.658732 0.078514 0.661524
0 0.090410 0.415362 0.172152 0.467009 0.173654 0.467160 0.182222 0.453599 0.172236 0.409340 0.145114 0.392203 0.143480 0.391707 0.137077 0.393151 0.114868 0.398162 0.105420 0.400294 0.099017 0.401739
0 0.390189 0.694520 0.405541 0.699421 0.411374 0.696411 0.431606 0.685970 0.446046 0.678518 0.455847 0.647814 0.456049 0.647137 0.435242 0.606817 0.419961 0.601939 0.419592 0.602408
0 0.253402 0.134361 0.254532 0.136037 0.340713 0.178890 0.347856 0.164527 0.333413 0.121515 0.332646 0.119772 0.303787 0.105422 0.297586 0.107504 0.266778 0.117849 0.260577 0.119932
0 0.180796 0.451710 0.276290 0.466871 0.277315 0.467023 0.279831 0.451180 0.253176 0.414464 0.252609 0.414267 0.252039 0.414070 0.220208 0.409016 0.214896 0.412872 0.207058 0.418562 0.188615 0.431951 0.183322 0.435794
0 0.223148 0.630376 0.225725 0.662424 0.260350 0.691896 0.276374 0.690607 0.277396 0.689736 0.269701 0.594031 0.253751 0.595313 0.252619 0.595751
0 0.212796 0.187482 0.214693 0.193741 0.224113 0.224821 0.226017 0.231102 0.226646 0.231720 0.227273 0.232335 0.241418 0.239900 0.286808 0.155027 0.285827 0.153439 0.271616 0.145839 0.265357 0.147736 0.227995 0.159060
0 0.302468 0.717636 0.329506 0.745797 0.334036 0.750515 0.366260 0.751170 0.394421 0.724132 0.399139 0.719602 0.399601 0.718595 0.399927 0.702557 0.303700 0.700600 0.302796 0.701524
0 0.265154 0.787497 0.357047 0.816809 0.357701 0.815361 0.362564 0.800115 0.344789 0.765689 0.341798 0.759898 0.311307 0.750172 0.305516 0.753162 0.276882 0.767947 0.271091 0.770938 0.270566 0.771558 0.270039 0.772182
0 0.275520 0.650470 0.283250 0.664610 0.289548 0.666456 0.311397 0.672860 0.320691 0.675584 0.326990 0.677430 0.355270 0.661970 0.355603 0.661598 0.355934 0.661228 0.368695 0.617688 0.361001 0.603612 0.276549 0.649780
0 0.390385 0.132160 0.390887 0.133845 0.486205 0.147192 0.488429 0.131306 0.488376 0.129608 0.484437 0.124386 0.470712 0.106192 0.460926 0.093220 0.429007 0.088750 0.397859 0.112247 0.392619 0.116200
0 0.116274 0.749636 0.124504 0.763491 0.130864 0.765112 0.168673 0.774743 0.196384 0.758283 0.197776 0.757099 0.208975 0.713132 0.200783 0.699340 0.118033 0.748492
0 0.312346 0.213678 0.314316 0.219915 0.317241 0.229173 0.324100 0.250882 0.326078 0.257141 0.326477 0.257699 0.326875 0.258254 0.355341 0.273051 0.398605 0.259382 0.406003 0.245149 0.405571 0.243975 0.319778 0.199380
0 0.308264 0.335053 0.324664 0.362799 0.325066 0.363114 0.325467 0.363428 0.369410 0.374723 0.383220 0.366561 0.334247 0.283704 0.333484 0.282708 0.319611 0.290907 0.317977 0.297264
0 0.816331 0.276701 0.820764 0.292077 0.913020 0.265479 0.914917 0.264401 0.910464 0.248955 0.870664 0.226968 0.839771 0.235875 0.838992 0.236480 0.838217 0.237083
0 0.617554 0.492366 0.707796 0.525831 0.708752 0.525950 0.714356 0.510840 0.707578 0.496072 0.698081 0.475380 0.695343 0.469415 0.665124 0.458208 0.664745 0.458304 0.664367 0.458400 0.623131 0.477325
0 0.378529 0.908507 0.380802 0.914618 0.387329 0.915769 0.388647 0.910906 0.389838 0.904897 0.395613 0.875750 0.396753 0.869994 0.402313 0.838477 0.402794 0.835041 0.405220 0.817702 0.405718 0.814140 0.402493 0.813571 0.399267 0.813002 0.394655 0.817480 0.394447 0.818280 0.394139 0.819703 0.393778 0.821533 0.393420 0.823488 0.384804 0.872328 0.379060 0.904888 0.378763 0.906648 0.378576 0.907919
0 0.112824 0.214677 0.114445 0.230711 0.116212 0.231945 0.211971 0.222263 0.210358 0.206303 0.209024 0.204951 0.186303 0.186402 0.173715 0.176126 0.141648 0.179368 0.116974 0.209593
0 0.472083 0.757537 0.557390 0.803055 0.564976 0.788837 0.564827 0.788174 0.564678 0.787513 0.551476 0.744105 0.523171 0.729002 0.479763 0.742204 0.472211 0.756357
0 0.575904 0.609918 0.577338 0.641968 0.577694 0.642622 0.582521 0.647036 0.606505 0.668966 0.611333 0.673379 0.627432 0.672659 0.623110 0.576065 0.622546 0.575717 0.606521 0.576433
