0 0.603557 0.459997 0.614965 0.489900 0.620893 0.492554 0.650327 0.505731 0.656276 0.508394 0.656993 0.508433 0.672013 0.502703 0.637632 0.412583 0.622612 0.418314 0.622331 0.418501 0.622052 0.418687 0.606211 0.454069
0 0.341973 0.501345 0.344831 0.507228 0.359036 0.536458 0.361895 0.542341 0.377124 0.547609 0.377688 0.547391 0.409153 0.456432 0.408735 0.456232 0.393506 0.450963 0.387602 0.453832 0.367125 0.463783 0.358413 0.468017 0.352510 0.470886
0 0.771876 0.756264 0.773128 0.757444 0.787521 0.764692 0.802951 0.759598 0.815373 0.755497 0.824571 0.752460 0.830803 0.750402 0.845300 0.721616 0.833068 0.684566 0.831010 0.678334 0.830250 0.677924 0.829493 0.677516 0.815166 0.670301
0 0.922730 0.681300 0.924676 0.682134 0.939717 0.687920 0.945694 0.685264 0.966521 0.676009 0.981370 0.669410 0.992941 0.639329 0.990276 0.633330 0.974431 0.597676 0.959390 0.591890 0.957285 0.591469
0 0.648097 0.818356 0.652106 0.863440 0.652805 0.865109 0.665134 0.875425 0.727029 0.801448 0.725991 0.800070 0.713718 0.789801 0.707248 0.790376 0.668634 0.793810
0 0.269864 0.568213 0.283350 0.577035 0.312060 0.571032 0.321563 0.569045 0.327966 0.567706 0.328754 0.567396 0.346317 0.540547 0.337031 0.496136 0.323606 0.487355 0.322794 0.487297
0 0.178862 0.959306 0.182895 0.964485 0.188846 0.972127 0.206869 0.995268 0.222861 0.997256 0.224131 0.994977 0.236009 0.899466 0.220090 0.897486 0.184293 0.925364 0.183568 0.926341 0.182840 0.927323
0 0.807987 0.727895 0.810367 0.742946 0.811855 0.743994 0.813350 0.745046 0.818279 0.748118 0.847304 0.766204 0.876250 0.757433 0.879754 0.751923 0.884955 0.743744 0.900667 0.719034 0.898524 0.704073 0.895202 0.702178
0 0.552049 0.186580 0.573382 0.210543 0.618677 0.213172 0.630658 0.202506 0.631260 0.201136 0.566967 0.128918 0.554931 0.139633 0.554804 0.140461 0.554679 0.141285
0 0.699879 0.867791 0.700799 0.869485 0.793353 0.897466 0.798016 0.882040 0.794917 0.876255 0.784166 0.856186 0.779592 0.847648 0.776492 0.841862 0.775225 0.840295 0.744515 0.831011 0.704521 0.852436
0 0.637748 0.612342 0.648283 0.624439 0.648966 0.625011 0.655514 0.625463 0.687891 0.627696 0.694439 0.628147 0.718743 0.606979 0.719193 0.600453 0.721427 0.568054 0.721878 0.561506 0.711294 0.549354 0.710326 0.549128
0 0.159112 0.645814 0.196148 0.735130 0.211034 0.728957 0.212359 0.727908 0.229705 0.685984 0.217417 0.656348 0.175492 0.639001 0.160675 0.645145
0 0.146922 0.520342 0.240514 0.544623 0.241704 0.544418 0.245732 0.528891 0.222733 0.489780 0.191679 0.481724 0.190971 0.481682 0.190259 0.481640 0.184621 0.484955 0.176252 0.489876 0.156607 0.501428 0.150968 0.504744
0 0.241438 0.774379 0.253172 0.785368 0.298617 0.783879 0.320595 0.760412 0.321415 0.759221 0.320146 0.720498 0.319932 0.713984 0.308253 0.703046 0.307372 0.703978
0 0.694248 0.521070 0.696073 0.565824 0.708013 0.577027 0.773251 0.509349 0.774464 0.507903 0.762480 0.496906 0.755925 0.496958 0.723492 0.497218 0.716959 0.497271 0.695108 0.519674 0.694677 0.520373
0 0.508530 0.480117 0.508802 0.481731 0.508864 0.481803 0.508927 0.481875 0.509450 0.482094 0.511776 0.478568 0.511650 0.478425 0.511128 0.478205 0.509305 0.478941
0 0.360342 0.725845 0.456199 0.738515 0.456400 0.737422 0.458501 0.721519 0.430899 0.685509 0.399093 0.681305 0.363084 0.708907 0.362769 0.709387 0.362453 0.709869
0 0.595920 0.389757 0.681430 0.433934 0.682266 0.433630 0.689662 0.419312 0.687676 0.413080 0.684728 0.403830 0.675821 0.375884 0.647186 0.361091 0.640954 0.363077 0.631704 0.366025 0.603758 0.374932 0.603283 0.375506
0 0.058938 0.106979 0.060877 0.122977 0.062889 0.124705 0.158438 0.113127 0.156508 0.097202 0.154927 0.095348 0.142138 0.085323 0.124219 0.071278 0.119053 0.067229 0.087057 0.071106 0.077032 0.083894 0.062987 0.101813
0 0.473677 0.196216 0.473798 0.197608 0.499905 0.234716 0.515709 0.237466 0.532210 0.142644 0.532358 0.140999 0.516482 0.138236 0.511132 0.141999 0.484552 0.160699 0.479203 0.164463
0 0.572939 0.866886 0.574908 0.899073 0.576281 0.900833 0.609775 0.929629 0.625446 0.927870 0.619543 0.831404 0.617982 0.829967 0.602369 0.831539
0 0.489079 0.835141 0.511427 0.874739 0.542400 0.883364 0.581998 0.861017 0.586311 0.845530 0.585916 0.843950 0.493422 0.818193 0.489129 0.833609 0.489104 0.834373
0 0.531821 0.727238 0.531967 0.728281 0.601410 0.795223 0.612567 0.783649 0.611733 0.738188 0.611477 0.737642 0.611222 0.737099 0.588180 0.714887 0.581664 0.715006 0.549443 0.715597 0.542927 0.715717
0 0.803279 0.822817 0.812881 0.835668 0.813599 0.836439 0.814321 0.837213 0.830403 0.839541 0.852936 0.842802 0.859432 0.843742 0.885251 0.824451 0.887579 0.808369 0.890840 0.785836 0.891780 0.779340 0.882134 0.766431 0.880383 0.765210
0 0.741669 0.477997 0.768610 0.514861 0.784845 0.517666 0.785427 0.516700 0.801136 0.422510 0.784955 0.419870 0.747415 0.445638 0.747011 0.446913
0 0.806593 0.083352 0.817531 0.095033 0.846641 0.095988 0.862768 0.096517 0.886129 0.074641 0.887902 0.072687 0.889394 0.027242 0.878405 0.015508 0.808002 0.081439
0 0.669805 0.152745 0.695111 0.190404 0.726593 0.196580 0.764252 0.171275 0.764859 0.170520 0.765469 0.169761 0.768571 0.153948 0.673690 0.135332 0.672893 0.137004
0 0.519310 0.458289 0.524408 0.473535 0.565085 0.493870 0.595713 0.483666 0.595811 0.483597 0.595909 0.483528 0.598843 0.477668 0.603175 0.469014 0.613376 0.448635 0.616321 0.442751 0.611210 0.427466 0.611083 0.427346
0 0.660426 0.470787 0.660725 0.471414 0.740476 0.526765 0.749916 0.513556 0.749969 0.513336 0.750021 0.513114 0.741944 0.468009 0.715100 0.449619 0.669768 0.457659
0 0.812576 0.267806 0.827706 0.273017 0.853885 0.260251 0.862530 0.256035 0.868388 0.253178 0.869232 0.252613 0.870080 0.252045 0.880550 0.221645 0.860620 0.180776 0.845421 0.175542 0.843841 0.177025
0 0.455052 0.840336 0.485839 0.874883 0.501438 0.876094 0.503141 0.874428 0.503527 0.777536 0.487990 0.776629 0.486225 0.777855 0.455180 0.808190
0 0.810912 0.858077 0.812040 0.861413 0.830043 0.884735 0.836529 0.885674 0.875085 0.891251 0.888774 0.882895 0.887309 0.879472 0.833706 0.808963 0.820017 0.817559
0 0.490758 0.465866 0.490887 0.562321 0.506963 0.562299 0.539071 0.530105 0.539028 0.497953 0.506834 0.465845
