0 0.166751 0.212525 0.186802 0.307114 0.188237 0.307998 0.203930 0.304671 0.228662 0.266633 0.222009 0.235248 0.220729 0.234029 0.215245 0.230463 0.207106 0.225171 0.182516 0.209183
0 0.355550 0.231099 0.356210 0.232329 0.366410 0.244659 0.372899 0.245273 0.404982 0.248307 0.411470 0.248920 0.436131 0.228521 0.436745 0.222032 0.439779 0.189949 0.440392 0.183460 0.440256 0.182735 0.440118 0.182007 0.429872 0.169620
0 0.422540 0.319709 0.422895 0.320535 0.429864 0.334983 0.472700 0.349940 0.501596 0.336001 0.516553 0.293165 0.516591 0.292690 0.516629 0.292213 0.509627 0.277698
0 0.462144 0.799076 0.470240 0.813010 0.498593 0.820522 0.514301 0.824683 0.542167 0.808490 0.543843 0.802167 0.552166 0.770752 0.553841 0.764429 0.553594 0.763217 0.545534 0.749348 0.462317 0.797706
0 0.228331 0.730817 0.240312 0.741537 0.285711 0.739015 0.286202 0.738467 0.286690 0.737922 0.308031 0.714071 0.307670 0.707563 0.305521 0.668879 0.293595 0.658209 0.292647 0.658936
0 0.598613 0.421844 0.598723 0.422046 0.598887 0.422345 0.599271 0.423045 0.599382 0.423247 0.600472 0.423564 0.600674 0.423454 0.601379 0.423069 0.601679 0.422905 0.601882 0.422794 0.602042 0.422251 0.602047 0.422234 0.598778 0.421284 0.598615 0.421836
0 0.658940 0.583411 0.659670 0.583794 0.675541 0.586352 0.712398 0.559725 0.717513 0.527983 0.690887 0.491125 0.675016 0.488568 0.674215 0.488620
0 0.453870 0.154531 0.454082 0.156114 0.530160 0.215069 0.539986 0.202389 0.540078 0.201706 0.540170 0.201019 0.538126 0.184899 0.535259 0.162289 0.534436 0.155801 0.508960 0.136059 0.502471 0.136881 0.470253 0.140967 0.463741 0.141793
0 0.648032 0.297318 0.658151 0.309665 0.732730 0.252897 0.733912 0.250780 0.723728 0.238545 0.678612 0.232911 0.653660 0.251749 0.653249 0.252809 0.652840 0.253864 0.652153 0.260073
0 0.622686 0.900564 0.627755 0.932243 0.628344 0.934233 0.633660 0.938083 0.659946 0.957116 0.665262 0.960965 0.681174 0.958419 0.665896 0.862943 0.665136 0.861280 0.649296 0.863814
0 0.064656 0.814191 0.070347 0.859302 0.095748 0.879013 0.140859 0.873323 0.141682 0.872468 0.142501 0.871616 0.152312 0.858974 0.076457 0.800112 0.074512 0.801490
0 0.490562 0.496416 0.517415 0.533523 0.533405 0.536087 0.548787 0.440147 0.532797 0.437583 0.495689 0.464436
0 0.828476 0.393933 0.832455 0.409433 0.838045 0.412740 0.865821 0.429169 0.871412 0.432475 0.872263 0.432321 0.873118 0.432165 0.904260 0.424171 0.927408 0.385035 0.923411 0.369464 0.829985 0.393446
0 0.267319 0.188817 0.268385 0.190243 0.352985 0.236140 0.360634 0.222040 0.347733 0.178541 0.347384 0.177803 0.347032 0.177061 0.318703 0.161691 0.281296 0.172785 0.275004 0.174652
0 0.063096 0.452901 0.085347 0.476218 0.086300 0.476273 0.087248 0.476327 0.132607 0.477388 0.144212 0.466314 0.077765 0.396684 0.075821 0.396208 0.064162 0.407333 0.063476 0.436656
0 0.904115 0.749090 0.908364 0.780890 0.944413 0.808441 0.946459 0.809861 0.962432 0.807727 0.949626 0.711888 0.947565 0.710917 0.931665 0.713041
0 0.693256 0.747528 0.695612 0.769458 0.696000 0.773062 0.703161 0.804255 0.715243 0.843296 0.717791 0.847360 0.724251 0.845877 0.725827 0.839940 0.725846 0.839283 0.725660 0.837976 0.725296 0.836218 0.721597 0.820105 0.706800 0.755657 0.706320 0.753738 0.705802 0.751977 0.705326 0.750643 0.704964 0.749938 0.699641 0.746062 0.696448 0.746795
0 0.528825 0.810448 0.529721 0.812072 0.611940 0.858387 0.620027 0.844392 0.609022 0.800984 0.607772 0.799421 0.580584 0.783954 0.574323 0.785744 0.543250 0.794628 0.536974 0.796423
0 0.511398 0.892737 0.522230 0.903531 0.528755 0.903835 0.567700 0.905648 0.591822 0.886151 0.593623 0.859459 0.594223 0.850564 0.594628 0.844554 0.594275 0.841445 0.583507 0.830450 0.511419 0.889444
0 0.584279 0.295363 0.645927 0.369276 0.658246 0.359001 0.658974 0.358352 0.659564 0.351838 0.663082 0.312957 0.642438 0.288206 0.635901 0.287614 0.626254 0.286741 0.603557 0.284688 0.597043 0.284099 0.584667 0.294421
0 0.652291 0.647879 0.652992 0.648560 0.748661 0.662580 0.750998 0.646635 0.747079 0.641370 0.727701 0.615337 0.723781 0.610072 0.722756 0.609567 0.691012 0.604916 0.654617 0.632008
0 0.571385 0.152942 0.585284 0.196132 0.599557 0.203455 0.643493 0.117821 0.644153 0.116061 0.629815 0.108705 0.592653 0.120664 0.586427 0.122668 0.571714 0.151344 0.571549 0.152145
0 0.279140 0.732966 0.376603 0.732249 0.377216 0.732135 0.377303 0.715826 0.372713 0.711179 0.356720 0.694988 0.345317 0.683444 0.312891 0.683480 0.308133 0.688178 0.291541 0.704562 0.284440 0.711574 0.279614 0.716340 0.279522 0.716433 0.279431 0.716526
0 0.466345 0.521903 0.469689 0.527525 0.489650 0.561075 0.505270 0.565041 0.529068 0.471325 0.513449 0.467359 0.507828 0.470703 0.499484 0.475667 0.479899 0.487320 0.474278 0.490665
0 0.199508 0.503290 0.201500 0.519281 0.202868 0.519193 0.298378 0.507296 0.296395 0.491378 0.260593 0.463507 0.260043 0.463423 0.259490 0.463339 0.227507 0.467323 0.223489 0.472484 0.203540 0.498110
0 0.641522 0.432245 0.715390 0.493946 0.716382 0.493918 0.726713 0.481550 0.722639 0.436152 0.697903 0.415490 0.668689 0.418112 0.659019 0.418980 0.652505 0.419565 0.652154 0.419749 0.651806 0.419933
0 0.771918 0.772130 0.776740 0.787429 0.777376 0.788089 0.778015 0.788752 0.783816 0.791773 0.812642 0.806781 0.818444 0.809801 0.849183 0.800111 0.867201 0.765504 0.870232 0.759682 0.865387 0.744312 0.863712 0.743193
0 0.781137 0.824271 0.826291 0.913969 0.828222 0.914602 0.842268 0.907140 0.844096 0.900665 0.846802 0.891078 0.853124 0.868679 0.854930 0.862278 0.839741 0.832465 0.833583 0.830282 0.812126 0.822677 0.803006 0.819445 0.796826 0.817255 0.795059 0.817065
0 0.856770 0.752640 0.886941 0.784966 0.888394 0.785432 0.889854 0.785900 0.904935 0.785752 0.904890 0.688319 0.901928 0.687828 0.886970 0.687776 0.882649 0.692410 0.856821 0.720110
0 0.795561 0.938469 0.817531 0.978166 0.818260 0.979264 0.818993 0.980368 0.834481 0.984820 0.861195 0.891893 0.859539 0.890097 0.844123 0.885665 0.804425 0.907635
0 0.752061 0.395480 0.759656 0.426650 0.798422 0.450225 0.799107 0.450111 0.799796 0.449996 0.815453 0.446181 0.792562 0.352239 0.776905 0.356054 0.775636 0.356714
