0 0.630429 0.372922 0.646461 0.373451 0.647135 0.372868 0.651927 0.368383 0.675619 0.346204 0.680411 0.341718 0.681473 0.309505 0.677003 0.304730 0.654793 0.281005 0.650322 0.276230 0.634216 0.275699 0.633601 0.276727
0 0.501347 0.385013 0.501593 0.385490 0.504260 0.384182 0.504329 0.384134 0.504083 0.383657 0.503591 0.383472 0.502900 0.383213 0.502702 0.383139 0.501812 0.383575 0.501778 0.383599 0.501744 0.383623
0 0.813311 0.454677 0.817566 0.470144 0.857009 0.492568 0.858653 0.492533 0.889729 0.483984 0.904225 0.458486 0.909023 0.450046 0.912255 0.444360 0.907981 0.428822 0.906111 0.429148
0 0.422791 0.875744 0.488136 0.947012 0.500014 0.936121 0.501285 0.906818 0.501988 0.890584 0.501984 0.889687 0.501979 0.888794 0.480298 0.865147 0.434969 0.863181 0.423145 0.874022
0 0.781937 0.071721 0.782180 0.073534 0.782640 0.075408 0.787286 0.090759 0.801226 0.136812 0.805873 0.152163 0.806486 0.153835 0.807167 0.155073 0.810749 0.159630 0.816876 0.157774 0.820529 0.153821 0.819814 0.139807 0.818492 0.113913 0.808891 0.082194 0.802920 0.074474 0.794712 0.063862 0.792391 0.060862 0.786193 0.062739 0.782933 0.067734 0.782212 0.069323 0.781948 0.070242
0 0.589011 0.154634 0.591014 0.160836 0.597963 0.182349 0.602923 0.197704 0.631414 0.212283 0.637595 0.210287 0.659130 0.203331 0.674484 0.198371 0.675286 0.196986 0.682609 0.182675 0.596743 0.138736 0.589420 0.153047 0.589215 0.153842
0 0.131691 0.868363 0.150083 0.891212 0.160272 0.903870 0.192316 0.907332 0.197429 0.903217 0.222727 0.882853 0.227822 0.878751 0.228448 0.877881 0.229070 0.877016 0.230793 0.861067 0.135103 0.850726 0.133423 0.852341
0 0.727515 0.405339 0.742894 0.409899 0.743452 0.409692 0.744012 0.409484 0.749761 0.406365 0.758295 0.401735 0.769793 0.395496 0.784075 0.387746 0.793237 0.356845 0.779248 0.331065 0.771498 0.316783 0.756048 0.312202 0.754874 0.313063
0 0.792368 0.547346 0.848751 0.625350 0.850357 0.625927 0.863417 0.616487 0.864460 0.610006 0.869615 0.577965 0.870657 0.571485 0.851776 0.545364 0.845296 0.544321 0.806774 0.538124 0.806070 0.538036 0.805368 0.537949
0 0.480675 0.283100 0.480719 0.283597 0.480763 0.284092 0.483176 0.299911 0.578092 0.285431 0.578451 0.284445 0.576026 0.268553 0.539393 0.241618 0.507610 0.246467
0 0.499691 0.830161 0.598692 0.839315 0.599302 0.832715 0.598140 0.828823 0.595256 0.826492 0.594083 0.826021 0.559951 0.815587 0.558352 0.815208 0.556503 0.814956 0.540532 0.813479 0.538709 0.813392 0.537182 0.813482 0.521441 0.815623 0.505330 0.817815 0.504271 0.818080 0.500298 0.819776 0.499996 0.823037 0.499695 0.826299
0 0.510528 0.447905 0.512400 0.449829 0.512439 0.449826 0.512751 0.449507 0.512751 0.448229 0.512127 0.447588 0.510879 0.447583 0.510840 0.447586
0 0.301362 0.546904 0.317431 0.548125 0.317850 0.548015 0.318268 0.547905 0.352689 0.518345 0.355120 0.486355 0.325560 0.451934 0.324757 0.451713 0.308688 0.450492
0 0.353001 0.085002 0.383259 0.176836 0.383794 0.178317 0.399030 0.173297 0.419461 0.132786 0.419276 0.131943 0.419090 0.131096 0.409004 0.100484 0.374147 0.082904 0.368307 0.079959
0 0.110177 0.373120 0.121264 0.403299 0.162530 0.422392 0.163303 0.422570 0.164073 0.422747 0.179094 0.417229 0.145985 0.327104 0.144359 0.326310 0.129270 0.331853
0 0.803575 0.406681 0.897206 0.428970 0.899035 0.428643 0.902767 0.412966 0.899327 0.407376 0.887394 0.387986 0.878877 0.374148 0.847523 0.366684 0.846725 0.366990 0.845930 0.367295 0.807290 0.391075
0 0.641752 0.370522 0.715382 0.430579 0.717567 0.430108 0.726840 0.417511 0.721002 0.372422 0.696555 0.352287 0.653096 0.357152 0.652139 0.357555 0.651186 0.357957
0 0.728917 0.898673 0.774978 0.979222 0.777044 0.981623 0.790576 0.973047 0.802334 0.929126 0.787050 0.902190 0.785991 0.901166 0.784936 0.900146 0.757686 0.893735 0.742524 0.890169
0 0.514422 0.544258 0.514685 0.544543 0.514749 0.544609 0.516722 0.542761 0.516459 0.542476 0.516427 0.542443 0.516395 0.542411 0.516224 0.542417 0.515633 0.542440 0.515381 0.542450 0.515211 0.542457 0.514554 0.543072 0.514535 0.543242 0.514469 0.543835
0 0.676182 0.670416 0.676993 0.671200 0.691458 0.678304 0.697649 0.676191 0.719217 0.668829 0.728383 0.665700 0.734595 0.663579 0.748801 0.634649 0.746681 0.628437 0.736190 0.597702 0.734077 0.591512 0.719612 0.584409 0.718605 0.584022
0 0.870590 0.762055 0.873479 0.777834 0.875199 0.779113 0.880581 0.782830 0.912706 0.805013 0.944410 0.799209 0.961076 0.775073 0.970309 0.761701 0.967407 0.745850 0.965264 0.744723
0 0.672367 0.873800 0.696806 0.966893 0.697712 0.969042 0.713299 0.964950 0.716610 0.959283 0.732990 0.931241 0.736289 0.925593 0.728105 0.894419 0.727060 0.892611 0.687882 0.869727
0 0.491839 0.460697 0.491926 0.460855 0.491945 0.460876 0.491983 0.460907 0.492033 0.460941 0.493421 0.461832 0.494346 0.462425 0.494402 0.462459 0.494455 0.462486 0.494496 0.462503 0.494520 0.462508 0.494732 0.462457 0.494790 0.462363 0.494847 0.462269 0.494601 0.462042 0.494403 0.461860 0.494157 0.461634 0.493230 0.461039 0.493064 0.460960 0.492484 0.460684 0.492238 0.460567 0.492071 0.460488 0.491954 0.460509
0 0.431452 0.275625 0.434722 0.372260 0.435021 0.372845 0.451053 0.372303 0.482033 0.339154 0.480947 0.307090 0.480904 0.306647 0.480860 0.306201 0.468988 0.295106 0.447558 0.275080
0 0.438793 0.087691 0.439073 0.089576 0.452445 0.098367 0.490386 0.090523 0.496769 0.089203 0.514349 0.062460 0.514382 0.061457 0.514415 0.060450 0.505210 0.015922 0.491776 0.007092
0 0.589581 0.532814 0.589637 0.548816 0.590049 0.549040 0.686503 0.548702 0.686446 0.532626 0.654182 0.500588 0.653829 0.500586 0.653477 0.500585 0.621473 0.500697 0.616880 0.505322 0.600950 0.521364 0.594157 0.528205
0 0.025007 0.412529 0.035728 0.442924 0.041628 0.445748 0.070923 0.459766 0.076844 0.462599 0.077816 0.462685 0.078783 0.462770 0.093911 0.457435 0.061897 0.366668 0.059880 0.366054 0.044682 0.371414 0.041849 0.377334 0.037668 0.386071
0 0.367540 0.725146 0.383334 0.728145 0.420919 0.702556 0.421281 0.701630 0.427252 0.670188 0.423597 0.664819 0.405436 0.638143 0.401780 0.632774 0.386059 0.629788 0.385536 0.630384
0 0.889616 0.669032 0.892695 0.684775 0.930339 0.710104 0.932320 0.711071 0.963951 0.704885 0.967603 0.699458 0.985745 0.672494 0.989396 0.667067 0.986303 0.651252 0.984074 0.650559
0 0.195370 0.215994 0.198922 0.221514 0.220037 0.254324 0.221320 0.255450 0.236996 0.258850 0.257398 0.164790 0.256281 0.163246 0.240532 0.159830 0.235012 0.163382 0.202202 0.184496
0 0.401485 0.072696 0.403595 0.079238 0.406702 0.088871 0.413978 0.111428 0.416058 0.117874 0.444480 0.133007 0.445587 0.132996 0.488242 0.118447 0.495492 0.103493 0.409756 0.057846 0.408478 0.057523
0 0.720075 0.796423 0.721991 0.802532 0.724554 0.806019 0.737523 0.805072 0.756078 0.803717 0.761485 0.803322 0.793107 0.793404 0.796651 0.790988 0.813835 0.779268 0.817227 0.776954 0.816258 0.773864 0.815289 0.770775 0.811688 0.767691 0.809383 0.766923 0.808625 0.766683 0.807285 0.766699 0.805566 0.766968 0.803729 0.767449 0.757818 0.781848 0.742514 0.786648 0.727210 0.791448 0.725512 0.792075 0.724189 0.792760 0.723442 0.793399
0 0.655289 0.482151 0.662357 0.496551 0.663104 0.496536 0.749905 0.453936 0.742805 0.439470 0.736616 0.437355 0.705883 0.426857 0.699672 0.424736 0.699213 0.424908 0.698757 0.425080 0.669956 0.439215
0 0.544768 0.233341 0.619516 0.293602 0.629559 0.281144 0.629856 0.280642 0.630154 0.280138 0.625303 0.234929 0.600272 0.214750 0.555063 0.219601 0.544973 0.232116
0 0.530441 0.746788 0.530581 0.747924 0.538172 0.762140 0.553719 0.766864 0.575503 0.773483 0.581783 0.775391 0.610215 0.760211 0.618742 0.732147 0.621558 0.722879 0.623466 0.716599 0.615876 0.702383 0.615345 0.701456
