0 0.000000 0.386629 0.000367 0.386889 0.026946 0.400678 0.028032 0.400907 0.029114 0.401134 0.072105 0.386632 0.079228 0.372259 0.000000 0.328739
0 0.054707 0.527670 0.067598 0.537275 0.068589 0.537190 0.069575 0.537105 0.085542 0.534773 0.107935 0.531502 0.114361 0.530563 0.133483 0.504899 0.132545 0.498472 0.129274 0.476079 0.126941 0.460113 0.114109 0.450552 0.112337 0.450325
0 0.788686 0.412444 0.790517 0.428380 0.826053 0.456590 0.857926 0.452927 0.858748 0.452819 0.859574 0.452710 0.883847 0.422134 0.887913 0.417011 0.886073 0.401001 0.790015 0.412041
0 0.527565 0.482233 0.527645 0.482280 0.527725 0.482326 0.528313 0.482637 0.528569 0.482486 0.528898 0.482245 0.528937 0.482208 0.528971 0.482159 0.529697 0.480883 0.529721 0.480829 0.529733 0.480778 0.529731 0.480482 0.529571 0.480389 0.527599 0.481837
0 0.372988 0.606030 0.379122 0.651083 0.391919 0.660813 0.450298 0.584032 0.450525 0.583648 0.437787 0.573962 0.431351 0.574838 0.408928 0.577891 0.392940 0.580068 0.392694 0.580252 0.392448 0.580436
0 0.163291 0.668098 0.235167 0.732773 0.236381 0.731706 0.247111 0.719782 0.244721 0.674474 0.220872 0.653014 0.175564 0.655403 0.174819 0.655760 0.174070 0.656119
0 0.873691 0.390426 0.949891 0.448840 0.951957 0.448605 0.961737 0.435847 0.955781 0.390770 0.930265 0.371209 0.885188 0.377164 0.883426 0.377726
0 0.416261 0.473423 0.417066 0.474014 0.417141 0.474065 0.417216 0.474115 0.418082 0.473746 0.418216 0.473555 0.418681 0.472891 0.418879 0.472608 0.419012 0.472417 0.419044 0.471937 0.418894 0.471835 0.416293 0.472943
0 0.025454 0.664315 0.062549 0.753607 0.077431 0.747424 0.078402 0.746856 0.079368 0.746290 0.096687 0.704354 0.084379 0.674727 0.042443 0.657407 0.040336 0.658132
0 0.693209 0.626141 0.695495 0.627634 0.701815 0.629633 0.705350 0.626597 0.705909 0.625718 0.706552 0.624281 0.707180 0.622505 0.732105 0.543696 0.732615 0.541875 0.732921 0.540310 0.732978 0.539241 0.731796 0.534838 0.725476 0.532839 0.722839 0.532455 0.720680 0.536812 0.710175 0.558024 0.708094 0.562228 0.698443 0.592742 0.697706 0.597441 0.696604 0.604472 0.693977 0.621235
0 0.488980 0.601125 0.509761 0.634147 0.513257 0.639702 0.544684 0.646852 0.569509 0.631230 0.577726 0.626059 0.583261 0.622575 0.586836 0.606861 0.586438 0.606372 0.492589 0.585020 0.489031 0.600662 0.489005 0.600893
0 0.336730 0.997893 0.351660 1.000000 0.358054 1.000000 0.366626 0.997328 0.393527 0.985640 0.405348 0.955655 0.405782 0.953567 0.387701 0.911954 0.372778 0.906070 0.337479 0.995611
0 0.314587 0.397278 0.315437 0.397749 0.331464 0.398411 0.364844 0.367681 0.366170 0.335626 0.365553 0.334869 0.361108 0.330040 0.354548 0.322914 0.339127 0.306164 0.334682 0.301336 0.318580 0.300670
0 0.526156 0.481814 0.526316 0.482226 0.526366 0.482318 0.529192 0.481111 0.529033 0.480698 0.529008 0.480652 0.528982 0.480606 0.528801 0.480545 0.528533 0.480455 0.527904 0.480244 0.527722 0.480183 0.526780 0.480585 0.526690 0.480762
0 0.744037 0.334217 0.772438 0.369600 0.804330 0.373091 0.805029 0.372800 0.805731 0.372507 0.828605 0.354147 0.841277 0.343975 0.843030 0.327956 0.746914 0.317434 0.745782 0.318271
0 0.295012 0.396511 0.376013 0.451490 0.385122 0.438229 0.383903 0.431785 0.376624 0.393314 0.376556 0.393178 0.376488 0.393043 0.349677 0.374634 0.304382 0.382857 0.304187 0.383084
0 0.206850 0.939920 0.209462 0.955782 0.246410 0.982283 0.278134 0.977060 0.304635 0.940112 0.305083 0.939103 0.305528 0.938099 0.302928 0.922310 0.208190 0.937909
0 0.880927 0.065822 0.905706 0.103830 0.921402 0.107137 0.923343 0.105328 0.943277 0.010714 0.927508 0.007392 0.913896 0.016266 0.894824 0.028700 0.889326 0.032285 0.888431 0.033359 0.887541 0.034429
0 0.202802 0.413644 0.263790 0.488370 0.264870 0.488423 0.277267 0.478305 0.277922 0.471843 0.281172 0.439736 0.281826 0.433274 0.261589 0.408479 0.261043 0.408269 0.260494 0.408059 0.215256 0.403480
0 0.787507 0.766063 0.794465 0.780517 0.795820 0.781808 0.801994 0.783970 0.811157 0.787178 0.838841 0.796870 0.867881 0.782890 0.870043 0.776716 0.880781 0.746043 0.882942 0.739870 0.875952 0.725349 0.874229 0.724316
0 0.415237 0.471372 0.418611 0.487130 0.424102 0.490684 0.443235 0.503067 0.456877 0.511896 0.488392 0.505146 0.488419 0.505134 0.488445 0.505122 0.513098 0.467033 0.513158 0.466881 0.509783 0.451123
0 0.290871 0.199339 0.291830 0.200717 0.307058 0.205758 0.347598 0.185385 0.357681 0.154928 0.357026 0.153339 0.354079 0.147474 0.336559 0.112613 0.321260 0.107548
0 0.620253 0.679559 0.620806 0.680386 0.636679 0.683168 0.642034 0.679412 0.668637 0.660745 0.673991 0.656988 0.679556 0.625242 0.670223 0.611940 0.657132 0.593284 0.653375 0.587930 0.652673 0.587527 0.636872 0.584757
0 0.939910 0.096398 0.940143 0.102911 0.941530 0.141630 0.964956 0.163436 0.971447 0.163204 0.981082 0.162859 0.994064 0.162394 1.000000 0.162049 1.000000 0.132233 0.994184 0.124075 0.993080 0.122545 0.952884 0.082777 0.950813 0.084685
0 0.528069 0.214125 0.535824 0.228167 0.579419 0.240742 0.607503 0.225232 0.607750 0.224601 0.607998 0.223967 0.609811 0.217682 0.618818 0.186456 0.620630 0.180172 0.612840 0.166065 0.528199 0.212809
0 0.777339 0.225826 0.778452 0.241828 0.812684 0.271607 0.844689 0.269380 0.846277 0.268318 0.876192 0.233928 0.875073 0.217852 0.778616 0.224563
0 0.502836 0.280722 0.516917 0.316816 0.519286 0.322888 0.548594 0.335746 0.554645 0.333386 0.575728 0.325161 0.584709 0.321657 0.590760 0.319296 0.590968 0.318882 0.591177 0.318466 0.597636 0.303745 0.509308 0.264993 0.502849 0.279715
0 0.721958 0.249436 0.796326 0.310165 0.799760 0.307961 0.803854 0.302946 0.801888 0.298900 0.801414 0.298010 0.792294 0.285322 0.782958 0.272335 0.781930 0.271142 0.780536 0.269880 0.767732 0.259424 0.766190 0.258289 0.764740 0.257458 0.733631 0.242658 0.732557 0.242284 0.728626 0.241515 0.726006 0.244479
0 0.699440 0.877318 0.706040 0.891939 0.706988 0.893743 0.722188 0.899489 0.749625 0.909860 0.779001 0.896600 0.781322 0.890460 0.789372 0.869163 0.795117 0.853963 0.788487 0.839275 0.787165 0.837720
