0 0.084807 0.321776 0.086710 0.322593 0.178129 0.352697 0.183146 0.337461 0.162708 0.296953 0.161155 0.296018 0.130541 0.285937 0.095687 0.303523 0.089848 0.306470
0 0.516213 0.558116 0.528605 0.654054 0.544445 0.652203 0.545635 0.651650 0.563237 0.628511 0.569010 0.620922 0.572911 0.615793 0.568594 0.583886 0.563488 0.579813 0.538133 0.559589 0.533009 0.555502 0.517264 0.557148
0 0.617382 0.562111 0.685733 0.629541 0.686586 0.630136 0.697876 0.618691 0.697568 0.573223 0.674679 0.550644 0.673880 0.550412 0.667363 0.550456 0.628620 0.550719
0 0.225075 0.324133 0.235075 0.355336 0.275842 0.377227 0.291261 0.372683 0.291921 0.372296 0.262565 0.278960 0.261764 0.278923 0.246176 0.283517
0 0.128313 0.815257 0.141402 0.844872 0.147428 0.847241 0.183339 0.861356 0.197774 0.854740 0.199628 0.853283 0.160298 0.764756 0.146007 0.771373 0.144963 0.771909 0.143914 0.772448 0.141675 0.778591 0.138352 0.787709
0 0.824993 0.538995 0.828712 0.554696 0.833928 0.576717 0.835425 0.583037 0.862663 0.599842 0.863494 0.600071 0.864329 0.600301 0.908574 0.589821 0.917015 0.576140 0.834927 0.525493 0.833396 0.525376
0 0.610935 0.410251 0.624193 0.419213 0.630592 0.417976 0.668631 0.410621 0.669018 0.410416 0.669406 0.410210 0.687411 0.383573 0.678779 0.338931 0.665461 0.329928 0.664704 0.330706
0 0.810023 0.339156 0.815566 0.354210 0.905886 0.320955 0.907755 0.320131 0.902187 0.305008 0.896228 0.302256 0.866765 0.288650 0.860806 0.285899 0.830561 0.297035 0.829801 0.297501 0.829046 0.297965
0 0.766587 0.547864 0.766606 0.548189 0.766626 0.548515 0.776888 0.575960 0.780285 0.585044 0.782574 0.591164 0.812452 0.604994 0.818786 0.602827 0.850296 0.592046 0.856676 0.589862 0.863789 0.575269 0.863307 0.574489 0.773460 0.533407
0 0.754723 0.205742 0.771949 0.232808 0.816240 0.242649 0.829773 0.234037 0.831292 0.232812 0.779378 0.151240 0.765782 0.159892 0.764564 0.161451
0 0.547648 0.028823 0.554771 0.124572 0.570729 0.123385 0.574968 0.118465 0.596017 0.094033 0.600271 0.089095 0.600501 0.088153 0.600731 0.087207 0.598346 0.055144 0.563898 0.025467 0.547867 0.026659
0 0.492161 0.616626 0.523582 0.708069 0.538822 0.702832 0.545955 0.688232 0.555949 0.667775 0.558830 0.661877 0.548356 0.631396 0.548135 0.630794 0.507368 0.610878 0.492197 0.616091
0 0.836134 0.157621 0.929129 0.182429 0.931105 0.180967 0.935259 0.165397 0.931971 0.159716 0.920566 0.140011 0.915714 0.131628 0.912426 0.125948 0.881284 0.117640 0.847496 0.137197 0.841835 0.140474 0.841050 0.141300 0.840269 0.142122
0 0.493715 0.104382 0.497232 0.109913 0.514623 0.137258 0.518141 0.142789 0.519427 0.143502 0.550289 0.149423 0.588161 0.122700 0.591560 0.106251 0.590581 0.105360 0.496892 0.088026
0 0.606662 0.694373 0.607153 0.695268 0.623248 0.696076 0.628116 0.691674 0.635300 0.685177 0.657054 0.665503 0.658670 0.633313 0.647771 0.621261 0.628097 0.599507 0.627510 0.599051 0.611488 0.598247
0 0.722936 0.639636 0.723192 0.640127 0.723450 0.640621 0.745374 0.672872 0.749063 0.678298 0.765048 0.681484 0.784224 0.587056 0.783429 0.586311 0.767429 0.583199 0.729209 0.608360
0 0.791963 0.680456 0.802018 0.692955 0.803409 0.693843 0.809911 0.694548 0.832569 0.697003 0.848724 0.698753 0.873836 0.678550 0.874541 0.672047 0.875587 0.662395 0.876996 0.649390 0.878746 0.633235 0.868644 0.620678 0.866955 0.620125
0 0.041688 0.576708 0.042041 0.583327 0.141323 0.578029 0.145519 0.577116 0.145170 0.570575 0.139717 0.567599 0.139061 0.567579 0.127030 0.567660 0.115275 0.567740 0.114003 0.567772 0.112265 0.567853 0.096249 0.568707 0.094304 0.568823 0.092441 0.568958 0.071495 0.570623 0.050056 0.572328 0.048474 0.572468 0.047488 0.572585 0.047252 0.572664
0 0.537038 0.509570 0.548785 0.553394 0.549010 0.553640 0.576924 0.569752 0.583242 0.568059 0.620950 0.557951 0.629006 0.543994 0.545265 0.495657 0.545057 0.495677
0 0.630016 0.235603 0.690791 0.309934 0.703179 0.299804 0.703645 0.299346 0.704113 0.298885 0.708652 0.253643 0.688300 0.228752 0.643059 0.224213 0.630613 0.234389
0 0.384337 0.205897 0.384868 0.207244 0.453999 0.274210 0.465160 0.262688 0.464438 0.217322 0.464274 0.216021 0.441124 0.193596 0.434562 0.193700 0.395550 0.194321
0 0.284203 0.856537 0.295689 0.867953 0.341493 0.867811 0.364325 0.844838 0.364638 0.844042 0.364949 0.843250 0.364929 0.836685 0.364859 0.813911 0.364809 0.797657 0.353375 0.786294 0.285196 0.854895
0 0.308883 0.128765 0.309757 0.130463 0.325710 0.131721 0.355174 0.106563 0.360131 0.102330 0.362646 0.070425 0.362015 0.068452 0.332490 0.033873 0.316464 0.032609
0 0.582224 0.446713 0.583056 0.492077 0.606155 0.514342 0.606399 0.514375 0.606644 0.514408 0.613206 0.514288 0.652216 0.513572 0.663400 0.501969 0.593786 0.434865 0.593356 0.435164
0 0.326334 0.832083 0.336355 0.844703 0.342876 0.845452 0.365495 0.848049 0.381638 0.849902 0.406879 0.829860 0.407306 0.828348 0.412481 0.783272 0.402506 0.770710 0.327130 0.830561
0 0.432808 0.730864 0.441706 0.775454 0.455078 0.784377 0.508616 0.704145 0.508577 0.703211 0.495266 0.694329 0.457249 0.701915 0.450880 0.703186 0.433116 0.729808 0.432962 0.730335
0 0.548525 0.847439 0.561657 0.942787 0.561941 0.944825 0.577905 0.942627 0.581870 0.937396 0.605437 0.906301 0.601039 0.874372 0.600807 0.873512 0.600576 0.872656 0.564416 0.845251
0 0.791608 0.832470 0.792753 0.848471 0.794101 0.850075 0.890545 0.843175 0.889395 0.827101 0.884452 0.822818 0.867228 0.807894 0.854947 0.797253 0.854132 0.796570 0.853320 0.795891 0.821319 0.798180
0 0.117010 0.160335 0.127095 0.172904 0.128804 0.174403 0.203875 0.114172 0.202512 0.112395 0.192427 0.099826 0.185902 0.099110 0.153620 0.095569 0.147118 0.094856 0.121979 0.115026 0.121263 0.121550 0.117725 0.153810
0 0.194865 0.263509 0.197334 0.269566 0.200999 0.278556 0.209603 0.299660 0.212073 0.305716 0.212734 0.306163 0.213392 0.306607 0.242964 0.319049 0.284978 0.301920 0.291199 0.287134 0.290238 0.286154 0.201114 0.248655
0 0.170889 0.868937 0.177410 0.913936 0.203170 0.933175 0.248169 0.926654 0.257789 0.913774 0.258896 0.911882 0.181969 0.854429 0.180508 0.856057
0 0.707772 0.087540 0.720357 0.097487 0.765421 0.092209 0.785314 0.067039 0.786628 0.065046 0.782090 0.026294 0.781326 0.019775 0.768683 0.009782 0.708728 0.085641
