0 0.164150 0.698387 0.183382 0.702430 0.189279 0.698778 0.192851 0.696493 0.193331 0.695874 0.193888 0.694634 0.194438 0.692961 0.194896 0.691108 0.195195 0.689356 0.195289 0.687968 0.195164 0.687155 0.193912 0.682142 0.175120 0.678192 0.167519 0.682361
0 0.044539 0.354335 0.049745 0.356000 0.081507 0.359937 0.083869 0.340880 0.078894 0.336346 0.078703 0.336175 0.077781 0.335914 0.076267 0.335600 0.074389 0.335284 0.072437 0.335012 0.056410 0.333026 0.054687 0.332842 0.053463 0.332774 0.052923 0.332832 0.046929 0.335058
0 0.259896 0.891616 0.273352 0.921062 0.291020 0.912988 0.293408 0.908268 0.293994 0.906265 0.294113 0.905396 0.293909 0.903994 0.293413 0.902273 0.292702 0.900493 0.286036 0.885905 0.285214 0.884330 0.284405 0.883196 0.280106 0.879159 0.262641 0.887140
0 0.045526 0.955801 0.077882 0.956899 0.082707 0.951677 0.083358 0.932485 0.077479 0.930346 0.076234 0.929973 0.074504 0.929798 0.058475 0.929254 0.056518 0.929304 0.054626 0.929571 0.053083 0.930015 0.052126 0.930571 0.046185 0.936388
0 0.541893 0.936503 0.542377 0.941550 0.561532 0.944776 0.565233 0.939831 0.565480 0.939290 0.565790 0.938070 0.566116 0.936357 0.568797 0.920431 0.569087 0.918492 0.569296 0.916630 0.569392 0.915130 0.569362 0.914220 0.566144 0.908132 0.547207 0.904943
0 0.137826 0.398254 0.151477 0.407302 0.159444 0.409421 0.170053 0.393416 0.167496 0.388119 0.166997 0.387667 0.165944 0.386888 0.164496 0.385900 0.162873 0.384852 0.161319 0.383903 0.160069 0.383196 0.159314 0.382839 0.155352 0.381476 0.148684 0.381874
0 0.312760 0.275035 0.320373 0.306501 0.322426 0.308713 0.341091 0.304197 0.342865 0.299047 0.342795 0.298256 0.342545 0.296889 0.342153 0.295152 0.338381 0.279563 0.337906 0.277715 0.337417 0.276031 0.336990 0.274764 0.336688 0.274110 0.331640 0.270466
0 0.455790 0.731272 0.455904 0.731902 0.456349 0.733088 0.457056 0.734649 0.457917 0.736347 0.465518 0.750596 0.466399 0.752166 0.467163 0.753362 0.467693 0.754003 0.472282 0.756698 0.489421 0.747556 0.489542 0.744727 0.474480 0.716488 0.457536 0.725526
0 0.558744 0.376271 0.558800 0.376776 0.559111 0.377887 0.559631 0.379434 0.560281 0.381183 0.566075 0.396139 0.566757 0.397829 0.567371 0.399210 0.567824 0.400072 0.568047 0.400283 0.571985 0.402609 0.589891 0.395672 0.590930 0.394466 0.579235 0.364277 0.561122 0.371294
0 0.790483 0.752315 0.794532 0.755833 0.820872 0.774923 0.830417 0.761754 0.825873 0.758155 0.799896 0.739327
0 0.941181 0.434892 0.942229 0.466879 0.961421 0.466250 0.966756 0.465860 0.968482 0.461219 0.968782 0.459619 0.968845 0.457755 0.968316 0.441614 0.968132 0.439777 0.967730 0.438253 0.965696 0.433502 0.946282 0.434139
0 0.585650 0.484553 0.603772 0.490905 0.604971 0.490800 0.608660 0.488946 0.608926 0.488584 0.609395 0.487581 0.609997 0.486089 0.610639 0.484336 0.615981 0.469095 0.616564 0.467354 0.616996 0.465896 0.617212 0.464945 0.617178 0.464645 0.615681 0.460248 0.597349 0.453822 0.596237 0.454350
0 0.327223 0.491145 0.330194 0.495456 0.330318 0.495566 0.331124 0.495891 0.332489 0.496383 0.334204 0.496967 0.349532 0.502055 0.351330 0.502639 0.352932 0.503131 0.354092 0.503458 0.354633 0.503569 0.359572 0.501330 0.365623 0.483105 0.335248 0.473021 0.333344 0.472709
0 0.461498 0.505021 0.463738 0.509144 0.482659 0.514455 0.483056 0.514125 0.487380 0.498718 0.468892 0.493529 0.468164 0.493377 0.464138 0.495616 0.463990 0.495968 0.463662 0.496986 0.463205 0.498514 0.462688 0.500320 0.462191 0.502125 0.461791 0.503653 0.461547 0.504670
0 0.268878 0.840762 0.284482 0.852331 0.303763 0.826325 0.306006 0.822595 0.290581 0.811158 0.284778 0.813377 0.284396 0.813866 0.283627 0.814886 0.282587 0.816283 0.273035 0.829167 0.271878 0.830733 0.270777 0.832235 0.269899 0.833446 0.269376 0.834181 0.269290 0.834327
0 0.397761 0.696879 0.412967 0.702538 0.414161 0.699759 0.425322 0.669764 0.410324 0.664184 0.409077 0.666467
0 0.451441 0.791505 0.461299 0.822343 0.479802 0.816428 0.482195 0.810502 0.482107 0.809743 0.481809 0.808402 0.481347 0.806685 0.480791 0.804851 0.475907 0.789574 0.475340 0.787895 0.474846 0.786622 0.474500 0.785946 0.470287 0.782326 0.451996 0.788173
0 0.463274 0.272202 0.463694 0.274806 0.482180 0.280004 0.486359 0.276507 0.486656 0.275752 0.487089 0.274416 0.487591 0.272702 0.491932 0.257262 0.492429 0.255425 0.492846 0.253739 0.493121 0.252457 0.493211 0.251777 0.490737 0.246294 0.472037 0.241036
0 0.387758 0.880011 0.415098 0.897349 0.425501 0.880944 0.426353 0.876590 0.424831 0.873453 0.424033 0.872477 0.422772 0.871363 0.421237 0.870280 0.407692 0.861690 0.406112 0.860799 0.404722 0.860231 0.403733 0.860074 0.399324 0.859450 0.389041 0.875667
0 0.265594 0.098495 0.268817 0.104016 0.300783 0.106747 0.302149 0.090764 0.299391 0.085059 0.266979 0.082289
0 0.771352 0.754219 0.777328 0.785739 0.781195 0.789723 0.797175 0.786693 0.791115 0.754733 0.787112 0.751230
0 0.394017 0.157603 0.395228 0.161517 0.426062 0.170094 0.431208 0.151593 0.430413 0.147565 0.428179 0.144866 0.427088 0.144187 0.425519 0.143499 0.423713 0.142908 0.408154 0.138580 0.406392 0.138178 0.404950 0.138029 0.404047 0.138153 0.399222 0.138889
0 0.315762 0.386974 0.322719 0.405110 0.324746 0.406194 0.327968 0.407696 0.328538 0.407686 0.329704 0.407415 0.331289 0.406925 0.333052 0.406290 0.348027 0.400545 0.349707 0.399859 0.351054 0.399225 0.351864 0.398738 0.354627 0.394732 0.347750 0.376803 0.345989 0.375379
0 0.593307 0.714518 0.594386 0.716998 0.613735 0.718717 0.616959 0.714473 0.617183 0.713668 0.617410 0.712264 0.617605 0.710473 0.619034 0.694386 0.619167 0.692488 0.619217 0.690780 0.619176 0.689522 0.619051 0.688906 0.615267 0.684338 0.596139 0.682639
0 0.502003 0.858653 0.502026 0.862800 0.511605 0.893725 0.530160 0.887977 0.532301 0.881661 0.532150 0.880807 0.531805 0.879385 0.531320 0.877610 0.530767 0.875753 0.526021 0.860432 0.525483 0.858767 0.525040 0.857542 0.524758 0.856943 0.520346 0.852971
0 0.715689 0.099435 0.715711 0.115476 0.747794 0.115431 0.751248 0.110070 0.751225 0.093805 0.718696 0.093850
0 0.013824 0.489766 0.028558 0.518769 0.035040 0.518510 0.049341 0.511245 0.034811 0.482642 0.028325 0.482400
0 0.120699 0.888633 0.122353 0.893103 0.123087 0.894596 0.124188 0.896112 0.134646 0.908419 0.135943 0.909724 0.137233 0.910613 0.141664 0.913303 0.156466 0.900725 0.160392 0.896144 0.139667 0.871756 0.125035 0.884191
0 0.968102 0.640640 0.974612 0.642596 0.990832 0.642969 0.991578 0.610528 0.984835 0.609012 0.968837 0.608644
0 0.335543 0.213272 0.337805 0.217214 0.352872 0.222718 0.363880 0.192583 0.361983 0.188297 0.346705 0.182717
0 0.826790 0.139629 0.828115 0.144179 0.828851 0.145659 0.829921 0.147185 0.831163 0.148526 0.832391 0.149481 0.836837 0.152085 0.851784 0.140029 0.860014 0.131608 0.849733 0.118861 0.834436 0.131198
0 0.622386 0.400023 0.637479 0.411895 0.639068 0.410876 0.659083 0.385430 0.643815 0.373421 0.638311 0.374564 0.637901 0.375018 0.637102 0.375978 0.636034 0.377298 0.634861 0.378777 0.624945 0.391384 0.623839 0.392803 0.622965 0.393951 0.622456 0.394654 0.622391 0.394804
0 0.696969 0.655606 0.714228 0.682558 0.717207 0.685097 0.730870 0.676347 0.713371 0.649020 0.710445 0.646976
0 0.274099 0.721755 0.293478 0.725022 0.298632 0.721078 0.300946 0.718536 0.301270 0.717886 0.301665 0.716614 0.302073 0.714913 0.302431 0.713041 0.302685 0.711280 0.302798 0.709897 0.302751 0.709101 0.300859 0.704098 0.281924 0.700906 0.276822 0.705606
0 0.056889 0.807779 0.064883 0.825483 0.071494 0.825683 0.071970 0.825616 0.073081 0.825214 0.074658 0.824536 0.089377 0.817890 0.091175 0.817044 0.092912 0.816160 0.094324 0.815374 0.095194 0.814807 0.095393 0.814543 0.099025 0.808591 0.091122 0.791090 0.061954 0.804261
0 0.909841 0.218775 0.909973 0.220118 0.911493 0.225994 0.930578 0.228121 0.935557 0.224977 0.939143 0.192802 0.919838 0.190650 0.915039 0.194186 0.913669 0.195248 0.913083 0.196015 0.912506 0.197392 0.912026 0.199169 0.911714 0.201078 0.909937 0.217018
0 0.317439 0.996596 0.332613 1.000000 0.336150 1.000000 0.341945 0.995812 0.342520 0.995242 0.352826 0.983435 0.354508 0.977909 0.339508 0.965920 0.333894 0.968645 0.333428 0.968938 0.332577 0.969808 0.331471 0.971123 0.321457 0.983652 0.320260 0.985217 0.319151 0.986800 0.318296 0.988160 0.317827 0.989092
0 0.608813 0.725594 0.614923 0.757090 0.616525 0.760674 0.632493 0.757576 0.626297 0.725642 0.624561 0.722539
0 0.405680 0.539320 0.407421 0.558894 0.423733 0.557444 0.425477 0.556131 0.423776 0.537004 0.419829 0.534095 0.419569 0.534082 0.418618 0.534137 0.417124 0.534250 0.415311 0.534404 0.413455 0.534576 0.411834 0.534740 0.410694 0.534871 0.410210 0.534950 0.409166 0.535356
