0 0.203302 0.653556 0.203438 0.654667 0.203919 0.656188 0.204671 0.657887 0.211897 0.672330 0.212802 0.673943 0.213720 0.675216 0.214510 0.675957 0.217929 0.678428 0.235300 0.669736 0.238326 0.667796 0.224005 0.639174 0.206832 0.647766 0.203442 0.649475
0 0.347774 0.808133 0.350291 0.827394 0.354959 0.828873 0.355837 0.829106 0.357287 0.829149 0.359088 0.828995 0.375102 0.826903 0.376973 0.826576 0.378622 0.826128 0.379797 0.825627 0.380320 0.825150 0.382392 0.823199 0.383737 0.819505 0.381248 0.800464 0.349514 0.804611
0 0.460801 0.279418 0.461340 0.282451 0.475059 0.290766 0.491688 0.263330 0.491572 0.260030 0.477663 0.251599
0 0.954410 0.944076 0.960729 0.950252 0.988267 0.967417 0.996850 0.953648 0.990035 0.947425 0.962874 0.930496
0 0.077235 0.300197 0.086900 0.304765 0.102889 0.305406 0.103658 0.286218 0.098301 0.281443 0.093629 0.278902 0.092714 0.278591 0.091191 0.278297 0.089293 0.278066 0.087309 0.277931 0.085545 0.277915 0.084272 0.278020 0.083684 0.278229 0.078022 0.280561
0 0.599630 0.339174 0.604472 0.357756 0.635442 0.349687 0.637008 0.347949 0.632110 0.329151 0.627186 0.327500 0.626313 0.327572 0.624888 0.327838 0.623126 0.328261 0.607498 0.332333 0.605676 0.332844 0.604077 0.333365 0.602947 0.333816 0.602455 0.334128
0 0.153671 0.121329 0.157630 0.125658 0.174929 0.133994 0.178935 0.130103 0.179853 0.128972 0.180736 0.127411 0.187699 0.112962 0.188417 0.111201 0.188862 0.109504 0.188969 0.108126 0.188823 0.105163 0.185225 0.100597 0.167726 0.092165
0 0.500328 0.974400 0.500332 0.979886 0.514964 0.992662 0.520552 0.989784 0.521601 0.988967 0.522826 0.987699 0.533448 0.975534 0.534658 0.974013 0.535665 0.972475 0.536314 0.971156 0.536508 0.970257 0.535843 0.962922 0.521378 0.950292
0 0.891071 0.961582 0.891118 0.963296 0.892415 0.979283 0.892666 0.981244 0.893086 0.983160 0.893609 0.984742 0.894159 0.985748 0.900128 0.991505 0.919489 0.989935 0.916871 0.957666 0.912106 0.952435 0.892966 0.953987 0.891237 0.960369
0 0.139398 0.925280 0.154513 0.937840 0.161049 0.935296 0.161343 0.934974 0.162102 0.934081 0.163211 0.932754 0.164499 0.931196 0.165768 0.929648 0.166825 0.928345 0.167507 0.927488 0.171330 0.922573 0.171528 0.922298 0.172638 0.915523 0.157869 0.903251 0.149865 0.912685
0 0.552703 0.279595 0.560668 0.297068 0.565612 0.297793 0.566489 0.297586 0.567860 0.297089 0.569518 0.296378 0.571212 0.295561 0.572687 0.294760 0.573719 0.294097 0.574151 0.293673 0.575013 0.291274 0.576989 0.285528 0.568837 0.267646 0.553936 0.274439
0 0.665693 0.295555 0.667960 0.314623 0.683851 0.312734 0.688152 0.308352 0.685831 0.288838 0.680981 0.286774 0.680132 0.286657 0.678690 0.286683 0.676875 0.286848 0.674966 0.287126 0.673256 0.287475 0.672007 0.287841 0.671408 0.288169 0.669437 0.290604
0 0.930313 0.776091 0.941936 0.787089 0.952276 0.793806 0.965782 0.779531 0.963435 0.773264 0.963190 0.772844 0.962387 0.771959 0.961147 0.770742 0.959662 0.769381 0.958160 0.768085 0.956870 0.767052 0.955990 0.766440 0.950748 0.763377 0.950421 0.763282 0.943510 0.762142
0 0.716801 0.450690 0.738779 0.473956 0.741540 0.473655 0.755660 0.460316 0.754550 0.455529 0.754115 0.454717 0.753227 0.453541 0.752020 0.452180 0.740930 0.440440 0.739594 0.439108 0.738336 0.438013 0.737349 0.437320 0.736784 0.437136 0.733429 0.436781 0.730761 0.437504
0 0.450923 0.216875 0.451484 0.220111 0.454564 0.222566 0.455655 0.222960 0.457244 0.223292 0.459091 0.223513 0.475078 0.224806 0.476907 0.224882 0.478447 0.224803 0.479465 0.224580 0.483384 0.222690 0.484932 0.203550 0.484758 0.200122 0.452488 0.197513
0 0.185307 0.544546 0.200915 0.549502 0.207753 0.548371 0.213564 0.530069 0.209918 0.525862 0.209246 0.525517 0.207975 0.525026 0.206296 0.524462 0.204464 0.523911 0.202754 0.523456 0.201426 0.523166 0.200682 0.523085 0.197201 0.523354 0.191255 0.525816
0 0.470474 0.749982 0.489526 0.753765 0.493631 0.749785 0.493828 0.749036 0.494130 0.747681 0.494489 0.745928 0.497635 0.730087 0.497997 0.728208 0.498304 0.726497 0.498510 0.725215 0.498583 0.724558 0.495879 0.719473 0.477044 0.715733 0.470811 0.747125
0 0.964948 0.439978 0.968219 0.445256 0.969133 0.446214 0.970501 0.447309 0.983480 0.456732 0.985097 0.457802 0.986724 0.458689 0.988113 0.459257 0.989055 0.459419 0.996523 0.458302 1.000000 0.443239 1.000000 0.440818 0.994636 0.434689 0.994037 0.434042 0.981735 0.423564 0.976229 0.424438
0 0.747628 0.592802 0.765262 0.600404 0.768329 0.601565 0.771706 0.599172 0.772426 0.598320 0.773252 0.596951 0.774058 0.595274 0.780452 0.580443 0.781111 0.578720 0.781522 0.577219 0.781622 0.576170 0.781145 0.571835 0.763307 0.564145 0.760298 0.563412
0 0.799468 0.113243 0.800228 0.119412 0.818420 0.125562 0.825869 0.116802 0.831114 0.101288 0.812497 0.094994 0.806360 0.099326 0.802838 0.103932 0.802321 0.104802 0.801649 0.106232 0.800924 0.108005 0.800256 0.109852 0.799745 0.111495 0.799468 0.112685
0 0.428434 0.687842 0.431874 0.690866 0.432838 0.691214 0.434346 0.691559 0.436168 0.691847 0.452185 0.693915 0.454036 0.694101 0.455627 0.694157 0.456717 0.694074 0.457138 0.693864 0.460542 0.691988 0.460993 0.689794 0.463452 0.670749 0.431711 0.666651 0.430921 0.668577
0 0.330216 0.688870 0.332925 0.708105 0.364983 0.703590 0.366526 0.701263 0.363848 0.682248 0.359223 0.680172 0.358347 0.680116 0.356906 0.680200 0.355120 0.680409 0.339238 0.682646 0.337372 0.682950 0.335703 0.683305 0.334485 0.683655 0.333902 0.683949
0 0.346692 0.986299 0.361661 0.992659 0.374381 0.962719 0.376109 0.956357 0.361345 0.950084 0.348800 0.979612
0 0.384097 0.932490 0.403374 0.958500 0.418980 0.946934 0.419906 0.941825 0.420277 0.939743 0.420163 0.938868 0.419631 0.937539 0.418761 0.935959 0.417686 0.934365 0.408136 0.921479 0.407015 0.920110 0.406015 0.919168 0.400850 0.916112 0.385422 0.927546
0 0.469582 0.551447 0.488233 0.556872 0.492484 0.554410 0.492577 0.554128 0.492861 0.553181 0.493295 0.551712 0.493811 0.549946 0.498322 0.534438 0.498840 0.532649 0.499279 0.531117 0.499573 0.530076 0.499676 0.529684 0.497307 0.525491 0.478868 0.520128 0.478624 0.520360
0 0.862808 0.282723 0.875340 0.297273 0.881943 0.296627 0.882169 0.296598 0.882953 0.296089 0.884177 0.295176 0.885656 0.293997 0.887162 0.292732 0.899399 0.282192 0.900698 0.281040 0.901588 0.280179 0.901932 0.279742 0.904210 0.273800 0.891533 0.259082 0.887058 0.261836
0 0.181929 0.919958 0.198080 0.922669 0.204982 0.913006 0.208161 0.894069 0.203204 0.891240 0.201886 0.890690 0.200148 0.890283 0.198253 0.890080 0.196487 0.890112 0.195117 0.890375 0.192379 0.891419 0.185182 0.900577
0 0.573416 0.132860 0.573529 0.134296 0.573765 0.136102 0.574090 0.138007 0.577084 0.153764 0.577448 0.155483 0.577797 0.156761 0.578079 0.157404 0.581742 0.161781 0.600607 0.158196 0.601770 0.154244 0.595727 0.122438 0.576644 0.126065 0.573444 0.132015
0 0.810965 0.521021 0.824043 0.530242 0.831624 0.530950 0.842949 0.514889 0.840438 0.509898 0.839957 0.509297 0.838916 0.508388 0.837473 0.507309 0.835851 0.506227 0.834298 0.505307 0.833052 0.504690 0.832304 0.504469 0.828484 0.504418 0.822031 0.505327
0 0.464647 0.381311 0.464877 0.381785 0.465436 0.382823 0.466240 0.384264 0.467166 0.385890 0.475158 0.399797 0.476069 0.401367 0.476830 0.402649 0.477325 0.403446 0.477478 0.403637 0.482150 0.405268 0.498799 0.395700 0.498785 0.394494 0.482654 0.366425 0.465812 0.376104
0 0.860088 0.170932 0.867258 0.202124 0.885973 0.197821 0.890436 0.194328 0.891237 0.191416 0.891441 0.190047 0.891383 0.188283 0.891070 0.186394 0.887452 0.170655 0.886935 0.168935 0.886293 0.167653 0.883183 0.162776 0.864252 0.167128
0 0.130811 0.546168 0.145771 0.558558 0.149820 0.557889 0.170234 0.533240 0.155445 0.520992 0.151461 0.521235 0.148777 0.521410 0.148078 0.521722 0.147014 0.522554 0.145747 0.523781 0.144471 0.525216 0.134170 0.537654 0.133084 0.539071 0.132358 0.540251 0.132101 0.541013
0 0.246727 0.823071 0.250920 0.826698 0.252227 0.827430 0.253925 0.828091 0.269280 0.833097 0.271103 0.833584 0.272767 0.833820 0.274018 0.833771 0.277507 0.833105 0.280050 0.829298 0.286002 0.811041 0.255574 0.801121 0.252748 0.804603
0 0.859219 0.306586 0.859351 0.308464 0.861313 0.324383 0.861633 0.326165 0.862093 0.327586 0.864840 0.332309 0.883899 0.329960 0.888338 0.327994 0.884377 0.295863 0.865098 0.298239 0.860925 0.300545 0.859570 0.303636 0.859296 0.304891
0 0.687669 0.420789 0.690214 0.425081 0.690940 0.425624 0.692200 0.426366 0.693804 0.427194 0.708210 0.434245 0.709919 0.435038 0.711479 0.435676 0.712654 0.436064 0.713264 0.436141 0.718917 0.434106 0.727457 0.416659 0.698378 0.402426 0.696111 0.403542
0 0.657750 0.770669 0.660882 0.802520 0.662742 0.806018 0.682074 0.804117 0.684323 0.798859 0.684427 0.798150 0.684412 0.796810 0.684279 0.795043 0.682698 0.778971 0.682468 0.777052 0.682178 0.775282 0.681871 0.773931 0.681595 0.773203 0.676860 0.768790
0 0.897112 0.142182 0.898591 0.146743 0.899258 0.148234 0.900290 0.149775 0.901532 0.151132 0.902796 0.152101 0.906990 0.154771 0.922097 0.142917 0.931972 0.134563 0.921863 0.121679 0.906402 0.133810
0 0.365685 0.593716 0.365712 0.595352 0.365828 0.597226 0.367147 0.613322 0.367333 0.615139 0.367561 0.616618 0.367795 0.617532 0.370929 0.621369 0.390289 0.619784 0.391543 0.618415 0.388930 0.586517 0.369791 0.588084 0.368286 0.589103 0.365897 0.592078 0.365750 0.592566
0 0.363044 0.503704 0.364915 0.508311 0.365056 0.508509 0.365821 0.509052 0.367093 0.509859 0.368679 0.510805 0.370335 0.511745 0.371806 0.512535 0.372868 0.513054 0.373359 0.513223 0.374815 0.513071 0.380007 0.511667 0.389663 0.495069 0.375832 0.487021 0.372927 0.486718
0 0.282828 0.948779 0.294685 0.959913 0.316952 0.936199 0.319469 0.930202 0.307775 0.919221 0.285814 0.942609
