0 0.347966 0.172987 0.355489 0.204476 0.357141 0.207854 0.375818 0.203391 0.377758 0.197802 0.377652 0.197124 0.377380 0.195831 0.376985 0.194120 0.373257 0.178520 0.372796 0.176644 0.372338 0.174883 0.371953 0.173503 0.371698 0.172715 0.371614 0.172640 0.366859 0.168473
0 0.423031 0.239853 0.424509 0.246004 0.425376 0.248924 0.425790 0.249442 0.426770 0.250256 0.428167 0.251240 0.429768 0.252246 0.431333 0.253123 0.432625 0.253738 0.433448 0.253997 0.438544 0.253981 0.448361 0.237477 0.447153 0.231335 0.433078 0.222963
0 0.812852 0.875517 0.822209 0.888498 0.829747 0.897587 0.845689 0.886096 0.844824 0.879391 0.844595 0.878961 0.843927 0.877959 0.842922 0.876538 0.841734 0.874916 0.840546 0.873343 0.839540 0.872060 0.838869 0.871262 0.834974 0.866994 0.834747 0.866807 0.828429 0.864288
0 0.807931 0.337648 0.807963 0.339309 0.808190 0.341166 0.810871 0.356979 0.811260 0.358758 0.811753 0.360193 0.812276 0.361068 0.814850 0.364627 0.833783 0.361417 0.837642 0.359815 0.832231 0.327895 0.813079 0.331142 0.809501 0.333072 0.808100 0.336436
0 0.529183 0.533791 0.529588 0.534261 0.554490 0.555067 0.564893 0.542616 0.539991 0.521810 0.539443 0.521511
0 0.330896 0.454399 0.334518 0.473715 0.339318 0.476668 0.341166 0.476936 0.341736 0.476899 0.342939 0.476732 0.344590 0.476462 0.346441 0.476128 0.348211 0.475783 0.349633 0.475477 0.350493 0.475256 0.350657 0.475156 0.354029 0.471366 0.350490 0.452492 0.346992 0.451381
0 0.654005 0.257755 0.655595 0.273717 0.687520 0.270537 0.690134 0.267338 0.688522 0.251153 0.656152 0.254377
0 0.096985 0.205897 0.101483 0.211842 0.106065 0.215155 0.106936 0.215633 0.108377 0.216243 0.110168 0.216893 0.112037 0.217483 0.113703 0.217926 0.114915 0.218154 0.115488 0.218132 0.121558 0.217109 0.126944 0.198678 0.118216 0.191628 0.102497 0.187034
0 0.449022 0.114997 0.449164 0.115864 0.449431 0.117315 0.449783 0.119130 0.450167 0.121033 0.453400 0.136743 0.453759 0.138452 0.454039 0.139713 0.454199 0.140334 0.458450 0.144725 0.477258 0.140855 0.476995 0.136702 0.470471 0.104992 0.451444 0.108907 0.449029 0.114848
0 0.184893 0.762888 0.203788 0.768291 0.209732 0.764551 0.213069 0.761510 0.213548 0.760812 0.214154 0.759517 0.214797 0.757823 0.215378 0.755985 0.215809 0.754281 0.216027 0.752968 0.215997 0.752246 0.214958 0.746772 0.196496 0.741493 0.189395 0.747142
0 0.487602 0.854367 0.503579 0.857194 0.509233 0.825241 0.509107 0.820779 0.493349 0.817991 0.487772 0.849506
0 0.816524 0.659217 0.816547 0.660884 0.816759 0.662099 0.818247 0.665381 0.821927 0.667294 0.841170 0.669940 0.845580 0.637867 0.841630 0.636291 0.822607 0.633675 0.820162 0.637349 0.819662 0.638230 0.819211 0.639674 0.818877 0.641462 0.816692 0.657351
0 0.538118 0.612937 0.538562 0.614251 0.540534 0.619367 0.558302 0.627763 0.565299 0.612957 0.563806 0.610374 0.546445 0.602170 0.542244 0.604206 0.542032 0.604401 0.541539 0.605228 0.540841 0.606562 0.540043 0.608199 0.539267 0.609892 0.538628 0.611387 0.538225 0.612457
0 0.383296 0.872342 0.407491 0.893853 0.420397 0.879336 0.421307 0.875001 0.420722 0.872461 0.420552 0.871727 0.419860 0.870618 0.418753 0.869304 0.417398 0.867984 0.405412 0.857327 0.404011 0.856197 0.402771 0.855424 0.401882 0.855127 0.397389 0.853735 0.384630 0.868086
0 0.540990 0.593364 0.541948 0.595549 0.556217 0.603586 0.565862 0.586463 0.564339 0.581347 0.563600 0.580412 0.563196 0.580126 0.562216 0.579524 0.560809 0.578699 0.559189 0.577775 0.557599 0.576891 0.556281 0.576182 0.555433 0.575754 0.555186 0.575673 0.550413 0.576633
0 0.465709 0.696261 0.465729 0.702114 0.479684 0.715627 0.502206 0.692370 0.502180 0.690171 0.488386 0.676813 0.483389 0.677791 0.482681 0.678343 0.481608 0.679332 0.480332 0.680608 0.469174 0.692129 0.467885 0.693503 0.466774 0.694770 0.466009 0.695738
0 0.595455 0.855371 0.595458 0.856013 0.595550 0.857300 0.595717 0.859038 0.595934 0.860964 0.596169 0.862787 0.596385 0.864232 0.596551 0.865078 0.597674 0.869324 0.597766 0.869447 0.602048 0.874378 0.621593 0.872326 0.619883 0.856039 0.617142 0.847900 0.598044 0.849905
0 0.116321 0.472683 0.134070 0.481121 0.142435 0.481552 0.145476 0.479703 0.146320 0.478782 0.147254 0.477388 0.148137 0.475731 0.148836 0.474061 0.149245 0.472630 0.149302 0.471656 0.149305 0.467100 0.131963 0.458856 0.123352 0.457893
0 0.149179 0.042590 0.149266 0.044564 0.149524 0.046475 0.149914 0.048031 0.150375 0.048995 0.155764 0.054783 0.174966 0.054840 0.175061 0.022835 0.171304 0.017318 0.151879 0.017261 0.149592 0.023497 0.149324 0.024711 0.149226 0.026440
0 0.593687 0.709280 0.595879 0.714176 0.608780 0.729000 0.613307 0.728202 0.614237 0.727764 0.615522 0.726893 0.616968 0.725722 0.618352 0.724431 0.619460 0.723218 0.620125 0.722269 0.621134 0.718249 0.618365 0.713260 0.605758 0.698775
0 0.475080 0.786520 0.484143 0.803701 0.512778 0.788597 0.512632 0.785298 0.503673 0.768313 0.498928 0.768150 0.498005 0.768338 0.496626 0.768866 0.494998 0.769655 0.480812 0.777138 0.479178 0.778070 0.477780 0.779006 0.476831 0.779806 0.476475 0.780347 0.475365 0.783245
0 0.369074 0.521240 0.385233 0.549472 0.386811 0.548792 0.400733 0.540824 0.384797 0.512979 0.383191 0.513160
0 0.241668 0.960979 0.247617 0.976237 0.265927 0.969098 0.271278 0.958374 0.271980 0.956768 0.272148 0.955824 0.272023 0.954342 0.271625 0.952549 0.271016 0.950715 0.270287 0.949117 0.269548 0.947996 0.265465 0.943465 0.247574 0.950440
0 0.315497 0.826761 0.329481 0.840568 0.340987 0.828914 0.344622 0.821395 0.330957 0.807903 0.325263 0.809414 0.324724 0.809812 0.323758 0.810692 0.322510 0.811921 0.321170 0.813313 0.319939 0.814659 0.319003 0.815754 0.318506 0.816433 0.316395 0.820113
0 0.927203 0.611021 0.941516 0.623823 0.946621 0.625254 0.949587 0.624305 0.950791 0.623663 0.952176 0.622584 0.953532 0.621235 0.964298 0.609197 0.965412 0.607787 0.966110 0.606536 0.968204 0.601124 0.953726 0.588174 0.948540 0.587166
0 0.911958 0.191478 0.912339 0.210677 0.944337 0.210043 0.949475 0.206690 0.949090 0.187269 0.942889 0.184971 0.941650 0.184766 0.939912 0.184719 0.923766 0.185039 0.921801 0.185159 0.919915 0.185426 0.918396 0.185799 0.917477 0.186221
0 0.907090 0.064683 0.911919 0.069526 0.913428 0.070521 0.915153 0.071291 0.916834 0.071720 0.921135 0.072353 0.930987 0.062348 0.940406 0.045100 0.926033 0.037251 0.916293 0.047830
0 0.309593 0.187470 0.311713 0.193850 0.312277 0.194440 0.313385 0.195314 0.314867 0.196337 0.316500 0.197355 0.330299 0.205530 0.331839 0.206392 0.333058 0.206969 0.333771 0.207175 0.339304 0.207356 0.349092 0.190835 0.347347 0.187260 0.319494 0.170758
0 0.748843 0.786024 0.755862 0.817249 0.758821 0.820917 0.777773 0.816657 0.779095 0.810998 0.779177 0.810323 0.779042 0.809023 0.778709 0.807296 0.775167 0.791539 0.774688 0.789653 0.774138 0.787904 0.773601 0.786559 0.773159 0.785823 0.767579 0.781812
0 0.628407 0.583279 0.647368 0.609062 0.649072 0.610323 0.664721 0.598815 0.664622 0.593455 0.664185 0.592714 0.663377 0.591518 0.662321 0.590048 0.652753 0.577038 0.651615 0.575524 0.650571 0.574203 0.649781 0.573275 0.649366 0.572882 0.643876 0.571902
0 0.683534 0.449542 0.702727 0.450163 0.705071 0.449587 0.707414 0.446771 0.707700 0.446333 0.707967 0.445224 0.708174 0.443612 0.708289 0.441744 0.708812 0.425602 0.708817 0.423769 0.708712 0.422257 0.708512 0.421297 0.706119 0.417230 0.686705 0.416601 0.684570 0.417554
0 0.312960 0.061237 0.315098 0.066252 0.328533 0.079973 0.333656 0.077791 0.334896 0.077013 0.336255 0.075835 0.347715 0.064614 0.348991 0.063212 0.349995 0.061793 0.350574 0.060572 0.351401 0.057582 0.349683 0.052467 0.336093 0.038587
0 0.519554 0.452698 0.532641 0.466750 0.544352 0.455845 0.545389 0.454812 0.531996 0.440430 0.527069 0.440464 0.526833 0.440638 0.526087 0.441294 0.524943 0.442333 0.523577 0.443596 0.522198 0.444889 0.521019 0.446013 0.520219 0.446797 0.519920 0.447121 0.519691 0.447729
0 0.863013 0.016613 0.888374 0.036261 0.893789 0.029796 0.903750 0.016939 0.878035 0.000000 0.872837 0.003932 0.868074 0.009874
0 0.021536 0.317068 0.022835 0.323440 0.023346 0.324617 0.024246 0.326115 0.033177 0.339571 0.034325 0.341158 0.035542 0.342585 0.036642 0.343635 0.037457 0.344147 0.044704 0.345824 0.060703 0.335205 0.043005 0.308539 0.037721 0.306326
0 0.509129 0.905864 0.509256 0.911508 0.515040 0.943438 0.531005 0.940546 0.530580 0.934504 0.524875 0.903012
0 0.208927 0.144916 0.214562 0.176872 0.218477 0.181304 0.234236 0.178526 0.228679 0.147007 0.224905 0.142098
