0 0.916143 0.242477 0.916653 0.258471 0.948641 0.257452 0.954880 0.254079 0.954363 0.237862 0.921930 0.238896
0 0.168638 0.104248 0.173104 0.123153 0.176841 0.127460 0.179683 0.128313 0.181056 0.128488 0.182814 0.128406 0.184689 0.128080 0.200298 0.124392 0.202012 0.123870 0.203311 0.123231 0.207988 0.120102 0.203573 0.101413 0.200146 0.096805
0 0.094720 0.597820 0.098475 0.602013 0.098991 0.602555 0.100143 0.603271 0.101754 0.604052 0.103578 0.604777 0.105333 0.605335 0.106752 0.605642 0.107617 0.605650 0.112128 0.604435 0.118641 0.602009 0.126351 0.584422 0.111695 0.577997 0.102610 0.579822
0 0.264805 0.747581 0.281338 0.757777 0.287196 0.755351 0.287669 0.754702 0.288454 0.753529 0.289431 0.752011 0.290453 0.750378 0.298872 0.736726 0.299786 0.735220 0.300457 0.734066 0.300783 0.733438 0.300637 0.727590 0.284293 0.717510 0.281799 0.720025
0 0.327044 0.719325 0.347506 0.744614 0.360150 0.734383 0.362073 0.731160 0.341893 0.706220 0.329423 0.716310
0 0.147414 0.223999 0.147804 0.230045 0.147933 0.230651 0.148453 0.231810 0.149287 0.233346 0.157353 0.247337 0.158369 0.249010 0.159409 0.250558 0.160314 0.251746 0.160946 0.252392 0.167428 0.254881 0.184064 0.245291 0.168080 0.217563 0.164242 0.214298
0 0.864244 0.937986 0.864426 0.939154 0.864864 0.940801 0.869514 0.956151 0.870145 0.958033 0.870874 0.959870 0.871592 0.961385 0.872189 0.962345 0.878571 0.967119 0.897162 0.961487 0.887775 0.930503 0.883343 0.925582 0.864965 0.931150
0 0.205133 0.673757 0.214269 0.687165 0.218188 0.684598 0.244637 0.666577 0.235626 0.653353 0.231949 0.655486
0 0.789527 0.392950 0.789653 0.394013 0.790108 0.395501 0.790824 0.397192 0.791691 0.398828 0.792580 0.400163 0.793356 0.400996 0.796668 0.403190 0.803608 0.400925 0.821353 0.392480 0.814315 0.377692 0.807130 0.380488 0.789791 0.388741
0 0.477284 0.874076 0.505954 0.889275 0.513553 0.874940 0.513367 0.869798 0.485091 0.854807 0.477595 0.868945
0 0.811333 0.626204 0.827086 0.637186 0.834738 0.640395 0.844104 0.626961 0.827983 0.615722 0.820485 0.613077 0.817052 0.614562 0.816101 0.615291 0.814972 0.616485 0.813837 0.617966 0.812866 0.619507 0.812205 0.620878 0.811956 0.621871
0 0.887210 0.862723 0.891687 0.866917 0.920473 0.881732 0.929362 0.864460 0.925832 0.858156 0.925597 0.857852 0.924709 0.857212 0.923307 0.856336 0.921603 0.855355 0.919856 0.854420 0.905595 0.847080 0.904063 0.846328 0.902975 0.845871 0.902496 0.845780 0.895997 0.845649
0 0.009941 0.386118 0.014609 0.390912 0.015073 0.391082 0.016218 0.391438 0.017872 0.391926 0.033383 0.396423 0.035286 0.396966 0.037142 0.397481 0.038668 0.397887 0.039629 0.398124 0.039884 0.398157 0.046281 0.396332 0.051629 0.377889 0.020890 0.368977 0.015350 0.367462
0 0.250627 0.464905 0.251247 0.484319 0.254090 0.484499 0.286078 0.483477 0.285465 0.464284 0.280906 0.460763 0.280249 0.460723 0.278953 0.460713 0.277217 0.460733 0.275305 0.460782 0.259163 0.461298 0.257374 0.461367 0.255987 0.461446 0.255212 0.461523
0 0.837053 0.260810 0.852474 0.272252 0.856550 0.269619 0.875840 0.243619 0.860240 0.232045 0.853505 0.234132 0.852821 0.234777 0.851805 0.235912 0.850612 0.237363 0.849423 0.238910 0.839866 0.251791 0.838858 0.253205 0.838180 0.254276 0.837934 0.254841
0 0.634418 0.117048 0.638878 0.132457 0.669696 0.123537 0.672062 0.118288 0.667539 0.102665 0.636292 0.111709
0 0.156394 0.362540 0.173309 0.372089 0.177044 0.373551 0.180350 0.371552 0.181220 0.370786 0.182226 0.369523 0.183214 0.367954 0.191099 0.353987 0.191923 0.352344 0.192462 0.350874 0.192632 0.349797 0.192777 0.345681 0.176055 0.336241 0.172309 0.334348
0 0.412314 0.158294 0.413517 0.162981 0.443115 0.175157 0.449203 0.160358 0.448496 0.155635 0.418487 0.143290
0 0.009218 0.773524 0.013346 0.777893 0.014375 0.778861 0.015895 0.779828 0.017673 0.780646 0.019436 0.781189 0.020913 0.781375 0.023620 0.781320 0.034510 0.774889 0.043651 0.758001 0.029578 0.750384 0.018572 0.756242
0 0.242124 0.815879 0.242266 0.817190 0.242720 0.818860 0.243415 0.820633 0.250062 0.835352 0.250891 0.836953 0.251724 0.838132 0.255950 0.842088 0.273653 0.834094 0.276240 0.830275 0.263068 0.801107 0.245567 0.809010 0.242626 0.812583
0 0.468845 0.112919 0.469274 0.118241 0.485208 0.120090 0.488905 0.088221 0.488750 0.082480 0.472593 0.080606
0 0.690866 0.137991 0.698402 0.169096 0.717065 0.164574 0.720878 0.158713 0.721084 0.157904 0.721084 0.156501 0.720880 0.154716 0.720502 0.152823 0.716699 0.137127 0.716206 0.135421 0.715674 0.134168 0.711952 0.129232 0.693073 0.133805
0 0.623837 0.513612 0.637347 0.527259 0.638935 0.527574 0.642830 0.527581 0.643280 0.527359 0.644186 0.526651 0.645411 0.525566 0.646767 0.524268 0.658245 0.512906 0.659520 0.511599 0.660517 0.510486 0.661082 0.509736 0.661130 0.509465 0.661942 0.504798 0.648277 0.490993 0.646582 0.491096
0 0.705785 0.273187 0.709583 0.304965 0.725472 0.303066 0.728608 0.300327 0.724757 0.268107 0.708647 0.270033
0 0.100863 0.640105 0.105368 0.655850 0.124262 0.650444 0.132851 0.647005 0.133526 0.643272 0.133648 0.642108 0.133492 0.640501 0.133081 0.638694 0.132478 0.636959 0.131774 0.635559 0.131075 0.634706 0.128449 0.631620 0.109987 0.636903
0 0.745341 0.259763 0.753705 0.273451 0.781081 0.256723 0.785000 0.253331 0.776519 0.239452 0.748762 0.256413
0 0.761394 0.168858 0.784237 0.191385 0.795501 0.179963 0.799620 0.175502 0.776459 0.152660 0.765038 0.164241
0 0.422713 0.364908 0.423596 0.366452 0.435398 0.381600 0.460645 0.361931 0.460190 0.360334 0.448252 0.345011 0.443908 0.345182 0.443544 0.345204 0.442652 0.345675 0.441370 0.346525 0.439892 0.347624 0.427152 0.357550 0.425709 0.358727 0.424526 0.359798 0.423784 0.360599 0.423594 0.361009
0 0.508356 0.827061 0.508453 0.830864 0.508539 0.831671 0.508760 0.833088 0.509082 0.834898 0.509458 0.836826 0.509829 0.838574 0.510137 0.839874 0.510336 0.840528 0.514519 0.844947 0.533779 0.841038 0.533006 0.833241 0.529824 0.817559 0.511005 0.821378
0 0.895309 0.212564 0.907720 0.242064 0.925420 0.234617 0.930339 0.231549 0.930270 0.226829 0.929984 0.225176 0.929378 0.223394 0.923115 0.208508 0.922285 0.206876 0.921360 0.205649 0.917785 0.201708 0.899880 0.209240
0 0.147418 0.157425 0.152254 0.162124 0.183741 0.167857 0.186607 0.152113 0.182249 0.147275 0.150324 0.141463
0 0.815972 0.680843 0.826944 0.692545 0.831502 0.695229 0.855232 0.672978 0.844106 0.661114 0.839375 0.658898
0 0.069242 0.468536 0.083173 0.497760 0.087938 0.497786 0.105271 0.489522 0.105059 0.483847 0.104682 0.482450 0.103993 0.480792 0.097091 0.466314 0.096193 0.464643 0.095219 0.463206 0.094317 0.462221 0.091499 0.460632 0.086776 0.460177
0 0.268281 0.810228 0.279185 0.826303 0.285058 0.825675 0.285685 0.825451 0.286825 0.824813 0.288303 0.823858 0.301669 0.814792 0.303255 0.813669 0.304702 0.812552 0.305788 0.811614 0.306349 0.810996 0.308195 0.804608 0.297416 0.788716 0.270929 0.806682
0 0.170752 0.640788 0.199800 0.655250 0.203918 0.653121 0.211050 0.638796 0.182400 0.624532 0.177983 0.626264
0 0.704497 0.470419 0.717311 0.484720 0.723240 0.485031 0.725836 0.484857 0.726415 0.484588 0.727463 0.483862 0.728819 0.482789 0.730277 0.481533 0.731613 0.480286 0.732620 0.479241 0.733146 0.478557 0.734592 0.473433 0.721477 0.458798 0.716414 0.459740
0 0.105756 0.488301 0.114768 0.488569 0.130768 0.488859 0.131116 0.469660 0.125966 0.466046 0.125840 0.466007 0.121488 0.465612 0.120610 0.465559 0.119118 0.465501 0.117240 0.465446 0.115262 0.465403 0.113490 0.465378 0.112195 0.465375 0.111574 0.465395 0.106112 0.468653
0 0.447211 0.793350 0.447451 0.799737 0.462310 0.812250 0.483163 0.787486 0.483356 0.784200 0.468667 0.771831 0.463609 0.773572 0.462977 0.774066 0.461999 0.775056 0.460823 0.776392 0.450491 0.788661 0.449292 0.790145 0.448248 0.791557 0.447517 0.792682
0 0.177433 0.173637 0.177461 0.174245 0.177802 0.175460 0.178405 0.177097 0.184395 0.192094 0.185166 0.193897 0.185984 0.195584 0.186725 0.196899 0.187275 0.197640 0.193407 0.201079 0.211240 0.193955 0.199368 0.164234 0.195892 0.160352 0.177853 0.167558
0 0.869140 0.891508 0.873408 0.896035 0.900176 0.914246 0.911102 0.898185 0.908237 0.891568 0.908002 0.891258 0.907161 0.890536 0.905843 0.889513 0.904249 0.888344 0.902621 0.887207 0.889360 0.878185 0.887939 0.877248 0.886937 0.876650 0.886505 0.876483 0.879942 0.875631
