0 0.108463 0.818240 0.122934 0.831199 0.129553 0.829340 0.129796 0.829179 0.130529 0.828471 0.131638 0.827327 0.132954 0.825920 0.134279 0.824463 0.144978 0.812514 0.146114 0.811224 0.146892 0.810292 0.147195 0.809860 0.148594 0.803571 0.134289 0.790761 0.130060 0.794122
0 0.860713 0.672530 0.860734 0.673292 0.861098 0.674590 0.861751 0.676228 0.862593 0.677957 0.863497 0.679518 0.864327 0.680674 0.864957 0.681249 0.869201 0.683357 0.875870 0.686012 0.893833 0.678041 0.887191 0.663072 0.878340 0.659344 0.860787 0.667132
0 0.494187 0.263807 0.494267 0.267055 0.504914 0.297319 0.520046 0.291996 0.520325 0.289096 0.509530 0.258410
0 0.394346 0.087702 0.395799 0.093371 0.418172 0.116365 0.429669 0.105178 0.428688 0.099674 0.406003 0.076359
0 0.271641 0.429676 0.285617 0.437917 0.288558 0.438769 0.304814 0.411200 0.291030 0.403072 0.288124 0.401724
0 0.295017 0.214932 0.305707 0.245491 0.307928 0.248400 0.326054 0.242060 0.327326 0.236410 0.327174 0.235719 0.326787 0.234442 0.326224 0.232773 0.320928 0.217634 0.320273 0.215822 0.319623 0.214135 0.319076 0.212829 0.318716 0.212103 0.313352 0.208518
0 0.373049 0.310271 0.373061 0.312196 0.373139 0.313927 0.373270 0.315198 0.373435 0.315817 0.374890 0.317934 0.378968 0.322214 0.398169 0.322438 0.398356 0.306437 0.395978 0.301908 0.376327 0.301680 0.373375 0.306161 0.373219 0.307003 0.373104 0.308446
0 0.550505 0.869890 0.551089 0.874167 0.555006 0.893193 0.558970 0.894079 0.560063 0.894310 0.561648 0.894289 0.563480 0.894019 0.579298 0.890762 0.581093 0.890286 0.582570 0.889677 0.583504 0.889029 0.586715 0.886665 0.582799 0.867639 0.581852 0.863437
0 0.509064 0.762289 0.509277 0.768425 0.519139 0.781500 0.534828 0.769665 0.535426 0.763414 0.535019 0.760386 0.534752 0.759750 0.534084 0.758626 0.533119 0.757187 0.532001 0.755650 0.530900 0.754246 0.529982 0.753188 0.529386 0.752637 0.524395 0.750725
0 0.303382 0.927885 0.322834 0.930684 0.327575 0.925650 0.327753 0.925449 0.329733 0.920559 0.330009 0.919641 0.330348 0.918139 0.330697 0.916282 0.331003 0.914350 0.331221 0.912636 0.331318 0.911397 0.331279 0.910822 0.329164 0.904999 0.310157 0.902264 0.305715 0.911675
0 0.808043 0.053544 0.837977 0.064869 0.842677 0.058817 0.848418 0.043642 0.818067 0.032160 0.813705 0.038577
0 0.565529 0.812051 0.566291 0.815680 0.566539 0.816439 0.567068 0.817758 0.567799 0.819436 0.568619 0.821217 0.569402 0.822826 0.570028 0.824018 0.570402 0.824609 0.575425 0.827883 0.593192 0.819483 0.591061 0.812180 0.584221 0.797713 0.566861 0.805921
0 0.614909 0.806760 0.617597 0.813936 0.634732 0.823560 0.638927 0.820638 0.639604 0.820076 0.640489 0.818933 0.641445 0.817382 0.642326 0.815663 0.642995 0.814039 0.643353 0.812758 0.643343 0.812016 0.642751 0.809281 0.639488 0.802211 0.622745 0.792808
0 0.270459 0.152467 0.271919 0.171837 0.274526 0.175588 0.277357 0.177290 0.278646 0.177572 0.280368 0.177695 0.282262 0.177641 0.298256 0.176436 0.300039 0.176213 0.301448 0.175854 0.306440 0.173183 0.304997 0.154035 0.302742 0.150035
0 0.500289 0.604244 0.500292 0.605449 0.512621 0.620459 0.537639 0.599911 0.537208 0.598769 0.525020 0.583930 0.520506 0.583812 0.520195 0.583935 0.519366 0.584504 0.518145 0.585432 0.516717 0.586578 0.504323 0.596759 0.502901 0.597953 0.501696 0.599018 0.500890 0.599792 0.500607 0.600157
0 0.829114 0.616735 0.831805 0.622044 0.832321 0.622460 0.833399 0.623193 0.834875 0.624134 0.848491 0.632611 0.850146 0.633619 0.851733 0.634544 0.853014 0.635247 0.853792 0.635620 0.860403 0.635195 0.870669 0.618704 0.843185 0.601595 0.839262 0.600433
0 0.820116 0.262607 0.851733 0.268055 0.856637 0.264821 0.859398 0.248793 0.827341 0.243269 0.822840 0.246799
0 0.259388 0.114890 0.262138 0.119292 0.286550 0.139989 0.298968 0.125342 0.297569 0.118498 0.297021 0.117756 0.295993 0.116649 0.294641 0.115345 0.293173 0.114045 0.280855 0.103601 0.279498 0.102506 0.278466 0.101789 0.277915 0.101557 0.271950 0.100074
0 0.162520 0.452418 0.166377 0.452962 0.185579 0.453201 0.187648 0.449455 0.188010 0.448468 0.188262 0.446945 0.188366 0.445118 0.188566 0.429080 0.188508 0.427220 0.188295 0.425603 0.187960 0.424474 0.185978 0.421199 0.182347 0.420288 0.162924 0.420046
0 0.566401 0.746934 0.567954 0.752711 0.585922 0.760670 0.590176 0.757582 0.590708 0.756904 0.591421 0.755645 0.592205 0.753998 0.592940 0.752216 0.593513 0.750572 0.593836 0.749319 0.593861 0.748646 0.592782 0.745788 0.590439 0.740080 0.572882 0.732303
0 0.079819 0.064818 0.092873 0.079508 0.102180 0.089121 0.114142 0.078492 0.101387 0.064137 0.092061 0.053940 0.087614 0.055966 0.086113 0.056684 0.084600 0.057812 0.083309 0.059176 0.082438 0.060565
0 0.511447 0.434519 0.526559 0.439782 0.527180 0.438373 0.533644 0.419815 0.531512 0.415943 0.531202 0.415708 0.530235 0.415263 0.528757 0.414676 0.526993 0.414036 0.525215 0.413442 0.523696 0.412986 0.522668 0.412735 0.522287 0.412730 0.518179 0.414428 0.511715 0.432987
0 0.832693 0.813459 0.836540 0.817084 0.867287 0.827220 0.873369 0.808772 0.869236 0.802741 0.868401 0.802227 0.866998 0.801563 0.865242 0.800850 0.863397 0.800194 0.848165 0.795173 0.846507 0.794673 0.845281 0.794404 0.844674 0.794405 0.838705 0.795222
0 0.221658 0.844411 0.226800 0.847305 0.228168 0.847776 0.229956 0.848113 0.231887 0.848264 0.233665 0.848207 0.235019 0.847950 0.237896 0.846542 0.243887 0.838620 0.246386 0.819581 0.230520 0.817498 0.224216 0.824926
0 0.060496 0.309170 0.070089 0.326061 0.075003 0.328049 0.077048 0.328445 0.077925 0.328490 0.079304 0.328166 0.080975 0.327523 0.082686 0.326658 0.096632 0.318737 0.098129 0.317780 0.099187 0.316873 0.102833 0.312243 0.093349 0.295546 0.088647 0.293182
0 0.858784 0.574053 0.858932 0.575150 0.859788 0.579102 0.878419 0.583750 0.882795 0.584719 0.890631 0.553307 0.871784 0.548605 0.867535 0.548049 0.864979 0.550910 0.864319 0.551866 0.863670 0.553343 0.863129 0.555115 0.859246 0.570677 0.858895 0.572483
0 0.773142 0.564029 0.776300 0.564769 0.808497 0.568162 0.810532 0.548844 0.805943 0.544845 0.805905 0.544825 0.805137 0.544727 0.803757 0.544568 0.801978 0.544371 0.800068 0.544166 0.784117 0.542486 0.782360 0.542304 0.781017 0.542172 0.780291 0.542109 0.775154 0.544932
0 0.128676 0.432884 0.140102 0.448872 0.148330 0.450041 0.161349 0.440737 0.150184 0.425114 0.141999 0.423362 0.139420 0.422886 0.138635 0.422999 0.137362 0.423529 0.135793 0.424395 0.134170 0.425466 0.132742 0.426576 0.131728 0.427555 0.131283 0.428254
0 0.219939 0.380979 0.244319 0.402395 0.247826 0.403734 0.258387 0.391711 0.234341 0.370589 0.230647 0.368790
0 0.638396 0.234021 0.650143 0.249212 0.655729 0.248614 0.656382 0.248256 0.657500 0.247488 0.658916 0.246428 0.671604 0.236617 0.673106 0.235421 0.674471 0.234268 0.675493 0.233332 0.676015 0.232755 0.677490 0.226508 0.665607 0.211142 0.639996 0.230946
0 0.934320 0.935871 0.939342 0.940910 0.969287 0.953214 0.976670 0.935247 0.972536 0.928785 0.972253 0.928359 0.971291 0.927655 0.969799 0.926781 0.968005 0.925869 0.966179 0.925058 0.951343 0.918962 0.949758 0.918372 0.948648 0.918090 0.941619 0.918109
0 0.754588 0.948183 0.754721 0.950079 0.754967 0.951626 0.755289 0.952589 0.760083 0.958568 0.779495 0.959285 0.780690 0.926933 0.777482 0.922053 0.758292 0.921344 0.755565 0.927227 0.755316 0.928469 0.755182 0.930197 0.754590 0.946225
0 0.776748 0.344433 0.776907 0.349849 0.793955 0.358687 0.800832 0.355381 0.808369 0.340842 0.790923 0.331797 0.784661 0.334074 0.781388 0.335981 0.780848 0.336523 0.780054 0.337633 0.779127 0.339140 0.778207 0.340817 0.777432 0.342410 0.776919 0.343680
0 0.620281 0.210832 0.622642 0.214151 0.623454 0.214906 0.624781 0.215770 0.626422 0.216613 0.640997 0.223307 0.642708 0.224003 0.644234 0.224449 0.645345 0.224578 0.649365 0.224189 0.651092 0.220999 0.659199 0.203347 0.629778 0.189836 0.621672 0.207488
0 0.459043 0.124632 0.459511 0.128922 0.474703 0.157091 0.491605 0.147976 0.493039 0.141495 0.492855 0.140698 0.492349 0.139371 0.491597 0.137718 0.490715 0.135991 0.483048 0.121776 0.482173 0.120244 0.481441 0.119147 0.480964 0.118651 0.476139 0.115411
0 0.850951 0.953235 0.855844 0.959554 0.869279 0.968722 0.887615 0.941852 0.882285 0.935777 0.869035 0.926735
0 0.032382 0.499564 0.032407 0.501107 0.032732 0.502929 0.033305 0.504749 0.034039 0.506287 0.034821 0.507310 0.036978 0.510053 0.047563 0.509823 0.066207 0.505226 0.062376 0.489689 0.052138 0.489448 0.033057 0.494152
0 0.257891 0.531564 0.281516 0.553809 0.284513 0.553071 0.295483 0.541421 0.272183 0.519481 0.269014 0.519751
0 0.770697 0.460529 0.770782 0.461508 0.772172 0.465873 0.790953 0.469876 0.794317 0.469527 0.801065 0.437864 0.782067 0.433815 0.778843 0.434572 0.776430 0.436631 0.775989 0.437073 0.775463 0.438165 0.774932 0.439738 0.774477 0.441555 0.771134 0.457242 0.770821 0.459032
0 0.440726 0.423521 0.441541 0.424572 0.452190 0.436570 0.476184 0.415273 0.475852 0.414092 0.465055 0.401927
