0 0.456471 0.107694 0.456571 0.108968 0.457563 0.117907 0.458130 0.119020 0.459080 0.119831 0.467845 0.124515 0.468918 0.125057 0.470491 0.125521 0.472328 0.125836 0.488255 0.127724 0.490081 0.127844 0.491625 0.127750 0.502829 0.125019 0.503941 0.124452 0.504753 0.123503 0.505139 0.122315 0.505259 0.113479 0.505159 0.112205 0.504579 0.111066 0.503607 0.110236 0.502392 0.109841 0.460109 0.104827 0.458835 0.104927 0.457696 0.105507 0.456866 0.106479
0 0.595686 0.121076 0.595900 0.122286 0.597793 0.128497 0.610771 0.157916 0.613787 0.162834 0.614425 0.163556 0.615031 0.163846 0.642743 0.153268 0.643245 0.153073 0.643552 0.152430 0.643614 0.151436 0.643423 0.150243 0.643007 0.149034 0.626140 0.110798 0.625566 0.109763 0.624924 0.109068 0.624313 0.108819 0.596447 0.119156 0.595981 0.119382 0.595714 0.120057
0 0.737489 0.534644 0.737514 0.534835 0.758621 0.558991 0.759032 0.558882 0.759749 0.558467 0.760664 0.557810 0.765572 0.553899 0.789811 0.532719 0.793985 0.528694 0.794624 0.527994 0.794929 0.527515 0.794854 0.527330 0.773747 0.503175 0.773324 0.503333 0.772598 0.503787 0.771681 0.504468 0.770711 0.505273 0.739381 0.532650 0.738500 0.533461 0.737836 0.534162
0 0.617217 0.730037 0.626286 0.761446 0.626498 0.761457 0.627150 0.761334 0.628142 0.761097 0.633935 0.759586 0.664907 0.750947 0.670831 0.749190 0.671873 0.748860 0.672599 0.748598 0.672900 0.748444 0.663562 0.717111 0.663382 0.717063 0.662758 0.717153 0.661785 0.717369 0.660611 0.717677 0.620357 0.728904 0.619168 0.729256 0.618154 0.729594 0.617469 0.729869
0 0.664886 0.944444 0.665202 0.945008 0.665815 0.945835 0.666630 0.946798 0.667524 0.947751 0.696907 0.977478 0.697737 0.978269 0.698372 0.978773 0.698713 0.978911 0.721548 0.956342 0.721525 0.956115 0.721159 0.955542 0.720507 0.954710 0.719668 0.953746 0.718769 0.952796 0.689520 0.923206 0.688692 0.922408 0.688056 0.921879 0.687707 0.921698 0.664913 0.944228
0 0.577543 0.653705 0.596625 0.679490 0.596907 0.679502 0.597539 0.679221 0.598425 0.678690 0.603427 0.675322 0.629300 0.656173 0.633994 0.652366 0.634765 0.651671 0.635225 0.651144 0.635302 0.650866 0.616219 0.625081 0.615922 0.625117 0.615278 0.625437 0.614386 0.625993 0.613381 0.626699 0.579938 0.651450 0.578967 0.652205 0.578171 0.652899 0.577671 0.653426
0 0.781484 0.397281 0.781686 0.397916 0.782162 0.398803 0.782838 0.399808 0.807483 0.433329 0.808262 0.434304 0.809031 0.435109 0.809672 0.435621 0.810088 0.435761 0.835933 0.416760 0.836083 0.416490 0.835920 0.415866 0.835470 0.414984 0.832325 0.409989 0.813258 0.384055 0.809259 0.379333 0.808487 0.378553 0.807845 0.378082 0.807431 0.377993 0.781586 0.396994
0 0.942095 0.742252 0.942142 0.743518 0.942335 0.744678 0.942646 0.745554 0.943029 0.746013 0.975096 0.746809 0.975519 0.746781 0.975891 0.746268 0.976153 0.745349 0.976267 0.744161 0.977304 0.702377 0.977251 0.701112 0.977039 0.699970 0.976701 0.699125 0.976289 0.698707 0.944222 0.697911 0.943826 0.697982 0.943480 0.698529 0.943234 0.699469 0.943127 0.700658
0 0.128674 0.066919 0.128892 0.067672 0.129374 0.068699 0.130047 0.069844 0.133822 0.075490 0.153330 0.101051 0.156935 0.105074 0.157543 0.105607 0.157929 0.105718 0.184556 0.089177 0.184683 0.088835 0.184513 0.088103 0.184072 0.087094 0.183427 0.085959 0.182676 0.084874 0.157322 0.051653 0.156584 0.050788 0.155978 0.050283 0.155595 0.050213 0.128753 0.066555
0 0.896540 0.411774 0.896688 0.412445 0.897267 0.413213 0.901534 0.417074 0.928277 0.434926 0.934127 0.437820 0.935304 0.438223 0.936346 0.438347 0.937095 0.438172 0.937437 0.437724 0.952157 0.412246 0.952050 0.411578 0.951498 0.410810 0.950585 0.410061 0.915828 0.386857 0.914700 0.386245 0.913536 0.385867 0.912514 0.385781 0.911789 0.386000 0.911471 0.386489
0 0.629588 0.909150 0.629697 0.910189 0.629985 0.911420 0.630408 0.912654 0.645988 0.951432 0.646479 0.952474 0.646960 0.953158 0.647357 0.953380 0.677208 0.944367 0.677437 0.944099 0.677483 0.943377 0.677339 0.942311 0.677027 0.941063 0.674977 0.934707 0.662990 0.904870 0.660505 0.899939 0.660030 0.899228 0.659641 0.898966 0.629942 0.908226 0.629674 0.908461
0 0.250808 0.441662 0.250852 0.441883 0.273187 0.464908 0.273560 0.464769 0.274227 0.464311 0.275084 0.463606 0.276002 0.462760 0.305866 0.433791 0.306712 0.432926 0.307362 0.432170 0.307717 0.431635 0.307724 0.431406 0.285389 0.408381 0.285025 0.408470 0.284365 0.408887 0.283509 0.409568 0.278873 0.413668 0.255768 0.436080 0.251747 0.440378 0.251123 0.441133
0 0.026514 0.683784 0.055069 0.700000 0.055354 0.699711 0.055866 0.699038 0.056526 0.698084 0.079768 0.663352 0.080472 0.662268 0.081108 0.661226 0.081579 0.660386 0.081812 0.659875 0.081774 0.659770 0.053423 0.643349 0.053138 0.643679 0.052627 0.644380 0.049445 0.648966 0.031562 0.675689 0.027978 0.681212 0.027316 0.682266 0.026804 0.683125 0.026523 0.683658
0 0.683221 0.665677 0.683270 0.666937 0.685955 0.708641 0.686065 0.709830 0.686217 0.710757 0.686390 0.711283 0.686556 0.711328 0.718795 0.710549 0.718903 0.710105 0.718963 0.709239 0.718966 0.708084 0.718762 0.701747 0.716696 0.669659 0.716118 0.663858 0.715979 0.662905 0.715828 0.662343 0.715685 0.662256 0.683464 0.663314 0.683327 0.663716 0.683241 0.664546
0 0.660917 0.467587 0.661139 0.468216 0.661571 0.469135 0.662146 0.470206 0.682637 0.506416 0.683272 0.507484 0.683875 0.508391 0.684354 0.509002 0.684636 0.509223 0.712553 0.493424 0.712620 0.493206 0.712435 0.492594 0.712027 0.491683 0.709323 0.486398 0.693470 0.458384 0.690233 0.453172 0.689625 0.452288 0.689141 0.451718 0.688855 0.451548 0.660938 0.467346
0 0.548718 0.329197 0.548754 0.330060 0.548947 0.330521 0.579361 0.337719 0.579657 0.337702 0.580037 0.337214 0.580442 0.336331 0.582376 0.330821 0.590802 0.299790 0.592056 0.293561 0.592204 0.292407 0.592200 0.291514 0.592043 0.291017 0.561556 0.284090 0.561245 0.284061 0.560853 0.284509 0.560440 0.285365 0.560068 0.286500 0.549117 0.326830 0.548845 0.328063
0 0.441239 0.138798 0.441337 0.139803 0.441647 0.140997 0.443855 0.147142 0.457434 0.176288 0.460363 0.181170 0.460945 0.181889 0.461451 0.182181 0.489785 0.170918 0.490160 0.170729 0.490329 0.170097 0.490267 0.169117 0.489981 0.167939 0.489515 0.166741 0.471867 0.128860 0.471296 0.127834 0.470711 0.127142 0.470200 0.126891 0.441703 0.137917 0.441367 0.138135
0 0.732856 0.829353 0.734190 0.861479 0.735209 0.867979 0.735542 0.869194 0.736004 0.870148 0.736527 0.870696 0.737030 0.870754 0.766700 0.867322 0.767125 0.866880 0.767386 0.866008 0.767442 0.864838 0.765708 0.823083 0.765550 0.821802 0.765204 0.820613 0.764722 0.819698 0.764178 0.819196 0.763655 0.819182 0.734018 0.822328 0.733615 0.822804 0.733370 0.823699
0 0.478764 0.608965 0.479043 0.609727 0.479629 0.610653 0.480434 0.611601 0.509412 0.641713 0.510308 0.642533 0.511152 0.643094 0.511816 0.643310 0.512198 0.643150 0.534765 0.622333 0.534789 0.621836 0.534469 0.621063 0.533855 0.620130 0.529951 0.615290 0.507655 0.592121 0.503125 0.588196 0.502275 0.587608 0.501602 0.587350 0.501209 0.587464 0.478836 0.608482
0 0.234691 0.666402 0.234862 0.667026 0.235280 0.667227 0.262638 0.680021 0.263221 0.679758 0.263901 0.679081 0.264573 0.678095 0.267599 0.672441 0.279774 0.642681 0.281355 0.637077 0.281482 0.636109 0.281345 0.635461 0.280963 0.635231 0.253499 0.622697 0.252911 0.622910 0.252226 0.623543 0.251549 0.624501 0.250984 0.625638 0.235160 0.664317 0.234796 0.665451
0 0.013321 0.325345 0.013340 0.325497 0.040663 0.345546 0.040958 0.345295 0.041507 0.344697 0.042226 0.343844 0.043006 0.342866 0.068529 0.310008 0.069256 0.309046 0.069825 0.308241 0.070149 0.307716 0.070179 0.307550 0.043026 0.287280 0.042731 0.287483 0.042179 0.288044 0.041453 0.288878 0.040665 0.289858 0.014879 0.323053 0.014154 0.324023 0.013607 0.324827
0 0.502201 0.785701 0.502460 0.792142 0.502600 0.793333 0.502841 0.794253 0.503146 0.794760 0.503469 0.794777 0.534496 0.794154 0.534808 0.793679 0.535037 0.792785 0.535147 0.791607 0.536601 0.749841 0.536576 0.748568 0.536419 0.747400 0.536155 0.746518 0.535824 0.746054 0.504830 0.746396 0.504507 0.746421 0.504216 0.746931 0.504002 0.747850 0.503320 0.753566
0 0.741936 0.704725 0.742156 0.705293 0.742737 0.706064 0.743592 0.706921 0.744590 0.707732 0.778316 0.732410 0.779298 0.733047 0.780109 0.733409 0.780624 0.733440 0.800707 0.709580 0.800832 0.709295 0.800561 0.708721 0.799936 0.707945 0.799052 0.707086 0.794059 0.702869 0.768110 0.683882 0.763286 0.680916 0.762466 0.680528 0.761936 0.680458 0.742111 0.704446
0 0.090289 0.334300 0.111282 0.360086 0.111333 0.360069 0.111768 0.359760 0.112521 0.359207 0.113476 0.358495 0.146906 0.333416 0.147913 0.332657 0.148810 0.331972 0.149462 0.331465 0.149769 0.331214 0.129000 0.305260 0.128674 0.305490 0.128003 0.305981 0.127090 0.306657 0.126074 0.307417 0.092449 0.332641 0.091492 0.333362 0.090745 0.333931 0.090323 0.334260
0 0.350589 0.561051 0.350742 0.561792 0.351224 0.562723 0.351962 0.563700 0.379475 0.595156 0.380352 0.596026 0.381228 0.596648 0.381969 0.596930 0.382463 0.596828 0.405280 0.576836 0.405433 0.576381 0.405240 0.575627 0.404731 0.574689 0.401219 0.569729 0.380050 0.545526 0.375554 0.541330 0.374673 0.540679 0.373924 0.540356 0.373421 0.540410 0.350787 0.560612
0 0.442446 0.419996 0.442578 0.420280 0.471125 0.433678 0.471483 0.433529 0.471992 0.432957 0.472573 0.432051 0.473137 0.430946 0.490556 0.392959 0.491014 0.391833 0.491293 0.390865 0.491351 0.390201 0.491179 0.389944 0.462748 0.376291 0.462395 0.376490 0.461892 0.377105 0.461315 0.378040 0.458417 0.383504 0.445015 0.412732 0.442843 0.418325 0.442540 0.419309
0 0.580780 0.412297 0.580812 0.412752 0.606233 0.431009 0.606539 0.431059 0.607092 0.430709 0.607809 0.430013 0.611682 0.425545 0.631007 0.399846 0.634444 0.394592 0.634997 0.393600 0.635304 0.392806 0.635318 0.392332 0.609728 0.374298 0.609427 0.374201 0.608877 0.374509 0.608163 0.375176 0.607392 0.376101 0.582276 0.409502 0.581572 0.410538 0.581046 0.411519
0 0.600111 0.355576 0.600383 0.355801 0.601095 0.356077 0.602139 0.356364 0.603357 0.356616 0.644501 0.363939 0.645698 0.364117 0.646685 0.364192 0.647311 0.364154 0.647480 0.364007 0.653808 0.332480 0.653490 0.332274 0.652737 0.332013 0.651666 0.331738 0.645594 0.330433 0.613937 0.324798 0.608034 0.323972 0.607026 0.323877 0.606369 0.323887 0.606164 0.324000
0 0.122239 0.759434 0.122311 0.759620 0.122711 0.760136 0.123377 0.760903 0.124208 0.761804 0.153079 0.792355 0.153942 0.793247 0.154702 0.793988 0.155240 0.794465 0.155477 0.794606 0.180027 0.771585 0.179906 0.771390 0.179468 0.770870 0.178782 0.770106 0.177950 0.769212 0.149373 0.738973 0.148517 0.738080 0.147762 0.737319 0.147222 0.736805 0.146980 0.736616
0 0.826077 0.871488 0.826233 0.903642 0.827148 0.910218 0.827487 0.911460 0.827991 0.912455 0.828583 0.913051 0.829174 0.913157 0.858338 0.910618 0.858855 0.910216 0.859199 0.909370 0.859315 0.908209 0.859112 0.866418 0.858983 0.865127 0.858630 0.863909 0.858106 0.862953 0.857491 0.862402 0.856880 0.862340 0.827758 0.864595 0.827261 0.865031 0.826933 0.865900
0 0.323017 0.648000 0.323073 0.648093 0.352334 0.661237 0.352563 0.660873 0.352957 0.660120 0.353456 0.659094 0.353983 0.657949 0.371030 0.619995 0.371510 0.618899 0.371872 0.618010 0.372061 0.617464 0.372049 0.617344 0.342788 0.604201 0.342549 0.604515 0.342147 0.605228 0.341641 0.606232 0.341109 0.607373 0.323984 0.645500 0.323510 0.646597 0.323171 0.647475
0 0.526162 0.326105 0.526333 0.326825 0.526857 0.327712 0.527655 0.328632 0.557333 0.358032 0.558277 0.358838 0.559220 0.359403 0.560016 0.359642 0.560544 0.359517 0.581392 0.337618 0.581558 0.337162 0.581349 0.336430 0.580797 0.335532 0.579986 0.334605 0.550110 0.305009 0.549158 0.304189 0.548204 0.303595 0.547393 0.303317 0.546849 0.303399 0.526370 0.325663
0 0.125125 0.467639 0.125310 0.473618 0.128929 0.505602 0.130100 0.511609 0.130402 0.512639 0.130755 0.513321 0.131106 0.513552 0.162981 0.509945 0.163249 0.509694 0.163420 0.508997 0.163470 0.507960 0.163391 0.506742 0.158713 0.465400 0.158516 0.464177 0.158230 0.463127 0.157898 0.462409 0.157570 0.462133 0.125696 0.465740 0.125395 0.465953 0.125194 0.466620
0 0.771891 0.320677 0.788604 0.348024 0.788649 0.348018 0.789111 0.347757 0.789921 0.347281 0.790955 0.346661 0.792056 0.345992 0.827720 0.324196 0.828712 0.323585 0.829438 0.323130 0.829787 0.322898 0.813044 0.295503 0.812683 0.295714 0.811949 0.296156 0.807191 0.299047 0.779726 0.315832 0.774192 0.319232 0.773166 0.319865 0.772369 0.320362 0.771922 0.320647
0 0.589411 0.910023 0.589627 0.910180 0.616198 0.928201 0.616676 0.927944 0.617319 0.927294 0.618030 0.926350 0.641491 0.891758 0.642157 0.890672 0.642671 0.889615 0.642956 0.888749 0.642967 0.888206 0.616419 0.870201 0.616180 0.870078 0.615705 0.870378 0.615064 0.871054 0.614357 0.872003 0.591003 0.906436 0.590331 0.907521 0.589793 0.908583 0.589470 0.909461
0 0.464450 0.355536 0.464508 0.356524 0.464678 0.357141 0.464934 0.357293 0.496034 0.361087 0.496362 0.360755 0.496688 0.359987 0.496961 0.358898 0.497139 0.357655 0.501137 0.316056 0.501193 0.314857 0.501118 0.313892 0.500922 0.313308 0.500637 0.313194 0.469564 0.309122 0.469257 0.309499 0.468950 0.310307 0.468690 0.311421 0.467686 0.317644 0.464610 0.349651
0 0.763155 0.911555 0.763366 0.911887 0.763969 0.912455 0.768196 0.915930 0.793930 0.935209 0.799438 0.939028 0.800524 0.939725 0.801459 0.940251 0.802099 0.940525 0.802347 0.940505 0.819227 0.913096 0.819057 0.912766 0.818481 0.912199 0.817587 0.911481 0.784141 0.886425 0.783072 0.885671 0.781996 0.885001 0.781079 0.884517 0.780460 0.884292 0.780232 0.884359
