0 0.469952 0.700141 0.470163 0.700372 0.470820 0.700679 0.471821 0.701014 0.477687 0.702649 0.509044 0.709921 0.514927 0.711011 0.515935 0.711141 0.516601 0.711141 0.516825 0.711011 0.524071 0.679762 0.523812 0.679550 0.523118 0.679260 0.522095 0.678936 0.520898 0.678629 0.480368 0.669230 0.479171 0.668982 0.478149 0.668831 0.477456 0.668800 0.477198 0.668893
0 0.745755 0.330131 0.745781 0.331334 0.747336 0.373095 0.747402 0.374344 0.747497 0.375439 0.747607 0.376215 0.747715 0.376552 0.780352 0.374673 0.780415 0.374523 0.780450 0.373906 0.780451 0.372917 0.780333 0.367012 0.779136 0.334880 0.778802 0.328629 0.778721 0.327509 0.778633 0.326695 0.778551 0.326314 0.745924 0.328472 0.745833 0.328582 0.745773 0.329164
0 0.420900 0.506347 0.435529 0.533926 0.435833 0.534118 0.436526 0.534059 0.437504 0.533755 0.438616 0.533254 0.475796 0.514174 0.476867 0.513555 0.477725 0.512916 0.478240 0.512356 0.478335 0.511958 0.463955 0.484252 0.463625 0.484100 0.462910 0.484196 0.461918 0.484524 0.456368 0.486893 0.427761 0.501574 0.422489 0.504759 0.421602 0.505395 0.421044 0.505953
0 0.210587 0.787373 0.210684 0.787815 0.223999 0.814953 0.224544 0.815163 0.225444 0.815087 0.226561 0.814736 0.265306 0.799074 0.266463 0.798505 0.267476 0.797808 0.268190 0.797090 0.268497 0.796459 0.268352 0.796013 0.255317 0.768810 0.254747 0.768634 0.253832 0.768733 0.248359 0.770224 0.218548 0.782275 0.212743 0.785342 0.211702 0.786034 0.210944 0.786747
0 0.129209 0.149203 0.129433 0.150012 0.129969 0.151029 0.152079 0.186492 0.152841 0.187557 0.153708 0.188498 0.154548 0.189174 0.155233 0.189482 0.155659 0.189374 0.180131 0.171068 0.180216 0.170574 0.179967 0.169754 0.177570 0.164792 0.160559 0.137507 0.156520 0.132146 0.155652 0.131175 0.154810 0.130454 0.154121 0.130095 0.153692 0.130153 0.129331 0.148726
0 0.818899 0.588704 0.819194 0.589170 0.819915 0.589723 0.824813 0.592558 0.854036 0.605971 0.860194 0.608210 0.861391 0.608539 0.862397 0.608669 0.863059 0.608581 0.863276 0.608289 0.874136 0.579428 0.873882 0.578956 0.873187 0.578400 0.872158 0.577844 0.834177 0.560411 0.832977 0.559944 0.831796 0.559639 0.830815 0.559545 0.830184 0.559674 0.829997 0.560006
0 0.695921 0.730039 0.696044 0.730964 0.697571 0.736474 0.709323 0.766404 0.712242 0.772216 0.712890 0.773256 0.713545 0.774008 0.714106 0.774356 0.714489 0.774248 0.742167 0.761309 0.742331 0.760753 0.742230 0.759844 0.741879 0.758720 0.726605 0.719820 0.726060 0.718661 0.725406 0.717649 0.724746 0.716941 0.724178 0.716643 0.723789 0.716799 0.696052 0.729458
0 0.849541 0.512536 0.849694 0.512798 0.879037 0.526475 0.879429 0.526306 0.879974 0.525719 0.880591 0.524802 0.881184 0.523695 0.899413 0.485704 0.899890 0.484581 0.900173 0.483623 0.900219 0.482976 0.900021 0.482739 0.870627 0.469070 0.870243 0.469289 0.869706 0.469918 0.869097 0.470861 0.866061 0.476330 0.852155 0.505382 0.849928 0.510906 0.849624 0.511871
0 0.824828 0.909694 0.825035 0.910430 0.825536 0.911421 0.826254 0.912515 0.827081 0.913545 0.854856 0.944770 0.855660 0.945573 0.856313 0.946020 0.856715 0.946045 0.882135 0.927870 0.882205 0.927481 0.881948 0.926727 0.881405 0.925722 0.880658 0.924619 0.876496 0.919242 0.855125 0.895217 0.851203 0.891506 0.850546 0.891031 0.850138 0.890967 0.824946 0.909323
0 0.668520 0.358819 0.668560 0.360067 0.669075 0.361205 0.669985 0.362059 0.671154 0.362500 0.682487 0.364840 0.683300 0.364755 0.684685 0.364502 0.686430 0.364120 0.702052 0.360488 0.703899 0.360035 0.705573 0.359577 0.706821 0.359183 0.707452 0.358914 0.719073 0.349073 0.719947 0.348140 0.720398 0.346945 0.720357 0.345667 0.719830 0.344503 0.718898 0.343629 0.717703 0.343178 0.716425 0.343219 0.674952 0.352861 0.673788 0.353388 0.669815 0.356739 0.668961 0.357650
0 0.298083 0.716100 0.298179 0.716686 0.325439 0.730903 0.325770 0.731059 0.326303 0.730767 0.326958 0.730074 0.327634 0.729086 0.330790 0.723478 0.344124 0.694218 0.346012 0.688758 0.346211 0.687825 0.346150 0.687216 0.345837 0.687023 0.318482 0.673071 0.317945 0.673312 0.317286 0.673962 0.316606 0.674922 0.316008 0.676045 0.298678 0.714073 0.298259 0.715182
0 0.920091 0.817304 0.943953 0.841859 0.944297 0.841755 0.944947 0.841330 0.945805 0.840648 0.946738 0.839811 0.977316 0.810970 0.978178 0.810113 0.978830 0.809372 0.979174 0.808860 0.979157 0.808654 0.955092 0.784291 0.954741 0.784443 0.954089 0.784905 0.953236 0.785608 0.952311 0.786445 0.922044 0.814993 0.921181 0.815842 0.920508 0.816579 0.920125 0.817092
0 0.780809 0.848533 0.795242 0.879032 0.795590 0.878971 0.796335 0.878718 0.797363 0.878310 0.798516 0.877810 0.836854 0.860574 0.837951 0.860062 0.838816 0.859619 0.839317 0.859312 0.839379 0.859189 0.824691 0.828804 0.824320 0.828907 0.823561 0.829195 0.822531 0.829622 0.821384 0.830125 0.783437 0.847185 0.782343 0.847690 0.781459 0.848123 0.780920 0.848420
0 0.443214 0.815614 0.455863 0.845092 0.456049 0.845299 0.456656 0.845281 0.457593 0.845042 0.458716 0.844617 0.497126 0.828135 0.498257 0.827593 0.499216 0.827019 0.499856 0.826501 0.500081 0.826118 0.487431 0.796640 0.487218 0.796476 0.486590 0.796530 0.485642 0.796792 0.484519 0.797224 0.446285 0.813630 0.445149 0.814168 0.444167 0.814733 0.443488 0.815241
0 0.885948 0.866469 0.886147 0.866990 0.912443 0.885362 0.912945 0.885500 0.913651 0.885216 0.914454 0.884553 0.918474 0.880095 0.936909 0.853708 0.939798 0.848280 0.940176 0.847252 0.940247 0.846423 0.940001 0.845919 0.913705 0.827547 0.913203 0.827460 0.912499 0.827786 0.911699 0.828475 0.910926 0.829422 0.887097 0.863528 0.886463 0.864595 0.886060 0.865628
0 0.613836 0.941047 0.616765 0.973068 0.617932 0.979668 0.618259 0.980924 0.618671 0.981944 0.619104 0.982571 0.619494 0.982710 0.649741 0.977091 0.650047 0.976717 0.650199 0.975893 0.650173 0.974742 0.646367 0.933125 0.646169 0.931833 0.645829 0.930603 0.645399 0.929624 0.644946 0.929044 0.644537 0.928952 0.614312 0.934282 0.614031 0.934688 0.613896 0.935534
0 0.903637 0.675273 0.925346 0.700780 0.925709 0.700555 0.926403 0.700058 0.927323 0.699366 0.928328 0.698584 0.961299 0.672512 0.962230 0.671764 0.962938 0.671169 0.963315 0.670818 0.963305 0.670764 0.941377 0.645430 0.941004 0.645701 0.940305 0.646232 0.939387 0.646943 0.938391 0.647726 0.905755 0.673532 0.904824 0.674273 0.904095 0.674864 0.903678 0.675215
0 0.765682 0.378248 0.765687 0.378304 0.772336 0.409657 0.772813 0.409580 0.773693 0.409409 0.774844 0.409171 0.815545 0.400540 0.816798 0.400269 0.817971 0.400004 0.818887 0.399785 0.819406 0.399647 0.819447 0.399610 0.812787 0.368202 0.812339 0.368248 0.811474 0.368399 0.805958 0.369482 0.774470 0.376159 0.768186 0.377578 0.767033 0.377855 0.766154 0.378091
0 0.390712 0.752077 0.391048 0.752175 0.391823 0.752261 0.392918 0.752323 0.399105 0.752513 0.431258 0.752759 0.437235 0.752661 0.438251 0.752615 0.438907 0.752540 0.439103 0.752446 0.439691 0.719949 0.439398 0.719824 0.438660 0.719715 0.437589 0.719637 0.436349 0.719603 0.394559 0.719284 0.393347 0.719299 0.392354 0.719361 0.391734 0.719461 0.391579 0.719582
0 0.479795 0.855431 0.479898 0.861745 0.479959 0.863037 0.480065 0.864211 0.480201 0.865091 0.480346 0.865541 0.512218 0.863936 0.512377 0.863886 0.512497 0.863345 0.512560 0.862395 0.513596 0.825296 0.513593 0.824068 0.513523 0.822773 0.513397 0.821611 0.513234 0.820759 0.513059 0.820345 0.480922 0.821834 0.480788 0.821921 0.480689 0.822495 0.480368 0.826947
0 0.739201 0.101553 0.739234 0.102778 0.739371 0.104058 0.745451 0.145218 0.745673 0.146368 0.745946 0.147220 0.746230 0.147646 0.777936 0.142962 0.778216 0.142891 0.778424 0.142336 0.778530 0.141380 0.778516 0.140170 0.777999 0.133698 0.773296 0.101855 0.772050 0.096395 0.771762 0.095565 0.771458 0.095177 0.739697 0.099868 0.739451 0.099978 0.739277 0.100570
0 0.249626 0.436138 0.266117 0.463657 0.266282 0.463778 0.266850 0.463644 0.267735 0.463275 0.268802 0.462726 0.305356 0.442471 0.306435 0.441830 0.307354 0.441200 0.307974 0.440675 0.308201 0.440336 0.291955 0.412682 0.291767 0.412603 0.291179 0.412775 0.290281 0.413169 0.285028 0.415806 0.256903 0.431391 0.251516 0.434650 0.250567 0.435279 0.249904 0.435801
0 0.677122 0.972407 0.677207 0.973201 0.691044 0.997719 0.691569 0.998297 0.692444 0.998553 0.693536 0.998448 0.694679 0.997998 0.731369 0.977990 0.732380 0.977266 0.733099 0.976383 0.733417 0.975476 0.733285 0.974684 0.719693 0.950032 0.719141 0.949493 0.718244 0.949271 0.717137 0.949400 0.711321 0.951313 0.683091 0.966707 0.678228 0.970618 0.677481 0.971500
0 0.348100 0.369697 0.348155 0.369936 0.348681 0.370228 0.349601 0.370531 0.350773 0.370796 0.391849 0.378494 0.393088 0.378681 0.394196 0.378759 0.395004 0.378716 0.395390 0.378560 0.400534 0.347169 0.400435 0.346948 0.399869 0.346671 0.398923 0.346380 0.393188 0.345003 0.361584 0.339079 0.355363 0.338216 0.354234 0.338118 0.353393 0.338132 0.352969 0.338254
0 0.322955 0.570731 0.323059 0.571064 0.323493 0.571693 0.324190 0.572523 0.328355 0.577050 0.351038 0.599839 0.355455 0.603933 0.356247 0.604600 0.356823 0.604985 0.357095 0.605029 0.379919 0.582525 0.379864 0.582203 0.379473 0.581584 0.378803 0.580760 0.377959 0.579858 0.348477 0.550239 0.347591 0.549402 0.346805 0.548764 0.346238 0.548421 0.345977 0.548425
0 0.608316 0.458124 0.608420 0.459162 0.608679 0.459858 0.609052 0.460104 0.639249 0.463962 0.639704 0.463725 0.640147 0.463038 0.640511 0.462005 0.640739 0.460784 0.645624 0.419280 0.645682 0.418065 0.645560 0.417049 0.645276 0.416387 0.644874 0.416179 0.614709 0.412043 0.614273 0.412325 0.613848 0.413051 0.613496 0.414110 0.612179 0.420177 0.608421 0.452111
0 0.897989 0.430575 0.898402 0.430903 0.899186 0.431407 0.900223 0.432010 0.901355 0.432619 0.938456 0.451854 0.939502 0.452373 0.940297 0.452720 0.940719 0.452842 0.957662 0.424827 0.957633 0.424728 0.957168 0.424403 0.956339 0.423902 0.955272 0.423302 0.949530 0.420200 0.920984 0.405400 0.915927 0.402904 0.915119 0.402533 0.914678 0.402375 0.898011 0.430471
0 0.604526 0.249903 0.604591 0.250817 0.604937 0.251920 0.607568 0.257642 0.624375 0.285055 0.628101 0.289702 0.628859 0.290400 0.629542 0.290706 0.630046 0.290574 0.655758 0.275560 0.656026 0.274999 0.655999 0.274106 0.655678 0.273016 0.655114 0.271897 0.633271 0.236269 0.632553 0.235297 0.631795 0.234628 0.631112 0.234363 0.630610 0.234542 0.604752 0.249318
0 0.738488 0.748303 0.738597 0.748815 0.739063 0.749581 0.742529 0.754018 0.764386 0.777602 0.769188 0.782086 0.770158 0.782869 0.771021 0.783406 0.771648 0.783617 0.771941 0.783467 0.793155 0.760712 0.793085 0.760210 0.792646 0.759451 0.791905 0.758551 0.763498 0.727900 0.762572 0.727001 0.761608 0.726246 0.760754 0.725752 0.760140 0.725591 0.759859 0.725789
0 0.368027 0.931017 0.368310 0.931378 0.393846 0.947629 0.394399 0.947554 0.395118 0.947044 0.395891 0.946176 0.421106 0.912849 0.421813 0.911761 0.422339 0.910626 0.422606 0.909617 0.422572 0.908888 0.422244 0.908549 0.396917 0.892099 0.396360 0.892214 0.395639 0.892751 0.391748 0.896794 0.372347 0.922437 0.368899 0.928094 0.368346 0.929240 0.368039 0.930267
0 0.674122 0.661932 0.689697 0.689975 0.690077 0.690023 0.690828 0.689826 0.691835 0.689414 0.697386 0.686723 0.725526 0.671094 0.730519 0.667929 0.731315 0.667340 0.731752 0.666877 0.731762 0.666612 0.716187 0.638569 0.715784 0.638566 0.715017 0.638801 0.714002 0.639236 0.712894 0.639806 0.676522 0.660008 0.675482 0.660630 0.674661 0.661215 0.674183 0.661672
0 0.189721 0.401171 0.189761 0.401581 0.189938 0.402397 0.190227 0.403494 0.191955 0.409541 0.201401 0.440277 0.203245 0.445857 0.203577 0.446778 0.203820 0.447330 0.203937 0.447428 0.235317 0.438614 0.235317 0.438237 0.235172 0.437450 0.234907 0.436372 0.234559 0.435167 0.222283 0.395220 0.221910 0.394080 0.221570 0.393186 0.221315 0.392675 0.221184 0.392623
0 0.883885 0.525637 0.915899 0.535146 0.916031 0.534848 0.916290 0.534126 0.916638 0.533089 0.917021 0.531895 0.929622 0.491795 0.929979 0.490634 0.930254 0.489692 0.930404 0.489110 0.930407 0.488979 0.898309 0.479737 0.898193 0.480079 0.897949 0.480835 0.897614 0.481887 0.897238 0.483077 0.884765 0.522769 0.884404 0.523923 0.884110 0.524873 0.883928 0.525476
0 0.830584 0.550823 0.842926 0.580246 0.843289 0.580396 0.844065 0.580340 0.845138 0.580087 0.846342 0.579675 0.847495 0.579166 0.882536 0.561683 0.883442 0.561165 0.883969 0.560715 0.884040 0.560400 0.871834 0.531103 0.871447 0.530997 0.870653 0.531093 0.869573 0.531375 0.868372 0.531800 0.862449 0.534273 0.835521 0.547527 0.831263 0.550068 0.830699 0.550514
0 0.177046 0.861136 0.177105 0.861539 0.208097 0.869920 0.208289 0.869831 0.208609 0.869272 0.209006 0.868328 0.209422 0.867143 0.209792 0.865897 0.220652 0.825733 0.220924 0.824607 0.221056 0.823765 0.221031 0.823335 0.190092 0.814969 0.189884 0.815009 0.189548 0.815522 0.189135 0.816429 0.188708 0.817593 0.188333 0.818836 0.177422 0.859184 0.177157 0.860309
0 0.179668 0.746113 0.179882 0.746887 0.180512 0.747715 0.181462 0.748471 0.216682 0.770966 0.217800 0.771530 0.218909 0.771812 0.219839 0.771770 0.220449 0.771410 0.235630 0.746675 0.235816 0.746071 0.235560 0.745295 0.234902 0.744466 0.230391 0.740501 0.203292 0.723194 0.197552 0.720611 0.196430 0.720303 0.195480 0.720309 0.194846 0.720627 0.179900 0.745512
