0 0.464004 0.579593 0.464153 0.580012 0.464760 0.580462 0.465732 0.580875 0.466921 0.581187 0.507922 0.589276 0.509139 0.589438 0.510191 0.589425 0.510918 0.589237 0.511208 0.588905 0.517315 0.558792 0.517120 0.558389 0.516474 0.557954 0.515475 0.557551 0.509606 0.555847 0.478060 0.549624 0.471995 0.548973 0.470922 0.548967 0.470164 0.549126 0.469838 0.549426
0 0.916707 0.188597 0.939388 0.211241 0.939600 0.211161 0.940159 0.210734 0.940979 0.210026 0.941935 0.209144 0.946802 0.204470 0.969545 0.181692 0.973200 0.177830 0.973701 0.177253 0.973841 0.177000 0.951120 0.154316 0.950897 0.154446 0.950330 0.154922 0.949505 0.155669 0.948549 0.156575 0.947605 0.157501 0.918208 0.186944 0.917415 0.187756 0.916888 0.188336
0 0.901043 0.493247 0.901187 0.493859 0.901765 0.494588 0.906024 0.498347 0.932757 0.516215 0.938611 0.519215 0.939789 0.519659 0.940834 0.519842 0.941587 0.519737 0.941933 0.519358 0.956642 0.493418 0.956538 0.492808 0.955989 0.492079 0.955077 0.491343 0.920333 0.468120 0.919205 0.467494 0.918039 0.467076 0.917013 0.466931 0.916285 0.467081 0.915963 0.467501
0 0.112296 0.923936 0.112349 0.924399 0.133302 0.946744 0.133752 0.946856 0.134513 0.946583 0.135471 0.945967 0.168830 0.920795 0.169831 0.919934 0.170716 0.918964 0.171350 0.918033 0.171638 0.917285 0.171535 0.916831 0.150840 0.894350 0.150376 0.894275 0.149605 0.894574 0.144940 0.897342 0.119273 0.916710 0.114228 0.921269 0.113314 0.922242 0.112635 0.923178
0 0.343889 0.241787 0.344265 0.242057 0.345064 0.242374 0.346162 0.242689 0.347393 0.242954 0.388317 0.250459 0.389502 0.250636 0.390470 0.250700 0.391072 0.250640 0.391216 0.250466 0.397002 0.218914 0.396671 0.218623 0.395909 0.218288 0.394832 0.217960 0.388732 0.216493 0.357071 0.210687 0.351307 0.209978 0.350356 0.209935 0.349783 0.210025 0.349674 0.210235
0 0.259824 0.673589 0.271848 0.702816 0.271955 0.703030 0.272504 0.703032 0.273412 0.702823 0.274540 0.702436 0.280496 0.699998 0.309534 0.686188 0.314563 0.683401 0.315341 0.682882 0.315726 0.682476 0.315657 0.682245 0.303390 0.653162 0.302869 0.653117 0.301985 0.653289 0.300873 0.653652 0.299702 0.654151 0.261962 0.672100 0.260918 0.672655 0.260167 0.673178
0 0.449874 0.226387 0.449896 0.227331 0.450103 0.228505 0.451751 0.234714 0.462500 0.265018 0.464919 0.270274 0.465418 0.271089 0.465875 0.271494 0.466221 0.271426 0.495670 0.262369 0.495876 0.261833 0.495888 0.260918 0.495703 0.259761 0.495349 0.258540 0.481378 0.219154 0.480912 0.218063 0.480407 0.217275 0.479941 0.216910 0.450376 0.225711 0.450043 0.225818
0 0.873920 0.347794 0.873944 0.347928 0.874450 0.348146 0.875361 0.348414 0.876540 0.348691 0.877805 0.348935 0.918989 0.356032 0.920141 0.356205 0.920996 0.356278 0.921423 0.356241 0.929179 0.324612 0.929108 0.324497 0.928553 0.324298 0.927600 0.324047 0.926394 0.323781 0.919962 0.322519 0.888275 0.317058 0.882720 0.316255 0.881845 0.316162 0.881387 0.316170
0 0.260027 0.710176 0.260163 0.710558 0.272699 0.738338 0.273279 0.738505 0.274206 0.738410 0.275339 0.738066 0.314346 0.723068 0.315503 0.722531 0.316501 0.721886 0.317189 0.721231 0.317461 0.720667 0.305196 0.692809 0.305022 0.692442 0.304416 0.692308 0.303472 0.692426 0.297906 0.693916 0.267894 0.705456 0.262107 0.708331 0.261080 0.708971 0.260349 0.709619
0 0.066953 0.144856 0.066961 0.145322 0.099578 0.154886 0.099677 0.154867 0.099878 0.154378 0.100152 0.153494 0.100456 0.152349 0.110531 0.111981 0.110821 0.110742 0.111056 0.109590 0.111199 0.108698 0.111228 0.108205 0.078679 0.098369 0.078562 0.098340 0.078343 0.098793 0.078056 0.099659 0.077745 0.100806 0.067567 0.141589 0.067281 0.142836 0.067065 0.143983
0 0.107062 0.328648 0.107283 0.329009 0.134989 0.345176 0.135432 0.345101 0.136052 0.344616 0.136756 0.343796 0.137437 0.342765 0.158405 0.306829 0.158963 0.305738 0.159318 0.304744 0.159415 0.303999 0.159239 0.303616 0.131533 0.287450 0.131086 0.287474 0.130461 0.287918 0.129751 0.288713 0.129066 0.289739 0.108002 0.325840 0.107450 0.326932 0.107120 0.327919
0 0.172913 0.817792 0.172936 0.818276 0.195890 0.839062 0.196248 0.839156 0.196903 0.838861 0.197755 0.838220 0.198674 0.837333 0.203099 0.832368 0.222585 0.806790 0.225531 0.802079 0.225891 0.801287 0.225907 0.800789 0.202818 0.780259 0.202468 0.780115 0.201821 0.780360 0.200975 0.780957 0.200059 0.781815 0.199214 0.782804 0.173889 0.816047 0.173248 0.817009
0 0.039063 0.254526 0.044680 0.286870 0.045070 0.286912 0.045906 0.286885 0.047059 0.286793 0.088661 0.282821 0.089949 0.282680 0.091167 0.282510 0.092130 0.282340 0.092689 0.282193 0.092762 0.282093 0.087434 0.249776 0.087012 0.249761 0.086155 0.249806 0.080614 0.250237 0.048605 0.253293 0.042037 0.254018 0.040792 0.254174 0.039790 0.254325 0.039182 0.254449
0 0.854866 0.682825 0.854887 0.683258 0.855394 0.683750 0.856310 0.684226 0.857496 0.684614 0.858771 0.684854 0.900262 0.689851 0.901423 0.689905 0.902285 0.689763 0.902718 0.689450 0.908795 0.659528 0.908727 0.659112 0.908172 0.658639 0.907216 0.658179 0.906003 0.657803 0.899529 0.656414 0.867606 0.652569 0.862003 0.652504 0.861119 0.652627 0.860655 0.652916
0 0.945487 0.142109 0.945530 0.142543 0.965781 0.165606 0.966238 0.165712 0.967028 0.165458 0.968029 0.164882 0.969090 0.164072 0.970047 0.163152 0.998346 0.132400 0.999049 0.131516 0.999385 0.130807 0.999304 0.130383 0.979214 0.107076 0.978742 0.107020 0.977939 0.107325 0.976927 0.107944 0.975860 0.108783 0.970808 0.113422 0.949035 0.137083 0.945850 0.141394
0 0.326114 0.529955 0.326166 0.530112 0.343946 0.557003 0.344388 0.556860 0.345167 0.556463 0.349973 0.553702 0.376616 0.537108 0.381884 0.533596 0.382853 0.532906 0.383594 0.532314 0.383995 0.531910 0.383995 0.531756 0.366320 0.505173 0.365902 0.505270 0.365145 0.505627 0.364164 0.506189 0.329234 0.527551 0.328164 0.528244 0.327195 0.528944 0.326475 0.529545
0 0.820989 0.424647 0.821316 0.425196 0.822075 0.425767 0.827155 0.428449 0.857213 0.439871 0.863503 0.441510 0.864718 0.441688 0.865728 0.441648 0.866380 0.441395 0.866574 0.440966 0.875491 0.412267 0.875204 0.411711 0.874472 0.411134 0.873407 0.410624 0.834342 0.395779 0.833113 0.395418 0.831917 0.395262 0.830934 0.395335 0.830315 0.395627 0.830153 0.396091
0 0.760596 0.708134 0.760638 0.708474 0.781343 0.732975 0.781777 0.733022 0.782519 0.732746 0.783456 0.732189 0.788460 0.728585 0.813045 0.707808 0.817254 0.703627 0.817892 0.702853 0.818187 0.702253 0.818095 0.701918 0.797389 0.677417 0.796943 0.677419 0.796192 0.677735 0.795252 0.678317 0.794265 0.679077 0.762487 0.705932 0.761597 0.706758 0.760933 0.707532
0 0.131550 0.217836 0.131575 0.218318 0.131990 0.219058 0.132733 0.219943 0.161581 0.250179 0.162532 0.251069 0.163541 0.251822 0.164454 0.252323 0.165131 0.252496 0.165470 0.252316 0.186098 0.229345 0.186033 0.228854 0.185591 0.228107 0.182152 0.223753 0.159956 0.200489 0.154997 0.196042 0.153982 0.195261 0.153059 0.194717 0.152368 0.194494 0.152016 0.194626
0 0.300990 0.491564 0.301032 0.491944 0.310248 0.521344 0.310744 0.521538 0.311627 0.521539 0.312762 0.521347 0.318866 0.519749 0.349194 0.509067 0.354563 0.506624 0.355420 0.506114 0.355887 0.505638 0.355892 0.505268 0.346412 0.475960 0.345949 0.475729 0.345093 0.475695 0.343977 0.475864 0.342770 0.476210 0.303353 0.490094 0.302246 0.490562 0.301417 0.491079
0 0.486106 0.817025 0.486186 0.817995 0.486418 0.818579 0.486767 0.818686 0.517021 0.824222 0.517454 0.823842 0.517881 0.823027 0.518236 0.821901 0.528161 0.781306 0.528388 0.780048 0.528452 0.778860 0.528341 0.777920 0.528075 0.777374 0.497911 0.771571 0.497552 0.771504 0.497132 0.771923 0.496715 0.772765 0.494828 0.778185 0.487191 0.809420 0.486190 0.815815
0 0.494521 0.295352 0.494613 0.295560 0.495137 0.295937 0.496015 0.296425 0.497113 0.296948 0.535267 0.313999 0.536409 0.314476 0.537415 0.314830 0.538130 0.315008 0.538447 0.314982 0.551408 0.285404 0.551267 0.285203 0.550700 0.284833 0.549794 0.284350 0.544394 0.281730 0.515037 0.268611 0.509332 0.266268 0.508311 0.265889 0.507571 0.265676 0.507226 0.265660
0 0.725621 0.481667 0.725704 0.482696 0.725895 0.483902 0.733722 0.524766 0.733993 0.525973 0.734304 0.527006 0.734609 0.527709 0.734861 0.527973 0.766366 0.521939 0.766554 0.521718 0.766621 0.521050 0.766558 0.520036 0.766373 0.518831 0.758510 0.477781 0.758234 0.476576 0.757909 0.475564 0.757586 0.474899 0.757315 0.474681 0.725810 0.480715 0.725658 0.480971
0 0.694310 0.775653 0.694353 0.776263 0.694661 0.777187 0.695188 0.778285 0.695853 0.779389 0.719057 0.814146 0.719754 0.815082 0.720373 0.815699 0.720819 0.815905 0.748091 0.800392 0.748274 0.800167 0.748185 0.799534 0.747837 0.798591 0.747284 0.797480 0.743994 0.791806 0.726140 0.765063 0.722676 0.760622 0.722057 0.759976 0.721610 0.759729 0.694538 0.775451
0 0.618287 0.237190 0.618292 0.238370 0.618337 0.239279 0.618416 0.239780 0.618517 0.239796 0.650592 0.240214 0.650727 0.239741 0.650848 0.238851 0.650937 0.237678 0.651216 0.231271 0.651635 0.199085 0.651514 0.193432 0.651452 0.192542 0.651348 0.192075 0.619245 0.191657 0.619143 0.191683 0.619036 0.192197 0.618939 0.193120 0.618866 0.194310 0.618830 0.195588
0 0.087773 0.850255 0.087902 0.851530 0.096685 0.892387 0.097073 0.893511 0.097657 0.894303 0.098350 0.894645 0.126564 0.890371 0.127238 0.890213 0.127809 0.889575 0.128188 0.888555 0.128320 0.887310 0.127980 0.880797 0.121222 0.849361 0.119005 0.843981 0.118429 0.843163 0.117749 0.842783 0.089634 0.847324 0.088932 0.847445 0.088331 0.848044 0.087924 0.849031
0 0.265661 0.921306 0.283232 0.948613 0.283410 0.948626 0.283978 0.948342 0.284849 0.947805 0.285890 0.947096 0.291263 0.943227 0.316843 0.923744 0.321147 0.920242 0.321785 0.919672 0.322052 0.919342 0.304287 0.892251 0.304128 0.892190 0.303580 0.892424 0.302725 0.892920 0.301694 0.893601 0.300644 0.894364 0.267399 0.919686 0.266497 0.920410 0.265887 0.920978
0 0.520788 0.535985 0.520799 0.536348 0.541975 0.559611 0.542330 0.559624 0.542993 0.559304 0.543862 0.558701 0.548590 0.554888 0.572331 0.533203 0.576584 0.528812 0.577274 0.527992 0.577668 0.527346 0.577706 0.526974 0.556323 0.503900 0.555982 0.503839 0.555331 0.504118 0.554469 0.504693 0.553529 0.505478 0.522672 0.533662 0.521802 0.534532 0.521140 0.535348
0 0.569841 0.309916 0.593117 0.331990 0.593203 0.331960 0.593612 0.331581 0.594280 0.330911 0.595106 0.330051 0.623736 0.299862 0.624600 0.298938 0.625377 0.298085 0.625948 0.297430 0.626227 0.297076 0.602951 0.275002 0.602873 0.274982 0.602470 0.275320 0.601804 0.275965 0.597769 0.280066 0.575620 0.303422 0.571355 0.308073 0.570602 0.308925 0.570071 0.309572
0 0.411449 0.309875 0.411637 0.310417 0.412252 0.311058 0.413199 0.311699 0.418759 0.314618 0.448622 0.326539 0.454359 0.328130 0.455373 0.328271 0.456087 0.328161 0.456393 0.327817 0.468153 0.299983 0.468014 0.299435 0.467441 0.298788 0.466522 0.298142 0.465397 0.297594 0.426584 0.282100 0.425431 0.281739 0.424434 0.281620 0.423745 0.281763 0.423468 0.282145
0 0.200675 0.020161 0.200752 0.021237 0.201142 0.022013 0.201787 0.022371 0.226669 0.035871 0.227456 0.035748 0.228282 0.035173 0.232186 0.030846 0.251675 0.000000 0.222461 0.000000 0.202209 0.016850 0.201464 0.017785 0.200925 0.018949
0 0.277395 0.218532 0.277416 0.219130 0.277654 0.220075 0.278070 0.221223 0.280643 0.227204 0.295014 0.255968 0.297879 0.260869 0.298406 0.261609 0.298808 0.261944 0.327712 0.249456 0.327952 0.249324 0.327974 0.248754 0.327773 0.247833 0.327382 0.246700 0.326858 0.245529 0.308179 0.208144 0.307607 0.207121 0.307077 0.206408 0.306670 0.206114 0.277593 0.218372
0 0.309183 0.523701 0.309300 0.524430 0.309568 0.525463 0.311350 0.531304 0.321863 0.561691 0.324058 0.567345 0.324481 0.568308 0.324832 0.568931 0.325057 0.569120 0.355401 0.558572 0.355491 0.558290 0.355407 0.557588 0.355163 0.556572 0.354794 0.555399 0.341130 0.515905 0.340696 0.514760 0.340267 0.513826 0.339906 0.513244 0.339670 0.513103 0.309234 0.523387
0 0.336178 0.103604 0.336609 0.103822 0.337432 0.104183 0.338523 0.104633 0.377297 0.120222 0.378482 0.120688 0.379573 0.121096 0.380404 0.121385 0.380847 0.121510 0.391801 0.090345 0.391782 0.090314 0.391310 0.090106 0.390459 0.089750 0.385157 0.087584 0.355323 0.075590 0.349340 0.073218 0.348232 0.072786 0.347375 0.072461 0.346901 0.072293 0.346882 0.072309
0 0.096459 0.448619 0.096461 0.448770 0.110638 0.477785 0.111102 0.477746 0.111945 0.477500 0.113040 0.477085 0.151674 0.461150 0.152847 0.460631 0.153910 0.460090 0.154703 0.459611 0.155103 0.459266 0.155052 0.459108 0.141157 0.430034 0.140670 0.430107 0.139811 0.430376 0.134498 0.432342 0.104773 0.444602 0.098841 0.447274 0.097748 0.447810 0.096912 0.448282
0 0.441139 0.933357 0.441140 0.933790 0.441314 0.934629 0.442761 0.939988 0.452411 0.970660 0.454615 0.976905 0.455075 0.978079 0.455503 0.979012 0.455836 0.979561 0.456021 0.979643 0.485910 0.967547 0.485941 0.967141 0.485789 0.966319 0.485476 0.965205 0.472934 0.925341 0.472510 0.924114 0.472043 0.922969 0.471604 0.922079 0.471260 0.921581 0.471063 0.921549
0 0.866720 0.565803 0.867055 0.566092 0.867781 0.566563 0.868787 0.567147 0.905157 0.587353 0.906298 0.587963 0.907408 0.588512 0.908318 0.588915 0.908889 0.589111 0.909034 0.589071 0.924627 0.561006 0.924334 0.560713 0.923634 0.560236 0.922632 0.559649 0.886096 0.539350 0.884953 0.538745 0.883850 0.538220 0.882956 0.537853 0.882407 0.537702 0.882285 0.537787
0 0.364288 0.400708 0.364294 0.401923 0.367371 0.443600 0.367545 0.444832 0.367861 0.445885 0.368269 0.446598 0.368707 0.446864 0.399080 0.444257 0.399458 0.444037 0.399742 0.443362 0.399889 0.442334 0.400037 0.436337 0.397670 0.404270 0.396626 0.398136 0.396324 0.397058 0.395934 0.396306 0.395517 0.395996 0.365165 0.398882 0.364759 0.399062 0.364451 0.399704
0 0.380036 0.469049 0.380258 0.469451 0.405441 0.486738 0.405916 0.486720 0.406593 0.486298 0.407368 0.485537 0.411260 0.480799 0.429247 0.454146 0.432160 0.448802 0.432565 0.447812 0.432689 0.447048 0.432511 0.446625 0.407172 0.429570 0.406700 0.429539 0.406025 0.429919 0.405251 0.430651 0.404496 0.431625 0.381118 0.466265 0.380501 0.467325 0.380121 0.468303
0 0.179712 0.379962 0.179800 0.380548 0.180275 0.381341 0.181063 0.382219 0.211141 0.411233 0.212118 0.412058 0.213129 0.412697 0.214018 0.413055 0.214651 0.413075 0.214932 0.412757 0.234935 0.389800 0.234806 0.389205 0.234305 0.388407 0.230612 0.384011 0.207470 0.361687 0.202408 0.357638 0.201390 0.356971 0.200488 0.356572 0.199840 0.356503 0.199544 0.356775
