0 0.424464 0.662339 0.434365 0.692851 0.434540 0.692944 0.435154 0.692873 0.436114 0.692647 0.441793 0.691032 0.472410 0.681096 0.478203 0.678988 0.479205 0.678577 0.479883 0.678229 0.480132 0.677998 0.470231 0.647486 0.470025 0.647432 0.469387 0.647537 0.468414 0.647785 0.467254 0.648137 0.427680 0.660980 0.426503 0.661386 0.425478 0.661787 0.424762 0.662122
0 0.788298 0.085409 0.808697 0.109597 0.809007 0.109657 0.809662 0.109370 0.810561 0.108777 0.811569 0.107971 0.812530 0.107072 0.841900 0.077343 0.842663 0.076496 0.843105 0.075835 0.843161 0.075461 0.822927 0.051033 0.822603 0.051022 0.821934 0.051361 0.821023 0.051997 0.820009 0.052832 0.815013 0.057383 0.792415 0.080258 0.788862 0.084360 0.788393 0.085027
0 0.052334 0.395681 0.052698 0.396166 0.053377 0.396897 0.054267 0.397763 0.059111 0.402207 0.083429 0.423244 0.087785 0.426757 0.088491 0.427273 0.088895 0.427478 0.111557 0.404441 0.111614 0.404285 0.111302 0.403810 0.110667 0.403087 0.109806 0.402225 0.108850 0.401357 0.077244 0.374016 0.076345 0.373279 0.075646 0.372791 0.075253 0.372626 0.052341 0.395517
0 0.893450 0.677686 0.893622 0.678148 0.894229 0.678760 0.898632 0.682105 0.926004 0.698979 0.931955 0.702016 0.933145 0.702513 0.934191 0.702801 0.934934 0.702838 0.935260 0.702617 0.949047 0.675001 0.948915 0.674538 0.948336 0.673926 0.947397 0.673257 0.911823 0.651327 0.910674 0.650708 0.909497 0.650238 0.908472 0.649988 0.907755 0.649996 0.907455 0.650260
0 0.229874 0.569515 0.229977 0.569790 0.241587 0.598782 0.242145 0.598877 0.243064 0.598753 0.244205 0.598430 0.283748 0.584912 0.284929 0.584441 0.285962 0.583897 0.286690 0.583363 0.287001 0.582921 0.275665 0.553861 0.275524 0.553600 0.274940 0.553538 0.274003 0.553684 0.268413 0.555131 0.237988 0.565533 0.232068 0.568020 0.231007 0.568557 0.230236 0.569082
0 0.519935 0.739913 0.519986 0.740513 0.541137 0.761734 0.541562 0.762015 0.542279 0.761918 0.543180 0.761458 0.544125 0.760704 0.574567 0.732072 0.575408 0.731145 0.576011 0.730192 0.576283 0.729358 0.576184 0.728771 0.555237 0.707358 0.554798 0.707123 0.554070 0.707260 0.553162 0.707747 0.548365 0.711289 0.524942 0.733318 0.520879 0.738111 0.520249 0.739070
0 0.385438 0.946834 0.385716 0.947343 0.403316 0.970799 0.403973 0.970979 0.404897 0.970784 0.405946 0.970245 0.440977 0.947458 0.441985 0.946659 0.442791 0.945729 0.443272 0.944809 0.443356 0.944039 0.443031 0.943536 0.425692 0.919962 0.425016 0.919818 0.424081 0.920038 0.418849 0.922410 0.391896 0.939942 0.386931 0.944203 0.386096 0.945135 0.385572 0.946059
0 0.816327 0.121273 0.816452 0.121566 0.816886 0.122175 0.817562 0.123006 0.818379 0.123933 0.846394 0.154694 0.847232 0.155583 0.847968 0.156304 0.848493 0.156747 0.848724 0.156844 0.873831 0.133829 0.873755 0.133544 0.873359 0.132939 0.872703 0.132105 0.871887 0.131169 0.843584 0.100092 0.842738 0.099203 0.841997 0.098504 0.841473 0.098099 0.841246 0.098051
0 0.283324 0.132420 0.283529 0.133129 0.284103 0.134013 0.284957 0.134937 0.289902 0.139285 0.316138 0.157874 0.321119 0.160559 0.321987 0.160855 0.322581 0.160799 0.341534 0.137451 0.341778 0.137032 0.341623 0.136330 0.341093 0.135451 0.340267 0.134529 0.339272 0.133706 0.305173 0.109545 0.304166 0.108950 0.303309 0.108679 0.302731 0.108773 0.283519 0.131994
0 0.438836 0.486268 0.461117 0.508316 0.461476 0.508370 0.462127 0.508070 0.462970 0.507461 0.463879 0.506637 0.493456 0.477114 0.494284 0.476205 0.494901 0.475356 0.495212 0.474696 0.495170 0.474326 0.473086 0.452081 0.472716 0.452075 0.472055 0.452417 0.471205 0.453053 0.466628 0.457059 0.443870 0.479775 0.439838 0.484362 0.439194 0.485217 0.438842 0.485887
0 0.066608 0.097549 0.066623 0.098789 0.066660 0.099774 0.066714 0.100356 0.066777 0.100446 0.100285 0.103313 0.100323 0.102899 0.100359 0.102048 0.100387 0.100890 0.101141 0.059290 0.101157 0.057992 0.101160 0.056745 0.101148 0.055736 0.101123 0.055121 0.101090 0.054993 0.067529 0.051840 0.067467 0.052220 0.067415 0.053055 0.067381 0.054217 0.066619 0.096244
0 0.448173 0.613759 0.448513 0.614483 0.449189 0.615329 0.450099 0.616169 0.482628 0.642406 0.483627 0.643106 0.484556 0.643555 0.485274 0.643684 0.485671 0.643474 0.505188 0.620007 0.505188 0.619509 0.504806 0.618779 0.504101 0.617929 0.499677 0.613614 0.474649 0.593427 0.469605 0.590105 0.468667 0.589630 0.467934 0.589461 0.467521 0.589625 0.448221 0.613268
0 0.403946 0.591947 0.404254 0.592655 0.404909 0.593492 0.405811 0.594328 0.438326 0.620582 0.439332 0.621286 0.440283 0.621746 0.441032 0.621892 0.441466 0.621701 0.460739 0.598117 0.460777 0.597637 0.460428 0.596923 0.459745 0.596083 0.455380 0.591794 0.430362 0.571594 0.425263 0.568242 0.424304 0.567755 0.423540 0.567570 0.423088 0.567716 0.404032 0.591475
0 0.732306 0.337671 0.732700 0.338280 0.733504 0.338889 0.738710 0.341657 0.768818 0.352943 0.775003 0.354444 0.776176 0.354576 0.777122 0.354469 0.777698 0.354140 0.786989 0.325917 0.787112 0.325393 0.786759 0.324777 0.785983 0.324162 0.784901 0.323643 0.745769 0.308975 0.744554 0.308633 0.743398 0.308524 0.742479 0.308663 0.741936 0.309030 0.732384 0.337155
0 0.357612 0.671385 0.357713 0.671627 0.358253 0.672016 0.359150 0.672492 0.364582 0.674992 0.394424 0.687054 0.400175 0.689075 0.401191 0.689371 0.401910 0.689491 0.402222 0.689417 0.414243 0.659676 0.414092 0.659445 0.413512 0.659067 0.412592 0.658599 0.411472 0.658112 0.372898 0.642521 0.371740 0.642086 0.370713 0.641767 0.369973 0.641612 0.369633 0.641645
0 0.159517 0.750741 0.170143 0.780790 0.170325 0.780934 0.170956 0.780880 0.171939 0.780636 0.173124 0.780241 0.179270 0.777867 0.208692 0.764896 0.213676 0.762363 0.214423 0.761907 0.214750 0.761573 0.203885 0.731685 0.203732 0.731500 0.203132 0.731512 0.202175 0.731720 0.201006 0.732091 0.199805 0.732570 0.161566 0.749429 0.160522 0.749939 0.159803 0.750400
0 0.833446 0.100631 0.833616 0.101345 0.834266 0.101939 0.835298 0.102324 0.873912 0.110810 0.875160 0.110927 0.876455 0.110763 0.877601 0.110344 0.878424 0.109732 0.878798 0.109020 0.878802 0.081240 0.878670 0.080518 0.878053 0.079917 0.873401 0.077639 0.843762 0.070974 0.837299 0.070760 0.836013 0.070937 0.834889 0.071381 0.834100 0.072024 0.833765 0.072767
0 0.161809 0.906488 0.174158 0.936123 0.174559 0.936180 0.175359 0.935996 0.176438 0.935599 0.215020 0.919522 0.216205 0.918975 0.217308 0.918366 0.218161 0.917787 0.218634 0.917327 0.218655 0.917055 0.206327 0.887471 0.205904 0.887451 0.205091 0.887658 0.204012 0.888062 0.165607 0.904065 0.164418 0.904607 0.163292 0.905207 0.162401 0.905775 0.161880 0.906225
0 0.811089 0.424092 0.811103 0.424851 0.811140 0.425170 0.844149 0.425818 0.844174 0.425646 0.844213 0.425011 0.844259 0.424010 0.844495 0.418073 0.845610 0.385938 0.845796 0.379718 0.845823 0.378610 0.845834 0.377814 0.845827 0.377454 0.812808 0.377085 0.812756 0.377214 0.812695 0.377813 0.812634 0.378790 0.812582 0.379997 0.811133 0.421763 0.811099 0.423007
0 0.359781 0.392975 0.360053 0.393432 0.360757 0.393950 0.361783 0.394450 0.367667 0.396658 0.398643 0.405280 0.404478 0.406334 0.405486 0.406399 0.406162 0.406265 0.406402 0.405951 0.415265 0.376591 0.415041 0.376122 0.414379 0.375593 0.413380 0.375085 0.412197 0.374674 0.371937 0.363468 0.370757 0.363221 0.369768 0.363176 0.369121 0.363341 0.368914 0.363690
0 0.177653 0.544039 0.177690 0.544321 0.186895 0.574251 0.187409 0.574395 0.188313 0.574355 0.189470 0.574137 0.230077 0.564260 0.231303 0.563898 0.232403 0.563451 0.233210 0.562985 0.233601 0.562574 0.233516 0.562278 0.224597 0.532329 0.224055 0.532215 0.223132 0.532276 0.217494 0.533211 0.186251 0.540811 0.180069 0.542750 0.178941 0.543189 0.178092 0.543641
0 0.683536 0.355593 0.683604 0.356040 0.714505 0.364402 0.714691 0.364375 0.714994 0.363883 0.715366 0.363003 0.717320 0.357531 0.726793 0.326804 0.728423 0.320651 0.728673 0.319514 0.728792 0.318638 0.728763 0.318157 0.697779 0.310062 0.697579 0.310043 0.697265 0.310495 0.696885 0.311348 0.696497 0.312474 0.684185 0.352409 0.683850 0.353628 0.683622 0.354746
0 0.417309 0.323874 0.417570 0.324419 0.418161 0.325183 0.418991 0.326050 0.449128 0.355003 0.450067 0.355835 0.450964 0.356500 0.451683 0.356896 0.452114 0.356963 0.473465 0.333619 0.473526 0.333366 0.473224 0.332813 0.472606 0.332043 0.468599 0.327728 0.445411 0.305451 0.440646 0.301340 0.439742 0.300647 0.439012 0.300209 0.438567 0.300092 0.417418 0.323631
0 0.688734 0.844412 0.688882 0.845564 0.689351 0.846765 0.690068 0.847831 0.716755 0.878936 0.717604 0.879696 0.718455 0.880034 0.719177 0.879898 0.743204 0.868289 0.743676 0.867702 0.743832 0.866748 0.743650 0.865573 0.743158 0.864355 0.739747 0.858663 0.719086 0.834516 0.714685 0.831081 0.713823 0.830717 0.713088 0.830822 0.689435 0.842922 0.688929 0.843484
0 0.446385 0.817937 0.446499 0.818894 0.446885 0.820022 0.447484 0.821147 0.469918 0.856406 0.470636 0.857350 0.471358 0.857963 0.471973 0.858152 0.498173 0.843460 0.498569 0.843207 0.498701 0.842540 0.498549 0.841562 0.498138 0.840422 0.495284 0.834628 0.478023 0.807500 0.474347 0.803031 0.473625 0.802390 0.473008 0.802160 0.472591 0.802378 0.446561 0.817295
0 0.730024 0.107400 0.730299 0.108286 0.730966 0.109193 0.735486 0.113392 0.762417 0.130959 0.768086 0.133406 0.769186 0.133653 0.770110 0.133549 0.770717 0.133110 0.786112 0.109230 0.786319 0.108506 0.786086 0.107623 0.785446 0.106717 0.784498 0.105927 0.749495 0.083095 0.748389 0.082545 0.747301 0.082324 0.746396 0.082464 0.745814 0.082944 0.730185 0.106670
0 0.678087 0.645786 0.687167 0.676798 0.687324 0.676885 0.687932 0.676831 0.688896 0.676647 0.694623 0.675312 0.725691 0.667025 0.731717 0.665225 0.732793 0.664866 0.733569 0.664550 0.733925 0.664327 0.724575 0.633386 0.724450 0.633263 0.723871 0.633285 0.722926 0.633448 0.721759 0.633728 0.681380 0.644498 0.680176 0.644850 0.679128 0.645219 0.678394 0.645547
0 0.112362 0.298501 0.118747 0.329965 0.118843 0.330163 0.119416 0.330263 0.120378 0.330251 0.121584 0.330129 0.122850 0.329914 0.163625 0.321639 0.164767 0.321364 0.165619 0.321069 0.166052 0.320798 0.159677 0.289389 0.159618 0.289155 0.159080 0.289019 0.158143 0.289000 0.156951 0.289103 0.155685 0.289311 0.114724 0.297624 0.113585 0.297904 0.112756 0.298212
0 0.498097 0.799335 0.498141 0.799863 0.527946 0.810952 0.528146 0.811014 0.528492 0.810608 0.528932 0.809796 0.529398 0.808702 0.531617 0.802670 0.541234 0.771988 0.542654 0.766413 0.542819 0.765492 0.542808 0.764938 0.542621 0.764837 0.512756 0.754023 0.512398 0.754379 0.511948 0.755148 0.511474 0.756214 0.511049 0.757413 0.498549 0.797290 0.498240 0.798432
0 0.502305 0.662318 0.502419 0.663171 0.502777 0.664245 0.503325 0.665376 0.523767 0.701826 0.524418 0.702835 0.525069 0.703560 0.525621 0.703892 0.525988 0.703781 0.553370 0.689693 0.553475 0.689165 0.553325 0.688291 0.552942 0.687203 0.550320 0.681455 0.534592 0.653410 0.531263 0.648548 0.530614 0.647795 0.530064 0.647421 0.529698 0.647485 0.502454 0.661816
0 0.052605 0.758176 0.052611 0.759322 0.053346 0.765578 0.060401 0.796984 0.062309 0.802496 0.062755 0.803362 0.063233 0.803816 0.063669 0.803788 0.094967 0.796757 0.095269 0.796259 0.095417 0.795362 0.095390 0.794202 0.095192 0.792956 0.086074 0.752362 0.085733 0.751210 0.085300 0.750321 0.084840 0.749829 0.084422 0.749810 0.053124 0.756841 0.052785 0.757304
0 0.695870 0.831566 0.696025 0.832242 0.696532 0.833130 0.697313 0.834094 0.698250 0.834988 0.730290 0.861819 0.731233 0.862501 0.732034 0.862861 0.732569 0.862845 0.753983 0.840998 0.754154 0.840626 0.753949 0.839940 0.753399 0.839044 0.752589 0.838075 0.747924 0.833398 0.723272 0.812753 0.718611 0.809621 0.717803 0.809234 0.717255 0.809211 0.696090 0.831205
0 0.750440 0.720931 0.750570 0.721833 0.750823 0.722989 0.751161 0.724222 0.763206 0.764240 0.763575 0.765355 0.763917 0.766174 0.764179 0.766574 0.795636 0.759117 0.795752 0.759041 0.795727 0.758496 0.795564 0.757564 0.795289 0.756389 0.793613 0.750130 0.784345 0.719340 0.782515 0.713952 0.782182 0.713105 0.781932 0.712666 0.750608 0.720378 0.750454 0.720421
0 0.904838 0.102265 0.904852 0.102437 0.905299 0.102803 0.906109 0.103307 0.907161 0.103872 0.944271 0.122685 0.945411 0.123231 0.946472 0.123676 0.947294 0.123953 0.947751 0.124020 0.964469 0.093990 0.964506 0.093810 0.964098 0.093435 0.963307 0.092921 0.962254 0.092348 0.924763 0.073341 0.923615 0.072799 0.922555 0.072374 0.921744 0.072132 0.921306 0.072108
0 0.592948 0.571889 0.593043 0.572344 0.593521 0.573017 0.594308 0.573805 0.595286 0.574588 0.629162 0.599059 0.630173 0.599713 0.631058 0.600133 0.631682 0.600256 0.631949 0.600063 0.650997 0.575336 0.650852 0.574876 0.650331 0.574200 0.649515 0.573410 0.644690 0.569392 0.618625 0.550564 0.613590 0.547458 0.612694 0.547012 0.612055 0.546850 0.611769 0.546999
0 0.407982 0.398886 0.435211 0.415844 0.435396 0.415710 0.435811 0.415184 0.436392 0.414344 0.437051 0.413319 0.459046 0.378003 0.459686 0.376942 0.460215 0.375999 0.460553 0.375317 0.460648 0.375000 0.433419 0.358042 0.433231 0.358125 0.432813 0.358611 0.432229 0.359425 0.428935 0.364383 0.411919 0.391706 0.408836 0.396987 0.408330 0.397923 0.408030 0.398590
0 0.199313 0.410348 0.199338 0.410478 0.206078 0.441840 0.206574 0.441840 0.207470 0.441737 0.208631 0.441548 0.209879 0.441300 0.250556 0.432558 0.251710 0.432289 0.252603 0.432037 0.253099 0.431841 0.253121 0.431730 0.246381 0.400368 0.245919 0.400332 0.245049 0.400404 0.243902 0.400574 0.237638 0.401716 0.206168 0.408479 0.200640 0.409871 0.199770 0.410135
0 0.585607 0.626397 0.608989 0.648368 0.609291 0.648273 0.609880 0.647833 0.610666 0.647116 0.614985 0.642808 0.636857 0.619238 0.640813 0.614630 0.641462 0.613800 0.641847 0.613190 0.641907 0.612895 0.618335 0.591130 0.618042 0.591175 0.617461 0.591573 0.616679 0.592262 0.615817 0.593137 0.587390 0.623770 0.586584 0.624693 0.585962 0.625516 0.585619 0.626115
