0 0.716713 0.232188 0.716725 0.232285 0.734720 0.258806 0.735120 0.258595 0.735863 0.258132 0.736836 0.257486 0.771264 0.234126 0.772325 0.233392 0.773320 0.232676 0.774098 0.232087 0.774540 0.231715 0.774579 0.231617 0.756552 0.205050 0.756167 0.205221 0.755431 0.205660 0.754458 0.206299 0.719871 0.229767 0.718814 0.230505 0.717843 0.231224 0.717105 0.231815
0 0.756514 0.800991 0.769506 0.831764 0.769850 0.831667 0.770599 0.831403 0.771640 0.831013 0.772814 0.830556 0.811892 0.815070 0.813012 0.814619 0.813900 0.814244 0.814421 0.814004 0.814495 0.813935 0.801244 0.783266 0.800875 0.783403 0.800110 0.783698 0.799065 0.784108 0.797899 0.784568 0.759219 0.799896 0.758102 0.800341 0.757195 0.800705 0.756638 0.800933
0 0.622111 0.861161 0.622203 0.862407 0.625062 0.870885 0.625636 0.872027 0.626604 0.872862 0.627817 0.873263 0.629092 0.873168 0.630233 0.872594 0.631068 0.871626 0.652054 0.834578 0.652455 0.833364 0.652361 0.832090 0.648878 0.824498 0.648317 0.823383 0.647371 0.822567 0.646185 0.822175 0.644940 0.822267 0.643825 0.822829 0.634464 0.830583 0.633594 0.831695 0.632651 0.833210 0.624746 0.847166 0.623871 0.848859 0.623193 0.850479 0.622816 0.851780
0 0.480417 0.645335 0.480601 0.645570 0.481234 0.645882 0.482219 0.646224 0.488025 0.647886 0.519313 0.655298 0.525344 0.656439 0.526413 0.656584 0.527173 0.656602 0.527507 0.656490 0.534503 0.625382 0.534366 0.625131 0.533773 0.624805 0.532816 0.624453 0.531638 0.624131 0.490973 0.614498 0.489763 0.614255 0.488713 0.614131 0.487984 0.614144 0.487685 0.614292
0 0.204744 0.110841 0.204770 0.111498 0.204934 0.112524 0.205210 0.113761 0.206897 0.120184 0.216225 0.150956 0.218067 0.156174 0.218402 0.156957 0.218654 0.157301 0.249957 0.150281 0.250112 0.150129 0.250125 0.149508 0.249995 0.148513 0.249740 0.147295 0.249399 0.146040 0.237276 0.106046 0.236905 0.104953 0.236561 0.104197 0.236298 0.103892 0.204862 0.110654
0 0.021937 0.851292 0.036266 0.879482 0.036626 0.879552 0.037397 0.879355 0.038460 0.878919 0.039653 0.878311 0.045563 0.874903 0.072470 0.857299 0.076739 0.854048 0.077312 0.853499 0.077447 0.853151 0.062906 0.825161 0.062570 0.825045 0.061824 0.825195 0.060782 0.825591 0.059602 0.826172 0.058464 0.826849 0.023493 0.849729 0.022578 0.850395 0.022032 0.850943
0 0.633640 0.222894 0.634003 0.222964 0.634800 0.223016 0.635910 0.223041 0.637164 0.223036 0.678950 0.222359 0.680148 0.222324 0.681101 0.222266 0.681662 0.222192 0.681747 0.222114 0.682297 0.189284 0.681891 0.189242 0.681057 0.189214 0.679923 0.189205 0.673632 0.189235 0.641482 0.189756 0.635610 0.189924 0.634633 0.189967 0.634036 0.190018 0.633910 0.190068
0 0.317834 0.694718 0.317906 0.695575 0.318297 0.696612 0.318949 0.697671 0.343802 0.731268 0.344610 0.732181 0.345446 0.732802 0.346182 0.733038 0.346706 0.732853 0.370915 0.715638 0.371129 0.715072 0.371019 0.714199 0.370601 0.713151 0.367542 0.707734 0.348419 0.681884 0.344244 0.677522 0.343406 0.676872 0.342665 0.676595 0.342135 0.676733 0.318092 0.694173
0 0.510605 0.573466 0.542623 0.575435 0.542675 0.575257 0.542750 0.574618 0.542835 0.573614 0.543264 0.567663 0.545240 0.535535 0.545552 0.529448 0.545593 0.528393 0.545602 0.527677 0.545577 0.527409 0.513559 0.525440 0.513533 0.525661 0.513480 0.526335 0.513409 0.527358 0.513332 0.528576 0.510778 0.570103 0.510704 0.571338 0.510646 0.572410 0.510611 0.573158
0 0.332305 0.918132 0.332319 0.918567 0.358706 0.936092 0.358980 0.936085 0.359491 0.935648 0.360161 0.934849 0.360887 0.933810 0.364397 0.928179 0.379927 0.900024 0.382291 0.895003 0.382585 0.894194 0.382606 0.893740 0.356127 0.876489 0.355852 0.876446 0.355340 0.876830 0.354670 0.877584 0.353942 0.878594 0.353269 0.879706 0.333086 0.916299 0.332574 0.917336
0 0.107425 0.544758 0.107544 0.545983 0.115878 0.586935 0.116248 0.588113 0.116813 0.589057 0.117485 0.589622 0.118161 0.589724 0.146537 0.584019 0.147094 0.583645 0.147468 0.582848 0.147602 0.581749 0.147303 0.575620 0.140891 0.544111 0.138764 0.538321 0.138209 0.537351 0.137549 0.536746 0.136886 0.536598 0.108567 0.542577 0.107980 0.542914 0.107579 0.543680
0 0.642643 0.912834 0.642875 0.913202 0.643455 0.913840 0.647410 0.917753 0.671067 0.939530 0.676063 0.943854 0.677036 0.944647 0.677857 0.945247 0.678400 0.945565 0.678583 0.945550 0.698590 0.920117 0.698398 0.919755 0.697846 0.919122 0.697016 0.918314 0.666268 0.890011 0.665293 0.889158 0.664328 0.888394 0.663519 0.887836 0.662992 0.887569 0.662823 0.887633
0 0.852614 0.758961 0.852800 0.759559 0.853239 0.760467 0.853864 0.761547 0.854581 0.762633 0.878588 0.796840 0.879281 0.797761 0.879841 0.798370 0.880182 0.798574 0.907969 0.782359 0.908017 0.782141 0.907782 0.781521 0.907302 0.780594 0.906650 0.779503 0.903033 0.773922 0.884562 0.747603 0.881190 0.743227 0.880629 0.742591 0.880287 0.742345 0.852708 0.758764
0 0.468450 0.796170 0.492343 0.818168 0.492367 0.818146 0.492711 0.817758 0.493324 0.817062 0.494112 0.816165 0.521797 0.784582 0.522634 0.783626 0.523388 0.782763 0.523943 0.782126 0.524215 0.781810 0.500218 0.759930 0.499927 0.760225 0.499356 0.760845 0.498593 0.761694 0.497754 0.762643 0.470159 0.794123 0.469378 0.795021 0.468779 0.795726 0.468454 0.796129
0 0.431840 0.486620 0.439830 0.516615 0.440201 0.516835 0.440988 0.516889 0.442070 0.516770 0.448100 0.515572 0.479073 0.506935 0.484759 0.504865 0.485711 0.504417 0.486303 0.503979 0.486444 0.503617 0.478185 0.473696 0.477848 0.473441 0.477090 0.473356 0.476028 0.473454 0.474822 0.473721 0.434567 0.484947 0.433410 0.485339 0.432485 0.485795 0.431934 0.486245
0 0.882117 0.910298 0.885769 0.942244 0.887417 0.948780 0.887897 0.950015 0.888519 0.951004 0.889188 0.951598 0.889802 0.951704 0.918414 0.945565 0.918897 0.945164 0.919155 0.944322 0.919147 0.943168 0.914401 0.901648 0.914130 0.900365 0.913637 0.899157 0.913000 0.898208 0.912314 0.897662 0.911685 0.897603 0.883083 0.903453 0.882624 0.903885 0.882383 0.904748
0 0.376100 0.407478 0.379913 0.438897 0.380085 0.439129 0.380718 0.439277 0.381716 0.439318 0.382926 0.439247 0.424508 0.435076 0.425739 0.434903 0.426794 0.434656 0.427513 0.434372 0.427786 0.434095 0.424251 0.402648 0.424041 0.402446 0.423374 0.402325 0.422354 0.402301 0.416384 0.402566 0.384390 0.405774 0.378257 0.406724 0.377176 0.406958 0.376419 0.407223
0 0.431146 0.648429 0.431868 0.690213 0.431962 0.691410 0.432188 0.692357 0.432512 0.692910 0.432882 0.692985 0.463708 0.693567 0.464046 0.693151 0.464323 0.692309 0.464498 0.691169 0.464906 0.684863 0.464351 0.652714 0.463733 0.646857 0.463522 0.645886 0.463220 0.645297 0.462873 0.645181 0.432052 0.644879 0.431689 0.645251 0.431389 0.646057 0.431199 0.647173
0 0.384942 0.281881 0.385071 0.282018 0.385670 0.282161 0.386646 0.282288 0.387852 0.282379 0.429583 0.284629 0.430826 0.284670 0.431909 0.284655 0.432668 0.284585 0.432985 0.284472 0.434277 0.252045 0.434105 0.251933 0.433469 0.251811 0.432468 0.251699 0.426535 0.251225 0.394427 0.249494 0.388214 0.249313 0.387107 0.249311 0.386313 0.249356 0.385954 0.249439
0 0.593913 0.574116 0.614757 0.598500 0.615043 0.598427 0.615658 0.598048 0.616508 0.597419 0.621269 0.593610 0.645737 0.572695 0.650144 0.568667 0.650862 0.567955 0.651279 0.567452 0.651332 0.567235 0.630488 0.542851 0.630189 0.542972 0.629564 0.543391 0.628711 0.544045 0.627757 0.544833 0.596131 0.571867 0.595217 0.572676 0.594474 0.573387 0.594016 0.573893
0 0.122491 0.382022 0.122509 0.382777 0.122722 0.383835 0.123097 0.385034 0.137519 0.424854 0.137991 0.425992 0.138489 0.426900 0.138938 0.427440 0.139268 0.427529 0.169827 0.417823 0.169964 0.417458 0.169915 0.416687 0.169687 0.415627 0.169316 0.414439 0.155124 0.374744 0.154658 0.373588 0.154169 0.372646 0.153731 0.372059 0.153412 0.371919 0.122668 0.381685
0 0.494947 0.768854 0.494987 0.769080 0.495454 0.769505 0.496277 0.770064 0.497330 0.770673 0.534303 0.790628 0.535433 0.791198 0.536476 0.791645 0.537272 0.791903 0.537702 0.791930 0.551971 0.762937 0.551978 0.762708 0.551553 0.762280 0.550760 0.761719 0.549719 0.761110 0.512845 0.741209 0.511722 0.740649 0.510695 0.740228 0.509921 0.740008 0.509517 0.740024
0 0.586210 0.226470 0.586604 0.226558 0.587419 0.226683 0.588530 0.226825 0.589769 0.226962 0.631058 0.231237 0.632257 0.231351 0.633229 0.231425 0.633826 0.231446 0.633956 0.231412 0.637947 0.198659 0.637592 0.198547 0.636800 0.198403 0.635692 0.198249 0.634438 0.198109 0.592794 0.193965 0.591604 0.193862 0.590656 0.193811 0.590094 0.193820 0.590003 0.193888
0 0.147316 0.629141 0.148478 0.659448 0.148914 0.659846 0.149782 0.660127 0.150951 0.660251 0.192725 0.661429 0.194008 0.661375 0.195202 0.661151 0.196125 0.660793 0.196635 0.660354 0.196657 0.659902 0.195777 0.629649 0.195306 0.629272 0.194414 0.629004 0.188767 0.628202 0.156625 0.627295 0.150113 0.627755 0.148895 0.627963 0.147935 0.628299 0.147380 0.628713
0 0.808049 0.602206 0.808101 0.602405 0.822518 0.631061 0.823019 0.631066 0.823882 0.630850 0.824975 0.630447 0.826131 0.629917 0.863468 0.611131 0.864504 0.610559 0.865254 0.610035 0.865604 0.609640 0.865501 0.609434 0.851084 0.580779 0.850558 0.580818 0.849678 0.581070 0.848577 0.581497 0.847422 0.582033 0.810255 0.600733 0.809215 0.601301 0.808440 0.601818
0 0.124296 0.338309 0.124431 0.339220 0.125807 0.344771 0.135758 0.375383 0.138111 0.381303 0.138613 0.382353 0.139097 0.383103 0.139489 0.383438 0.169996 0.373521 0.170209 0.373400 0.170240 0.372834 0.170082 0.371909 0.169761 0.370767 0.156899 0.331199 0.156460 0.330004 0.155969 0.328932 0.155499 0.328144 0.155121 0.327761 0.124614 0.337678 0.124360 0.337768
0 0.844888 0.460633 0.845244 0.460991 0.845987 0.461502 0.847006 0.462089 0.883648 0.481796 0.884794 0.482373 0.885900 0.482857 0.886798 0.483173 0.887352 0.483274 0.887477 0.483144 0.902685 0.454868 0.902371 0.454504 0.901653 0.453988 0.896848 0.451056 0.868499 0.435810 0.862681 0.433028 0.861583 0.432568 0.860701 0.432288 0.860170 0.432232 0.860069 0.432407
0 0.471189 0.318339 0.471197 0.318422 0.471270 0.318977 0.471396 0.319920 0.477206 0.362521 0.477376 0.363764 0.477528 0.364864 0.477639 0.365655 0.477692 0.366014 0.509475 0.361679 0.509451 0.361316 0.509364 0.360522 0.509227 0.359420 0.508421 0.353229 0.504071 0.321336 0.503247 0.315575 0.503105 0.314634 0.503009 0.314083 0.502973 0.314004
0 0.077341 0.135015 0.077429 0.135990 0.077884 0.136681 0.100185 0.153597 0.100922 0.153888 0.101844 0.153745 0.102813 0.153191 0.107381 0.149120 0.126977 0.123627 0.129822 0.118054 0.130141 0.116934 0.130091 0.115943 0.129678 0.115231 0.107207 0.098535 0.106479 0.098199 0.105563 0.098302 0.104598 0.098828 0.103733 0.099698 0.078263 0.132831 0.077634 0.133906
0 0.385064 0.234511 0.385398 0.234816 0.386145 0.235220 0.387193 0.235660 0.388382 0.236071 0.428098 0.248467 0.429255 0.248789 0.430212 0.248974 0.430823 0.248994 0.430996 0.248847 0.440553 0.218226 0.440267 0.217906 0.439558 0.217488 0.438532 0.217037 0.432666 0.214856 0.401939 0.205266 0.396292 0.203853 0.395349 0.203690 0.394762 0.203703 0.394621 0.203890
0 0.202069 0.808145 0.202107 0.808676 0.208887 0.837544 0.209408 0.837933 0.210325 0.838099 0.211500 0.838017 0.252733 0.831212 0.253979 0.830895 0.255097 0.830393 0.255917 0.829783 0.256314 0.829158 0.256230 0.828614 0.249736 0.799743 0.249185 0.799381 0.248247 0.799233 0.242521 0.799374 0.210795 0.804610 0.204520 0.806449 0.203375 0.806940 0.202514 0.807536
0 0.747459 0.221072 0.748221 0.225949 0.748562 0.226647 0.749111 0.226894 0.776696 0.234882 0.777387 0.234647 0.778099 0.233961 0.778721 0.232928 0.779158 0.231705 0.779345 0.230479 0.780905 0.192275 0.780811 0.191256 0.780454 0.190590 0.779888 0.190375 0.752526 0.182077 0.751855 0.182356 0.751165 0.183080 0.750559 0.184138 0.750130 0.185369 0.748851 0.191624
0 0.898807 0.588938 0.898911 0.589439 0.899312 0.590243 0.899949 0.591228 0.923929 0.625228 0.924709 0.626251 0.925519 0.627163 0.926235 0.627825 0.926749 0.628136 0.926983 0.628049 0.953219 0.609544 0.953155 0.609056 0.952780 0.608258 0.952150 0.607272 0.928059 0.573116 0.927275 0.572098 0.926462 0.571210 0.925743 0.570588 0.925229 0.570327 0.924997 0.570465
0 0.451138 0.619734 0.451265 0.619925 0.468921 0.646381 0.469424 0.646265 0.470242 0.645885 0.471250 0.645297 0.472295 0.644590 0.505862 0.620335 0.506799 0.619609 0.507484 0.618973 0.507813 0.618524 0.507736 0.618331 0.489803 0.591920 0.489317 0.591990 0.488511 0.592336 0.487508 0.592904 0.486461 0.593608 0.452990 0.617933 0.452072 0.618656 0.451422 0.619289
0 0.719602 0.438504 0.719739 0.439175 0.720078 0.440142 0.720569 0.441257 0.738541 0.478782 0.739111 0.479883 0.739679 0.480810 0.740157 0.481422 0.740473 0.481626 0.769404 0.467770 0.769535 0.467522 0.769435 0.466869 0.769118 0.465912 0.768634 0.464796 0.750580 0.427100 0.750005 0.426003 0.749430 0.425100 0.748944 0.424528 0.748620 0.424374 0.719689 0.438229
