0 0.385140 0.956991 0.385244 0.957718 0.385817 0.958400 0.386772 0.958933 0.387964 0.959234 0.429389 0.964751 0.430629 0.964774 0.431718 0.964514 0.432492 0.964011 0.432832 0.963343 0.436564 0.935087 0.436416 0.934375 0.435804 0.933708 0.434823 0.933187 0.428967 0.931370 0.397094 0.927125 0.390892 0.927336 0.389781 0.927579 0.388974 0.928057 0.388594 0.928698
0 0.119301 0.068995 0.119305 0.069998 0.119695 0.070751 0.140705 0.089128 0.141407 0.089504 0.142329 0.089457 0.143330 0.088996 0.148181 0.085332 0.169675 0.061418 0.172956 0.056035 0.173366 0.054926 0.173401 0.053908 0.173055 0.053137 0.151858 0.034968 0.151168 0.034548 0.150256 0.034555 0.149260 0.034989 0.148332 0.035784 0.120396 0.066865 0.119684 0.067894
0 0.718198 0.226859 0.718502 0.227425 0.719238 0.227991 0.720295 0.228471 0.721512 0.228794 0.762774 0.236302 0.763994 0.236422 0.765018 0.236318 0.765692 0.236005 0.765912 0.235530 0.773778 0.206091 0.773517 0.205505 0.772808 0.204922 0.771758 0.204431 0.770527 0.204107 0.729196 0.196842 0.727999 0.196738 0.727009 0.196868 0.726374 0.197210 0.726191 0.197713
0 0.226184 0.221355 0.236919 0.252623 0.237020 0.252637 0.237574 0.252505 0.238496 0.252246 0.239645 0.251900 0.279577 0.239576 0.280772 0.239198 0.281822 0.238849 0.282566 0.238581 0.282893 0.238435 0.272425 0.207084 0.272293 0.207109 0.271712 0.207275 0.270773 0.207556 0.265144 0.209269 0.234420 0.218752 0.228425 0.220625 0.227348 0.220967 0.226560 0.221223
0 0.027208 0.080085 0.027228 0.080546 0.058475 0.095227 0.058662 0.095224 0.059012 0.094774 0.059473 0.093945 0.059975 0.092864 0.076407 0.054640 0.076876 0.053464 0.077244 0.052365 0.077455 0.051508 0.077478 0.051026 0.046341 0.036087 0.046143 0.036040 0.045780 0.036451 0.045308 0.037260 0.044799 0.038343 0.028198 0.076959 0.027732 0.078144 0.027385 0.079241
0 0.380488 0.248718 0.380578 0.249260 0.380964 0.250099 0.381587 0.251107 0.405170 0.285608 0.405931 0.286625 0.406709 0.287489 0.407386 0.288069 0.407858 0.288275 0.433097 0.269428 0.433272 0.269246 0.433144 0.268688 0.432732 0.267838 0.429787 0.262874 0.411642 0.236329 0.407722 0.231250 0.406943 0.230357 0.406264 0.229734 0.405788 0.229477 0.405589 0.229624
0 0.698781 0.467893 0.699136 0.468283 0.699879 0.468806 0.700896 0.469385 0.706556 0.472220 0.735806 0.485066 0.741209 0.487085 0.742112 0.487348 0.742669 0.487393 0.742795 0.487213 0.756882 0.458438 0.756568 0.458037 0.755849 0.457502 0.754833 0.456914 0.753677 0.456364 0.715396 0.439895 0.714304 0.439478 0.713429 0.439251 0.712902 0.439247 0.698866 0.467697
0 0.631586 0.303978 0.631763 0.309807 0.631923 0.310770 0.632229 0.311350 0.632634 0.311457 0.662819 0.314889 0.663284 0.314512 0.663717 0.313704 0.664049 0.312587 0.664231 0.311334 0.667386 0.269662 0.667389 0.268470 0.667212 0.267529 0.666883 0.266982 0.666451 0.266913 0.636287 0.263203 0.635842 0.263626 0.635429 0.264473 0.635109 0.265615 0.634013 0.271916
0 0.625662 0.110993 0.625784 0.111411 0.626349 0.111919 0.627271 0.112440 0.628411 0.112895 0.667882 0.126052 0.669073 0.126375 0.670143 0.126518 0.670928 0.126460 0.671310 0.126210 0.681454 0.095778 0.681381 0.095346 0.680856 0.094825 0.679956 0.094293 0.678821 0.093833 0.639169 0.080615 0.637977 0.080299 0.636920 0.080179 0.636158 0.080271 0.635807 0.080562
0 0.196027 0.105299 0.196096 0.106312 0.196484 0.107017 0.221101 0.121433 0.221733 0.121714 0.222530 0.121538 0.223371 0.120933 0.227358 0.116553 0.244555 0.089384 0.247074 0.083485 0.247362 0.082307 0.247331 0.081274 0.246983 0.080543 0.222217 0.066364 0.221589 0.066036 0.220794 0.066172 0.219953 0.066750 0.219196 0.067683 0.196845 0.102995 0.196290 0.104134
0 0.745859 0.080963 0.746174 0.081827 0.746895 0.082675 0.751702 0.086467 0.780083 0.101581 0.786012 0.103507 0.787155 0.103651 0.788103 0.103461 0.788712 0.102963 0.801635 0.077859 0.801821 0.077112 0.801547 0.076248 0.800855 0.075399 0.799849 0.074695 0.762963 0.055050 0.761804 0.054602 0.760675 0.054481 0.759750 0.054707 0.759169 0.055243 0.745999 0.080216
0 0.733074 0.492556 0.733104 0.493285 0.733441 0.493650 0.758608 0.509825 0.759219 0.509786 0.759993 0.509335 0.760810 0.508540 0.761546 0.507522 0.783274 0.471824 0.783813 0.470746 0.784068 0.469778 0.784001 0.469069 0.783623 0.468726 0.758601 0.452312 0.757988 0.452401 0.757213 0.452895 0.756396 0.453718 0.752521 0.458706 0.735804 0.486173 0.733354 0.491576
0 0.470118 0.234340 0.470201 0.235276 0.470504 0.236423 0.472712 0.242431 0.486484 0.271487 0.489485 0.276471 0.490087 0.277232 0.490617 0.277589 0.490995 0.277488 0.519096 0.265479 0.519288 0.264926 0.519240 0.264015 0.518962 0.262884 0.518494 0.261706 0.500595 0.223942 0.500012 0.222903 0.499407 0.222170 0.498873 0.221854 0.498489 0.222002 0.470269 0.233759
0 0.795549 0.544051 0.795616 0.544240 0.815397 0.569493 0.815866 0.569404 0.816649 0.569026 0.817628 0.568417 0.818652 0.567670 0.851557 0.541897 0.852464 0.541131 0.853109 0.540467 0.853394 0.540008 0.853276 0.539822 0.833496 0.514569 0.833012 0.514707 0.832218 0.515124 0.831236 0.515757 0.830214 0.516509 0.797460 0.542165 0.796547 0.542928 0.795877 0.543590
0 0.761283 0.914108 0.761742 0.914553 0.762593 0.915095 0.763706 0.915652 0.769764 0.918237 0.800085 0.929041 0.805389 0.930505 0.806219 0.930641 0.806647 0.930554 0.817424 0.900311 0.817375 0.900042 0.816867 0.899609 0.815978 0.899080 0.814843 0.898533 0.813635 0.898053 0.774443 0.884087 0.773337 0.883743 0.772494 0.883584 0.772042 0.883636 0.761284 0.913827
0 0.741913 0.245622 0.760433 0.270863 0.760666 0.271063 0.761274 0.270949 0.762164 0.270538 0.763203 0.269893 0.764230 0.269111 0.796265 0.242274 0.797118 0.241480 0.797661 0.240801 0.797812 0.240339 0.779477 0.214877 0.779227 0.214724 0.778601 0.214887 0.777695 0.215339 0.776648 0.216013 0.771353 0.219906 0.746705 0.240555 0.742675 0.244473 0.742104 0.245155
0 0.529798 0.956919 0.529998 0.957148 0.552637 0.979913 0.553170 0.979779 0.553936 0.979283 0.558305 0.975644 0.581128 0.952947 0.585312 0.948080 0.586009 0.947122 0.586438 0.946298 0.586536 0.945735 0.563916 0.922990 0.563687 0.922791 0.563147 0.922967 0.562380 0.923490 0.561501 0.924280 0.532000 0.953618 0.531137 0.954561 0.530415 0.955519 0.529945 0.956347
0 0.377333 0.895918 0.377440 0.896148 0.392839 0.924321 0.393371 0.924302 0.394233 0.924013 0.399410 0.921668 0.427654 0.906229 0.433061 0.902789 0.434009 0.902089 0.434668 0.901456 0.434940 0.900987 0.419554 0.872839 0.419410 0.872629 0.418861 0.872686 0.417990 0.872999 0.416930 0.873522 0.380422 0.893478 0.379326 0.894134 0.378355 0.894828 0.377655 0.895454
0 0.366269 0.767957 0.385862 0.793356 0.385955 0.793464 0.386421 0.793257 0.387191 0.792766 0.391839 0.789452 0.417326 0.769791 0.422227 0.765738 0.423091 0.764969 0.423700 0.764347 0.423960 0.763966 0.404367 0.738567 0.404257 0.738507 0.403779 0.738754 0.403004 0.739270 0.402051 0.739977 0.369108 0.765389 0.368116 0.766184 0.367228 0.766950 0.366579 0.767573
0 0.921028 0.406588 0.921075 0.407662 0.922495 0.413527 0.935177 0.443075 0.938555 0.448388 0.939340 0.449253 0.940176 0.449755 0.940934 0.449815 0.966912 0.437862 0.967496 0.437463 0.967800 0.436674 0.967775 0.435616 0.967426 0.434450 0.950943 0.396047 0.950325 0.394959 0.949536 0.394121 0.948696 0.393661 0.947935 0.393649 0.921848 0.405345 0.921299 0.405774
0 0.292746 0.742905 0.317055 0.762356 0.317324 0.762512 0.317875 0.762268 0.318625 0.761660 0.319459 0.760783 0.323566 0.755775 0.342129 0.729520 0.345044 0.724595 0.345429 0.723749 0.345506 0.723188 0.321073 0.703996 0.320810 0.703791 0.320264 0.703985 0.319518 0.704549 0.318686 0.705397 0.317894 0.706401 0.293768 0.740524 0.293143 0.741524 0.292785 0.742360
0 0.119622 0.975329 0.127861 1.000000 0.142215 1.000000 0.165556 0.997398 0.171848 0.995187 0.173019 0.994673 0.173935 0.994126 0.174457 0.993630 0.174506 0.993261 0.166282 0.962284 0.165858 0.962119 0.165020 0.962156 0.163895 0.962390 0.123682 0.973067 0.122433 0.973464 0.121242 0.973966 0.120289 0.974496 0.119720 0.974974
0 0.080077 0.122917 0.080377 0.123627 0.093578 0.148463 0.094292 0.148909 0.095322 0.149040 0.096509 0.148839 0.102499 0.146660 0.130329 0.130555 0.134867 0.126640 0.135507 0.125785 0.135717 0.124936 0.135462 0.124223 0.122020 0.099528 0.121333 0.099042 0.120325 0.098875 0.119152 0.099052 0.117992 0.099547 0.081821 0.120479 0.080858 0.121213 0.080246 0.122069
0 0.828496 0.248335 0.832810 0.280173 0.832915 0.280338 0.833499 0.280406 0.834475 0.280366 0.835692 0.280223 0.836967 0.280000 0.877912 0.271634 0.879040 0.271366 0.879844 0.271095 0.880200 0.270863 0.876154 0.238917 0.876011 0.238786 0.875388 0.238753 0.874380 0.238823 0.873141 0.238986 0.866639 0.240075 0.835135 0.246512 0.829720 0.247859 0.828891 0.248119
0 0.782798 0.458571 0.783072 0.459174 0.783758 0.459860 0.788436 0.463296 0.816430 0.479115 0.822343 0.481663 0.823495 0.482015 0.824467 0.482116 0.825110 0.481951 0.825327 0.481543 0.838730 0.454603 0.838497 0.453999 0.837839 0.453311 0.836855 0.452644 0.800471 0.432085 0.799319 0.431545 0.798181 0.431218 0.797232 0.431154 0.796615 0.431361 0.782979 0.458144
0 0.571923 0.210168 0.572075 0.210537 0.572633 0.211080 0.573513 0.211713 0.574580 0.212341 0.611264 0.231972 0.612363 0.232503 0.613335 0.232860 0.614032 0.232990 0.614347 0.232871 0.629482 0.204588 0.629380 0.204214 0.628862 0.203665 0.628007 0.203025 0.626945 0.202393 0.590092 0.182672 0.588992 0.182147 0.588029 0.181813 0.587349 0.181722 0.587058 0.181886
0 0.897992 0.441838 0.898035 0.441990 0.898263 0.442567 0.898641 0.443480 0.899113 0.444591 0.915496 0.482836 0.915991 0.483983 0.916439 0.485000 0.916771 0.485731 0.916937 0.486065 0.948056 0.473691 0.948056 0.473565 0.947862 0.473006 0.947504 0.472098 0.947035 0.470981 0.930484 0.432342 0.929981 0.431192 0.929522 0.430192 0.929178 0.429495 0.929002 0.429207
0 0.128626 0.345844 0.128773 0.346974 0.129162 0.347818 0.129732 0.348247 0.158199 0.353472 0.158843 0.353417 0.159484 0.352890 0.160026 0.351971 0.162103 0.346315 0.168391 0.314781 0.168693 0.308508 0.168565 0.307357 0.168203 0.306480 0.167663 0.306014 0.139142 0.301063 0.138484 0.301073 0.137829 0.301562 0.137279 0.302454 0.136916 0.303615 0.128743 0.344599
0 0.718948 0.766250 0.719048 0.766709 0.748758 0.778806 0.749068 0.778824 0.749516 0.778386 0.750034 0.777559 0.752650 0.772314 0.764788 0.742502 0.766720 0.736576 0.766980 0.735493 0.767044 0.734673 0.766902 0.734241 0.737192 0.722145 0.736892 0.722176 0.736455 0.722654 0.735946 0.723505 0.735443 0.724601 0.719754 0.763135 0.719330 0.764316 0.719047 0.765409
0 0.639962 0.828261 0.639990 0.829479 0.640207 0.830455 0.640582 0.831040 0.641057 0.831146 0.670659 0.835545 0.671181 0.835158 0.671647 0.834335 0.671987 0.833199 0.680480 0.792280 0.680639 0.791014 0.680592 0.789818 0.680346 0.788874 0.679940 0.788327 0.650416 0.783657 0.649934 0.783592 0.649426 0.784018 0.648969 0.784868 0.647091 0.790335 0.640556 0.821819
0 0.402834 0.310673 0.409412 0.342069 0.409731 0.342157 0.410477 0.342132 0.411538 0.341997 0.412752 0.341774 0.453474 0.333241 0.454665 0.332961 0.455659 0.332665 0.456306 0.332398 0.456507 0.332201 0.449928 0.300805 0.449645 0.300680 0.448926 0.300675 0.447880 0.300789 0.446667 0.301007 0.405758 0.309579 0.404570 0.309864 0.403598 0.310172 0.402988 0.310456
0 0.125176 0.867351 0.127014 0.900474 0.127129 0.900473 0.127730 0.900408 0.128725 0.900290 0.129963 0.900137 0.136500 0.899310 0.168388 0.895177 0.173913 0.894440 0.174770 0.894322 0.175194 0.894256 0.173081 0.861225 0.173006 0.861193 0.172446 0.861224 0.171486 0.861313 0.170271 0.861447 0.168987 0.861605 0.127543 0.866977 0.126394 0.867134 0.125563 0.867266
0 0.047874 0.594603 0.047967 0.595290 0.048166 0.596315 0.048439 0.597520 0.058284 0.638384 0.058589 0.639578 0.058877 0.640571 0.059103 0.641212 0.059235 0.641403 0.091956 0.633316 0.091945 0.633038 0.091820 0.632329 0.091603 0.631297 0.091325 0.630099 0.081580 0.589650 0.081283 0.588460 0.081008 0.587451 0.080799 0.586777 0.080687 0.586541 0.047900 0.594356
0 0.172185 0.815891 0.172292 0.816396 0.197256 0.834186 0.197656 0.834271 0.198307 0.833934 0.199107 0.833227 0.199937 0.832258 0.203813 0.826865 0.220227 0.799216 0.222561 0.794149 0.222809 0.793302 0.222739 0.792779 0.197670 0.775258 0.197272 0.775123 0.196624 0.775409 0.195824 0.776072 0.194994 0.777012 0.194262 0.778086 0.172928 0.814021 0.172409 0.815057
0 0.225791 0.617960 0.225842 0.618336 0.231562 0.648442 0.232094 0.648717 0.233022 0.648824 0.234204 0.648746 0.275623 0.643183 0.276872 0.642934 0.277989 0.642553 0.278803 0.642097 0.279192 0.641638 0.273753 0.611518 0.273662 0.611147 0.273098 0.610899 0.272149 0.610810 0.266379 0.611011 0.234511 0.615292 0.228225 0.616710 0.227082 0.617079 0.226227 0.617518
0 0.743066 0.675647 0.743106 0.676233 0.743192 0.676348 0.775755 0.679459 0.775847 0.679082 0.775957 0.678274 0.776069 0.677157 0.776586 0.670922 0.778736 0.638839 0.779032 0.632938 0.779061 0.631948 0.779047 0.631328 0.778991 0.631175 0.746409 0.628342 0.746293 0.628674 0.746162 0.629444 0.746036 0.630535 0.745933 0.631781 0.743139 0.673478 0.743078 0.674680
0 0.332188 0.084953 0.340102 0.116040 0.340478 0.116316 0.341269 0.116429 0.342354 0.116363 0.343569 0.116128 0.383889 0.105863 0.385056 0.105492 0.386005 0.105040 0.386594 0.104576 0.386731 0.104169 0.378817 0.073082 0.378474 0.072768 0.377709 0.072622 0.376637 0.072666 0.370601 0.073595 0.339408 0.081536 0.333755 0.083583 0.332828 0.084047 0.332277 0.084528
0 0.786138 0.105346 0.803717 0.131955 0.803975 0.132037 0.804617 0.131816 0.805546 0.131325 0.806620 0.130639 0.807675 0.129862 0.840463 0.103950 0.841332 0.103206 0.841876 0.102613 0.842014 0.102261 0.824628 0.075434 0.824350 0.075400 0.823688 0.075670 0.822743 0.076203 0.821659 0.076917 0.816208 0.080846 0.790981 0.100783 0.786888 0.104396 0.786316 0.104991
0 0.540578 0.524537 0.570808 0.535268 0.570952 0.535068 0.571238 0.534438 0.571622 0.533473 0.573744 0.527806 0.584512 0.497472 0.586425 0.491772 0.586731 0.490794 0.586899 0.490144 0.586905 0.489923 0.556675 0.479192 0.556544 0.479440 0.556269 0.480110 0.555894 0.481098 0.555475 0.482256 0.541556 0.521465 0.541154 0.522623 0.540827 0.523613 0.540625 0.524286
