0 0.328023 0.402653 0.328030 0.403457 0.328324 0.403905 0.354444 0.418818 0.354960 0.418828 0.355639 0.418411 0.356379 0.417630 0.359969 0.412709 0.375903 0.384780 0.378341 0.379136 0.378648 0.378083 0.378677 0.377257 0.378425 0.376785 0.352166 0.362115 0.351651 0.362056 0.350971 0.362432 0.350230 0.363184 0.349541 0.364199 0.328832 0.400497 0.328304 0.401613
0 0.684386 0.898777 0.684995 0.905356 0.685244 0.906599 0.685630 0.907596 0.686096 0.908194 0.686570 0.908302 0.716554 0.906429 0.716984 0.906030 0.717280 0.905185 0.717398 0.904025 0.718053 0.862239 0.717974 0.860947 0.717710 0.859728 0.717301 0.858769 0.716811 0.858216 0.716315 0.858151 0.686380 0.859741 0.685971 0.860175 0.685689 0.861043 0.684890 0.866626
0 0.345437 0.730930 0.345626 0.732065 0.346043 0.733253 0.363026 0.771438 0.363605 0.772491 0.364255 0.773241 0.364875 0.773573 0.365372 0.773438 0.393116 0.762340 0.393392 0.761765 0.393425 0.760831 0.393213 0.759680 0.391316 0.753626 0.378250 0.724247 0.375203 0.719186 0.374558 0.718408 0.373942 0.718035 0.373451 0.718123 0.345820 0.729477 0.345505 0.730021
0 0.179165 0.370762 0.180197 0.412540 0.180343 0.413783 0.180698 0.414862 0.181208 0.415613 0.181794 0.415921 0.211156 0.414661 0.211707 0.414481 0.212162 0.413838 0.212450 0.412831 0.213136 0.406879 0.212341 0.374735 0.211355 0.368526 0.211014 0.367423 0.210525 0.366635 0.209960 0.366283 0.180605 0.367822 0.180030 0.367962 0.179554 0.368570 0.179250 0.369553
0 0.798759 0.710842 0.798938 0.711749 0.800919 0.717070 0.815679 0.745637 0.819282 0.751122 0.820072 0.752091 0.820858 0.752773 0.821521 0.753064 0.821960 0.752919 0.847699 0.737196 0.847863 0.736628 0.847708 0.735735 0.847256 0.734653 0.828073 0.697526 0.827398 0.696428 0.826606 0.695488 0.825818 0.694849 0.825155 0.694609 0.824717 0.694803 0.798888 0.710252
0 0.717710 0.666705 0.717844 0.667241 0.732503 0.692923 0.733069 0.693228 0.733970 0.693235 0.735068 0.692944 0.736195 0.692399 0.772073 0.670969 0.773052 0.670257 0.773725 0.669490 0.773991 0.668785 0.773809 0.668251 0.759390 0.642425 0.758799 0.642163 0.757878 0.642192 0.756766 0.642508 0.751001 0.645029 0.723396 0.661517 0.718718 0.665234 0.718017 0.666001
0 0.805281 0.787426 0.805311 0.787734 0.812708 0.818948 0.813220 0.819171 0.814131 0.819248 0.815302 0.819167 0.821617 0.818192 0.852938 0.810770 0.858360 0.808964 0.859196 0.808569 0.859606 0.808179 0.852203 0.776938 0.852131 0.776639 0.851586 0.776453 0.850649 0.776408 0.849465 0.776511 0.848212 0.776745 0.807727 0.786338 0.806589 0.786671 0.805730 0.787052
0 0.001288 0.298185 0.001432 0.299042 0.001952 0.299595 0.023835 0.317427 0.024637 0.317578 0.025614 0.317316 0.026618 0.316682 0.031278 0.312397 0.050843 0.286880 0.053585 0.281512 0.053865 0.280470 0.053759 0.279596 0.053280 0.279024 0.031228 0.261413 0.030435 0.261216 0.029465 0.261437 0.028464 0.262043 0.027587 0.262941 0.002158 0.296105 0.001543 0.297154
0 0.628564 0.520981 0.628656 0.522019 0.629908 0.527895 0.639792 0.558492 0.642279 0.564192 0.642836 0.565163 0.643405 0.565794 0.643899 0.565988 0.672605 0.556066 0.672971 0.555786 0.673132 0.555082 0.673062 0.554063 0.672772 0.552882 0.659926 0.513115 0.659462 0.511961 0.658898 0.511017 0.658320 0.510428 0.657816 0.510282 0.629024 0.519938 0.628693 0.520250
0 0.122440 0.489494 0.122644 0.489711 0.150031 0.506412 0.150465 0.506198 0.151086 0.505601 0.151799 0.504712 0.152498 0.503665 0.174159 0.468142 0.174740 0.467091 0.175119 0.466188 0.175240 0.465569 0.175082 0.465331 0.147695 0.448630 0.147258 0.448794 0.146633 0.449350 0.145914 0.450215 0.145212 0.451257 0.123451 0.486943 0.122876 0.487995 0.122521 0.488891
0 0.688369 0.588161 0.688427 0.588414 0.719187 0.598657 0.719372 0.598437 0.719681 0.597785 0.720068 0.596800 0.722116 0.591069 0.732137 0.560516 0.733879 0.554689 0.734151 0.553667 0.734287 0.552960 0.734268 0.552675 0.703421 0.542697 0.703224 0.542869 0.702903 0.543480 0.702509 0.544437 0.702101 0.545594 0.689077 0.585304 0.688721 0.586477 0.688472 0.587481
0 0.625424 0.125677 0.625433 0.167468 0.625474 0.168754 0.625589 0.169956 0.625761 0.170889 0.625964 0.171412 0.626166 0.171447 0.658092 0.169534 0.658241 0.169074 0.658341 0.168189 0.658603 0.162560 0.658596 0.130406 0.658331 0.123871 0.658231 0.122644 0.658082 0.121673 0.657905 0.121104 0.657729 0.121027 0.625751 0.123224 0.625579 0.123649 0.625464 0.124510
0 0.419613 0.589420 0.433082 0.617876 0.433498 0.617945 0.434288 0.617783 0.435333 0.617418 0.441041 0.614983 0.469815 0.600630 0.474991 0.597635 0.475836 0.597058 0.476326 0.596580 0.476386 0.596275 0.462667 0.567943 0.462279 0.567833 0.461511 0.567957 0.460481 0.568298 0.459346 0.568804 0.421950 0.587458 0.420890 0.588048 0.420074 0.588628 0.419625 0.589110
0 0.136740 0.186001 0.136780 0.186965 0.136982 0.187550 0.137316 0.187666 0.168558 0.195904 0.168992 0.195543 0.169440 0.194754 0.169835 0.193658 0.170115 0.192420 0.176951 0.151216 0.177073 0.150033 0.177016 0.149093 0.176791 0.148538 0.145626 0.139713 0.145286 0.139633 0.144865 0.140040 0.144427 0.140872 0.144040 0.142001 0.142472 0.148255 0.137175 0.180183
0 0.000000 0.439154 0.000057 0.439191 0.001343 0.439210 0.002654 0.439207 0.044258 0.438743 0.045403 0.438719 0.046217 0.438677 0.046575 0.438623 0.046217 0.406576 0.046063 0.406491 0.045420 0.406412 0.044386 0.406350 0.043116 0.406315 0.036451 0.406258 0.004264 0.406617 0.000011 0.406778 0.000000 0.406808
0 0.394538 0.803553 0.394554 0.809235 0.396393 0.841336 0.397073 0.847799 0.397259 0.849000 0.397488 0.849935 0.397725 0.850461 0.397935 0.850497 0.429540 0.846694 0.429712 0.846234 0.429794 0.845349 0.429773 0.844176 0.427383 0.802454 0.427263 0.801178 0.427063 0.800002 0.426814 0.799107 0.426553 0.798627 0.426321 0.798635 0.394750 0.802152 0.394603 0.802646
0 0.028611 0.647607 0.028662 0.648286 0.029030 0.649211 0.031907 0.654355 0.050499 0.680631 0.054590 0.685333 0.055413 0.686091 0.056146 0.686521 0.056676 0.686557 0.082862 0.668028 0.083087 0.667682 0.082995 0.666991 0.082602 0.666060 0.081967 0.665031 0.057935 0.631068 0.057150 0.630091 0.056331 0.629307 0.055600 0.628836 0.055069 0.628750 0.028883 0.647279
0 0.102065 0.196234 0.102313 0.196876 0.113220 0.223400 0.113903 0.223813 0.114927 0.223956 0.116133 0.223806 0.122307 0.222020 0.151437 0.208408 0.156284 0.205045 0.156990 0.204300 0.157264 0.203552 0.157062 0.202913 0.145902 0.176507 0.145249 0.176056 0.144251 0.175879 0.143061 0.176005 0.141860 0.176416 0.103999 0.194107 0.102977 0.194736 0.102299 0.195483
0 0.784421 0.579101 0.784451 0.579277 0.798468 0.608130 0.798950 0.608118 0.799799 0.607894 0.800886 0.607492 0.802046 0.606973 0.839641 0.588708 0.840688 0.588155 0.841456 0.587656 0.841828 0.587286 0.841748 0.587103 0.827730 0.558250 0.827224 0.558306 0.826356 0.558566 0.825261 0.558991 0.824102 0.559516 0.786679 0.577697 0.785627 0.578246 0.784834 0.578739
0 0.715452 0.911653 0.715622 0.912400 0.732776 0.935018 0.733353 0.935492 0.734238 0.935604 0.735295 0.935338 0.736362 0.934732 0.770020 0.909961 0.770929 0.909113 0.771534 0.908156 0.771743 0.907239 0.771526 0.906499 0.754597 0.883716 0.753998 0.883284 0.753096 0.883208 0.752029 0.883501 0.746554 0.886222 0.720657 0.905281 0.716335 0.909770 0.715702 0.910729
0 0.902558 0.550203 0.902806 0.550683 0.903503 0.551231 0.908369 0.553975 0.937934 0.566615 0.944253 0.568654 0.945497 0.568936 0.946566 0.569018 0.947295 0.568887 0.947573 0.568563 0.957199 0.539602 0.956991 0.539115 0.956322 0.538562 0.955292 0.538029 0.916866 0.521600 0.915640 0.521169 0.914413 0.520911 0.913371 0.520863 0.912675 0.521034 0.912428 0.521396
0 0.569497 0.242808 0.569661 0.243709 0.570120 0.244770 0.573331 0.250193 0.592830 0.275760 0.596997 0.280008 0.597817 0.280626 0.598521 0.280864 0.599002 0.280683 0.623111 0.263126 0.623313 0.262543 0.623189 0.261658 0.622755 0.260608 0.622079 0.259552 0.596736 0.226323 0.595924 0.225428 0.595106 0.224838 0.594407 0.224642 0.593933 0.224869 0.569655 0.242205
0 0.468659 0.164808 0.468731 0.164906 0.493597 0.185659 0.493986 0.185386 0.494613 0.184765 0.495382 0.183890 0.496176 0.182895 0.521512 0.149661 0.522205 0.148704 0.522687 0.147938 0.522884 0.147479 0.498167 0.126486 0.498070 0.126421 0.497676 0.126746 0.497044 0.127411 0.496273 0.128315 0.492236 0.133322 0.472742 0.158893 0.469404 0.163560 0.468896 0.164335
0 0.867382 0.791709 0.868472 0.823845 0.869617 0.830302 0.870007 0.831500 0.870562 0.832429 0.871197 0.832948 0.871817 0.832976 0.900717 0.829998 0.901244 0.829531 0.901578 0.828641 0.901666 0.827465 0.900248 0.785699 0.900077 0.784423 0.899674 0.783250 0.899100 0.782360 0.898444 0.781887 0.897806 0.781902 0.868939 0.784596 0.868433 0.785097 0.868114 0.786009
0 0.724133 0.245678 0.724336 0.245890 0.750326 0.263482 0.750781 0.263261 0.751437 0.262656 0.755185 0.258454 0.774839 0.233006 0.778527 0.227581 0.779160 0.226515 0.779581 0.225603 0.779723 0.224984 0.779565 0.224753 0.753362 0.207355 0.752911 0.207535 0.752257 0.208112 0.751499 0.208998 0.725954 0.242074 0.725213 0.243128 0.724607 0.244184 0.724227 0.245080
0 0.306599 0.719051 0.306700 0.719636 0.334213 0.733416 0.334541 0.733566 0.335065 0.733267 0.335705 0.732564 0.336364 0.731565 0.339424 0.725907 0.352290 0.696439 0.354098 0.690949 0.354284 0.690013 0.354217 0.689405 0.353905 0.689217 0.326302 0.675704 0.325773 0.675953 0.325129 0.676613 0.324466 0.677583 0.323888 0.678716 0.307165 0.717015 0.306762 0.718130
0 0.170981 0.777854 0.199235 0.793102 0.199383 0.793060 0.199762 0.792589 0.200315 0.791761 0.200957 0.790702 0.201590 0.789574 0.221350 0.752959 0.221883 0.751925 0.222238 0.751136 0.222362 0.750711 0.194157 0.735490 0.194005 0.735481 0.193620 0.735903 0.193062 0.736692 0.192413 0.737727 0.191775 0.738851 0.171925 0.775634 0.171398 0.776669 0.171067 0.777448
0 0.111702 0.156382 0.111819 0.157602 0.112193 0.158587 0.112766 0.159185 0.140890 0.164431 0.141555 0.164550 0.142232 0.164174 0.142817 0.163361 0.145130 0.158011 0.152571 0.126729 0.153074 0.120246 0.152977 0.119005 0.152631 0.117989 0.152089 0.117352 0.151432 0.117192 0.123223 0.112215 0.122535 0.112553 0.121941 0.113340 0.121533 0.114457 0.111861 0.155113
0 0.632128 0.441794 0.632192 0.441982 0.663552 0.448733 0.663747 0.448449 0.664015 0.447729 0.664316 0.446684 0.665809 0.440689 0.672583 0.409221 0.673629 0.403425 0.673761 0.402454 0.673779 0.401846 0.673678 0.401693 0.642318 0.394943 0.642142 0.395273 0.641891 0.396030 0.641602 0.397096 0.641319 0.398312 0.632563 0.438986 0.632329 0.440173 0.632176 0.441159
0 0.918323 0.063529 0.918730 0.070086 0.926148 0.101373 0.928547 0.106652 0.929166 0.107438 0.929894 0.107773 0.957591 0.102882 0.958337 0.102711 0.958971 0.102064 0.959396 0.101039 0.959548 0.099792 0.959402 0.098513 0.949761 0.057850 0.949341 0.056742 0.948713 0.055982 0.947975 0.055685 0.920175 0.060310 0.919457 0.060518 0.918853 0.061204 0.918455 0.062261
0 0.639525 0.477352 0.650233 0.506831 0.650437 0.507042 0.651074 0.507065 0.652047 0.506897 0.657742 0.505412 0.688237 0.495218 0.694079 0.492846 0.695108 0.492344 0.695828 0.491867 0.696129 0.491488 0.685156 0.462098 0.684983 0.461850 0.684372 0.461794 0.683417 0.461940 0.682261 0.462265 0.642627 0.475515 0.641455 0.475967 0.640454 0.476476 0.639777 0.476962
0 0.508935 0.955927 0.525693 0.983279 0.525924 0.983576 0.526537 0.983572 0.527440 0.983268 0.532643 0.980742 0.560090 0.963926 0.565171 0.960151 0.566028 0.959377 0.566572 0.958672 0.566722 0.958142 0.549964 0.930789 0.549712 0.930539 0.549083 0.930583 0.548173 0.930912 0.547120 0.931477 0.511644 0.953212 0.510601 0.953931 0.509720 0.954699 0.509135 0.955400
0 0.784212 0.098047 0.784357 0.098306 0.813979 0.109781 0.814297 0.109553 0.814766 0.108883 0.817461 0.104162 0.831692 0.075328 0.834381 0.069141 0.834847 0.067918 0.835162 0.066863 0.835277 0.066135 0.835176 0.065847 0.805381 0.054607 0.805057 0.054794 0.804585 0.055437 0.804036 0.056438 0.785540 0.093912 0.785003 0.095111 0.784562 0.096319 0.784284 0.097349
0 0.662433 0.363816 0.687166 0.383242 0.687403 0.383356 0.687920 0.383079 0.688640 0.382454 0.692674 0.378294 0.713497 0.353792 0.717340 0.348683 0.717987 0.347700 0.718396 0.346886 0.718505 0.346367 0.693590 0.327154 0.693361 0.326992 0.692849 0.327228 0.692133 0.327826 0.691321 0.328694 0.664258 0.360539 0.663481 0.361540 0.662861 0.362514 0.662493 0.363314
0 0.534487 0.795231 0.536919 0.827217 0.537195 0.827485 0.537917 0.827676 0.538976 0.827760 0.540209 0.827725 0.581886 0.824557 0.583098 0.824407 0.584096 0.824166 0.584728 0.823872 0.584897 0.823570 0.582466 0.791585 0.582150 0.791348 0.581397 0.791184 0.580321 0.791118 0.579086 0.791160 0.537600 0.794314 0.536385 0.794458 0.535367 0.794683 0.534700 0.794954
