0 0.160276 0.927634 0.160601 0.928421 0.161364 0.929138 0.162447 0.929677 0.201878 0.943521 0.203109 0.943795 0.204294 0.943761 0.205250 0.943425 0.205833 0.942837 0.214467 0.915952 0.214582 0.915223 0.214217 0.914443 0.213427 0.913731 0.208237 0.910755 0.177898 0.900103 0.171611 0.899049 0.170409 0.899062 0.169424 0.899368 0.168807 0.899921 0.160436 0.926899
0 0.477840 0.331874 0.477860 0.332125 0.499497 0.355474 0.499887 0.355405 0.500571 0.355008 0.501445 0.354342 0.502375 0.353510 0.532506 0.324551 0.533344 0.323684 0.533958 0.322920 0.534253 0.322376 0.534186 0.322134 0.512751 0.298592 0.512347 0.298709 0.511652 0.299149 0.510772 0.299843 0.506070 0.303957 0.482887 0.326238 0.478819 0.330553 0.478177 0.331322
0 0.594556 0.222052 0.594810 0.222926 0.595397 0.223909 0.599326 0.228785 0.622555 0.251018 0.627414 0.254552 0.628353 0.255029 0.629132 0.255145 0.629635 0.254881 0.650349 0.233872 0.650514 0.233253 0.650301 0.232390 0.649741 0.231413 0.648921 0.230472 0.618729 0.201576 0.617778 0.200821 0.616847 0.200371 0.616079 0.200295 0.615590 0.200604 0.594674 0.221420
0 0.412991 0.152402 0.413104 0.152876 0.413504 0.153669 0.414132 0.154661 0.437673 0.189191 0.438428 0.190225 0.439189 0.191136 0.439842 0.191786 0.440286 0.192075 0.440455 0.191960 0.465883 0.172601 0.465732 0.172112 0.465305 0.171308 0.462325 0.166464 0.444212 0.139897 0.440340 0.134690 0.439577 0.133750 0.438922 0.133056 0.438475 0.132715 0.438303 0.132780
0 0.791808 0.130077 0.791812 0.130695 0.791918 0.130835 0.824105 0.135266 0.824276 0.134902 0.824512 0.134094 0.825828 0.128743 0.832604 0.097311 0.833850 0.090771 0.834059 0.089515 0.834191 0.088479 0.834223 0.087823 0.834153 0.087645 0.801853 0.083482 0.801666 0.083808 0.801420 0.084589 0.801152 0.085709 0.792346 0.126561 0.792097 0.127840 0.791909 0.129075
0 0.489769 0.670464 0.489849 0.670708 0.490350 0.671145 0.491195 0.671707 0.496336 0.674735 0.524745 0.689796 0.530352 0.692465 0.531372 0.692892 0.532135 0.693126 0.532525 0.693131 0.546877 0.664591 0.546846 0.664343 0.546387 0.663903 0.545570 0.663338 0.544520 0.662735 0.507597 0.643161 0.506480 0.642615 0.505474 0.642213 0.504732 0.642017 0.504367 0.642055
0 0.403336 0.221543 0.403380 0.222078 0.403694 0.222938 0.404230 0.223993 0.424797 0.260372 0.425469 0.261453 0.426170 0.262388 0.426795 0.263036 0.427246 0.263297 0.454001 0.246557 0.454190 0.246407 0.454109 0.245853 0.453770 0.244980 0.451256 0.239806 0.435432 0.211816 0.431959 0.206400 0.431258 0.205435 0.430635 0.204744 0.430184 0.204431 0.429975 0.204546
0 0.763231 0.528173 0.763302 0.529419 0.763845 0.530544 0.764777 0.531375 0.765956 0.531787 0.772178 0.532530 0.773454 0.532457 0.774604 0.531902 0.775455 0.530948 0.780523 0.524873 0.781531 0.523537 0.782545 0.521946 0.790738 0.508028 0.791602 0.506428 0.797055 0.494254 0.797476 0.493047 0.797403 0.491772 0.796847 0.490621 0.795894 0.489770 0.794687 0.489349 0.787950 0.489592 0.786704 0.489664 0.785579 0.490206 0.784748 0.491138 0.763642 0.526994
0 0.873905 0.138392 0.874128 0.138876 0.900245 0.153701 0.900766 0.153757 0.901489 0.153368 0.902304 0.152591 0.903086 0.151545 0.903716 0.150390 0.920886 0.112289 0.921264 0.111208 0.921329 0.110373 0.921073 0.109911 0.895033 0.094805 0.894513 0.094800 0.893792 0.095241 0.892981 0.096062 0.892201 0.097137 0.888786 0.102980 0.875576 0.132295 0.873993 0.137542
0 0.063181 0.337101 0.063420 0.337441 0.089340 0.356339 0.089843 0.356268 0.090556 0.355814 0.091371 0.355046 0.092164 0.354082 0.116675 0.320462 0.117330 0.319441 0.117753 0.318512 0.117878 0.317816 0.117687 0.317459 0.091767 0.298561 0.091265 0.298582 0.090550 0.298994 0.089732 0.299737 0.088935 0.300696 0.064311 0.334470 0.063663 0.335493 0.063266 0.336417
0 0.842010 0.182721 0.842489 0.188393 0.842756 0.189298 0.843218 0.189789 0.872175 0.193757 0.872782 0.193762 0.873425 0.193280 0.874005 0.192383 0.874433 0.191207 0.874644 0.189932 0.877580 0.148244 0.877541 0.147072 0.877257 0.146191 0.876773 0.145733 0.847793 0.141478 0.847203 0.141518 0.846580 0.142046 0.846018 0.142983 0.845602 0.144184 0.844268 0.150646
0 0.244544 0.969698 0.244588 0.970526 0.244860 0.970926 0.273717 0.981137 0.274154 0.981039 0.274707 0.980466 0.275292 0.979503 0.275821 0.978300 0.278010 0.971921 0.285701 0.940700 0.286422 0.935268 0.286398 0.934421 0.286155 0.933994 0.257275 0.924072 0.256827 0.924120 0.256261 0.924644 0.255664 0.925563 0.255127 0.926739 0.254731 0.927990 0.244735 0.968568
0 0.776927 0.707119 0.776977 0.708367 0.777500 0.709501 0.778417 0.710348 0.788359 0.718215 0.789104 0.718561 0.790465 0.718970 0.792234 0.719380 0.794143 0.719727 0.810095 0.722248 0.811844 0.722479 0.813161 0.722557 0.828187 0.722358 0.829464 0.722307 0.830625 0.721771 0.831492 0.720833 0.831934 0.719634 0.831883 0.718357 0.831348 0.717196 0.830409 0.716329 0.822856 0.711384 0.821684 0.710952 0.780588 0.704457 0.779340 0.704507 0.778206 0.705030 0.777359 0.705947
0 0.352948 0.859415 0.352968 0.860411 0.353101 0.861019 0.353328 0.861145 0.384677 0.864956 0.384984 0.864585 0.385299 0.863770 0.385574 0.862635 0.393508 0.821605 0.393699 0.820331 0.393776 0.819120 0.393726 0.818157 0.393559 0.817589 0.393300 0.817500 0.362054 0.813421 0.361763 0.813830 0.361458 0.814670 0.360028 0.820123 0.353923 0.851692 0.353044 0.858183
0 0.549308 0.225549 0.558236 0.256360 0.558419 0.256505 0.559042 0.256493 0.560011 0.256325 0.561177 0.256026 0.601139 0.244447 0.602333 0.244061 0.603382 0.243645 0.604126 0.243262 0.604451 0.242968 0.595524 0.212158 0.595373 0.211973 0.594775 0.211953 0.593820 0.212100 0.592655 0.212392 0.552509 0.224024 0.551319 0.224415 0.550292 0.224842 0.549586 0.225241
0 0.065409 0.420353 0.065918 0.451815 0.066284 0.452087 0.067104 0.452306 0.068255 0.452439 0.109958 0.455133 0.111256 0.455159 0.112494 0.455072 0.113485 0.454888 0.114076 0.454633 0.114180 0.454347 0.113952 0.422953 0.113551 0.422701 0.112706 0.422496 0.107191 0.421739 0.075104 0.419666 0.068480 0.419638 0.067218 0.419708 0.066191 0.419868 0.065555 0.420094
0 0.702525 0.176741 0.702746 0.177036 0.727356 0.195751 0.727850 0.195620 0.728562 0.195099 0.732616 0.191250 0.753840 0.167095 0.757815 0.161806 0.758497 0.160742 0.758947 0.159798 0.759096 0.159118 0.758921 0.158806 0.734088 0.140272 0.733599 0.140363 0.732891 0.140857 0.732073 0.141679 0.704488 0.173073 0.703688 0.174093 0.703034 0.175149 0.702625 0.176079
0 0.916881 0.649913 0.938996 0.675010 0.939365 0.674762 0.940060 0.674242 0.940976 0.673528 0.941972 0.672729 0.974589 0.646214 0.975507 0.645457 0.976202 0.644862 0.976566 0.644521 0.976547 0.644484 0.954215 0.619564 0.953836 0.619856 0.953136 0.620411 0.952223 0.621144 0.951236 0.621944 0.918951 0.648189 0.918032 0.648939 0.917317 0.649530 0.916912 0.649872
0 0.275377 0.511866 0.275580 0.517922 0.277607 0.550012 0.278170 0.556096 0.278305 0.557155 0.278451 0.557877 0.278588 0.558152 0.310845 0.555860 0.310978 0.555644 0.311060 0.554972 0.311079 0.553947 0.311031 0.552724 0.308397 0.511017 0.308290 0.509791 0.308142 0.508757 0.307974 0.508073 0.307813 0.507842 0.275538 0.509855 0.275435 0.510111 0.275378 0.510817
0 0.151542 0.381782 0.151880 0.382274 0.171719 0.403879 0.172392 0.404011 0.173312 0.403780 0.174338 0.403220 0.179404 0.399439 0.202360 0.376924 0.205978 0.372188 0.206459 0.371269 0.206561 0.370498 0.206268 0.369994 0.186229 0.348584 0.185572 0.348406 0.184664 0.348597 0.183645 0.349128 0.182670 0.349920 0.152834 0.379183 0.152058 0.380109 0.151604 0.381022
0 0.749290 0.651353 0.759837 0.682097 0.759941 0.682168 0.760498 0.682084 0.761422 0.681861 0.767015 0.680310 0.797773 0.670939 0.803817 0.668944 0.804912 0.668553 0.805724 0.668219 0.806129 0.667993 0.795315 0.637331 0.795241 0.637222 0.794711 0.637273 0.793805 0.637475 0.792660 0.637798 0.752683 0.649977 0.751482 0.650369 0.750415 0.650769 0.749645 0.651114
0 0.436437 0.813118 0.461349 0.833302 0.461490 0.833399 0.461918 0.833099 0.462569 0.832448 0.463343 0.831546 0.467326 0.826498 0.486223 0.800483 0.489389 0.795689 0.489856 0.794883 0.490046 0.794376 0.489930 0.794245 0.464874 0.774304 0.464450 0.774553 0.463803 0.775160 0.463030 0.776033 0.462251 0.777038 0.437691 0.810851 0.437029 0.811829 0.436588 0.812626
0 0.752437 0.354627 0.774585 0.377793 0.774649 0.377855 0.775067 0.377578 0.775775 0.377006 0.776666 0.376224 0.777604 0.375352 0.807815 0.346468 0.808651 0.345645 0.809250 0.345002 0.809523 0.344636 0.787337 0.321429 0.787261 0.321417 0.786833 0.321742 0.786118 0.322354 0.785226 0.323160 0.784291 0.324037 0.754218 0.352789 0.753377 0.353610 0.752752 0.354255
0 0.676966 0.540752 0.677049 0.540772 0.678517 0.541115 0.718142 0.550345 0.721431 0.551111 0.723828 0.551669 0.731106 0.520427 0.731071 0.520390 0.730564 0.520247 0.729663 0.520020 0.728505 0.519744 0.687798 0.510262 0.686567 0.509981 0.685459 0.509740 0.684643 0.509574 0.684244 0.509511
0 0.414499 0.921191 0.414509 0.921790 0.414690 0.922756 0.415013 0.923944 0.417023 0.930181 0.428299 0.960330 0.430514 0.965390 0.430914 0.966134 0.431209 0.966440 0.461281 0.955192 0.461400 0.955021 0.461348 0.954394 0.461134 0.953407 0.460789 0.952209 0.460367 0.950984 0.445792 0.912014 0.445353 0.910938 0.444962 0.910169 0.444678 0.909823 0.414659 0.921051
0 0.067026 0.249431 0.067293 0.249867 0.095717 0.264735 0.096184 0.264725 0.096806 0.264284 0.097487 0.263481 0.098125 0.262437 0.117409 0.225570 0.117910 0.224436 0.118202 0.223379 0.118241 0.222558 0.118019 0.222098 0.089595 0.207230 0.089121 0.207190 0.088492 0.207589 0.087804 0.208368 0.084450 0.213351 0.069530 0.241873 0.067295 0.247578 0.067027 0.248627
0 0.620028 0.072280 0.620260 0.073507 0.620943 0.074552 0.621974 0.075257 0.623197 0.075512 0.664801 0.075929 0.666028 0.075697 0.667073 0.075014 0.667777 0.073983 0.671702 0.064016 0.671964 0.062765 0.671727 0.061509 0.671028 0.060440 0.669973 0.059719 0.668722 0.059457 0.626144 0.059031 0.624889 0.059268 0.623819 0.059967 0.623098 0.061023 0.620284 0.071058
0 0.324063 0.368159 0.324202 0.368664 0.341897 0.392890 0.342415 0.393083 0.343246 0.392952 0.344263 0.392519 0.349587 0.389401 0.375323 0.370125 0.379734 0.365950 0.380407 0.365118 0.380722 0.364391 0.380630 0.363879 0.362711 0.339821 0.362214 0.339584 0.361399 0.339675 0.360393 0.340083 0.359348 0.340744 0.325899 0.365797 0.324981 0.366606 0.324336 0.367436
0 0.578037 0.525818 0.578119 0.526234 0.578585 0.526875 0.579363 0.527643 0.580336 0.528420 0.614148 0.552980 0.615160 0.553644 0.616051 0.554089 0.616685 0.554247 0.616966 0.554094 0.635992 0.529148 0.635861 0.528727 0.635352 0.528083 0.634545 0.527313 0.629750 0.523343 0.603734 0.504446 0.598688 0.501268 0.597787 0.500797 0.597137 0.500600 0.596838 0.500708
0 0.628101 0.358833 0.628172 0.359117 0.628601 0.359677 0.629320 0.360429 0.630221 0.361258 0.661593 0.388586 0.662545 0.389372 0.663409 0.389999 0.664054 0.390374 0.664382 0.390438 0.685452 0.366251 0.685431 0.365973 0.685044 0.365415 0.684349 0.364663 0.683454 0.363832 0.651938 0.336377 0.650984 0.335598 0.650123 0.334995 0.649486 0.334661 0.649171 0.334645
0 0.293245 0.141539 0.293300 0.142703 0.296414 0.184384 0.296541 0.185666 0.296720 0.186862 0.296923 0.187789 0.297120 0.188306 0.297279 0.188336 0.329240 0.185948 0.329315 0.185489 0.329322 0.184609 0.329261 0.183442 0.326161 0.141952 0.326039 0.140668 0.325876 0.139454 0.325695 0.138493 0.325523 0.137933 0.325389 0.137859 0.293372 0.140251 0.293270 0.140678
0 0.535881 0.119473 0.536029 0.120147 0.536382 0.120378 0.564909 0.131261 0.565394 0.131004 0.565960 0.130307 0.568839 0.125481 0.582328 0.096293 0.584552 0.090078 0.584872 0.088857 0.584987 0.087815 0.584880 0.087110 0.584567 0.086850 0.555878 0.076205 0.555387 0.076422 0.554817 0.077090 0.554254 0.078110 0.536722 0.116045 0.536256 0.117253 0.535961 0.118457
0 0.555716 0.655171 0.555892 0.655676 0.556502 0.656267 0.557455 0.656853 0.558605 0.657345 0.598039 0.671181 0.599204 0.671501 0.600197 0.671598 0.600869 0.671457 0.601116 0.671100 0.612040 0.642635 0.611816 0.642138 0.611163 0.641556 0.610182 0.640976 0.604483 0.638351 0.574142 0.627705 0.568363 0.626303 0.567352 0.626184 0.566654 0.626293 0.566376 0.626613
0 0.434769 0.634713 0.434941 0.635522 0.435410 0.636519 0.436104 0.637552 0.461707 0.670582 0.462515 0.671488 0.463311 0.672121 0.463971 0.672386 0.464396 0.672244 0.488864 0.654117 0.488969 0.653601 0.488757 0.652777 0.488262 0.651770 0.484937 0.646505 0.465238 0.621092 0.461111 0.616743 0.460313 0.616081 0.459647 0.615774 0.459217 0.615869 0.434919 0.634217
0 0.457656 0.513985 0.457748 0.515035 0.458755 0.521012 0.466228 0.552286 0.468048 0.558140 0.468446 0.559143 0.468842 0.559804 0.469176 0.560022 0.499544 0.552462 0.499788 0.552197 0.499881 0.551496 0.499810 0.550466 0.499584 0.549263 0.489871 0.508617 0.489527 0.507433 0.489119 0.506457 0.488710 0.505836 0.488362 0.505666 0.457929 0.512954 0.457719 0.513254
0 0.661979 0.426671 0.662138 0.427361 0.662477 0.428351 0.662946 0.429488 0.679858 0.467704 0.680382 0.468809 0.680878 0.469706 0.681269 0.470259 0.681497 0.470382 0.711101 0.457575 0.711106 0.457261 0.710911 0.456547 0.710548 0.455542 0.708255 0.449874 0.695243 0.420470 0.692613 0.415014 0.692122 0.414089 0.691737 0.413495 0.691516 0.413322 0.662026 0.426384
0 0.275901 0.404251 0.276983 0.446027 0.277114 0.447265 0.277424 0.448327 0.277865 0.449053 0.278369 0.449333 0.308291 0.448230 0.308759 0.448021 0.309143 0.447354 0.309384 0.446330 0.309938 0.440335 0.309105 0.408192 0.308236 0.402027 0.307941 0.400940 0.307520 0.400176 0.307039 0.399854 0.277123 0.401235 0.276631 0.401404 0.276225 0.402036 0.275969 0.403036
