0 0.900053 0.854218 0.906068 0.885699 0.906184 0.886083 0.906781 0.886376 0.907768 0.886533 0.908995 0.886530 0.915489 0.885904 0.947106 0.879863 0.952459 0.878225 0.953258 0.877841 0.953604 0.877429 0.947578 0.845893 0.947425 0.845544 0.946794 0.845287 0.945780 0.845162 0.944539 0.845185 0.943259 0.845355 0.902392 0.853164 0.901259 0.853455 0.900438 0.853825
0 0.814163 0.504784 0.814311 0.505286 0.814590 0.506166 0.814959 0.507290 0.816976 0.513329 0.827083 0.543058 0.828854 0.548164 0.829133 0.548946 0.829281 0.549323 0.860773 0.539542 0.860650 0.539155 0.860388 0.538363 0.860027 0.537285 0.846980 0.498433 0.846575 0.497230 0.846192 0.496103 0.845891 0.495225 0.845717 0.494729 0.845696 0.494690 0.814171 0.504737
0 0.213724 0.539612 0.214003 0.539971 0.233837 0.562844 0.234456 0.562847 0.235336 0.562512 0.236342 0.561890 0.241391 0.557982 0.264710 0.535843 0.268483 0.531376 0.269008 0.530544 0.269166 0.529894 0.268933 0.529525 0.248895 0.506844 0.248292 0.506793 0.247425 0.507087 0.246426 0.507681 0.245448 0.508485 0.215141 0.537258 0.214339 0.538144 0.213842 0.538970
0 0.030657 0.911206 0.055519 0.931521 0.055754 0.931332 0.056298 0.930765 0.057066 0.929908 0.057943 0.928891 0.058795 0.927868 0.085120 0.895649 0.085823 0.894769 0.086275 0.894161 0.086407 0.893915 0.061589 0.873636 0.061359 0.873775 0.060819 0.874292 0.060052 0.875110 0.059173 0.876104 0.058317 0.877123 0.031871 0.909489 0.031174 0.910370 0.030748 0.910973
0 0.812202 0.828934 0.812383 0.829448 0.842044 0.841665 0.842437 0.841739 0.842957 0.841349 0.843525 0.840555 0.846288 0.835402 0.858547 0.805640 0.860378 0.799639 0.860595 0.798526 0.860592 0.797661 0.860369 0.797174 0.830708 0.784957 0.830326 0.784933 0.829816 0.785364 0.829257 0.786182 0.828733 0.787265 0.812888 0.825735 0.812476 0.826925 0.812235 0.828048
0 0.627009 0.894113 0.652858 0.913109 0.653137 0.913275 0.653663 0.913021 0.654357 0.912386 0.658150 0.908049 0.677211 0.882111 0.680561 0.876729 0.681088 0.875702 0.681366 0.874861 0.681351 0.874336 0.655503 0.855340 0.655222 0.855225 0.654696 0.855521 0.654004 0.856182 0.653252 0.857107 0.628614 0.890633 0.627911 0.891688 0.627359 0.892719 0.627042 0.893571
0 0.146430 0.640771 0.157546 0.669925 0.157747 0.670165 0.158393 0.670199 0.159384 0.670020 0.160569 0.669658 0.166690 0.667312 0.195848 0.653758 0.200757 0.650976 0.201486 0.650448 0.201793 0.650023 0.190440 0.621034 0.190268 0.620754 0.189653 0.620678 0.188688 0.620821 0.187518 0.621159 0.186324 0.621642 0.148427 0.639259 0.147397 0.639810 0.146696 0.640341
0 0.715456 0.545790 0.715463 0.546552 0.715559 0.547632 0.715730 0.548864 0.722362 0.590125 0.722581 0.591315 0.722812 0.592272 0.723021 0.592851 0.723176 0.592964 0.755297 0.588549 0.755348 0.588182 0.755312 0.587387 0.755197 0.586286 0.754371 0.580124 0.749267 0.548378 0.748163 0.542529 0.747944 0.541546 0.747752 0.540928 0.747617 0.540770 0.715540 0.545461
0 0.794852 0.332456 0.795024 0.333577 0.795546 0.334707 0.817831 0.370319 0.818625 0.371292 0.819576 0.371966 0.820539 0.372240 0.821369 0.372070 0.842944 0.357864 0.843525 0.357270 0.843759 0.356351 0.843610 0.355247 0.841470 0.349525 0.824404 0.322254 0.820146 0.317751 0.819201 0.317106 0.818245 0.316871 0.817425 0.317084 0.795602 0.330893 0.795054 0.331514
0 0.067875 0.338835 0.068013 0.339315 0.068270 0.340194 0.068606 0.341336 0.080488 0.381656 0.080849 0.382880 0.081179 0.383992 0.081427 0.384822 0.081555 0.385244 0.113746 0.377133 0.113645 0.376706 0.113422 0.375875 0.113110 0.374766 0.112756 0.373547 0.100943 0.333461 0.100603 0.332326 0.100333 0.331457 0.100172 0.330985 0.100145 0.330982 0.067876 0.338825
0 0.665463 0.744796 0.665525 0.745973 0.665776 0.746887 0.666178 0.747395 0.695736 0.751640 0.696251 0.751670 0.696778 0.751215 0.697236 0.750343 0.697555 0.749187 0.705193 0.708100 0.705322 0.706844 0.705241 0.705688 0.704963 0.704807 0.704529 0.704337 0.675023 0.699818 0.674523 0.699832 0.674011 0.700326 0.673563 0.701224 0.671775 0.706833 0.665898 0.738445
0 0.532190 0.090862 0.535467 0.124070 0.535645 0.124055 0.536280 0.123987 0.537275 0.123878 0.538479 0.123743 0.579825 0.119101 0.581063 0.118961 0.582154 0.118836 0.582933 0.118745 0.583280 0.118702 0.580280 0.085462 0.580139 0.085445 0.579531 0.085485 0.578547 0.085577 0.577337 0.085706 0.535566 0.090396 0.534323 0.090542 0.533245 0.090682 0.532496 0.090794
0 0.139165 0.212439 0.139256 0.213015 0.139489 0.213969 0.139828 0.215153 0.141769 0.221406 0.151982 0.251895 0.153904 0.257176 0.154236 0.257994 0.154458 0.258398 0.185859 0.249941 0.185964 0.249862 0.185913 0.249319 0.185715 0.248395 0.185399 0.247229 0.185013 0.246000 0.171739 0.206374 0.171345 0.205277 0.171006 0.204486 0.170773 0.204122 0.139230 0.212327
0 0.133352 0.893639 0.140759 0.925683 0.140927 0.925691 0.141562 0.925549 0.142566 0.925279 0.143786 0.924923 0.150150 0.922975 0.180769 0.913159 0.185989 0.911394 0.186779 0.911105 0.187138 0.910938 0.179475 0.879034 0.179341 0.878987 0.178742 0.879088 0.177767 0.879324 0.176565 0.879657 0.175320 0.880038 0.135524 0.892796 0.134433 0.893164 0.133671 0.893460
0 0.143374 0.441493 0.163225 0.467266 0.163316 0.467352 0.163795 0.467145 0.164588 0.466675 0.165575 0.466015 0.199820 0.442062 0.200844 0.441316 0.201741 0.440603 0.202376 0.440032 0.202651 0.439689 0.183029 0.413756 0.182921 0.413715 0.182426 0.413962 0.181623 0.414458 0.176802 0.417655 0.150454 0.436084 0.145307 0.439860 0.144380 0.440574 0.143701 0.441147
0 0.173514 0.716875 0.173607 0.717198 0.191671 0.742464 0.192181 0.742500 0.193014 0.742224 0.194044 0.741677 0.229722 0.719915 0.230785 0.719184 0.231713 0.718386 0.232364 0.717642 0.232638 0.717066 0.232496 0.716746 0.214699 0.691373 0.214172 0.691374 0.213327 0.691675 0.208282 0.694183 0.180832 0.710928 0.175492 0.714754 0.174535 0.715552 0.173840 0.716296
0 0.888690 0.330764 0.910326 0.354409 0.910505 0.354446 0.911046 0.354154 0.911866 0.353575 0.912840 0.352798 0.913820 0.351942 0.944656 0.323725 0.945486 0.322926 0.946033 0.322310 0.946215 0.321972 0.924541 0.298286 0.924349 0.298298 0.923797 0.298640 0.922970 0.299258 0.921995 0.300058 0.921018 0.300920 0.890323 0.329007 0.889487 0.329804 0.888914 0.330421
0 0.701965 0.227044 0.702021 0.227357 0.702532 0.227771 0.703421 0.228222 0.704552 0.228642 0.744184 0.241305 0.745394 0.241633 0.746505 0.241821 0.747350 0.241841 0.747799 0.241689 0.757562 0.211133 0.757556 0.210805 0.757084 0.210377 0.756218 0.209916 0.755091 0.209491 0.715277 0.196769 0.714068 0.196448 0.712968 0.196282 0.712147 0.196296 0.711728 0.196488
0 0.074048 0.440939 0.074155 0.442148 0.082285 0.483140 0.082656 0.484338 0.083232 0.485333 0.083924 0.485976 0.084628 0.486167 0.112839 0.480012 0.113427 0.479728 0.113829 0.479007 0.113984 0.477958 0.113759 0.471958 0.107503 0.440418 0.105362 0.434487 0.104796 0.433464 0.104116 0.432782 0.103425 0.432544 0.075268 0.438973 0.074651 0.439221 0.074223 0.439911
0 0.066331 0.785279 0.066631 0.785817 0.093175 0.798956 0.093721 0.799044 0.094447 0.798675 0.095241 0.797906 0.095984 0.796856 0.099159 0.791017 0.110970 0.761110 0.112263 0.755636 0.112296 0.754722 0.112027 0.754160 0.085420 0.741302 0.084870 0.741166 0.084140 0.741484 0.083340 0.742209 0.082593 0.743231 0.082013 0.744394 0.066663 0.783263 0.066341 0.784382
0 0.275140 0.239746 0.284309 0.271275 0.284441 0.271318 0.285026 0.271231 0.285975 0.271026 0.287145 0.270735 0.327570 0.260138 0.328773 0.259807 0.329819 0.259489 0.330548 0.259232 0.330850 0.259075 0.321951 0.227476 0.321787 0.227469 0.321173 0.227588 0.320205 0.227815 0.314461 0.229246 0.283357 0.237400 0.277335 0.239052 0.276261 0.239362 0.275490 0.239605
0 0.767076 0.072351 0.767205 0.073333 0.767709 0.074389 0.771413 0.079460 0.794626 0.101709 0.799703 0.105056 0.800724 0.105461 0.801628 0.105469 0.802278 0.105078 0.822012 0.084950 0.822323 0.084204 0.822234 0.083233 0.821758 0.082184 0.820967 0.081218 0.790797 0.052300 0.789817 0.051569 0.788804 0.051190 0.787912 0.051221 0.787277 0.051657 0.767342 0.071591
0 0.021958 0.773927 0.022141 0.774851 0.022596 0.775389 0.050372 0.783546 0.051008 0.783610 0.051747 0.783193 0.052474 0.782361 0.053082 0.781241 0.055381 0.775060 0.062128 0.743621 0.062381 0.737909 0.062217 0.736965 0.061790 0.736398 0.033995 0.728526 0.033348 0.728416 0.032598 0.728784 0.031858 0.729575 0.031242 0.730668 0.030844 0.731897 0.022075 0.772757
0 0.836207 0.498269 0.836520 0.498681 0.837196 0.499294 0.841635 0.502849 0.867577 0.521724 0.872953 0.525311 0.873982 0.525938 0.874825 0.526367 0.875353 0.526534 0.875485 0.526414 0.894442 0.500359 0.894172 0.499948 0.893522 0.499332 0.892593 0.498605 0.858673 0.473926 0.857612 0.473204 0.856588 0.472602 0.855757 0.472212 0.855245 0.472092 0.836305 0.498124
0 0.700549 0.619413 0.719725 0.645607 0.719918 0.645596 0.720481 0.645303 0.721330 0.644774 0.726260 0.641477 0.752524 0.622927 0.757529 0.619206 0.758405 0.618517 0.759011 0.617984 0.759253 0.617689 0.739849 0.591656 0.739674 0.591622 0.739126 0.591875 0.738288 0.592377 0.737288 0.593052 0.703153 0.617162 0.702150 0.617902 0.701302 0.618590 0.700740 0.619120
0 0.308326 0.810623 0.329862 0.833954 0.330064 0.834061 0.330603 0.833813 0.331398 0.833247 0.332326 0.832450 0.337049 0.827958 0.359199 0.804649 0.362855 0.800324 0.363381 0.799590 0.363573 0.799119 0.341878 0.776029 0.341688 0.775873 0.341161 0.776071 0.340376 0.776594 0.339454 0.777362 0.338534 0.778258 0.309746 0.808552 0.308976 0.809434 0.308477 0.810161
0 0.441933 0.627617 0.442126 0.627730 0.442780 0.627827 0.443794 0.627894 0.449780 0.628083 0.481968 0.628189 0.488044 0.628039 0.489092 0.627979 0.489796 0.627886 0.490049 0.627775 0.490155 0.595697 0.489919 0.595612 0.489233 0.595539 0.488199 0.595488 0.486977 0.595468 0.445371 0.595331 0.444137 0.595344 0.443070 0.595388 0.442333 0.595456 0.442038 0.595539
0 0.428744 0.128606 0.428822 0.128660 0.455812 0.146838 0.456166 0.146489 0.456719 0.145774 0.457387 0.144801 0.458068 0.143719 0.479655 0.107936 0.480241 0.106917 0.480638 0.106123 0.480787 0.105675 0.453920 0.087242 0.453819 0.087224 0.453466 0.087625 0.452913 0.088385 0.452246 0.089387 0.448780 0.094855 0.432171 0.122387 0.429353 0.127335 0.428930 0.128141
0 0.838733 0.208742 0.857953 0.234389 0.858071 0.234302 0.858581 0.233923 0.860419 0.232549 0.865746 0.228560 0.891504 0.209257 0.894914 0.206699 0.896466 0.205534 0.896729 0.205335 0.877475 0.179643 0.877198 0.179822 0.876552 0.180288 0.875633 0.180970 0.842185 0.206035 0.841141 0.206824 0.840137 0.207595 0.839327 0.208230 0.838834 0.208633
0 0.471944 0.678188 0.472053 0.679444 0.477990 0.720811 0.478229 0.721983 0.478561 0.722883 0.478935 0.723374 0.479294 0.723382 0.510078 0.720244 0.510342 0.719770 0.510496 0.718882 0.510517 0.717718 0.510105 0.711380 0.505538 0.679552 0.504221 0.673849 0.503901 0.672924 0.503543 0.672394 0.503203 0.672342 0.472460 0.675757 0.472164 0.676192 0.471983 0.677045
0 0.078855 0.809529 0.078892 0.809808 0.079212 0.810444 0.079769 0.811338 0.080476 0.812355 0.105213 0.846339 0.105959 0.847317 0.106624 0.848100 0.107107 0.848569 0.107335 0.848653 0.134698 0.828372 0.134614 0.828079 0.134256 0.827436 0.133679 0.826542 0.132970 0.825533 0.108484 0.791895 0.107747 0.790918 0.107089 0.790115 0.106609 0.789607 0.106382 0.789474
0 0.835170 0.141158 0.864091 0.154970 0.864305 0.154888 0.864730 0.154364 0.865301 0.153478 0.865933 0.152365 0.866527 0.151194 0.884538 0.113477 0.885001 0.112434 0.885259 0.111686 0.885272 0.111347 0.856301 0.097511 0.856093 0.097644 0.855676 0.098217 0.855113 0.099141 0.854490 0.100277 0.853900 0.101452 0.835971 0.138996 0.835501 0.140039 0.835220 0.140798
0 0.767440 0.346811 0.767611 0.347516 0.768030 0.348475 0.768636 0.349544 0.790784 0.384940 0.791487 0.385963 0.792185 0.386790 0.792773 0.387296 0.793160 0.387405 0.820452 0.370328 0.820604 0.370006 0.820472 0.369317 0.820077 0.368364 0.819478 0.367294 0.797228 0.331734 0.796521 0.330717 0.795818 0.329915 0.795226 0.329450 0.794837 0.329392 0.767545 0.346469
0 0.735793 0.863769 0.735887 0.864462 0.746464 0.891009 0.747018 0.891533 0.747940 0.891790 0.749089 0.891739 0.750291 0.891389 0.788867 0.875315 0.789929 0.874722 0.790684 0.873979 0.791017 0.873199 0.790876 0.872503 0.780557 0.845848 0.779972 0.845361 0.779024 0.845137 0.777857 0.845210 0.771734 0.846665 0.742054 0.859033 0.736948 0.862256 0.736166 0.862995
0 0.663851 0.298781 0.663917 0.299083 0.664391 0.299588 0.665201 0.300220 0.666224 0.300884 0.701936 0.322230 0.703023 0.322828 0.704015 0.323273 0.704763 0.323498 0.705152 0.323469 0.721610 0.295935 0.721595 0.295630 0.721162 0.295121 0.720377 0.294484 0.719359 0.293817 0.683483 0.272372 0.682395 0.271780 0.681410 0.271359 0.680677 0.271172 0.680309 0.271248
0 0.317616 0.646113 0.318811 0.678279 0.319275 0.684091 0.319403 0.685041 0.319563 0.685599 0.319731 0.685680 0.351787 0.684490 0.351907 0.684085 0.351991 0.683254 0.352026 0.682126 0.352007 0.680870 0.350463 0.639293 0.350391 0.638093 0.350279 0.637123 0.350142 0.636531 0.350001 0.636406 0.317945 0.637597 0.317795 0.637962 0.317685 0.638760 0.317633 0.639872
