0 0.076969 0.227963 0.077096 0.228190 0.077711 0.228440 0.078717 0.228673 0.079964 0.228855 0.081260 0.228959 0.122822 0.230875 0.123980 0.230884 0.124832 0.230799 0.125247 0.230631 0.126723 0.198615 0.126640 0.198362 0.126068 0.198086 0.125094 0.197829 0.123865 0.197631 0.122570 0.197521 0.080818 0.195597 0.079662 0.195593 0.078830 0.195697 0.078448 0.195891
0 0.099154 0.572588 0.099172 0.573582 0.099349 0.574215 0.099659 0.574391 0.131357 0.580014 0.131724 0.579703 0.132120 0.578958 0.132485 0.577892 0.134025 0.571842 0.139630 0.540253 0.140210 0.534351 0.140213 0.533341 0.140067 0.532680 0.139793 0.532467 0.108094 0.526843 0.107706 0.527108 0.107291 0.527817 0.106912 0.528861 0.106627 0.530082 0.099300 0.571385
0 0.594955 0.825038 0.595268 0.825444 0.595930 0.826075 0.600251 0.829795 0.625401 0.849829 0.630594 0.853688 0.631585 0.854372 0.632390 0.854858 0.632889 0.855070 0.633005 0.854977 0.651592 0.828626 0.651320 0.828223 0.650687 0.827594 0.649789 0.826835 0.617101 0.800797 0.616081 0.800028 0.615100 0.799371 0.614309 0.798927 0.613829 0.798764 0.595038 0.824919
0 0.014920 0.255954 0.016601 0.288098 0.017557 0.294423 0.017852 0.295566 0.018247 0.296413 0.018682 0.296835 0.050716 0.295159 0.051097 0.295095 0.051394 0.294554 0.051562 0.293619 0.051576 0.292432 0.049402 0.250882 0.049260 0.249616 0.048982 0.248454 0.048611 0.247573 0.048202 0.247108 0.016168 0.248784 0.015756 0.248808 0.015432 0.249316 0.015245 0.250233
0 0.714692 0.295449 0.714748 0.295635 0.715283 0.295805 0.716214 0.295933 0.717401 0.296000 0.758993 0.297078 0.760262 0.297075 0.761430 0.297001 0.762319 0.296868 0.762793 0.296696 0.763624 0.264629 0.763611 0.264417 0.763111 0.264223 0.762200 0.264079 0.761015 0.264006 0.719232 0.262922 0.717964 0.262932 0.716814 0.263023 0.715957 0.263181 0.715523 0.263382
0 0.072198 0.297265 0.072343 0.297768 0.072976 0.298231 0.074001 0.298584 0.075262 0.298775 0.081877 0.299022 0.113932 0.296496 0.119443 0.295293 0.120288 0.294937 0.120689 0.294471 0.120441 0.264739 0.120338 0.264212 0.119748 0.263722 0.118759 0.263345 0.117522 0.263138 0.116226 0.263133 0.074565 0.266416 0.073415 0.266613 0.072595 0.266982 0.072230 0.267467
0 0.379047 0.716053 0.381891 0.745771 0.382055 0.746272 0.382683 0.746663 0.383679 0.746885 0.384891 0.746904 0.426582 0.744016 0.427817 0.743828 0.428880 0.743463 0.429607 0.742978 0.429889 0.742446 0.427324 0.712709 0.427120 0.712234 0.426458 0.711867 0.425439 0.711661 0.419463 0.711343 0.387386 0.713565 0.381227 0.714724 0.380139 0.715075 0.379373 0.715542
0 0.620325 0.104589 0.620407 0.105091 0.620852 0.105827 0.621592 0.106685 0.622513 0.107536 0.654540 0.134094 0.655510 0.134813 0.656386 0.135295 0.657037 0.135467 0.657363 0.135303 0.677839 0.110612 0.677808 0.110114 0.677404 0.109379 0.676689 0.108519 0.675773 0.107665 0.643599 0.080984 0.642627 0.080272 0.641754 0.079816 0.641113 0.079684 0.640801 0.079897
0 0.595695 0.462974 0.595782 0.464042 0.596958 0.470020 0.606234 0.500807 0.608566 0.506477 0.609089 0.507430 0.609622 0.508028 0.610084 0.508180 0.639169 0.499179 0.639513 0.498855 0.639664 0.498111 0.639599 0.497061 0.639326 0.495865 0.627270 0.455851 0.626835 0.454698 0.626305 0.453773 0.625762 0.453215 0.625289 0.453111 0.596124 0.461845 0.595815 0.462202
0 0.258322 0.884961 0.258580 0.885360 0.259275 0.885813 0.264106 0.888079 0.293458 0.898527 0.299630 0.900173 0.300819 0.900389 0.301802 0.900430 0.302432 0.900290 0.302612 0.899991 0.311835 0.868626 0.311532 0.868240 0.310802 0.867797 0.309755 0.867366 0.271777 0.854078 0.270581 0.853725 0.269397 0.853496 0.268403 0.853426 0.267751 0.853527 0.267541 0.853782
0 0.182062 0.311832 0.182483 0.312359 0.183310 0.312940 0.184418 0.313488 0.190512 0.315848 0.221415 0.324729 0.227013 0.325729 0.227934 0.325765 0.228482 0.325578 0.238614 0.296778 0.238713 0.296375 0.238342 0.295837 0.237556 0.295245 0.236476 0.294690 0.235266 0.294256 0.195101 0.282713 0.193954 0.282469 0.193051 0.282455 0.192530 0.282672 0.182112 0.311439
0 0.518293 0.899396 0.518301 0.899495 0.518400 0.900079 0.519187 0.904557 0.524312 0.933107 0.525462 0.939423 0.525700 0.940711 0.525918 0.941878 0.526085 0.942746 0.526174 0.943183 0.557726 0.936981 0.557751 0.936914 0.557679 0.936358 0.557521 0.935397 0.551058 0.898098 0.550836 0.896869 0.550588 0.895581 0.550353 0.894432 0.550165 0.893596 0.550054 0.893201
0 0.609367 0.193175 0.609400 0.193304 0.609762 0.193772 0.610397 0.194507 0.611209 0.195397 0.639698 0.225972 0.640558 0.226877 0.641330 0.227651 0.641895 0.228177 0.642167 0.228375 0.665834 0.205514 0.665753 0.205374 0.665350 0.204897 0.664687 0.204155 0.660690 0.199786 0.638770 0.176262 0.634474 0.171731 0.633698 0.170928 0.633125 0.170358 0.632844 0.170109
0 0.457832 0.234447 0.458184 0.235312 0.458838 0.236289 0.462941 0.241149 0.486172 0.263381 0.490856 0.266931 0.491728 0.267414 0.492410 0.267538 0.492796 0.267285 0.514298 0.246203 0.514348 0.245595 0.514037 0.244740 0.513412 0.243770 0.512568 0.242831 0.482375 0.213937 0.481447 0.213179 0.480582 0.212724 0.479911 0.212639 0.479538 0.212938 0.457833 0.233826
0 0.281024 0.896553 0.299764 0.922856 0.299945 0.922891 0.300504 0.922612 0.301353 0.922062 0.302363 0.921324 0.307565 0.917266 0.332259 0.896673 0.336399 0.892940 0.337010 0.892325 0.337260 0.891959 0.318336 0.865879 0.318171 0.865796 0.317631 0.866025 0.316796 0.866533 0.315795 0.867243 0.314779 0.868045 0.282685 0.894811 0.281816 0.895579 0.281233 0.896191
0 0.262181 0.809005 0.262256 0.810283 0.268245 0.851643 0.268522 0.852792 0.268956 0.853628 0.269482 0.854025 0.299066 0.851605 0.299581 0.851503 0.300024 0.850916 0.300329 0.849934 0.300450 0.848706 0.300300 0.842201 0.295692 0.810379 0.294098 0.804845 0.293675 0.803983 0.293165 0.803549 0.263665 0.806243 0.263123 0.806305 0.262651 0.806851 0.262319 0.807799
0 0.265916 0.059458 0.265933 0.060725 0.266225 0.067359 0.268659 0.099421 0.269287 0.104916 0.269430 0.105754 0.269579 0.106146 0.301833 0.106071 0.301992 0.105957 0.302114 0.105355 0.302181 0.104357 0.302182 0.103113 0.302117 0.101815 0.298954 0.060144 0.298833 0.058996 0.298676 0.058183 0.298507 0.057827 0.266178 0.057621 0.266049 0.057777 0.265957 0.058423
0 0.575532 0.602724 0.592852 0.629583 0.593147 0.629601 0.593810 0.629352 0.594738 0.628872 0.599962 0.625827 0.627010 0.608441 0.632019 0.604909 0.632867 0.604246 0.633408 0.603722 0.633560 0.603416 0.616005 0.576708 0.615731 0.576645 0.615086 0.576856 0.614169 0.577309 0.613120 0.577935 0.577966 0.600532 0.576951 0.601232 0.576132 0.601894 0.575634 0.602418
0 0.466621 0.067825 0.466690 0.068673 0.466869 0.069080 0.497959 0.074230 0.498244 0.074138 0.498572 0.073560 0.498893 0.072581 0.499157 0.071351 0.499324 0.070059 0.502913 0.028422 0.502956 0.027271 0.502870 0.026445 0.502666 0.026070 0.471550 0.020632 0.471285 0.020769 0.470979 0.021396 0.470677 0.022415 0.470426 0.023670 0.469479 0.030272 0.466718 0.062307
0 0.181698 0.673702 0.182029 0.674725 0.182663 0.675777 0.207709 0.709231 0.208545 0.710143 0.209450 0.710771 0.210287 0.711019 0.210926 0.710850 0.234240 0.693364 0.234568 0.692816 0.234552 0.691960 0.234195 0.690926 0.231281 0.685555 0.212010 0.659816 0.207634 0.655448 0.206726 0.654793 0.205884 0.654503 0.205237 0.654625 0.182091 0.672335 0.181720 0.672862
0 0.477492 0.425745 0.477613 0.426537 0.477971 0.427573 0.480499 0.433199 0.495952 0.461397 0.499269 0.466438 0.499926 0.467254 0.500493 0.467716 0.500884 0.467755 0.528099 0.453024 0.528277 0.452621 0.528193 0.451850 0.527860 0.450828 0.527327 0.449711 0.507244 0.413062 0.506597 0.412028 0.505939 0.411241 0.505370 0.410820 0.504977 0.410831 0.477627 0.425317
0 0.119642 0.580457 0.119990 0.580636 0.120788 0.580861 0.121915 0.581098 0.123199 0.581310 0.165700 0.587502 0.166912 0.587653 0.167884 0.587723 0.168470 0.587701 0.168580 0.587590 0.174297 0.556051 0.173912 0.555893 0.173096 0.555685 0.171975 0.555457 0.170716 0.555244 0.128450 0.548751 0.127213 0.548581 0.126204 0.548482 0.125576 0.548470 0.125426 0.548547
0 0.270669 0.558669 0.270749 0.559890 0.271017 0.560906 0.271432 0.561562 0.271931 0.561760 0.301822 0.562648 0.302306 0.562354 0.302724 0.561615 0.303013 0.560544 0.303835 0.554422 0.304380 0.522272 0.303765 0.516232 0.303512 0.515192 0.303118 0.514500 0.302643 0.514262 0.272747 0.513653 0.272240 0.513904 0.271802 0.514606 0.271499 0.515652 0.271377 0.516884
0 0.635195 0.927228 0.635357 0.927982 0.635912 0.928878 0.636776 0.929777 0.637818 0.930543 0.673490 0.952314 0.674543 0.952825 0.675440 0.953000 0.676044 0.952813 0.693345 0.928773 0.693552 0.928269 0.693340 0.927511 0.692741 0.926614 0.691848 0.925714 0.686678 0.921616 0.659232 0.904866 0.654018 0.902626 0.653109 0.902427 0.652486 0.902579 0.635450 0.926729
0 0.366319 0.803503 0.366601 0.803742 0.392678 0.820006 0.393219 0.819822 0.393915 0.819228 0.394661 0.818316 0.418901 0.784273 0.419578 0.783187 0.420078 0.782100 0.420326 0.781178 0.420283 0.780561 0.419957 0.780343 0.394082 0.763876 0.393539 0.764102 0.392842 0.764723 0.389087 0.769045 0.370437 0.795237 0.367136 0.800825 0.366609 0.801923 0.366322 0.802864
0 0.304231 0.604945 0.318283 0.633781 0.318343 0.633792 0.318834 0.633586 0.319682 0.633196 0.320756 0.632680 0.358329 0.614370 0.359460 0.613812 0.360467 0.613298 0.361196 0.612909 0.361537 0.612703 0.347485 0.583867 0.347399 0.583900 0.346889 0.584142 0.346031 0.584555 0.344957 0.585077 0.307555 0.603303 0.306421 0.603858 0.305391 0.604365 0.304622 0.604747
0 0.884228 0.514931 0.884236 0.515176 0.917668 0.516396 0.917722 0.516154 0.917786 0.515456 0.917850 0.514409 0.917904 0.513172 0.919428 0.471166 0.919464 0.469937 0.919475 0.468910 0.919460 0.468242 0.919422 0.468036 0.885981 0.467095 0.885954 0.467377 0.885913 0.468104 0.885865 0.469164 0.885817 0.470395 0.884308 0.511974 0.884267 0.513198 0.884239 0.514236
0 0.524420 0.863079 0.524443 0.864084 0.524667 0.865296 0.525057 0.866527 0.540110 0.905513 0.540604 0.906570 0.541124 0.907283 0.541590 0.907544 0.570981 0.898658 0.571299 0.898435 0.571440 0.897754 0.571382 0.896720 0.571136 0.895491 0.569300 0.889169 0.557717 0.859174 0.555172 0.854148 0.554658 0.853408 0.554200 0.853106 0.524955 0.862240 0.524600 0.862431
0 0.576767 0.078202 0.576900 0.078901 0.577212 0.079145 0.606658 0.088200 0.607083 0.087945 0.607580 0.087238 0.610107 0.082311 0.621958 0.052420 0.623914 0.046039 0.624195 0.044784 0.624297 0.043708 0.624205 0.042976 0.623931 0.042699 0.594335 0.033892 0.593902 0.034107 0.593400 0.034787 0.592905 0.035829 0.577502 0.074678 0.577093 0.075916 0.576835 0.077154
0 0.828495 0.481163 0.828541 0.481402 0.839684 0.511089 0.840183 0.511126 0.841069 0.510979 0.846553 0.509618 0.877265 0.500098 0.883400 0.497856 0.884531 0.497378 0.885398 0.496917 0.885870 0.496545 0.885872 0.496317 0.874443 0.466665 0.873970 0.466596 0.873102 0.466721 0.871972 0.467021 0.832055 0.479395 0.830842 0.479822 0.829740 0.480308 0.828915 0.480779
0 0.755176 0.883578 0.755450 0.884375 0.757897 0.889284 0.774743 0.916671 0.778670 0.922124 0.779502 0.923125 0.780294 0.923888 0.780927 0.924296 0.781304 0.924286 0.806139 0.905557 0.806218 0.905119 0.805969 0.904334 0.805429 0.903322 0.783534 0.867726 0.782789 0.866648 0.781957 0.865676 0.781166 0.864958 0.780536 0.864602 0.780163 0.864663 0.755219 0.883122
0 0.376978 0.933228 0.377240 0.933748 0.393246 0.958281 0.393904 0.958497 0.394847 0.958357 0.395931 0.957883 0.432305 0.937307 0.433357 0.936573 0.434209 0.935697 0.434733 0.934812 0.434849 0.934054 0.434540 0.933537 0.418801 0.908902 0.418122 0.908722 0.417166 0.908885 0.411773 0.910936 0.383786 0.926768 0.378592 0.930706 0.377710 0.931582 0.377144 0.932467
0 0.478839 0.349975 0.478868 0.350498 0.479285 0.351235 0.480026 0.352073 0.484622 0.356260 0.510381 0.375505 0.515530 0.378599 0.516480 0.379025 0.517209 0.379144 0.517607 0.378939 0.536083 0.354771 0.536104 0.354254 0.535729 0.353522 0.535016 0.352686 0.534073 0.351876 0.500594 0.326863 0.499572 0.326205 0.498632 0.325806 0.497918 0.325725 0.497539 0.325975
0 0.538639 0.837666 0.538662 0.838347 0.539060 0.839237 0.539771 0.840200 0.540687 0.841088 0.572908 0.867702 0.573883 0.868376 0.574763 0.868727 0.575412 0.868702 0.595750 0.846754 0.596056 0.846375 0.595983 0.845684 0.595543 0.844786 0.594804 0.843819 0.590312 0.839163 0.565521 0.818686 0.560634 0.815595 0.559746 0.815218 0.559082 0.815204 0.558745 0.815556
