0 0.236304 0.236184 0.236447 0.268372 0.236822 0.274730 0.236958 0.275885 0.237156 0.276748 0.237388 0.277187 0.269466 0.277045 0.269666 0.276997 0.269834 0.276468 0.269944 0.275540 0.269978 0.274354 0.269794 0.232749 0.269748 0.231477 0.269629 0.230305 0.269455 0.229410 0.269252 0.228929 0.237174 0.229071 0.236945 0.229078 0.236752 0.229572 0.236625 0.230481
0 0.172198 0.053491 0.172228 0.053563 0.204359 0.063024 0.204471 0.062603 0.204672 0.061761 0.204934 0.060627 0.214171 0.020059 0.214454 0.018798 0.214719 0.017593 0.214923 0.016627 0.215037 0.016047 0.215043 0.015943 0.182919 0.006193 0.182792 0.006576 0.182577 0.007399 0.182309 0.008536 0.172978 0.049521 0.172698 0.050790 0.172452 0.051990 0.172276 0.052939
0 0.726778 0.526921 0.726837 0.527201 0.758691 0.533859 0.758826 0.533655 0.759042 0.533002 0.759306 0.532002 0.760691 0.526137 0.767385 0.494687 0.768533 0.488654 0.768708 0.487590 0.768790 0.486843 0.768766 0.486527 0.736854 0.480142 0.736701 0.480300 0.736470 0.480912 0.736195 0.481886 0.735919 0.483074 0.727218 0.523949 0.726984 0.525161 0.726829 0.526205
0 0.385394 0.900705 0.385526 0.901366 0.386127 0.901950 0.387106 0.902368 0.388312 0.902555 0.430057 0.904515 0.431301 0.904442 0.432383 0.904121 0.433139 0.903601 0.433454 0.902960 0.434532 0.874115 0.434357 0.873474 0.433719 0.872908 0.432716 0.872504 0.426777 0.871277 0.394658 0.869769 0.388447 0.870426 0.387341 0.870731 0.386549 0.871230 0.386192 0.871846
0 0.677752 0.764764 0.683007 0.796409 0.683409 0.796629 0.684233 0.796735 0.685353 0.796712 0.691577 0.796113 0.723330 0.790840 0.729005 0.789464 0.729920 0.789149 0.730435 0.788820 0.730474 0.788526 0.725219 0.756882 0.724781 0.756697 0.723929 0.756620 0.722794 0.756663 0.721547 0.756819 0.680503 0.763635 0.679326 0.763881 0.678390 0.764182 0.677837 0.764492
0 0.816364 0.110541 0.816461 0.110723 0.816966 0.111120 0.817803 0.111671 0.818843 0.112291 0.854961 0.132943 0.856054 0.133543 0.857040 0.134034 0.857769 0.134344 0.858131 0.134423 0.875709 0.105197 0.875662 0.105009 0.875194 0.104604 0.874378 0.104045 0.873337 0.103418 0.836847 0.082553 0.835746 0.081956 0.834761 0.081484 0.834042 0.081211 0.833699 0.081176
0 0.304359 0.306473 0.304573 0.307733 0.305252 0.308815 0.309705 0.313185 0.310723 0.313908 0.311940 0.314186 0.353530 0.315356 0.354761 0.315148 0.355818 0.314483 0.356541 0.313465 0.356819 0.312247 0.356610 0.311016 0.355946 0.309959 0.352575 0.305513 0.351533 0.304773 0.344394 0.302335 0.343170 0.302084 0.341482 0.301891 0.339587 0.301787 0.323443 0.301332 0.321637 0.301333 0.320201 0.301437 0.307725 0.303291 0.306465 0.303505 0.305383 0.304185 0.304643 0.305227
0 0.798056 0.338098 0.798278 0.338819 0.798908 0.339620 0.803318 0.343554 0.830138 0.361290 0.835875 0.364065 0.837006 0.364429 0.837978 0.364497 0.838643 0.364257 0.853808 0.339150 0.854076 0.338620 0.853895 0.337901 0.853293 0.337101 0.852360 0.336344 0.817502 0.313292 0.816388 0.312697 0.815269 0.312359 0.814317 0.312329 0.813676 0.312611 0.798278 0.337564
0 0.872648 0.193424 0.872684 0.194272 0.872967 0.195351 0.873453 0.196498 0.892175 0.233653 0.892795 0.234701 0.893457 0.235497 0.894062 0.235921 0.894517 0.235907 0.923164 0.221472 0.923426 0.221010 0.923427 0.220180 0.923169 0.219109 0.921002 0.213325 0.906518 0.184580 0.903257 0.179592 0.902587 0.178821 0.901974 0.178438 0.901512 0.178502 0.872865 0.192938
0 0.478049 0.201730 0.478301 0.202062 0.478981 0.202487 0.479985 0.202938 0.481159 0.203348 0.520945 0.215519 0.522120 0.215828 0.523125 0.215991 0.523806 0.215984 0.524061 0.215806 0.533445 0.185131 0.533240 0.184783 0.532599 0.184345 0.531618 0.183883 0.525865 0.181691 0.495085 0.172275 0.489304 0.170938 0.488312 0.170796 0.487656 0.170838 0.487433 0.171055
0 0.103719 0.872365 0.103916 0.873135 0.104456 0.874058 0.105257 0.874994 0.134803 0.904557 0.135736 0.905357 0.136655 0.905892 0.137417 0.906083 0.137907 0.905899 0.160596 0.883224 0.160721 0.882715 0.160482 0.881940 0.159917 0.881016 0.159110 0.880084 0.129699 0.850655 0.128768 0.849850 0.127850 0.849289 0.127082 0.849056 0.126583 0.849190 0.103894 0.871865
0 0.379930 0.802885 0.380266 0.802946 0.381040 0.803017 0.382135 0.803086 0.388317 0.803392 0.420449 0.804599 0.426422 0.804751 0.427437 0.804761 0.428093 0.804744 0.428289 0.804702 0.429869 0.771925 0.429577 0.771837 0.428840 0.771744 0.427770 0.771661 0.426531 0.771599 0.384769 0.770029 0.383557 0.769999 0.382565 0.770005 0.381945 0.770047 0.381789 0.770118
0 0.208782 0.974879 0.229764 0.999180 0.230090 0.999097 0.230745 0.998664 0.234975 0.995364 0.259339 0.974328 0.264238 0.969745 0.265145 0.968830 0.265846 0.968027 0.266236 0.967457 0.266257 0.967207 0.245312 0.942948 0.244975 0.943073 0.244316 0.943532 0.243433 0.944255 0.211941 0.971445 0.210964 0.972328 0.210034 0.973241 0.209293 0.974047 0.208853 0.974622
0 0.044911 0.726900 0.045163 0.727940 0.045649 0.729073 0.064844 0.766201 0.065485 0.767248 0.066180 0.768041 0.066822 0.768459 0.067314 0.768441 0.095809 0.753710 0.096051 0.753271 0.096032 0.752466 0.095756 0.751418 0.095263 0.750287 0.076156 0.713327 0.075520 0.712276 0.074832 0.711459 0.074197 0.710999 0.073712 0.710967 0.045217 0.725698 0.044930 0.726113
0 0.612902 0.895538 0.615543 0.904792 0.615968 0.905997 0.616822 0.906949 0.617974 0.907500 0.619251 0.907569 0.620456 0.907144 0.657082 0.885429 0.658033 0.884576 0.658585 0.883423 0.658654 0.882147 0.658229 0.880942 0.654612 0.872233 0.653777 0.871304 0.652651 0.870764 0.651404 0.870697 0.640045 0.872835 0.638598 0.873354 0.636977 0.874195 0.623181 0.882375 0.621629 0.883414 0.620376 0.884497 0.619611 0.885460 0.613508 0.893165 0.612969 0.894291
0 0.350835 0.679779 0.351056 0.681037 0.351742 0.682115 0.352789 0.682849 0.354036 0.683126 0.355295 0.682905 0.356373 0.682218 0.359656 0.678053 0.360373 0.677030 0.365050 0.668889 0.365236 0.668299 0.365410 0.667067 0.365545 0.665382 0.365621 0.663498 0.365978 0.647463 0.365984 0.645660 0.365919 0.644206 0.365793 0.643322 0.361354 0.632986 0.360684 0.631932 0.359661 0.631215 0.358442 0.630945 0.357212 0.631161 0.356159 0.631831 0.352793 0.634916 0.352060 0.635962 0.351783 0.637210
0 0.769508 0.815207 0.769651 0.815860 0.770082 0.816793 0.770735 0.817865 0.771511 0.818911 0.797932 0.851290 0.798707 0.852145 0.799358 0.852672 0.799786 0.852791 0.825738 0.835088 0.825857 0.834795 0.825665 0.834123 0.825192 0.833174 0.824511 0.832093 0.820630 0.826682 0.800302 0.801769 0.796493 0.797755 0.795839 0.797201 0.795407 0.797041 0.769673 0.814934
0 0.069666 0.056379 0.069818 0.056643 0.070415 0.057115 0.071366 0.057726 0.107220 0.079197 0.108373 0.079847 0.109546 0.080434 0.110559 0.080868 0.111258 0.081084 0.111537 0.081049 0.125309 0.051856 0.125116 0.051594 0.124491 0.051123 0.120018 0.048187 0.092432 0.031667 0.086469 0.028354 0.085283 0.027740 0.084248 0.027266 0.083523 0.027003 0.083218 0.026993
0 0.007449 0.631411 0.007826 0.631654 0.008570 0.632124 0.009568 0.632751 0.045196 0.655056 0.046289 0.655739 0.047303 0.656369 0.048084 0.656851 0.048513 0.657112 0.048525 0.657111 0.067587 0.629918 0.067592 0.629895 0.067182 0.629613 0.066419 0.629115 0.065420 0.628475 0.064336 0.627791 0.028914 0.605615 0.027919 0.604997 0.027170 0.604542 0.026781 0.604320
0 0.597544 0.881158 0.597585 0.881484 0.598080 0.881938 0.621952 0.898812 0.622865 0.899350 0.624025 0.899864 0.625252 0.900275 0.626361 0.900520 0.627180 0.900561 0.627584 0.900393 0.637744 0.869069 0.637665 0.868746 0.637124 0.868292 0.612925 0.852233 0.612043 0.851740 0.610923 0.851259 0.609732 0.850862 0.608651 0.850609 0.607845 0.850539 0.607435 0.850662
0 0.391612 0.822409 0.391715 0.823610 0.392018 0.824854 0.404916 0.864605 0.405370 0.865694 0.405905 0.866455 0.406437 0.866772 0.435614 0.859261 0.436041 0.859091 0.436315 0.858456 0.436396 0.857451 0.436272 0.856231 0.434929 0.849873 0.425005 0.819288 0.422594 0.814077 0.422066 0.813289 0.421544 0.812932 0.392497 0.820698 0.392036 0.820834 0.391725 0.821434
0 0.766434 0.754738 0.770233 0.787357 0.770269 0.787404 0.770790 0.787409 0.771713 0.787370 0.777437 0.787032 0.809508 0.784713 0.815917 0.784175 0.817099 0.784061 0.818006 0.783953 0.818500 0.783868 0.818504 0.783817 0.814423 0.751191 0.813936 0.751161 0.813035 0.751182 0.811856 0.751251 0.770174 0.754264 0.768906 0.754371 0.767750 0.754499 0.766882 0.754628
0 0.568027 0.499769 0.568108 0.500164 0.588318 0.523379 0.588782 0.523468 0.589541 0.523219 0.590481 0.522670 0.591457 0.521903 0.622713 0.494162 0.623571 0.493301 0.624175 0.492481 0.624432 0.491828 0.624303 0.491442 0.604302 0.468042 0.603823 0.467999 0.603051 0.468289 0.602103 0.468866 0.597135 0.472575 0.573086 0.493919 0.568956 0.498284 0.568325 0.499108
0 0.371160 0.486090 0.381905 0.515555 0.382136 0.515783 0.382795 0.515818 0.383782 0.515656 0.384947 0.515321 0.424509 0.501855 0.425667 0.501400 0.426632 0.500898 0.427260 0.500424 0.427453 0.500052 0.416972 0.470497 0.416710 0.470307 0.416024 0.470304 0.415020 0.470489 0.409247 0.472035 0.378808 0.482396 0.373065 0.484769 0.372071 0.485265 0.371402 0.485729
0 0.036556 0.920883 0.036805 0.921560 0.037464 0.922313 0.038433 0.923029 0.074097 0.944825 0.075221 0.945389 0.076322 0.945711 0.077231 0.945742 0.077810 0.945479 0.094538 0.918108 0.094685 0.917615 0.094393 0.916942 0.093708 0.916194 0.092734 0.915483 0.057233 0.893787 0.056111 0.893216 0.055004 0.892870 0.054081 0.892799 0.053481 0.893016 0.036754 0.920387
0 0.942830 0.287903 0.942978 0.288044 0.943614 0.288161 0.944642 0.288236 0.945906 0.288257 0.947213 0.288221 0.988952 0.286119 0.990094 0.286032 0.990890 0.285907 0.991219 0.285764 0.992503 0.253311 0.992312 0.253199 0.991632 0.253111 0.990566 0.253061 0.989277 0.253057 0.982581 0.253212 0.950468 0.254829 0.945015 0.255286 0.944195 0.255396 0.943831 0.255518
0 0.893850 0.476137 0.893885 0.476293 0.912471 0.502752 0.912906 0.502610 0.913689 0.502213 0.918565 0.499445 0.945980 0.482643 0.951476 0.479055 0.952493 0.478348 0.953278 0.477743 0.953712 0.477330 0.953727 0.477174 0.934871 0.450818 0.934453 0.450923 0.933682 0.451294 0.932674 0.451876 0.897043 0.473713 0.895959 0.474413 0.894971 0.475120 0.894231 0.475725
0 0.622185 0.240358 0.622623 0.241075 0.623441 0.241793 0.628598 0.245060 0.657855 0.258398 0.663767 0.260177 0.664870 0.260335 0.665734 0.260211 0.666228 0.259825 0.678144 0.232969 0.678201 0.232359 0.677805 0.231638 0.677015 0.230917 0.675951 0.230305 0.637925 0.212969 0.636757 0.212564 0.635670 0.212430 0.634830 0.212587 0.634365 0.213011 0.622195 0.239752
0 0.947604 0.499980 0.948258 0.532128 0.949424 0.538220 0.949838 0.539279 0.950441 0.540001 0.951141 0.540274 0.979570 0.539410 0.980282 0.539192 0.980876 0.538519 0.981262 0.537492 0.981380 0.536267 0.980529 0.494484 0.980361 0.493257 0.979933 0.492222 0.979311 0.491537 0.978590 0.491306 0.950156 0.491891 0.949467 0.492150 0.948893 0.492859 0.948522 0.493910
0 0.770531 0.696270 0.770867 0.696819 0.794310 0.714072 0.794954 0.714240 0.795790 0.713989 0.796692 0.713356 0.797521 0.712438 0.822279 0.678770 0.822904 0.677712 0.823224 0.676683 0.823192 0.675840 0.822813 0.675311 0.799537 0.657833 0.798886 0.657712 0.798044 0.658004 0.797140 0.658665 0.792796 0.663063 0.773747 0.688967 0.770884 0.694369 0.770537 0.695409
0 0.811510 0.761443 0.811576 0.761741 0.811977 0.762370 0.812652 0.763235 0.838394 0.794280 0.839240 0.795249 0.840137 0.796186 0.840950 0.796950 0.841556 0.797424 0.841861 0.797536 0.865643 0.776176 0.865619 0.775891 0.865250 0.775271 0.864589 0.774410 0.838858 0.743218 0.838008 0.742248 0.837107 0.741329 0.836293 0.740600 0.835690 0.740173 0.835390 0.740113
0 0.817404 0.700170 0.846822 0.715972 0.846959 0.715793 0.847305 0.715207 0.847809 0.714302 0.848394 0.713216 0.868104 0.676090 0.868676 0.674996 0.869145 0.674068 0.869439 0.673448 0.869514 0.673229 0.839964 0.657674 0.839835 0.657900 0.839496 0.658523 0.839001 0.659446 0.838424 0.660530 0.818915 0.697278 0.818340 0.698365 0.817851 0.699295 0.817522 0.699929
0 0.748938 0.248975 0.762302 0.277678 0.762457 0.277878 0.763043 0.277845 0.763970 0.277583 0.765097 0.277133 0.766252 0.276562 0.802978 0.256620 0.803978 0.256020 0.804664 0.255486 0.804931 0.255099 0.791792 0.226216 0.791611 0.226059 0.790998 0.226136 0.790048 0.226436 0.788907 0.226911 0.782994 0.229740 0.754737 0.245084 0.749960 0.248060 0.749246 0.248592
0 0.056708 0.109956 0.056830 0.110592 0.057442 0.111243 0.058451 0.111811 0.059701 0.112211 0.066299 0.113384 0.098434 0.114501 0.103993 0.113750 0.104852 0.113424 0.105274 0.112906 0.108629 0.084144 0.108552 0.083491 0.107986 0.082819 0.107017 0.082232 0.105791 0.081819 0.104497 0.081644 0.062732 0.080192 0.061574 0.080282 0.060738 0.080623 0.060349 0.081163
0 0.273205 0.200725 0.275895 0.233463 0.275963 0.233535 0.276509 0.233574 0.277451 0.233575 0.278645 0.233537 0.320394 0.231679 0.321651 0.231608 0.322770 0.231516 0.323581 0.231416 0.323961 0.231323 0.321550 0.198574 0.321444 0.198531 0.320863 0.198517 0.319898 0.198533 0.314061 0.198721 0.281938 0.200151 0.275624 0.200503 0.274480 0.200581 0.273630 0.200659
0 0.972174 0.480284 0.973009 0.522259 0.973180 0.523498 0.973619 0.524553 0.974258 0.525266 0.975002 0.525527 1.000000 0.524753 1.000000 0.476513 0.974036 0.476986 0.973303 0.477258 0.972692 0.477981 0.972296 0.479043
0 0.445303 0.372880 0.445429 0.373128 0.473662 0.387428 0.474025 0.387249 0.474547 0.386656 0.475148 0.385740 0.475737 0.384641 0.494005 0.347054 0.494488 0.345947 0.494788 0.345007 0.494860 0.344378 0.494693 0.344155 0.466582 0.329603 0.466224 0.329833 0.465706 0.330469 0.465108 0.331413 0.462087 0.336870 0.448031 0.365790 0.445736 0.371274 0.445411 0.372228
0 0.256020 0.048403 0.257104 0.080463 0.257561 0.080822 0.258435 0.081110 0.259592 0.081282 0.260858 0.081314 0.302440 0.079907 0.303630 0.079793 0.304571 0.079549 0.305121 0.079214 0.305194 0.078836 0.304110 0.046777 0.303694 0.046387 0.302851 0.046073 0.301711 0.045883 0.300446 0.045845 0.258673 0.047258 0.257486 0.047378 0.256565 0.047639 0.256050 0.047999
