0 0.744154 0.736409 0.746906 0.768445 0.748207 0.774789 0.748592 0.775947 0.749094 0.776820 0.749638 0.777275 0.750140 0.777240 0.779647 0.772979 0.780050 0.772459 0.780271 0.771536 0.780274 0.770351 0.776698 0.728714 0.776484 0.727455 0.776087 0.726322 0.775567 0.725488 0.775004 0.725080 0.745496 0.729059 0.744998 0.729135 0.744618 0.729688 0.744414 0.730633
0 0.407908 0.706245 0.408173 0.706419 0.408879 0.706653 0.409920 0.706912 0.415910 0.708180 0.447554 0.713885 0.453535 0.714775 0.454572 0.714891 0.455274 0.714911 0.455533 0.714831 0.461297 0.683043 0.461078 0.682851 0.460412 0.682600 0.459397 0.682330 0.458191 0.682082 0.417063 0.674668 0.415856 0.674480 0.414839 0.674384 0.414169 0.674394 0.413947 0.674507
0 0.100397 0.384028 0.123928 0.407348 0.123998 0.407328 0.124415 0.406977 0.125115 0.406347 0.125992 0.405535 0.156488 0.376961 0.157401 0.376096 0.158207 0.375315 0.158781 0.374737 0.159037 0.374451 0.135710 0.350940 0.135629 0.351007 0.135203 0.351400 0.134496 0.352058 0.130228 0.356046 0.106764 0.378031 0.102156 0.382360 0.101322 0.383146 0.100704 0.383732
0 0.069917 0.808800 0.086146 0.834877 0.086589 0.835045 0.087402 0.834903 0.088463 0.834471 0.125943 0.815984 0.127082 0.815331 0.128118 0.814561 0.128894 0.813791 0.129291 0.813139 0.129250 0.812705 0.113299 0.786544 0.112836 0.786410 0.112008 0.786576 0.106869 0.788468 0.078032 0.802692 0.072262 0.806181 0.071196 0.806948 0.070376 0.807716 0.069927 0.808366
0 0.621361 0.771849 0.642427 0.796041 0.642736 0.796140 0.643368 0.795903 0.644226 0.795366 0.648987 0.791777 0.673262 0.770639 0.677597 0.766307 0.678295 0.765490 0.678687 0.764835 0.678715 0.764443 0.657649 0.740251 0.657327 0.740201 0.656687 0.740478 0.655826 0.741041 0.654875 0.741804 0.623498 0.769126 0.622595 0.769977 0.621873 0.770793 0.621439 0.771451
0 0.068086 0.550483 0.080368 0.579676 0.080809 0.579763 0.081652 0.579640 0.082768 0.579324 0.122432 0.566160 0.123644 0.565703 0.124759 0.565177 0.125607 0.564661 0.126059 0.564236 0.126047 0.563965 0.114051 0.534730 0.113584 0.534675 0.112724 0.534821 0.107327 0.536240 0.076809 0.546368 0.070661 0.548781 0.069518 0.549300 0.068626 0.549806 0.068123 0.550222
0 0.165251 0.563809 0.165564 0.564784 0.166185 0.565824 0.190881 0.599537 0.191710 0.600476 0.192616 0.601165 0.193461 0.601498 0.194114 0.601426 0.217523 0.583565 0.217870 0.583113 0.217874 0.582334 0.217534 0.581347 0.214695 0.576084 0.195694 0.550145 0.191344 0.545595 0.190436 0.544878 0.189586 0.544503 0.188925 0.544527 0.165682 0.562613 0.165292 0.563046
0 0.194508 0.474580 0.196431 0.516327 0.196601 0.517550 0.196970 0.518574 0.197483 0.519244 0.198060 0.519457 0.227493 0.518133 0.228025 0.517859 0.228452 0.517136 0.228711 0.516076 0.229246 0.509987 0.227766 0.477867 0.226671 0.471805 0.226315 0.470756 0.225822 0.470048 0.225266 0.469792 0.195845 0.471395 0.195289 0.471629 0.194839 0.472316 0.194565 0.473353
0 0.532321 0.697952 0.532324 0.698310 0.532506 0.699072 0.532839 0.700124 0.546065 0.738544 0.546509 0.739749 0.546983 0.740887 0.547414 0.741785 0.547737 0.742304 0.547903 0.742367 0.578143 0.730727 0.578099 0.730335 0.577879 0.729538 0.577517 0.728458 0.563908 0.690264 0.563467 0.689089 0.563003 0.687963 0.562585 0.687056 0.562277 0.686504 0.562126 0.686394
0 0.496043 0.107292 0.496580 0.113843 0.501848 0.145563 0.503304 0.151011 0.503651 0.151845 0.504028 0.152239 0.534599 0.149164 0.534974 0.149057 0.535269 0.148467 0.535439 0.147484 0.535459 0.146257 0.535324 0.144973 0.528477 0.103747 0.528210 0.102611 0.527852 0.101803 0.527459 0.101446 0.496794 0.104248 0.496450 0.104395 0.496186 0.105025 0.496044 0.106042
0 0.933136 0.265853 0.933173 0.266377 0.953607 0.288604 0.954056 0.288814 0.954835 0.288662 0.955826 0.288172 0.956877 0.287417 0.957829 0.286513 0.985963 0.255610 0.986663 0.254701 0.987000 0.253930 0.986924 0.253416 0.966649 0.230946 0.966186 0.230785 0.965394 0.230987 0.964393 0.231520 0.963335 0.232304 0.958321 0.236808 0.936675 0.260585 0.933500 0.265075
0 0.868063 0.853704 0.868152 0.854086 0.877563 0.884752 0.878128 0.885018 0.879076 0.885100 0.880261 0.884986 0.881504 0.884692 0.921462 0.872429 0.922564 0.872003 0.923350 0.871512 0.923701 0.871032 0.914281 0.840339 0.914152 0.839969 0.913556 0.839742 0.912585 0.839694 0.911388 0.839830 0.910145 0.840130 0.870370 0.852337 0.869264 0.852758 0.868453 0.853238
0 0.195349 0.273590 0.195562 0.274174 0.210177 0.299438 0.210797 0.299745 0.211738 0.299747 0.212859 0.299446 0.218624 0.296923 0.245995 0.280049 0.250584 0.276188 0.251261 0.275382 0.251537 0.274628 0.251371 0.274042 0.236517 0.248925 0.235923 0.248576 0.235002 0.248537 0.233895 0.248813 0.232770 0.249364 0.197196 0.271295 0.196233 0.272032 0.195584 0.272838
0 0.728999 0.227614 0.758070 0.241107 0.758194 0.241101 0.758523 0.240652 0.759009 0.239827 0.759577 0.238752 0.760140 0.237590 0.777736 0.199678 0.778206 0.198614 0.778506 0.197819 0.778592 0.197412 0.749470 0.183895 0.749354 0.183951 0.749033 0.184449 0.748556 0.185313 0.747995 0.186411 0.747436 0.187577 0.729921 0.225316 0.729445 0.226379 0.729121 0.227186
0 0.679818 0.921348 0.693988 0.952122 0.694246 0.952122 0.694911 0.951916 0.695883 0.951534 0.697013 0.951034 0.735152 0.933362 0.736261 0.932825 0.737171 0.932335 0.737746 0.931967 0.737897 0.931777 0.723473 0.901120 0.723193 0.901163 0.722512 0.901405 0.721537 0.901807 0.720414 0.902310 0.682664 0.919802 0.681557 0.920332 0.680628 0.920812 0.680017 0.921168
0 0.478995 0.360080 0.492278 0.387463 0.492639 0.387735 0.493388 0.387754 0.494410 0.387518 0.500085 0.385485 0.529125 0.371679 0.534436 0.368490 0.535321 0.367819 0.535864 0.367186 0.535983 0.366686 0.522448 0.339422 0.522113 0.339111 0.521388 0.339057 0.520381 0.339269 0.519247 0.339714 0.481504 0.357657 0.480422 0.358265 0.479566 0.358939 0.479065 0.359576
0 0.038489 0.242585 0.049069 0.274115 0.049485 0.274029 0.050321 0.273824 0.051450 0.273532 0.091863 0.262888 0.093105 0.262555 0.094264 0.262234 0.095163 0.261974 0.095663 0.261815 0.095692 0.261780 0.085400 0.230232 0.085363 0.230241 0.084851 0.230374 0.082769 0.230920 0.081517 0.231249 0.040869 0.241956 0.039735 0.242255 0.038899 0.242476
0 0.343599 0.239339 0.343922 0.239909 0.344680 0.240472 0.345756 0.240944 0.351845 0.242742 0.383553 0.248081 0.389459 0.248304 0.390465 0.248182 0.391119 0.247856 0.391320 0.247375 0.397102 0.218225 0.396825 0.217640 0.396107 0.217062 0.395058 0.216579 0.393837 0.216266 0.352627 0.209326 0.351429 0.209232 0.350443 0.209372 0.349821 0.209724 0.349656 0.210235
0 0.555331 0.718815 0.577875 0.741636 0.578117 0.741676 0.578671 0.741366 0.579452 0.740754 0.580341 0.739931 0.610076 0.710557 0.610932 0.709656 0.611618 0.708819 0.612030 0.708174 0.612106 0.707820 0.589562 0.685000 0.589310 0.685009 0.588750 0.685360 0.587967 0.685998 0.587080 0.686826 0.557482 0.716066 0.556620 0.716964 0.555909 0.717802 0.555456 0.718452
0 0.153844 0.077428 0.153856 0.077511 0.159768 0.110743 0.160260 0.110736 0.161159 0.110668 0.162330 0.110550 0.163594 0.110400 0.204868 0.105155 0.206041 0.104995 0.206953 0.104848 0.207465 0.104736 0.207498 0.104677 0.201863 0.071410 0.201404 0.071384 0.200526 0.071424 0.199362 0.071523 0.198092 0.071668 0.156393 0.076968 0.155216 0.077134 0.154321 0.077296
0 0.051225 0.487735 0.051403 0.488797 0.051843 0.489540 0.052477 0.489850 0.080458 0.496082 0.081169 0.495908 0.081871 0.495280 0.082455 0.494294 0.084667 0.488466 0.091145 0.456971 0.091384 0.450885 0.091225 0.449802 0.090812 0.449028 0.090208 0.448681 0.062171 0.442724 0.061447 0.442852 0.060733 0.443440 0.060139 0.444399 0.059757 0.445582 0.051337 0.486516
0 0.745214 0.392441 0.745525 0.393083 0.746241 0.393787 0.751025 0.397219 0.779291 0.412546 0.785201 0.414913 0.786341 0.415215 0.787288 0.415255 0.787897 0.415026 0.801031 0.388230 0.801219 0.387747 0.800949 0.387103 0.800261 0.386397 0.799260 0.385737 0.762522 0.365817 0.761367 0.365307 0.760241 0.365030 0.759317 0.365026 0.758735 0.365296 0.745356 0.391959
0 0.012929 0.154066 0.013231 0.155307 0.013986 0.156338 0.025096 0.164195 0.026163 0.164844 0.027397 0.165035 0.068965 0.163257 0.070179 0.162961 0.071186 0.162224 0.071835 0.161157 0.072026 0.159923 0.071731 0.158709 0.070993 0.157702 0.060956 0.149693 0.059864 0.149029 0.058601 0.148834 0.016061 0.150653 0.014819 0.150956 0.013788 0.151711 0.013124 0.152803
0 0.821904 0.915658 0.821953 0.922259 0.822141 0.923522 0.822539 0.924557 0.823089 0.925205 0.823708 0.925367 0.852613 0.927143 0.853222 0.926797 0.853708 0.925993 0.853997 0.924855 0.859694 0.883454 0.859740 0.882163 0.859535 0.880922 0.859111 0.879923 0.858533 0.879316 0.857889 0.879194 0.829064 0.877143 0.828470 0.877526 0.827995 0.878355 0.826287 0.883804
0 0.061471 0.715923 0.061726 0.716976 0.062321 0.718047 0.086740 0.751962 0.087578 0.752881 0.088528 0.753503 0.089444 0.753731 0.090186 0.753534 0.113142 0.736764 0.113581 0.736181 0.113666 0.735290 0.113385 0.734226 0.110722 0.728740 0.091933 0.702646 0.087489 0.698260 0.086536 0.697611 0.085615 0.697341 0.084866 0.697492 0.062073 0.714488 0.061593 0.715050
0 0.818401 0.318831 0.818779 0.319068 0.819572 0.319398 0.820659 0.319770 0.821875 0.320129 0.862627 0.331274 0.863818 0.331573 0.864786 0.331762 0.865385 0.331811 0.865522 0.331714 0.875822 0.300477 0.875483 0.300222 0.874708 0.299877 0.873617 0.299494 0.872375 0.299131 0.831273 0.288224 0.830102 0.287946 0.829163 0.287789 0.828599 0.287778 0.828496 0.287913
0 0.507203 0.670505 0.507316 0.670824 0.507725 0.671472 0.508367 0.672350 0.512172 0.677211 0.532820 0.702109 0.536828 0.706667 0.537542 0.707424 0.538053 0.707884 0.538282 0.707977 0.562897 0.687252 0.562830 0.686946 0.562455 0.686305 0.561830 0.685429 0.561049 0.684449 0.534043 0.652121 0.533239 0.651203 0.532532 0.650484 0.532029 0.650073 0.531807 0.650032
0 0.648409 0.348671 0.648437 0.348760 0.677610 0.362100 0.677867 0.361757 0.678289 0.361021 0.678812 0.360003 0.681569 0.354307 0.694955 0.325034 0.697214 0.319761 0.697550 0.318903 0.697692 0.318405 0.697620 0.318342 0.668448 0.305002 0.668199 0.305394 0.667785 0.306170 0.667270 0.307211 0.666732 0.308358 0.649429 0.346195 0.648946 0.347283 0.648587 0.348152
0 0.863631 0.326899 0.866637 0.358912 0.868139 0.364723 0.868590 0.365681 0.869184 0.366255 0.869832 0.366356 0.898600 0.364227 0.899224 0.363839 0.899708 0.363023 0.899978 0.361902 0.899992 0.360648 0.896085 0.319041 0.895842 0.317852 0.895379 0.316919 0.894768 0.316382 0.894102 0.316324 0.865308 0.318176 0.864710 0.318604 0.864249 0.319455 0.863996 0.320598
0 0.351957 0.799670 0.367706 0.827615 0.367803 0.827783 0.368311 0.827685 0.369154 0.827336 0.370204 0.826789 0.406616 0.806268 0.407704 0.805611 0.408658 0.804947 0.409333 0.804378 0.409625 0.803992 0.393876 0.776046 0.393756 0.775924 0.393230 0.776060 0.392378 0.776433 0.391330 0.776986 0.355084 0.797413 0.353991 0.798066 0.353014 0.798724 0.352299 0.799287
0 0.792027 0.745717 0.792071 0.746623 0.792444 0.747210 0.816607 0.762962 0.817269 0.763153 0.818102 0.762908 0.818978 0.762264 0.819764 0.761317 0.842895 0.726511 0.843466 0.725414 0.843731 0.724341 0.843651 0.723454 0.843237 0.722890 0.819228 0.706905 0.818561 0.706761 0.817725 0.707047 0.816847 0.707720 0.812702 0.712238 0.794905 0.739018 0.792318 0.744631
0 0.891386 0.664746 0.891549 0.665640 0.891902 0.666761 0.906220 0.705826 0.906712 0.707012 0.907272 0.708090 0.907813 0.708897 0.908255 0.709309 0.908529 0.709264 0.938674 0.698215 0.938761 0.697709 0.938621 0.696828 0.937116 0.691399 0.926039 0.661176 0.923393 0.655280 0.922824 0.654225 0.922270 0.653456 0.921815 0.653092 0.921530 0.653187 0.891437 0.664216
