0 0.720371 0.132395 0.743664 0.154343 0.754638 0.142696 0.755661 0.141261 0.732274 0.119225 0.721256 0.130918 0.720875 0.131552
0 0.661935 0.367405 0.681295 0.392890 0.681711 0.392644 0.682023 0.392459 0.694817 0.382740 0.675379 0.357153 0.662585 0.366872
0 0.929768 0.179199 0.934764 0.210830 0.950579 0.208332 0.951354 0.207831 0.952390 0.207160 0.947375 0.175402 0.944199 0.175903 0.934671 0.177408 0.931495 0.177910
0 0.528789 0.322593 0.529867 0.325606 0.532024 0.331633 0.533103 0.334646 0.534182 0.337659 0.564314 0.326873 0.564572 0.326178 0.559158 0.311051 0.528904 0.321881
0 0.536065 0.787568 0.536866 0.793955 0.542177 0.807695 0.543261 0.808343 0.548607 0.806276 0.547496 0.799275 0.545188 0.793304 0.544034 0.790319 0.541726 0.784349 0.538741 0.785503 0.536502 0.786369
0 0.842874 0.224573 0.865011 0.247712 0.866478 0.246699 0.873448 0.240031 0.878094 0.235586 0.855868 0.212353 0.855053 0.213012 0.854444 0.213505
0 0.131566 0.061171 0.132410 0.062177 0.133041 0.062928 0.147229 0.070349 0.162071 0.041974 0.160713 0.040133 0.152166 0.035662 0.149317 0.034172 0.146468 0.032682
0 0.418726 0.069242 0.419051 0.070965 0.421192 0.073343 0.429758 0.082857 0.453543 0.061442 0.453356 0.059681 0.442606 0.047741
0 0.572252 0.223749 0.585881 0.232153 0.602689 0.204896 0.602866 0.204389 0.603102 0.203710 0.600365 0.202022 0.589419 0.195272 0.572543 0.222639 0.572376 0.223274
0 0.938509 0.428789 0.941229 0.430476 0.943269 0.431741 0.948394 0.430951 0.949249 0.430730 0.965451 0.404609 0.965459 0.403439 0.960644 0.400453 0.958523 0.400911 0.956422 0.401365 0.955379 0.401591
0 0.475235 0.813250 0.507259 0.815892 0.508580 0.799880 0.508566 0.799365 0.508546 0.798680 0.476650 0.796049 0.475860 0.805618 0.475597 0.808807 0.475334 0.811997
0 0.657072 0.226655 0.672412 0.231244 0.672708 0.230782 0.673104 0.230163 0.682318 0.199360 0.673077 0.196596 0.666917 0.194754 0.666534 0.195453 0.666249 0.195976
0 0.282201 0.220828 0.282575 0.221308 0.283072 0.221945 0.312873 0.233614 0.315207 0.227654 0.318708 0.218713 0.317980 0.217583 0.288059 0.205867
0 0.278415 0.478481 0.284158 0.510115 0.285021 0.510075 0.300775 0.507214 0.295055 0.475707 0.294703 0.475665 0.294232 0.475609 0.291068 0.476183 0.281578 0.477906
0 0.553357 0.826532 0.553571 0.827844 0.556377 0.829414 0.561989 0.832554 0.567601 0.835694 0.583299 0.807635 0.583108 0.806930 0.582965 0.806403 0.568992 0.798586
0 0.619853 0.929357 0.620059 0.930095 0.620335 0.931082 0.638021 0.957932 0.640706 0.956164 0.646076 0.952627 0.648761 0.950858 0.651446 0.949089 0.651099 0.948060 0.650840 0.947292 0.633224 0.920549
0 0.041565 0.079909 0.041895 0.082344 0.042336 0.085589 0.052799 0.095063 0.068655 0.092910 0.068225 0.089738 0.067902 0.087360 0.057793 0.077706 0.057130 0.077252 0.042534 0.079234
0 0.416923 0.625974 0.434166 0.653088 0.447724 0.644467 0.447933 0.643889 0.430759 0.616882 0.425357 0.620317 0.417256 0.625469 0.417066 0.625757
0 0.921740 0.777818 0.924105 0.779975 0.925878 0.781592 0.935842 0.788180 0.936743 0.787958 0.946668 0.777074 0.946876 0.776079 0.942641 0.772217 0.932522 0.765994 0.923896 0.775453
0 0.155253 0.801268 0.161280 0.803509 0.167308 0.805750 0.170321 0.806870 0.171077 0.806167 0.171641 0.805642 0.182801 0.775627 0.167794 0.770047 0.167223 0.770511 0.166459 0.771132
0 0.262509 0.787516 0.273836 0.793606 0.276668 0.795128 0.277180 0.794452 0.277562 0.793947 0.292726 0.765742 0.278623 0.758160 0.277734 0.759197
0 0.060718 0.564589 0.063068 0.580482 0.094855 0.575782 0.095552 0.575652 0.096476 0.575479 0.095072 0.565981 0.094135 0.559648 0.092505 0.559888
0 0.866791 0.043352 0.868570 0.046013 0.875686 0.056655 0.902291 0.038866 0.903213 0.037810 0.903907 0.037014 0.894977 0.023658 0.868264 0.041518
0 0.371409 0.809297 0.380664 0.840068 0.396050 0.835441 0.396229 0.834864 0.396466 0.834099 0.387248 0.803451 0.384183 0.804372 0.378053 0.806216 0.371923 0.808060 0.371630 0.808765
0 0.332241 0.164040 0.338326 0.178910 0.338604 0.179462 0.338973 0.180194 0.368593 0.168074 0.368066 0.166740 0.361981 0.151871
0 0.099325 0.830524 0.100726 0.862645 0.103938 0.862505 0.107150 0.862365 0.116787 0.861944 0.117665 0.861115 0.118321 0.860495 0.116925 0.828503 0.100929 0.829201 0.100243 0.829766
0 0.058575 0.061047 0.069636 0.091216 0.071358 0.092852 0.080372 0.089547 0.083377 0.088445 0.086382 0.087343 0.075366 0.057295 0.074393 0.056280 0.073660 0.055516
0 0.668531 0.113238 0.672245 0.128813 0.703394 0.121385 0.703744 0.120734 0.704212 0.119863 0.701229 0.107354 0.700483 0.104226 0.669208 0.111683
0 0.882106 0.446736 0.882540 0.462741 0.914551 0.461875 0.915263 0.461810 0.916217 0.461722 0.916043 0.455294 0.915869 0.448866 0.915782 0.445652 0.883642 0.446521 0.882763 0.446644
0 0.301804 0.250353 0.308311 0.265043 0.309078 0.265983 0.338340 0.253020 0.337044 0.250094 0.335748 0.247168 0.331859 0.238389 0.331184 0.237338
0 0.453973 0.420626 0.468706 0.449183 0.468831 0.449386 0.471675 0.447919 0.480208 0.443517 0.483052 0.442049 0.482984 0.441817 0.468252 0.413260
0 0.915739 0.540256 0.927613 0.569977 0.929331 0.570258 0.944251 0.564297 0.932329 0.534457 0.930599 0.534319
0 0.546403 0.080267 0.547662 0.083210 0.548921 0.086152 0.552699 0.094979 0.582122 0.082387 0.582452 0.080710 0.576131 0.065939 0.546589 0.078582 0.546509 0.079306
0 0.845473 0.968329 0.853042 0.982439 0.854461 0.984377 0.882793 0.969178 0.878233 0.960678 0.875193 0.955012 0.874334 0.953969 0.873692 0.953191
0 0.608244 0.089242 0.610741 0.095136 0.613238 0.101029 0.614487 0.103976 0.619644 0.101792 0.620137 0.100514 0.622805 0.091641 0.617059 0.078077 0.616054 0.077396 0.613792 0.078354 0.610776 0.079632
0 0.019318 0.365810 0.021241 0.366347 0.052092 0.374859 0.052944 0.371774 0.053795 0.368689 0.054646 0.365604 0.056348 0.359433 0.055332 0.359111 0.054566 0.358869 0.023591 0.350322
0 0.554695 0.174571 0.585577 0.183040 0.589812 0.167598 0.590173 0.166263 0.559166 0.157760 0.556615 0.167062 0.555765 0.170162 0.554915 0.173263 0.554789 0.174012
0 0.937572 0.735862 0.940261 0.737597 0.945640 0.741067 0.951019 0.744536 0.952053 0.745097 0.952831 0.745519 0.970249 0.718516 0.956748 0.709807 0.955963 0.709446 0.954921 0.708967
