0 0.090662 0.090284 0.095341 0.094967 0.097816 0.096997 0.099672 0.098519 0.100570 0.098178 0.119860 0.074654 0.119966 0.073771 0.115572 0.068843 0.113695 0.067303 0.111191 0.065250
0 0.255045 0.114165 0.256025 0.115710 0.271717 0.118895 0.278087 0.087512 0.277706 0.086803 0.277195 0.085854 0.261441 0.082656
0 0.621516 0.392164 0.636448 0.420492 0.650612 0.413026 0.651218 0.412676 0.636225 0.384234 0.633381 0.385733 0.630537 0.387232 0.622005 0.391730 0.621725 0.391978
0 0.748576 0.942304 0.749245 0.943559 0.751837 0.948172 0.781192 0.957290 0.782368 0.957021 0.783088 0.954702 0.784048 0.951610 0.783393 0.950568 0.781445 0.947471 0.780801 0.946448 0.750237 0.936956
0 0.783447 0.518761 0.807379 0.540011 0.808083 0.540103 0.808614 0.540172 0.819281 0.528158 0.795253 0.506823 0.794072 0.506795
0 0.724602 0.413807 0.756539 0.416161 0.757569 0.415824 0.757806 0.412617 0.758515 0.402998 0.758751 0.399792 0.726687 0.397428 0.726167 0.397663 0.725779 0.397839
0 0.360761 0.084333 0.361318 0.085997 0.376184 0.091946 0.388081 0.062215 0.387889 0.061463 0.387631 0.060455 0.381661 0.058066 0.375691 0.055677 0.372706 0.054483
0 0.431947 0.598559 0.433982 0.601048 0.436017 0.603537 0.440088 0.608514 0.442124 0.611003 0.467012 0.590648 0.467144 0.590286 0.457007 0.577892 0.432219 0.598165 0.432103 0.598333
0 0.296371 0.610333 0.303583 0.641894 0.309106 0.640632 0.311288 0.639024 0.311782 0.638145 0.305006 0.608488 0.304159 0.607824 0.301819 0.608358 0.298699 0.609071 0.298237 0.609321 0.297774 0.609572 0.296841 0.610078
0 0.686129 0.079763 0.702037 0.081581 0.702384 0.080862 0.702848 0.079899 0.706498 0.047956 0.700110 0.047226 0.690527 0.046131 0.690090 0.047171 0.689764 0.047948
0 0.757883 0.119786 0.778361 0.144405 0.790671 0.134166 0.791170 0.133538 0.791839 0.132696 0.771278 0.107978 0.758919 0.118258
0 0.570376 0.816870 0.570658 0.818143 0.584814 0.846990 0.599237 0.839912 0.599067 0.839328 0.598841 0.838552 0.584741 0.809820 0.573249 0.815460
0 0.372052 0.904508 0.398091 0.923335 0.407505 0.910315 0.407664 0.909610 0.407875 0.908674 0.381940 0.889922 0.380064 0.892515 0.376314 0.897702 0.372564 0.902889
0 0.325001 0.229337 0.325441 0.232583 0.325771 0.235017 0.329753 0.241075 0.330557 0.241613 0.344837 0.239679 0.345611 0.238927 0.345289 0.236549 0.344859 0.233377 0.341230 0.227140 0.337984 0.227579
0 0.694031 0.696816 0.698571 0.701420 0.701566 0.702747 0.704560 0.704073 0.713545 0.708052 0.715866 0.702811 0.715323 0.701613 0.710644 0.697232 0.697468 0.691397 0.696299 0.691695
0 0.629738 0.152347 0.634882 0.182331 0.635729 0.183166 0.641249 0.182219 0.642882 0.178545 0.637407 0.146636 0.631823 0.147594 0.631087 0.148732
0 0.603212 0.349711 0.631701 0.364335 0.632230 0.363790 0.633699 0.360929 0.639572 0.349488 0.610969 0.334805 0.610714 0.335184 0.610524 0.335467
0 0.785610 0.074812 0.786535 0.077875 0.787229 0.080173 0.788391 0.080468 0.802186 0.076302 0.808898 0.066891 0.809626 0.065617 0.807969 0.060130 0.795427 0.063917 0.792292 0.064864
0 0.210452 0.947527 0.214880 0.952190 0.219308 0.956853 0.221522 0.959184 0.244836 0.937045 0.245421 0.936044 0.245858 0.935296 0.234833 0.923685 0.211611 0.945736
0 0.015740 0.953877 0.030825 0.959407 0.031631 0.958618 0.032701 0.957569 0.043718 0.927520 0.031698 0.923114 0.028693 0.922013 0.027613 0.922979 0.026800 0.923708
0 0.103156 0.193037 0.113707 0.223408 0.114592 0.224042 0.115253 0.224515 0.130378 0.219261 0.119870 0.189012 0.118342 0.187762
0 0.433180 0.264634 0.433333 0.265173 0.433448 0.265576 0.444730 0.276937 0.467452 0.254372 0.467396 0.253950 0.467321 0.253385 0.465056 0.251104 0.460525 0.246541 0.455993 0.241978
0 0.162850 0.757101 0.164160 0.773114 0.196186 0.770493 0.197402 0.769411 0.196096 0.753462 0.164198 0.756073 0.163429 0.756659
0 0.795452 0.377167 0.802082 0.391742 0.803296 0.391306 0.832562 0.377994 0.828568 0.369214 0.825905 0.363361 0.824601 0.363908
0 0.273664 0.227931 0.274053 0.229202 0.276379 0.231990 0.302192 0.248088 0.303408 0.247976 0.306371 0.243224 0.305928 0.242635 0.304133 0.240255 0.276662 0.223123
0 0.562734 0.189654 0.570530 0.195258 0.575728 0.198993 0.594407 0.173005 0.594624 0.172256 0.594786 0.171692 0.581740 0.162315 0.562986 0.188407
0 0.195493 0.167334 0.196016 0.167906 0.196711 0.168665 0.204286 0.174565 0.209336 0.178498 0.229001 0.153248 0.227913 0.151855 0.215237 0.141983
0 0.454071 0.467614 0.475586 0.491481 0.475683 0.491516 0.478061 0.489373 0.480438 0.487230 0.485192 0.482944 0.487569 0.480801 0.487541 0.480757 0.487519 0.480724 0.466004 0.456857
0 0.846287 0.867410 0.846393 0.868387 0.846534 0.869686 0.860594 0.898334 0.863628 0.897172 0.875763 0.892523 0.875672 0.891245 0.875603 0.890283 0.861276 0.861668
0 0.119539 0.337003 0.127602 0.350900 0.128242 0.351156 0.129092 0.351496 0.156774 0.335434 0.155168 0.332666 0.148743 0.321593 0.147332 0.320876
0 0.136529 0.595535 0.138155 0.598309 0.143035 0.606629 0.144662 0.609402 0.146084 0.608964 0.173706 0.592763 0.165606 0.578952 0.165031 0.579088 0.164262 0.579270
0 0.746498 0.776390 0.755464 0.807132 0.755902 0.807660 0.756490 0.808367 0.771923 0.803866 0.762921 0.773000 0.761869 0.771907
0 0.008220 0.885253 0.033975 0.904499 0.035841 0.902880 0.045425 0.890053 0.019773 0.870885 0.017843 0.872375 0.012069 0.880102
0 0.192960 0.380594 0.194373 0.381144 0.195075 0.381417 0.196469 0.381959 0.228300 0.385291 0.228883 0.379721 0.228015 0.378773 0.225187 0.377512 0.194616 0.374311 0.193550 0.374959 0.193297 0.377374
0 0.143045 0.359968 0.150619 0.365940 0.155669 0.369921 0.157047 0.370442 0.176874 0.345295 0.164301 0.335382 0.162952 0.334720
0 0.936745 0.183466 0.936829 0.184405 0.954946 0.208843 0.955805 0.209176 0.961075 0.205814 0.963026 0.204368 0.965627 0.202440 0.946346 0.176432 0.943271 0.178661 0.941245 0.180130
0 0.721541 0.468172 0.731692 0.498543 0.732091 0.498541 0.732624 0.498537 0.741772 0.495480 0.744821 0.494461 0.747870 0.493441 0.737678 0.462948 0.736727 0.463096
0 0.645343 0.345505 0.659451 0.353077 0.660092 0.352486 0.675296 0.324157 0.672463 0.322636 0.663964 0.318075 0.661131 0.316555 0.660486 0.317289
0 0.726408 0.761812 0.726927 0.762412 0.727318 0.762863 0.738810 0.774091 0.761265 0.751107 0.749773 0.739879 0.748774 0.738919
0 0.840116 0.892792 0.840964 0.895038 0.842095 0.898032 0.846050 0.902634 0.876337 0.891197 0.875194 0.888168 0.874336 0.885896 0.870057 0.881486 0.869237 0.881238 0.840777 0.891985
