0 0.736440 0.513707 0.764026 0.529934 0.765086 0.530055 0.773233 0.516206 0.745536 0.499914 0.744554 0.499914 0.742931 0.502672
0 0.063991 0.656858 0.079263 0.661848 0.080946 0.661200 0.090885 0.630778 0.087843 0.629784 0.084801 0.628790 0.075674 0.625808 0.073970 0.626314
0 0.779237 0.544946 0.784147 0.553197 0.787420 0.558697 0.788079 0.558832 0.788575 0.558933 0.816189 0.542502 0.807973 0.528694 0.807444 0.528645 0.806741 0.528580
0 0.614375 0.226602 0.619263 0.258231 0.625589 0.257254 0.628752 0.256765 0.635077 0.255787 0.635387 0.255228 0.635620 0.254806 0.630712 0.223050 0.614834 0.225504
0 0.113965 0.399989 0.123220 0.413122 0.123868 0.413272 0.124727 0.413470 0.150888 0.395033 0.147201 0.389801 0.141670 0.381953 0.140849 0.381682 0.140231 0.381479
0 0.293099 0.171200 0.293927 0.172515 0.302613 0.176607 0.308404 0.179334 0.322042 0.150381 0.321327 0.148976 0.306792 0.142130
0 0.151881 0.097684 0.152679 0.098606 0.153275 0.099294 0.167674 0.106296 0.181677 0.077497 0.180398 0.075799 0.168832 0.070175 0.165940 0.068769
0 0.827030 0.205284 0.842593 0.233271 0.856586 0.225490 0.858020 0.224387 0.842395 0.196287 0.833965 0.200974 0.828345 0.204099
0 0.550630 0.566999 0.551188 0.568038 0.551720 0.568746 0.581092 0.577810 0.582151 0.577320 0.582867 0.575000 0.583821 0.571906 0.583628 0.571740 0.583436 0.571575 0.582863 0.571084 0.552282 0.561647 0.551338 0.564705
0 0.868376 0.217244 0.870930 0.219174 0.876037 0.223033 0.881144 0.226892 0.882017 0.226266 0.882675 0.225794 0.902047 0.200158 0.889228 0.190472 0.887671 0.191710
0 0.953032 0.632126 0.956455 0.636560 0.961732 0.638139 0.962600 0.638205 0.986933 0.619423 0.987361 0.618357 0.983899 0.613872 0.978368 0.612571
0 0.702690 0.756209 0.702940 0.757134 0.707687 0.763150 0.712831 0.765679 0.718613 0.753923 0.720058 0.750984 0.715028 0.745246 0.710002 0.742774 0.709050 0.743278
0 0.027091 0.937459 0.043389 0.965153 0.057236 0.957004 0.057997 0.956219 0.059007 0.955176 0.042775 0.927593 0.040016 0.929216 0.037258 0.930839 0.034500 0.932462 0.028984 0.935709 0.027904 0.936707
0 0.817200 0.310125 0.819246 0.342064 0.824836 0.341706 0.828592 0.339876 0.829157 0.339109 0.827192 0.308434 0.826522 0.307567 0.824099 0.307722 0.820868 0.307929
0 0.467477 0.756008 0.472837 0.757844 0.473880 0.757192 0.483841 0.728113 0.484008 0.725765 0.483519 0.724620 0.481248 0.723842 0.478220 0.722805 0.467849 0.753082 0.467775 0.753662 0.467701 0.754244
0 0.115009 0.466786 0.138155 0.489075 0.138777 0.489094 0.139603 0.489119 0.146263 0.482203 0.150703 0.477592 0.127649 0.455392 0.126154 0.455213
0 0.302201 0.464371 0.302984 0.467490 0.304550 0.473726 0.306117 0.479963 0.306561 0.480009 0.306893 0.480043 0.337951 0.472242 0.334051 0.456713 0.333384 0.456539
0 0.809839 0.489551 0.830958 0.513599 0.831716 0.513630 0.832287 0.513653 0.844359 0.503052 0.823156 0.478907 0.821863 0.478992 0.817053 0.483215
0 0.045481 0.344994 0.047956 0.360878 0.049766 0.361434 0.081407 0.356504 0.078941 0.340683 0.077249 0.340043
0 0.557711 0.200535 0.569136 0.211752 0.591571 0.188901 0.591939 0.187651 0.589645 0.185398 0.582762 0.178641 0.580468 0.176389 0.557943 0.199331 0.557810 0.200020
0 0.177355 0.273810 0.177909 0.274199 0.178646 0.274715 0.184644 0.276949 0.193642 0.280299 0.204809 0.250306 0.203624 0.249303 0.188567 0.243697
0 0.690269 0.029947 0.690441 0.030809 0.713120 0.051085 0.714128 0.051279 0.717861 0.047103 0.719366 0.043976 0.719872 0.042924 0.720380 0.041867 0.696245 0.020289 0.694087 0.022702 0.692469 0.024512
0 0.845133 0.895118 0.863510 0.921344 0.864134 0.922068 0.864971 0.923037 0.878136 0.913812 0.859686 0.887481 0.858862 0.886593 0.858246 0.885930
0 0.033699 0.152197 0.036046 0.157427 0.046652 0.165258 0.047451 0.165469 0.060598 0.159569 0.061251 0.158706 0.058958 0.153596 0.048639 0.145492 0.039675 0.149515 0.036687 0.150856
0 0.677218 0.298729 0.691303 0.306343 0.691632 0.306010 0.692072 0.305564 0.707361 0.277280 0.693219 0.269636 0.692445 0.270558
0 0.058797 0.268286 0.059556 0.268685 0.060563 0.269213 0.076485 0.270809 0.079675 0.238963 0.078712 0.238365 0.077987 0.237915 0.062001 0.236313
0 0.667782 0.375378 0.682705 0.381182 0.683019 0.380978 0.683439 0.380704 0.695094 0.350740 0.692098 0.349574 0.686105 0.347243 0.680112 0.344912 0.679699 0.345267 0.679391 0.345533
0 0.173253 0.744683 0.189675 0.772303 0.203485 0.764092 0.204671 0.763035 0.188315 0.735526 0.185564 0.737161 0.180063 0.740432 0.174561 0.743704 0.173815 0.744262
0 0.815352 0.948880 0.816619 0.950684 0.821413 0.954970 0.828604 0.961399 0.850033 0.937430 0.848632 0.935679 0.836696 0.925007
0 0.833909 0.383683 0.865928 0.384153 0.866557 0.383954 0.867399 0.383687 0.867446 0.380473 0.867634 0.367613 0.835486 0.367142 0.834718 0.367446 0.834143 0.367674
0 0.933124 0.417730 0.933917 0.419996 0.934975 0.423016 0.945151 0.421215 0.951334 0.419051 0.960608 0.415804 0.959526 0.412712 0.958714 0.410394 0.957403 0.409944 0.947464 0.411901 0.933863 0.416663
0 0.086811 0.767286 0.090083 0.767433 0.092537 0.767543 0.101852 0.761427 0.102460 0.760813 0.103107 0.746417 0.102571 0.745441 0.100173 0.745333 0.096976 0.745190 0.087547 0.750926 0.087252 0.757470 0.086958 0.764014
0 0.537990 0.803226 0.538055 0.803747 0.538142 0.804444 0.551832 0.833536 0.554742 0.832167 0.557651 0.830798 0.566378 0.826691 0.566113 0.825383 0.552477 0.796408
0 0.250216 0.328058 0.254802 0.343466 0.255783 0.344093 0.286476 0.334959 0.281909 0.319613 0.281032 0.318888
0 0.953849 0.351994 0.960523 0.366548 0.962374 0.366011 0.991599 0.352609 0.990259 0.349687 0.984898 0.337997 0.982957 0.338645
0 0.947655 0.805362 0.948424 0.805887 0.949454 0.806589 0.960845 0.812559 0.963693 0.814051 0.978617 0.785573 0.976702 0.784430 0.962519 0.776998
0 0.360733 0.916095 0.361505 0.916766 0.391957 0.920949 0.392806 0.920501 0.394032 0.915695 0.394794 0.910146 0.363087 0.905790 0.362773 0.906720 0.361823 0.909535 0.361504 0.910482 0.361063 0.913690
0 0.595747 0.968794 0.597987 0.979762 0.601155 0.980592 0.613829 0.983912 0.614659 0.980743 0.615281 0.978367 0.612646 0.967431 0.612139 0.966721 0.598199 0.963069 0.597166 0.963376
0 0.666222 0.060858 0.681576 0.065398 0.681889 0.064651 0.682306 0.063651 0.691422 0.032819 0.688339 0.031907 0.679090 0.029172 0.676006 0.028261 0.675302 0.030149
