0 0.914855 0.251854 0.922737 0.282873 0.928941 0.281297 0.935144 0.279721 0.938246 0.278932 0.939250 0.278426 0.940007 0.278044 0.932093 0.246901 0.916522 0.250858
0 0.828065 0.871440 0.829383 0.872932 0.840040 0.884955 0.864087 0.863640 0.853430 0.851617 0.852016 0.850211
0 0.560093 0.258353 0.572533 0.268433 0.592692 0.243552 0.592852 0.243111 0.593065 0.242521 0.590567 0.240497 0.583073 0.234425 0.580574 0.232401 0.560334 0.257382 0.560196 0.257938
0 0.259505 0.537524 0.260484 0.543879 0.260974 0.547057 0.261464 0.550235 0.261954 0.553412 0.293730 0.548515 0.294203 0.548404 0.294556 0.548321 0.292117 0.532496 0.260468 0.537374 0.260056 0.537438
0 0.179230 0.344485 0.192079 0.373957 0.192784 0.374246 0.193312 0.374462 0.207989 0.368063 0.195191 0.338708 0.193966 0.338060 0.182177 0.343200
0 0.032268 0.476905 0.032608 0.480102 0.033971 0.492890 0.035039 0.492907 0.035837 0.492919 0.067679 0.489525 0.065982 0.473603 0.064238 0.473497
0 0.497236 0.848515 0.503009 0.851346 0.508783 0.854177 0.511670 0.855592 0.525824 0.826724 0.525721 0.825416 0.511345 0.818367 0.497247 0.847120 0.497242 0.847717
0 0.188685 0.326027 0.213386 0.346607 0.214534 0.347221 0.224783 0.334919 0.200180 0.314421 0.198975 0.313676 0.192801 0.321086
0 0.615411 0.489209 0.628743 0.518325 0.629261 0.518398 0.632184 0.517060 0.640954 0.513044 0.643877 0.511705 0.630491 0.482473 0.630192 0.482513 0.629969 0.482543
0 0.275943 0.300136 0.276456 0.300594 0.276840 0.300936 0.308775 0.303295 0.309955 0.287327 0.309629 0.286962 0.309191 0.286473 0.277127 0.284104 0.276653 0.290516
0 0.139182 0.906405 0.158240 0.932276 0.171176 0.922747 0.172491 0.921055 0.153509 0.895288 0.150932 0.897186 0.143202 0.902881 0.140625 0.904780
0 0.241916 0.484518 0.246723 0.488789 0.249127 0.490924 0.253935 0.495194 0.254920 0.495214 0.276187 0.471273 0.264216 0.460639 0.263811 0.460571 0.263269 0.460481
0 0.128450 0.782928 0.129249 0.783763 0.143487 0.787540 0.144279 0.787127 0.152411 0.780563 0.153027 0.778243 0.153847 0.775149 0.147660 0.773508 0.141473 0.771867 0.138380 0.771047 0.129920 0.777388
0 0.064945 0.158757 0.066686 0.160123 0.091894 0.179873 0.101769 0.167269 0.100169 0.165932 0.074860 0.146103 0.070894 0.151164 0.066928 0.156226
0 0.055092 0.664292 0.077930 0.686923 0.079620 0.686174 0.090890 0.674801 0.068143 0.652261 0.066407 0.652873 0.057355 0.662008
0 0.890903 0.058728 0.898418 0.088207 0.899163 0.089020 0.904590 0.087637 0.906449 0.085743 0.909268 0.082869 0.901271 0.051497 0.895781 0.052897 0.891257 0.058007
0 0.480634 0.133978 0.481076 0.142345 0.481218 0.143262 0.492690 0.151983 0.493816 0.152029 0.497205 0.147570 0.497140 0.139325 0.484102 0.129414 0.482120 0.132022
0 0.493420 0.569928 0.494018 0.585983 0.526129 0.584788 0.525531 0.568732 0.525429 0.568457 0.493446 0.569648 0.493431 0.569808
0 0.036666 0.315849 0.046930 0.346299 0.048742 0.346914 0.057841 0.343847 0.063906 0.341802 0.053683 0.311474 0.052661 0.311042 0.051890 0.310717
0 0.596589 0.459736 0.626316 0.471592 0.626606 0.471527 0.626824 0.471478 0.632776 0.456555 0.602929 0.444650 0.602517 0.444872 0.598960 0.453790
0 0.100824 0.793684 0.105329 0.825500 0.121237 0.823247 0.121888 0.822692 0.122752 0.821954 0.118266 0.790266 0.115097 0.790714 0.108759 0.791611 0.105590 0.792060 0.102422 0.792509 0.101510 0.793179
0 0.725108 0.052712 0.726743 0.062173 0.727833 0.068480 0.759370 0.063029 0.759965 0.062028 0.760412 0.061274 0.757675 0.045442 0.726012 0.050915 0.725623 0.051687
0 0.173773 0.557840 0.176480 0.563672 0.179188 0.569504 0.180542 0.572420 0.181821 0.572130 0.210866 0.558645 0.204123 0.544123 0.202934 0.544300
0 0.891843 0.512479 0.900868 0.525704 0.902479 0.525807 0.929037 0.507685 0.921788 0.497062 0.919975 0.494406 0.919013 0.494419 0.918294 0.494429
0 0.133688 0.343505 0.135165 0.346361 0.136642 0.349217 0.139596 0.354928 0.141074 0.357784 0.141896 0.358110 0.142510 0.358353 0.170953 0.343640 0.163597 0.329419 0.163019 0.329126 0.162245 0.328734
0 0.612299 0.164841 0.644322 0.164925 0.644902 0.163579 0.644936 0.150718 0.644944 0.147503 0.612793 0.147418 0.612534 0.148226 0.612341 0.148829
0 0.190748 0.290919 0.194346 0.306578 0.195568 0.307352 0.226760 0.300185 0.225327 0.293946 0.223177 0.284589 0.222542 0.284095 0.222065 0.283724
0 0.803644 0.819011 0.804165 0.819560 0.804864 0.820293 0.808048 0.820734 0.814418 0.821616 0.820788 0.822498 0.825196 0.790650 0.824451 0.789984 0.823895 0.789487 0.808034 0.787291
0 0.509757 0.546726 0.509876 0.547879 0.509979 0.548377 0.533792 0.567814 0.534950 0.567738 0.536486 0.565857 0.538533 0.563349 0.538444 0.563202 0.538180 0.562768 0.538092 0.562624 0.513299 0.542387 0.511275 0.544866
0 0.522078 0.767883 0.522116 0.768344 0.522167 0.768960 0.531586 0.799701 0.537734 0.797817 0.546956 0.794991 0.546768 0.793811 0.537387 0.763193
0 0.456095 0.618499 0.462188 0.620557 0.471326 0.623643 0.481614 0.593182 0.481657 0.592969 0.481688 0.592809 0.466519 0.587686 0.466461 0.587836 0.466384 0.588038
0 0.435777 0.318662 0.436240 0.321046 0.436859 0.324224 0.437004 0.324629 0.437149 0.325033 0.437437 0.325835 0.437580 0.326233 0.468996 0.320121 0.468854 0.319295 0.468710 0.318461 0.468637 0.318041 0.467556 0.312480 0.466626 0.311949 0.436453 0.317819
0 0.921155 0.292591 0.952421 0.299429 0.953457 0.298970 0.954499 0.298508 0.957652 0.297110 0.958862 0.291576 0.957980 0.290733 0.927951 0.284165 0.923546 0.286387 0.922352 0.287119 0.921839 0.289464
0 0.839020 0.757310 0.842037 0.789172 0.843411 0.790334 0.859406 0.788819 0.856377 0.756829 0.854951 0.755802 0.851765 0.756103
0 0.821341 0.669673 0.830149 0.700461 0.831475 0.701266 0.834567 0.700382 0.837658 0.699498 0.840749 0.698614 0.846931 0.696845 0.838088 0.665933 0.837314 0.665553 0.836735 0.665269
0 0.013143 0.879909 0.033737 0.904600 0.038676 0.900481 0.043614 0.896362 0.046083 0.894302 0.047123 0.893399 0.047899 0.892724 0.027388 0.868133 0.026576 0.868765 0.025489 0.869612 0.018081 0.875790
0 0.427869 0.544662 0.430278 0.549789 0.459580 0.536022 0.460042 0.535610 0.457660 0.530541 0.456571 0.530174 0.429037 0.543112 0.428299 0.543560
0 0.857489 0.229970 0.863588 0.237385 0.867655 0.242328 0.868497 0.241738 0.869131 0.241293 0.893947 0.220880 0.883741 0.208472 0.883081 0.208973 0.882206 0.209638
0 0.869105 0.549247 0.882914 0.557352 0.883572 0.557451 0.884453 0.557583 0.900728 0.529855 0.897955 0.528227 0.886864 0.521717 0.885977 0.521667 0.885315 0.521630
0 0.498108 0.358255 0.498111 0.358499 0.498115 0.358822 0.502948 0.363020 0.507780 0.367217 0.510197 0.369316 0.531184 0.345153 0.531309 0.344531 0.519179 0.333995
