0 0.098493 0.948447 0.114289 0.951383 0.114952 0.950607 0.115832 0.949577 0.121681 0.918112 0.118535 0.917527 0.105949 0.915187 0.105045 0.916138 0.104365 0.916855
0 0.650327 0.072510 0.681022 0.081574 0.681749 0.079893 0.686299 0.064484 0.655481 0.055384 0.654859 0.057163
0 0.373058 0.945832 0.373311 0.952258 0.373564 0.958683 0.373691 0.961895 0.405817 0.960630 0.406033 0.959575 0.406194 0.958786 0.405564 0.942787 0.373566 0.944047
0 0.229417 0.557070 0.238658 0.570213 0.239107 0.570093 0.239703 0.569932 0.265884 0.551525 0.260362 0.543670 0.258521 0.541052 0.256680 0.538434 0.256123 0.538522 0.255703 0.538589
0 0.924176 0.562758 0.934142 0.593191 0.934888 0.593351 0.935886 0.593565 0.938942 0.592565 0.951164 0.588563 0.941158 0.558008 0.939392 0.557775
0 0.039347 0.902784 0.054721 0.907450 0.055487 0.906750 0.056503 0.905820 0.065797 0.875195 0.062735 0.874265 0.053547 0.871477 0.050485 0.870548 0.048679 0.872036
0 0.133665 0.474960 0.136779 0.475762 0.143006 0.477365 0.149233 0.478968 0.150638 0.479052 0.158621 0.448040 0.143115 0.444049 0.141680 0.443824
0 0.012972 0.111995 0.014921 0.113548 0.028116 0.122618 0.046256 0.096229 0.045477 0.095535 0.044433 0.094607 0.041784 0.092785 0.033835 0.087321 0.031185 0.085500
0 0.590313 0.564959 0.590520 0.565108 0.590676 0.565220 0.622458 0.569957 0.624826 0.554065 0.624327 0.553849 0.592672 0.549132 0.592200 0.552297 0.591256 0.558628
0 0.629477 0.267768 0.640089 0.279746 0.664044 0.258521 0.664703 0.257552 0.654048 0.245526 0.629998 0.266836 0.629774 0.267236
0 0.515241 0.126759 0.544115 0.140606 0.551039 0.126169 0.551244 0.124666 0.522253 0.110764 0.516692 0.122360 0.515302 0.125259 0.515267 0.126118
0 0.527766 0.799286 0.527878 0.800488 0.535749 0.831661 0.538867 0.830874 0.548219 0.828513 0.551336 0.827726 0.551130 0.826414 0.543290 0.795365
0 0.510216 0.781903 0.510257 0.783035 0.512282 0.815104 0.528317 0.814092 0.526292 0.782023 0.526247 0.781538 0.526187 0.780895 0.522993 0.781096 0.516605 0.781499
0 0.879669 0.061785 0.908379 0.075971 0.910020 0.074267 0.914293 0.065619 0.915717 0.062737 0.917141 0.059855 0.888317 0.045612 0.886762 0.047430
0 0.139347 0.568616 0.142490 0.569298 0.155058 0.572024 0.156439 0.571736 0.163228 0.540441 0.147580 0.537046 0.146164 0.537195
0 0.864818 0.439026 0.870199 0.470575 0.871900 0.470440 0.872756 0.470372 0.874480 0.470235 0.880065 0.469282 0.880506 0.468366 0.875338 0.438066 0.874621 0.437368 0.870339 0.438084
0 0.176123 0.397423 0.194825 0.423576 0.196046 0.423882 0.209070 0.414568 0.190443 0.388520 0.189199 0.388072
0 0.834038 0.259238 0.858622 0.279759 0.859238 0.279381 0.860063 0.278874 0.862124 0.276406 0.868305 0.269001 0.870365 0.266533 0.845683 0.245930 0.844299 0.246946
0 0.877531 0.107004 0.880449 0.108317 0.892125 0.113567 0.893024 0.112682 0.893700 0.112015 0.906879 0.082709 0.892226 0.076119 0.890657 0.077815
0 0.064678 0.127470 0.072307 0.137824 0.074214 0.140412 0.075919 0.141852 0.101699 0.122856 0.092202 0.109966 0.090563 0.108398
0 0.463652 0.373043 0.463735 0.373334 0.463797 0.373551 0.476579 0.383195 0.495866 0.357632 0.495850 0.357060 0.485584 0.349314 0.483017 0.347378
0 0.650781 0.729684 0.651386 0.730607 0.674865 0.752545 0.685834 0.740806 0.685515 0.740392 0.685091 0.739842 0.661706 0.717992 0.659521 0.720330
0 0.333927 0.482913 0.336748 0.484456 0.342390 0.487541 0.345211 0.489083 0.348032 0.490625 0.348380 0.490647 0.348640 0.490663 0.364002 0.462565 0.349954 0.454884 0.349351 0.454703
0 0.196790 0.374194 0.213866 0.401414 0.215011 0.401808 0.217722 0.400108 0.225856 0.395005 0.228567 0.393304 0.211559 0.366193 0.210400 0.365656
0 0.739875 0.379243 0.768059 0.394407 0.769135 0.393983 0.776748 0.379834 0.748451 0.364609 0.747457 0.365151 0.744424 0.370787 0.741391 0.376424
0 0.783645 0.215205 0.797373 0.223447 0.797884 0.222972 0.798568 0.222336 0.815117 0.194771 0.812361 0.193116 0.801335 0.186496 0.800644 0.187214 0.800128 0.187751
0 0.187182 0.766465 0.188496 0.798571 0.204549 0.797914 0.205731 0.796723 0.204422 0.764745 0.194829 0.765137 0.188433 0.765399 0.187719 0.766007
0 0.682600 0.385836 0.685786 0.386141 0.688175 0.386369 0.690351 0.385055 0.691123 0.384393 0.694048 0.353795 0.693431 0.352827 0.691014 0.352596 0.687791 0.352288 0.686070 0.353642 0.685645 0.353977
0 0.721520 0.475834 0.722857 0.478742 0.725531 0.484558 0.728206 0.490373 0.729122 0.490335 0.758317 0.476909 0.751604 0.462312 0.750597 0.462463
0 0.895005 0.297062 0.896344 0.299968 0.897684 0.302875 0.900364 0.308688 0.901704 0.311594 0.930769 0.298196 0.931756 0.297734 0.932499 0.297386 0.925773 0.282795 0.896591 0.296247
0 0.929111 0.278089 0.941625 0.307565 0.956363 0.301308 0.958197 0.300509 0.945632 0.270914 0.933795 0.275940 0.930835 0.277197 0.929848 0.277707
0 0.210262 0.800970 0.216720 0.815681 0.246143 0.802763 0.246579 0.802243 0.247158 0.801552 0.245872 0.798621 0.243299 0.792760 0.242012 0.789830 0.240725 0.786900 0.211421 0.799765 0.210759 0.800452
0 0.395401 0.357029 0.395405 0.360267 0.395408 0.362695 0.396603 0.364264 0.397345 0.364986 0.427767 0.364952 0.428608 0.364228 0.428601 0.358627 0.428438 0.358304 0.427776 0.356993
0 0.168386 0.170545 0.168494 0.176209 0.172283 0.179910 0.172911 0.180513 0.203327 0.179935 0.204282 0.179303 0.204175 0.173703 0.202817 0.172204 0.200755 0.169930
0 0.324702 0.525250 0.332937 0.556329 0.339153 0.554682 0.345368 0.553035 0.348476 0.552211 0.348824 0.552092 0.349083 0.552002 0.340881 0.521047 0.340242 0.521132 0.327810 0.524426
0 0.499888 0.202654 0.507501 0.233740 0.516827 0.231456 0.523044 0.229933 0.523137 0.228848 0.515493 0.197638 0.499888 0.201459
0 0.208341 0.931844 0.240403 0.933989 0.240849 0.933244 0.241441 0.932253 0.241655 0.929060 0.241869 0.925867 0.242510 0.916287 0.210576 0.914150 0.209913 0.915099 0.209414 0.915814
0 0.459804 0.777166 0.474157 0.805936 0.477034 0.804501 0.482788 0.801630 0.488542 0.798759 0.488588 0.797563 0.474292 0.768909 0.459964 0.776056
0 0.563521 0.717277 0.563630 0.717651 0.563777 0.718151 0.573255 0.719941 0.579573 0.721134 0.585540 0.689541 0.585344 0.689107 0.585197 0.688782 0.569464 0.685811
0 0.447227 0.560646 0.463020 0.563595 0.463084 0.563486 0.463168 0.563340 0.469042 0.531879 0.459603 0.530117 0.453311 0.528943 0.453204 0.529009 0.453124 0.529059
