0 0.793762 0.507792 0.796712 0.509035 0.799661 0.510277 0.805560 0.512761 0.808510 0.514003 0.809217 0.514036 0.809749 0.514060 0.822221 0.484446 0.807415 0.478210 0.806886 0.478247 0.806184 0.478297
0 0.902296 0.029382 0.926000 0.050886 0.927711 0.049083 0.938506 0.037183 0.914707 0.015592 0.903912 0.027492
0 0.729029 0.958645 0.729949 0.960488 0.740902 0.967228 0.743641 0.968913 0.760490 0.941530 0.759894 0.940519 0.759448 0.939763 0.745811 0.931372
0 0.327288 0.041166 0.328083 0.043278 0.329262 0.046410 0.356814 0.062695 0.359664 0.057874 0.359302 0.056525 0.357838 0.051912 0.331377 0.036272 0.330171 0.036288
0 0.188790 0.262789 0.189246 0.263604 0.192798 0.266306 0.198291 0.267401 0.204547 0.236013 0.203870 0.235408 0.201820 0.233577 0.201130 0.232961 0.197955 0.232328 0.195574 0.231854 0.194799 0.232644
0 0.126032 0.128956 0.126674 0.129594 0.127528 0.130441 0.143087 0.134180 0.150565 0.103061 0.149162 0.101467 0.133540 0.097713
0 0.277174 0.356429 0.285273 0.387544 0.285764 0.387802 0.286132 0.387995 0.301627 0.383962 0.293561 0.352971 0.292732 0.352380
0 0.398311 0.091495 0.398718 0.093129 0.425126 0.111209 0.434166 0.098005 0.434016 0.097084 0.433902 0.096390 0.407387 0.078238
0 0.377109 0.603053 0.389966 0.603387 0.393180 0.603470 0.393607 0.603056 0.394438 0.571044 0.378432 0.570628 0.377944 0.570912
0 0.284416 0.462294 0.291687 0.476621 0.292045 0.476661 0.292520 0.476714 0.321060 0.462230 0.319612 0.459376 0.316715 0.453668 0.313818 0.447960 0.313391 0.447841 0.313070 0.447752
0 0.176953 0.822190 0.208922 0.825435 0.210087 0.824133 0.210410 0.820949 0.211379 0.811397 0.211702 0.808213 0.179861 0.804981 0.178576 0.806206
0 0.362037 0.674647 0.363530 0.706764 0.373165 0.706316 0.379589 0.706017 0.379865 0.705545 0.380071 0.705192 0.378583 0.673204 0.362589 0.673948
0 0.109480 0.169757 0.111278 0.171278 0.113059 0.172784 0.113944 0.173532 0.144730 0.182279 0.145605 0.179200 0.146261 0.176891 0.145507 0.175717 0.141820 0.172345 0.112252 0.163944 0.111028 0.164307
0 0.039687 0.112338 0.041535 0.118497 0.043384 0.124655 0.044309 0.127735 0.045353 0.128588 0.046133 0.129225 0.076803 0.120018 0.072200 0.104683 0.071465 0.104003 0.070480 0.103094
0 0.467865 0.412442 0.469881 0.428382 0.469932 0.428505 0.470001 0.428668 0.501753 0.424652 0.501757 0.424479 0.501760 0.424349 0.499744 0.408410
0 0.247506 0.575767 0.257206 0.588574 0.257624 0.588422 0.258178 0.588220 0.283690 0.568896 0.281758 0.566345 0.277893 0.561242 0.274028 0.556140 0.273510 0.556268 0.273120 0.556365
0 0.202114 0.485006 0.226104 0.506384 0.227200 0.506359 0.237846 0.494412 0.213952 0.473119 0.212803 0.473011
0 0.904766 0.329063 0.924928 0.353918 0.926635 0.353331 0.939112 0.343209 0.918869 0.318254 0.917193 0.318982 0.914707 0.320998 0.909736 0.325030
0 0.650958 0.940552 0.651564 0.942322 0.680400 0.956501 0.687489 0.942083 0.686739 0.940315 0.658019 0.926192 0.653782 0.934808
0 0.028652 0.463662 0.044515 0.466214 0.046337 0.466349 0.051420 0.434750 0.038781 0.432717 0.035621 0.432209 0.033756 0.431937
0 0.247518 0.544496 0.270009 0.565161 0.270747 0.565517 0.271728 0.565989 0.278165 0.558716 0.282453 0.553870 0.259995 0.533358 0.258241 0.532408
0 0.515451 0.653144 0.515486 0.653495 0.515513 0.653759 0.535637 0.678809 0.548163 0.668747 0.547970 0.668072 0.527926 0.643122 0.525431 0.645126 0.522936 0.647130 0.517946 0.651139
0 0.552976 0.513388 0.553554 0.514387 0.567399 0.518382 0.568896 0.518790 0.569950 0.518242 0.571539 0.512735 0.568392 0.511826 0.565246 0.510918 0.555805 0.508194 0.554529 0.508007
0 0.000000 0.561237 0.026591 0.574705 0.027676 0.574534 0.028486 0.574406 0.035193 0.559867 0.006115 0.546453 0.004130 0.546640 0.002783 0.549559 0.001436 0.552479 0.000090 0.555398 0.000000 0.558184
0 0.199944 0.569459 0.228193 0.584772 0.228661 0.584627 0.229281 0.584433 0.230806 0.581620 0.235382 0.573179 0.236907 0.570365 0.208770 0.555113 0.207600 0.555334
0 0.781365 0.386450 0.785978 0.390888 0.792898 0.397543 0.793569 0.397309 0.794075 0.397132 0.816350 0.373972 0.804770 0.362835 0.803551 0.363384
0 0.761685 0.391193 0.776443 0.397401 0.776918 0.397225 0.777554 0.396989 0.790021 0.367353 0.787058 0.366106 0.778167 0.362366 0.775204 0.361120 0.774102 0.361675
0 0.586541 0.906817 0.586889 0.908452 0.613621 0.926316 0.620767 0.915623 0.622553 0.912949 0.622062 0.911296 0.595437 0.893505
0 0.816956 0.825734 0.817858 0.826793 0.821163 0.830192 0.851761 0.833126 0.852847 0.832590 0.853079 0.830173 0.853388 0.826950 0.849349 0.823213 0.817490 0.820158
0 0.963764 0.591833 0.965674 0.594401 0.973317 0.604671 0.974401 0.604911 0.975218 0.605091 1.000000 0.585908 1.000000 0.585760 0.991405 0.573019 0.990560 0.572893 0.989439 0.572726
0 0.288261 0.287819 0.288625 0.288184 0.289108 0.288668 0.291463 0.290836 0.300882 0.299506 0.322557 0.275958 0.321844 0.275058 0.310023 0.264177
0 0.030419 0.918694 0.038188 0.932757 0.066315 0.917219 0.068050 0.915550 0.061860 0.904344 0.060312 0.901543 0.032298 0.917019 0.031226 0.917974
0 0.855982 0.272371 0.864044 0.286204 0.891711 0.270078 0.893285 0.269155 0.890047 0.263599 0.888428 0.260821 0.886809 0.258043 0.885190 0.255266 0.857412 0.271456 0.856593 0.271980
0 0.904262 0.145782 0.931857 0.162030 0.933592 0.160672 0.935224 0.157902 0.940118 0.149590 0.941749 0.146819 0.914044 0.130506 0.913095 0.131352 0.912387 0.131984
0 0.294216 0.891961 0.314977 0.916512 0.322342 0.910284 0.327252 0.906132 0.327944 0.904506 0.307267 0.880054 0.295040 0.890392
0 0.232522 0.932857 0.241202 0.964047 0.244321 0.963179 0.246660 0.962528 0.247369 0.961265 0.249969 0.956517 0.241813 0.927209 0.240975 0.926408 0.235579 0.927910
0 0.866506 0.792811 0.875081 0.799662 0.880602 0.801201 0.881387 0.800456 0.885344 0.786267 0.885000 0.785426 0.876199 0.778901 0.873887 0.778256 0.870804 0.777397 0.869944 0.780480 0.868225 0.786645
0 0.596256 0.811366 0.596642 0.812617 0.625906 0.825889 0.632542 0.811257 0.632315 0.810722 0.632012 0.810011 0.602865 0.796792 0.598899 0.805536
0 0.637686 0.340749 0.659358 0.364299 0.659998 0.363754 0.671820 0.352875 0.650061 0.329230 0.638239 0.340109 0.638001 0.340384
0 0.634459 0.744037 0.642881 0.774913 0.643208 0.775543 0.643455 0.776017 0.658955 0.771789 0.650499 0.740789 0.649897 0.739826 0.646809 0.740668 0.640634 0.742352
