0 0.817453 0.669501 0.818181 0.669890 0.818729 0.670182 0.834707 0.671860 0.838063 0.639902 0.836710 0.639343 0.830344 0.638674 0.827161 0.638340 0.820795 0.637672
0 0.164591 0.464867 0.172907 0.474677 0.174987 0.477129 0.176287 0.477221 0.200714 0.456513 0.190360 0.444299 0.189115 0.444076
0 0.379488 0.930237 0.379737 0.933442 0.380236 0.939853 0.380486 0.943059 0.380736 0.946264 0.412790 0.943768 0.412990 0.942752 0.413139 0.941992 0.411896 0.926029 0.379970 0.928515
0 0.581644 0.630597 0.581972 0.631122 0.584299 0.633340 0.591282 0.639994 0.593610 0.642212 0.615790 0.618936 0.615327 0.618460 0.603735 0.607414
0 0.609393 0.106974 0.637615 0.122106 0.645181 0.107994 0.645764 0.106419 0.617429 0.091226 0.615909 0.094060 0.609832 0.105394
0 0.058854 0.152093 0.061056 0.168008 0.062812 0.169336 0.094514 0.164951 0.094076 0.161780 0.092322 0.149099 0.091388 0.148295 0.090684 0.147690
0 0.914221 0.604298 0.929536 0.632421 0.930274 0.632649 0.931262 0.632953 0.934086 0.631416 0.942557 0.626803 0.945380 0.625265 0.930003 0.597029 0.928282 0.596641
0 0.800042 0.022593 0.812994 0.051880 0.827638 0.045403 0.828201 0.044622 0.828954 0.043576 0.815950 0.014172 0.804188 0.019374 0.801248 0.020675 0.800557 0.021773
0 0.282386 0.858036 0.291685 0.871138 0.317890 0.852542 0.318203 0.851936 0.318618 0.851131 0.314914 0.845911 0.309357 0.838081 0.283257 0.856604 0.282760 0.857421
0 0.295452 0.416787 0.295841 0.422505 0.300508 0.424277 0.306894 0.423843 0.316473 0.423191 0.316256 0.419998 0.316093 0.417603 0.315135 0.416812 0.311029 0.414964 0.296332 0.415964
0 0.107884 0.527319 0.135942 0.542981 0.137399 0.542809 0.138959 0.540015 0.142079 0.534425 0.145198 0.528836 0.117253 0.513237 0.115715 0.513290
0 0.047302 0.897641 0.057680 0.905236 0.060275 0.907135 0.062035 0.905505 0.080948 0.879664 0.068027 0.870208 0.067284 0.870844 0.066291 0.871696
0 0.277536 0.890916 0.289187 0.901979 0.311313 0.878677 0.312068 0.877162 0.309747 0.874958 0.300464 0.866143 0.278426 0.889352 0.277918 0.890244
0 0.298338 0.168239 0.304415 0.179574 0.305934 0.182407 0.306711 0.183679 0.334934 0.168548 0.334270 0.167216 0.332751 0.164382 0.326675 0.153048
0 0.582060 0.866638 0.582248 0.867478 0.582390 0.868110 0.598443 0.868764 0.599752 0.836658 0.599353 0.835311 0.592957 0.835050 0.583364 0.834659
0 0.165483 0.798546 0.165688 0.814611 0.197818 0.814201 0.198338 0.813661 0.199027 0.812944 0.198946 0.806544 0.198905 0.803343 0.198864 0.800143 0.198823 0.796943 0.166821 0.797351
0 0.597363 0.810351 0.598488 0.813940 0.629340 0.823754 0.631057 0.818355 0.629559 0.814716 0.629113 0.813890 0.600123 0.804668 0.599060 0.805014
0 0.035530 0.191093 0.055082 0.216617 0.056101 0.217266 0.056863 0.217751 0.069573 0.208014 0.050100 0.182592 0.048292 0.181317 0.043187 0.185227 0.040635 0.187182
0 0.230817 0.611627 0.262947 0.612802 0.263896 0.612350 0.264481 0.596349 0.232479 0.595179 0.232020 0.595342 0.231404 0.595562 0.230934 0.608414
0 0.324701 0.818816 0.324757 0.851190 0.327994 0.851185 0.330423 0.851180 0.331328 0.850167 0.333064 0.846563 0.333011 0.816141 0.332305 0.815162 0.326704 0.815171 0.325105 0.818080
0 0.662822 0.668354 0.668701 0.699833 0.669379 0.700636 0.672540 0.700046 0.675700 0.699456 0.685182 0.697685 0.679280 0.666080 0.678869 0.665699 0.678562 0.665415
0 0.324179 0.905383 0.356521 0.906845 0.357836 0.903116 0.358161 0.902194 0.358414 0.896599 0.357569 0.895990 0.327178 0.894617 0.326442 0.895154 0.324435 0.899723 0.324325 0.902149
0 0.843787 0.044239 0.867885 0.065301 0.876310 0.055662 0.878416 0.053252 0.879936 0.051458 0.855742 0.030311 0.845168 0.042409
0 0.127611 0.475160 0.133236 0.478276 0.138861 0.481392 0.141674 0.482950 0.143108 0.483019 0.158626 0.455007 0.144620 0.447248 0.144009 0.447157 0.143191 0.447036
0 0.807762 0.796858 0.809887 0.798908 0.811320 0.800290 0.816811 0.801686 0.817612 0.800927 0.825183 0.771136 0.824786 0.770309 0.821074 0.767219 0.815646 0.765839
0 0.641455 0.948525 0.641779 0.949553 0.642023 0.950327 0.650518 0.963964 0.677792 0.946975 0.677487 0.946206 0.677081 0.945186 0.670312 0.934320 0.668620 0.931604
0 0.759216 0.678495 0.759776 0.688080 0.760150 0.694470 0.760746 0.694916 0.761195 0.695251 0.793273 0.693377 0.792336 0.677338 0.791167 0.676629
0 0.677548 0.809698 0.681702 0.816943 0.683621 0.819597 0.685061 0.821588 0.686096 0.821583 0.698031 0.812951 0.698331 0.811990 0.693797 0.804858 0.692390 0.802913 0.690514 0.800320 0.687921 0.802195 0.680141 0.807822
0 0.672546 0.463162 0.681630 0.493850 0.682047 0.493836 0.682360 0.493825 0.697766 0.489265 0.688645 0.458453 0.687890 0.458620 0.681753 0.460436 0.675615 0.462253
0 0.026409 0.279402 0.028305 0.280285 0.059202 0.288703 0.063411 0.273254 0.061656 0.272343 0.030635 0.263892
0 0.763881 0.542579 0.775746 0.553329 0.776220 0.553421 0.776855 0.553543 0.798442 0.529716 0.791294 0.523240 0.786528 0.518923 0.785872 0.518879 0.785381 0.518847
0 0.398954 0.176396 0.399358 0.177691 0.430687 0.184232 0.431996 0.177966 0.433304 0.171700 0.433958 0.168567 0.433693 0.167236 0.402238 0.160669
0 0.461845 0.202499 0.461998 0.203690 0.471586 0.204203 0.477978 0.204545 0.479688 0.172586 0.479642 0.171836 0.479607 0.171271 0.463563 0.170412
0 0.778992 0.817376 0.779631 0.818103 0.780113 0.818651 0.795582 0.822992 0.804263 0.792054 0.803741 0.791552 0.803046 0.790885 0.793802 0.788291 0.787639 0.786562
0 0.364554 0.387304 0.364937 0.392956 0.365877 0.393770 0.367258 0.394864 0.397610 0.392807 0.398413 0.392016 0.398034 0.386428 0.397566 0.385906 0.396855 0.385115
0 0.021275 0.330747 0.035245 0.338701 0.036310 0.339071 0.037106 0.339347 0.052951 0.311519 0.039037 0.303596 0.037184 0.302807
0 0.547884 0.898134 0.547903 0.899037 0.548457 0.903651 0.550244 0.905295 0.552627 0.907486 0.574545 0.883660 0.574032 0.881017 0.573693 0.879275 0.571338 0.877108 0.569571 0.875483 0.568480 0.875745
0 0.282012 0.828865 0.293429 0.840169 0.316037 0.817335 0.316773 0.816066 0.312225 0.811562 0.307676 0.807058 0.305402 0.804807 0.282884 0.827550
0 0.436481 0.874920 0.437695 0.877897 0.440125 0.883851 0.441340 0.886828 0.442555 0.889804 0.472323 0.877656 0.472434 0.876145 0.466384 0.861320 0.436735 0.873419 0.436626 0.874061
0 0.324970 0.283852 0.345209 0.308834 0.345829 0.309599 0.358270 0.299520 0.358027 0.299176 0.357700 0.298715 0.337461 0.273732
