0 0.482632 0.963744 0.483345 0.971094 0.498930 0.982765 0.537828 0.930815 0.537398 0.925881 0.521991 0.914344 0.517196 0.917001 0.516549 0.917373 0.515599 0.918314 0.514489 0.919682 0.485583 0.958287 0.484473 0.959884 0.483522 0.961482 0.482876 0.962837
0 0.137263 0.849554 0.154258 0.859054 0.160546 0.855991 0.160815 0.855841 0.161442 0.855050 0.162331 0.853739 0.163347 0.852109 0.164336 0.850405 0.187870 0.808310 0.188689 0.806780 0.189221 0.805642 0.189385 0.805070 0.189523 0.798941 0.172723 0.789549 0.168933 0.792907
0 0.287682 0.426222 0.316251 0.484327 0.318353 0.484506 0.335585 0.476033 0.336342 0.471206 0.336064 0.470301 0.335498 0.468922 0.334728 0.467277 0.327651 0.452884 0.313497 0.424098 0.312636 0.422425 0.311807 0.420965 0.311135 0.419939 0.310723 0.419503 0.305113 0.417651 0.302208 0.419079
0 0.770011 0.796269 0.772755 0.802532 0.773440 0.803110 0.774670 0.803955 0.776259 0.804938 0.777963 0.805909 0.792172 0.813665 0.806380 0.821420 0.820589 0.829175 0.822135 0.829979 0.823275 0.830484 0.823834 0.830616 0.830104 0.830800 0.839433 0.813711 0.835547 0.810113 0.779233 0.779376
0 0.087059 0.571301 0.090062 0.576614 0.091008 0.577625 0.092380 0.578769 0.131054 0.608139 0.132632 0.609234 0.134161 0.610103 0.135409 0.610614 0.136185 0.610691 0.138744 0.610550 0.142885 0.609281 0.150645 0.599062 0.154524 0.593953 0.103431 0.555153 0.098833 0.555795
0 0.188502 0.228257 0.197295 0.241941 0.201457 0.245489 0.255438 0.210801 0.246765 0.197306 0.246184 0.196610 0.244423 0.194505 0.243235 0.193086 0.239017 0.194611 0.237495 0.195233 0.235862 0.196157 0.208622 0.213662 0.195003 0.222414 0.193520 0.223492
0 0.814290 0.667020 0.819249 0.671461 0.820039 0.671694 0.821447 0.671907 0.823259 0.672066 0.825198 0.672148 0.857492 0.672773 0.873639 0.673085 0.875394 0.673075 0.876682 0.672976 0.877308 0.672803 0.882661 0.670202 0.882724 0.666966 0.882912 0.657255 0.883037 0.650781 0.878659 0.649059 0.814662 0.647821
0 0.886737 0.034420 0.889541 0.040191 0.893747 0.048847 0.895149 0.051732 0.902118 0.051301 0.903225 0.050952 0.904779 0.050263 0.919238 0.043236 0.933696 0.036209 0.948155 0.029181 0.949933 0.028251 0.951678 0.027214 0.953126 0.026227 0.954057 0.025440 0.954327 0.024973 0.958101 0.018172 0.949592 0.000659 0.891221 0.029028
0 0.506564 0.832801 0.506813 0.833519 0.507507 0.834687 0.508540 0.836127 0.509755 0.837618 0.541438 0.874273 0.542640 0.875577 0.543634 0.876483 0.544271 0.876854 0.549430 0.879012 0.564125 0.866309 0.563391 0.862123 0.521533 0.813697 0.507005 0.826255
0 0.563241 0.260911 0.566107 0.273485 0.569342 0.280848 0.570975 0.284564 0.632548 0.264924 0.630209 0.252156 0.624731 0.241297
0 0.256700 0.132762 0.257623 0.139364 0.257698 0.139567 0.258264 0.140317 0.259232 0.141499 0.260455 0.142933 0.261748 0.144403 0.293893 0.180356 0.295069 0.181648 0.295959 0.182578 0.296429 0.183004 0.302251 0.184794 0.316599 0.171965 0.314470 0.168166 0.271214 0.119784
0 0.301888 0.358955 0.304385 0.364274 0.304973 0.364618 0.306128 0.365236 0.307673 0.366036 0.309374 0.366895 0.352521 0.388441 0.354134 0.389236 0.355426 0.389854 0.356202 0.390199 0.356341 0.390218 0.361557 0.389229 0.370155 0.372009 0.368648 0.370530 0.310585 0.341536
0 0.133250 0.250239 0.134098 0.250817 0.136619 0.252534 0.138281 0.253665 0.152829 0.260330 0.179490 0.202138 0.175033 0.197996 0.160282 0.191238 0.156533 0.195149 0.155619 0.196352 0.154754 0.197961 0.148011 0.212678 0.134526 0.242110 0.133849 0.243867 0.133468 0.245490
0 0.454354 0.736390 0.518493 0.746296 0.521465 0.727054 0.521218 0.724456 0.518675 0.721867 0.518287 0.721518 0.517232 0.721111 0.515673 0.720707 0.513845 0.720368 0.482070 0.715460 0.466183 0.713007 0.464349 0.712780 0.462775 0.712700 0.461698 0.712778 0.457814 0.714664 0.457326 0.717147
0 0.174352 0.861338 0.179950 0.879985 0.186461 0.880673 0.187734 0.880507 0.189431 0.880073 0.204935 0.875420 0.235943 0.866113 0.237793 0.865482 0.239497 0.864755 0.240795 0.864043 0.241491 0.863455 0.245064 0.857185 0.239530 0.838752 0.178082 0.857195
0 0.904421 0.209678 0.904938 0.215096 0.905325 0.216949 0.909615 0.232442 0.913905 0.247935 0.918195 0.263427 0.918797 0.265145 0.921502 0.271366 0.936924 0.267095 0.943001 0.263856 0.925681 0.201311 0.910045 0.205641 0.909097 0.206321
0 0.480925 0.209044 0.481140 0.212380 0.518824 0.264302 0.534401 0.252998 0.535479 0.246949 0.535310 0.246315 0.534732 0.245179 0.533834 0.243712 0.532751 0.242141 0.513735 0.215939 0.504227 0.202839 0.503135 0.201414 0.502208 0.200364 0.501588 0.199851 0.496682 0.197609
0 0.593225 0.685961 0.597890 0.704589 0.599022 0.706953 0.602406 0.708300 0.602898 0.708485 0.604032 0.708464 0.605634 0.708238 0.607460 0.707843 0.638792 0.699996 0.654459 0.696072 0.656216 0.695570 0.657622 0.695042 0.658462 0.694569 0.661831 0.691222 0.657112 0.672379 0.655316 0.670410
0 0.428216 0.709654 0.439816 0.773508 0.455780 0.770608 0.458632 0.765298 0.458621 0.764586 0.458480 0.763260 0.458232 0.761524 0.457913 0.759639 0.452166 0.728005 0.449292 0.712189 0.448949 0.710428 0.448631 0.709044 0.448386 0.708247 0.444945 0.703918 0.429200 0.706779
0 0.215295 0.692892 0.223223 0.697646 0.224576 0.698238 0.226350 0.698810 0.228274 0.699273 0.230051 0.699557 0.231409 0.699618 0.232143 0.699448 0.234673 0.698317 0.240562 0.694881 0.243615 0.692588 0.249509 0.688160 0.249938 0.687559 0.250499 0.686344 0.251106 0.684701 0.251668 0.682880 0.252099 0.681154 0.252336 0.679784 0.252341 0.678979 0.251118 0.673840 0.232626 0.668663 0.219816 0.676744
0 0.106427 0.400129 0.107608 0.414746 0.116779 0.416751 0.132575 0.419768 0.164168 0.425801 0.171004 0.426853 0.175794 0.416512 0.175280 0.402033 0.111798 0.389910
0 0.847380 0.971579 0.852223 0.978154 0.865160 0.988012 0.904594 0.936266 0.899031 0.930267 0.886272 0.920544 0.880948 0.924598 0.879729 0.925955 0.850493 0.964319 0.849466 0.965909 0.848778 0.967504
0 0.525392 0.083253 0.531487 0.085041 0.533322 0.085324 0.549377 0.086246 0.581487 0.088089 0.583329 0.088018 0.589828 0.086953 0.591505 0.068923 0.591392 0.061268 0.526869 0.057563 0.525995 0.072578 0.525822 0.075553
0 0.370426 0.498323 0.380870 0.514701 0.382231 0.514532 0.436201 0.480117 0.425877 0.463926 0.425020 0.463510 0.420898 0.462566 0.420483 0.462715 0.419510 0.463237 0.418124 0.464054 0.416539 0.465042 0.389305 0.482408 0.375688 0.491091 0.374158 0.492090 0.372928 0.492940 0.372187 0.493512 0.372046 0.493718
0 0.296340 0.054181 0.296411 0.055976 0.296594 0.058013 0.296860 0.059979 0.297167 0.061573 0.297470 0.062552 0.302180 0.072727 0.304455 0.077639 0.309177 0.083021 0.328338 0.081749 0.327278 0.065782 0.319003 0.044978 0.311268 0.043746 0.309497 0.043500 0.307529 0.043502 0.305666 0.043754 0.304194 0.044216 0.298924 0.046310 0.296555 0.052340 0.296390 0.052905
0 0.474106 0.865559 0.530167 0.897958 0.539886 0.881140 0.539431 0.876782 0.538582 0.874377 0.538213 0.873700 0.537267 0.872760 0.535887 0.871701 0.534284 0.870682 0.492624 0.846606 0.491027 0.845775 0.489667 0.845251 0.488751 0.845114 0.484012 0.844754 0.474403 0.861379
0 0.478348 0.776103 0.482645 0.795092 0.486989 0.796332 0.488001 0.796434 0.489528 0.796309 0.491338 0.795978 0.538702 0.785261 0.540504 0.784776 0.542009 0.784214 0.542986 0.783663 0.545944 0.780770 0.545417 0.777550 0.544709 0.774421 0.542585 0.765035 0.541169 0.758778 0.478595 0.772936
0 0.048717 0.233868 0.054922 0.237527 0.118249 0.247864 0.120833 0.232033 0.115983 0.226784 0.115111 0.226363 0.113640 0.225886 0.111795 0.225426 0.109858 0.225054 0.077901 0.219837 0.061923 0.217229 0.060205 0.217004 0.058982 0.216963 0.051337 0.217815
0 0.519777 0.537017 0.520742 0.548175 0.520934 0.550386 0.522203 0.561980 0.530152 0.561201 0.546157 0.559632 0.562162 0.558062 0.578166 0.556492 0.586437 0.555679 0.585907 0.542250 0.584097 0.530708
0 0.758947 0.934027 0.761940 0.939045 0.776709 0.945672 0.779662 0.946997 0.783764 0.942681 0.784620 0.941579 0.785454 0.940004 0.792066 0.925269 0.805289 0.895800 0.805967 0.894004 0.806381 0.892277 0.806467 0.890881 0.806169 0.887922 0.802671 0.883489 0.785151 0.875627
0 0.195889 0.870265 0.196140 0.872093 0.196620 0.873991 0.197256 0.875667 0.214383 0.912663 0.215053 0.913814 0.220269 0.919885 0.232651 0.916137 0.238842 0.914262 0.239658 0.903654 0.217445 0.854454 0.198714 0.860125 0.196186 0.867883 0.195905 0.868786
0 0.696105 0.460710 0.699010 0.465046 0.699755 0.465478 0.701054 0.466089 0.702708 0.466790 0.704468 0.467472 0.706069 0.468035 0.707268 0.468392 0.707882 0.468488 0.715307 0.467362 0.721043 0.465123 0.724069 0.463493 0.724519 0.463089 0.725188 0.462039 0.725974 0.460501 0.726756 0.458710 0.727415 0.456942 0.727849 0.455468 0.727993 0.454513 0.728598 0.446473 0.713056 0.440177 0.703315 0.442912
0 0.393621 0.746514 0.393652 0.747166 0.394024 0.748374 0.394681 0.749953 0.395522 0.751662 0.418233 0.794586 0.419124 0.796150 0.419920 0.797319 0.420502 0.797913 0.424884 0.800827 0.442093 0.791723 0.442760 0.788379 0.412757 0.731671 0.407086 0.734671 0.395745 0.740672 0.394533 0.743463
0 0.673125 0.372650 0.680381 0.386912 0.686175 0.387413 0.686257 0.387395 0.686981 0.387046 0.688236 0.386421 0.689832 0.385614 0.718488 0.371034 0.732815 0.363744 0.734522 0.362871 0.736093 0.362058 0.737291 0.361429 0.737933 0.361079 0.740733 0.355910 0.733375 0.341449 0.675532 0.370879
