0 0.011248 0.248913 0.013887 0.261592 0.015207 0.267931 0.020748 0.270582 0.083414 0.257539 0.079500 0.238739 0.073235 0.234545 0.072311 0.234269 0.070804 0.234185 0.068944 0.234306 0.067015 0.234614 0.019581 0.244487 0.017893 0.244932 0.016717 0.245443
0 0.605434 0.750317 0.606880 0.753783 0.609745 0.760649 0.614986 0.773167 0.674533 0.748272 0.670815 0.737734 0.665061 0.725388
0 0.574311 0.907649 0.575176 0.912375 0.591852 0.922421 0.596892 0.918802 0.597777 0.917768 0.598762 0.916286 0.607116 0.902421 0.623823 0.874691 0.624749 0.873000 0.625467 0.871372 0.625868 0.870055 0.625891 0.869250 0.625344 0.866832 0.623905 0.862627 0.612914 0.856006 0.607419 0.852696
0 0.062169 0.122294 0.067189 0.126622 0.070148 0.127859 0.079027 0.131569 0.084946 0.134042 0.109683 0.074847 0.105156 0.069919 0.087193 0.062413 0.082681 0.067966 0.081854 0.069567 0.069371 0.099438 0.063130 0.114373 0.062529 0.116190 0.062251 0.117930
0 0.160941 0.825734 0.170570 0.842656 0.226973 0.810553 0.230103 0.806998 0.226930 0.801422 0.222170 0.793058 0.220583 0.790270 0.214531 0.790356 0.213941 0.790549 0.212795 0.791106 0.211266 0.791943 0.197295 0.799895 0.183324 0.807847 0.169353 0.815800 0.167661 0.816795 0.166052 0.817807 0.164767 0.818681 0.164003 0.819284 0.163879 0.819524
0 0.732704 0.330839 0.732714 0.332636 0.732844 0.334073 0.733075 0.334932 0.735349 0.339317 0.754544 0.339849 0.757489 0.337997 0.759280 0.273273 0.739863 0.272735 0.734976 0.277164 0.734656 0.277825 0.734365 0.279117 0.734147 0.280842 0.734035 0.282740 0.733591 0.298773 0.733147 0.314806
0 0.204163 0.723670 0.216606 0.734024 0.219095 0.736094 0.225397 0.734451 0.225994 0.733860 0.226968 0.732796 0.228170 0.731423 0.229419 0.729947 0.249936 0.705288 0.260194 0.692958 0.261310 0.691593 0.262131 0.690535 0.262533 0.689944 0.263246 0.684192 0.248485 0.671910 0.245576 0.673896
0 0.384732 0.585039 0.390942 0.586870 0.400258 0.589616 0.403364 0.590531 0.408110 0.587891 0.408336 0.587423 0.408733 0.586324 0.409243 0.584762 0.409787 0.582973 0.414322 0.567589 0.423392 0.536820 0.423893 0.535063 0.424278 0.533590 0.424488 0.532625 0.424493 0.532315 0.422568 0.528100 0.404149 0.522670 0.403039 0.522932
0 0.028490 0.766678 0.028509 0.779533 0.037902 0.789869 0.098382 0.767336 0.097790 0.754704 0.089052 0.744114
0 0.731224 0.729947 0.731340 0.731724 0.735945 0.779731 0.736183 0.781642 0.736509 0.783411 0.736873 0.784772 0.737221 0.785515 0.742336 0.790071 0.761717 0.788213 0.755521 0.723610 0.752598 0.721048 0.746211 0.721660 0.733438 0.722885 0.731406 0.727773 0.731248 0.728560
0 0.902801 0.557441 0.962302 0.581434 0.967661 0.582374 0.974941 0.564316 0.970774 0.559502 0.970328 0.559176 0.969221 0.558631 0.967622 0.557951 0.937596 0.545844 0.922584 0.539791 0.920749 0.539085 0.918973 0.538468 0.917528 0.538032 0.916634 0.537844 0.909997 0.539591
0 0.288188 0.263304 0.299397 0.279168 0.301691 0.281693 0.305709 0.281450 0.306779 0.281092 0.308198 0.280354 0.309752 0.279349 0.322852 0.270094 0.349050 0.251583 0.350515 0.250455 0.351680 0.249368 0.352368 0.248484 0.353968 0.244757 0.352279 0.241805 0.341070 0.225941
0 0.724360 0.809274 0.745479 0.869698 0.748316 0.873974 0.766653 0.867565 0.767519 0.861415 0.767473 0.860830 0.767155 0.859618 0.766614 0.857962 0.750629 0.812225 0.749951 0.810393 0.749246 0.808678 0.748621 0.807343 0.748172 0.806590 0.742488 0.802938
0 0.482284 0.208156 0.487944 0.211838 0.489495 0.212815 0.503984 0.219791 0.532963 0.233743 0.534731 0.234363 0.540437 0.236154 0.544937 0.228283 0.549238 0.218207 0.551409 0.213120 0.493177 0.185085 0.488201 0.192671
0 0.686189 0.080590 0.686266 0.082541 0.687361 0.098579 0.689552 0.130656 0.689728 0.132401 0.689976 0.133689 0.690260 0.134324 0.693066 0.139271 0.705867 0.138396 0.712268 0.137958 0.714724 0.133762 0.710302 0.069014 0.690877 0.070342 0.686579 0.076270 0.686358 0.077197 0.686221 0.078714
0 0.391458 0.619060 0.395249 0.683698 0.401713 0.683319 0.414640 0.682561 0.418357 0.678098 0.418444 0.677496 0.418474 0.676256 0.418443 0.674566 0.418357 0.672682 0.416479 0.640659 0.415539 0.624648 0.415410 0.622842 0.415255 0.621373 0.415099 0.620465 0.414965 0.620258 0.411870 0.616574 0.392700 0.617699
0 0.816938 0.882825 0.820615 0.887262 0.839416 0.892315 0.842813 0.887406 0.843480 0.886176 0.844053 0.884484 0.848255 0.868851 0.856658 0.837586 0.857046 0.835703 0.857186 0.833931 0.857057 0.832541 0.856262 0.829640 0.852177 0.825862 0.839786 0.822532 0.833591 0.820868
0 0.759734 0.600245 0.815507 0.631953 0.819165 0.633479 0.828787 0.616553 0.825892 0.611274 0.825344 0.610879 0.824220 0.610183 0.822690 0.609294 0.808618 0.601293 0.780474 0.585293 0.778785 0.584352 0.777207 0.583511 0.775982 0.582898 0.775297 0.582607 0.769246 0.583513
0 0.933677 0.375631 0.954520 0.436807 0.969052 0.432622 0.977696 0.428787 0.956882 0.367694 0.942588 0.372372
0 0.529374 0.163890 0.529558 0.164627 0.530158 0.165836 0.531081 0.167332 0.532189 0.168889 0.561353 0.207299 0.562486 0.208693 0.563479 0.209722 0.564184 0.210232 0.568460 0.213075 0.581205 0.203398 0.582334 0.199273 0.543089 0.147584 0.530167 0.157396
0 0.766518 0.818064 0.766608 0.819362 0.766878 0.821088 0.772803 0.852614 0.775766 0.868377 0.776178 0.870284 0.776673 0.872095 0.777175 0.873538 0.777609 0.874393 0.783193 0.879103 0.786375 0.878505 0.795920 0.876711 0.802283 0.875515 0.790324 0.811880 0.787004 0.808315 0.768132 0.811862 0.766623 0.817392
0 0.580554 0.741048 0.581674 0.744400 0.588603 0.759071 0.647288 0.731358 0.640359 0.716687 0.640035 0.716186 0.638434 0.713715 0.634745 0.713773 0.633647 0.713981 0.632132 0.714490 0.630429 0.715222 0.615892 0.722086 0.586819 0.735815 0.585173 0.736665 0.583820 0.737511 0.582967 0.738224
0 0.757631 0.366806 0.766118 0.380415 0.767816 0.383137 0.773911 0.383667 0.774587 0.383318 0.775788 0.382631 0.777332 0.381709 0.778982 0.380695 0.820187 0.354996 0.821679 0.354051 0.822773 0.353328 0.823301 0.352936 0.825989 0.347442 0.815687 0.330922 0.812068 0.332855
0 0.635314 0.801873 0.636019 0.805003 0.638134 0.814392 0.639544 0.820651 0.641160 0.824363 0.704473 0.810103 0.700195 0.791108 0.697902 0.787777 0.694525 0.786500 0.693286 0.786410 0.691615 0.786540 0.689764 0.786870 0.642716 0.797467 0.640952 0.797951 0.639530 0.798517 0.638664 0.799081
0 0.285297 0.666428 0.345807 0.689889 0.347922 0.687285 0.353707 0.672365 0.350540 0.669223 0.349731 0.668656 0.348384 0.667964 0.346703 0.667253 0.331715 0.661441 0.316726 0.655630 0.301737 0.649819 0.299964 0.649191 0.298354 0.648736 0.297152 0.648524 0.296540 0.648587 0.294027 0.649225 0.291645 0.650951 0.291162 0.651301
0 0.508610 0.052403 0.508794 0.055606 0.509714 0.071617 0.573764 0.067938 0.574619 0.062927 0.573502 0.043491 0.568413 0.041846 0.566892 0.041592 0.565054 0.041578 0.516572 0.044362 0.514713 0.044589 0.513131 0.045022 0.508709 0.047212
0 0.849840 0.265125 0.855083 0.268406 0.856366 0.268806 0.858099 0.269135 0.874003 0.271473 0.905813 0.276148 0.907746 0.276358 0.909600 0.276419 0.911096 0.276321 0.912004 0.276079 0.918103 0.271844 0.920935 0.252580 0.856726 0.243143 0.852639 0.246082 0.850306 0.261951
0 0.598938 0.513364 0.599027 0.517766 0.600135 0.522534 0.600297 0.522723 0.601022 0.523322 0.602199 0.524237 0.603649 0.525331 0.605153 0.526438 0.606485 0.527391 0.607442 0.528046 0.607879 0.528302 0.610417 0.528968 0.611732 0.529313 0.617220 0.528635 0.629241 0.512497 0.615793 0.502480 0.610498 0.502366 0.604706 0.505620 0.604349 0.505907 0.603609 0.506737 0.602599 0.507984 0.601472 0.509459 0.600398 0.510939 0.599540 0.512200 0.599027 0.513052
0 0.123637 0.171402 0.124661 0.178816 0.125010 0.180017 0.125656 0.181636 0.138635 0.211300 0.145125 0.226132 0.145963 0.227906 0.146860 0.229553 0.147678 0.230819 0.148292 0.231513 0.154532 0.234704 0.169228 0.228274 0.143507 0.169490 0.138537 0.164882
0 0.700721 0.514201 0.704994 0.532923 0.710071 0.535730 0.715015 0.536571 0.717575 0.537006 0.718244 0.536972 0.719557 0.536773 0.721315 0.536440 0.723247 0.536022 0.725059 0.535585 0.726469 0.535195 0.727265 0.534913 0.731164 0.530769 0.732529 0.526258 0.732557 0.525229 0.732376 0.523662 0.732012 0.521796 0.731521 0.519918 0.730980 0.518317 0.730470 0.517237 0.726686 0.511150 0.716322 0.510641
0 0.752918 0.702032 0.753794 0.707253 0.754112 0.709136 0.758606 0.724577 0.763100 0.740018 0.767594 0.755458 0.770955 0.764003 0.787067 0.762646 0.795486 0.757326 0.777425 0.695272 0.772095 0.695939 0.764164 0.696932 0.761537 0.697261
0 0.560413 0.520374 0.571701 0.531771 0.572701 0.532214 0.618925 0.486431 0.607479 0.474875 0.602049 0.475056 0.601653 0.475347 0.600795 0.476112 0.599608 0.477231 0.598270 0.478536 0.575424 0.501164 0.564001 0.512479 0.562706 0.513781 0.561640 0.514894 0.560964 0.515648 0.560783 0.515928
