0 0.506595 0.640037 0.509705 0.644436 0.512923 0.644785 0.529016 0.646530 0.535997 0.582158 0.535584 0.581219 0.516493 0.579149 0.512842 0.582435 0.512785 0.582691 0.512658 0.583637 0.512480 0.585127 0.512278 0.586935 0.508820 0.618826 0.507091 0.634772 0.506894 0.636638 0.506731 0.638294 0.506626 0.639487
0 0.047680 0.608179 0.048764 0.613590 0.049265 0.615007 0.050137 0.616609 0.058776 0.630299 0.076054 0.657677 0.077158 0.659207 0.078315 0.660418 0.079350 0.661126 0.082316 0.663064 0.087104 0.661193 0.089817 0.659482 0.103380 0.650922 0.069141 0.596667 0.064144 0.597789
0 0.803159 0.582873 0.803889 0.589247 0.804984 0.598808 0.805349 0.601994 0.810703 0.605622 0.811481 0.605721 0.812877 0.605720 0.814676 0.605621 0.816606 0.605437 0.832688 0.603595 0.864852 0.599910 0.866602 0.599672 0.867890 0.599418 0.868520 0.599186 0.873365 0.595794 0.871151 0.576451 0.866898 0.575571
0 0.625348 0.171322 0.627194 0.173946 0.632731 0.181816 0.636423 0.187063 0.688895 0.150148 0.691081 0.146091 0.679878 0.130168 0.674161 0.131077 0.673496 0.131267 0.672338 0.131896 0.670864 0.132868 0.657624 0.142182 0.644385 0.151496 0.631146 0.160810 0.629592 0.161968 0.628207 0.163128 0.627204 0.164111 0.626735 0.164768
0 0.056193 0.887382 0.056923 0.903590 0.063192 0.905270 0.064437 0.905503 0.066178 0.905527 0.082349 0.904799 0.114691 0.903343 0.116649 0.903153 0.118509 0.902780 0.119987 0.902280 0.120857 0.901732 0.126944 0.895176 0.126225 0.879190 0.062280 0.882068
0 0.787113 0.877670 0.790432 0.882036 0.802230 0.893120 0.804590 0.895337 0.809258 0.892988 0.810566 0.892138 0.811917 0.890889 0.834033 0.867349 0.845091 0.855578 0.846270 0.854134 0.847085 0.852724 0.848924 0.848146 0.844937 0.844168 0.830941 0.831019
0 0.143795 0.666312 0.143878 0.668206 0.145422 0.684320 0.148510 0.716547 0.148781 0.718339 0.149195 0.719742 0.151901 0.724795 0.171281 0.722939 0.175050 0.720385 0.168931 0.656521 0.152966 0.658051 0.149773 0.658357 0.145710 0.660192 0.144213 0.663390 0.143913 0.664621
0 0.569937 0.911003 0.592207 0.971581 0.606278 0.971321 0.615953 0.963535 0.593653 0.902875 0.582105 0.903635 0.579818 0.903786
0 0.592520 0.867080 0.622959 0.924093 0.633990 0.922296 0.644964 0.911683 0.640881 0.903110 0.618160 0.860551 0.614567 0.854747 0.603800 0.857082 0.601935 0.858735 0.596304 0.863726
0 0.646484 0.321126 0.647659 0.326507 0.659555 0.331316 0.665503 0.333720 0.667417 0.331792 0.691743 0.271624 0.673692 0.264327 0.668306 0.267392 0.667946 0.268040 0.667367 0.269270 0.666655 0.270893 0.665920 0.272665 0.659894 0.287568 0.653868 0.302472 0.647843 0.317376 0.647190 0.319039 0.646712 0.320356
0 0.014511 0.468828 0.022234 0.474519 0.022701 0.474860 0.023860 0.475397 0.025535 0.476046 0.027469 0.476708 0.029365 0.477282 0.030931 0.477679 0.031930 0.477839 0.042817 0.478355 0.048073 0.478603 0.054757 0.476811 0.057221 0.474508 0.058072 0.473555 0.058934 0.472107 0.059678 0.470384 0.060192 0.468645 0.060398 0.467153 0.060221 0.461770 0.042173 0.455213 0.020238 0.453067
0 0.133776 0.120694 0.169016 0.174766 0.181065 0.171353 0.182485 0.169573 0.186772 0.164197 0.189653 0.160584 0.154365 0.106439 0.141977 0.109342
0 0.169473 0.679975 0.213262 0.727875 0.216544 0.725267 0.221280 0.720938 0.228383 0.714445 0.230750 0.712280 0.229663 0.708261 0.229259 0.707256 0.228405 0.705946 0.227231 0.704530 0.194691 0.668935 0.193365 0.667616 0.192079 0.666586 0.191028 0.665999 0.187463 0.664929 0.183844 0.666838
0 0.391714 0.317424 0.397825 0.335909 0.398996 0.337793 0.459910 0.317657 0.459445 0.315540 0.453334 0.297054 0.449047 0.295829 0.447991 0.295929 0.446457 0.296269 0.444678 0.296799 0.429309 0.301879 0.413939 0.306960 0.398570 0.312041 0.396833 0.312674 0.395416 0.313308 0.394536 0.313848
0 0.609937 0.237650 0.621621 0.248585 0.634743 0.234564 0.641198 0.221847 0.640258 0.217993 0.639628 0.216923 0.638548 0.215591 0.637183 0.214201 0.635744 0.212967 0.634451 0.212078 0.633502 0.211670 0.628955 0.210388 0.623384 0.212153 0.622785 0.212612 0.621768 0.213577 0.620489 0.214901 0.619144 0.216381 0.617940 0.217789 0.617061 0.218909 0.616641 0.219571 0.612618 0.229242
0 0.759348 0.465231 0.759464 0.467077 0.764269 0.515064 0.764522 0.516905 0.764876 0.518476 0.765276 0.519539 0.767855 0.522670 0.770955 0.522933 0.790329 0.520993 0.783863 0.456416 0.764489 0.458356 0.761463 0.458833 0.759572 0.462564 0.759386 0.463647
0 0.595408 0.714746 0.609306 0.722201 0.618792 0.724660 0.643505 0.664942 0.631727 0.659227 0.629394 0.658095 0.620088 0.655109 0.616412 0.661937 0.604114 0.691655 0.597965 0.706515
0 0.264321 0.071167 0.270903 0.078184 0.306528 0.110717 0.311981 0.114690 0.321035 0.109627 0.328698 0.095584 0.280974 0.052003 0.271497 0.056633
0 0.454823 0.942133 0.519028 0.952640 0.521655 0.936589 0.521555 0.934569 0.521357 0.930586 0.518429 0.928735 0.517375 0.928086 0.515818 0.927513 0.513992 0.927103 0.482258 0.921910 0.466391 0.919314 0.464560 0.919125 0.462988 0.919186 0.458034 0.920223 0.455444 0.936054
0 0.678073 0.908169 0.678132 0.909665 0.678318 0.910572 0.682334 0.916626 0.701631 0.919223 0.710281 0.854903 0.707876 0.850837 0.691980 0.848698 0.688801 0.848271 0.685764 0.852915 0.685418 0.853558 0.685071 0.854845 0.684776 0.856581 0.678348 0.904378 0.678149 0.906314
0 0.712380 0.866871 0.714834 0.871112 0.720364 0.874481 0.728659 0.879533 0.731424 0.881217 0.736001 0.877770 0.736995 0.876711 0.738022 0.875227 0.763225 0.833849 0.764120 0.832178 0.764739 0.830588 0.764988 0.829322 0.765106 0.825919 0.762078 0.822194 0.745677 0.812204
0 0.408493 0.623985 0.415309 0.638753 0.420503 0.639242 0.421369 0.638957 0.422740 0.638402 0.424407 0.637659 0.439107 0.630875 0.468506 0.617307 0.470202 0.616497 0.471653 0.615750 0.472639 0.615180 0.473010 0.614873 0.474381 0.611490 0.474675 0.610210 0.474733 0.609957 0.468011 0.595392 0.409751 0.622281
0 0.172043 0.483833 0.188158 0.486032 0.189601 0.486097 0.191739 0.486193 0.192446 0.486224 0.194761 0.483042 0.195244 0.482023 0.195683 0.480486 0.196012 0.478662 0.198186 0.462732 0.202534 0.430871 0.202705 0.429023 0.202695 0.427418 0.202504 0.426299 0.201121 0.422649 0.200435 0.422471 0.196954 0.421570 0.180839 0.419371
0 0.770191 0.651311 0.771519 0.656941 0.771958 0.657504 0.772865 0.658489 0.774102 0.659749 0.785502 0.671083 0.808303 0.693751 0.809693 0.695104 0.811035 0.696354 0.812126 0.697313 0.812800 0.697834 0.819343 0.698825 0.833071 0.685018 0.787047 0.639261 0.783762 0.637663 0.779238 0.642212
0 0.460841 0.671577 0.460989 0.672135 0.461518 0.673258 0.462350 0.674773 0.463356 0.676451 0.464381 0.678032 0.465270 0.679274 0.465884 0.679987 0.470728 0.682103 0.475785 0.682132 0.476679 0.681768 0.478042 0.681048 0.479666 0.680081 0.481301 0.679016 0.482695 0.678017 0.483636 0.677236 0.483982 0.676792 0.487803 0.671456 0.488361 0.663617 0.479894 0.650038 0.463599 0.660198 0.462191 0.665660 0.461751 0.667586 0.461301 0.669558
0 0.020190 0.741825 0.060960 0.792525 0.066997 0.788503 0.079498 0.778451 0.077711 0.773744 0.077046 0.772320 0.076000 0.770810 0.055849 0.745751 0.045773 0.733222 0.044497 0.731844 0.043175 0.730797 0.039288 0.728447 0.038229 0.728972 0.032865 0.731632
0 0.410848 0.653365 0.420216 0.670433 0.425376 0.670951 0.426215 0.670638 0.427540 0.670009 0.429150 0.669159 0.443341 0.661371 0.471722 0.645795 0.473358 0.644862 0.474757 0.643996 0.475707 0.643329 0.476061 0.642961 0.477109 0.639208 0.477370 0.637610 0.471196 0.626361 0.468109 0.620737 0.411867 0.651605
0 0.094312 0.639024 0.101638 0.648744 0.113968 0.654216 0.152500 0.602330 0.144748 0.593132 0.132791 0.587207
0 0.645540 0.195159 0.645557 0.195863 0.645990 0.197060 0.646771 0.198568 0.647783 0.200160 0.666078 0.226509 0.675226 0.239683 0.676322 0.241128 0.677345 0.242219 0.678140 0.242789 0.682182 0.244912 0.697955 0.233960 0.700245 0.230883 0.663316 0.177697 0.650020 0.186929 0.647361 0.188776 0.645675 0.192334
0 0.362888 0.594652 0.427637 0.599066 0.428630 0.597707 0.429718 0.581742 0.426152 0.578963 0.425882 0.578834 0.424921 0.578674 0.423416 0.578509 0.421595 0.578363 0.389517 0.576176 0.373479 0.575083 0.371604 0.574977 0.369945 0.574927 0.368754 0.574939 0.368213 0.575014 0.363991 0.578465
0 0.750606 0.067783 0.750654 0.069257 0.750957 0.071060 0.751469 0.072921 0.752112 0.074558 0.752791 0.075724 0.756633 0.080428 0.774866 0.074403 0.788035 0.054012 0.782774 0.038090 0.773013 0.039061 0.771679 0.039214 0.769930 0.039691 0.768033 0.040419 0.766281 0.041286 0.764941 0.042159 0.764217 0.042904 0.758072 0.053535 0.755105 0.058668 0.751612 0.065233 0.750821 0.066863
0 0.806735 0.286756 0.816410 0.299503 0.831570 0.289897 0.847598 0.277731 0.846324 0.272516 0.845609 0.271042 0.844542 0.269450 0.843287 0.267983 0.842037 0.266868 0.840984 0.266274 0.837460 0.264374 0.830929 0.265045 0.830780 0.265136 0.819372 0.273236 0.818659 0.273757 0.817471 0.274641 0.815991 0.275753 0.814441 0.276925 0.813057 0.277980 0.812046 0.278759 0.811561 0.279144
0 0.523768 0.778290 0.524043 0.781509 0.530003 0.799997 0.591629 0.780129 0.589643 0.773967 0.585669 0.761642 0.584689 0.758650 0.580607 0.757643 0.579524 0.757675 0.577978 0.757962 0.576205 0.758460 0.545675 0.768302 0.530409 0.773224 0.528664 0.773860 0.527198 0.774544 0.526234 0.775172
0 0.761549 0.620553 0.775323 0.628774 0.779162 0.630570 0.812505 0.574704 0.798539 0.566368 0.797158 0.566061 0.795110 0.565606 0.794434 0.565456 0.791132 0.567177 0.790270 0.568001 0.789251 0.569294 0.788229 0.570861 0.763509 0.612279 0.762631 0.613894 0.762025 0.615324 0.761781 0.616353
0 0.596189 0.487935 0.597458 0.492372 0.597627 0.492598 0.598364 0.493222 0.599557 0.494147 0.601025 0.495233 0.640052 0.523577 0.641583 0.524668 0.642956 0.525607 0.643964 0.526252 0.644453 0.526503 0.650171 0.525998 0.659729 0.512837 0.607088 0.474606 0.605615 0.474955
0 0.161121 0.105213 0.161333 0.108138 0.165217 0.112629 0.176989 0.117730 0.182876 0.120280 0.208384 0.061413 0.205000 0.056329 0.187137 0.048589 0.183174 0.052996 0.182310 0.054105 0.181487 0.055693 0.175051 0.070545 0.168615 0.085398 0.162179 0.100251 0.161530 0.102061 0.161158 0.103804
