0 0.574919 0.681344 0.575785 0.683439 0.579846 0.688482 0.587969 0.698568 0.592525 0.698102 0.593446 0.697666 0.594739 0.696829 0.596208 0.695717 0.608786 0.685587 0.633941 0.665326 0.635349 0.664119 0.636471 0.663012 0.637134 0.662172 0.638396 0.657952 0.630273 0.647866 0.626211 0.642824 0.624769 0.641192
0 0.373190 0.065115 0.373556 0.065999 0.374262 0.067366 0.375199 0.069008 0.376226 0.070676 0.393545 0.097764 0.402205 0.111308 0.403174 0.112761 0.403945 0.113791 0.404401 0.114242 0.409621 0.117118 0.412324 0.115390 0.425837 0.106749 0.424974 0.102194 0.390014 0.047515 0.373611 0.058005
0 0.515601 0.670276 0.525300 0.677785 0.536787 0.683535 0.571426 0.629076 0.561441 0.622038 0.559597 0.620997 0.550287 0.615743
0 0.502348 0.592579 0.502380 0.593069 0.502465 0.594223 0.502590 0.595864 0.502737 0.597742 0.505272 0.630022 0.506540 0.646162 0.506684 0.647976 0.506802 0.649434 0.506877 0.650314 0.506897 0.650482 0.510450 0.654694 0.526665 0.653420 0.521571 0.588561 0.521274 0.587343 0.505282 0.588599
0 0.468999 0.234499 0.469352 0.237538 0.479780 0.253716 0.484563 0.253558 0.485460 0.253266 0.486786 0.252602 0.488341 0.251667 0.501853 0.242957 0.528876 0.225537 0.530435 0.224465 0.531775 0.223411 0.532691 0.222534 0.533044 0.221968 0.533703 0.218956 0.534096 0.215702 0.523547 0.199337
0 0.110253 0.212906 0.113311 0.228881 0.115099 0.230135 0.118628 0.232608 0.120206 0.233630 0.121069 0.233913 0.122521 0.234014 0.124340 0.233919 0.126252 0.233641 0.142043 0.230619 0.173626 0.224574 0.175354 0.224154 0.176650 0.223654 0.181649 0.220546 0.178633 0.204791 0.174153 0.200675
0 0.767780 0.306381 0.818313 0.345908 0.822004 0.344119 0.833999 0.328784 0.831793 0.324625 0.831338 0.323779 0.830346 0.322676 0.828970 0.321485 0.816220 0.311511 0.803470 0.301538 0.790720 0.291565 0.789180 0.290475 0.787723 0.289663 0.786572 0.289253 0.782880 0.288799 0.779637 0.291221 0.771732 0.301328
0 0.222934 0.249432 0.235483 0.255790 0.237185 0.256290 0.242322 0.257798 0.245775 0.258811 0.270731 0.199195 0.258354 0.192302 0.247856 0.189896
0 0.637422 0.577923 0.640207 0.582623 0.640742 0.582846 0.641897 0.583265 0.643496 0.583817 0.645296 0.584416 0.660644 0.589444 0.691339 0.599499 0.693050 0.600049 0.694397 0.600463 0.695176 0.600677 0.695267 0.600659 0.700544 0.598979 0.704575 0.586673 0.706590 0.580519 0.704228 0.579600 0.643400 0.559675
0 0.267167 0.912181 0.267399 0.913624 0.267970 0.915389 0.268794 0.917206 0.269744 0.918795 0.270674 0.919912 0.275274 0.923995 0.281857 0.923279 0.283131 0.922856 0.284775 0.922084 0.286537 0.921082 0.288145 0.920003 0.289354 0.919014 0.293120 0.914697 0.302579 0.895737 0.295186 0.881545 0.278155 0.890417 0.267527 0.909123
0 0.362002 0.582103 0.362163 0.594053 0.365100 0.606957 0.429207 0.599482 0.428498 0.587602 0.428118 0.585455 0.426197 0.574619
0 0.838373 0.481646 0.902348 0.486460 0.907011 0.486299 0.908471 0.466884 0.903323 0.463340 0.902728 0.463220 0.901460 0.463073 0.899713 0.462924 0.883571 0.461709 0.851288 0.459280 0.849343 0.459152 0.847511 0.459064 0.846073 0.459032 0.845248 0.459059 0.839816 0.462453 0.839575 0.465652
0 0.700206 0.239896 0.702105 0.255824 0.706948 0.257517 0.707756 0.257664 0.709155 0.257660 0.710933 0.257505 0.742863 0.253697 0.758828 0.251792 0.760729 0.251509 0.762479 0.251137 0.763814 0.250735 0.764529 0.250361 0.769525 0.244716 0.767599 0.228565 0.702997 0.236270
0 0.482595 0.468592 0.482791 0.468950 0.496925 0.476533 0.499751 0.478049 0.504298 0.476701 0.504465 0.476408 0.504955 0.475512 0.505691 0.474151 0.506562 0.472531 0.514162 0.458366 0.529362 0.430034 0.530243 0.428389 0.531006 0.426956 0.531536 0.425951 0.531753 0.425528 0.530434 0.420608 0.513278 0.411403
0 0.046111 0.665160 0.046529 0.672516 0.062721 0.674050 0.068733 0.671657 0.074789 0.607779 0.058819 0.606265 0.052668 0.607746 0.051530 0.611469 0.051044 0.613121 0.050750 0.615001 0.049222 0.631118 0.046167 0.663353
0 0.798607 0.096507 0.798696 0.097916 0.799104 0.099648 0.799771 0.101442 0.819229 0.145570 0.820058 0.147166 0.820928 0.148335 0.824853 0.152344 0.836594 0.147166 0.842464 0.144577 0.846430 0.140460 0.820244 0.081077 0.802429 0.088934 0.798968 0.093642
0 0.256488 0.830449 0.297761 0.880070 0.306587 0.874788 0.316836 0.864491 0.275508 0.814803 0.272670 0.816752 0.267050 0.820614
0 0.701889 0.651754 0.704222 0.653508 0.719949 0.657341 0.723094 0.658107 0.726283 0.654728 0.726785 0.653882 0.727327 0.652471 0.727826 0.650710 0.731650 0.635019 0.739297 0.603637 0.739673 0.601809 0.739865 0.600207 0.739844 0.599077 0.738424 0.595199 0.735700 0.594111 0.717043 0.589565
0 0.252036 0.239257 0.255071 0.255236 0.258439 0.258601 0.321477 0.246628 0.318483 0.230868 0.315953 0.227116 0.313056 0.226456 0.311812 0.226345 0.310123 0.226433 0.308247 0.226708 0.260531 0.235771 0.258769 0.236188 0.257404 0.236680
0 0.357873 0.437180 0.360214 0.443216 0.363727 0.452271 0.364898 0.455289 0.369912 0.457572 0.370426 0.457495 0.371544 0.457165 0.373096 0.456632 0.374845 0.455978 0.419705 0.438576 0.421402 0.437893 0.422800 0.437282 0.423688 0.436834 0.423930 0.436617 0.426119 0.432652 0.419174 0.414750 0.418239 0.413762
0 0.080640 0.197308 0.087836 0.215401 0.092556 0.218658 0.095352 0.219267 0.096777 0.219194 0.098532 0.218825 0.100352 0.218217 0.145166 0.200396 0.146789 0.199635 0.147980 0.198832 0.152171 0.194951 0.150986 0.191970 0.145058 0.177065 0.140946 0.173326
0 0.812166 0.240349 0.875851 0.248111 0.880207 0.245188 0.882561 0.225862 0.877084 0.222801 0.875804 0.222401 0.874058 0.222103 0.841922 0.218186 0.825853 0.216228 0.823923 0.216078 0.822117 0.216101 0.820713 0.216293 0.819923 0.216624 0.818139 0.218010 0.814494 0.221244 0.814106 0.224428
0 0.583685 0.228429 0.647245 0.237156 0.648952 0.234106 0.651600 0.214819 0.647827 0.212197 0.646951 0.211730 0.645501 0.211299 0.643699 0.210970 0.627662 0.208768 0.595588 0.204364 0.593722 0.204189 0.592093 0.204198 0.590949 0.204387 0.587304 0.205990 0.586303 0.209362
0 0.636878 0.360518 0.646489 0.369020 0.651294 0.373270 0.653044 0.371799 0.696046 0.323190 0.681463 0.310291 0.675714 0.311530 0.675238 0.312055 0.674349 0.313049 0.673182 0.314361 0.671914 0.315792 0.661262 0.327833 0.639959 0.351914 0.638772 0.353257 0.637838 0.354321 0.637298 0.354942 0.637235 0.355026
0 0.249501 0.536601 0.260313 0.552792 0.263061 0.552190 0.316413 0.516560 0.312851 0.511224 0.305725 0.500554 0.300018 0.499497 0.299446 0.499701 0.298346 0.500284 0.296884 0.501159 0.295285 0.502191 0.268362 0.520171 0.254901 0.529161 0.253421 0.530185 0.252297 0.531037 0.251702 0.531586
0 0.191536 0.236980 0.207412 0.299752 0.210758 0.302041 0.229374 0.297332 0.230610 0.292126 0.230654 0.291346 0.230472 0.289988 0.230091 0.288258 0.226159 0.272708 0.218294 0.241609 0.217769 0.239756 0.217175 0.238047 0.216602 0.236741 0.216138 0.236038 0.210368 0.232216 0.207229 0.233010 0.197813 0.235392
0 0.189459 0.166843 0.193631 0.172821 0.194394 0.173335 0.195756 0.173933 0.197509 0.174525 0.199388 0.175021 0.230732 0.182181 0.246404 0.185761 0.248137 0.186089 0.249476 0.186204 0.250217 0.186086 0.255562 0.184943 0.259848 0.166178 0.257064 0.162314 0.193794 0.147861
0 0.808442 0.503032 0.871920 0.511256 0.877093 0.511412 0.879177 0.495322 0.874338 0.491676 0.873715 0.491532 0.872434 0.491323 0.870690 0.491082 0.854636 0.489002 0.822530 0.484843 0.820602 0.484608 0.818801 0.484417 0.817401 0.484300 0.816616 0.484273 0.810498 0.487162
0 0.387569 0.974773 0.392540 0.976690 0.394030 0.977069 0.395856 0.977219 0.428153 0.977656 0.444302 0.977874 0.446170 0.977773 0.447780 0.977436 0.452312 0.975648 0.452857 0.970213 0.453117 0.951012 0.389114 0.950147 0.387832 0.955350 0.387744 0.961824
0 0.658655 0.543074 0.659943 0.562278 0.661796 0.562995 0.726550 0.558654 0.725247 0.539227 0.720501 0.535799 0.719843 0.535777 0.718553 0.535807 0.716828 0.535885 0.714930 0.535999 0.682850 0.538150 0.666810 0.539226 0.665012 0.539359 0.663573 0.539493 0.662711 0.539607 0.662558 0.539684
0 0.739557 0.178659 0.758400 0.182361 0.763861 0.178036 0.764280 0.177250 0.764779 0.175858 0.765280 0.174073 0.765708 0.172168 0.768822 0.156321 0.775049 0.124627 0.775334 0.122907 0.775431 0.121649 0.775325 0.121044 0.773870 0.115154 0.754810 0.111409 0.751899 0.115851
0 0.744851 0.557648 0.745005 0.558538 0.745463 0.559922 0.746153 0.561591 0.765882 0.605598 0.766707 0.607311 0.767547 0.608820 0.768274 0.609898 0.768780 0.610380 0.774809 0.612571 0.792576 0.604607 0.766027 0.545386 0.762983 0.544864 0.745420 0.552737
0 0.024487 0.533875 0.089335 0.536459 0.094968 0.535959 0.095605 0.519969 0.089423 0.516741 0.088837 0.516681 0.087580 0.516606 0.085844 0.516528 0.053718 0.515248 0.037655 0.514608 0.035689 0.514539 0.033777 0.514487 0.032208 0.514462 0.031221 0.514466 0.030969 0.514500 0.025133 0.517663
0 0.130704 0.247247 0.177072 0.292440 0.180765 0.294812 0.194167 0.281060 0.192634 0.275146 0.192229 0.274668 0.191340 0.273747 0.190102 0.272520 0.178617 0.261325 0.155645 0.238936 0.154236 0.237582 0.152859 0.236296 0.151722 0.235271 0.151000 0.234666 0.150802 0.234572 0.144262 0.233336
