0 0.761093 0.704760 0.796714 0.758118 0.800156 0.761107 0.816348 0.750297 0.815797 0.744286 0.815569 0.743685 0.814931 0.742558 0.813983 0.741077 0.796008 0.714151 0.787020 0.700688 0.785913 0.699089 0.784824 0.697631 0.783921 0.696536 0.783340 0.695970 0.777100 0.694073 0.774432 0.695854 0.766429 0.701197
0 0.776085 0.592744 0.779815 0.597473 0.780539 0.597706 0.781864 0.598110 0.783588 0.598624 0.785447 0.599170 0.816532 0.608219 0.832074 0.612743 0.833770 0.613233 0.835030 0.613587 0.835663 0.613753 0.841596 0.611962 0.847039 0.593269 0.784727 0.575129 0.781466 0.574265 0.779672 0.580424
0 0.283225 0.000000 0.309934 0.036702 0.315425 0.040357 0.332501 0.031572 0.330565 0.026155 0.316987 0.000291 0.316390 0.000000
0 0.303166 0.586857 0.303475 0.587861 0.304119 0.589284 0.305002 0.590909 0.329413 0.632760 0.330392 0.634326 0.331310 0.635581 0.332027 0.636335 0.336068 0.638324 0.338865 0.636693 0.352847 0.628537 0.354528 0.627069 0.322277 0.571778 0.320223 0.572607 0.306241 0.580763 0.303444 0.582395
0 0.355518 0.513065 0.359945 0.528674 0.361866 0.528281 0.423447 0.510817 0.419081 0.495422 0.414444 0.493161 0.413976 0.493253 0.412868 0.493532 0.411287 0.493957 0.409475 0.494463 0.393902 0.498879 0.378329 0.503295 0.362756 0.507712 0.361005 0.508217 0.359595 0.508640 0.358742 0.508917 0.358574 0.509005
0 0.083636 0.688073 0.083774 0.694179 0.099094 0.699520 0.104593 0.696783 0.125665 0.636342 0.110554 0.631074 0.105138 0.632897 0.103305 0.634116 0.102658 0.634642 0.101865 0.635786 0.101047 0.637375 0.100330 0.639167 0.095001 0.654452 0.089672 0.669737 0.084344 0.685022 0.083842 0.686727
0 0.471361 0.290076 0.471688 0.292477 0.473286 0.295638 0.473664 0.296040 0.474666 0.296646 0.476140 0.297364 0.477863 0.298084 0.507761 0.309707 0.522710 0.315518 0.524433 0.316137 0.525907 0.316566 0.526911 0.316740 0.531348 0.315670 0.538305 0.297772 0.538749 0.295433 0.478399 0.271972
0 0.369806 0.929102 0.375621 0.941685 0.385279 0.948464 0.436490 0.909181 0.430232 0.896985 0.421087 0.889766
0 0.419259 0.088107 0.420369 0.093771 0.422092 0.096325 0.423145 0.097179 0.424648 0.098082 0.426371 0.098897 0.441213 0.105079 0.470898 0.117443 0.472595 0.118052 0.474020 0.118369 0.479602 0.118442 0.485770 0.103633 0.485571 0.098108 0.425513 0.073093
0 0.172752 0.744297 0.195717 0.804837 0.213878 0.797948 0.217150 0.794541 0.217822 0.791284 0.217766 0.789983 0.217423 0.788307 0.216844 0.786510 0.205467 0.756517 0.199778 0.741521 0.199046 0.739862 0.198268 0.738580 0.194448 0.734694 0.176494 0.741504
0 0.428712 0.839564 0.443412 0.902777 0.459215 0.899101 0.461862 0.892929 0.461829 0.892052 0.461635 0.890594 0.461309 0.888778 0.460901 0.886878 0.457260 0.871220 0.449977 0.839904 0.449546 0.838195 0.449153 0.836923 0.448859 0.836279 0.445276 0.831282 0.429690 0.834906
0 0.422300 0.229029 0.422576 0.229709 0.423158 0.230930 0.423956 0.232505 0.424850 0.234195 0.440074 0.262431 0.447686 0.276548 0.448547 0.278111 0.449250 0.279321 0.449689 0.279994 0.454596 0.282488 0.471498 0.273375 0.471170 0.270754 0.440441 0.213761 0.434741 0.216834 0.426192 0.221443 0.423343 0.222980
0 0.026015 0.453696 0.030939 0.457983 0.031441 0.458148 0.032628 0.458435 0.034321 0.458799 0.050136 0.462069 0.065952 0.465339 0.081767 0.468608 0.083693 0.468992 0.085542 0.469333 0.087033 0.469580 0.087938 0.469695 0.088122 0.469661 0.094116 0.467187 0.098004 0.448382 0.035320 0.435422 0.029948 0.434674 0.026670 0.450526
0 0.071213 0.938746 0.136268 0.939478 0.141269 0.933435 0.141450 0.917395 0.135667 0.915506 0.134374 0.915178 0.132624 0.915048 0.100470 0.914686 0.084393 0.914505 0.082438 0.914593 0.080559 0.914885 0.079042 0.915338 0.078116 0.915883 0.077289 0.916673 0.076318 0.917630 0.071396 0.922482
0 0.405962 0.553119 0.418134 0.563847 0.423159 0.563192 0.423504 0.562833 0.424281 0.561977 0.425373 0.560757 0.426613 0.559356 0.458502 0.523176 0.459711 0.521798 0.460717 0.520639 0.461366 0.519876 0.461558 0.519626 0.461581 0.514952 0.449576 0.504371 0.448875 0.504432
0 0.670443 0.278103 0.670484 0.283402 0.670566 0.293899 0.673404 0.303333 0.680826 0.303184 0.712729 0.299100 0.728680 0.297058 0.737423 0.295138 0.737949 0.279223 0.734549 0.269897
0 0.008200 0.341724 0.051781 0.389611 0.056905 0.390872 0.071106 0.377947 0.069325 0.372460 0.069103 0.371830 0.068373 0.370770 0.067246 0.369442 0.045656 0.345718 0.034861 0.333856 0.033499 0.332450 0.032099 0.331170 0.030873 0.330208 0.030006 0.329712 0.022566 0.328649 0.020171 0.330828
0 0.711432 0.627460 0.711621 0.627986 0.712928 0.631199 0.715391 0.632719 0.734266 0.637499 0.750198 0.574585 0.747335 0.573732 0.731786 0.569794 0.728677 0.569007 0.725489 0.571952 0.724980 0.572886 0.724428 0.574349 0.723916 0.576118 0.712077 0.622870 0.711680 0.624692 0.711453 0.626303
0 0.241828 0.209774 0.250725 0.223989 0.262122 0.236608 0.278399 0.226420 0.278414 0.220362 0.278108 0.219789 0.277445 0.218675 0.276526 0.217187 0.275490 0.215552 0.274494 0.214015 0.273687 0.212810 0.273193 0.212119 0.270556 0.208771 0.267856 0.205344 0.265092 0.201836 0.264973 0.201751 0.258885 0.199098 0.255069 0.199624 0.253863 0.199851 0.252292 0.200482 0.250596 0.201419 0.249037 0.202519 0.247853 0.203613
0 0.039305 0.348343 0.046883 0.363095 0.048789 0.364112 0.049755 0.364626 0.052620 0.365276 0.053246 0.365264 0.054471 0.364933 0.056109 0.364333 0.057907 0.363556 0.088022 0.349620 0.102913 0.342729 0.104549 0.341918 0.105799 0.341184 0.106473 0.340639 0.110065 0.336758 0.102752 0.321939 0.099264 0.320945
0 0.164375 0.124113 0.171163 0.138807 0.172521 0.141746 0.176265 0.145842 0.179517 0.145874 0.180822 0.145832 0.182478 0.145441 0.184232 0.144761 0.198793 0.138035 0.227913 0.124581 0.229514 0.123711 0.230731 0.122775 0.234373 0.118997 0.226319 0.101566 0.223154 0.096957
0 0.643371 0.661049 0.645370 0.663294 0.660746 0.668597 0.663889 0.665109 0.664416 0.664301 0.665053 0.662935 0.665703 0.661221 0.681540 0.615307 0.682098 0.613519 0.682475 0.611946 0.682612 0.610827 0.681960 0.607094 0.681119 0.606598 0.679459 0.605621 0.664294 0.600391
0 0.406207 0.591245 0.470503 0.596884 0.471718 0.584992 0.471874 0.582835 0.472345 0.576321 0.472661 0.571944 0.408279 0.566298 0.406522 0.578148
0 0.244549 0.089020 0.244945 0.091933 0.247859 0.096596 0.265159 0.104933 0.292945 0.047269 0.290552 0.042035 0.284719 0.039224 0.273053 0.033602 0.268701 0.037845 0.267845 0.038914 0.266979 0.040463 0.245947 0.084110 0.245209 0.085889 0.244719 0.087614
0 0.209946 0.834720 0.226450 0.846233 0.232744 0.843621 0.232891 0.843464 0.239104 0.835475 0.242103 0.831618 0.242653 0.830880 0.243538 0.829655 0.244622 0.828128 0.245743 0.826532 0.246730 0.825107 0.247435 0.824068 0.247751 0.823573 0.248113 0.817278 0.245328 0.813048 0.244237 0.811921 0.242794 0.810786 0.241216 0.809813 0.239741 0.809151 0.232363 0.806292 0.219540 0.820966
0 0.490116 0.696468 0.494136 0.761243 0.513569 0.760036 0.516710 0.755105 0.516710 0.755075 0.516664 0.754312 0.516579 0.752931 0.515466 0.734987 0.513460 0.702675 0.513341 0.700767 0.513233 0.699045 0.513153 0.697773 0.513112 0.697144 0.509435 0.693025 0.506233 0.693223 0.496628 0.693820 0.490225 0.694218
0 0.670906 0.503163 0.670939 0.508085 0.671352 0.508930 0.672128 0.510201 0.673149 0.511706 0.682429 0.524832 0.700991 0.551084 0.702110 0.552605 0.703165 0.553923 0.703997 0.554839 0.704479 0.555213 0.710351 0.556193 0.726249 0.544953 0.688781 0.491961 0.686622 0.492051 0.681383 0.495755 0.673525 0.501311
0 0.691000 0.848328 0.691049 0.848482 0.691505 0.849251 0.692300 0.850521 0.693314 0.852098 0.694390 0.853741 0.712255 0.880740 0.721188 0.894240 0.722155 0.895685 0.722857 0.896700 0.723186 0.897131 0.729052 0.900017 0.745290 0.889274 0.742483 0.884813 0.707080 0.831309 0.701729 0.834849 0.691028 0.841929
0 0.351545 0.438843 0.400366 0.481603 0.401505 0.481817 0.405732 0.476991 0.414186 0.467338 0.413524 0.462444 0.413362 0.462252 0.412671 0.461605 0.411559 0.460603 0.410194 0.459397 0.386008 0.438213 0.373914 0.427622 0.372493 0.426386 0.371219 0.425299 0.370287 0.424525 0.369839 0.424182 0.364373 0.424197
0 0.204007 0.887875 0.216338 0.898481 0.223050 0.895167 0.223425 0.894814 0.224244 0.893917 0.225383 0.892612 0.235940 0.880338 0.257054 0.855789 0.258330 0.854287 0.259538 0.852827 0.260493 0.851634 0.261050 0.850890 0.261126 0.850705 0.262079 0.844355 0.249917 0.833895 0.208077 0.882541
0 0.734014 0.389581 0.734468 0.393528 0.734705 0.394568 0.735275 0.396022 0.736093 0.397672 0.751414 0.425938 0.759075 0.440071 0.760023 0.441679 0.760963 0.443012 0.761755 0.443869 0.764517 0.445854 0.765732 0.445606 0.768196 0.445101 0.782460 0.437370 0.751533 0.380313 0.748083 0.381955
0 0.848066 0.640894 0.858088 0.653415 0.860093 0.655919 0.864268 0.657729 0.867603 0.657457 0.868838 0.656977 0.870345 0.656111 0.871893 0.654991 0.909805 0.624644 0.911147 0.623449 0.912066 0.622373 0.914934 0.617172 0.902768 0.601972 0.898151 0.600801
