0 0.499241 0.200427 0.499251 0.204536 0.502013 0.206498 0.503030 0.207063 0.504552 0.207636 0.506349 0.208131 0.537665 0.215413 0.553323 0.219054 0.555135 0.219398 0.556702 0.219543 0.557786 0.219466 0.561597 0.219033 0.565221 0.203446 0.566128 0.199322 0.502916 0.184624
0 0.196564 0.539328 0.204080 0.549066 0.214917 0.556154 0.257989 0.507971 0.255316 0.504862 0.251338 0.500237 0.250020 0.498705 0.239578 0.491209
0 0.264622 0.899068 0.264714 0.899656 0.266466 0.905575 0.285668 0.908790 0.288127 0.904107 0.298715 0.840831 0.279733 0.837653 0.274548 0.842214 0.274189 0.843031 0.273761 0.844454 0.273330 0.846266 0.272964 0.848191 0.270292 0.864156 0.267621 0.880121 0.264950 0.896087 0.264705 0.897815
0 0.888198 0.178551 0.897245 0.191797 0.903788 0.191067 0.904201 0.190822 0.905191 0.190171 0.906610 0.189211 0.946440 0.162006 0.948082 0.160876 0.949710 0.159739 0.951079 0.158767 0.951980 0.158108 0.952274 0.157863 0.956507 0.150806 0.947334 0.137375 0.893610 0.174070
0 0.728966 0.561252 0.730689 0.566484 0.731159 0.567162 0.732075 0.568236 0.733297 0.569545 0.766836 0.604201 0.768190 0.605555 0.769480 0.606759 0.770510 0.607631 0.771124 0.608038 0.777284 0.608740 0.788943 0.597456 0.743810 0.550820 0.740466 0.550123
0 0.539123 0.021315 0.540898 0.024053 0.542081 0.025397 0.543500 0.026688 0.580877 0.057165 0.582329 0.058215 0.588731 0.061765 0.598843 0.049363 0.600218 0.043096 0.549920 0.002084 0.539667 0.014658 0.539575 0.015781 0.539302 0.019117
0 0.446037 0.462511 0.446151 0.462780 0.446618 0.463648 0.447369 0.464983 0.448289 0.466581 0.464550 0.494581 0.472681 0.508581 0.473621 0.510185 0.474431 0.511539 0.474988 0.512434 0.475206 0.512736 0.479451 0.514019 0.493516 0.505851 0.493605 0.505770 0.461381 0.450284 0.460842 0.449591 0.446777 0.457759
0 0.479015 0.062868 0.479254 0.067866 0.481550 0.070290 0.482567 0.071084 0.484068 0.071874 0.485829 0.072540 0.516419 0.082196 0.531714 0.087023 0.533479 0.087470 0.534994 0.087632 0.540295 0.087133 0.546075 0.068822 0.546608 0.063835 0.484862 0.044345 0.479989 0.059781
0 0.862539 0.543686 0.862568 0.544589 0.862947 0.545979 0.863618 0.547647 0.876959 0.576899 0.883630 0.591526 0.884497 0.593229 0.885434 0.594724 0.886300 0.595784 0.886963 0.596246 0.889181 0.597198 0.893688 0.598326 0.911403 0.590247 0.884473 0.531199 0.880072 0.530840 0.874234 0.533502 0.862559 0.538826
0 0.105970 0.327401 0.123450 0.389902 0.127760 0.391165 0.133939 0.389437 0.146297 0.385981 0.147061 0.381096 0.147173 0.380222 0.147015 0.378804 0.146610 0.377058 0.142281 0.361577 0.133621 0.330613 0.133028 0.328791 0.132332 0.327155 0.131638 0.325952 0.131052 0.325367 0.129017 0.324196 0.124722 0.322158
0 0.746361 0.392144 0.747860 0.396599 0.748364 0.397408 0.749346 0.398522 0.750657 0.399772 0.786626 0.431733 0.788077 0.432938 0.789460 0.433926 0.790565 0.434546 0.791224 0.434704 0.794210 0.434662 0.797613 0.433905 0.806214 0.424225 0.810515 0.419384 0.762113 0.376376 0.759116 0.377790
0 0.000000 0.491107 0.000168 0.492728 0.001185 0.494223 0.039251 0.534328 0.050976 0.526238 0.054698 0.519921 0.056576 0.516732 0.011272 0.470640 0.000000 0.478344
0 0.086229 0.207540 0.087802 0.217355 0.088125 0.218630 0.088771 0.220318 0.089642 0.222158 0.090603 0.223868 0.091507 0.225186 0.092216 0.225911 0.097014 0.229136 0.106280 0.235364 0.112734 0.238552 0.115661 0.239118 0.117050 0.238997 0.118769 0.238574 0.120561 0.237915 0.122153 0.237119 0.123307 0.236305 0.127435 0.232229 0.119848 0.214589 0.101634 0.200914
0 0.290694 0.939685 0.305767 0.948555 0.314470 0.946450 0.316294 0.944263 0.317407 0.942657 0.318256 0.940874 0.335280 0.895509 0.335740 0.893808 0.337099 0.886153 0.321989 0.877755 0.313416 0.879136
0 0.314323 0.154217 0.322854 0.171720 0.324881 0.175478 0.328833 0.175545 0.329965 0.175449 0.331498 0.175006 0.333202 0.174282 0.347652 0.167240 0.376554 0.153154 0.378181 0.152254 0.379498 0.151308 0.380305 0.150459 0.382552 0.147370 0.381193 0.143287 0.372663 0.125784
0 0.389925 0.386280 0.394382 0.405187 0.395589 0.406269 0.457891 0.391583 0.453485 0.372892 0.452947 0.371424 0.449300 0.369572 0.448875 0.369484 0.447796 0.369579 0.446228 0.369841 0.444409 0.370233 0.428690 0.373938 0.397251 0.381349 0.395474 0.381806 0.394024 0.382254 0.393123 0.382627 0.392906 0.382866
0 0.563206 0.803033 0.563940 0.806541 0.621202 0.837087 0.630365 0.819907 0.628380 0.813523 0.627885 0.812936 0.626819 0.812093 0.625343 0.811124 0.623682 0.810174 0.581130 0.787475 0.579522 0.786682 0.578200 0.786159 0.577363 0.785986 0.572264 0.786050 0.566225 0.797372
0 0.838434 0.892644 0.842777 0.898961 0.843591 0.899571 0.845003 0.900252 0.846799 0.900899 0.848703 0.901413 0.864494 0.904973 0.880285 0.908532 0.896077 0.912091 0.897785 0.912391 0.899021 0.912427 0.905667 0.911467 0.909949 0.892475 0.905253 0.887975 0.842667 0.873869 0.841256 0.880127
0 0.814807 0.588198 0.876250 0.606687 0.881496 0.608174 0.886182 0.592599 0.881059 0.587842 0.880480 0.587638 0.879257 0.587250 0.877578 0.586737 0.862075 0.582072 0.831069 0.572743 0.829202 0.572188 0.827447 0.571680 0.826073 0.571297 0.825289 0.571097 0.825212 0.571109 0.819429 0.572837
0 0.324310 0.925378 0.325287 0.931936 0.328268 0.933200 0.337210 0.936991 0.343171 0.939518 0.368446 0.879906 0.369949 0.875563 0.352269 0.868068 0.347074 0.871660 0.346837 0.872206 0.346341 0.873366 0.345663 0.874964 0.326880 0.919263 0.326116 0.921069 0.325376 0.922822 0.324773 0.924257 0.324398 0.925155
0 0.594475 0.934215 0.594765 0.935117 0.595343 0.936543 0.596121 0.938274 0.596979 0.940045 0.604236 0.954473 0.618751 0.983328 0.619553 0.984857 0.620169 0.985896 0.620505 0.986288 0.625736 0.990130 0.637305 0.984310 0.643089 0.981400 0.641452 0.975899 0.612688 0.918716 0.595533 0.927346
0 0.316641 0.692891 0.328125 0.708558 0.333808 0.708272 0.334468 0.707885 0.335611 0.707112 0.337063 0.706071 0.376139 0.677426 0.377666 0.676284 0.379024 0.675223 0.380005 0.674407 0.380460 0.673960 0.381715 0.668332 0.370362 0.652844 0.318738 0.690687
0 0.128442 0.487756 0.130977 0.489771 0.143650 0.499841 0.147722 0.499842 0.187545 0.449729 0.172511 0.437782 0.168726 0.437064 0.165949 0.437818 0.165279 0.438024 0.164251 0.438776 0.163021 0.439960 0.161779 0.441396 0.151731 0.454040 0.131636 0.479327 0.130580 0.480784 0.129880 0.482028 0.129642 0.482868
0 0.733761 0.159227 0.777747 0.205930 0.782417 0.201532 0.791757 0.192736 0.795141 0.189172 0.793468 0.184462 0.792609 0.183078 0.791413 0.181641 0.758118 0.146290 0.756776 0.145031 0.755504 0.144152 0.750646 0.141927 0.736473 0.155275
0 0.268159 0.599627 0.283819 0.604022 0.284819 0.603541 0.286301 0.602828 0.286791 0.602592 0.289541 0.600948 0.289919 0.600461 0.290437 0.599340 0.291016 0.597759 0.291570 0.595957 0.295915 0.580477 0.304604 0.549517 0.305052 0.547752 0.305329 0.546280 0.305395 0.545323 0.304130 0.540814 0.288686 0.536479 0.285740 0.536988
0 0.827065 0.657744 0.841922 0.669909 0.845877 0.671875 0.886897 0.621776 0.871867 0.609471 0.867616 0.608218 0.864330 0.609305 0.863262 0.609991 0.862002 0.611117 0.860741 0.612512 0.850580 0.624922 0.830258 0.649742 0.829178 0.651206 0.828434 0.652528 0.828138 0.653508
0 0.460095 0.888217 0.479127 0.892320 0.483333 0.887781 0.483536 0.887189 0.483856 0.885941 0.484243 0.884226 0.487656 0.868403 0.491069 0.852579 0.494481 0.836756 0.494874 0.834851 0.495210 0.833061 0.495436 0.831660 0.495519 0.830861 0.492888 0.825111 0.474074 0.821055 0.460548 0.883769
0 0.664954 0.682868 0.676836 0.697954 0.678879 0.700242 0.683026 0.699823 0.684056 0.699398 0.685429 0.698575 0.686934 0.697480 0.712310 0.677496 0.724997 0.667504 0.726394 0.666313 0.727458 0.665217 0.728027 0.664384 0.729748 0.660181 0.721735 0.650007 0.717729 0.644921 0.715241 0.643265
0 0.342420 0.769103 0.352168 0.785956 0.357659 0.785853 0.358410 0.785648 0.359667 0.785075 0.361238 0.784219 0.375251 0.776115 0.389263 0.768011 0.403275 0.759906 0.404909 0.758907 0.406343 0.757925 0.407357 0.757109 0.407798 0.756584 0.409396 0.750556 0.402972 0.739450 0.399759 0.733896 0.344223 0.766017
0 0.857068 0.281069 0.858249 0.284052 0.861794 0.292998 0.864158 0.298962 0.923803 0.275332 0.928713 0.272725 0.921541 0.254624 0.915057 0.253851 0.914546 0.253961 0.913393 0.254356 0.911774 0.254976 0.866627 0.272862 0.864803 0.273607 0.863065 0.274357 0.861681 0.274998 0.860861 0.275431 0.860726 0.275593
0 0.008611 0.250441 0.015368 0.253873 0.030485 0.259237 0.033514 0.255150 0.034386 0.253858 0.035126 0.252183 0.051255 0.206725 0.051754 0.204908 0.051943 0.203211 0.051941 0.198765 0.050912 0.198073 0.047796 0.195978 0.045695 0.194566 0.030366 0.189127
0 0.439703 0.596449 0.444994 0.600180 0.452932 0.605777 0.455578 0.607642 0.460484 0.606364 0.460643 0.606204 0.461204 0.605465 0.462080 0.604260 0.463139 0.602772 0.491058 0.563175 0.492128 0.561644 0.493039 0.560314 0.493651 0.559390 0.493871 0.559012 0.492972 0.554100 0.477278 0.543034 0.440393 0.595347
