0 0.605535 0.710076 0.605698 0.710847 0.606039 0.712194 0.606507 0.713912 0.607030 0.715742 0.607530 0.717408 0.607931 0.718658 0.608172 0.719300 0.609430 0.721851 0.612036 0.727134 0.617041 0.730766 0.620984 0.731922 0.622171 0.731899 0.623834 0.731641 0.625717 0.731188 0.627532 0.730609 0.629000 0.729993 0.629896 0.729434 0.636423 0.725356 0.631914 0.709204 0.625883 0.699639 0.607387 0.704802
0 0.850466 0.346635 0.853192 0.350776 0.853679 0.351508 0.854732 0.352463 0.856193 0.353498 0.883258 0.370853 0.896791 0.379530 0.898449 0.380495 0.900065 0.381251 0.901394 0.381684 0.902235 0.381727 0.904473 0.381265 0.909158 0.379892 0.919669 0.363502 0.865036 0.328471 0.860856 0.330433 0.857393 0.335833
0 0.778733 0.918076 0.779865 0.924873 0.779986 0.925163 0.789987 0.940349 0.790641 0.941233 0.791713 0.942547 0.793039 0.944092 0.794416 0.945629 0.795632 0.946924 0.796501 0.947777 0.796890 0.948058 0.803411 0.950475 0.808174 0.948143 0.809614 0.947392 0.811115 0.946217 0.812446 0.944799 0.818253 0.936886 0.803702 0.916911 0.792896 0.905108
0 0.097713 0.907712 0.102788 0.912681 0.104359 0.913727 0.106145 0.914547 0.115300 0.917491 0.132889 0.898403 0.140665 0.884417 0.123882 0.875085 0.117493 0.878215 0.117167 0.878393 0.112714 0.882793 0.108157 0.887297 0.103492 0.891909 0.102764 0.892778 0.101774 0.894185 0.100674 0.895913 0.099632 0.897700 0.098808 0.899270 0.098329 0.900381 0.098268 0.900865
0 0.476269 0.784338 0.494989 0.846479 0.513631 0.840861 0.515902 0.834820 0.515775 0.834026 0.515455 0.832650 0.514992 0.830903 0.514455 0.829049 0.505181 0.798264 0.500544 0.782872 0.500012 0.781178 0.499561 0.779889 0.499258 0.779199 0.494966 0.775529 0.491894 0.776454 0.482680 0.779230 0.476537 0.781081
0 0.878417 0.434396 0.894405 0.435080 0.913301 0.431970 0.915569 0.424201 0.915961 0.422516 0.916157 0.420576 0.916126 0.418679 0.915872 0.417118 0.914162 0.411866 0.908695 0.408567 0.908084 0.408415 0.906775 0.408274 0.904967 0.408167 0.902938 0.408110 0.901000 0.408112 0.899451 0.408172 0.898524 0.408281 0.893835 0.409360 0.889255 0.410414 0.884780 0.411444 0.879238 0.415211
0 0.878769 0.653061 0.878777 0.654192 0.878815 0.658135 0.896440 0.665756 0.901026 0.667673 0.926723 0.608241 0.908894 0.600532 0.904218 0.599383 0.901450 0.601754 0.900588 0.602599 0.899669 0.603956 0.898834 0.605619 0.886103 0.635062 0.879738 0.649784 0.879106 0.651514
0 0.644208 0.261180 0.659420 0.272899 0.698483 0.222191 0.700779 0.218980 0.687956 0.209101 0.685391 0.207126 0.679664 0.209179 0.679226 0.209684 0.678401 0.210711 0.677317 0.212104 0.647749 0.250485 0.646579 0.252020 0.645511 0.253449 0.644708 0.254556 0.644293 0.255171
0 0.715423 0.880245 0.717922 0.884648 0.769522 0.924011 0.781330 0.908529 0.779222 0.901495 0.778560 0.900742 0.777416 0.899659 0.775964 0.898411 0.774425 0.897188 0.761643 0.887437 0.748862 0.877687 0.736081 0.867937 0.734675 0.866914 0.733605 0.866238 0.733034 0.866012 0.727096 0.864941 0.719314 0.875143
0 0.335459 0.565591 0.350784 0.578631 0.357606 0.575036 0.367977 0.562849 0.364300 0.556274 0.363657 0.555535 0.362569 0.554482 0.361203 0.553274 0.359764 0.552094 0.358469 0.551121 0.357515 0.550500 0.357047 0.550329 0.353352 0.550405 0.347819 0.550929 0.342383 0.552748 0.341920 0.553111 0.341032 0.554000 0.339854 0.555282 0.338565 0.556760 0.337365 0.558207 0.336437 0.559400 0.335924 0.560158 0.335901 0.560365
0 0.804455 0.047133 0.810787 0.052384 0.848869 0.081991 0.855478 0.086801 0.865409 0.074396 0.870424 0.067518 0.819470 0.027903 0.813960 0.034396
0 0.078298 0.525739 0.078472 0.527287 0.080071 0.532344 0.099458 0.534122 0.104051 0.533732 0.109909 0.469844 0.103521 0.469258 0.090744 0.468086 0.085997 0.467716 0.084092 0.471131 0.083528 0.472145 0.083071 0.473693 0.082791 0.475537 0.081313 0.491656 0.078357 0.523895
0 0.327151 0.370629 0.329453 0.376094 0.335335 0.380368 0.335876 0.380698 0.336980 0.381323 0.338479 0.382147 0.340145 0.383045 0.341729 0.383881 0.342989 0.384531 0.343736 0.384894 0.343854 0.384915 0.349171 0.384080 0.353026 0.381922 0.353682 0.381132 0.354526 0.379843 0.355431 0.378250 0.356261 0.376594 0.356890 0.375123 0.357222 0.374062 0.358214 0.367140 0.351420 0.360774 0.336627 0.352877
0 0.398487 0.985181 0.461653 0.998440 0.464164 0.989547 0.466771 0.974484 0.403520 0.961207 0.401609 0.970298
0 0.077894 0.949773 0.087281 0.963007 0.094321 0.961412 0.095301 0.960848 0.096710 0.959895 0.136319 0.931799 0.137931 0.930610 0.139486 0.929376 0.140748 0.928286 0.141523 0.927507 0.141697 0.927155 0.145151 0.919624 0.135892 0.906572 0.083683 0.943604
0 0.402579 0.889131 0.418704 0.891260 0.422927 0.885472 0.422981 0.885327 0.423131 0.884453 0.423354 0.882985 0.423616 0.881147 0.423878 0.879218 0.425983 0.863278 0.430192 0.831398 0.430416 0.829655 0.430569 0.828348 0.430628 0.827677 0.428221 0.822267 0.412318 0.820167 0.411096 0.824631
0 0.464818 0.574288 0.467167 0.578039 0.467478 0.578244 0.468450 0.578622 0.469936 0.579115 0.471710 0.579649 0.502750 0.588584 0.518269 0.593051 0.520046 0.593539 0.521540 0.593904 0.522523 0.594089 0.522846 0.594066 0.527041 0.592199 0.527937 0.589088 0.532414 0.573532 0.532043 0.572693 0.470532 0.554987 0.470192 0.555622 0.468400 0.561844
0 0.908154 0.950248 0.913831 0.956510 0.914662 0.957117 0.915580 0.957723 0.917099 0.958241 0.918988 0.958591 0.920957 0.958718 0.953331 0.958821 0.969519 0.958872 0.971253 0.958757 0.978730 0.956716 0.978781 0.940492 0.972214 0.934450 0.908205 0.934246
0 0.352878 0.411503 0.365412 0.426401 0.366956 0.427247 0.416047 0.385942 0.415072 0.384617 0.402537 0.369720 0.398424 0.369926 0.398007 0.369991 0.397087 0.370521 0.395805 0.371438 0.394355 0.372600 0.357197 0.403865 0.355813 0.405087 0.354717 0.406172 0.354077 0.406954
0 0.568317 0.081520 0.616759 0.123359 0.629311 0.108826 0.630805 0.104305 0.629746 0.101120 0.629098 0.099986 0.628005 0.098659 0.626636 0.097342 0.589969 0.065672 0.588543 0.064575 0.587288 0.063875 0.581803 0.061981 0.573338 0.071782 0.569106 0.076682
0 0.161738 0.791902 0.181467 0.853730 0.200016 0.847810 0.203449 0.843826 0.204307 0.840889 0.204319 0.839511 0.204064 0.837766 0.203580 0.835920 0.188919 0.789975 0.188277 0.788292 0.187568 0.787016 0.183946 0.782707 0.180890 0.783682 0.171722 0.786608 0.165609 0.788559
0 0.437393 0.374818 0.437401 0.376007 0.437463 0.376539 0.441033 0.380652 0.444235 0.380844 0.453841 0.381419 0.460245 0.381802 0.464080 0.317761 0.463660 0.315649 0.444225 0.314486 0.440933 0.318570 0.440833 0.318698 0.440703 0.319544 0.440564 0.320980 0.440437 0.322788 0.438502 0.355105 0.437535 0.371263 0.437440 0.373152
0 0.600629 0.320511 0.608513 0.338021 0.613661 0.338947 0.614486 0.338699 0.615825 0.338178 0.617473 0.337464 0.632098 0.330879 0.661348 0.317709 0.663069 0.316905 0.664616 0.316127 0.665753 0.315492 0.666307 0.315097 0.668807 0.309562 0.667478 0.306610 0.660832 0.291850 0.601792 0.318434
0 0.904910 0.812828 0.910555 0.817189 0.926558 0.820094 0.928771 0.812974 0.929217 0.811227 0.937893 0.763440 0.938109 0.761542 0.938180 0.756081 0.932155 0.752560 0.916371 0.749695
0 0.234971 0.508797 0.235098 0.510648 0.240249 0.558936 0.240515 0.560767 0.240877 0.562287 0.241280 0.563261 0.243935 0.566773 0.263294 0.564708 0.266010 0.563966 0.259204 0.500172 0.256410 0.500175 0.237051 0.502240 0.235190 0.506173 0.235003 0.507226
0 0.035101 0.236089 0.035937 0.242708 0.036360 0.243887 0.037149 0.245439 0.053028 0.273652 0.060968 0.287758 0.061995 0.289434 0.063096 0.290963 0.064103 0.292113 0.064860 0.292709 0.071898 0.295019 0.083079 0.288725 0.088669 0.285578 0.057201 0.229669 0.052066 0.226538
0 0.521229 0.143675 0.524849 0.145586 0.525868 0.146002 0.527413 0.146295 0.529251 0.146421 0.561397 0.147013 0.577470 0.147308 0.579337 0.147250 0.580962 0.147015 0.582100 0.146640 0.585374 0.144855 0.586363 0.140743 0.586722 0.121276 0.521833 0.120082 0.521583 0.124430 0.521465 0.130845
0 0.644172 0.057247 0.644215 0.059136 0.644354 0.061088 0.648987 0.109092 0.649204 0.110828 0.649466 0.112095 0.649733 0.112704 0.652810 0.117643 0.671968 0.115792 0.673957 0.111340 0.667722 0.046741 0.648342 0.048613 0.644387 0.054754 0.644232 0.055708
0 0.326503 0.809532 0.338957 0.824498 0.388842 0.782985 0.390118 0.779746 0.379859 0.767416 0.377807 0.764951 0.372315 0.765789 0.371654 0.766161 0.370547 0.766963 0.369162 0.768074 0.332092 0.798923 0.330629 0.800182 0.329299 0.801408 0.328302 0.802416 0.327791 0.803051
0 0.397546 0.642644 0.402994 0.657969 0.408123 0.658741 0.409011 0.658567 0.410427 0.658159 0.412155 0.657578 0.457918 0.641309 0.459680 0.640649 0.461193 0.640016 0.462227 0.639507 0.462624 0.639199 0.464295 0.636176 0.464786 0.634304 0.459413 0.619189 0.398955 0.640683
0 0.061474 0.566521 0.062468 0.572475 0.062928 0.574301 0.079473 0.619964 0.080283 0.621642 0.083462 0.627206 0.097241 0.622411 0.106690 0.618764 0.084677 0.558013 0.070660 0.562308 0.067578 0.563721 0.062993 0.565824
0 0.247099 0.781749 0.247153 0.783513 0.247374 0.785419 0.249878 0.801374 0.254886 0.833283 0.255238 0.835027 0.255664 0.836327 0.258972 0.841516 0.262171 0.841014 0.278163 0.838504 0.280697 0.834635 0.270772 0.771400 0.251801 0.774378 0.248933 0.777550 0.247496 0.779665 0.247219 0.780398
0 0.563631 0.933767 0.564367 0.938790 0.570173 0.957376 0.632120 0.938024 0.630607 0.933009 0.625825 0.917699 0.624868 0.914637 0.619839 0.914125 0.618256 0.914282 0.616464 0.914724 0.585775 0.924311 0.570430 0.929105 0.568687 0.929768 0.567243 0.930556 0.566318 0.931350
0 0.762042 0.743381 0.762807 0.746847 0.765847 0.749702 0.768875 0.750847 0.777959 0.754282 0.784015 0.756572 0.806918 0.696009 0.803408 0.693768 0.785447 0.686976 0.782249 0.689945 0.781564 0.690710 0.780802 0.692028 0.780077 0.693700 0.774404 0.708702 0.768731 0.723704 0.763058 0.738707 0.762475 0.740492 0.762118 0.742133
0 0.833303 0.791823 0.847079 0.854482 0.851105 0.858589 0.870119 0.854408 0.871244 0.847945 0.871185 0.846668 0.870884 0.844945 0.867409 0.829135 0.860457 0.797515 0.859963 0.795622 0.859354 0.793863 0.858725 0.792507 0.858171 0.791761 0.852100 0.787689 0.848967 0.788378
0 0.220240 0.378630 0.220284 0.379483 0.220609 0.380873 0.221168 0.382589 0.237703 0.428249 0.238405 0.430015 0.239138 0.431547 0.239789 0.432612 0.240259 0.433047 0.243099 0.434537 0.246045 0.435286 0.264141 0.428732 0.242296 0.368410 0.239306 0.366886 0.221001 0.373516
