0 0.650219 0.557579 0.650544 0.559971 0.652188 0.572046 0.716772 0.569624 0.718159 0.558874 0.715537 0.544414 0.706773 0.544352 0.674632 0.545557 0.658562 0.546160 0.651041 0.546833
0 0.864965 0.636350 0.868670 0.641304 0.869225 0.641545 0.870396 0.642037 0.872005 0.642705 0.886863 0.648847 0.916581 0.661130 0.918397 0.661878 0.920157 0.662597 0.921596 0.663179 0.922494 0.663536 0.922713 0.663612 0.930179 0.663102 0.936392 0.648071 0.876266 0.623219 0.871093 0.621525
0 0.820811 0.495519 0.827484 0.510106 0.833647 0.511757 0.834425 0.511619 0.835757 0.511194 0.837442 0.510547 0.839222 0.509777 0.868666 0.496307 0.883388 0.489572 0.884977 0.488802 0.886119 0.488155 0.886641 0.487732 0.891212 0.483182 0.884446 0.468392 0.879160 0.468826
0 0.284795 0.228062 0.298457 0.291354 0.300762 0.293738 0.319532 0.289687 0.321316 0.284535 0.321296 0.283755 0.321099 0.282390 0.320758 0.280647 0.313990 0.249291 0.310605 0.233613 0.310167 0.231743 0.309696 0.230015 0.309263 0.228692 0.308933 0.227975 0.303782 0.223963
0 0.458275 0.416835 0.460752 0.421090 0.465659 0.429517 0.471065 0.438617 0.478203 0.434934 0.505933 0.418639 0.519798 0.410491 0.526710 0.405917 0.519858 0.392900 0.513996 0.384091
0 0.725403 0.451277 0.729373 0.515163 0.732563 0.515374 0.748757 0.514368 0.750652 0.510511 0.750869 0.509473 0.750960 0.507908 0.750911 0.506056 0.749907 0.489899 0.748903 0.473743 0.747898 0.457587 0.747718 0.455744 0.747434 0.454206 0.747091 0.453209 0.744731 0.449593 0.728537 0.450600
0 0.409122 0.561050 0.410641 0.565662 0.413661 0.566828 0.428762 0.572658 0.429575 0.571826 0.452627 0.512113 0.434713 0.505197 0.433960 0.505258 0.429989 0.506998 0.429764 0.507351 0.429307 0.508338 0.428688 0.509810 0.428002 0.511542 0.416369 0.541675 0.410553 0.556741 0.409909 0.558456 0.409411 0.559877 0.409135 0.560787
0 0.561626 0.759565 0.562215 0.765747 0.563679 0.772001 0.564438 0.775240 0.564816 0.775863 0.565719 0.776888 0.567010 0.778158 0.568491 0.779478 0.569935 0.780646 0.571119 0.781482 0.571864 0.781859 0.577350 0.782867 0.581948 0.780898 0.582747 0.780397 0.583866 0.779375 0.585134 0.777988 0.586355 0.776450 0.587342 0.774996 0.587944 0.773850 0.590390 0.767540 0.586257 0.755308 0.574069 0.744939
0 0.054536 0.271319 0.056866 0.277360 0.060362 0.286421 0.061528 0.289441 0.066540 0.291849 0.068282 0.292684 0.069194 0.292825 0.070649 0.292681 0.072426 0.292273 0.074255 0.291665 0.119147 0.274344 0.120765 0.273622 0.121940 0.272890 0.126258 0.268807 0.119346 0.250892 0.114944 0.248010
0 0.386442 0.324330 0.387318 0.330032 0.387746 0.330494 0.388664 0.331362 0.389934 0.332503 0.391362 0.333743 0.427932 0.365015 0.429313 0.366177 0.430447 0.367092 0.431164 0.367623 0.431353 0.367687 0.436387 0.367940 0.448867 0.353345 0.448277 0.351649 0.399067 0.309567
0 0.934203 0.386331 0.951607 0.394445 0.956830 0.393225 0.984188 0.334539 0.966583 0.326332 0.959441 0.328802 0.958680 0.329360 0.957726 0.330497 0.956726 0.332039 0.955828 0.333751 0.949051 0.348288 0.935498 0.377362 0.934833 0.379000 0.934498 0.380326
0 0.699234 0.683535 0.702011 0.686093 0.716789 0.692888 0.720451 0.688922 0.721275 0.687632 0.722110 0.685993 0.728873 0.671284 0.742398 0.641865 0.743111 0.640139 0.743585 0.638604 0.743751 0.637493 0.743966 0.633776 0.742838 0.633157 0.741165 0.632240 0.740612 0.631937 0.726037 0.625236
0 0.205678 0.602861 0.210003 0.612808 0.221112 0.622862 0.228617 0.617812 0.241504 0.608192 0.267276 0.588951 0.272830 0.584250 0.268031 0.574633 0.261011 0.567698 0.257467 0.564197
0 0.838333 0.323026 0.843383 0.386983 0.859372 0.385721 0.862569 0.385468 0.866775 0.384141 0.868282 0.380797 0.868613 0.379615 0.868767 0.377954 0.868718 0.376069 0.867444 0.359932 0.864895 0.327658 0.864653 0.325852 0.864254 0.324413 0.861666 0.319443 0.842258 0.320975
0 0.831258 0.765498 0.836388 0.771222 0.849442 0.783714 0.895296 0.738169 0.890607 0.732113 0.877050 0.720015 0.871351 0.723630 0.869931 0.724792 0.858521 0.736125 0.847111 0.747458 0.835702 0.758791 0.834509 0.760224
0 0.797356 0.388022 0.805805 0.451628 0.821707 0.449515 0.824683 0.449048 0.826192 0.448811 0.826947 0.444059 0.826985 0.442455 0.826827 0.440597 0.822563 0.408500 0.820431 0.392452 0.820102 0.390638 0.819654 0.389160 0.817624 0.384318 0.801501 0.386460
0 0.780233 0.720723 0.792291 0.735669 0.795669 0.738392 0.799304 0.737746 0.800456 0.737354 0.801904 0.736545 0.803427 0.735443 0.815996 0.725303 0.828566 0.715162 0.841135 0.705021 0.842488 0.703803 0.843453 0.702665 0.846063 0.697736 0.844030 0.695216 0.833865 0.682617 0.830050 0.680531
0 0.865125 0.270465 0.913383 0.312753 0.919146 0.310143 0.929866 0.297910 0.925209 0.292354 0.923923 0.291075 0.899571 0.269735 0.887395 0.259065 0.885895 0.257904 0.884421 0.257048 0.880935 0.255032 0.875697 0.258400
0 0.165143 0.935147 0.168899 0.938846 0.170061 0.939877 0.171638 0.940819 0.200638 0.955212 0.215137 0.962408 0.216877 0.963112 0.218499 0.963463 0.223276 0.963999 0.226448 0.958679 0.232152 0.947187 0.235003 0.941441 0.177536 0.912919 0.173797 0.917708
0 0.077338 0.078833 0.082179 0.083662 0.141232 0.108735 0.143740 0.102831 0.148755 0.091021 0.145103 0.084247 0.144293 0.083552 0.142926 0.082672 0.141208 0.081743 0.139402 0.080906 0.124503 0.074579 0.094703 0.061927 0.093100 0.061316 0.091957 0.061031 0.084949 0.060913
0 0.895420 0.048596 0.959176 0.054290 0.965561 0.048091 0.967005 0.031931 0.959881 0.029358 0.958151 0.029069 0.909782 0.024749 0.907823 0.024709 0.905949 0.024926 0.904447 0.025366 0.902362 0.026158 0.901432 0.027253 0.898666 0.030510 0.896844 0.032657
0 0.365822 0.125627 0.366018 0.145097 0.367553 0.149159 0.370590 0.150993 0.371781 0.151372 0.373442 0.151617 0.375320 0.151690 0.391395 0.151529 0.423545 0.151207 0.425371 0.151097 0.426881 0.150821 0.427847 0.150420 0.431705 0.148517 0.431673 0.145309 0.431577 0.135686 0.431512 0.129270 0.430719 0.124978
0 0.051092 0.536743 0.053338 0.552852 0.059480 0.552126 0.123030 0.543263 0.120814 0.527375 0.115132 0.524801 0.114987 0.524783 0.114112 0.524867 0.112636 0.525040 0.110785 0.525276 0.108841 0.525540 0.060738 0.532248 0.059014 0.532497 0.057786 0.532690 0.057242 0.532798
0 0.254726 0.673220 0.255876 0.677286 0.256313 0.678259 0.257197 0.679552 0.258391 0.680967 0.269352 0.692879 0.291274 0.716702 0.292587 0.718012 0.293808 0.719006 0.294751 0.719533 0.298671 0.720977 0.310610 0.709990 0.313208 0.707110 0.269865 0.660008 0.266665 0.662233
0 0.242069 0.347774 0.242123 0.348966 0.243521 0.352579 0.246451 0.354263 0.265167 0.358561 0.279492 0.296175 0.276943 0.293819 0.261167 0.290196 0.258011 0.289472 0.254942 0.293139 0.254433 0.293929 0.253897 0.295306 0.253417 0.297059 0.242574 0.344280 0.242227 0.346128
0 0.370949 0.742909 0.381601 0.755098 0.383731 0.757535 0.389205 0.756610 0.389870 0.756207 0.390971 0.755365 0.392338 0.754212 0.404499 0.743585 0.428820 0.722330 0.430235 0.721052 0.431469 0.719853 0.432335 0.718917 0.432701 0.718386 0.433259 0.712472 0.420623 0.698013 0.372425 0.740133
0 0.054768 0.400476 0.054829 0.401925 0.055179 0.403698 0.063315 0.435034 0.067384 0.450701 0.067965 0.452513 0.068685 0.454072 0.069433 0.455140 0.071561 0.457624 0.072551 0.457722 0.077437 0.458205 0.092926 0.454183 0.076839 0.392229 0.070954 0.390730 0.055250 0.394807
0 0.017790 0.364683 0.018150 0.374009 0.028169 0.388040 0.035533 0.386002 0.037246 0.385501 0.052074 0.379277 0.081730 0.366828 0.083412 0.365903 0.087681 0.363059 0.086753 0.353912 0.085204 0.351557 0.080525 0.344446 0.077381 0.339668
0 0.205253 0.201220 0.207657 0.213945 0.208859 0.220307 0.212187 0.223503 0.275083 0.211621 0.271519 0.192752 0.268877 0.189201 0.265738 0.187880 0.264444 0.187725 0.262723 0.187782 0.260839 0.188044 0.213231 0.197037 0.211485 0.197461 0.210158 0.197979
0 0.861692 0.703741 0.861776 0.705641 0.862037 0.707361 0.862436 0.708641 0.863190 0.710831 0.868241 0.713763 0.884465 0.713862 0.884864 0.648964 0.879585 0.646921 0.863583 0.646823 0.862375 0.652259 0.862095 0.653710 0.861988 0.655515
0 0.246519 0.482343 0.246672 0.483277 0.247135 0.484694 0.247840 0.486376 0.254557 0.501063 0.267993 0.530436 0.268825 0.532113 0.269651 0.533517 0.270345 0.534433 0.270801 0.534722 0.273951 0.536435 0.276533 0.536020 0.293996 0.528032 0.267372 0.469823 0.264684 0.469474 0.258795 0.472167 0.247019 0.477553
