0 0.237771 0.463797 0.253539 0.467788 0.254679 0.467937 0.256928 0.468230 0.259855 0.465400 0.260381 0.464424 0.260944 0.462933 0.261459 0.461153 0.265404 0.445567 0.269349 0.429980 0.273294 0.414393 0.273688 0.412581 0.273903 0.410997 0.273907 0.409882 0.272672 0.406027 0.272150 0.405811 0.269502 0.404717 0.253735 0.400726
0 0.232810 0.675542 0.232980 0.679621 0.233235 0.680714 0.233864 0.682184 0.234773 0.683807 0.251820 0.711242 0.260344 0.724959 0.261386 0.726474 0.262393 0.727638 0.263212 0.728274 0.266984 0.730538 0.283483 0.720286 0.285956 0.717769 0.252173 0.663401 0.235862 0.673536
0 0.100834 0.454222 0.162323 0.474125 0.168558 0.463382 0.169793 0.461254 0.170519 0.450248 0.164038 0.447734 0.133438 0.437829 0.118138 0.432877 0.109113 0.430372 0.100991 0.443051
0 0.670587 0.500416 0.672018 0.507905 0.672356 0.508796 0.673020 0.510135 0.673909 0.511719 0.674888 0.513310 0.675811 0.514666 0.676538 0.515584 0.676958 0.515921 0.680328 0.516964 0.685873 0.518376 0.690247 0.518809 0.692513 0.519033 0.693104 0.518866 0.694265 0.518336 0.695819 0.517525 0.697528 0.516555 0.699129 0.515577 0.700375 0.514740 0.701079 0.514172 0.703419 0.509271 0.693211 0.491929 0.684377 0.492298
0 0.057186 0.846907 0.075177 0.854350 0.080047 0.850292 0.104566 0.791006 0.089746 0.784875 0.086782 0.783649 0.079999 0.786954 0.079302 0.787674 0.078426 0.788969 0.077507 0.790642 0.076685 0.792436 0.064312 0.822353 0.058126 0.837311 0.057532 0.838939 0.057264 0.840139
0 0.815909 0.208963 0.821151 0.211943 0.822465 0.212342 0.824214 0.212635 0.872106 0.218313 0.874036 0.218457 0.875871 0.218431 0.877333 0.218239 0.878197 0.217910 0.884017 0.213236 0.886311 0.193900 0.821863 0.186259 0.818176 0.189849 0.817420 0.196221
0 0.596778 0.429156 0.596885 0.429531 0.597446 0.430411 0.598374 0.431662 0.599528 0.433093 0.600734 0.434490 0.601810 0.435641 0.602594 0.436372 0.602965 0.436570 0.607037 0.437211 0.612186 0.437260 0.616194 0.435019 0.616645 0.434686 0.617615 0.433913 0.618957 0.432819 0.620464 0.431570 0.621905 0.430359 0.623059 0.429371 0.623750 0.428757 0.623873 0.428611 0.627616 0.421311 0.616873 0.408435 0.611530 0.412622 0.596785 0.424924
0 0.631747 0.239032 0.644994 0.252934 0.691333 0.208777 0.693546 0.205411 0.689080 0.200723 0.682380 0.193692 0.680146 0.191348 0.674385 0.192714 0.673821 0.193093 0.672814 0.193947 0.671517 0.195146 0.636442 0.228569 0.635064 0.229919 0.633826 0.231205 0.632917 0.232229 0.632476 0.232836
0 0.911967 0.587008 0.913722 0.592341 0.913970 0.593004 0.914723 0.594079 0.915868 0.595404 0.926777 0.607161 0.948596 0.630675 0.949967 0.632060 0.951365 0.633303 0.952581 0.634218 0.953428 0.634665 0.960773 0.635476 0.970266 0.626668 0.975012 0.622263 0.930970 0.574800 0.926042 0.573946
0 0.110365 0.627430 0.111774 0.639907 0.175393 0.650780 0.179934 0.638563 0.179194 0.626177 0.115488 0.615288
0 0.255835 0.553421 0.260713 0.617986 0.276855 0.616767 0.280083 0.616523 0.282598 0.615191 0.284515 0.612385 0.284772 0.611871 0.284934 0.610705 0.284976 0.609066 0.284894 0.607201 0.282477 0.575214 0.281268 0.559221 0.281072 0.557400 0.280791 0.555885 0.280467 0.554905 0.277775 0.551363 0.258627 0.552810
0 0.836703 0.363487 0.836895 0.364363 0.838126 0.369071 0.857026 0.372470 0.861155 0.370995 0.872613 0.307268 0.853495 0.303830 0.849453 0.306072 0.847527 0.307521 0.847004 0.308136 0.846431 0.309377 0.845897 0.311056 0.845481 0.312918 0.842642 0.328704 0.836966 0.360275 0.836728 0.362052
0 0.118365 0.523281 0.170993 0.561000 0.174755 0.560302 0.185941 0.544694 0.183630 0.540030 0.183135 0.539377 0.182102 0.538438 0.180688 0.537355 0.167652 0.528011 0.141579 0.509325 0.139988 0.508254 0.138449 0.507350 0.137196 0.506750 0.136418 0.506545 0.129680 0.507493
0 0.421372 0.521662 0.425997 0.537214 0.488203 0.518710 0.488365 0.518453 0.483803 0.503115 0.479660 0.500968 0.479279 0.501074 0.478248 0.501375 0.476722 0.501826 0.474934 0.502356 0.428388 0.516201 0.426626 0.516727 0.425173 0.517163 0.424250 0.517443 0.423997 0.517525
0 0.768904 0.703321 0.768998 0.705035 0.769228 0.706310 0.769559 0.706951 0.771199 0.709197 0.774338 0.711621 0.793764 0.712944 0.798172 0.648195 0.794760 0.646497 0.788359 0.646061 0.775557 0.645190 0.773117 0.649182 0.772741 0.650059 0.772431 0.651509 0.772234 0.653310 0.771142 0.669349 0.768959 0.701426
0 0.726622 0.412182 0.769223 0.460152 0.772346 0.459687 0.786903 0.446759 0.785803 0.442026 0.785426 0.441174 0.784595 0.439952 0.783436 0.438547 0.751190 0.402237 0.749890 0.400873 0.748657 0.399771 0.747680 0.399099 0.747107 0.398957 0.743808 0.398233 0.741012 0.399402 0.738613 0.401532 0.731418 0.407922
0 0.674715 0.975812 0.676733 0.981312 0.694322 0.989557 0.698753 0.985182 0.699569 0.984123 0.700409 0.982572 0.707263 0.967949 0.720970 0.938702 0.721699 0.936908 0.722199 0.935158 0.722395 0.933722 0.722258 0.932817 0.721801 0.930927 0.719267 0.926002 0.701879 0.917853
0 0.215882 0.283655 0.254651 0.335515 0.257456 0.337394 0.272836 0.325896 0.272422 0.320213 0.272051 0.319577 0.271286 0.318461 0.270244 0.317034 0.241434 0.278495 0.240263 0.276962 0.239134 0.275544 0.238217 0.274456 0.237651 0.273864 0.231440 0.272024 0.228847 0.273962
0 0.140758 0.723990 0.145964 0.739399 0.207601 0.718575 0.211621 0.715570 0.206487 0.700373 0.200753 0.699357 0.200096 0.699469 0.198837 0.699821 0.197167 0.700360 0.151471 0.715798 0.149630 0.716446 0.147884 0.717109 0.146497 0.717687 0.145680 0.718093
0 0.123156 0.938024 0.185354 0.956554 0.188958 0.951327 0.193538 0.935955 0.194454 0.932880 0.189980 0.929711 0.188712 0.928944 0.187025 0.928304 0.171618 0.923714 0.140805 0.914535 0.138941 0.914116 0.137171 0.913978 0.135760 0.914142 0.132969 0.914563 0.128716 0.919363
0 0.199649 0.163252 0.205583 0.178396 0.206944 0.179883 0.209631 0.182818 0.212862 0.183102 0.214158 0.183075 0.215829 0.182741 0.217622 0.182151 0.232592 0.176286 0.247562 0.170421 0.262532 0.164556 0.264189 0.163794 0.265471 0.162971 0.269374 0.159411 0.263523 0.144476 0.260226 0.139519
0 0.851065 0.561959 0.852943 0.567171 0.853318 0.567803 0.854203 0.568809 0.855466 0.570038 0.879079 0.591750 0.890886 0.602606 0.892344 0.603880 0.893787 0.605015 0.894996 0.605839 0.895788 0.606228 0.902788 0.606500 0.911553 0.596968 0.915935 0.592202 0.868273 0.548375 0.864062 0.547823
0 0.509167 0.364976 0.565314 0.396017 0.566073 0.394808 0.575493 0.377770 0.573892 0.373915 0.573667 0.373569 0.572830 0.372917 0.571506 0.372060 0.569899 0.371127 0.541566 0.355463 0.527399 0.347631 0.525766 0.346772 0.524369 0.346126 0.523422 0.345791 0.523069 0.345817 0.518695 0.346369 0.509275 0.363408
0 0.688847 0.444433 0.709344 0.505227 0.711773 0.505286 0.730222 0.499066 0.731300 0.494564 0.731224 0.493561 0.730895 0.492063 0.730363 0.490300 0.720020 0.459622 0.714848 0.444283 0.714198 0.442537 0.713534 0.441089 0.712958 0.440160 0.709489 0.437568 0.707085 0.438285 0.704045 0.439309
0 0.357203 0.137381 0.358835 0.141537 0.385715 0.199790 0.400278 0.193071 0.403191 0.191727 0.404396 0.185585 0.404115 0.184833 0.403567 0.183524 0.402835 0.181856 0.402031 0.180084 0.381685 0.135990 0.380937 0.134399 0.380367 0.133245 0.380061 0.132703 0.374881 0.129224
0 0.897632 0.782712 0.901208 0.795036 0.902996 0.801197 0.907665 0.804684 0.969994 0.786602 0.964568 0.767902 0.957838 0.763967 0.956880 0.763722 0.955364 0.763719 0.953521 0.763958 0.951630 0.764403 0.905312 0.777840 0.903645 0.778427 0.902443 0.779071
0 0.740274 0.378788 0.741297 0.381828 0.746414 0.397029 0.807219 0.376566 0.810778 0.375131 0.804567 0.356679 0.798707 0.355212 0.798046 0.355385 0.796778 0.355778 0.795095 0.356333 0.764411 0.366659 0.749069 0.371822 0.747243 0.372448 0.745565 0.373046 0.744294 0.373524 0.743622 0.373810
0 0.404719 0.751783 0.405249 0.755149 0.405394 0.755761 0.406070 0.756809 0.407174 0.758134 0.408537 0.759531 0.409950 0.760787 0.411195 0.761708 0.412083 0.762155 0.416841 0.763371 0.422206 0.761779 0.422867 0.761298 0.423931 0.760324 0.425238 0.759007 0.426585 0.757548 0.427766 0.756173 0.428600 0.755091 0.428960 0.754467 0.430746 0.748825 0.433912 0.737448 0.422345 0.726391 0.409075 0.740272
0 0.612094 0.105875 0.613661 0.125059 0.618933 0.126851 0.620404 0.127002 0.622212 0.126949 0.670279 0.123022 0.672163 0.122773 0.673853 0.122364 0.675092 0.121856 0.677604 0.119835 0.679662 0.115433 0.678078 0.096027 0.613394 0.101311
0 0.467345 0.854090 0.467498 0.854901 0.468023 0.856243 0.468841 0.857912 0.469827 0.859653 0.470830 0.861197 0.471695 0.862308 0.478703 0.868819 0.493048 0.860135 0.493366 0.843669 0.483421 0.827242 0.478515 0.827622 0.477646 0.827798 0.476327 0.828362 0.474758 0.829229 0.473176 0.830269 0.471819 0.831325 0.470893 0.832237 0.470541 0.832865 0.469732 0.835529 0.468471 0.841879 0.467729 0.849924
0 0.057785 0.743910 0.061883 0.748254 0.062962 0.749145 0.064509 0.750042 0.078987 0.757281 0.107944 0.771759 0.109709 0.772518 0.111410 0.773017 0.112786 0.773180 0.115832 0.772934 0.120235 0.769803 0.121670 0.766935 0.125973 0.758328 0.128841 0.752590 0.071458 0.723899 0.066490 0.726497
0 0.609681 0.846708 0.610948 0.850718 0.649602 0.902663 0.654797 0.898798 0.665186 0.891068 0.665060 0.884195 0.664623 0.883395 0.663816 0.882129 0.662762 0.880591 0.661620 0.879015 0.652045 0.866147 0.632895 0.840412 0.631830 0.839024 0.630996 0.838023 0.630518 0.837562 0.625087 0.835245
0 0.380883 0.328120 0.395670 0.331710 0.405925 0.331905 0.407589 0.324538 0.409863 0.308618 0.412136 0.292698 0.414409 0.276778 0.415049 0.268011 0.400327 0.263772 0.390019 0.264139
0 0.645675 0.327993 0.649431 0.331096 0.650302 0.331422 0.651741 0.331752 0.653531 0.332038 0.669468 0.334141 0.701344 0.338347 0.703227 0.338546 0.704931 0.338631 0.706199 0.338588 0.706837 0.338423 0.711704 0.334495 0.714252 0.315192 0.649910 0.306701 0.648193 0.308911 0.646094 0.324813
