0 0.936988 0.690786 0.947631 0.706769 0.969078 0.716676 0.983036 0.707382 0.979639 0.698031 0.979110 0.696830 0.978176 0.695285 0.976981 0.693633 0.975710 0.692129 0.974556 0.691003 0.973696 0.690425 0.968123 0.688184 0.957360 0.683858 0.950308 0.681917 0.947425 0.681863 0.946057 0.682239 0.944425 0.682968 0.942776 0.683941 0.941359 0.685010 0.940387 0.686014
0 0.585744 0.399500 0.588300 0.405385 0.593414 0.417153 0.598278 0.418536 0.598485 0.418496 0.599335 0.418170 0.600696 0.417607 0.602362 0.416893 0.617106 0.410486 0.646594 0.397672 0.648325 0.396910 0.649873 0.396209 0.651002 0.395675 0.651539 0.395391 0.654020 0.390331 0.646261 0.372474 0.586739 0.398339
0 0.374238 0.092878 0.374282 0.094183 0.374415 0.095986 0.374616 0.098009 0.374855 0.099941 0.375095 0.101487 0.375299 0.102411 0.376766 0.107089 0.379600 0.116123 0.383755 0.121226 0.387106 0.122642 0.388273 0.122972 0.389911 0.123117 0.391775 0.123055 0.393581 0.122796 0.395058 0.122379 0.399696 0.119832 0.398024 0.100702 0.393138 0.081572 0.376433 0.083032 0.374289 0.092269
0 0.278365 0.422286 0.287687 0.439379 0.290121 0.440077 0.346445 0.409360 0.343374 0.403727 0.337230 0.392463 0.335342 0.391213 0.331818 0.390377 0.331271 0.390408 0.330158 0.390788 0.328648 0.391459 0.326971 0.392320 0.298548 0.407821 0.284337 0.415572 0.282763 0.416483 0.281545 0.417300 0.280868 0.417896
0 0.421251 0.638457 0.437200 0.641437 0.441325 0.638044 0.441471 0.637500 0.441728 0.636317 0.442059 0.634677 0.442413 0.632828 0.451272 0.585421 0.451599 0.583629 0.451850 0.582152 0.451989 0.581214 0.451993 0.580959 0.449819 0.576578 0.434089 0.573638 0.433172 0.574662
0 0.292496 0.491695 0.303594 0.507692 0.309329 0.508624 0.309883 0.508403 0.310955 0.507796 0.312382 0.506898 0.313948 0.505844 0.327157 0.496682 0.340366 0.487519 0.353574 0.478356 0.355053 0.477298 0.356232 0.476389 0.356932 0.475766 0.357045 0.475524 0.358556 0.471034 0.356728 0.468398 0.347585 0.455219 0.345821 0.454704
0 0.791880 0.124650 0.817955 0.183268 0.823817 0.180661 0.835540 0.175447 0.839432 0.171684 0.839595 0.168460 0.839550 0.167126 0.839165 0.165437 0.838499 0.163650 0.818762 0.119280 0.817923 0.117683 0.817044 0.116533 0.813055 0.112387 0.795267 0.120299
0 0.028067 0.446585 0.084175 0.479202 0.088937 0.479443 0.092162 0.473897 0.096999 0.465577 0.098611 0.462804 0.095450 0.457874 0.094997 0.457396 0.093947 0.456641 0.092458 0.455725 0.050764 0.431487 0.049050 0.430542 0.047359 0.429702 0.045946 0.429097 0.045027 0.428817 0.037854 0.429753
0 0.541264 0.537110 0.552202 0.552893 0.552805 0.553503 0.557096 0.554174 0.557473 0.554036 0.558400 0.553498 0.559735 0.552643 0.561275 0.551601 0.587822 0.533202 0.601096 0.524002 0.602593 0.522940 0.603807 0.522029 0.604552 0.521407 0.604716 0.521170 0.606022 0.516620 0.604178 0.513959 0.598646 0.505977 0.594957 0.500655 0.593873 0.500649
0 0.821372 0.613484 0.826285 0.618473 0.838541 0.628885 0.850797 0.639297 0.863053 0.649708 0.870561 0.655270 0.883251 0.646081 0.887356 0.636300 0.838101 0.594457 0.834023 0.597679 0.825946 0.604063
0 0.877730 0.802449 0.882277 0.806997 0.906102 0.828603 0.918015 0.839406 0.925540 0.845806 0.939107 0.838769 0.943023 0.827631 0.895148 0.784215 0.890775 0.786731 0.884268 0.790475 0.882113 0.791715
0 0.764584 0.708837 0.801550 0.761283 0.805754 0.764926 0.819049 0.755555 0.817461 0.749026 0.817212 0.748446 0.816543 0.747345 0.815556 0.745891 0.806229 0.732658 0.787575 0.706192 0.786428 0.704619 0.785306 0.703179 0.784381 0.702092 0.783792 0.701524 0.777696 0.699595
0 0.365769 0.400229 0.369950 0.403255 0.376172 0.407758 0.378233 0.409249 0.386334 0.415068 0.391593 0.408958 0.410410 0.382874 0.419818 0.369832 0.424094 0.362725 0.411972 0.353178 0.403580 0.347815
0 0.046526 0.419357 0.064231 0.427461 0.069220 0.428290 0.071919 0.426134 0.072833 0.425265 0.073803 0.423897 0.074683 0.422239 0.088065 0.393005 0.094756 0.378388 0.095418 0.376677 0.095768 0.375161 0.095922 0.369955 0.078420 0.361944 0.073538 0.360346
0 0.275622 0.860084 0.275778 0.861896 0.276104 0.863810 0.279452 0.879647 0.286148 0.911321 0.286589 0.913030 0.287075 0.914260 0.290703 0.919499 0.309751 0.915473 0.311934 0.910712 0.298664 0.847944 0.279834 0.851924 0.275878 0.857817 0.275657 0.858652
0 0.112188 0.402589 0.114590 0.418597 0.115071 0.421799 0.120974 0.425153 0.121837 0.425198 0.123291 0.425126 0.125116 0.424950 0.127035 0.424697 0.158758 0.419935 0.174619 0.417554 0.176355 0.417259 0.177659 0.416965 0.178333 0.416717 0.182771 0.413192 0.179920 0.394202 0.176219 0.392977
0 0.537961 0.854104 0.538402 0.858222 0.539316 0.866753 0.539566 0.867582 0.540170 0.868941 0.541036 0.870625 0.542033 0.872374 0.543007 0.873921 0.543809 0.875026 0.544315 0.875523 0.549496 0.878633 0.566766 0.868305 0.563713 0.851466 0.555500 0.837732 0.547313 0.840112 0.545937 0.840660 0.544345 0.841516 0.542776 0.842550 0.541467 0.843608 0.540616 0.844528 0.539019 0.847588
0 0.868975 0.327991 0.931158 0.343779 0.936156 0.341965 0.940946 0.323094 0.935813 0.319207 0.934614 0.318684 0.932927 0.318178 0.901548 0.310211 0.885859 0.306228 0.883956 0.305822 0.882142 0.305581 0.880695 0.305541 0.879834 0.305708 0.873710 0.309337
0 0.487691 0.548124 0.487831 0.548522 0.488260 0.549530 0.488915 0.550996 0.489696 0.552695 0.503342 0.582053 0.510165 0.596732 0.510945 0.598391 0.511600 0.599744 0.512030 0.600585 0.512169 0.600786 0.516550 0.602945 0.531264 0.596106 0.530835 0.594788 0.503854 0.536743 0.489343 0.543488
0 0.284777 0.619020 0.284944 0.620650 0.285276 0.622499 0.288661 0.638328 0.295433 0.669987 0.295875 0.671759 0.296358 0.673168 0.296807 0.674001 0.300026 0.677593 0.319064 0.673521 0.321141 0.671532 0.307723 0.608795 0.301449 0.610137 0.288902 0.612821 0.286452 0.614129 0.285007 0.617343 0.284799 0.617859
0 0.730512 0.165887 0.733328 0.197929 0.734736 0.213950 0.735104 0.215821 0.736514 0.221001 0.745472 0.222363 0.761863 0.218493 0.756205 0.154124 0.747253 0.152171 0.741755 0.153691 0.730863 0.156703 0.730557 0.164090
0 0.244617 0.400847 0.266601 0.461750 0.269270 0.462187 0.287332 0.455667 0.288387 0.450943 0.288269 0.450015 0.287897 0.448584 0.287327 0.446865 0.281882 0.431779 0.276436 0.416693 0.270990 0.401607 0.270305 0.399848 0.269603 0.398304 0.268991 0.397207 0.268561 0.396726 0.262887 0.394252 0.259842 0.395351
0 0.399065 0.465109 0.401649 0.469596 0.401860 0.469695 0.402724 0.470058 0.404110 0.470630 0.405806 0.471324 0.450781 0.489658 0.452515 0.490362 0.454008 0.490963 0.455033 0.491370 0.455433 0.491520 0.459871 0.489809 0.465926 0.474955 0.465451 0.474606 0.405205 0.450047
0 0.209120 0.917109 0.216783 0.935009 0.276443 0.909462 0.279005 0.904775 0.272693 0.890030 0.271430 0.887080 0.265069 0.887040 0.263806 0.887367 0.262171 0.887992 0.232615 0.900648 0.217838 0.906976 0.216066 0.907809 0.214414 0.908730 0.213131 0.909600 0.212413 0.910287
0 0.580010 0.784236 0.580935 0.787521 0.584042 0.789798 0.585185 0.790161 0.586820 0.790434 0.588695 0.790577 0.620975 0.791735 0.637114 0.792313 0.638931 0.792303 0.640396 0.792140 0.641286 0.791850 0.645643 0.789841 0.645759 0.786606 0.646339 0.770429 0.644666 0.767339 0.580698 0.765046
0 0.846590 0.281927 0.863106 0.291723 0.867306 0.289315 0.900335 0.233624 0.886413 0.225366 0.883628 0.223715 0.876839 0.226326 0.876155 0.227003 0.875202 0.228205 0.874126 0.229751 0.873089 0.231405 0.848544 0.272791 0.847696 0.274316 0.847158 0.275492 0.847013 0.276140
0 0.219742 0.856000 0.226471 0.862045 0.238344 0.872187 0.250292 0.882392 0.262314 0.892660 0.267669 0.896934 0.277243 0.889523 0.278416 0.887292 0.284316 0.876070 0.236388 0.835570 0.226466 0.842385
0 0.558699 0.700873 0.560796 0.708048 0.561084 0.708655 0.561738 0.709814 0.562659 0.711351 0.563707 0.713029 0.564720 0.714591 0.565542 0.715797 0.566049 0.716463 0.571366 0.718702 0.588346 0.707904 0.584307 0.698399 0.575720 0.684895 0.568595 0.686647 0.567637 0.686999 0.566269 0.687698 0.564698 0.688637 0.563161 0.689675 0.561889 0.690655 0.561076 0.691429 0.560847 0.691878 0.559516 0.695200
0 0.696653 0.546291 0.729649 0.601140 0.732843 0.602547 0.746746 0.594183 0.746562 0.589015 0.746297 0.588214 0.745670 0.586930 0.744777 0.585361 0.719744 0.543748 0.718728 0.542145 0.717752 0.540764 0.716966 0.539818 0.716489 0.539450 0.713291 0.538571 0.710365 0.538042
0 0.564182 0.658937 0.564476 0.659667 0.565074 0.661147 0.572064 0.675789 0.630632 0.647830 0.623642 0.633188 0.622506 0.631964 0.621946 0.631361 0.618628 0.630899 0.618140 0.630884 0.617063 0.631189 0.615563 0.631765 0.613867 0.632525 0.584852 0.646377 0.570345 0.653303 0.568697 0.654138 0.567336 0.654928 0.566465 0.655553
0 0.419394 0.807894 0.420004 0.814274 0.436187 0.825018 0.472001 0.771075 0.472320 0.767976 0.456322 0.757355 0.451302 0.759588 0.450779 0.760168 0.449952 0.761275 0.448947 0.762740 0.422332 0.802827 0.421293 0.804440 0.420370 0.805969 0.419703 0.807182
0 0.762504 0.946249 0.766207 0.952966 0.766914 0.953662 0.768225 0.954449 0.769941 0.955208 0.771800 0.955820 0.787369 0.960111 0.818508 0.968692 0.820212 0.969061 0.821485 0.969126 0.827962 0.968609 0.828822 0.965488 0.833122 0.949882 0.829314 0.944741 0.767605 0.927736
