0 0.378654 0.195653 0.379200 0.211116 0.384304 0.213860 0.386102 0.214464 0.387890 0.214724 0.394766 0.214868 0.395554 0.212067 0.408843 0.156933 0.408903 0.148692 0.393173 0.144900
0 0.767985 0.808200 0.769393 0.811074 0.772508 0.814671 0.811266 0.856966 0.825801 0.849842 0.800154 0.797515 0.796723 0.794114 0.793316 0.793924 0.792051 0.794056 0.790431 0.794524 0.788702 0.795257 0.774300 0.802316 0.772718 0.803206 0.771518 0.804120
0 0.652208 0.860827 0.653968 0.864999 0.666021 0.875805 0.714812 0.845630 0.716973 0.843220 0.715613 0.836552 0.715055 0.835863 0.714038 0.834791 0.712716 0.833499 0.711289 0.832183 0.699346 0.821477 0.698027 0.820331 0.697011 0.819527 0.696453 0.819186 0.690663 0.817933
0 0.000000 0.877254 0.001874 0.883961 0.003058 0.887090 0.052836 0.858573 0.057947 0.854474 0.060163 0.852164 0.057737 0.847665 0.056939 0.846325 0.055726 0.844960 0.044150 0.833859 0.042702 0.832671 0.041233 0.831838 0.037064 0.830011 0.031711 0.833827 0.001492 0.865694 0.000000 0.871589
0 0.485498 0.346946 0.485664 0.348695 0.498675 0.358011 0.543360 0.323090 0.545224 0.320488 0.545746 0.318412 0.544857 0.314801 0.544618 0.314342 0.543814 0.313523 0.542570 0.312469 0.541073 0.311340 0.527942 0.301938 0.526428 0.300911 0.525131 0.300146 0.524251 0.299760 0.519424 0.299565
0 0.248210 0.176995 0.248224 0.177647 0.248482 0.178927 0.248944 0.180641 0.249540 0.182525 0.250178 0.184290 0.250761 0.185665 0.251199 0.186441 0.254059 0.190046 0.259630 0.193928 0.314896 0.177670 0.310380 0.162318 0.308188 0.158414 0.252527 0.170132 0.249384 0.171056
0 0.631425 0.100883 0.634076 0.102533 0.684618 0.128258 0.690733 0.126207 0.698073 0.111788 0.650033 0.081527 0.642814 0.083926 0.637186 0.086458 0.636381 0.087072 0.635367 0.088246 0.634299 0.089801 0.633336 0.091500 0.632626 0.093088 0.632274 0.094324
0 0.435566 0.242208 0.435582 0.243971 0.435633 0.245306 0.435710 0.246010 0.439413 0.250730 0.442613 0.250795 0.497334 0.235899 0.497658 0.219900 0.497631 0.216662 0.439369 0.215480 0.436141 0.220262 0.436048 0.220998 0.435968 0.222359 0.435914 0.224140 0.435586 0.240287
0 0.631858 0.750634 0.631923 0.751956 0.632068 0.752655 0.633603 0.755593 0.637593 0.760629 0.640858 0.760890 0.694092 0.762250 0.695379 0.746114 0.693146 0.743300 0.635720 0.738720 0.632631 0.743074 0.632400 0.743844 0.632177 0.745218 0.631996 0.746990 0.631884 0.748891
0 0.935418 0.832998 0.948384 0.862340 0.967683 0.877946 0.982986 0.871183 0.976224 0.855881 0.951124 0.827264 0.950090 0.826513
0 0.730418 0.563240 0.733579 0.595165 0.743630 0.599279 0.760280 0.597629 0.758632 0.580980 0.746947 0.561801 0.746381 0.561658
0 0.432641 0.339550 0.433411 0.341384 0.445567 0.351790 0.493105 0.320863 0.495186 0.318432 0.495130 0.316332 0.494937 0.312697 0.494651 0.312210 0.493848 0.311317 0.492649 0.310154 0.491239 0.308898 0.478970 0.298396 0.477567 0.297243 0.476391 0.296374 0.475621 0.295921 0.470536 0.295280
0 0.718268 0.873766 0.719226 0.876820 0.721761 0.881177 0.753674 0.928849 0.769120 0.924006 0.751684 0.868401 0.748807 0.864190 0.745468 0.863613 0.744197 0.863520 0.742525 0.863716 0.740705 0.864172 0.725401 0.868971 0.723702 0.869618 0.722378 0.870362
0 0.083256 0.962317 0.089028 0.966454 0.090666 0.967201 0.105873 0.972639 0.107722 0.973139 0.109494 0.973313 0.113741 0.973218 0.118156 0.967809 0.137553 0.913565 0.122485 0.908177 0.118120 0.912896 0.084347 0.959269
0 0.010193 0.066531 0.012075 0.073407 0.012206 0.073729 0.012857 0.074607 0.013928 0.075909 0.024373 0.088227 0.025697 0.089749 0.027068 0.091254 0.028276 0.092512 0.029136 0.093330 0.029519 0.093586 0.036490 0.095895 0.038931 0.093826 0.070078 0.046432 0.059729 0.034227 0.054638 0.028842
0 0.221940 0.066610 0.225118 0.071564 0.238690 0.080042 0.281086 0.042374 0.282782 0.039659 0.280615 0.032407 0.280013 0.031594 0.278876 0.030513 0.277378 0.029328 0.275746 0.028222 0.262049 0.019666 0.260539 0.018811 0.259387 0.018340 0.252812 0.017185
0 0.563154 0.618155 0.603254 0.660165 0.607276 0.663138 0.610961 0.662636 0.611447 0.662548 0.612385 0.661963 0.613633 0.660971 0.615000 0.659722 0.616281 0.658405 0.617283 0.657218 0.617853 0.656341 0.618775 0.651995 0.616562 0.649692 0.577096 0.608965 0.574774 0.606895
0 0.328207 0.504207 0.337653 0.559542 0.353689 0.557391 0.354693 0.552287 0.347154 0.496078 0.346647 0.493030 0.341207 0.491665 0.339732 0.491586 0.337931 0.491731 0.336076 0.492077 0.334447 0.492571 0.333291 0.493140 0.330776 0.495159
0 0.649501 0.650016 0.649513 0.651217 0.649656 0.651780 0.651688 0.654583 0.653442 0.656370 0.656643 0.656851 0.713474 0.649014 0.715877 0.633007 0.713410 0.631486 0.656440 0.622933 0.653222 0.626511 0.652896 0.627403 0.652550 0.628852 0.652237 0.630639 0.649856 0.646500 0.649621 0.648360
0 0.791895 0.940454 0.792490 0.949061 0.805687 0.958422 0.842033 0.917747 0.840956 0.909238 0.839821 0.901012 0.839393 0.899867 0.838432 0.898473 0.837085 0.897043 0.835557 0.895792 0.834077 0.894909 0.826694 0.891946 0.824707 0.894197
0 0.375997 0.706727 0.379293 0.723131 0.395696 0.719835 0.415549 0.708081 0.415744 0.707604 0.412583 0.691877 0.381130 0.698196
0 0.131067 0.509159 0.146771 0.513054 0.151731 0.508529 0.165383 0.453484 0.165907 0.450472 0.160601 0.447253 0.159397 0.446629 0.157718 0.446098 0.155817 0.445741 0.153982 0.445612 0.152488 0.445730 0.151565 0.446079 0.150365 0.446617 0.140296 0.454386
0 0.620974 0.298499 0.621786 0.304684 0.648657 0.354627 0.650209 0.357238 0.655797 0.356231 0.657202 0.355853 0.658835 0.355107 0.660450 0.354105 0.661803 0.353000 0.662689 0.351957 0.664310 0.349651 0.663619 0.338143 0.635222 0.290832
0 0.332630 0.570351 0.336604 0.586043 0.393930 0.588226 0.397068 0.587431 0.398245 0.586432 0.400185 0.582969 0.400227 0.582504 0.400082 0.581399 0.399773 0.579825 0.399347 0.578019 0.395411 0.562471 0.394931 0.560702 0.394469 0.559232 0.394095 0.558285 0.393865 0.558006 0.390389 0.555406 0.334543 0.569547
0 0.324491 0.078237 0.338651 0.086064 0.342605 0.086652 0.370040 0.037018 0.371442 0.034030 0.368410 0.028655 0.367850 0.028268 0.366719 0.027591 0.365189 0.026728 0.363491 0.025807 0.361881 0.024969 0.360603 0.024339 0.359852 0.024015 0.356064 0.022724 0.349760 0.023740
0 0.045441 0.499054 0.048994 0.514846 0.106242 0.518560 0.110743 0.518348 0.113865 0.517645 0.114704 0.513479 0.114904 0.512446 0.114849 0.510913 0.114545 0.509114 0.111025 0.493466 0.110519 0.491667 0.109886 0.490136 0.109220 0.489106 0.106841 0.486421 0.102295 0.486264
0 0.589398 0.873032 0.595738 0.889561 0.620826 0.934340 0.635115 0.926750 0.631516 0.918083 0.604913 0.867997 0.603540 0.865521 0.597338 0.867571 0.595637 0.868252 0.594081 0.869301
0 0.837549 0.312840 0.850783 0.321837 0.854839 0.319777 0.899167 0.283361 0.900987 0.280683 0.897743 0.275964 0.896742 0.274913 0.895313 0.273811 0.881957 0.264732 0.880323 0.263752 0.878740 0.263046 0.877449 0.262723 0.874213 0.262483 0.869936 0.265198
0 0.142023 0.834482 0.147588 0.837136 0.148890 0.837505 0.150647 0.837732 0.166752 0.838929 0.168689 0.838978 0.170503 0.838840 0.171917 0.838538 0.172717 0.838119 0.174308 0.836883 0.178031 0.833032 0.182303 0.775583 0.166345 0.774396 0.162487 0.777569 0.142263 0.831254
0 0.889350 0.594942 0.950517 0.596584 0.953965 0.592905 0.954023 0.592647 0.954079 0.591682 0.954124 0.590155 0.954152 0.588301 0.954158 0.586403 0.954142 0.584754 0.954105 0.583604 0.954054 0.583130 0.953587 0.582254 0.949810 0.578534 0.946450 0.578456 0.889741 0.577941 0.889497 0.578763
0 0.215892 0.516161 0.216093 0.517707 0.216509 0.519522 0.217076 0.521327 0.217706 0.522844 0.218304 0.523841 0.221349 0.526559 0.227719 0.525952 0.283316 0.510862 0.279124 0.495419 0.276570 0.495366 0.220220 0.509896 0.217059 0.510754 0.215937 0.515119
0 0.816785 0.826285 0.820448 0.830058 0.862818 0.870066 0.867296 0.867815 0.868650 0.866949 0.870020 0.865697 0.881108 0.853955 0.882280 0.852514 0.883071 0.851108 0.885045 0.846527 0.882691 0.844304 0.878316 0.840369 0.827771 0.814650
0 0.827525 0.882157 0.859448 0.929031 0.863604 0.933992 0.866108 0.936045 0.870489 0.933181 0.871764 0.932291 0.873037 0.930971 0.883278 0.918483 0.884353 0.916940 0.885060 0.915413 0.886637 0.911012 0.882218 0.906314 0.837673 0.869783
0 0.568309 0.845341 0.568362 0.847181 0.568679 0.848663 0.569188 0.850737 0.579823 0.860295 0.633825 0.866280 0.636782 0.850373 0.630844 0.845706 0.575087 0.835339 0.572115 0.834994 0.568983 0.841715 0.568527 0.843423
0 0.650381 0.974876 0.652120 0.980367 0.664680 0.990578 0.701440 0.945361 0.699942 0.938117 0.699394 0.937308 0.698361 0.936162 0.697002 0.934852 0.695521 0.933576 0.683076 0.923459 0.681695 0.922407 0.680618 0.921737 0.680009 0.921549 0.674304 0.920082 0.672285 0.922565
0 0.097481 0.799776 0.100045 0.804483 0.100931 0.805769 0.102228 0.807095 0.103736 0.808258 0.105225 0.809078 0.109732 0.810644 0.118654 0.803543 0.156883 0.760447 0.144912 0.749828 0.140807 0.752717 0.099654 0.797326
