0 0.346882 0.947993 0.381295 0.995021 0.387461 0.993403 0.388645 0.992845 0.390112 0.991880 0.403145 0.982342 0.404667 0.981121 0.406005 0.979833 0.406956 0.978676 0.407376 0.977828 0.408480 0.970463 0.406590 0.967880 0.361546 0.933422 0.348632 0.942872
0 0.431344 0.365661 0.432129 0.367197 0.488475 0.379188 0.492424 0.376057 0.492510 0.375861 0.492736 0.374978 0.493066 0.373544 0.493452 0.371776 0.496790 0.356089 0.497172 0.354249 0.497496 0.352612 0.497710 0.351425 0.497784 0.350870 0.495080 0.346125 0.491914 0.345451 0.434713 0.349828
0 0.438511 0.666127 0.440234 0.669664 0.440485 0.670051 0.441359 0.670707 0.442724 0.671532 0.444371 0.672399 0.458847 0.679557 0.460520 0.680331 0.461957 0.680892 0.462939 0.681154 0.467532 0.680476 0.468967 0.677574 0.478851 0.621064 0.479093 0.619680 0.464748 0.612587 0.439214 0.664228
0 0.072945 0.313696 0.074806 0.329776 0.079666 0.331721 0.135553 0.341362 0.138732 0.340994 0.140397 0.335486 0.140486 0.334058 0.140368 0.332272 0.138524 0.316339 0.138217 0.314461 0.137768 0.312771 0.137243 0.311523 0.136722 0.310910 0.135052 0.309202 0.130833 0.306996
0 0.801603 0.046257 0.806749 0.052144 0.813340 0.057149 0.815226 0.055184 0.853804 0.013614 0.860832 0.004875 0.849947 0.000000 0.848972 0.000000 0.842075 0.002729 0.814654 0.029304
0 0.937454 0.730022 0.950578 0.739179 0.955787 0.741944 0.992979 0.699109 0.994853 0.696423 0.991636 0.690622 0.991323 0.690231 0.990392 0.689466 0.988984 0.688443 0.987316 0.687320 0.985644 0.686269 0.984224 0.685451 0.983273 0.684991 0.977717 0.682864 0.977388 0.682833 0.970416 0.682777
0 0.064809 0.502776 0.115581 0.511042 0.132957 0.512115 0.134946 0.506362 0.135408 0.504551 0.135483 0.502713 0.135288 0.496273 0.132486 0.495829 0.076378 0.487571 0.067165 0.486769
0 0.631626 0.879175 0.633148 0.883559 0.652819 0.938413 0.657841 0.938618 0.659438 0.938417 0.661225 0.937906 0.676428 0.932455 0.678126 0.931715 0.679470 0.930862 0.683293 0.927485 0.682200 0.924438 0.680118 0.919586 0.646690 0.873773
0 0.426693 0.913959 0.441245 0.921031 0.465262 0.875175 0.469973 0.858815 0.465304 0.855200 0.463700 0.854212 0.461987 0.853588 0.455571 0.851816 0.454258 0.854351 0.429470 0.905359
0 0.619542 0.506072 0.619604 0.507915 0.619931 0.509740 0.620475 0.511271 0.622451 0.515605 0.634385 0.514981 0.688377 0.508913 0.686671 0.492823 0.680134 0.493378 0.623738 0.499358 0.620763 0.499682 0.619756 0.504490
0 0.130831 0.599367 0.133062 0.601714 0.182712 0.630453 0.186338 0.628962 0.197937 0.617937 0.158248 0.576182 0.151595 0.576359 0.150867 0.576713 0.149715 0.577522 0.148314 0.578663 0.146877 0.579961 0.135171 0.591087 0.133924 0.592340 0.133060 0.593353 0.132712 0.593971
0 0.310107 0.258122 0.335931 0.310362 0.337806 0.312530 0.352152 0.305439 0.342387 0.249573 0.340968 0.246704 0.339130 0.243776 0.335106 0.243433 0.333981 0.243610 0.332447 0.244114 0.330741 0.244869 0.316263 0.252025 0.314650 0.252912 0.313381 0.253793 0.312651 0.254533
0 0.197735 0.766180 0.197879 0.767425 0.198380 0.769040 0.199160 0.770779 0.200101 0.772373 0.201057 0.773578 0.205306 0.777090 0.208216 0.775588 0.260490 0.747146 0.263227 0.744321 0.255884 0.730103 0.204699 0.756538 0.197791 0.762540
0 0.089522 0.884030 0.136685 0.916691 0.139759 0.917708 0.146087 0.913326 0.146669 0.912433 0.147392 0.910981 0.148145 0.909192 0.148816 0.907337 0.153855 0.892111 0.154344 0.890465 0.154577 0.889272 0.153932 0.882550 0.099242 0.864449 0.094608 0.868662
0 0.174127 0.557125 0.176329 0.559498 0.225634 0.588825 0.228770 0.587810 0.240499 0.576924 0.201310 0.534700 0.194907 0.534582 0.194234 0.534878 0.193122 0.535631 0.191740 0.536727 0.190300 0.537998 0.178463 0.548984 0.177189 0.550232 0.176280 0.551263 0.175874 0.551919
0 0.257067 0.031986 0.272920 0.087120 0.275515 0.091839 0.291517 0.091937 0.291868 0.034329 0.289461 0.028945 0.286825 0.027587 0.285536 0.027051 0.283804 0.026687 0.281893 0.026551 0.265743 0.026453 0.263951 0.026566 0.262558 0.026911 0.257087 0.028748
0 0.375828 0.120062 0.377247 0.124405 0.398732 0.176890 0.400731 0.179389 0.405222 0.178402 0.406144 0.178108 0.407433 0.177373 0.408895 0.176307 0.421421 0.166290 0.422839 0.165052 0.424002 0.163826 0.424733 0.162798 0.425725 0.159400 0.424866 0.155461 0.388469 0.109952
0 0.053562 0.598745 0.053590 0.599110 0.053788 0.600147 0.054125 0.601696 0.054551 0.603523 0.055001 0.605345 0.055404 0.606884 0.055700 0.607904 0.055843 0.608250 0.059918 0.610648 0.119423 0.596315 0.115648 0.580581 0.056099 0.594728
0 0.029260 0.450808 0.031573 0.456695 0.032311 0.457794 0.033474 0.459119 0.044675 0.470753 0.046080 0.472096 0.047510 0.473248 0.048743 0.474034 0.049594 0.474332 0.056837 0.474426 0.098338 0.434472 0.087240 0.422944 0.082467 0.422053 0.031592 0.448563
0 0.507954 0.032856 0.508728 0.040123 0.511296 0.042032 0.564506 0.061654 0.574054 0.048812 0.574910 0.043595 0.528146 0.008825 0.522530 0.012136 0.521609 0.013031 0.520509 0.014391 0.510873 0.027351 0.509764 0.028963 0.508819 0.030576 0.508184 0.031943
0 0.153812 0.848931 0.153847 0.849527 0.154333 0.855637 0.157383 0.856724 0.214659 0.859970 0.217920 0.855856 0.223297 0.840784 0.169038 0.821428 0.162833 0.825158 0.162264 0.825934 0.161532 0.827288 0.160750 0.829013 0.160038 0.830847 0.154612 0.846058 0.154080 0.847712
0 0.017335 0.190415 0.022853 0.196006 0.023846 0.196455 0.025412 0.196930 0.027314 0.197360 0.029263 0.197680 0.045165 0.199778 0.046872 0.199940 0.048083 0.199921 0.054581 0.198140 0.055000 0.194967 0.046252 0.138933 0.041006 0.134758 0.024958 0.132641
0 0.611851 0.261918 0.620675 0.275267 0.668731 0.243497 0.672679 0.237496 0.672791 0.233733 0.672401 0.232545 0.671656 0.231016 0.670667 0.229379 0.669587 0.227887 0.668583 0.226768 0.667807 0.226194 0.663647 0.223835 0.660915 0.225641 0.613144 0.259165
0 0.678966 0.318601 0.705905 0.369523 0.711533 0.370291 0.711578 0.370290 0.712265 0.369946 0.713487 0.369313 0.715059 0.368486 0.729236 0.360986 0.730924 0.360088 0.732478 0.359253 0.733662 0.358607 0.734295 0.358249 0.736902 0.352875 0.735389 0.350013 0.695344 0.308934 0.681035 0.316504
0 0.388961 0.051968 0.389000 0.055205 0.390269 0.060289 0.406918 0.114503 0.422919 0.114312 0.422233 0.056708 0.421334 0.051583 0.416910 0.049697 0.415276 0.049378 0.413400 0.049282 0.397251 0.049474 0.395424 0.049615 0.393933 0.049971
0 0.367788 0.234570 0.369299 0.237604 0.384466 0.242706 0.402832 0.188104 0.401709 0.184498 0.400313 0.182043 0.399833 0.181506 0.398726 0.180814 0.397161 0.180074 0.395376 0.179398 0.380069 0.174250 0.378344 0.173744 0.376947 0.173488 0.376091 0.173520 0.371024 0.174176 0.369991 0.177245
0 0.165982 0.380945 0.167766 0.383544 0.168618 0.384599 0.169965 0.385752 0.171604 0.386828 0.186045 0.395139 0.187727 0.395974 0.189205 0.396449 0.194772 0.397521 0.224164 0.351153 0.225688 0.345582 0.211412 0.337263 0.168599 0.372972 0.166898 0.375601
0 0.762152 0.452306 0.768681 0.467110 0.823609 0.443903 0.824774 0.441488 0.826417 0.437768 0.826332 0.437300 0.825964 0.436233 0.825370 0.434729 0.824639 0.433017 0.823881 0.431354 0.823212 0.429993 0.822733 0.429139 0.822516 0.428923 0.818313 0.426837 0.815298 0.428123 0.763408 0.451007
0 0.161765 0.393672 0.211145 0.424615 0.214447 0.425477 0.222944 0.411917 0.185337 0.369467 0.182625 0.367767 0.178955 0.366239 0.175570 0.368056 0.174649 0.368797 0.173571 0.370030 0.172500 0.371567 0.163925 0.385253 0.163029 0.386854 0.162448 0.388269 0.162269 0.389282
0 0.464543 0.886409 0.467676 0.888667 0.468675 0.889276 0.470201 0.889827 0.472022 0.890236 0.487950 0.892904 0.489781 0.893107 0.491337 0.893072 0.492381 0.892805 0.496472 0.891757 0.506099 0.834284 0.506029 0.830463 0.490247 0.827819 0.465477 0.878836 0.464948 0.881992
0 0.277844 0.281659 0.278433 0.284881 0.290896 0.341507 0.293286 0.343318 0.309027 0.340440 0.298664 0.283772 0.293954 0.278713 0.291326 0.277182 0.290681 0.276951 0.289399 0.276889 0.287676 0.277006 0.285774 0.277284 0.283986 0.277680 0.282588 0.278135 0.281791 0.278577
0 0.757344 0.479561 0.757471 0.480543 0.757898 0.481991 0.758561 0.483686 0.764923 0.498409 0.765723 0.500099 0.766541 0.501533 0.767254 0.502495 0.767752 0.502835 0.770613 0.504408 0.773742 0.504459 0.776714 0.503175 0.820815 0.466484 0.814394 0.451625 0.810800 0.452178 0.757918 0.475029
0 0.154452 0.670932 0.162781 0.684812 0.166635 0.682700 0.216032 0.653057 0.215862 0.648905 0.215642 0.647844 0.215050 0.646395 0.214177 0.644777 0.205924 0.631025 0.204900 0.629480 0.203876 0.628237 0.203007 0.627483 0.199564 0.625614 0.196090 0.627067 0.193314 0.628733
0 0.856362 0.803547 0.856545 0.806816 0.860668 0.810363 0.863652 0.811619 0.920660 0.818036 0.926936 0.803115 0.922056 0.799650 0.868954 0.777315 0.865235 0.781168 0.864358 0.782397 0.863548 0.784021 0.857330 0.798805 0.856709 0.800581 0.856369 0.802246
0 0.089772 0.576315 0.105389 0.580546 0.110897 0.575305 0.125726 0.520565 0.126287 0.517613 0.119734 0.513865 0.118077 0.513279 0.116174 0.512900 0.114312 0.512785 0.112772 0.512952 0.110832 0.513426 0.099684 0.522644
0 0.311379 0.687901 0.311736 0.688994 0.312445 0.690457 0.313398 0.692067 0.322136 0.705649 0.323186 0.707153 0.324168 0.708318 0.324932 0.708967 0.328997 0.711070 0.378005 0.679540 0.379399 0.677488 0.370741 0.664030 0.316327 0.680010 0.313635 0.681742 0.311481 0.683843
0 0.732131 0.755130 0.733760 0.761283 0.734352 0.761863 0.735423 0.762827 0.736809 0.764027 0.738299 0.765280 0.750730 0.775590 0.752091 0.776700 0.753111 0.777495 0.753634 0.777853 0.759736 0.778746 0.796935 0.733889 0.784475 0.723556 0.781223 0.721001 0.734174 0.752666
