0 0.504025 0.547439 0.504072 0.547988 0.505425 0.550929 0.543129 0.594167 0.557835 0.587403 0.533485 0.534460 0.533102 0.534066 0.528939 0.532499 0.528567 0.532610 0.527587 0.533010 0.526148 0.533638 0.524468 0.534398 0.509896 0.541100 0.508226 0.541881 0.506812 0.542565 0.505870 0.543049 0.505544 0.543260
0 0.166819 0.114291 0.170357 0.171550 0.174125 0.175304 0.189726 0.178864 0.202542 0.122699 0.198455 0.116480 0.197697 0.115891 0.196335 0.115227 0.194576 0.114589 0.192687 0.114075 0.176942 0.110482 0.175220 0.110172 0.173933 0.110115 0.167539 0.111135
0 0.393141 0.287618 0.394363 0.290046 0.410347 0.290796 0.428882 0.237198 0.429032 0.234001 0.428211 0.230925 0.425103 0.228529 0.423971 0.228176 0.422344 0.227898 0.420472 0.227740 0.404340 0.226983 0.402513 0.226968 0.401018 0.227099 0.400082 0.227355 0.395872 0.229408
0 0.721825 0.393509 0.734110 0.448874 0.735657 0.451676 0.741482 0.452837 0.742124 0.452597 0.743314 0.452037 0.744872 0.451241 0.746560 0.450332 0.760698 0.442527 0.762252 0.441646 0.763431 0.440931 0.764053 0.440491 0.766724 0.435471 0.738561 0.384454 0.735834 0.385775
0 0.251694 0.165905 0.279048 0.209675 0.288740 0.223675 0.294514 0.221403 0.296177 0.220572 0.297628 0.219426 0.302258 0.215093 0.300740 0.212684 0.270346 0.164804 0.265353 0.157234
0 0.262080 0.774983 0.262261 0.791162 0.315978 0.793988 0.329052 0.787435 0.330312 0.783896 0.330710 0.782126 0.330836 0.780210 0.330669 0.778438 0.328873 0.771424 0.325913 0.771283 0.269204 0.771917
0 0.122164 0.533962 0.126538 0.592072 0.142680 0.590857 0.146764 0.589819 0.158637 0.534363 0.158397 0.531172 0.153059 0.528173 0.152404 0.528219 0.149362 0.528446 0.133368 0.529650 0.131435 0.529796 0.129602 0.529936 0.128146 0.530048 0.127289 0.530115 0.127163 0.530127
0 0.610489 0.883259 0.616734 0.900295 0.638141 0.946624 0.652916 0.940029 0.649399 0.931081 0.626282 0.879293 0.625111 0.876733 0.618931 0.878370 0.617176 0.878932 0.615563 0.879873
0 0.552649 0.251296 0.554746 0.257661 0.588341 0.303352 0.590218 0.305700 0.595462 0.303797 0.596828 0.303249 0.598350 0.302290 0.599799 0.301064 0.600956 0.299757 0.603119 0.296214 0.599960 0.284199 0.565684 0.241712
0 0.383427 0.087668 0.386007 0.089710 0.432266 0.122518 0.435238 0.120973 0.444598 0.107775 0.397818 0.070406 0.391848 0.071911 0.389334 0.074008 0.388837 0.074546 0.387991 0.075599 0.386926 0.077007 0.385804 0.078558 0.384793 0.080016 0.384046 0.081162 0.383676 0.081822
0 0.171905 0.422564 0.176611 0.426765 0.177402 0.426902 0.178800 0.427099 0.180591 0.427326 0.182505 0.427549 0.198445 0.429325 0.200197 0.429511 0.201526 0.429631 0.202232 0.429668 0.207463 0.426993 0.207818 0.423812 0.197938 0.367967 0.194445 0.366441 0.178357 0.364648
0 0.664745 0.437620 0.665478 0.440613 0.680981 0.495165 0.684235 0.499503 0.699799 0.495080 0.686715 0.440631 0.680147 0.433242 0.677169 0.432420 0.675853 0.432353 0.674142 0.432545 0.672297 0.432967 0.670595 0.433554 0.669293 0.434218
0 0.664031 0.869017 0.671081 0.884911 0.686581 0.891210 0.692880 0.875710 0.691408 0.846130 0.690970 0.845335 0.676109 0.839297
0 0.564001 0.317231 0.567813 0.332772 0.623763 0.319050 0.626658 0.314817 0.628506 0.311907 0.628590 0.311294 0.628483 0.310049 0.628201 0.308361 0.627789 0.306488 0.627308 0.304718 0.626833 0.303324 0.626437 0.302517 0.622757 0.298912 0.619576 0.299692 0.564741 0.315117
0 0.883629 0.549689 0.897367 0.605635 0.903593 0.608796 0.908286 0.610061 0.909194 0.610120 0.910689 0.609991 0.912544 0.609696 0.914476 0.609278 0.916187 0.608801 0.917414 0.608340 0.917970 0.607964 0.922568 0.604201 0.921786 0.601020 0.903785 0.546403 0.899169 0.545873
0 0.256529 0.943261 0.285951 0.987220 0.300186 0.979529 0.300231 0.970298 0.273271 0.920403 0.271664 0.917972 0.264427 0.920233 0.262815 0.920913 0.261182 0.921986 0.259775 0.923292 0.257577 0.925584
0 0.300084 0.620454 0.315674 0.624812 0.317781 0.623385 0.347840 0.575294 0.348701 0.572212 0.345502 0.568278 0.344669 0.567920 0.343281 0.567449 0.341549 0.566936 0.326102 0.562618 0.324282 0.562139 0.322646 0.561764 0.321442 0.561552 0.320852 0.561534 0.315772 0.564331
0 0.011401 0.149173 0.016471 0.155409 0.022030 0.159370 0.023014 0.159916 0.024554 0.160571 0.026414 0.161235 0.028314 0.161809 0.029968 0.162206 0.031124 0.162366 0.038007 0.161410 0.053188 0.105838 0.048022 0.101281 0.032407 0.097015 0.012264 0.146014
0 0.218551 0.380879 0.219690 0.386368 0.220083 0.387016 0.220932 0.388092 0.222109 0.389432 0.232995 0.401361 0.234315 0.402756 0.235572 0.403989 0.236575 0.404871 0.237170 0.405268 0.243342 0.405881 0.245706 0.403724 0.275108 0.355228 0.264321 0.343408 0.261596 0.341597
0 0.135010 0.912566 0.193208 0.915540 0.198551 0.910111 0.198967 0.909204 0.199357 0.907704 0.199660 0.905841 0.199833 0.903896 0.200651 0.887878 0.200667 0.886140 0.200524 0.884867 0.198348 0.878827 0.195152 0.878664 0.139998 0.891869 0.135836 0.896400
0 0.873529 0.511217 0.878116 0.515251 0.878723 0.515415 0.879978 0.515675 0.881692 0.515990 0.897488 0.518771 0.899406 0.519096 0.901243 0.519381 0.902721 0.519584 0.903614 0.519673 0.903785 0.519636 0.909732 0.516961 0.910294 0.513772 0.903896 0.456762 0.887954 0.453955 0.883519 0.454482
0 0.465622 0.231415 0.466015 0.234485 0.476489 0.246583 0.528098 0.223072 0.530518 0.220977 0.530871 0.217751 0.531172 0.214701 0.530972 0.214046 0.530320 0.212932 0.529315 0.211529 0.528109 0.210051 0.517539 0.197840 0.516321 0.196518 0.515281 0.195559 0.514578 0.195107 0.509681 0.193274
0 0.429131 0.387401 0.431732 0.391094 0.432950 0.392251 0.434474 0.393345 0.436076 0.394209 0.437512 0.394714 0.442701 0.395901 0.444368 0.393366 0.474472 0.345303 0.476612 0.339719 0.462900 0.331131 0.432444 0.377045
0 0.522137 0.925721 0.522393 0.930643 0.554216 0.981552 0.556072 0.984251 0.561721 0.982820 0.563077 0.982285 0.564639 0.981350 0.566167 0.980159 0.567425 0.978895 0.568223 0.977751 0.569564 0.974968 0.567974 0.964110 0.535320 0.916650
0 0.574013 0.830641 0.574869 0.834464 0.625440 0.861550 0.628609 0.862211 0.632125 0.857789 0.632487 0.857163 0.632908 0.855893 0.633321 0.854172 0.636620 0.838362 0.636962 0.836458 0.637180 0.834669 0.637241 0.833268 0.637134 0.832469 0.633676 0.826741 0.577281 0.814976
0 0.403172 0.847352 0.413770 0.860299 0.426717 0.849702 0.442033 0.825853 0.442166 0.825106 0.432005 0.812693 0.407180 0.833013
0 0.363976 0.898211 0.367383 0.902154 0.367631 0.902177 0.370100 0.902400 0.371946 0.902566 0.373838 0.902735 0.376638 0.902985 0.377120 0.903027 0.378070 0.903105 0.382102 0.899902 0.382453 0.896586 0.387519 0.840100 0.386679 0.839325 0.370564 0.837879
0 0.830015 0.290318 0.830257 0.291958 0.830746 0.293761 0.835758 0.308997 0.836421 0.310697 0.837160 0.312040 0.837864 0.312823 0.840721 0.315971 0.843761 0.314971 0.847736 0.312832 0.894958 0.280257 0.889899 0.264880 0.834543 0.283090 0.830720 0.285570 0.830057 0.289091
0 0.719030 0.935769 0.719369 0.938951 0.741044 0.991358 0.743831 0.997039 0.759927 0.995325 0.753755 0.937378 0.750855 0.932379 0.748041 0.931274 0.746726 0.930903 0.744989 0.930748 0.743094 0.930830 0.727145 0.932529 0.725373 0.932837 0.723988 0.933325
0 0.658783 0.623985 0.666777 0.637848 0.668705 0.639442 0.724469 0.625971 0.727274 0.624353 0.727439 0.618980 0.727170 0.618205 0.726555 0.616932 0.725688 0.615357 0.717621 0.601366 0.716637 0.599734 0.715691 0.598299 0.714925 0.597281 0.714458 0.596834 0.708688 0.595207
0 0.616034 0.269871 0.619429 0.272876 0.620321 0.273325 0.621766 0.273785 0.623543 0.274187 0.639300 0.277179 0.641146 0.277464 0.642787 0.277589 0.643973 0.277536 0.644524 0.277311 0.647477 0.275840 0.649182 0.273248 0.649786 0.270067 0.644148 0.212977 0.628244 0.209958 0.626778 0.213273
0 0.463591 0.141384 0.464008 0.145483 0.465281 0.147902 0.465660 0.148521 0.466645 0.149352 0.468087 0.150271 0.469765 0.151137 0.484315 0.157887 0.485982 0.158573 0.487389 0.158976 0.488323 0.159035 0.493040 0.158952 0.517284 0.106693 0.517484 0.102146 0.502800 0.095334 0.464954 0.138447
0 0.356805 0.046073 0.358442 0.051261 0.414873 0.062848 0.418562 0.058093 0.418863 0.057563 0.419238 0.056364 0.419629 0.054676 0.422855 0.038965 0.423205 0.037040 0.423462 0.035164 0.423587 0.033621 0.423560 0.032645 0.420400 0.026080 0.417228 0.025429 0.360061 0.030216
0 0.813051 0.739522 0.818122 0.743667 0.819307 0.744225 0.820962 0.744794 0.822839 0.745288 0.824653 0.745632 0.826131 0.745773 0.827047 0.745691 0.832022 0.744033 0.838414 0.740766 0.850540 0.684428 0.835046 0.679767 0.830071 0.682119 0.813734 0.736427
0 0.190275 0.719786 0.193724 0.777050 0.209500 0.780676 0.212820 0.777467 0.225724 0.721323 0.221785 0.718171 0.221078 0.717693 0.219764 0.717181 0.218043 0.716712 0.202412 0.713119 0.200539 0.712763 0.198793 0.712571 0.197437 0.712575 0.196680 0.712773 0.194532 0.714154 0.191001 0.716630
0 0.680154 0.344204 0.685386 0.359327 0.742036 0.356659 0.745060 0.355612 0.747894 0.353943 0.748857 0.350077 0.748793 0.348917 0.748465 0.347319 0.747925 0.345526 0.742644 0.330264 0.741974 0.328557 0.741279 0.327202 0.740666 0.326405 0.737308 0.323348 0.682237 0.342403
0 0.037801 0.086363 0.047354 0.099431 0.052528 0.104009 0.105894 0.084818 0.108478 0.082929 0.107390 0.076178 0.107212 0.075808 0.106583 0.074863 0.105600 0.073488 0.096134 0.060540 0.094941 0.058938 0.093717 0.057348 0.092646 0.056009 0.091892 0.055127 0.091569 0.054836 0.084845 0.051971
