0 0.209827 0.827596 0.214538 0.830899 0.215855 0.831502 0.217586 0.832008 0.233318 0.835660 0.235194 0.835991 0.236922 0.836094 0.238238 0.835954 0.241363 0.834915 0.244319 0.831087 0.245043 0.827970 0.241756 0.771353 0.226168 0.767735 0.223002 0.770830
0 0.404271 0.477603 0.417368 0.487116 0.418313 0.487264 0.463235 0.452647 0.465116 0.450058 0.464321 0.445112 0.463976 0.444823 0.463087 0.444145 0.461788 0.443179 0.460277 0.442075 0.447211 0.432584 0.445725 0.431512 0.444495 0.430641 0.443709 0.430102 0.443486 0.429979 0.438519 0.430454
0 0.124464 0.545370 0.171266 0.578548 0.174328 0.579599 0.178050 0.578689 0.180479 0.577207 0.181020 0.576758 0.181715 0.575685 0.182459 0.574151 0.183140 0.572390 0.188346 0.557220 0.188863 0.555493 0.189138 0.554056 0.189130 0.553128 0.188440 0.548418 0.133952 0.529716 0.129719 0.530060
0 0.501393 0.615048 0.504526 0.617945 0.505434 0.618493 0.506881 0.619061 0.508647 0.619564 0.510467 0.619925 0.512064 0.620091 0.513198 0.620036 0.516959 0.618800 0.519505 0.612485 0.532372 0.556841 0.516643 0.553049 0.515402 0.556856 0.502111 0.611989
0 0.830686 0.833517 0.841566 0.889176 0.845515 0.893675 0.861632 0.895179 0.867045 0.837156 0.862048 0.831514 0.861205 0.831043 0.859762 0.830577 0.857939 0.830185 0.856012 0.829928 0.840043 0.828438 0.838298 0.828353 0.836994 0.828453 0.830983 0.830330
0 0.676869 0.384537 0.696122 0.438832 0.698390 0.438125 0.713647 0.432715 0.697536 0.379449 0.696442 0.376362 0.690979 0.374866 0.690195 0.375078 0.688841 0.375515 0.687123 0.376109 0.685306 0.376768 0.683668 0.377393 0.682461 0.377886 0.681867 0.378173 0.679776 0.379574
0 0.865723 0.094348 0.866042 0.096079 0.867561 0.103347 0.870388 0.103397 0.926973 0.099599 0.936262 0.094854 0.935179 0.078711 0.883930 0.077493 0.866489 0.087370 0.865795 0.092399
0 0.660956 0.424995 0.685310 0.477202 0.690738 0.478809 0.692956 0.478563 0.693551 0.478377 0.694733 0.477904 0.696321 0.477215 0.698074 0.476416 0.699720 0.475629 0.701008 0.474976 0.701742 0.474556 0.704486 0.469745 0.703102 0.466777 0.677487 0.417284 0.675458 0.418230 0.672953 0.419398
0 0.094186 0.180003 0.108049 0.188346 0.114675 0.187895 0.143919 0.139305 0.145274 0.136440 0.140957 0.130961 0.140027 0.130167 0.138591 0.129221 0.136866 0.128265 0.135114 0.127445 0.133598 0.126884 0.132549 0.126668 0.126076 0.126439 0.118524 0.127755
0 0.819579 0.933297 0.832384 0.950340 0.862565 0.989338 0.875387 0.979469 0.845358 0.940355 0.832268 0.923531 0.825421 0.927775
0 0.577825 0.944480 0.617812 0.990643 0.623474 0.990058 0.623537 0.990048 0.624130 0.989524 0.625163 0.988565 0.626479 0.987317 0.627876 0.985972 0.629139 0.984737 0.630075 0.983801 0.630542 0.983305 0.632241 0.981256 0.633046 0.975346 0.630839 0.972819 0.591661 0.931816 0.589523 0.933303
0 0.252155 0.406496 0.257361 0.463627 0.258552 0.466637 0.264192 0.468825 0.264844 0.468731 0.266077 0.468381 0.267703 0.467830 0.269476 0.467161 0.284389 0.461257 0.286046 0.460569 0.287339 0.459965 0.288073 0.459535 0.291070 0.455239 0.269867 0.401675 0.267206 0.400538
0 0.461777 0.643539 0.461876 0.644066 0.462258 0.645186 0.462867 0.646732 0.463608 0.648466 0.470152 0.663231 0.470911 0.664882 0.471569 0.666194 0.472025 0.666966 0.472211 0.667082 0.476507 0.669614 0.529783 0.646002 0.529443 0.644334 0.522959 0.629704 0.466734 0.637119 0.463808 0.638415
0 0.565582 0.710947 0.566340 0.713386 0.577894 0.724724 0.627995 0.696778 0.630263 0.694467 0.629612 0.688654 0.629179 0.688148 0.628290 0.687207 0.627080 0.685974 0.625732 0.684635 0.614284 0.673402 0.612999 0.672157 0.611968 0.671191 0.611347 0.670650 0.611232 0.670618 0.605930 0.669829
0 0.231596 0.898096 0.247733 0.899380 0.250616 0.894815 0.270882 0.841847 0.271136 0.838657 0.266044 0.836007 0.264662 0.835633 0.262888 0.835399 0.246899 0.834127 0.244997 0.834069 0.243249 0.834194 0.241920 0.834485 0.241213 0.834897 0.239232 0.836119 0.236217 0.840005
0 0.810941 0.000000 0.829671 0.053954 0.836240 0.054205 0.837465 0.054030 0.839119 0.053547 0.854286 0.048333 0.856121 0.047616 0.857864 0.046770 0.859252 0.045924 0.860074 0.045205 0.864099 0.038270 0.863046 0.035209 0.832925 0.001947 0.829844 0.000000
0 0.484697 0.732061 0.532070 0.765997 0.536803 0.763893 0.537456 0.763336 0.538399 0.762256 0.539489 0.760818 0.548894 0.747689 0.549960 0.746117 0.550837 0.744656 0.551391 0.743530 0.551537 0.742910 0.550924 0.739679 0.550342 0.736939 0.547740 0.735076 0.494191 0.716400 0.484872 0.729409
0 0.607918 0.543222 0.644291 0.587895 0.645959 0.588911 0.649776 0.589020 0.650259 0.588905 0.651241 0.588343 0.652573 0.587417 0.654051 0.586269 0.666575 0.576072 0.667968 0.574882 0.669060 0.573834 0.669683 0.573090 0.671064 0.568470 0.669020 0.565960 0.621718 0.533501 0.620327 0.533118
0 0.763982 0.168020 0.795060 0.216526 0.808534 0.207893 0.812101 0.204516 0.785714 0.154176 0.783947 0.151419 0.777745 0.152025 0.777166 0.152203 0.776038 0.152797 0.774532 0.153716 0.772880 0.154820 0.771336 0.155939 0.770136 0.156901 0.769462 0.157559 0.766364 0.161496
0 0.534899 0.693548 0.534905 0.699353 0.535209 0.699879 0.535982 0.700854 0.537107 0.702128 0.538414 0.703507 0.549705 0.715053 0.550988 0.716322 0.552048 0.717282 0.552723 0.717788 0.557939 0.718932 0.599601 0.678187 0.598463 0.676150 0.587274 0.664710 0.537187 0.691310
0 0.139232 0.700754 0.162505 0.752512 0.169737 0.754598 0.175599 0.755756 0.176585 0.755709 0.178059 0.755310 0.179798 0.754623 0.181539 0.753751 0.183019 0.752825 0.184014 0.751987 0.188297 0.747056 0.187001 0.744216 0.159361 0.694695 0.153360 0.692868
0 0.895270 0.433021 0.895376 0.434580 0.895745 0.436377 0.899859 0.451879 0.900436 0.453647 0.901135 0.455123 0.901852 0.456083 0.904284 0.458851 0.908958 0.458375 0.912087 0.457544 0.961131 0.427782 0.956979 0.412136 0.951755 0.413140 0.896075 0.427917
0 0.396781 0.320640 0.397145 0.321164 0.397910 0.322181 0.398959 0.323535 0.400132 0.325022 0.410121 0.337570 0.411245 0.338969 0.412152 0.340071 0.412704 0.340710 0.412818 0.340788 0.417970 0.342084 0.420474 0.340091 0.453076 0.293686 0.452533 0.291300 0.442452 0.278636 0.396859 0.314928
0 0.387048 0.903162 0.401184 0.911048 0.429575 0.860157 0.430380 0.856041 0.428608 0.852887 0.427776 0.851985 0.426466 0.850962 0.424877 0.849973 0.410870 0.842159 0.409239 0.841351 0.407806 0.840845 0.406790 0.840716 0.402430 0.840448 0.400871 0.843243 0.399725 0.847212
0 0.553066 0.822958 0.553683 0.826714 0.556790 0.832502 0.560006 0.833125 0.613343 0.839745 0.616423 0.823853 0.615092 0.820151 0.558536 0.809191 0.554761 0.813425 0.554501 0.814100 0.554163 0.815399 0.553799 0.817124 0.553462 0.819015 0.553205 0.820787 0.553066 0.822172
0 0.224761 0.993979 0.238724 1.000000 0.243870 0.992751 0.264189 0.959321 0.273929 0.941443 0.267543 0.936618 0.260110 0.933353 0.258714 0.935723 0.230061 0.984666
0 0.017108 0.390175 0.071061 0.412197 0.075964 0.413200 0.078604 0.410791 0.079469 0.409924 0.080373 0.408546 0.081178 0.406865 0.087240 0.392015 0.087828 0.390281 0.088111 0.388753 0.088059 0.383569 0.085095 0.382360 0.080298 0.380999 0.023225 0.375188
0 0.776693 0.256463 0.776795 0.257840 0.777034 0.258613 0.778968 0.263461 0.836447 0.267324 0.840337 0.264633 0.841422 0.248482 0.787594 0.228642 0.784364 0.228424 0.779101 0.232968 0.778709 0.233686 0.778328 0.235025 0.778016 0.236780 0.777820 0.238686 0.776744 0.254689
0 0.785646 0.371602 0.805022 0.424901 0.806920 0.427479 0.813304 0.427907 0.814014 0.427594 0.815212 0.426890 0.816713 0.425904 0.818290 0.424785 0.831294 0.415208 0.832700 0.414132 0.833715 0.413265 0.834185 0.412741 0.836538 0.407443 0.801984 0.360519 0.798532 0.362113
0 0.199091 0.700376 0.209968 0.757626 0.215421 0.759178 0.216133 0.759273 0.217464 0.759174 0.219211 0.758896 0.235077 0.755882 0.236968 0.755468 0.238708 0.754984 0.240030 0.754502 0.240734 0.754098 0.244725 0.748708 0.244128 0.745563 0.218252 0.695099 0.202531 0.698086
0 0.677201 0.897453 0.681347 0.906751 0.683860 0.908687 0.685126 0.909241 0.686850 0.909686 0.688769 0.909954 0.690588 0.910004 0.692026 0.909828 0.697665 0.908140 0.697942 0.904876 0.700319 0.845356 0.698030 0.841409 0.682085 0.840052
