0 0.587942 0.224504 0.634084 0.258995 0.639557 0.257105 0.640026 0.256540 0.640856 0.255471 0.641922 0.254060 0.651525 0.241213 0.652667 0.239670 0.653717 0.238225 0.654514 0.237095 0.654938 0.236454 0.655017 0.230277 0.652424 0.228339 0.598650 0.208353 0.588958 0.221318
0 0.429475 0.053212 0.429776 0.069939 0.432808 0.102823 0.432962 0.103734 0.449000 0.103445 0.448423 0.071371 0.446203 0.052910
0 0.727196 0.287680 0.730231 0.319620 0.746200 0.318102 0.756795 0.310295 0.755212 0.293638 0.743724 0.285672 0.727718 0.287194
0 0.797850 0.043994 0.804647 0.075351 0.820324 0.071952 0.834109 0.053555 0.830565 0.037202 0.814248 0.039541 0.798535 0.042948
0 0.895215 0.019253 0.895220 0.025774 0.949718 0.041464 0.952961 0.042018 0.957661 0.036735 0.957884 0.036349 0.958272 0.035260 0.958766 0.033634 0.959292 0.031716 0.959770 0.029795 0.960129 0.028163 0.960312 0.027067 0.961034 0.020515 0.961015 0.020112 0.958776 0.013453 0.899691 0.003705
0 0.232831 0.727052 0.287886 0.746154 0.293391 0.742819 0.293784 0.742152 0.294356 0.740895 0.295021 0.739241 0.295678 0.737439 0.300936 0.722286 0.301487 0.720604 0.301851 0.719292 0.301973 0.718550 0.300801 0.713104 0.297777 0.712055 0.241130 0.709339 0.238137 0.711759
0 0.172068 0.119625 0.193149 0.172979 0.195140 0.175532 0.198625 0.179241 0.203372 0.178030 0.204825 0.177310 0.206354 0.176262 0.219002 0.166399 0.220381 0.165179 0.221404 0.163968 0.223862 0.159560 0.188436 0.114132 0.184833 0.109670
0 0.105704 0.313921 0.129841 0.360359 0.142570 0.371197 0.147925 0.369588 0.149653 0.368770 0.151099 0.367708 0.156347 0.363036 0.155003 0.360482 0.126096 0.311690 0.119624 0.305674
0 0.574950 0.591357 0.575125 0.595466 0.575994 0.596570 0.578498 0.598621 0.631334 0.620970 0.641590 0.608447 0.596507 0.571523 0.595404 0.570706 0.591267 0.571435 0.590914 0.571625 0.590151 0.572353 0.589094 0.573507 0.587904 0.574912 0.577742 0.587321 0.576595 0.588769 0.575662 0.590044 0.575084 0.590953
0 0.593391 0.331893 0.600330 0.346355 0.629256 0.332476 0.629552 0.332091 0.622597 0.317595 0.612477 0.317430 0.597391 0.324668
0 0.584635 0.084205 0.586359 0.089325 0.587251 0.091032 0.588362 0.092422 0.593330 0.097652 0.595848 0.096244 0.643473 0.065451 0.648897 0.058154 0.640112 0.044567 0.594292 0.069859
0 0.929739 0.708803 0.929909 0.710514 0.930289 0.711789 0.931438 0.714732 0.941531 0.719756 0.944791 0.720070 0.994431 0.722807 0.995985 0.706695 0.990315 0.704332 0.932973 0.698804 0.930563 0.703733 0.930092 0.705136 0.929803 0.706915
0 0.878386 0.761923 0.892079 0.817881 0.896613 0.821556 0.898272 0.822265 0.899156 0.822603 0.900623 0.822715 0.902450 0.822584 0.904357 0.822228 0.920044 0.818390 0.921734 0.817865 0.922943 0.817254 0.928059 0.813861 0.927290 0.810716 0.898484 0.761104 0.893930 0.758120
0 0.361496 0.428193 0.361554 0.429702 0.361708 0.431528 0.363367 0.447593 0.363593 0.449450 0.363856 0.451050 0.364117 0.452147 0.364334 0.452576 0.367303 0.455169 0.368820 0.455681 0.426124 0.449764 0.424480 0.433847 0.423607 0.433082 0.367199 0.422633 0.363978 0.422966 0.361689 0.426961 0.361544 0.427231
0 0.664415 0.408370 0.702116 0.450737 0.704832 0.452430 0.710614 0.451235 0.711087 0.450859 0.711879 0.449913 0.712869 0.448542 0.713907 0.446955 0.722452 0.433251 0.723374 0.431696 0.724037 0.430415 0.724341 0.429603 0.724330 0.424409 0.674881 0.393575 0.672882 0.394792
0 0.006101 0.754999 0.006183 0.756249 0.006385 0.757954 0.006677 0.759852 0.007013 0.761653 0.007343 0.763080 0.007615 0.763915 0.011487 0.767611 0.072314 0.755117 0.072553 0.753075 0.069875 0.737298 0.013963 0.746790 0.010620 0.747463 0.007123 0.752346 0.006152 0.754394
0 0.695763 0.860596 0.702648 0.875084 0.711349 0.891230 0.726462 0.884050 0.732158 0.862146 0.725256 0.847625 0.724741 0.846828
0 0.550107 0.036620 0.564259 0.061000 0.593160 0.080243 0.605670 0.069418 0.598788 0.057033 0.564032 0.026928 0.562448 0.025928
0 0.206012 0.363885 0.225706 0.418731 0.231468 0.421329 0.232168 0.421309 0.233449 0.421044 0.235117 0.420575 0.236920 0.419973 0.252015 0.414553 0.253684 0.413908 0.254970 0.413316 0.255681 0.412866 0.258963 0.408844 0.257881 0.405832 0.224433 0.360033 0.221247 0.358415
0 0.487742 0.317157 0.487941 0.317716 0.488476 0.318825 0.489263 0.320313 0.490185 0.321955 0.498190 0.335854 0.499109 0.337407 0.499888 0.338640 0.500410 0.339365 0.500594 0.339472 0.505135 0.341465 0.555055 0.312713 0.555691 0.310547 0.547612 0.296520 0.491841 0.309962 0.489036 0.311578
0 0.446324 0.467386 0.446812 0.471853 0.493345 0.506932 0.493421 0.506853 0.503054 0.494074 0.503089 0.494006 0.468885 0.447950 0.466300 0.446001 0.461825 0.446823 0.461553 0.447047 0.460878 0.447825 0.459903 0.449041 0.458776 0.450508 0.449055 0.463404 0.447952 0.464894 0.447046 0.466174 0.446474 0.467049
0 0.609008 0.487478 0.609363 0.519559 0.614068 0.520420 0.630798 0.520234 0.630613 0.503504 0.625335 0.487272 0.609258 0.487451
0 0.476490 0.592618 0.489032 0.602852 0.525873 0.557701 0.525392 0.552685 0.525075 0.552383 0.524238 0.551665 0.523010 0.550639 0.521577 0.549462 0.509150 0.539322 0.507725 0.538167 0.506521 0.537208 0.505718 0.536589 0.505441 0.536405 0.500780 0.536808 0.498757 0.539288 0.476758 0.591560
0 0.743417 0.688266 0.755582 0.698661 0.758538 0.700958 0.806597 0.669631 0.808700 0.667170 0.806826 0.661492 0.806372 0.660992 0.805408 0.660092 0.804078 0.658930 0.791800 0.648438 0.790314 0.647195 0.788903 0.646065 0.787782 0.645220 0.787123 0.644790 0.780840 0.644469
0 0.517006 0.176667 0.527203 0.189000 0.579331 0.166663 0.581798 0.164623 0.582744 0.160746 0.582853 0.158036 0.582728 0.157300 0.582152 0.156107 0.581212 0.154638 0.580052 0.153118 0.569761 0.140672 0.568561 0.139338 0.567509 0.138398 0.566766 0.137995 0.562114 0.135795 0.517203 0.172929
0 0.676504 0.136183 0.691730 0.141232 0.699973 0.125815 0.705240 0.109933 0.689360 0.104667 0.687033 0.104824 0.686605 0.105729
0 0.226292 0.751516 0.226530 0.754783 0.231632 0.756833 0.232387 0.757048 0.233770 0.757127 0.235570 0.757060 0.251870 0.755875 0.253807 0.755671 0.255579 0.755362 0.256914 0.754995 0.257609 0.754628 0.261991 0.749489 0.257765 0.691351 0.241616 0.692525 0.238593 0.694778
0 0.901132 0.242017 0.902093 0.246899 0.902639 0.248400 0.903532 0.250013 0.912223 0.263493 0.913329 0.264979 0.914484 0.266117 0.918474 0.268916 0.923312 0.266244 0.972290 0.234667 0.963519 0.221062 0.908491 0.237280 0.903822 0.240283
0 0.111050 0.661545 0.115008 0.666128 0.116131 0.666942 0.117696 0.667800 0.132207 0.674889 0.133970 0.675656 0.135655 0.676214 0.137005 0.676476 0.137814 0.676405 0.140139 0.675755 0.144252 0.673746 0.145657 0.670870 0.155159 0.614960 0.140781 0.607936 0.136628 0.609184
0 0.450668 0.743742 0.453601 0.746815 0.454570 0.747332 0.456066 0.747876 0.457860 0.748365 0.473582 0.752055 0.475394 0.752412 0.476941 0.752581 0.477987 0.752538 0.482187 0.751138 0.482926 0.747986 0.483122 0.745152 0.479972 0.688527 0.464393 0.684871 0.451232 0.740956
0 0.145063 0.718721 0.145120 0.719467 0.145616 0.724975 0.148677 0.726030 0.205984 0.728659 0.209345 0.726046 0.214559 0.710917 0.160095 0.692146 0.153859 0.695179 0.153281 0.695785 0.152551 0.696997 0.151778 0.698630 0.151082 0.700435 0.145820 0.715704 0.145309 0.717400
0 0.104294 0.490979 0.107391 0.497414 0.110188 0.501720 0.110851 0.502332 0.112102 0.503099 0.113751 0.503903 0.115548 0.504624 0.117222 0.505152 0.118519 0.505407 0.124988 0.505099 0.126269 0.502206 0.145463 0.448841 0.143077 0.443978 0.127852 0.438502
0 0.396821 0.233918 0.401084 0.244910 0.414015 0.274270 0.428695 0.267804 0.428531 0.267269 0.418876 0.242485 0.412133 0.227174
0 0.201025 0.050580 0.209847 0.064794 0.229663 0.095462 0.230283 0.096390 0.243913 0.087931 0.226997 0.060675 0.215241 0.041757
0 0.480597 0.663789 0.481033 0.669427 0.525630 0.706938 0.536049 0.694550 0.535637 0.692326 0.504300 0.645058 0.501851 0.642998 0.497172 0.644082 0.496940 0.644173 0.496271 0.644811 0.495269 0.645898 0.494085 0.647269 0.483761 0.659543 0.482571 0.660995 0.481552 0.662311 0.480859 0.663292
0 0.088322 0.935385 0.102926 0.943547 0.132481 0.934080 0.133324 0.933086 0.141148 0.919082 0.113143 0.903431 0.096483 0.920778
0 0.137671 0.452924 0.139957 0.455270 0.182529 0.495205 0.186158 0.495260 0.197619 0.484092 0.157415 0.442832 0.149400 0.441495 0.146692 0.441630 0.145953 0.441811 0.144791 0.442486 0.143383 0.443552 0.141945 0.444846 0.140697 0.446169 0.139832 0.447319 0.139481 0.448118
