0 0.874116 0.917873 0.874389 0.919022 0.874943 0.920635 0.875692 0.922468 0.876525 0.924245 0.877315 0.925697 0.877943 0.926602 0.882338 0.931563 0.888988 0.935921 0.892052 0.934763 0.939000 0.910275 0.933276 0.895133 0.928323 0.890617 0.874437 0.910987
0 0.699427 0.286154 0.703675 0.301583 0.759216 0.286289 0.765281 0.281289 0.766466 0.277848 0.766487 0.276572 0.766267 0.274870 0.765840 0.273002 0.765271 0.271254 0.764649 0.269896 0.764067 0.269135 0.760933 0.265500 0.757775 0.266370 0.701733 0.283682
0 0.944884 0.333443 0.947311 0.338557 0.948101 0.339761 0.949309 0.341082 0.960853 0.352217 0.962299 0.353457 0.963769 0.354432 0.965039 0.354995 0.967919 0.355662 0.973329 0.353993 0.975577 0.351663 1.000000 0.300813 0.998653 0.299030 0.990485 0.289575 0.984879 0.291980
0 0.490819 0.604937 0.490979 0.605401 0.491460 0.606447 0.492189 0.607916 0.493054 0.609583 0.500607 0.623858 0.501474 0.625463 0.502207 0.626757 0.502695 0.627542 0.502864 0.627698 0.507435 0.629689 0.558942 0.602433 0.551371 0.588126 0.550784 0.587118 0.495209 0.598422 0.492381 0.599918
0 0.151563 0.402861 0.151985 0.460228 0.167548 0.464681 0.171348 0.465084 0.187196 0.409699 0.183309 0.405031 0.183244 0.405006 0.182472 0.404780 0.181107 0.404384 0.179357 0.403880 0.177490 0.403345 0.161963 0.398902 0.160270 0.398419 0.159015 0.398063 0.158389 0.397889 0.152454 0.399749
0 0.614753 0.632184 0.618033 0.689699 0.619398 0.691893 0.635559 0.690971 0.648586 0.635102 0.648402 0.631869 0.644141 0.627880 0.643584 0.627733 0.642381 0.627649 0.640716 0.627643 0.638841 0.627715 0.622828 0.628628 0.621022 0.628766 0.619552 0.628952 0.618642 0.629155
0 0.623044 0.168717 0.638210 0.174354 0.659552 0.117485 0.657676 0.112951 0.657346 0.112819 0.656365 0.112448 0.654884 0.111893 0.653127 0.111238 0.651366 0.110585 0.649871 0.110034 0.648869 0.109669 0.648514 0.109545 0.644206 0.111781
0 0.738620 0.875724 0.746415 0.889699 0.749264 0.894205 0.800157 0.865819 0.800068 0.859392 0.799893 0.858879 0.799353 0.857776 0.798528 0.856251 0.790661 0.842146 0.789682 0.840437 0.788700 0.838811 0.787866 0.837516 0.787307 0.836750 0.787107 0.836626 0.781136 0.833687 0.778341 0.835246
0 0.794261 0.364841 0.800252 0.396358 0.816011 0.393363 0.816737 0.393117 0.826479 0.372320 0.823354 0.355883 0.806917 0.359006
0 0.583516 0.515954 0.587629 0.573415 0.588642 0.574264 0.604788 0.573109 0.617005 0.517056 0.616774 0.513827 0.612648 0.510566 0.612133 0.510579 0.610966 0.510641 0.609326 0.510745 0.607461 0.510873 0.591463 0.512019 0.589650 0.512153 0.588158 0.512274 0.587214 0.512362 0.586963 0.512405
0 0.048421 0.514886 0.048625 0.531072 0.106894 0.530337 0.111388 0.529991 0.113039 0.526499 0.113458 0.525425 0.113726 0.523845 0.113804 0.521998 0.113602 0.505960 0.113478 0.504120 0.113170 0.502560 0.112724 0.501518 0.110984 0.497989 0.106486 0.497965 0.103249 0.498006
0 0.447637 0.259822 0.452724 0.262566 0.509420 0.263947 0.512497 0.263869 0.514629 0.258380 0.514951 0.256997 0.515096 0.255218 0.515041 0.253310 0.514795 0.251562 0.514395 0.250239 0.512887 0.247861 0.503941 0.241979 0.448030 0.243647
0 0.541302 0.924061 0.541783 0.928992 0.542052 0.929871 0.542708 0.931228 0.543653 0.932857 0.544740 0.934509 0.545804 0.935930 0.546680 0.936901 0.547235 0.937274 0.552392 0.940238 0.555075 0.938359 0.599523 0.901724 0.598385 0.897133 0.589207 0.884024 0.542016 0.917065
0 0.214150 0.397350 0.226723 0.407546 0.229847 0.408603 0.266131 0.363857 0.264466 0.358346 0.263918 0.357847 0.262881 0.356969 0.261513 0.355847 0.249055 0.345745 0.247559 0.344544 0.246157 0.343444 0.245061 0.342611 0.244439 0.342172 0.238281 0.341892 0.236242 0.344406
0 0.232030 0.440126 0.232257 0.440830 0.232967 0.441947 0.234049 0.443306 0.235339 0.444703 0.236644 0.445927 0.237766 0.446792 0.238535 0.447167 0.243413 0.448889 0.245760 0.446761 0.286051 0.406850 0.286922 0.402605 0.275536 0.391110 0.232698 0.429610 0.232145 0.437513
0 0.457017 0.288182 0.457509 0.290603 0.505304 0.322763 0.510161 0.320914 0.510733 0.320248 0.511596 0.319087 0.512621 0.317606 0.521575 0.304299 0.522609 0.302720 0.523498 0.301276 0.524108 0.300187 0.524345 0.299618 0.523439 0.293854 0.520753 0.292046 0.466054 0.274752
0 0.553962 0.088850 0.558714 0.090968 0.560232 0.091294 0.562057 0.091427 0.578094 0.091650 0.579957 0.091569 0.581579 0.091286 0.582715 0.090844 0.585964 0.089294 0.586958 0.084546 0.587003 0.081309 0.571582 0.026052 0.555396 0.025827 0.554763 0.031247
0 0.250318 0.161427 0.269223 0.218950 0.284728 0.214324 0.285798 0.213131 0.269586 0.158786 0.268559 0.155621 0.263744 0.153434 0.263542 0.153478 0.262667 0.153726 0.261255 0.154138 0.259519 0.154653 0.257721 0.155192 0.256132 0.155675 0.254994 0.156028 0.254480 0.156198 0.253053 0.156764
0 0.902882 0.113138 0.909016 0.118756 0.915646 0.122807 0.930551 0.106980 0.959240 0.067051 0.946344 0.057280 0.938723 0.065734 0.904476 0.110940
0 0.068550 0.372488 0.084036 0.377176 0.089906 0.374202 0.106338 0.319922 0.106974 0.316865 0.101599 0.312931 0.100474 0.312330 0.098840 0.311744 0.096944 0.311261 0.095072 0.310955 0.093508 0.310872 0.092489 0.311025 0.086608 0.313315 0.079809 0.316855
0 0.901771 0.169238 0.938484 0.213632 0.943554 0.210321 0.956029 0.200004 0.933428 0.147276 0.931365 0.144781 0.924502 0.146006 0.924170 0.146277 0.923277 0.147013 0.921960 0.148102 0.909514 0.158395 0.907978 0.159666 0.906462 0.160922 0.905199 0.161969 0.904381 0.162650 0.904131 0.162861
0 0.732500 0.359070 0.735574 0.362953 0.736280 0.363496 0.737552 0.364182 0.739198 0.364905 0.754075 0.370898 0.755850 0.371552 0.757491 0.372040 0.758748 0.372288 0.759430 0.372257 0.762187 0.371028 0.765218 0.369537 0.786992 0.315483 0.771977 0.309435 0.768868 0.311613 0.733696 0.356102
0 0.468596 0.432883 0.470399 0.491129 0.473892 0.494499 0.474293 0.494495 0.475365 0.494469 0.476944 0.494425 0.478791 0.494369 0.494822 0.493873 0.496662 0.493814 0.498221 0.493762 0.499264 0.493722 0.499630 0.493703 0.502726 0.490241 0.502758 0.490128 0.502658 0.486892 0.484776 0.432382
0 0.001749 0.847928 0.003758 0.863990 0.060378 0.873222 0.063591 0.872820 0.068579 0.868559 0.069616 0.866211 0.069966 0.864766 0.070093 0.862945 0.069977 0.861023 0.067987 0.845108 0.067645 0.843371 0.067128 0.842076 0.064607 0.836802 0.007444 0.843951
0 0.368775 0.181315 0.370275 0.184957 0.384499 0.192288 0.410891 0.141081 0.409861 0.136931 0.409085 0.134504 0.408637 0.133852 0.407602 0.132961 0.406136 0.131965 0.404463 0.131019 0.390108 0.123620 0.388489 0.122870 0.387177 0.122433 0.386372 0.122376 0.381084 0.122100 0.379600 0.124977
0 0.414022 0.064728 0.415004 0.069704 0.443852 0.118531 0.446191 0.120715 0.450894 0.118751 0.451661 0.118413 0.452763 0.117556 0.454032 0.116311 0.464978 0.104587 0.466226 0.103137 0.467267 0.101699 0.467944 0.100490 0.468152 0.099694 0.468033 0.097322 0.467663 0.092666 0.425069 0.052897
0 0.317643 0.263627 0.319727 0.266329 0.335697 0.267351 0.355142 0.214077 0.355346 0.210883 0.353674 0.207540 0.351521 0.205602 0.350958 0.205190 0.349743 0.204792 0.348063 0.204470 0.346172 0.204274 0.330055 0.203243 0.328250 0.203202 0.326812 0.203324 0.325960 0.203590 0.321365 0.205472
0 0.619865 0.410150 0.628586 0.423567 0.682925 0.407336 0.685040 0.406265 0.687755 0.404500 0.687837 0.400047 0.687476 0.399055 0.686760 0.397661 0.685799 0.396080 0.676998 0.382538 0.675942 0.381015 0.674954 0.379788 0.674187 0.379044 0.670113 0.377355 0.621251 0.409111
0 0.162649 0.836607 0.163255 0.839787 0.169576 0.841159 0.170872 0.841121 0.172606 0.840864 0.188471 0.837842 0.190374 0.837407 0.192149 0.836860 0.193523 0.836287 0.194289 0.835774 0.198544 0.829916 0.187766 0.773325 0.172046 0.776318 0.168254 0.779513
0 0.557663 0.345681 0.559591 0.350651 0.614430 0.368296 0.615753 0.366773 0.620711 0.351363 0.569118 0.332571 0.566001 0.331567 0.561326 0.334587 0.560621 0.336489 0.560429 0.337053 0.560041 0.338229 0.559518 0.339836 0.558939 0.341631 0.558390 0.343343 0.557955 0.344713 0.557700 0.345535
0 0.021281 0.294878 0.023488 0.300749 0.023691 0.301272 0.024437 0.302242 0.025614 0.303509 0.036958 0.315005 0.038382 0.316373 0.039831 0.317628 0.041082 0.318579 0.041946 0.319080 0.049232 0.320003 0.090238 0.279541 0.078998 0.268150 0.074131 0.265469 0.023586 0.292604
0 0.802981 0.357643 0.816628 0.366000 0.820289 0.364450 0.850721 0.314754 0.847388 0.310019 0.846308 0.309056 0.844818 0.308037 0.831045 0.299603 0.829377 0.298688 0.827791 0.298019 0.826530 0.297698 0.823112 0.297847 0.819419 0.300157 0.817748 0.302887
0 0.484061 0.380405 0.485029 0.384866 0.485692 0.386400 0.486666 0.388000 0.487802 0.389425 0.488930 0.390460 0.493220 0.393539 0.495743 0.391851 0.542261 0.359412 0.546474 0.355242 0.537219 0.341970 0.491281 0.372437
0 0.348319 0.070110 0.350053 0.075024 0.359181 0.088167 0.412997 0.070273 0.415625 0.068448 0.416113 0.061372 0.415793 0.060491 0.415100 0.059136 0.414139 0.057515 0.413059 0.055875 0.403846 0.042611 0.402814 0.041209 0.401991 0.040263 0.401503 0.039917 0.396182 0.036868
0 0.556808 0.061913 0.606470 0.087466 0.614063 0.083069 0.615063 0.082035 0.616085 0.080516 0.616971 0.078744 0.617585 0.076992 0.621331 0.063022 0.621577 0.061570 0.621922 0.053244 0.619202 0.051809 0.568305 0.041146 0.560757 0.047858
0 0.181756 0.660885 0.191699 0.673659 0.195223 0.671674 0.240682 0.636289 0.240031 0.631967 0.239680 0.630996 0.238915 0.629666 0.237852 0.628179 0.236652 0.626759 0.235496 0.625621 0.234558 0.624936 0.230853 0.623661 0.224556 0.626554 0.221972 0.628566
0 0.496853 0.059658 0.497319 0.065652 0.497373 0.066341 0.497809 0.067572 0.498562 0.069160 0.505996 0.083475 0.506948 0.085171 0.507951 0.086710 0.508851 0.087858 0.509511 0.088440 0.515991 0.090590 0.518708 0.088898 0.558011 0.045382 0.550542 0.030999 0.546646 0.028090
