0 0.450612 0.026154 0.450810 0.028051 0.482575 0.032107 0.486630 0.000342 0.486577 0.000000 0.454684 0.000000
0 0.744283 0.836660 0.752503 0.867610 0.753518 0.869088 0.784592 0.860835 0.776339 0.829761 0.775233 0.828441
0 0.360093 0.198230 0.360653 0.199437 0.391083 0.209352 0.400998 0.178922 0.400600 0.177633 0.370048 0.167678
0 0.051716 0.358707 0.053511 0.359272 0.085013 0.365023 0.090764 0.333521 0.089119 0.332852 0.057490 0.327078
0 0.927621 0.704064 0.948622 0.728215 0.950424 0.729132 0.974672 0.708047 0.953587 0.683799 0.951772 0.683063
0 0.343929 0.100110 0.344554 0.101710 0.368425 0.123056 0.389771 0.099185 0.389328 0.097575 0.365361 0.076143
0 0.235844 0.840093 0.235960 0.841051 0.257196 0.863769 0.258211 0.864021 0.262398 0.860106 0.267830 0.851874 0.245975 0.828494 0.241883 0.832318
0 0.900744 0.925868 0.903236 0.957793 0.904857 0.959633 0.936911 0.957131 0.934408 0.925077 0.932670 0.923376
0 0.356706 0.648055 0.366607 0.678645 0.397196 0.668744 0.397608 0.668068 0.387747 0.637602 0.357280 0.647463
0 0.136489 0.767362 0.136547 0.768257 0.169744 0.767841 0.170933 0.735531 0.170742 0.734769 0.137707 0.734984
0 0.195237 0.187143 0.208085 0.216315 0.210465 0.217042 0.237492 0.202623 0.224607 0.173420 0.222271 0.172518
0 0.368990 0.953074 0.399046 0.964492 0.410464 0.934437 0.410822 0.932698 0.380887 0.921325 0.369515 0.951261
0 0.506708 0.390548 0.517694 0.420608 0.547754 0.409622 0.547946 0.409259 0.536915 0.379078 0.506735 0.390109
0 0.704634 0.823537 0.705456 0.824837 0.729443 0.846246 0.750852 0.822259 0.749848 0.820969 0.725957 0.799646
0 0.932821 0.185808 0.933500 0.191368 0.965268 0.187486 0.976153 0.180175 0.975458 0.174485 0.974269 0.173963 0.943401 0.177734 0.933766 0.184737
0 0.017069 0.416701 0.019002 0.417034 0.050876 0.420121 0.053962 0.388247 0.052170 0.387798 0.020168 0.384699
0 0.284732 0.350905 0.286638 0.382202 0.288079 0.383429 0.319512 0.380106 0.317501 0.348872 0.316178 0.347510
0 0.593554 0.129894 0.593619 0.161917 0.625642 0.161852 0.626147 0.160493 0.626081 0.128341 0.593930 0.128407
0 0.297649 0.391515 0.317492 0.416813 0.318223 0.417146 0.343419 0.397383 0.323656 0.372186 0.322948 0.371673
0 0.660561 0.883443 0.668798 0.912729 0.672547 0.921897 0.673658 0.922710 0.679176 0.921158 0.670308 0.889628 0.666415 0.880721 0.661023 0.882237
0 0.716561 0.325345 0.748294 0.329509 0.754102 0.325521 0.754848 0.319838 0.753994 0.319025 0.723161 0.314979 0.722373 0.315576 0.717290 0.319792
0 0.921633 0.232761 0.929061 0.263910 0.960210 0.256482 0.962060 0.255503 0.954602 0.224228 0.923327 0.231687
0 0.071520 0.085702 0.073234 0.087360 0.105235 0.087848 0.105724 0.055848 0.104140 0.054063 0.072011 0.053573
0 0.493794 0.525526 0.506670 0.554987 0.536130 0.542111 0.523255 0.512650 0.523162 0.512600 0.493819 0.525424
0 0.458095 0.233181 0.459053 0.239280 0.461661 0.244237 0.489985 0.229334 0.489750 0.223002 0.487081 0.217929 0.485984 0.217751 0.458463 0.232231
0 0.429208 0.651854 0.446331 0.679067 0.473544 0.661943 0.473650 0.661295 0.456595 0.634191 0.429491 0.651246
0 0.198812 0.750796 0.229442 0.760573 0.230525 0.759530 0.240262 0.729023 0.209755 0.719286 0.208589 0.720167
0 0.802270 0.199170 0.823170 0.223432 0.824469 0.222321 0.848829 0.201336 0.827844 0.176977 0.803485 0.197961
0 0.112780 0.747677 0.116021 0.779665 0.148009 0.776424 0.149418 0.775317 0.146190 0.743458 0.114330 0.746685
0 0.574244 0.673815 0.574543 0.674513 0.601775 0.691605 0.618867 0.664372 0.618391 0.663714 0.591267 0.646691
0 0.249682 0.924772 0.278465 0.940403 0.281200 0.935366 0.286202 0.925413 0.285758 0.924571 0.259025 0.910053 0.258077 0.910140 0.252417 0.919735
0 0.864046 0.379226 0.865630 0.411209 0.897614 0.409626 0.899212 0.409262 0.897622 0.377150 0.865510 0.378740
0 0.059107 0.757291 0.084307 0.777228 0.085970 0.776119 0.105828 0.751020 0.080729 0.731162 0.079045 0.732091
0 0.660857 0.144786 0.662717 0.176755 0.694685 0.174895 0.695468 0.173588 0.693601 0.141491 0.661503 0.143358
0 0.413871 0.184240 0.414216 0.185504 0.436534 0.208468 0.459498 0.186150 0.459335 0.184889 0.436927 0.161832
0 0.214851 0.565620 0.215477 0.597747 0.247604 0.597121 0.248614 0.596732 0.247990 0.564734 0.215992 0.565358
0 0.229025 0.191529 0.238320 0.222308 0.239368 0.223419 0.270023 0.214161 0.260765 0.183506 0.259804 0.182234
0 0.477044 0.274329 0.477136 0.275233 0.508788 0.280094 0.513649 0.248442 0.513704 0.247431 0.481925 0.242550
0 0.712693 0.736333 0.713035 0.737230 0.718019 0.742780 0.723376 0.744820 0.735030 0.714210 0.729657 0.709313 0.724423 0.707320 0.723518 0.707902
0 0.546811 0.861182 0.546999 0.862633 0.562435 0.890815 0.590618 0.875379 0.590255 0.873877 0.574880 0.845807
