0 0.163994 0.448479 0.166818 0.453467 0.174435 0.454531 0.202285 0.438762 0.199526 0.433888 0.198263 0.433548 0.191560 0.432072 0.164500 0.447394
0 0.611012 0.259701 0.615004 0.291474 0.646777 0.287482 0.647367 0.286628 0.643359 0.254727 0.611458 0.258735
0 0.172136 0.690196 0.186800 0.718809 0.215413 0.704145 0.216552 0.703328 0.201947 0.674829 0.173449 0.689435
0 0.211201 0.401934 0.215711 0.405471 0.222210 0.407632 0.223176 0.407443 0.241949 0.383504 0.241960 0.382448 0.237553 0.378991 0.231413 0.376160
0 0.694704 0.787032 0.695486 0.788185 0.714700 0.813941 0.740456 0.794727 0.721242 0.768972 0.720357 0.767896
0 0.879821 0.586450 0.901307 0.610169 0.902919 0.610612 0.926734 0.589039 0.905161 0.565224 0.903540 0.564963
0 0.063352 0.236008 0.076785 0.265219 0.078479 0.266159 0.107573 0.252780 0.094194 0.223686 0.092563 0.222575
0 0.407121 0.481518 0.408032 0.487177 0.409023 0.487863 0.411000 0.488127 0.441036 0.483293 0.441732 0.482386 0.440842 0.476856 0.439458 0.476315
0 0.850314 0.228267 0.878982 0.242536 0.880505 0.241501 0.894832 0.212718 0.866049 0.198392 0.864584 0.199599
0 0.732074 0.427748 0.761693 0.439921 0.762744 0.439679 0.774966 0.409941 0.745228 0.397720 0.744246 0.398129
0 0.111146 0.412236 0.111728 0.413012 0.120604 0.415001 0.126205 0.415061 0.126550 0.383059 0.117813 0.380323 0.112081 0.380261 0.111481 0.381140
0 0.403361 0.698061 0.429713 0.716447 0.448100 0.690095 0.448308 0.689334 0.422060 0.671021 0.403747 0.697268
0 0.321450 0.759797 0.353571 0.761204 0.354157 0.760159 0.355558 0.728167 0.323566 0.726765 0.322857 0.727677
0 0.272381 0.557671 0.274480 0.563005 0.279636 0.561564 0.309417 0.549845 0.307367 0.544633 0.306218 0.544207 0.301914 0.545189 0.272976 0.556576
0 0.890254 0.126993 0.916156 0.145792 0.917827 0.144369 0.936702 0.118363 0.910696 0.099489 0.909053 0.101091
0 0.222371 0.602680 0.234135 0.632582 0.264037 0.620819 0.264981 0.620335 0.253264 0.590553 0.252273 0.590916
0 0.068997 0.813901 0.071143 0.845981 0.103223 0.843835 0.104811 0.842458 0.102674 0.810507 0.070723 0.812644
0 0.265882 0.430008 0.269638 0.434337 0.274904 0.435838 0.275904 0.435882 0.298885 0.415947 0.299080 0.414867 0.295410 0.410636 0.290623 0.408545
0 0.762297 0.062290 0.773228 0.092389 0.803328 0.081458 0.804547 0.079776 0.793571 0.049556 0.763351 0.060531
0 0.630227 0.745872 0.630396 0.746837 0.633447 0.752612 0.638275 0.755700 0.655923 0.728108 0.652359 0.722893 0.647641 0.719875 0.646619 0.720244
0 0.103729 0.748523 0.133763 0.759949 0.135228 0.758909 0.146608 0.728996 0.116695 0.717616 0.115155 0.718490
0 0.211657 0.564206 0.238226 0.582279 0.239274 0.581949 0.257274 0.555487 0.230811 0.537486 0.229730 0.537637
0 0.695204 0.417113 0.695424 0.422709 0.727404 0.421455 0.732724 0.419618 0.732499 0.413890 0.731514 0.413155 0.700440 0.414373 0.696084 0.416234
0 0.649518 0.393252 0.677781 0.408308 0.678495 0.407939 0.693612 0.379563 0.665236 0.364446 0.664574 0.364989
0 0.287548 0.028924 0.292405 0.039693 0.323292 0.048074 0.324759 0.042669 0.320659 0.031970 0.320189 0.031239 0.290176 0.023095 0.289049 0.023392
0 0.162325 0.485841 0.165528 0.490595 0.173174 0.490810 0.199714 0.472923 0.196584 0.468279 0.195299 0.468044 0.188531 0.467334 0.162743 0.484714
0 0.109915 0.933936 0.140076 0.946707 0.148304 0.936495 0.150488 0.931337 0.149863 0.930534 0.121849 0.918673 0.121016 0.918859 0.112150 0.928658
0 0.153374 0.029020 0.154761 0.030904 0.184340 0.043124 0.196561 0.013545 0.195342 0.011591 0.165888 0.000084 0.165644 0.000000
0 0.937316 0.570857 0.939041 0.602834 0.940806 0.603247 0.972911 0.601515 0.971178 0.569410 0.969292 0.569132
0 0.571286 0.709094 0.571573 0.709934 0.590412 0.735988 0.616466 0.717150 0.616000 0.716280 0.597236 0.690330
0 0.290215 0.218192 0.291054 0.219320 0.321183 0.230171 0.332034 0.200043 0.331359 0.198837 0.301109 0.187943
0 0.480405 0.467637 0.480484 0.467767 0.511885 0.474049 0.511932 0.473944 0.518239 0.442417 0.486713 0.436110
0 0.667775 0.732778 0.668450 0.733713 0.692183 0.755403 0.713873 0.731669 0.713017 0.730742 0.689378 0.709139
0 0.860149 0.896615 0.861596 0.898209 0.892812 0.905910 0.900513 0.874694 0.898909 0.873194 0.867819 0.865524
0 0.127285 0.893112 0.157343 0.904474 0.158714 0.902856 0.170030 0.872918 0.140092 0.861602 0.138647 0.863055
0 0.471652 0.874985 0.503693 0.877648 0.506356 0.845607 0.506330 0.844223 0.474417 0.841571 0.471765 0.873484
0 0.780672 0.365206 0.810194 0.377612 0.811440 0.377121 0.823896 0.347480 0.794256 0.335024 0.793078 0.335684
0 0.805880 0.813682 0.807109 0.814942 0.839260 0.815169 0.839487 0.783018 0.838128 0.781885 0.806106 0.781660
