0 0.449827 0.559496 0.479835 0.571011 0.491163 0.542557 0.491593 0.540880 0.461519 0.529314 0.450414 0.557763
0 0.504997 0.344204 0.530143 0.364002 0.549941 0.338857 0.550142 0.338209 0.524895 0.318331 0.505017 0.343578
0 0.237048 0.462851 0.268610 0.468884 0.269535 0.469008 0.275544 0.437573 0.274642 0.437322 0.243080 0.431290
0 0.219006 0.852318 0.245669 0.870252 0.246687 0.868771 0.264549 0.842214 0.237992 0.824352 0.236940 0.825655
0 0.779477 0.222471 0.806682 0.239329 0.807914 0.238282 0.824840 0.210968 0.797526 0.194042 0.796335 0.195266
0 0.243031 0.768270 0.251945 0.799142 0.282817 0.790228 0.283686 0.789067 0.274808 0.758319 0.244059 0.767197
0 0.204111 0.253896 0.220788 0.281362 0.221905 0.282237 0.249261 0.265627 0.232651 0.238270 0.231577 0.237219
0 0.794413 0.104530 0.824921 0.114201 0.826226 0.112651 0.835936 0.082020 0.805305 0.072310 0.804084 0.074021
0 0.693080 0.846107 0.693855 0.847498 0.725987 0.847828 0.726317 0.815697 0.725412 0.814434 0.693409 0.814105
0 0.880404 0.735299 0.883256 0.767194 0.884796 0.768268 0.916820 0.765405 0.913957 0.733381 0.912300 0.732447
0 0.210512 0.401250 0.227480 0.428559 0.228571 0.428845 0.255771 0.411945 0.238871 0.384745 0.237822 0.384282
0 0.437970 0.235560 0.439388 0.241605 0.439937 0.242427 0.469465 0.249749 0.470452 0.249308 0.471799 0.243871 0.471140 0.237879 0.439349 0.229997
0 0.907392 0.529488 0.937579 0.540120 0.939336 0.540281 0.950011 0.509973 0.919703 0.499298 0.918023 0.499301
0 0.505690 0.901720 0.505713 0.903333 0.537601 0.907293 0.541561 0.875405 0.541395 0.873903 0.509634 0.869959
0 0.864245 0.561561 0.873758 0.592138 0.875260 0.592508 0.905960 0.582957 0.896409 0.552257 0.894822 0.552048
0 0.035172 0.567838 0.054421 0.593568 0.056203 0.593194 0.081830 0.574022 0.062659 0.548395 0.060902 0.548590
0 0.825786 0.908258 0.827095 0.909898 0.849177 0.933241 0.872520 0.911158 0.871030 0.909513 0.849036 0.886263
0 0.936218 0.302891 0.963154 0.320175 0.965015 0.319452 0.982368 0.292408 0.955323 0.275055 0.953502 0.275954
0 0.929511 0.880449 0.952917 0.902277 0.954736 0.903893 0.976651 0.880393 0.953151 0.858477 0.951338 0.857043
0 0.815430 0.584522 0.835086 0.609779 0.836432 0.610220 0.861791 0.590485 0.842055 0.565126 0.840687 0.564866
0 0.450183 0.536821 0.481267 0.544966 0.481342 0.544786 0.489453 0.513826 0.458494 0.505715 0.458327 0.505738
0 0.345988 0.358499 0.349965 0.390385 0.350565 0.390823 0.382324 0.386862 0.378363 0.355104 0.377874 0.354522
0 0.579099 0.663306 0.603968 0.682312 0.605461 0.682893 0.624191 0.656811 0.599366 0.637708 0.597897 0.637305
0 0.781478 0.290098 0.788088 0.321412 0.819403 0.314802 0.820686 0.314058 0.814049 0.282618 0.782609 0.289255
0 0.570697 0.855776 0.570981 0.857206 0.599350 0.872337 0.614480 0.843968 0.614022 0.842591 0.585766 0.827521
0 0.641367 0.884044 0.644674 0.893029 0.647980 0.897711 0.649034 0.897675 0.674437 0.879738 0.674736 0.878819 0.670741 0.870159 0.667511 0.865583
0 0.572441 0.514621 0.572732 0.514680 0.604410 0.520065 0.609795 0.488386 0.578116 0.483001 0.577803 0.483069
0 0.391405 0.514640 0.412765 0.538670 0.413114 0.538515 0.437048 0.517240 0.415773 0.493306 0.415435 0.493279
0 0.112306 0.661362 0.113076 0.662290 0.142812 0.671389 0.150574 0.667664 0.151773 0.667038 0.153412 0.661682 0.122807 0.652318 0.113983 0.655881
0 0.102831 0.426127 0.106354 0.430648 0.115353 0.432233 0.116257 0.432334 0.140254 0.413637 0.140599 0.412563 0.137157 0.408145 0.128668 0.405996
0 0.110648 0.586032 0.110976 0.618182 0.143126 0.617854 0.144554 0.617382 0.144227 0.585361 0.112206 0.585688
0 0.553250 0.648754 0.557342 0.680514 0.557573 0.681239 0.589461 0.677131 0.585352 0.645243 0.585011 0.644662
0 0.404141 0.132130 0.406224 0.140123 0.406724 0.141369 0.411926 0.143446 0.423792 0.113722 0.422009 0.104685 0.416686 0.102560 0.415671 0.103249
0 0.862748 0.553134 0.864002 0.558593 0.872518 0.559964 0.904440 0.552635 0.903158 0.547048 0.901941 0.546406 0.893207 0.545398 0.863557 0.552205
0 0.563105 0.565982 0.563358 0.566247 0.595127 0.571074 0.599954 0.539306 0.599554 0.539148 0.567913 0.534341
0 0.482661 0.425855 0.482731 0.426151 0.505716 0.448448 0.528013 0.425463 0.528125 0.425163 0.505048 0.402777
0 0.705913 0.561277 0.706740 0.561523 0.738865 0.562266 0.739607 0.530141 0.738649 0.530020 0.706653 0.529281
0 0.889099 0.627963 0.890662 0.628477 0.921950 0.635881 0.929353 0.604593 0.927634 0.604174 0.896472 0.596801
0 0.719990 0.518995 0.719999 0.524596 0.720927 0.525409 0.725834 0.525974 0.756932 0.525924 0.757900 0.525119 0.757890 0.519387 0.751995 0.518944
