0 0.570435 0.897900 0.570718 0.899500 0.585507 0.928048 0.614055 0.913260 0.613599 0.911605 0.598869 0.883171
0 0.620940 0.467244 0.652680 0.471496 0.653293 0.471381 0.657562 0.439514 0.625695 0.435246 0.625192 0.435505
0 0.305327 0.604198 0.335015 0.616490 0.335675 0.616024 0.347919 0.586454 0.318349 0.574211 0.317619 0.574509
0 0.434238 0.108752 0.434501 0.110318 0.443220 0.141112 0.474014 0.132393 0.473909 0.130916 0.465156 0.099998
0 0.670513 0.346746 0.671072 0.378955 0.700642 0.379208 0.703012 0.378716 0.702454 0.346593 0.672782 0.346124
0 0.575355 0.448684 0.606222 0.457210 0.606649 0.457038 0.615209 0.426047 0.584218 0.417487 0.583881 0.417817
0 0.455786 0.640155 0.475610 0.665444 0.500899 0.645620 0.500895 0.645037 0.481150 0.619849 0.455962 0.639594
0 0.354084 0.482788 0.357420 0.483181 0.389313 0.485850 0.389780 0.480268 0.388986 0.479392 0.386520 0.478935 0.355531 0.476342 0.354562 0.477076
0 0.914705 0.840047 0.934417 0.865261 0.936162 0.866728 0.961477 0.846937 0.941686 0.821622 0.939919 0.820335
0 0.860368 0.739671 0.862317 0.744922 0.870793 0.750652 0.871628 0.750988 0.900783 0.740170 0.901501 0.739258 0.899507 0.733884 0.890374 0.728537
0 0.339739 0.177548 0.341687 0.182939 0.345306 0.190187 0.375406 0.179310 0.373502 0.174043 0.370543 0.166417 0.369571 0.166120 0.340324 0.176689
0 0.800692 0.679655 0.805118 0.683087 0.812257 0.687371 0.832327 0.661487 0.827797 0.657975 0.820304 0.654363 0.819363 0.654594 0.800722 0.678635
0 0.625271 0.686192 0.628202 0.690548 0.631885 0.694940 0.632961 0.694927 0.656788 0.674944 0.656981 0.673893 0.653297 0.669501 0.649793 0.665626
0 0.060159 0.097820 0.061920 0.099429 0.093628 0.103907 0.098105 0.072199 0.096490 0.070479 0.064654 0.065984
0 0.572126 0.610887 0.586996 0.639248 0.587345 0.639808 0.615820 0.624878 0.600891 0.596403 0.600487 0.596017
0 0.046877 0.578976 0.050309 0.610943 0.082276 0.607512 0.083949 0.607082 0.080531 0.575242 0.048691 0.578659
0 0.792297 0.316115 0.793227 0.316846 0.823616 0.318261 0.830804 0.314224 0.831853 0.313335 0.832120 0.307610 0.799402 0.306087 0.792558 0.310520
0 0.727775 0.776592 0.728693 0.777708 0.752056 0.800000 0.774348 0.776638 0.773246 0.775526 0.749977 0.753324
0 0.681117 0.175146 0.699170 0.202035 0.723369 0.185105 0.725534 0.183548 0.707554 0.156654 0.683131 0.173539
0 0.372990 0.250553 0.375893 0.256255 0.380383 0.259604 0.381435 0.259304 0.399623 0.234918 0.399517 0.233950 0.397167 0.227725 0.392572 0.224298
0 0.128901 0.182311 0.137606 0.213243 0.139056 0.214390 0.169864 0.205720 0.161193 0.174912 0.159833 0.173606
0 0.645359 0.821308 0.645943 0.822599 0.676816 0.831508 0.685725 0.800635 0.684982 0.799432 0.654232 0.790559
0 0.632325 0.364289 0.657022 0.384673 0.657653 0.384210 0.678120 0.359414 0.653324 0.338947 0.652710 0.339592
0 0.425127 0.247631 0.431246 0.279195 0.431522 0.280079 0.462959 0.273985 0.462810 0.273076 0.456691 0.241512
0 0.529676 0.151647 0.556979 0.168346 0.559901 0.163568 0.561303 0.155697 0.560996 0.154773 0.534467 0.138547 0.533361 0.138607 0.530370 0.143497
0 0.032755 0.908156 0.033569 0.908941 0.063291 0.918088 0.064059 0.917791 0.074025 0.908240 0.075672 0.902887 0.045084 0.893473 0.034441 0.902678
0 0.665769 0.720509 0.667272 0.725905 0.671185 0.731190 0.672093 0.731624 0.702050 0.723279 0.702737 0.722401 0.701199 0.716880 0.696600 0.711922
0 0.838150 0.268375 0.869565 0.274585 0.871050 0.273679 0.877285 0.242138 0.845744 0.235903 0.844360 0.236960
0 0.729214 0.489553 0.761098 0.492527 0.762148 0.492497 0.765133 0.460484 0.733121 0.457498 0.732188 0.457668
0 0.657793 0.172325 0.665671 0.203345 0.696690 0.195467 0.697480 0.194244 0.689571 0.163099 0.658427 0.171009
0 0.732031 0.783937 0.732963 0.785077 0.759147 0.803703 0.777773 0.777519 0.776662 0.776409 0.750582 0.757857
0 0.342700 0.673146 0.354741 0.702958 0.384553 0.690917 0.385015 0.690152 0.373022 0.660460 0.343330 0.672453
0 0.585594 0.080637 0.617419 0.084197 0.617891 0.082526 0.621465 0.050574 0.589513 0.046999 0.589155 0.048812
0 0.572992 0.358781 0.579920 0.388403 0.580836 0.389064 0.586290 0.387788 0.588308 0.385163 0.580849 0.353270 0.575267 0.354576 0.574613 0.355644
0 0.236569 0.736200 0.262007 0.755862 0.262960 0.754838 0.282544 0.729501 0.257207 0.709918 0.256231 0.710761
0 0.818945 0.053262 0.820358 0.058682 0.821518 0.059002 0.850955 0.051327 0.858751 0.041361 0.859546 0.040093 0.858100 0.034547 0.826407 0.042811
0 0.171810 0.796530 0.203925 0.797629 0.205109 0.796438 0.206204 0.764452 0.174218 0.763358 0.172909 0.764415
0 0.471349 0.708017 0.471696 0.740149 0.503827 0.739801 0.503480 0.707670 0.503466 0.706839 0.471463 0.707185
0 0.174678 0.856069 0.191046 0.883742 0.218720 0.867373 0.219846 0.865903 0.203543 0.838340 0.175980 0.854643
0 0.455764 0.046638 0.456725 0.056489 0.473157 0.082091 0.474278 0.082571 0.478992 0.079546 0.478500 0.069709 0.460809 0.042145 0.455985 0.045241
