0 0.654516 0.743097 0.668131 0.772061 0.668807 0.773153 0.697887 0.759484 0.684218 0.730403 0.683481 0.729481
0 0.015661 0.180147 0.017598 0.181427 0.049482 0.184207 0.052263 0.152324 0.050464 0.150927 0.018453 0.148135
0 0.413966 0.827826 0.444054 0.839159 0.455388 0.809072 0.455566 0.807835 0.425599 0.796546 0.414311 0.826514
0 0.094074 0.350425 0.127237 0.353217 0.127801 0.353203 0.129749 0.321075 0.129192 0.320961 0.095966 0.318039
0 0.510644 0.269333 0.542569 0.271838 0.542740 0.270921 0.545255 0.238868 0.513202 0.236353 0.510687 0.268406
0 0.682667 0.033083 0.713798 0.040510 0.714656 0.038664 0.722113 0.007408 0.690858 0.000000 0.690094 0.001952
0 0.580373 0.047388 0.610354 0.058589 0.621555 0.028609 0.622043 0.026715 0.591942 0.015469 0.580696 0.045570
0 0.527788 0.290195 0.529124 0.322172 0.561100 0.320836 0.561346 0.320117 0.560005 0.288012 0.527900 0.289352
0 0.581191 0.554417 0.581517 0.554636 0.608618 0.571934 0.625917 0.544832 0.598815 0.527534 0.598419 0.527424
0 0.593333 0.680885 0.593709 0.681612 0.609203 0.709783 0.637375 0.694289 0.621880 0.666117 0.621392 0.665452
0 0.706466 0.659150 0.721457 0.687426 0.722347 0.688179 0.750736 0.673127 0.735685 0.644738 0.734742 0.644159
0 0.788251 0.907814 0.794995 0.917355 0.825865 0.928301 0.827781 0.922899 0.827091 0.921607 0.819983 0.912446 0.791311 0.902279 0.790123 0.902536
0 0.382796 0.100805 0.383265 0.102403 0.410875 0.118626 0.427098 0.091017 0.426805 0.089373 0.399085 0.073085
0 0.760329 0.293438 0.790674 0.303667 0.791843 0.302878 0.802113 0.272411 0.771646 0.262141 0.770559 0.263093
0 0.647094 0.882879 0.647685 0.884417 0.679491 0.888990 0.684064 0.857184 0.683328 0.855755 0.651649 0.851201
0 0.416754 0.672421 0.445875 0.686005 0.459459 0.656885 0.459621 0.656257 0.430618 0.642727 0.430339 0.643300
0 0.879480 0.885443 0.895713 0.913046 0.897304 0.914706 0.925018 0.898408 0.908719 0.870694 0.907083 0.869210
0 0.459089 0.374158 0.459253 0.374662 0.490661 0.380811 0.496810 0.349403 0.496797 0.348798 0.465263 0.342624
0 0.092508 0.654382 0.123261 0.663760 0.124769 0.663105 0.134110 0.632475 0.103480 0.623134 0.101886 0.623629
0 0.877414 0.423217 0.894242 0.450462 0.895826 0.450263 0.923181 0.433368 0.906285 0.406013 0.904659 0.406390
0 0.302863 0.763192 0.334890 0.765797 0.335551 0.764734 0.338146 0.732835 0.306247 0.730240 0.305469 0.731164
0 0.041731 0.454005 0.057668 0.481929 0.059438 0.482001 0.087251 0.466129 0.071378 0.438316 0.069656 0.438069
0 0.960821 0.384918 0.985520 0.405301 0.987471 0.404920 0.996154 0.391242 0.998754 0.386409 1.000000 0.381102 1.000000 0.380122 0.997728 0.375692 0.994258 0.371440 0.983138 0.359658 0.981204 0.360219
0 0.360639 0.273677 0.361197 0.274583 0.391410 0.285195 0.402022 0.254982 0.401628 0.253997 0.371294 0.243343
0 0.259721 0.930377 0.287539 0.946499 0.303660 0.918681 0.304446 0.917005 0.276740 0.900948 0.260683 0.928655
0 0.461646 0.085340 0.461799 0.086999 0.481396 0.112326 0.506722 0.092729 0.506749 0.091092 0.487074 0.065664
0 0.772019 0.573671 0.773112 0.573967 0.804687 0.579928 0.810649 0.548353 0.779073 0.542391 0.777957 0.542222
0 0.749759 0.056605 0.770368 0.081090 0.774653 0.077484 0.781079 0.067599 0.781014 0.066699 0.760988 0.042907 0.759987 0.042540 0.755602 0.046232
0 0.836469 0.914508 0.837821 0.916174 0.869950 0.917370 0.871146 0.885241 0.869661 0.883699 0.837660 0.882508
0 0.173191 0.110194 0.174500 0.111755 0.205151 0.121024 0.214421 0.090372 0.213273 0.088726 0.182498 0.079419
0 0.673566 0.508280 0.705099 0.513862 0.705923 0.513918 0.711528 0.482259 0.679869 0.476654 0.679149 0.476748
0 0.426016 0.629365 0.426392 0.630520 0.431638 0.632830 0.433201 0.629793 0.446097 0.600502 0.440971 0.598245 0.439882 0.598711 0.438547 0.600904
0 0.327317 0.816796 0.353034 0.836093 0.372331 0.810376 0.372842 0.809134 0.347228 0.789914 0.328008 0.815528
0 0.865479 0.375670 0.866076 0.376662 0.893654 0.389505 0.902398 0.387050 0.903721 0.386588 0.906141 0.381392 0.876449 0.367565 0.867843 0.370592
0 0.578670 0.483193 0.579759 0.515179 0.580079 0.515240 0.612194 0.514147 0.611101 0.482033 0.578986 0.483126
0 0.063142 0.328110 0.090019 0.345722 0.091659 0.346339 0.109201 0.319570 0.082432 0.302028 0.080754 0.301233
0 0.915904 0.022856 0.920710 0.054497 0.952352 0.049691 0.954169 0.047882 0.949343 0.016114 0.917574 0.020939
0 0.595816 0.779403 0.596201 0.780526 0.609142 0.809958 0.638574 0.797017 0.625633 0.767585 0.625130 0.766514
0 0.747034 0.383259 0.749057 0.415218 0.781015 0.413196 0.782145 0.412847 0.780114 0.380759 0.748027 0.382790
0 0.619806 0.110288 0.630330 0.140532 0.660574 0.130008 0.661219 0.128521 0.650653 0.098155 0.620287 0.108722
