0 0.351055 0.627013 0.360539 0.657734 0.391260 0.648250 0.391695 0.647656 0.382249 0.617058 0.351651 0.626504
0 0.725978 0.064314 0.755698 0.076188 0.756725 0.074486 0.768648 0.044646 0.738808 0.032724 0.737853 0.034593
0 0.590258 0.540787 0.590620 0.540951 0.621507 0.549814 0.630370 0.518927 0.599483 0.510064 0.599085 0.510024
0 0.500783 0.513188 0.500787 0.513241 0.528871 0.528855 0.544485 0.500770 0.516400 0.485157 0.516334 0.485216
0 0.294166 0.768263 0.302307 0.799988 0.307859 0.798563 0.312252 0.791738 0.312721 0.790930 0.305159 0.761463 0.304296 0.760738 0.298871 0.762130
0 0.387179 0.079456 0.387631 0.081138 0.418495 0.089606 0.426962 0.058742 0.426669 0.056970 0.395681 0.048468
0 0.390856 0.294238 0.391347 0.295434 0.393708 0.299879 0.421642 0.311927 0.422739 0.311617 0.424957 0.306474 0.423201 0.301946 0.393126 0.288975
0 0.165470 0.826382 0.194870 0.839396 0.196092 0.838037 0.209053 0.808755 0.179771 0.795793 0.178484 0.796982
0 0.110480 0.969073 0.131971 0.992961 0.155860 0.971470 0.157237 0.969584 0.135831 0.945791 0.112038 0.967196
0 0.849996 0.877913 0.851403 0.879432 0.880325 0.893475 0.894369 0.864553 0.892790 0.863094 0.863984 0.849106
0 0.144286 0.945868 0.174234 0.957515 0.175538 0.955684 0.187138 0.925856 0.157310 0.914256 0.155933 0.915920
0 0.097027 0.087803 0.112098 0.116183 0.113649 0.117719 0.141916 0.102708 0.126905 0.074442 0.125406 0.072733
0 0.436855 0.437130 0.437107 0.437382 0.467449 0.447621 0.477688 0.417279 0.477599 0.416947 0.447135 0.406667
0 0.121757 0.348223 0.123271 0.348830 0.155183 0.351494 0.157848 0.319583 0.156473 0.318858 0.124432 0.316182
0 0.494967 0.897823 0.504430 0.928551 0.535158 0.919087 0.535017 0.917409 0.525591 0.886805 0.494987 0.896231
0 0.279423 0.765641 0.281082 0.770376 0.282152 0.770406 0.312213 0.762675 0.312749 0.762232 0.313744 0.745098 0.312170 0.740425 0.281127 0.748409
0 0.461067 0.403994 0.461223 0.404378 0.491539 0.414636 0.501797 0.384320 0.501804 0.383855 0.471366 0.373556
0 0.522917 0.156991 0.541784 0.182866 0.567659 0.163999 0.567930 0.162648 0.548988 0.136670 0.523009 0.155613
0 0.517983 0.144135 0.534597 0.171694 0.562156 0.155079 0.562407 0.153686 0.545725 0.126016 0.518055 0.142698
0 0.146371 0.539606 0.176547 0.550702 0.177842 0.550499 0.188894 0.520444 0.158839 0.509392 0.157468 0.509430
0 0.198548 0.524655 0.228610 0.536058 0.229696 0.535913 0.241054 0.505972 0.211113 0.494615 0.209952 0.494593
0 0.818206 0.695958 0.838144 0.721017 0.839503 0.721905 0.864663 0.701887 0.844645 0.676727 0.843265 0.676020
0 0.942533 0.256150 0.948047 0.287676 0.979573 0.282162 0.981499 0.281287 0.975963 0.249634 0.944311 0.255170
0 0.677351 0.227488 0.704823 0.243941 0.705646 0.242912 0.722166 0.215330 0.694583 0.198810 0.693804 0.200015
0 0.236613 0.759892 0.268591 0.763233 0.269517 0.762180 0.272845 0.730330 0.240996 0.727002 0.239955 0.727915
0 0.016788 0.408401 0.044052 0.425442 0.045878 0.425741 0.062850 0.398586 0.035695 0.381613 0.033829 0.381137
0 0.481286 0.728103 0.498356 0.755328 0.525580 0.738258 0.525478 0.737305 0.508476 0.710189 0.481361 0.727191
0 0.505997 0.109726 0.536169 0.120398 0.546842 0.090226 0.547030 0.088580 0.516737 0.077864 0.506021 0.108158
0 0.113538 0.210631 0.115085 0.211789 0.147066 0.213431 0.148707 0.181450 0.147295 0.180170 0.115186 0.178522
0 0.428231 0.214283 0.429871 0.220815 0.432689 0.225655 0.433745 0.225787 0.460037 0.210483 0.460349 0.209554 0.459421 0.202759 0.456538 0.197806
0 0.757291 0.739856 0.759166 0.745134 0.765229 0.750869 0.796093 0.739905 0.794174 0.734504 0.787449 0.729143 0.786591 0.728787 0.757925 0.738971
0 0.345389 0.113406 0.346008 0.114954 0.377971 0.116902 0.379920 0.084939 0.379437 0.083271 0.347345 0.081314
0 0.319030 0.638379 0.349398 0.642242 0.351250 0.641812 0.354464 0.609802 0.324189 0.606121 0.322240 0.606410
0 0.488614 0.569249 0.520518 0.573081 0.524350 0.541177 0.524253 0.541013 0.492477 0.537196 0.492447 0.537345
0 0.089348 0.736156 0.093046 0.768075 0.124965 0.764378 0.126466 0.763320 0.122783 0.731528 0.090991 0.735211
0 0.549115 0.243653 0.562913 0.272550 0.591811 0.258752 0.592180 0.257783 0.578326 0.228769 0.549312 0.242622
0 0.174406 0.306061 0.198873 0.326892 0.200078 0.327585 0.220825 0.303216 0.196456 0.282469 0.195237 0.281595
0 0.750531 0.786772 0.758712 0.817714 0.759751 0.818990 0.790817 0.810776 0.782603 0.779711 0.781473 0.778592
0 0.768050 0.052313 0.798166 0.063201 0.799364 0.061446 0.810295 0.031209 0.780059 0.020278 0.778938 0.022198
0 0.632421 0.551039 0.649076 0.578390 0.649676 0.578705 0.677136 0.561982 0.660413 0.534522 0.659771 0.534384
