0 0.306454 0.757961 0.318405 0.787809 0.348253 0.775858 0.348860 0.774754 0.336957 0.745025 0.307229 0.756928
0 0.161423 0.891680 0.189708 0.906928 0.190949 0.905300 0.206137 0.877129 0.177965 0.861941 0.176672 0.863395
0 0.752454 0.889779 0.753469 0.891345 0.785161 0.896757 0.790573 0.865064 0.789410 0.863603 0.757844 0.858213
0 0.849610 0.768553 0.852224 0.769890 0.880959 0.775412 0.888053 0.744061 0.885313 0.742831 0.856713 0.737163
0 0.639042 0.138436 0.661045 0.161704 0.684312 0.139701 0.685052 0.138253 0.662962 0.114893 0.639601 0.136983
0 0.665314 0.625104 0.665979 0.625607 0.697630 0.631258 0.703281 0.599607 0.702467 0.599208 0.670943 0.593580
0 0.693929 0.886343 0.698467 0.895381 0.730655 0.901438 0.731715 0.895805 0.726418 0.886757 0.725909 0.886043 0.696011 0.880418 0.694965 0.880839
0 0.490487 0.242743 0.490704 0.248624 0.493766 0.253314 0.494870 0.253406 0.520345 0.236776 0.520566 0.235820 0.521047 0.229639 0.517914 0.224839
0 0.940661 0.286160 0.964580 0.307452 0.966447 0.306679 0.987824 0.282664 0.963809 0.261286 0.961953 0.262242
0 0.771278 0.748485 0.789739 0.774651 0.790903 0.775755 0.817174 0.757219 0.798639 0.730948 0.797443 0.730024
0 0.842285 0.673291 0.843661 0.673987 0.874719 0.682298 0.883030 0.651239 0.881497 0.650634 0.850563 0.642356
0 0.091260 0.744242 0.123173 0.748149 0.124682 0.747156 0.128573 0.715370 0.096788 0.711479 0.095167 0.712329
0 0.383992 0.146052 0.388644 0.177846 0.389089 0.179135 0.420757 0.174502 0.416124 0.142834 0.415787 0.141400
0 0.794556 0.796481 0.796243 0.798391 0.826914 0.803146 0.833698 0.772465 0.831863 0.770657 0.801248 0.765825
0 0.293599 0.122183 0.294424 0.123694 0.315356 0.147905 0.339567 0.126974 0.338922 0.125476 0.317907 0.101168
0 0.351873 0.966351 0.380434 0.981117 0.395200 0.952556 0.395619 0.950745 0.367173 0.936038 0.352466 0.964484
0 0.761925 0.605852 0.762977 0.606277 0.794062 0.614414 0.802200 0.583329 0.800991 0.582995 0.770029 0.574890
0 0.926328 0.709860 0.941037 0.738305 0.942810 0.739263 0.971369 0.724494 0.956601 0.695935 0.954773 0.695151
0 0.023662 0.075738 0.025694 0.106769 0.026287 0.107302 0.037116 0.116280 0.042705 0.115914 0.040614 0.083978 0.029867 0.074245 0.024147 0.074619
0 0.487003 0.884534 0.494604 0.915774 0.525844 0.908174 0.525741 0.906540 0.518171 0.875424 0.487055 0.882994
0 0.208689 0.107884 0.209854 0.109452 0.241753 0.112051 0.244352 0.080153 0.243325 0.078466 0.211298 0.075857
0 0.932156 0.424505 0.933743 0.456470 0.965708 0.454884 0.967579 0.454703 0.965986 0.422609 0.933892 0.424202
0 0.820495 0.736846 0.821783 0.737798 0.851256 0.750646 0.864104 0.721173 0.862647 0.720287 0.833292 0.707491
0 0.726203 0.429155 0.726273 0.429642 0.752550 0.448387 0.772030 0.422305 0.771780 0.421844 0.745471 0.403113
0 0.905011 0.297024 0.906031 0.329012 0.938019 0.327993 0.939778 0.327302 0.938755 0.295185 0.906638 0.296208
0 0.263276 0.094086 0.264224 0.095711 0.295599 0.102121 0.302009 0.070746 0.301213 0.069021 0.269712 0.062585
0 0.621803 0.752739 0.622292 0.753754 0.640882 0.779987 0.667115 0.761397 0.666446 0.760350 0.647930 0.734223
0 0.318866 0.081700 0.328280 0.112443 0.328967 0.113994 0.359587 0.104618 0.350210 0.073998 0.349608 0.072286
0 0.099000 0.219952 0.099502 0.252701 0.108658 0.258355 0.114258 0.258269 0.114825 0.257318 0.114359 0.226900 0.113767 0.226268 0.104731 0.219864
0 0.344876 0.918667 0.374391 0.931372 0.387096 0.901857 0.387548 0.900250 0.358151 0.887595 0.345497 0.916992
0 0.394683 0.640466 0.421986 0.657445 0.438965 0.630142 0.439209 0.629621 0.412016 0.612710 0.411662 0.613163
0 0.920198 0.243476 0.944542 0.264252 0.946328 0.263305 0.967187 0.238863 0.942745 0.218003 0.940974 0.219132
0 0.582044 0.447543 0.612889 0.456150 0.613343 0.455974 0.621984 0.425005 0.591015 0.416364 0.590651 0.416699
0 0.225206 0.866937 0.249477 0.887995 0.270535 0.863723 0.271453 0.862268 0.247279 0.841294 0.226305 0.865469
0 0.790868 0.635739 0.791609 0.667754 0.792781 0.668428 0.824924 0.667684 0.824180 0.635541 0.822883 0.634999
0 0.760298 0.414983 0.782083 0.438453 0.783217 0.438206 0.806782 0.416333 0.784909 0.392768 0.783769 0.393197
0 0.292883 0.431265 0.314089 0.455432 0.314834 0.455610 0.338903 0.434489 0.317782 0.410419 0.317050 0.410059
0 0.455554 0.496888 0.462049 0.528376 0.493538 0.521882 0.493563 0.521794 0.487095 0.490432 0.487043 0.490393
0 0.097063 0.048966 0.117309 0.073919 0.118840 0.075623 0.143693 0.055458 0.142261 0.053673 0.122015 0.028720
