0 0.222342 0.202554 0.223453 0.203744 0.253582 0.214540 0.264378 0.184412 0.263431 0.183144 0.233182 0.172304
0 0.714441 0.038333 0.716157 0.070292 0.748115 0.068576 0.749112 0.066843 0.747389 0.034756 0.715302 0.036479
0 0.428125 0.308563 0.428413 0.309328 0.442090 0.338263 0.471025 0.324586 0.470909 0.323881 0.457176 0.294830
0 0.866160 0.869684 0.867030 0.901677 0.868504 0.903291 0.900625 0.902418 0.899752 0.870296 0.898153 0.868815
0 0.429319 0.918558 0.442688 0.947778 0.471908 0.934409 0.472020 0.932671 0.458705 0.903568 0.429602 0.916884
0 0.494508 0.694228 0.519837 0.714031 0.539640 0.688701 0.539481 0.687946 0.514253 0.668222 0.494530 0.693450
0 0.054195 0.928742 0.079464 0.948621 0.081147 0.946825 0.100947 0.921658 0.075779 0.901857 0.074074 0.903473
0 0.925654 0.132513 0.940411 0.159116 0.941247 0.159622 0.946145 0.156905 0.956583 0.148878 0.940694 0.120237 0.935682 0.123017 0.925722 0.131635
0 0.170804 0.884617 0.196901 0.903396 0.198114 0.901782 0.216818 0.875788 0.190825 0.857085 0.189582 0.858520
0 0.676314 0.794412 0.677022 0.795594 0.707783 0.804884 0.717073 0.774123 0.716204 0.773026 0.685566 0.763774
0 0.773049 0.506133 0.777312 0.537871 0.778427 0.538023 0.810292 0.533742 0.806011 0.501877 0.804787 0.501870
0 0.905684 0.168842 0.926330 0.193321 0.928043 0.192089 0.952621 0.171360 0.931892 0.146783 0.930163 0.148196
0 0.962043 0.375218 0.972472 0.405495 0.974371 0.405115 1.000000 0.395066 1.000000 0.393399 0.997634 0.380099 0.994299 0.364246 0.992320 0.364789
0 0.587585 0.939822 0.587937 0.941590 0.599883 0.971439 0.629733 0.959493 0.629214 0.957654 0.617315 0.927923
0 0.029406 0.428672 0.032792 0.460644 0.034662 0.460802 0.066507 0.457429 0.063134 0.425585 0.061379 0.425286
0 0.573478 0.115413 0.604625 0.122772 0.605045 0.121256 0.612434 0.089984 0.581162 0.082596 0.573773 0.113868
0 0.352517 0.267183 0.361014 0.298172 0.361570 0.298980 0.392435 0.290517 0.383972 0.259651 0.383506 0.258686
0 0.586093 0.236989 0.608050 0.260299 0.631360 0.238342 0.631888 0.237291 0.609843 0.213887 0.586439 0.235932
0 0.151039 0.954623 0.168054 0.982202 0.192893 0.966822 0.195226 0.964655 0.178163 0.937083 0.153522 0.952516
0 0.289354 0.650846 0.306044 0.678326 0.333524 0.661636 0.334190 0.660989 0.317567 0.633619 0.290197 0.650242
0 0.947977 0.708168 0.975513 0.724515 0.977424 0.725417 0.993837 0.697771 0.966191 0.681358 0.964324 0.680632
0 0.865906 0.768176 0.884582 0.794166 0.886127 0.795347 0.912222 0.776596 0.893470 0.750502 0.891896 0.749499
0 0.243827 0.247775 0.248891 0.279525 0.249896 0.280407 0.281519 0.275364 0.276476 0.243741 0.275577 0.242711
0 0.272300 0.125926 0.272919 0.131624 0.278110 0.140046 0.278865 0.140549 0.309109 0.137267 0.309928 0.136592 0.309323 0.131024 0.304862 0.122392
0 0.790804 0.253732 0.820675 0.265221 0.821963 0.264278 0.833499 0.234287 0.803507 0.222752 0.802293 0.223861
0 0.791312 0.302889 0.823148 0.306173 0.824446 0.305394 0.827744 0.273431 0.795780 0.270133 0.794597 0.271053
0 0.138069 0.549894 0.162599 0.570679 0.163949 0.570396 0.184651 0.545964 0.160219 0.525263 0.158854 0.525364
0 0.871264 0.938006 0.871568 0.938763 0.880261 0.949028 0.885718 0.950782 0.895744 0.919601 0.886697 0.910009 0.881365 0.908294 0.880576 0.909045
0 0.571971 0.675812 0.582889 0.705897 0.583222 0.706724 0.613427 0.695762 0.602465 0.665557 0.602055 0.664894
0 0.022916 0.649694 0.054348 0.656458 0.056132 0.655832 0.062869 0.624526 0.031563 0.617789 0.029680 0.618262
0 0.042993 0.557722 0.075105 0.558877 0.076805 0.558641 0.077955 0.526657 0.045971 0.525507 0.044147 0.525610
0 0.846847 0.483458 0.878613 0.487501 0.880135 0.487451 0.884194 0.455557 0.852300 0.451497 0.850890 0.451692
0 0.438716 0.859732 0.454156 0.887912 0.482336 0.872472 0.482407 0.870982 0.467029 0.842914 0.438961 0.858292
0 0.380902 0.385138 0.381378 0.385598 0.412024 0.394889 0.421315 0.364244 0.420999 0.363699 0.390231 0.354370
0 0.773684 0.419075 0.793048 0.444557 0.794225 0.444334 0.819810 0.424893 0.800368 0.399308 0.799167 0.399711
0 0.815335 0.717908 0.816602 0.718784 0.847618 0.727253 0.856088 0.696238 0.854662 0.695452 0.823771 0.687016
0 0.741025 0.214578 0.743328 0.219684 0.772500 0.206520 0.778876 0.199654 0.776518 0.194429 0.775274 0.194199 0.746929 0.206989 0.741563 0.213356
0 0.361885 0.869883 0.389645 0.886068 0.405830 0.858309 0.406206 0.856875 0.378558 0.840755 0.362438 0.868403
0 0.185095 0.950417 0.194132 0.981254 0.224968 0.972217 0.226068 0.970328 0.217068 0.939615 0.186355 0.948615
