0 0.372935 0.870018 0.401183 0.886596 0.404084 0.881652 0.406277 0.872928 0.405938 0.872045 0.379700 0.856647 0.378674 0.856729 0.375839 0.861559
0 0.350415 0.657398 0.381733 0.664590 0.382206 0.663932 0.389369 0.632739 0.358176 0.625576 0.357607 0.626081
0 0.669904 0.912991 0.670587 0.914651 0.697595 0.932094 0.715038 0.905086 0.714177 0.903464 0.687277 0.886091
0 0.120546 0.566005 0.146129 0.585479 0.147546 0.585137 0.166942 0.559656 0.141461 0.540260 0.140020 0.540422
0 0.311469 0.894191 0.312179 0.899879 0.313203 0.900356 0.344060 0.896503 0.344680 0.895821 0.348231 0.886772 0.347537 0.881215 0.315779 0.885180
0 0.626443 0.582087 0.644331 0.608626 0.644911 0.609062 0.671556 0.591101 0.653595 0.564456 0.652981 0.564198
0 0.117066 0.813765 0.123282 0.845310 0.154827 0.839095 0.156208 0.837737 0.150018 0.806318 0.118599 0.812509
0 0.167283 0.418647 0.168615 0.418973 0.199808 0.426217 0.207052 0.395025 0.205875 0.394603 0.174557 0.387329
0 0.819772 0.381233 0.838924 0.406897 0.840287 0.406523 0.866054 0.387293 0.846824 0.361526 0.845435 0.362080
0 0.046049 0.609935 0.065768 0.636087 0.075695 0.632976 0.080167 0.629604 0.080084 0.628557 0.061768 0.604266 0.060898 0.604050 0.050625 0.606484
0 0.299454 0.774046 0.321703 0.797257 0.344913 0.775009 0.345534 0.773908 0.323375 0.750790 0.300257 0.772949
0 0.169439 0.576772 0.201339 0.584202 0.208166 0.582277 0.209437 0.576822 0.208673 0.575905 0.179044 0.569004 0.171915 0.570537 0.170740 0.571190
0 0.917927 0.139131 0.918178 0.144727 0.950150 0.143294 0.960682 0.134949 0.960425 0.129223 0.959302 0.128658 0.928235 0.130050 0.918930 0.138089
0 0.671483 0.386195 0.690001 0.412298 0.690764 0.411946 0.716972 0.393354 0.698381 0.367146 0.697587 0.367677
0 0.692313 0.848765 0.696813 0.856925 0.697308 0.857699 0.727587 0.864787 0.728704 0.864389 0.730010 0.858808 0.724752 0.850606 0.693590 0.843312
0 0.279544 0.583055 0.311610 0.585395 0.312364 0.585053 0.314695 0.553115 0.282757 0.550784 0.281884 0.550988
0 0.645390 0.337923 0.646374 0.343437 0.647386 0.343995 0.677335 0.338653 0.681274 0.335069 0.682042 0.334022 0.681036 0.328379 0.648792 0.334131
0 0.132136 0.353496 0.158099 0.372459 0.159468 0.372970 0.178355 0.347110 0.152496 0.328223 0.151099 0.327532
0 0.724176 0.056012 0.754892 0.065004 0.755916 0.063256 0.764943 0.032417 0.734104 0.023390 0.733168 0.025297
0 0.870858 0.243514 0.901558 0.252622 0.903172 0.251627 0.912316 0.220803 0.881492 0.211660 0.879965 0.212814
0 0.306775 0.119840 0.315980 0.150646 0.316717 0.152044 0.347399 0.142875 0.338230 0.112193 0.337580 0.110635
0 0.086962 0.695611 0.091812 0.698667 0.093179 0.698294 0.102019 0.693985 0.118238 0.668248 0.118205 0.667048 0.113467 0.664062 0.104424 0.667900
0 0.086559 0.194372 0.106248 0.219766 0.107823 0.220887 0.133116 0.201277 0.113506 0.175984 0.111953 0.174683
0 0.559645 0.716537 0.564626 0.748151 0.564886 0.749148 0.596627 0.744147 0.591626 0.712405 0.591259 0.711556
0 0.114874 0.533900 0.146917 0.536305 0.148329 0.536159 0.150724 0.504245 0.118809 0.501850 0.117278 0.501857
0 0.088593 0.457422 0.090084 0.462957 0.091327 0.463556 0.100207 0.464348 0.129582 0.456434 0.130358 0.455478 0.128901 0.450070 0.120219 0.448902
0 0.497593 0.798049 0.522823 0.817948 0.542722 0.792718 0.542551 0.791547 0.517422 0.771727 0.497603 0.796857
0 0.083803 0.807104 0.107443 0.826641 0.110046 0.826100 0.128372 0.799639 0.104715 0.780321 0.102105 0.780680
0 0.711283 0.487096 0.726622 0.515186 0.727532 0.515247 0.755734 0.499847 0.740335 0.471644 0.739373 0.471758
0 0.842921 0.648932 0.858684 0.676807 0.860126 0.677517 0.888112 0.661690 0.872285 0.633704 0.870795 0.633169
0 0.023892 0.877837 0.055688 0.882611 0.057466 0.881079 0.062221 0.849412 0.030553 0.844656 0.028667 0.846041
0 0.652907 0.389718 0.658089 0.391845 0.659224 0.391347 0.662761 0.388933 0.674569 0.360165 0.674225 0.359015 0.668922 0.356838 0.665061 0.360111
0 0.693629 0.192334 0.707563 0.221145 0.736375 0.207211 0.737325 0.206035 0.723334 0.177107 0.694407 0.191098
0 0.832630 0.593689 0.842308 0.624195 0.843683 0.624694 0.874312 0.614977 0.864595 0.584348 0.863136 0.584011
0 0.329041 0.503953 0.340266 0.534082 0.340906 0.533945 0.370914 0.522765 0.359734 0.492758 0.359170 0.492729
0 0.389284 0.659222 0.389551 0.660269 0.415045 0.678077 0.416135 0.677979 0.419418 0.673280 0.421260 0.669318 0.395023 0.650991 0.391815 0.655582
0 0.031024 0.690578 0.055073 0.711917 0.056854 0.711068 0.078108 0.687115 0.054154 0.665862 0.052362 0.666528
0 0.827022 0.864474 0.831708 0.896152 0.833042 0.897744 0.864847 0.893039 0.860141 0.861234 0.858700 0.859788
0 0.361854 0.454285 0.365012 0.455330 0.396809 0.458972 0.397446 0.453407 0.396683 0.452494 0.394388 0.451439 0.363493 0.447901 0.362506 0.448591
