0 0.684556 0.789411 0.685298 0.790574 0.717207 0.794510 0.721143 0.762600 0.720258 0.761549 0.688476 0.757629
0 0.397230 0.174846 0.399580 0.182279 0.404979 0.183766 0.405909 0.183026 0.413989 0.153697 0.412078 0.146004 0.411455 0.144791 0.405929 0.143268
0 0.184411 0.739092 0.186654 0.744366 0.187911 0.744657 0.216529 0.732488 0.222688 0.727436 0.223270 0.726257 0.221079 0.721103 0.191626 0.733626
0 0.482741 0.781837 0.494441 0.811764 0.524368 0.800065 0.524271 0.798864 0.512618 0.769056 0.482810 0.780709
0 0.050269 0.489449 0.079032 0.503774 0.080716 0.503759 0.094984 0.475111 0.066336 0.460843 0.064594 0.460686
0 0.271218 0.644515 0.295583 0.665493 0.296401 0.664831 0.317295 0.640564 0.293028 0.619669 0.292197 0.620150
0 0.196786 0.708918 0.228832 0.711521 0.229917 0.710675 0.232510 0.678757 0.200593 0.676164 0.199389 0.676872
0 0.519421 0.768639 0.519499 0.769718 0.541375 0.793254 0.564911 0.771378 0.564652 0.770292 0.542863 0.746850
0 0.890594 0.309761 0.908871 0.336056 0.910514 0.335397 0.936915 0.317047 0.918564 0.290646 0.916889 0.291484
0 0.263684 0.893890 0.265499 0.925990 0.297600 0.924174 0.298410 0.922476 0.296601 0.890504 0.264630 0.892313
0 0.672134 0.826993 0.672826 0.828307 0.700582 0.844534 0.716809 0.816777 0.715941 0.815509 0.688295 0.799348
0 0.773623 0.237600 0.774131 0.238526 0.801265 0.252284 0.802168 0.252074 0.809237 0.246273 0.811829 0.241161 0.782616 0.226349 0.776156 0.232605
0 0.190077 0.147651 0.190659 0.179798 0.191897 0.181079 0.223915 0.180500 0.223335 0.148482 0.222223 0.147069
0 0.563680 0.626719 0.563936 0.627229 0.594951 0.635702 0.603424 0.604687 0.603010 0.604268 0.572119 0.595828
0 0.150393 0.092792 0.169706 0.118473 0.171028 0.119999 0.196606 0.100763 0.177370 0.075185 0.176074 0.073478
0 0.065979 0.773306 0.095427 0.786165 0.097045 0.785021 0.109853 0.755690 0.080523 0.742883 0.078838 0.743859
0 0.637261 0.499513 0.638025 0.500414 0.668170 0.504510 0.671905 0.504610 0.672928 0.503911 0.673699 0.498232 0.641244 0.493822 0.638015 0.493964
0 0.894579 0.796262 0.898165 0.828065 0.899764 0.829383 0.931695 0.825783 0.928094 0.793852 0.926382 0.792676
0 0.769397 0.504634 0.775692 0.534952 0.808021 0.529260 0.808257 0.527706 0.801684 0.497245 0.769484 0.503002
0 0.269436 0.252391 0.282009 0.281982 0.282881 0.282855 0.312354 0.270333 0.299831 0.240860 0.299027 0.239818
0 0.665526 0.645679 0.668244 0.677568 0.672181 0.681723 0.677892 0.681236 0.678534 0.680245 0.675892 0.649260 0.672070 0.646016 0.671107 0.645204
0 0.654539 0.350630 0.673251 0.376594 0.673947 0.376099 0.700016 0.357312 0.681229 0.331243 0.655160 0.350030
0 0.518899 0.629881 0.518975 0.630403 0.531618 0.659944 0.561160 0.647301 0.560915 0.646711 0.548322 0.617288
0 0.739739 0.880309 0.740702 0.881837 0.762153 0.905787 0.786103 0.884337 0.784958 0.882799 0.763593 0.858944
0 0.854441 0.187408 0.884711 0.197858 0.886257 0.196644 0.896749 0.166252 0.866358 0.155760 0.864891 0.157138
0 0.886397 0.368060 0.901792 0.396118 0.903406 0.395701 0.931577 0.380244 0.916120 0.352073 0.914455 0.352664
0 0.707526 0.571996 0.737427 0.583456 0.738382 0.583792 0.749888 0.553770 0.719866 0.542263 0.718986 0.542094
0 0.145210 0.505698 0.173495 0.520945 0.174802 0.520861 0.189988 0.492689 0.161816 0.477503 0.160457 0.477412
0 0.933483 0.541513 0.963300 0.553190 0.965162 0.553404 0.976887 0.523467 0.946949 0.511742 0.945160 0.511695
0 0.146645 0.147549 0.148059 0.148960 0.179673 0.154065 0.184778 0.122452 0.183511 0.120934 0.151770 0.115809
0 0.781242 0.520599 0.797294 0.548287 0.798489 0.548481 0.826288 0.532364 0.810171 0.504565 0.808930 0.504547
0 0.214658 0.942505 0.240517 0.961611 0.259623 0.935752 0.260585 0.934008 0.234830 0.914979 0.215801 0.940734
0 0.241237 0.061042 0.247144 0.092628 0.248156 0.094257 0.279615 0.088373 0.273731 0.056914 0.272822 0.055134
0 0.123608 0.228311 0.146386 0.250976 0.147800 0.251973 0.170375 0.229286 0.147688 0.206712 0.146273 0.205533
0 0.430218 0.105121 0.430498 0.106701 0.438631 0.137674 0.469604 0.129541 0.469482 0.128052 0.461316 0.096955
0 0.108918 0.069985 0.121811 0.099418 0.123324 0.101021 0.152639 0.088179 0.139798 0.058864 0.138351 0.057092
0 0.166086 0.773140 0.196525 0.783438 0.197739 0.782304 0.207995 0.751987 0.177678 0.741731 0.176383 0.742702
0 0.708422 0.305074 0.711134 0.336964 0.743023 0.334252 0.743999 0.333587 0.741277 0.301569 0.709259 0.304291
0 0.243922 0.545157 0.272936 0.559010 0.273845 0.558774 0.287642 0.529876 0.258744 0.516079 0.257774 0.516143
0 0.463079 0.794081 0.472976 0.824531 0.502433 0.817170 0.503868 0.815377 0.493959 0.784850 0.464656 0.792389
