0 0.919869 0.746917 0.940146 0.771702 0.941915 0.772794 0.966800 0.752436 0.946441 0.727551 0.944654 0.726640
0 0.899243 0.452624 0.931021 0.456575 0.932753 0.456401 0.936720 0.424495 0.904814 0.420528 0.903194 0.420846
0 0.606044 0.647534 0.618413 0.677052 0.618888 0.677763 0.648525 0.665344 0.636106 0.635708 0.635561 0.635165
0 0.655610 0.843503 0.656776 0.848981 0.660444 0.857145 0.692480 0.850328 0.691287 0.844721 0.686914 0.836841 0.686071 0.836417 0.656316 0.842749
0 0.489014 0.879470 0.494690 0.880271 0.495618 0.879352 0.499962 0.848560 0.499963 0.840986 0.499282 0.839887 0.493737 0.839104 0.489266 0.870795
0 0.553782 0.265927 0.578923 0.285761 0.598757 0.260620 0.599154 0.259658 0.573911 0.239744 0.553998 0.264986
0 0.119030 0.306024 0.144960 0.325002 0.146381 0.325702 0.165283 0.299876 0.139457 0.280974 0.138009 0.280094
0 0.071057 0.707182 0.091909 0.732440 0.101238 0.727126 0.105557 0.723561 0.105440 0.722562 0.086072 0.699102 0.085182 0.698880 0.075477 0.703533
0 0.813905 0.679563 0.815166 0.680285 0.846369 0.688039 0.854123 0.656836 0.852705 0.656208 0.821628 0.648485
0 0.241301 0.110806 0.250592 0.141586 0.251590 0.143020 0.282247 0.133767 0.272993 0.103110 0.272081 0.101515
0 0.845767 0.609505 0.861915 0.637137 0.863368 0.637688 0.891112 0.621475 0.874899 0.593732 0.873399 0.593357
0 0.412760 0.202183 0.413109 0.203375 0.438540 0.222805 0.457971 0.197374 0.457802 0.196159 0.432269 0.176650
0 0.668029 0.521002 0.669209 0.552985 0.669888 0.553198 0.702000 0.552014 0.700816 0.519902 0.700012 0.519823
0 0.918218 0.253963 0.937161 0.279782 0.938918 0.278897 0.964841 0.259878 0.945822 0.233955 0.944037 0.235020
0 0.328738 0.282461 0.341814 0.311833 0.342447 0.312586 0.371702 0.299563 0.358679 0.270308 0.358111 0.269385
0 0.380163 0.123770 0.382183 0.155840 0.382655 0.157217 0.414596 0.155205 0.412584 0.123263 0.412233 0.121750
0 0.895004 0.386768 0.895558 0.387786 0.922380 0.402140 0.931762 0.399966 0.933123 0.399572 0.935828 0.394518 0.906949 0.379065 0.897646 0.381829
0 0.167885 0.596062 0.198299 0.606430 0.199506 0.606004 0.209833 0.575711 0.179540 0.565385 0.178253 0.565647
0 0.079271 0.881084 0.108416 0.894616 0.109982 0.893037 0.123461 0.864009 0.094433 0.850531 0.092804 0.851939
0 0.590768 0.050970 0.614287 0.072703 0.636020 0.049185 0.636567 0.047373 0.612954 0.025552 0.591133 0.049165
0 0.480003 0.202765 0.480083 0.203954 0.494532 0.232511 0.523089 0.218062 0.523182 0.216930 0.508675 0.188258
0 0.885964 0.972798 0.887515 0.974698 0.918094 0.984631 0.928027 0.954052 0.926313 0.952234 0.895857 0.942341
0 0.725190 0.559597 0.744158 0.585397 0.745140 0.585740 0.771044 0.566696 0.751999 0.540792 0.750990 0.540628
0 0.859999 0.777156 0.860293 0.782749 0.861340 0.783669 0.869366 0.789970 0.900421 0.788340 0.901430 0.787648 0.901130 0.781924 0.891960 0.775479
0 0.190845 0.685197 0.214791 0.706624 0.215932 0.705797 0.237274 0.681947 0.213424 0.660606 0.212273 0.661251
0 0.847686 0.323723 0.863698 0.351455 0.865160 0.350858 0.893004 0.334782 0.876927 0.306938 0.875418 0.307711
0 0.745522 0.841446 0.746509 0.842818 0.774679 0.858315 0.790176 0.830145 0.789015 0.828823 0.760957 0.813388
0 0.314253 0.159732 0.314996 0.161093 0.334839 0.186204 0.359950 0.166361 0.359388 0.165021 0.339465 0.139809
0 0.622092 0.224990 0.634929 0.254307 0.664246 0.241471 0.664906 0.240433 0.652018 0.210997 0.622583 0.223885
0 0.947745 0.183660 0.979548 0.187238 0.981475 0.185982 0.985068 0.154051 0.953136 0.150457 0.951323 0.151856
0 0.605248 0.842489 0.613107 0.873514 0.613561 0.875014 0.644710 0.867123 0.636820 0.835974 0.636272 0.834630
0 0.810377 0.131010 0.841313 0.139211 0.842684 0.137762 0.850918 0.106702 0.819857 0.098468 0.818578 0.100074
0 0.226965 0.398510 0.256154 0.411948 0.257129 0.412300 0.270513 0.383228 0.269591 0.382759 0.240402 0.369322
0 0.222977 0.515154 0.250913 0.531069 0.251910 0.530945 0.267762 0.503120 0.239938 0.487269 0.238893 0.487218
0 0.401128 0.803425 0.406405 0.805663 0.407533 0.805051 0.419678 0.776423 0.421424 0.770416 0.421044 0.769213 0.415888 0.767025 0.403389 0.796488
0 0.361671 0.640740 0.362353 0.672865 0.394479 0.672183 0.394901 0.671495 0.394222 0.639497 0.362225 0.640176
0 0.315237 0.944716 0.342835 0.961175 0.359294 0.933577 0.359856 0.931842 0.332369 0.915449 0.315976 0.942937
0 0.755106 0.166513 0.762191 0.197723 0.793402 0.190638 0.794580 0.189396 0.787467 0.158060 0.756131 0.165173
