0 0.927946 0.367887 0.928754 0.374237 0.934634 0.376616 0.935185 0.376622 0.936410 0.376517 0.938122 0.376317 0.940064 0.376052 0.955050 0.373803 0.959802 0.372486 0.961408 0.372040 0.963217 0.371435 0.964657 0.370183 0.965536 0.368573 0.966107 0.367429 0.966196 0.366154 0.965790 0.364942 0.964951 0.363978 0.963784 0.363322 0.962076 0.362471 0.960173 0.362338 0.954203 0.362728 0.937958 0.364796
0 0.244564 0.482464 0.244706 0.482709 0.250225 0.486366 0.263849 0.491188 0.268390 0.492795 0.274981 0.493424 0.275260 0.493199 0.275659 0.492549 0.276117 0.491573 0.279490 0.482886 0.284828 0.467801 0.254658 0.457123 0.253531 0.456927 0.245193 0.479635 0.244827 0.480800 0.244606 0.481793
0 0.500590 0.830599 0.503942 0.836308 0.507316 0.839747 0.517437 0.850062 0.517722 0.850267 0.523276 0.853661 0.523792 0.853437 0.524549 0.852882 0.525432 0.852081 0.542615 0.834788 0.542421 0.833257 0.520006 0.810413 0.508583 0.821620 0.502875 0.827598 0.502001 0.828514 0.501259 0.829406 0.500763 0.830138
0 0.184693 0.114170 0.185085 0.120927 0.185144 0.121219 0.185680 0.121600 0.186612 0.122012 0.187796 0.122393 0.189054 0.122684 0.212206 0.126657 0.218243 0.095143 0.216833 0.093257 0.201067 0.090309 0.192421 0.089161 0.191565 0.089178 0.191132 0.089360 0.188323 0.095222 0.187415 0.099959 0.185600 0.109433
0 0.249753 0.584494 0.250213 0.584757 0.251071 0.585105 0.252196 0.585484 0.259555 0.587959 0.274903 0.592733 0.276044 0.592342 0.285513 0.561683 0.262894 0.554512 0.261681 0.554157 0.260560 0.553873 0.259702 0.553702 0.259238 0.553670 0.255813 0.559332 0.251549 0.573139 0.250128 0.577742 0.250116 0.577943
0 0.043514 0.181648 0.063729 0.206649 0.065723 0.207991 0.078167 0.197930 0.084795 0.191723 0.085397 0.190916 0.085630 0.190249 0.085457 0.189823 0.082667 0.183819 0.073581 0.172581 0.070552 0.168835 0.065265 0.164850 0.064693 0.164710 0.063826 0.164898 0.062797 0.165387 0.061762 0.166103
0 0.606791 0.301758 0.614092 0.333004 0.637296 0.327785 0.638516 0.327478 0.639607 0.327155 0.640405 0.326866 0.640787 0.326654 0.640886 0.320038 0.639790 0.315347 0.637598 0.305966 0.636502 0.301276 0.633480 0.295383 0.633381 0.295253 0.632821 0.295253 0.631885 0.295383 0.630715 0.295623 0.623062 0.297193 0.607395 0.300819
0 0.565508 0.079114 0.565606 0.079266 0.569938 0.084385 0.585591 0.095576 0.591706 0.097927 0.592054 0.097641 0.592621 0.096980 0.593322 0.096043 0.607436 0.075906 0.607863 0.074047 0.581641 0.055298 0.572253 0.068496 0.566773 0.076637 0.566139 0.077692 0.565695 0.078562
0 0.430595 0.527293 0.430637 0.527539 0.430881 0.528191 0.431289 0.529151 0.435134 0.537606 0.441961 0.552204 0.471156 0.538550 0.471288 0.538373 0.461139 0.516558 0.460613 0.515450 0.460153 0.514515 0.459828 0.513896 0.459689 0.513687 0.453190 0.514953 0.440097 0.521076 0.435733 0.523117
0 0.936492 0.448221 0.938970 0.454255 0.950530 0.469639 0.955767 0.473871 0.955952 0.474008 0.956532 0.473852 0.957419 0.473424 0.958477 0.472791 0.959546 0.472049 0.966540 0.467192 0.979519 0.457504 0.960154 0.431733 0.958137 0.431977 0.938286 0.446492 0.937372 0.447223 0.936742 0.447830
0 0.371605 0.787845 0.371702 0.788171 0.372248 0.788606 0.373160 0.789084 0.381743 0.792472 0.396981 0.797703 0.397562 0.796375 0.407858 0.765984 0.385263 0.757898 0.384079 0.757544 0.383026 0.757331 0.382264 0.757290 0.381909 0.757430 0.378330 0.762993 0.376784 0.767555 0.373693 0.776679 0.372148 0.781241
0 0.835724 0.109597 0.835990 0.110380 0.836583 0.111300 0.837414 0.112218 0.855170 0.128372 0.877491 0.105320 0.879146 0.103423 0.867493 0.092297 0.860323 0.086455 0.859398 0.085950 0.858641 0.085790 0.858165 0.086000 0.852537 0.089506 0.849186 0.092966 0.842484 0.099887 0.839133 0.103348 0.835826 0.109071
0 0.325307 0.778032 0.325527 0.784654 0.325591 0.784952 0.326123 0.785309 0.327042 0.785671 0.335842 0.788025 0.351565 0.791463 0.352358 0.790152 0.359087 0.758777 0.335826 0.753369 0.334597 0.753151 0.333488 0.753053 0.332668 0.753089 0.332261 0.753255 0.329348 0.759193
0 0.576203 0.151070 0.580956 0.182804 0.604572 0.179709 0.605806 0.179476 0.606898 0.179165 0.607682 0.178824 0.608040 0.178504 0.608674 0.171921 0.605820 0.152866 0.603283 0.146745 0.603154 0.146466 0.602560 0.146300 0.601593 0.146272 0.600399 0.146386 0.592586 0.147132 0.576668 0.149447
0 0.185374 0.741054 0.189183 0.756675 0.191780 0.765294 0.192177 0.766161 0.192567 0.766620 0.199040 0.766693 0.199515 0.766665 0.213570 0.763306 0.218255 0.762186 0.224123 0.759137 0.224302 0.758652 0.224339 0.757768 0.224228 0.756621 0.223985 0.755383 0.217998 0.732380 0.186789 0.739838
0 0.844216 0.456401 0.844264 0.457439 0.845752 0.466515 0.849120 0.482159 0.850723 0.482076 0.882155 0.475311 0.877514 0.451681 0.877188 0.450486 0.876781 0.449490 0.876354 0.448847 0.875972 0.448653 0.869355 0.448435 0.864645 0.449448 0.850517 0.452489 0.844576 0.455411 0.844325 0.455689
0 0.927376 0.697812 0.941499 0.726532 0.943527 0.727572 0.965700 0.717181 0.966724 0.716599 0.967428 0.716031 0.967705 0.715563 0.966406 0.709230 0.957892 0.691916 0.957618 0.691502 0.953342 0.686447 0.952726 0.686391 0.951765 0.686559 0.950608 0.686925 0.941736 0.690750
0 0.639396 0.520359 0.669947 0.529896 0.670728 0.530032 0.678118 0.507022 0.678454 0.505845 0.678676 0.504846 0.678750 0.504178 0.678666 0.503941 0.673013 0.500494 0.654620 0.494752 0.648010 0.494371 0.647808 0.494609 0.647491 0.495277 0.647108 0.496272 0.644165 0.505084
0 0.478735 0.576515 0.484333 0.580051 0.502633 0.586082 0.509236 0.586567 0.509321 0.586411 0.509546 0.585813 0.509878 0.584864 0.510265 0.583709 0.517801 0.560711 0.517720 0.560433 0.487323 0.550415 0.482315 0.565614 0.479787 0.573297 0.479400 0.574474 0.479064 0.575499 0.478830 0.576216
0 0.863449 0.827353 0.877058 0.856320 0.881418 0.860440 0.885677 0.862061 0.886608 0.862034 0.887762 0.861766 0.888961 0.861299 0.890022 0.860704 0.890783 0.860072 0.891127 0.859500 0.889892 0.853117 0.889708 0.852488 0.881400 0.834804 0.876482 0.828723 0.875829 0.827956 0.869242 0.824631
0 0.774204 0.409634 0.802223 0.425273 0.803671 0.424828 0.811461 0.410774 0.815516 0.402833 0.815857 0.401982 0.815949 0.401464 0.811196 0.396982 0.810947 0.396827 0.806741 0.394479 0.798329 0.389784 0.794122 0.387436 0.787738 0.385706 0.787357 0.386038 0.786798 0.386745 0.786147 0.387718 0.785502 0.388810
0 0.465740 0.376466 0.465745 0.383084 0.466033 0.383250 0.466750 0.383508 0.467787 0.383819 0.468986 0.384135 0.492261 0.389777 0.500019 0.358641 0.499907 0.357962 0.484273 0.354096 0.475327 0.352072 0.474340 0.351899 0.473701 0.351846 0.473508 0.351923 0.470398 0.357770
0 0.061031 0.824628 0.064959 0.856624 0.081041 0.854587 0.090819 0.852949 0.092051 0.852643 0.093031 0.852295 0.093611 0.851957 0.093702 0.851682 0.094565 0.844976 0.092807 0.830651 0.092220 0.825877 0.089792 0.819836 0.089385 0.819688 0.088539 0.819662 0.087383 0.819761 0.062929 0.823154
0 0.646251 0.742546 0.647172 0.749097 0.648980 0.753562 0.654405 0.766955 0.658308 0.772311 0.658654 0.772467 0.659402 0.772418 0.660440 0.772170 0.669250 0.769089 0.684221 0.763094 0.672119 0.733216 0.671437 0.732104 0.648945 0.740777 0.647828 0.741277 0.646924 0.741789 0.646370 0.742235
0 0.108601 0.449316 0.109200 0.473488 0.110987 0.473610 0.142991 0.473411 0.142892 0.457409 0.142364 0.448114 0.142180 0.447049 0.141909 0.446314 0.141593 0.446022 0.135161 0.444456 0.130343 0.444486 0.115892 0.444576 0.109479 0.446221 0.109138 0.446419 0.108851 0.447076 0.108662 0.448094
0 0.127485 0.932014 0.127591 0.964249 0.143779 0.964101 0.153536 0.963401 0.154744 0.963160 0.155682 0.962809 0.156208 0.962401 0.157799 0.955964 0.157848 0.955367 0.157833 0.950557 0.157785 0.936125 0.156137 0.929912 0.155676 0.929599 0.154790 0.929395 0.153614 0.929331 0.129078 0.930034
0 0.064959 0.412806 0.065272 0.422169 0.065459 0.423239 0.065763 0.423974 0.066138 0.424263 0.072511 0.426088 0.077325 0.426253 0.091767 0.426746 0.098233 0.425359 0.098593 0.425158 0.098912 0.424500 0.099141 0.423485 0.099247 0.422267 0.099484 0.398135 0.097636 0.397781 0.065419 0.396682
0 0.173006 0.583973 0.173298 0.584449 0.173949 0.585121 0.180818 0.590881 0.193534 0.600715 0.195030 0.600323 0.214573 0.574874 0.195954 0.560149 0.194930 0.559409 0.193948 0.558797 0.193157 0.558405 0.192677 0.558294 0.187498 0.562409 0.175763 0.577690 0.175599 0.577996
0 0.532423 0.022909 0.532629 0.023452 0.533234 0.024139 0.534145 0.024866 0.535224 0.025523 0.556453 0.036195 0.571622 0.007920 0.571850 0.005599 0.557638 0.000000 0.543153 0.000000 0.540875 0.003767 0.536321 0.012256 0.534044 0.016501
0 0.648373 0.389231 0.650444 0.408388 0.652731 0.414601 0.652840 0.414650 0.653418 0.414639 0.654375 0.414569 0.663345 0.413690 0.679255 0.411970 0.680077 0.411566 0.676621 0.379600 0.652823 0.382057 0.651571 0.382210 0.650458 0.382381 0.649654 0.382543 0.649279 0.382673
0 0.396535 0.500491 0.418217 0.524345 0.418506 0.524311 0.436384 0.508134 0.437284 0.507308 0.438033 0.506604 0.438516 0.506128 0.438659 0.505955 0.435528 0.500122 0.432289 0.496557 0.425809 0.489428 0.422569 0.485864 0.417060 0.482190 0.416822 0.482324 0.416257 0.482767 0.415451 0.483452 0.408479 0.489654
0 0.792005 0.633950 0.793597 0.649872 0.800465 0.653379 0.806983 0.652727 0.808692 0.648083 0.808937 0.647194 0.809013 0.645724 0.808909 0.643897 0.808640 0.641992 0.806365 0.627362 0.805809 0.625537 0.804596 0.624064 0.802912 0.623167 0.801858 0.622738 0.798738 0.621470 0.796865 0.621288 0.795065 0.621837 0.793613 0.623033 0.792728 0.624694 0.792546 0.626567
0 0.785846 0.228913 0.788103 0.234903 0.793933 0.235664 0.794582 0.235591 0.795823 0.235237 0.797469 0.234657 0.812478 0.229002 0.814283 0.228282 0.815980 0.227528 0.817311 0.226855 0.818074 0.226365 0.824174 0.220320 0.824375 0.219839 0.824371 0.218966 0.824162 0.217833 0.823779 0.216614 0.823281 0.215496 0.822745 0.214649 0.822252 0.214204 0.819446 0.214363 0.815209 0.214999 0.810638 0.216721 0.796926 0.221888 0.789151 0.225779
0 0.852147 0.931118 0.865767 0.960080 0.867448 0.962193 0.889716 0.952450 0.890762 0.951846 0.891512 0.951177 0.891851 0.950545 0.890630 0.944290 0.890447 0.943549 0.884297 0.930472 0.882247 0.926113 0.878061 0.920984 0.877508 0.920718 0.876598 0.920702 0.875471 0.920935 0.866628 0.924308
0 0.111042 0.329283 0.129067 0.356008 0.130672 0.356732 0.151104 0.343521 0.152069 0.342808 0.152773 0.342144 0.153110 0.341628 0.153028 0.341341 0.150774 0.335122 0.148081 0.331128 0.140000 0.319148 0.135071 0.314717 0.134564 0.314679 0.133726 0.314918 0.132684 0.315400 0.131596 0.316051 0.124480 0.320309
0 0.432314 0.551863 0.433716 0.555602 0.439631 0.566917 0.442594 0.572282 0.442817 0.572596 0.449304 0.571334 0.453672 0.569298 0.466776 0.563189 0.471932 0.559023 0.471928 0.558906 0.471721 0.558367 0.471344 0.557487 0.470854 0.556400 0.470325 0.555272 0.469837 0.554272 0.461697 0.538165
0 0.903497 0.273916 0.935035 0.279362 0.937033 0.278348 0.941643 0.254305 0.941776 0.253134 0.941733 0.252229 0.941523 0.251727 0.935632 0.249059 0.930879 0.248238 0.916619 0.245776 0.916133 0.245749 0.909530 0.246239 0.909130 0.246702 0.908707 0.247575 0.908328 0.248725 0.906220 0.258147
0 0.518375 0.121913 0.541552 0.128588 0.542748 0.128843 0.543786 0.128933 0.544509 0.128842 0.544805 0.128586 0.547996 0.122793 0.549226 0.118136 0.551685 0.108821 0.552914 0.104164 0.553003 0.097536 0.552834 0.097125 0.552218 0.096648 0.551247 0.096178 0.542372 0.093232 0.526800 0.089034 0.518571 0.120202
0 0.610971 0.512130 0.612043 0.518663 0.612364 0.518698 0.613124 0.518768 0.614210 0.518863 0.623599 0.519655 0.639685 0.520991 0.642348 0.488865 0.626262 0.487536 0.616869 0.486791 0.615782 0.486712 0.615019 0.486666 0.614696 0.486660 0.612563 0.492928 0.612165 0.497728 0.611369 0.507329
