0 0.599359 0.093220 0.602101 0.108986 0.603590 0.116431 0.603819 0.117572 0.604048 0.118407 0.604245 0.118809 0.610773 0.119337 0.629732 0.116039 0.635857 0.113311 0.636018 0.113212 0.636096 0.112631 0.636078 0.111656 0.635967 0.110434 0.635779 0.109152 0.631491 0.085843 0.599815 0.091352
0 0.601563 0.138853 0.601654 0.139401 0.632059 0.149879 0.637593 0.134150 0.640727 0.124886 0.641060 0.123806 0.641259 0.123041 0.641293 0.122708 0.635755 0.119017 0.631183 0.117435 0.617455 0.112686 0.610803 0.112163 0.610695 0.112322 0.610438 0.112939 0.610070 0.113919 0.609649 0.115114
0 0.241451 0.343666 0.241807 0.345541 0.246498 0.358705 0.247133 0.360407 0.247903 0.362183 0.248689 0.363760 0.249370 0.364898 0.249844 0.365423 0.252720 0.366970 0.258485 0.369424 0.264420 0.367027 0.258428 0.352189 0.254308 0.344057 0.253277 0.342484 0.251721 0.341424 0.249129 0.339768 0.248252 0.339209 0.246385 0.338820 0.244510 0.339176 0.242914 0.340221 0.241840 0.341798
0 0.626661 0.462105 0.626791 0.462251 0.627344 0.462581 0.628235 0.463046 0.629329 0.463574 0.651278 0.473720 0.651870 0.473550 0.665550 0.444361 0.650927 0.437535 0.643479 0.434211 0.642340 0.433703 0.641334 0.433299 0.640614 0.433062 0.640289 0.433026 0.636106 0.438162 0.629974 0.451247 0.627930 0.455609
0 0.247428 0.897033 0.250677 0.902887 0.263990 0.916850 0.269608 0.920295 0.269925 0.920144 0.270554 0.919647 0.276921 0.913866 0.288539 0.902831 0.289591 0.900906 0.267448 0.877682 0.250417 0.893694 0.249487 0.894606 0.248604 0.895523 0.247903 0.896306 0.247490 0.896836
0 0.720506 0.741898 0.720571 0.742343 0.725421 0.746838 0.729643 0.749159 0.738085 0.753799 0.742307 0.756119 0.748713 0.757811 0.749040 0.757843 0.749555 0.757443 0.750179 0.756671 0.754999 0.748930 0.762813 0.734859 0.761664 0.733682 0.733544 0.718226 0.721646 0.738941 0.721088 0.740057 0.720688 0.741095
0 0.868112 0.873627 0.869883 0.875260 0.894031 0.896615 0.904623 0.884464 0.910162 0.876986 0.910635 0.876021 0.910775 0.875230 0.910560 0.874733 0.906805 0.869268 0.895980 0.859695 0.892371 0.856504 0.886505 0.853459 0.885991 0.853349 0.885235 0.853625 0.884352 0.854242 0.883476 0.855107
0 0.833524 0.469210 0.833553 0.470442 0.835635 0.494379 0.867651 0.492248 0.869337 0.492097 0.868190 0.476022 0.867045 0.466835 0.866789 0.465823 0.866467 0.465172 0.866130 0.464981 0.859607 0.463807 0.845188 0.464767 0.840382 0.465087 0.834087 0.467115 0.833813 0.467409 0.833615 0.468145
0 0.156188 0.773971 0.156246 0.781637 0.156255 0.782809 0.156383 0.783694 0.156610 0.784157 0.162820 0.786070 0.167639 0.786294 0.182093 0.786965 0.182497 0.786919 0.188981 0.785620 0.189265 0.785104 0.189526 0.784182 0.189725 0.782994 0.189831 0.781720 0.190496 0.758123 0.158443 0.756633 0.156865 0.757930
0 0.353787 0.129845 0.353795 0.130684 0.354321 0.139376 0.355576 0.155366 0.356247 0.157060 0.388233 0.154502 0.386482 0.131081 0.386366 0.129796 0.386227 0.128568 0.386086 0.127584 0.385966 0.126993 0.385883 0.126886 0.379305 0.125750 0.360073 0.127288 0.353843 0.129448
0 0.094730 0.085779 0.094988 0.087743 0.095400 0.089606 0.096801 0.095183 0.103389 0.110176 0.112455 0.119087 0.118316 0.116512 0.118320 0.109643 0.117976 0.108504 0.117336 0.106921 0.116495 0.105132 0.109806 0.091381 0.108728 0.089839 0.103261 0.084108 0.101652 0.083082 0.099773 0.082750 0.097935 0.082435 0.096688 0.082711 0.095640 0.083443 0.094953 0.084521
0 0.825703 0.072060 0.828812 0.077973 0.838580 0.088597 0.841836 0.092138 0.847418 0.095680 0.847688 0.095494 0.848295 0.094977 0.849145 0.094209 0.867345 0.077353 0.868952 0.075485 0.847135 0.051754 0.835202 0.062751 0.828881 0.068725 0.827915 0.069638 0.826988 0.070555 0.826242 0.071338 0.825791 0.071866
0 0.475389 0.887238 0.488721 0.896213 0.496382 0.900836 0.497237 0.901210 0.497800 0.901289 0.502650 0.896979 0.502923 0.896642 0.511044 0.884690 0.513751 0.880705 0.516033 0.874498 0.515799 0.874022 0.515197 0.873346 0.514320 0.872575 0.513300 0.871824 0.493441 0.858858 0.475407 0.885398
0 0.872760 0.669662 0.872786 0.670456 0.873019 0.670855 0.878476 0.674589 0.882992 0.676264 0.892025 0.679613 0.896542 0.681287 0.903130 0.682018 0.903563 0.681970 0.904103 0.681471 0.904668 0.680596 0.908470 0.672179 0.914156 0.657104 0.912298 0.656276 0.882211 0.645122 0.873314 0.667414 0.872946 0.668594
0 0.638914 0.416335 0.670798 0.419948 0.671598 0.419465 0.673376 0.403472 0.674167 0.394428 0.674194 0.393458 0.674139 0.392864 0.674011 0.392738 0.667806 0.390421 0.653448 0.388794 0.648661 0.388252 0.642102 0.389121 0.641948 0.389483 0.641763 0.390273 0.641576 0.391371 0.641415 0.392611
0 0.278382 0.744472 0.282934 0.749268 0.287015 0.751839 0.295177 0.756980 0.299259 0.759550 0.305579 0.761602 0.305632 0.761559 0.305944 0.761106 0.306466 0.760310 0.307120 0.759294 0.307807 0.758212 0.320335 0.738252 0.293184 0.721151 0.292170 0.722267 0.283627 0.735854 0.279013 0.743335 0.278577 0.744082
0 0.927565 0.314284 0.955784 0.329558 0.957938 0.328672 0.965513 0.314538 0.969241 0.306677 0.969492 0.305869 0.969461 0.305419 0.964714 0.300961 0.960473 0.298665 0.947747 0.291777 0.941194 0.290119 0.940911 0.290109 0.940399 0.290526 0.939736 0.291307 0.939023 0.292333 0.938368 0.293448
0 0.079287 0.746942 0.079589 0.751756 0.080495 0.766197 0.082566 0.772407 0.082929 0.772570 0.083745 0.772645 0.092381 0.772460 0.108381 0.771507 0.110290 0.770255 0.108282 0.738230 0.084899 0.739387 0.083605 0.739502 0.082353 0.739684 0.081334 0.739904 0.080702 0.740131 0.080554 0.740329
0 0.769073 0.838841 0.770413 0.840455 0.784593 0.847931 0.792349 0.851758 0.793110 0.852061 0.793488 0.852113 0.797946 0.847280 0.806982 0.830234 0.808542 0.823715 0.808467 0.823534 0.807962 0.823126 0.807105 0.822555 0.806028 0.821907 0.804892 0.821279 0.784101 0.810490
0 0.510487 0.844083 0.510582 0.844592 0.510853 0.845477 0.511258 0.846605 0.511735 0.847802 0.514859 0.855639 0.521103 0.870570 0.550823 0.858086 0.550634 0.856551 0.541267 0.833908 0.540797 0.832826 0.540409 0.832017 0.540162 0.831602 0.533661 0.832579 0.520355 0.838168 0.515920 0.840031 0.515786 0.840109
0 0.907658 0.767017 0.907760 0.767172 0.908333 0.767473 0.909289 0.767874 0.910484 0.768315 0.919923 0.771426 0.935412 0.776223 0.944896 0.745415 0.942967 0.744324 0.919388 0.736908 0.918278 0.736584 0.917475 0.736388 0.917099 0.736352 0.913616 0.741941 0.912200 0.746539 0.909369 0.755734 0.907954 0.760332
0 0.548243 0.508058 0.548275 0.508306 0.548440 0.508985 0.548711 0.509991 0.549047 0.511170 0.555844 0.534260 0.556069 0.534307 0.587016 0.525286 0.582490 0.509813 0.580143 0.502104 0.579784 0.500925 0.579455 0.499935 0.579205 0.499284 0.579073 0.499071 0.572457 0.499327 0.567832 0.500675 0.558583 0.503371 0.553959 0.504719
0 0.914232 0.064922 0.926961 0.094377 0.948371 0.085445 0.949571 0.084891 0.950755 0.084273 0.951741 0.083684 0.952381 0.083215 0.952575 0.082936 0.951588 0.076263 0.943934 0.058553 0.939824 0.053431 0.939533 0.053364 0.938811 0.053544 0.930949 0.056571 0.916245 0.062873
0 0.151515 0.513506 0.151798 0.513919 0.152450 0.514538 0.153371 0.515270 0.159396 0.520054 0.172295 0.529624 0.173889 0.529556 0.192937 0.503734 0.174070 0.489483 0.173028 0.488751 0.172023 0.488120 0.171207 0.487688 0.170705 0.487519 0.165608 0.491735 0.165434 0.491922 0.153982 0.507448
0 0.258946 0.673530 0.259259 0.674153 0.259876 0.674978 0.260705 0.675880 0.278021 0.692739 0.279037 0.691858 0.301679 0.669239 0.290370 0.657918 0.283565 0.651590 0.282723 0.650929 0.282069 0.650549 0.281705 0.650509 0.276026 0.653912 0.272618 0.657316 0.265802 0.664125 0.262394 0.667530 0.258985 0.673205
0 0.414302 0.818172 0.420173 0.821253 0.438938 0.825741 0.445563 0.825649 0.445684 0.825213 0.445900 0.824360 0.446177 0.823219 0.451848 0.799396 0.452068 0.798026 0.420941 0.790582 0.420578 0.791917 0.414872 0.815732 0.414600 0.816874 0.414400 0.817731
0 0.737969 0.402470 0.737984 0.402653 0.738444 0.403005 0.739278 0.403471 0.747412 0.407304 0.762066 0.413733 0.763269 0.413336 0.776186 0.383893 0.754395 0.374061 0.753223 0.373589 0.752141 0.373233 0.751315 0.373047 0.750871 0.373060 0.746820 0.378297 0.741014 0.391531 0.739079 0.395943
0 0.423759 0.045596 0.424058 0.047782 0.452934 0.061773 0.463467 0.040813 0.463998 0.039632 0.464439 0.038463 0.464725 0.037481 0.464810 0.036837 0.464682 0.036629 0.459532 0.032284 0.455191 0.030180 0.442170 0.023871 0.435757 0.022614 0.435412 0.022864 0.434930 0.023548 0.430800 0.031190
0 0.696073 0.892423 0.699036 0.898333 0.702174 0.901988 0.711589 0.912950 0.716996 0.916785 0.717356 0.917008 0.718035 0.916880 0.718929 0.916421 0.726267 0.910993 0.738539 0.900578 0.737533 0.898667 0.716627 0.874324 0.698107 0.889417 0.697204 0.890280 0.696501 0.891154 0.696104 0.891907
0 0.344590 0.446862 0.357589 0.476360 0.358137 0.476515 0.380303 0.466871 0.381410 0.466369 0.382316 0.465929 0.382883 0.465616 0.383024 0.465478 0.381906 0.458955 0.374136 0.441323 0.370074 0.436092 0.369756 0.436125 0.369037 0.436351 0.368026 0.436734 0.359365 0.440375
0 0.816285 0.845932 0.831210 0.863848 0.832052 0.864851 0.832887 0.865835 0.833589 0.866651 0.834052 0.867176 0.834203 0.867329 0.840239 0.864509 0.851345 0.855234 0.855046 0.852142 0.858872 0.846725 0.858708 0.846466 0.858230 0.845851 0.857512 0.844975 0.852814 0.839247 0.842557 0.826949 0.840913 0.825362
0 0.929529 0.821789 0.939578 0.829317 0.945497 0.832122 0.952509 0.817322 0.954846 0.807982 0.954660 0.806717 0.954077 0.804741 0.953098 0.803103 0.951566 0.801966 0.945343 0.797805 0.943518 0.797347 0.941411 0.797585 0.940176 0.797768 0.939104 0.798409 0.938360 0.799412 0.930866 0.813820 0.930190 0.815566 0.929842 0.817214
0 0.429278 0.741527 0.461005 0.747232 0.463864 0.731323 0.465552 0.721893 0.465752 0.720765 0.465898 0.719931 0.465967 0.719519 0.459931 0.716798 0.455190 0.715945 0.445709 0.714240 0.440968 0.713388 0.434361 0.713835 0.434264 0.714243 0.434094 0.715072 0.433878 0.716197 0.433648 0.717446 0.432144 0.725619
0 0.743363 0.193716 0.743604 0.195583 0.744007 0.196464 0.744628 0.197547 0.745617 0.198310 0.754695 0.200778 0.770661 0.201869 0.776993 0.194894 0.777439 0.188359 0.772057 0.185624 0.770677 0.185277 0.768878 0.185065 0.766935 0.185022 0.751975 0.184891 0.750083 0.185135 0.748428 0.186085 0.747563 0.187177 0.745005 0.190410 0.743855 0.191900
0 0.352289 0.573776 0.352575 0.574382 0.353103 0.575256 0.358310 0.582868 0.367716 0.595950 0.368390 0.595603 0.394403 0.576816 0.380505 0.557249 0.379766 0.556261 0.379092 0.555435 0.378585 0.554897 0.378323 0.554729 0.372178 0.557187 0.356559 0.568467 0.352289 0.573531
0 0.483936 0.234983 0.484151 0.235389 0.484701 0.236051 0.485502 0.236868 0.486434 0.237717 0.504560 0.253094 0.525600 0.228867 0.525630 0.227543 0.513460 0.217035 0.506463 0.211383 0.505681 0.210854 0.505165 0.210628 0.504992 0.210737 0.499569 0.214539 0.496410 0.218176 0.486935 0.229087
0 0.027628 0.561119 0.043553 0.564119 0.053291 0.565755 0.054532 0.565914 0.055534 0.565991 0.056144 0.565975 0.056271 0.565867 0.059117 0.559811 0.060017 0.555086 0.062716 0.540908 0.062271 0.534348 0.061891 0.534190 0.061069 0.533976 0.059930 0.533741 0.035681 0.529296 0.033657 0.529452
0 0.696348 0.399141 0.699717 0.402966 0.700497 0.403362 0.701849 0.403865 0.703566 0.404398 0.718982 0.408824 0.720810 0.409308 0.722476 0.409671 0.723730 0.409859 0.724378 0.409841 0.730623 0.407931 0.730897 0.407610 0.731266 0.406861 0.731675 0.405796 0.732061 0.404579 0.732365 0.403395 0.732539 0.402427 0.732558 0.401822 0.731523 0.400684 0.726609 0.398309 0.721915 0.396961 0.707830 0.392918 0.700405 0.391751 0.698114 0.392988
0 0.929749 0.633770 0.931169 0.640300 0.931280 0.640412 0.931882 0.640545 0.932886 0.640677 0.934138 0.640788 0.944014 0.641348 0.960209 0.641998 0.961451 0.609786 0.959450 0.609288 0.934803 0.608205 0.933642 0.608175 0.932800 0.608186 0.932404 0.608238 0.930491 0.614541 0.930305 0.619348
0 0.873388 0.119077 0.894030 0.130907 0.895179 0.131427 0.896298 0.131743 0.897220 0.131808 0.897802 0.131611 0.902229 0.126704 0.904493 0.122452 0.909020 0.113948 0.911283 0.109696 0.911533 0.109023 0.913060 0.102810 0.912773 0.102192 0.912074 0.101503 0.904499 0.096578 0.890357 0.088922 0.888466 0.090753
