0 0.318902 0.246835 0.318932 0.247239 0.323224 0.252287 0.327142 0.255091 0.338893 0.263500 0.345047 0.265928 0.345338 0.265916 0.345866 0.265507 0.346553 0.264765 0.347293 0.263802 0.361058 0.243914 0.360351 0.242829 0.334136 0.224069 0.324794 0.237229 0.319668 0.245124 0.319160 0.246092
0 0.780631 0.508314 0.788147 0.522441 0.793246 0.529641 0.794437 0.531098 0.796095 0.531988 0.800232 0.532435 0.802130 0.532625 0.803957 0.532075 0.805434 0.530867 0.806337 0.529186 0.806528 0.527288 0.805977 0.525461 0.799999 0.512653 0.799198 0.511000 0.798237 0.509342 0.797265 0.507933 0.796430 0.506987 0.795860 0.506650 0.792979 0.505432 0.786282 0.505308
0 0.744333 0.443349 0.744848 0.445158 0.746016 0.446634 0.750987 0.452061 0.763178 0.462426 0.769335 0.461547 0.773578 0.456557 0.771828 0.451759 0.771327 0.451017 0.770322 0.449950 0.768965 0.448721 0.767465 0.447520 0.755789 0.438437 0.754122 0.437508 0.752227 0.437288 0.748751 0.438153 0.746941 0.438667 0.745466 0.439836 0.744550 0.441479
0 0.273475 0.930720 0.297509 0.932189 0.298777 0.932264 0.299909 0.932327 0.300734 0.932368 0.301125 0.932381 0.303380 0.925732 0.303860 0.920684 0.305293 0.905602 0.304324 0.898831 0.303938 0.898790 0.303121 0.898725 0.301998 0.898646 0.300740 0.898567 0.276865 0.897144
0 0.411024 0.110817 0.411326 0.112557 0.433581 0.122411 0.434705 0.122828 0.435644 0.123053 0.436255 0.123053 0.436445 0.122826 0.440413 0.117534 0.447874 0.099769 0.448879 0.093218 0.448629 0.092773 0.447965 0.092203 0.446987 0.091595 0.438377 0.087421 0.423506 0.081096
0 0.683816 0.107530 0.685399 0.113965 0.685509 0.114284 0.687760 0.118536 0.694513 0.131290 0.698905 0.136104 0.699390 0.136037 0.700223 0.135721 0.701278 0.135203 0.722811 0.123426 0.723735 0.121746 0.708650 0.093258 0.694368 0.100881 0.685920 0.105782 0.684914 0.106466 0.684175 0.107080
0 0.893341 0.923001 0.895148 0.924944 0.914991 0.939814 0.915908 0.940471 0.916538 0.940873 0.916788 0.940960 0.921996 0.936873 0.930617 0.925251 0.933490 0.921377 0.935937 0.915144 0.935751 0.914925 0.935172 0.914416 0.934291 0.913694 0.933240 0.912869 0.925260 0.906829 0.912408 0.897296
0 0.740212 0.403555 0.754097 0.432391 0.755264 0.432080 0.777309 0.421529 0.778370 0.421008 0.779171 0.420595 0.779591 0.420352 0.778262 0.413878 0.776170 0.409532 0.769892 0.396494 0.765647 0.391391 0.765633 0.391381 0.765180 0.391582 0.764357 0.391964 0.763289 0.392469 0.762138 0.393019 0.754630 0.396613
0 0.060962 0.781912 0.077078 0.783516 0.085582 0.783988 0.086882 0.784060 0.088118 0.784021 0.089103 0.783877 0.089686 0.783650 0.091954 0.777421 0.092092 0.777017 0.092588 0.772232 0.094076 0.757877 0.093089 0.751460 0.092678 0.751202 0.091829 0.750972 0.090670 0.750806 0.066170 0.748691 0.064287 0.749848
0 0.017045 0.699545 0.017276 0.700064 0.017920 0.700717 0.018880 0.701406 0.039874 0.713965 0.041978 0.712987 0.058954 0.685856 0.045389 0.677368 0.036958 0.672701 0.035846 0.672236 0.034911 0.671995 0.034296 0.672016 0.029528 0.676609 0.029219 0.677037 0.026660 0.681126 0.018984 0.693393
0 0.203115 0.218404 0.203346 0.218694 0.203887 0.219315 0.209675 0.225768 0.220436 0.237652 0.221795 0.238940 0.245572 0.217393 0.244323 0.216006 0.233556 0.204126 0.227734 0.197704 0.227181 0.197095 0.226931 0.196820 0.221047 0.199903 0.217472 0.203142 0.210324 0.209619 0.206750 0.212858
0 0.403635 0.937049 0.403699 0.937269 0.407440 0.942865 0.411027 0.946090 0.421787 0.955764 0.427600 0.958758 0.427999 0.958600 0.428652 0.958067 0.429459 0.957242 0.434737 0.951846 0.445498 0.939956 0.445825 0.937854 0.421964 0.916400 0.406032 0.933642 0.405194 0.934625 0.404445 0.935618 0.403897 0.936469
0 0.456977 0.240108 0.458150 0.246618 0.458452 0.246857 0.459195 0.247091 0.460264 0.247283 0.461498 0.247405 0.485422 0.248639 0.487559 0.216623 0.487387 0.215310 0.471314 0.214295 0.462133 0.214092 0.461124 0.214169 0.460476 0.214339 0.460289 0.214576 0.458261 0.220883
0 0.293539 0.931869 0.297145 0.947576 0.299490 0.956027 0.299823 0.956817 0.300129 0.957156 0.306642 0.957365 0.311344 0.956286 0.320748 0.954127 0.325450 0.953047 0.331461 0.949962 0.331664 0.949805 0.331757 0.949173 0.331726 0.948161 0.331577 0.946925 0.331332 0.945652 0.325754 0.922711 0.294485 0.929890
0 0.051997 0.251976 0.052160 0.252803 0.055033 0.261006 0.061069 0.275862 0.063125 0.276995 0.092802 0.264794 0.084267 0.242939 0.083733 0.241760 0.083132 0.240662 0.082554 0.239811 0.082088 0.239338 0.081804 0.239314 0.075112 0.240266 0.057268 0.247602 0.052077 0.251536
0 0.566243 0.756594 0.567939 0.762988 0.577251 0.779856 0.581761 0.784709 0.582028 0.784852 0.582684 0.784739 0.583629 0.784387 0.591854 0.780325 0.605981 0.772595 0.605596 0.771290 0.590090 0.743198 0.568949 0.754442 0.567882 0.755077 0.566994 0.755709 0.566418 0.756241
0 0.165861 0.889503 0.169286 0.895224 0.179655 0.905317 0.183112 0.908681 0.188894 0.911921 0.189133 0.911745 0.189693 0.911217 0.190490 0.910416 0.195701 0.905178 0.206878 0.893713 0.208301 0.891826 0.185307 0.869446 0.169026 0.886107 0.168115 0.887050 0.167220 0.887992 0.166478 0.888788 0.166001 0.889319
0 0.071774 0.936627 0.071906 0.936949 0.077472 0.940385 0.091352 0.944474 0.095979 0.945836 0.102737 0.946031 0.103025 0.945851 0.103447 0.945207 0.103939 0.944195 0.104428 0.942972 0.104838 0.941721 0.111055 0.919310 0.080275 0.910243 0.078309 0.912242 0.073844 0.927613 0.072112 0.934767 0.071847 0.935862
0 0.773577 0.729297 0.779977 0.734662 0.795754 0.739051 0.802229 0.740122 0.804132 0.740265 0.805944 0.739669 0.806571 0.739364 0.807539 0.738531 0.808115 0.737390 0.808251 0.736722 0.808394 0.734819 0.807798 0.733006 0.806554 0.731560 0.805487 0.730754 0.802329 0.728369 0.800650 0.727521 0.786411 0.723060 0.784562 0.722508 0.782862 0.722072 0.781568 0.721819 0.780876 0.721787 0.775292 0.723131
0 0.461948 0.880745 0.468980 0.895166 0.473055 0.902914 0.473518 0.903636 0.473834 0.903942 0.480263 0.902654 0.497625 0.894243 0.502760 0.889928 0.502854 0.889785 0.502735 0.889205 0.502422 0.888277 0.501963 0.887143 0.501426 0.885974 0.490950 0.864907 0.462072 0.878897
0 0.252967 0.237148 0.254511 0.243579 0.254992 0.243806 0.255885 0.244000 0.257055 0.244133 0.258324 0.244184 0.282005 0.244023 0.282286 0.211937 0.281168 0.210610 0.265102 0.210528 0.256199 0.210864 0.255293 0.211003 0.254799 0.211215 0.253143 0.217511 0.253136 0.217881 0.253009 0.232332
0 0.452503 0.765265 0.480996 0.780342 0.488535 0.766043 0.492875 0.757490 0.493360 0.756447 0.493683 0.755655 0.493792 0.755233 0.488866 0.750805 0.484609 0.748552 0.476094 0.744046 0.471836 0.741793 0.465408 0.740213 0.465314 0.740238 0.465005 0.740693 0.464530 0.741506 0.463960 0.742555 0.452667 0.764150
0 0.301326 0.329621 0.308908 0.343894 0.313509 0.352287 0.314087 0.353274 0.314544 0.353983 0.314812 0.354308 0.321242 0.352724 0.325499 0.350470 0.338270 0.343707 0.343191 0.339279 0.343203 0.339184 0.342984 0.338672 0.342568 0.337820 0.342017 0.336758 0.330539 0.315282 0.329813 0.314534
0 0.674510 0.616764 0.674550 0.617752 0.674667 0.618956 0.677760 0.642993 0.678565 0.643537 0.710575 0.639730 0.708628 0.623702 0.707236 0.614346 0.707008 0.613264 0.706772 0.612505 0.706563 0.612185 0.699992 0.611347 0.685642 0.613054 0.680859 0.613623 0.674675 0.615978 0.674554 0.616141
0 0.850991 0.818833 0.859297 0.840691 0.859806 0.841889 0.860366 0.843033 0.860893 0.843949 0.861306 0.844498 0.861543 0.844595 0.868226 0.843769 0.886171 0.836683 0.891438 0.832789 0.891484 0.832409 0.891306 0.831620 0.888471 0.823490 0.882632 0.808568 0.880836 0.807047
0 0.661278 0.084152 0.670356 0.106873 0.670860 0.107945 0.671351 0.108726 0.671754 0.109097 0.678158 0.108141 0.678546 0.107996 0.696304 0.100519 0.701605 0.096539 0.701696 0.095978 0.701585 0.095048 0.701288 0.093890 0.697987 0.084773 0.691775 0.069835 0.662065 0.082344
0 0.646727 0.893098 0.647401 0.894904 0.668775 0.906898 0.669827 0.907415 0.670659 0.907711 0.671144 0.907741 0.675598 0.902981 0.682516 0.890271 0.684821 0.886034 0.686509 0.879508 0.686560 0.879292 0.686182 0.878842 0.685433 0.878228 0.684428 0.877544 0.676081 0.872636 0.662026 0.864987
0 0.765424 0.262677 0.785077 0.288042 0.786481 0.286995 0.799158 0.277171 0.805121 0.272539 0.806032 0.271831 0.806691 0.271317 0.806996 0.271074 0.804368 0.264977 0.795506 0.253539 0.792551 0.249727 0.787309 0.245666 0.786989 0.245890 0.786321 0.246392 0.785405 0.247095 0.779418 0.251695 0.766737 0.261514
0 0.724544 0.660452 0.724821 0.662313 0.725789 0.663926 0.727301 0.665047 0.728086 0.665618 0.730476 0.667353 0.732328 0.667816 0.747239 0.669071 0.749179 0.669208 0.750986 0.669254 0.752382 0.669203 0.753155 0.669063 0.758110 0.666527 0.758429 0.659984 0.752521 0.656326 0.736538 0.655547 0.729596 0.655869 0.727735 0.656146 0.726121 0.657114 0.725001 0.658626
0 0.642078 0.510080 0.655408 0.529881 0.656127 0.530902 0.656796 0.531786 0.657314 0.532399 0.657601 0.532648 0.663807 0.530350 0.667785 0.527633 0.675740 0.522199 0.679717 0.519482 0.684119 0.514534 0.684156 0.514363 0.683912 0.513814 0.683424 0.512969 0.682767 0.511958 0.678468 0.505345 0.669416 0.492039 0.668574 0.491981
0 0.311211 0.377894 0.311254 0.378853 0.311384 0.380046 0.312236 0.387849 0.314381 0.403792 0.315247 0.404347 0.347039 0.399999 0.344009 0.376367 0.343817 0.375128 0.343599 0.374025 0.343388 0.373225 0.343215 0.372850 0.336637 0.372133 0.331865 0.372785 0.317547 0.374743 0.311397 0.377202 0.311261 0.377314
0 0.030615 0.854796 0.033208 0.860930 0.045113 0.876113 0.050448 0.880090 0.050662 0.879943 0.051260 0.879488 0.052150 0.878794 0.071640 0.863480 0.073599 0.861818 0.053850 0.836633 0.051800 0.838180 0.032288 0.853465 0.031401 0.854163 0.030813 0.854630
0 0.850910 0.232261 0.851199 0.233476 0.856705 0.241104 0.868433 0.251992 0.877053 0.246189 0.881509 0.241389 0.879145 0.236518 0.878268 0.235237 0.876994 0.233890 0.864621 0.223475 0.863533 0.222805 0.862407 0.222568 0.860523 0.222265 0.858667 0.222707 0.857121 0.223825 0.855878 0.224786 0.852200 0.227630 0.851213 0.229233 0.850915 0.231091
0 0.905916 0.561767 0.907083 0.568306 0.907173 0.568345 0.907754 0.568422 0.908738 0.568525 0.909975 0.568638 0.911277 0.568745 0.919797 0.569439 0.935952 0.570673 0.938394 0.538530 0.936499 0.538363 0.911936 0.536489 0.910774 0.536402 0.909923 0.536340 0.909512 0.536312 0.907373 0.542580 0.906280 0.556971
0 0.636862 0.124577 0.636913 0.125864 0.638539 0.149311 0.670571 0.147406 0.671349 0.145667 0.670357 0.129657 0.669668 0.122118 0.669562 0.120965 0.669414 0.120130 0.669247 0.119739 0.662809 0.118468 0.657994 0.118754 0.643550 0.119613 0.637162 0.121648 0.637028 0.121759 0.636924 0.122355 0.636865 0.123345
0 0.097015 0.547526 0.097481 0.553255 0.103700 0.555313 0.112759 0.554048 0.117787 0.538856 0.118935 0.529518 0.118602 0.528314 0.118287 0.527722 0.117130 0.526238 0.115493 0.525310 0.113626 0.525079 0.112290 0.525165 0.108227 0.525429 0.106388 0.525937 0.104883 0.527110 0.103942 0.528770 0.103644 0.529419 0.098387 0.542492 0.097691 0.544284 0.097209 0.546053
0 0.492123 0.590694 0.496825 0.595352 0.500966 0.597812 0.513389 0.605192 0.519731 0.607096 0.519857 0.607008 0.520214 0.606514 0.524249 0.600273 0.531931 0.588007 0.533140 0.585375 0.505365 0.568874 0.494442 0.586634 0.493820 0.587665 0.493190 0.588738 0.492646 0.589690 0.492271 0.590377
0 0.282256 0.147882 0.282277 0.148335 0.285168 0.154300 0.288256 0.157997 0.297521 0.169087 0.302867 0.172980 0.303243 0.173095 0.303935 0.172877 0.304837 0.172361 0.305812 0.171624 0.323974 0.155738 0.323075 0.154227 0.302407 0.129489 0.290083 0.139895 0.283293 0.146340 0.282613 0.147182
0 0.489754 0.561301 0.516387 0.579313 0.529930 0.559407 0.530614 0.558376 0.531184 0.557482 0.531551 0.556862 0.531660 0.556610 0.527239 0.551682 0.523249 0.548983 0.511278 0.540887 0.505058 0.538619 0.504917 0.538788 0.504524 0.539334 0.503939 0.540176 0.503251 0.541185 0.498765 0.547766 0.489801 0.561021
