0 0.397731 0.135516 0.398198 0.137183 0.429263 0.144882 0.433113 0.129350 0.435247 0.119894 0.435465 0.118696 0.435584 0.117737 0.435587 0.117164 0.435471 0.117065 0.429558 0.113908 0.424876 0.112747 0.410830 0.109266 0.404272 0.109333 0.404033 0.109719 0.403734 0.110537 0.403421 0.111665
0 0.044964 0.674418 0.047687 0.680413 0.059905 0.695346 0.065319 0.699295 0.065511 0.699275 0.066081 0.698945 0.066942 0.698357 0.067961 0.697600 0.068986 0.696789 0.075671 0.691498 0.088055 0.681365 0.067788 0.656595 0.065802 0.657314 0.046620 0.672783 0.045746 0.673532 0.045165 0.674107
0 0.370967 0.662843 0.384771 0.691881 0.406442 0.681736 0.407571 0.681175 0.408559 0.680637 0.409257 0.680204 0.409557 0.679940 0.408249 0.673450 0.402045 0.660398 0.399976 0.656048 0.395769 0.650936 0.395639 0.650909 0.395089 0.651095 0.394202 0.651467 0.386009 0.655228 0.371556 0.662099
0 0.892331 0.849083 0.894226 0.850765 0.906471 0.861068 0.912956 0.866499 0.913533 0.866975 0.913740 0.867135 0.919200 0.863333 0.931624 0.848572 0.934438 0.842544 0.934246 0.842366 0.933680 0.841877 0.927225 0.836410 0.914984 0.826102 0.912994 0.824534
0 0.760331 0.511436 0.760458 0.512066 0.760802 0.513001 0.761310 0.514100 0.772424 0.535624 0.773627 0.535684 0.802469 0.521287 0.795211 0.506867 0.790657 0.498588 0.790048 0.497666 0.789526 0.497061 0.789172 0.496865 0.782703 0.498297 0.778393 0.500448 0.765464 0.506902 0.760439 0.511207
0 0.468426 0.797551 0.470107 0.829659 0.494181 0.828775 0.495412 0.828653 0.496456 0.828435 0.497155 0.828154 0.497401 0.827853 0.498669 0.821355 0.497914 0.806923 0.497662 0.802113 0.495723 0.795782 0.495482 0.795536 0.494791 0.795353 0.493756 0.795260 0.484550 0.795354 0.468570 0.796191
0 0.266811 0.825598 0.267412 0.835277 0.268997 0.851378 0.301067 0.848111 0.301990 0.846630 0.299846 0.822252 0.299690 0.821079 0.299486 0.820187 0.299267 0.819712 0.292828 0.818753 0.292516 0.818774 0.273347 0.820726 0.267116 0.822981 0.266933 0.823487 0.266826 0.824406
0 0.854599 0.860189 0.877631 0.882530 0.879450 0.884208 0.890590 0.872564 0.896462 0.865392 0.896977 0.864466 0.897150 0.863704 0.896955 0.863224 0.893454 0.857593 0.889997 0.854239 0.883081 0.847531 0.879624 0.844178 0.873904 0.840865 0.873392 0.840758 0.872621 0.841021 0.871709 0.841611 0.870793 0.842440
0 0.232996 0.858355 0.237247 0.863461 0.241172 0.866265 0.249022 0.871872 0.252947 0.874675 0.259151 0.877037 0.259364 0.876769 0.259840 0.876122 0.260508 0.875195 0.264873 0.869134 0.274191 0.856096 0.275292 0.854371 0.249181 0.835721 0.247959 0.837360 0.238647 0.850402 0.234314 0.856487 0.233652 0.857417 0.233189 0.858074
0 0.792779 0.581669 0.794242 0.582060 0.810143 0.584237 0.818852 0.585373 0.819710 0.585470 0.820141 0.585498 0.822633 0.579366 0.823290 0.574588 0.824603 0.565031 0.825259 0.560253 0.824516 0.553655 0.824451 0.553638 0.823903 0.553555 0.822959 0.553419 0.821761 0.553250 0.820491 0.553074 0.797147 0.549880
0 0.123133 0.656628 0.123259 0.657169 0.129002 0.660196 0.129414 0.660308 0.134097 0.661436 0.148146 0.664820 0.154759 0.664767 0.155123 0.664364 0.155543 0.663550 0.155956 0.662448 0.156298 0.661226 0.161427 0.638096 0.130231 0.630582 0.128501 0.631295 0.124805 0.646932 0.123182 0.655706
0 0.030450 0.526088 0.042788 0.536560 0.050469 0.542517 0.051482 0.543165 0.052335 0.543574 0.052898 0.543680 0.058303 0.539844 0.058579 0.539532 0.067963 0.528568 0.071091 0.524913 0.073950 0.519093 0.073721 0.518615 0.073127 0.517922 0.072260 0.517119 0.053380 0.501516 0.051411 0.501598
0 0.722707 0.431345 0.740923 0.457660 0.742030 0.457465 0.762158 0.443676 0.763125 0.442985 0.763851 0.442419 0.764228 0.442066 0.764197 0.441978 0.761861 0.435783 0.759120 0.431822 0.750895 0.419939 0.745919 0.415572 0.745502 0.415785 0.744748 0.416243 0.743772 0.416876 0.735865 0.422237
0 0.694932 0.815681 0.695047 0.816218 0.700990 0.819119 0.701326 0.819215 0.715478 0.822228 0.720196 0.823232 0.726702 0.822973 0.727014 0.822552 0.727345 0.821709 0.729601 0.813121 0.733005 0.797423 0.731961 0.795948 0.700576 0.789266 0.695288 0.812318 0.695062 0.813571 0.694937 0.814752
0 0.786059 0.721450 0.789366 0.724010 0.797486 0.726302 0.816797 0.729271 0.821365 0.728929 0.823807 0.728609 0.824159 0.728083 0.824484 0.727152 0.824731 0.725958 0.824863 0.724683 0.824860 0.723524 0.824722 0.722657 0.824470 0.722214 0.817834 0.717381 0.817052 0.717038 0.815666 0.716637 0.813888 0.716239 0.811986 0.715902 0.796133 0.713466 0.794390 0.713242 0.793065 0.713163 0.792359 0.713243 0.787031 0.715123
0 0.406127 0.431555 0.415241 0.462475 0.415520 0.462680 0.438661 0.455948 0.439832 0.455593 0.440812 0.455274 0.441454 0.455040 0.441658 0.454925 0.441383 0.448312 0.440021 0.443691 0.435935 0.429830 0.432578 0.424122 0.432305 0.424118 0.431603 0.424253 0.430579 0.424506 0.429389 0.424838 0.421601 0.427014
0 0.683405 0.585423 0.700428 0.601943 0.701346 0.602813 0.702202 0.603592 0.702865 0.604163 0.703234 0.604439 0.708841 0.600924 0.722204 0.587043 0.725506 0.581304 0.725544 0.581222 0.725226 0.580812 0.724598 0.580138 0.723757 0.579302 0.718254 0.573835 0.706690 0.562673 0.705660 0.562307
0 0.315956 0.659452 0.318883 0.683572 0.319074 0.684761 0.319300 0.685704 0.319525 0.686256 0.319716 0.686335 0.326293 0.687092 0.340622 0.685214 0.345398 0.684588 0.351558 0.682161 0.351656 0.681759 0.351676 0.680934 0.351615 0.679814 0.350611 0.670429 0.348531 0.654563 0.316797 0.658723
0 0.868881 0.654484 0.869851 0.686557 0.871669 0.687412 0.887697 0.686887 0.895225 0.686410 0.896376 0.686337 0.897204 0.686211 0.897582 0.686050 0.899050 0.679655 0.898905 0.674834 0.898467 0.660371 0.896610 0.653923 0.896483 0.653781 0.895871 0.653655 0.894867 0.653563 0.893625 0.653521 0.892333 0.653534
0 0.354900 0.228535 0.355214 0.228961 0.355822 0.229668 0.356631 0.230546 0.357519 0.231463 0.374213 0.248159 0.397026 0.225594 0.396471 0.224248 0.385161 0.212850 0.379667 0.207510 0.378827 0.206694 0.378164 0.206111 0.377779 0.205850 0.372104 0.209186 0.361816 0.219361 0.358387 0.222753 0.354928 0.228454
0 0.408514 0.856124 0.408752 0.862740 0.414095 0.881253 0.417419 0.886979 0.417582 0.887251 0.418190 0.887346 0.419152 0.887250 0.420322 0.886976 0.443581 0.879846 0.443840 0.878109 0.434965 0.847359 0.419590 0.851796 0.410608 0.854822 0.409565 0.855286 0.408829 0.855743
0 0.691092 0.271907 0.693737 0.277979 0.702560 0.289424 0.705501 0.293239 0.710697 0.297341 0.710724 0.297356 0.711135 0.297069 0.711866 0.296525 0.712807 0.295806 0.732150 0.280836 0.733128 0.279897 0.713447 0.254367 0.700643 0.264254 0.693033 0.270237 0.692118 0.270984 0.691436 0.271570
0 0.883656 0.081326 0.883691 0.081689 0.889029 0.085473 0.907089 0.092112 0.913806 0.092758 0.914076 0.092652 0.914518 0.092084 0.915065 0.091140 0.915633 0.089962 0.916136 0.088732 0.919427 0.080682 0.925073 0.065470 0.894817 0.054349 0.893047 0.056283 0.884197 0.079452 0.883833 0.080541
0 0.626300 0.537799 0.636287 0.559481 0.636830 0.560605 0.637342 0.561588 0.637746 0.562280 0.637979 0.562576 0.644474 0.561307 0.657563 0.555183 0.661926 0.553141 0.667066 0.548966 0.667119 0.548808 0.666957 0.548230 0.666606 0.547321 0.666118 0.546218 0.662924 0.539005 0.656128 0.524417 0.655364 0.524201
0 0.596453 0.778869 0.596904 0.780037 0.629092 0.781782 0.629937 0.765635 0.630250 0.756023 0.630239 0.754863 0.630177 0.753994 0.630075 0.753548 0.623746 0.751592 0.609316 0.750810 0.604506 0.750550 0.598008 0.751810 0.597908 0.751856 0.597798 0.752384 0.597694 0.753312 0.597612 0.754501
0 0.765420 0.876607 0.766745 0.878392 0.781122 0.885477 0.787951 0.888559 0.788996 0.889030 0.789771 0.889289 0.790160 0.889297 0.794481 0.884366 0.796626 0.880045 0.803059 0.867084 0.804449 0.860507 0.804380 0.860288 0.803876 0.859855 0.803014 0.859274 0.801925 0.858632 0.800775 0.858029 0.779685 0.847865
0 0.253404 0.712831 0.253422 0.713639 0.253605 0.714732 0.256029 0.723871 0.260819 0.739288 0.291566 0.729606 0.292556 0.728663 0.285650 0.705441 0.285246 0.704300 0.284826 0.703395 0.284454 0.702863 0.284185 0.702786 0.277581 0.703180 0.263798 0.707520 0.259203 0.708967 0.253554 0.712431
0 0.265935 0.604479 0.267297 0.610962 0.273611 0.623981 0.275716 0.628321 0.279961 0.633399 0.280406 0.633203 0.281221 0.632821 0.282284 0.632311 0.289233 0.628974 0.303690 0.621968 0.304693 0.621359 0.290691 0.592488 0.289623 0.592964 0.275169 0.599976 0.268238 0.603349 0.267178 0.603865 0.266369 0.604261
0 0.059452 0.200074 0.061466 0.201446 0.092182 0.210437 0.096678 0.195080 0.098742 0.185812 0.098835 0.184658 0.098732 0.183755 0.098449 0.183243 0.092736 0.179898 0.088112 0.178544 0.074243 0.174484 0.073578 0.174407 0.067179 0.174169 0.066660 0.174595 0.066151 0.175435 0.065729 0.176560
0 0.335231 0.543355 0.340706 0.546357 0.345681 0.547502 0.346946 0.547299 0.351354 0.542338 0.353588 0.538073 0.360288 0.525279 0.361838 0.518862 0.361558 0.518639 0.360886 0.518228 0.359926 0.517692 0.358822 0.517112 0.357742 0.516575 0.356850 0.516164 0.356280 0.515940 0.350379 0.514429 0.346714 0.517441 0.345658 0.518748 0.344677 0.520370 0.337125 0.534793 0.336373 0.536477 0.335968 0.537962
0 0.130498 0.537133 0.131682 0.541809 0.135234 0.555836 0.138415 0.561677 0.138518 0.561677 0.139092 0.561558 0.140048 0.561338 0.141242 0.561050 0.142491 0.560738 0.165270 0.554928 0.157394 0.523822 0.155704 0.523960 0.140156 0.527909 0.132835 0.529842 0.131716 0.530138 0.130905 0.530375 0.130525 0.530519
0 0.557869 0.299602 0.560486 0.305683 0.569248 0.317176 0.572169 0.321007 0.577340 0.325141 0.577466 0.325146 0.577962 0.324855 0.578750 0.324311 0.579711 0.323599 0.585983 0.318949 0.598709 0.309247 0.599162 0.308371 0.579669 0.282803 0.560562 0.297190 0.559572 0.297972 0.558712 0.298705 0.558115 0.299278
0 0.576688 0.173399 0.580909 0.178504 0.581039 0.178604 0.596540 0.190006 0.602625 0.192481 0.602973 0.192132 0.603546 0.191433 0.604259 0.190491 0.618650 0.170681 0.619128 0.169257 0.593161 0.150158 0.583595 0.163209 0.577998 0.171140 0.577347 0.172139 0.576887 0.172932
0 0.762901 0.605337 0.765668 0.610485 0.766298 0.610843 0.767485 0.611480 0.769049 0.612299 0.783282 0.619693 0.784991 0.620573 0.786590 0.621383 0.787838 0.622001 0.788544 0.622331 0.795634 0.623630 0.796012 0.623520 0.796561 0.622985 0.797199 0.622108 0.797828 0.621021 0.798350 0.619892 0.798687 0.618892 0.798788 0.618175 0.797656 0.615732 0.793607 0.613403 0.776269 0.604397 0.768926 0.600809 0.765852 0.599657
0 0.328187 0.529064 0.328802 0.534042 0.334604 0.537082 0.338385 0.536235 0.345812 0.522060 0.348834 0.515042 0.349366 0.513237 0.349166 0.511366 0.348265 0.509713 0.346801 0.508532 0.344996 0.508000 0.342830 0.508112 0.340933 0.508315 0.339258 0.509228 0.338059 0.510713 0.330833 0.523447 0.329917 0.525115 0.329092 0.526770 0.328485 0.528156
0 0.200307 0.529753 0.209714 0.542872 0.215494 0.550339 0.216237 0.551153 0.216844 0.551667 0.217223 0.551803 0.223392 0.549384 0.227316 0.546590 0.239087 0.538208 0.243383 0.533176 0.243452 0.532930 0.243227 0.532325 0.242741 0.531453 0.242068 0.530445 0.227753 0.510912 0.226567 0.511056
0 0.509831 0.377007 0.509982 0.377327 0.510403 0.377988 0.511029 0.378888 0.511766 0.379891 0.526210 0.398938 0.551873 0.379675 0.552043 0.379029 0.542360 0.366168 0.536751 0.358969 0.536113 0.358217 0.535679 0.357782 0.535514 0.357729 0.529413 0.360303 0.514003 0.371870
0 0.071801 0.107534 0.073759 0.109329 0.101600 0.125114 0.109493 0.111193 0.113534 0.102644 0.113855 0.101542 0.113911 0.100641 0.113693 0.100077 0.108898 0.095513 0.096326 0.088385 0.092135 0.086009 0.091416 0.085783 0.085271 0.084086 0.084618 0.084383 0.083896 0.085084 0.083216 0.086083
