0 0.633231 0.298647 0.633250 0.299908 0.634222 0.323638 0.666293 0.322599 0.667055 0.321667 0.666499 0.305600 0.665959 0.296643 0.665841 0.295716 0.665694 0.295193 0.665541 0.295151 0.659066 0.293759 0.639808 0.294383 0.633444 0.296191 0.633336 0.296635 0.633261 0.297498
0 0.620403 0.834390 0.621796 0.838256 0.625993 0.845722 0.628610 0.849846 0.636462 0.862218 0.639142 0.865591 0.641661 0.867038 0.642366 0.866937 0.643331 0.866555 0.644411 0.865951 0.645440 0.865217 0.646260 0.864465 0.646746 0.863811 0.646825 0.863355 0.644941 0.855490 0.644553 0.854711 0.643833 0.853434 0.642889 0.851852 0.641865 0.850205 0.633271 0.836663 0.632319 0.835196 0.631580 0.834127 0.631167 0.833617 0.625808 0.830960
0 0.103457 0.276230 0.103617 0.277498 0.103917 0.279049 0.104861 0.280707 0.106369 0.281877 0.111793 0.284883 0.122160 0.290296 0.123515 0.290997 0.125192 0.291851 0.126937 0.292729 0.128487 0.293499 0.129607 0.294044 0.130128 0.294281 0.136467 0.293741 0.139330 0.288016 0.130892 0.283057 0.116246 0.275731 0.110744 0.273130 0.108903 0.272625 0.107010 0.272864 0.105689 0.273355 0.104579 0.273988 0.103795 0.274997
0 0.594404 0.510137 0.595013 0.511917 0.596258 0.513329 0.597948 0.514156 0.598286 0.514205 0.599316 0.514354 0.601221 0.514474 0.614125 0.512981 0.615787 0.512779 0.617677 0.512533 0.619504 0.512280 0.620988 0.512059 0.621902 0.511904 0.622107 0.511838 0.625604 0.508022 0.624731 0.501530 0.621880 0.501495 0.606020 0.503627 0.598541 0.504715 0.596760 0.505324 0.595349 0.506569 0.594521 0.508259
0 0.567268 0.455515 0.578792 0.485461 0.579263 0.485353 0.594283 0.479569 0.602773 0.476279 0.603683 0.475921 0.604237 0.475696 0.604353 0.475637 0.603542 0.469067 0.596622 0.451085 0.592819 0.445667 0.592693 0.445699 0.592130 0.445901 0.591214 0.446244 0.582708 0.449491 0.567685 0.455268
0 0.560165 0.696262 0.560442 0.697164 0.568513 0.720167 0.568910 0.721291 0.569221 0.722165 0.569400 0.722657 0.569421 0.722692 0.576013 0.722078 0.594192 0.715691 0.599720 0.712047 0.599726 0.712002 0.599569 0.711502 0.599273 0.710623 0.598882 0.709498 0.590775 0.686507 0.590360 0.685654
0 0.651280 0.248543 0.652077 0.254894 0.667955 0.252900 0.676702 0.250764 0.678487 0.250170 0.679909 0.248937 0.681788 0.246316 0.682423 0.245429 0.683277 0.243723 0.683413 0.241820 0.682811 0.240010 0.681561 0.238568 0.679855 0.237713 0.677952 0.237577 0.663948 0.238634 0.662131 0.238798 0.660227 0.239101 0.658529 0.239497 0.657297 0.239924 0.656719 0.240318 0.654819 0.242660
0 0.211838 0.360726 0.216181 0.365629 0.222670 0.368701 0.234648 0.358090 0.239445 0.352108 0.240584 0.350609 0.241061 0.348789 0.240807 0.346925 0.239857 0.345300 0.238359 0.344162 0.237454 0.343623 0.235627 0.342535 0.234703 0.341985 0.232858 0.341500 0.230967 0.341758 0.229320 0.342721 0.217802 0.351831 0.216323 0.353035 0.214995 0.354318 0.214022 0.355482 0.213552 0.356348
0 0.464885 0.602405 0.481254 0.620230 0.482094 0.621113 0.482812 0.621818 0.483298 0.622238 0.483479 0.622310 0.489282 0.619122 0.492815 0.615848 0.503415 0.606025 0.507035 0.600481 0.506863 0.600214 0.506385 0.599630 0.505675 0.598818 0.504841 0.597901 0.499397 0.591920 0.488520 0.580183 0.465045 0.601937
0 0.239192 0.406998 0.240355 0.407534 0.271148 0.416556 0.278227 0.393646 0.278538 0.392449 0.278727 0.391387 0.278765 0.390622 0.278647 0.390270 0.272939 0.386926 0.254449 0.381509 0.247829 0.381242 0.247544 0.381351 0.247163 0.381912 0.246743 0.382842 0.243775 0.391555
0 0.720457 0.196220 0.735153 0.215381 0.735960 0.216296 0.736732 0.216980 0.737353 0.217329 0.737727 0.217289 0.743737 0.214529 0.758767 0.202473 0.762778 0.197196 0.762870 0.196755 0.762644 0.195997 0.762133 0.195037 0.756720 0.187376 0.746690 0.174741 0.721544 0.194911
0 0.317105 0.783711 0.330380 0.792838 0.338218 0.797685 0.339147 0.798120 0.339826 0.798282 0.340149 0.798146 0.345133 0.793778 0.347879 0.789821 0.356117 0.777949 0.358457 0.771762 0.358362 0.771373 0.357880 0.770767 0.357084 0.770037 0.356096 0.769292 0.336142 0.755983 0.317849 0.782345
0 0.158981 0.549814 0.179671 0.574533 0.181051 0.574265 0.199917 0.558755 0.200813 0.557974 0.201475 0.557327 0.201804 0.556910 0.201747 0.556789 0.198862 0.550833 0.189587 0.539751 0.186495 0.536057 0.181136 0.532163 0.180684 0.532334 0.179923 0.532794 0.178968 0.533473 0.171406 0.539462
0 0.361527 0.152468 0.364460 0.168387 0.366322 0.177957 0.366577 0.179135 0.366799 0.180044 0.366957 0.180544 0.367025 0.180562 0.373660 0.180998 0.387855 0.178396 0.392587 0.177528 0.398585 0.174777 0.398530 0.174314 0.398390 0.173436 0.398184 0.172278 0.393703 0.148162 0.393234 0.146656
0 0.575886 0.326227 0.578634 0.340414 0.579550 0.345143 0.582349 0.351140 0.582538 0.351220 0.583178 0.351193 0.584171 0.351065 0.585365 0.350855 0.609084 0.346068 0.609473 0.345381 0.603344 0.313734 0.587505 0.316836 0.578304 0.318858 0.577252 0.319146 0.576529 0.319411 0.576243 0.319613
0 0.442960 0.444883 0.443145 0.445221 0.467098 0.466573 0.483115 0.448708 0.483931 0.447781 0.484623 0.446971 0.485087 0.446399 0.485251 0.446153 0.481526 0.440682 0.470739 0.431066 0.467143 0.427861 0.461280 0.424784 0.461098 0.424883 0.460617 0.425333 0.459910 0.426065 0.453693 0.432867
0 0.297689 0.801648 0.298636 0.808194 0.298679 0.808476 0.305978 0.826335 0.309876 0.831582 0.310361 0.831576 0.311219 0.831355 0.319514 0.828332 0.334394 0.822303 0.335259 0.820782 0.323120 0.791080 0.301162 0.799736 0.299991 0.800249 0.298920 0.800793 0.298112 0.801284
0 0.048669 0.275666 0.049001 0.282208 0.055051 0.286765 0.060167 0.289216 0.061113 0.289476 0.062645 0.289657 0.064531 0.289735 0.066484 0.289697 0.068210 0.289548 0.081533 0.288197 0.083358 0.287737 0.084576 0.287262 0.085578 0.286516 0.086218 0.285444 0.086399 0.284208 0.086094 0.282998 0.085645 0.281311 0.084521 0.279802 0.082905 0.278837 0.081464 0.278072 0.078550 0.276527 0.077078 0.275747 0.075190 0.275470 0.065024 0.274835
0 0.208669 0.104480 0.209905 0.106235 0.231048 0.118910 0.232068 0.119470 0.232848 0.119817 0.233268 0.119898 0.237895 0.115275 0.240321 0.111121 0.247599 0.098659 0.249450 0.092193 0.249461 0.091970 0.249048 0.091498 0.248273 0.090848 0.247254 0.090119 0.246146 0.089421 0.238896 0.084858 0.224927 0.076645
0 0.900506 0.031807 0.900586 0.032739 0.900951 0.033845 0.905427 0.042210 0.914106 0.055653 0.940995 0.038295 0.943020 0.036174 0.930436 0.015359 0.929692 0.014409 0.928912 0.013775 0.928215 0.013551 0.922194 0.015578 0.921439 0.015908 0.917392 0.018520 0.905251 0.026358 0.900725 0.031191
0 0.110300 0.342641 0.110631 0.349153 0.112071 0.353757 0.116391 0.367568 0.116546 0.367852 0.119996 0.373502 0.120563 0.373540 0.121508 0.373427 0.122688 0.373179 0.131990 0.370592 0.147262 0.365815 0.137708 0.335269 0.136044 0.334513 0.112585 0.341530 0.111478 0.341925 0.110675 0.342315
0 0.489792 0.372598 0.509634 0.386303 0.510652 0.386978 0.511527 0.387517 0.512125 0.387836 0.512356 0.387888 0.517301 0.383489 0.528156 0.367570 0.530448 0.361356 0.530291 0.361109 0.529753 0.360622 0.528917 0.359969 0.521311 0.354552 0.508001 0.345443 0.489840 0.372076
0 0.098145 0.524708 0.130061 0.529233 0.131741 0.529213 0.135644 0.505410 0.135759 0.504192 0.135731 0.503152 0.135564 0.502448 0.135283 0.502186 0.129156 0.499695 0.114849 0.497666 0.110080 0.496990 0.103487 0.497678 0.103106 0.497896 0.102712 0.498566 0.102364 0.499587 0.100490 0.508750
0 0.684478 0.776151 0.685107 0.777925 0.685746 0.778885 0.687039 0.780827 0.687693 0.781808 0.688970 0.783225 0.690692 0.784047 0.692597 0.784146 0.694396 0.783509 0.695814 0.782232 0.696635 0.780510 0.699569 0.773885 0.703598 0.758012 0.698943 0.752114 0.692739 0.750539 0.689400 0.754278 0.688932 0.755007 0.688407 0.756330 0.687905 0.758048 0.687501 0.759901 0.684576 0.774272
0 0.260419 0.372929 0.264208 0.378273 0.269598 0.381056 0.282652 0.371801 0.288211 0.366563 0.289505 0.365197 0.290176 0.363439 0.290124 0.361558 0.289356 0.359840 0.287990 0.358546 0.287257 0.358057 0.285776 0.357069 0.285027 0.356570 0.283245 0.355889 0.281338 0.355942 0.279596 0.356721 0.267227 0.364620 0.265635 0.365669 0.264167 0.366789 0.263050 0.367809 0.262454 0.368572
0 0.760810 0.153680 0.765388 0.158447 0.769488 0.160963 0.781789 0.168511 0.788157 0.170462 0.788269 0.170401 0.788640 0.169920 0.789212 0.169093 0.789900 0.168045 0.795160 0.159676 0.803649 0.145871 0.776174 0.129011 0.774969 0.130613 0.762018 0.151604 0.761416 0.152597 0.760992 0.153326
0 0.548502 0.580478 0.553970 0.584207 0.572046 0.590880 0.578628 0.591600 0.578775 0.591472 0.579069 0.590904 0.579467 0.589983 0.582787 0.581430 0.588385 0.566329 0.588019 0.565917 0.557917 0.554805 0.549522 0.577238 0.549104 0.578405 0.548763 0.579430 0.548552 0.580158
0 0.087401 0.848776 0.087453 0.850053 0.087989 0.851213 0.095062 0.857746 0.109036 0.866286 0.117974 0.857912 0.121311 0.852450 0.117896 0.848293 0.116849 0.847219 0.115378 0.846168 0.101664 0.838569 0.100492 0.838138 0.098906 0.838103 0.097026 0.838179 0.095318 0.838969 0.089664 0.843705 0.088371 0.845108 0.087712 0.846899
0 0.743343 0.071095 0.747782 0.095232 0.748067 0.096374 0.748397 0.097210 0.748722 0.097614 0.755187 0.097958 0.759901 0.096998 0.769328 0.095077 0.774042 0.094116 0.774481 0.093975 0.780459 0.091111 0.780662 0.090533 0.780738 0.089559 0.780676 0.088338 0.780485 0.087057 0.779234 0.078674 0.776073 0.062797 0.744487 0.069233
0 0.819833 0.853585 0.819853 0.854040 0.821320 0.860504 0.821826 0.860827 0.822747 0.861115 0.823943 0.861323 0.833664 0.862054 0.849844 0.862492 0.850572 0.830265 0.849080 0.828754 0.824581 0.827735 0.823402 0.827759 0.822507 0.827894 0.822030 0.828118 0.820267 0.834348
0 0.239733 0.424601 0.240816 0.443840 0.242781 0.450162 0.243250 0.450192 0.244135 0.450190 0.245300 0.450157 0.254847 0.449704 0.270824 0.448804 0.269024 0.416850 0.267963 0.416468 0.243593 0.417729 0.242408 0.417813 0.241495 0.417912 0.240992 0.418013 0.240975 0.418098
0 0.800880 0.261009 0.816790 0.278927 0.817678 0.279793 0.818548 0.280457 0.819269 0.280818 0.819729 0.280822 0.825518 0.277627 0.829045 0.274346 0.836099 0.267784 0.839626 0.264503 0.843241 0.258948 0.843392 0.258573 0.843189 0.257894 0.842662 0.257015 0.841892 0.256070 0.836853 0.249887 0.825946 0.238037 0.824374 0.239153
0 0.810542 0.418445 0.842359 0.421908 0.846317 0.421006 0.848845 0.418609 0.849185 0.417844 0.849476 0.416750 0.849673 0.415494 0.849746 0.414267 0.849684 0.413259 0.849496 0.412622 0.849212 0.412453 0.842914 0.410130 0.838058 0.409601 0.823491 0.408015 0.817378 0.408443 0.816594 0.408524 0.811235 0.412081
0 0.873560 0.542393 0.901109 0.558846 0.903015 0.559018 0.911193 0.545173 0.915339 0.537173 0.915655 0.536269 0.915690 0.535659 0.911110 0.531092 0.910738 0.530765 0.906603 0.528295 0.898332 0.523355 0.894196 0.520885 0.887867 0.518971 0.887391 0.519183 0.886741 0.519781 0.886015 0.520675 0.885323 0.521728
0 0.358970 0.130962 0.359086 0.137512 0.362308 0.145798 0.365340 0.147584 0.366534 0.147959 0.368195 0.148193 0.370070 0.148253 0.371878 0.148128 0.386335 0.146974 0.387556 0.146709 0.388582 0.145997 0.389226 0.145488 0.390244 0.143905 0.390579 0.142053 0.390179 0.140214 0.388645 0.135187 0.387557 0.133620 0.385952 0.132588 0.375345 0.130673
0 0.340671 0.892903 0.353968 0.901967 0.361788 0.906634 0.362707 0.907011 0.363369 0.907089 0.363672 0.906857 0.368642 0.902472 0.371377 0.898507 0.379579 0.886610 0.381901 0.880419 0.381785 0.879935 0.381284 0.879251 0.380476 0.878471 0.379482 0.877713 0.359521 0.864619 0.341306 0.891037
0 0.870207 0.583297 0.871636 0.589797 0.871718 0.589867 0.872289 0.589955 0.873263 0.590045 0.874493 0.590125 0.875789 0.590182 0.899459 0.590886 0.900535 0.558752 0.898705 0.558484 0.882711 0.557948 0.873982 0.557715 0.873128 0.557709 0.872711 0.557728 0.870852 0.564064 0.870690 0.568872
0 0.130521 0.543233 0.130851 0.543566 0.131587 0.544044 0.139358 0.548197 0.153741 0.555328 0.155431 0.555125 0.169609 0.526340 0.148561 0.515698 0.147401 0.515156 0.146287 0.514699 0.145386 0.514394 0.144837 0.514289 0.144724 0.514400 0.140390 0.519514 0.131865 0.536821
