0 0.792084 0.117006 0.795040 0.131133 0.796026 0.135841 0.798921 0.141659 0.799379 0.141783 0.800248 0.141748 0.808883 0.140330 0.824547 0.137052 0.826037 0.135385 0.819452 0.103915 0.796189 0.108405 0.794932 0.108726 0.793763 0.109134 0.792863 0.109568 0.792366 0.109961 0.792349 0.110253
0 0.022960 0.462918 0.025494 0.472207 0.032817 0.486855 0.043497 0.487155 0.049222 0.484293 0.048719 0.478582 0.048357 0.477201 0.047652 0.475560 0.046710 0.473906 0.039920 0.462108 0.039245 0.461215 0.038092 0.459728 0.036457 0.458796 0.034590 0.458560 0.028087 0.457981 0.026247 0.458485 0.024740 0.459655 0.023753 0.460539 0.023120 0.461650
0 0.471317 0.897332 0.474667 0.913095 0.476629 0.921624 0.476858 0.922435 0.477020 0.922802 0.483611 0.923104 0.502486 0.919092 0.508465 0.916119 0.508509 0.915993 0.508450 0.915389 0.508300 0.914400 0.508079 0.913177 0.507823 0.911906 0.502830 0.888841 0.471448 0.895511
0 0.398230 0.212969 0.401431 0.218771 0.411275 0.229351 0.414556 0.232877 0.420104 0.236480 0.420369 0.236529 0.420950 0.236237 0.421758 0.235647 0.422671 0.234851 0.440154 0.218095 0.439794 0.216876 0.417836 0.193275 0.406057 0.204313 0.399426 0.211036 0.398723 0.211886 0.398303 0.212565
0 0.101412 0.387010 0.114257 0.416576 0.115920 0.417004 0.138488 0.407562 0.139559 0.407057 0.140350 0.406593 0.140741 0.406240 0.139698 0.399814 0.139592 0.399523 0.137673 0.395105 0.131915 0.381851 0.127875 0.376598 0.127343 0.376578 0.126440 0.376755 0.125303 0.377103 0.124106 0.377568 0.116272 0.380613
0 0.614690 0.862009 0.615006 0.866815 0.615639 0.876428 0.615956 0.881235 0.617982 0.887546 0.618308 0.887873 0.619074 0.888121 0.620164 0.888252 0.629574 0.888205 0.645681 0.887226 0.643563 0.855060 0.643020 0.853425 0.618866 0.854489 0.617657 0.854626 0.616664 0.854866 0.616037 0.855174 0.615872 0.855502
0 0.518995 0.444090 0.523309 0.448819 0.535130 0.438033 0.541229 0.432331 0.542345 0.430816 0.542492 0.430577 0.542788 0.430094 0.542937 0.429849 0.543394 0.427997 0.543108 0.426111 0.542122 0.424477 0.540586 0.423346 0.538733 0.422888 0.536847 0.423174 0.535214 0.424161 0.525622 0.432578 0.524468 0.433598 0.523088 0.434845 0.521697 0.436126 0.520507 0.437245 0.519700 0.438031 0.519400 0.438364 0.519176 0.439073
0 0.660107 0.573931 0.687352 0.590726 0.688212 0.591142 0.701097 0.570696 0.701708 0.569635 0.702155 0.568712 0.702370 0.568068 0.702320 0.567800 0.697695 0.563063 0.693595 0.560535 0.685393 0.555479 0.681293 0.552952 0.674983 0.550948 0.674701 0.551111 0.674206 0.551665 0.673574 0.552525 0.668504 0.560309
0 0.380803 0.069125 0.382340 0.085254 0.383239 0.093755 0.383377 0.095055 0.383533 0.096288 0.383684 0.097267 0.383808 0.097843 0.383884 0.097930 0.390461 0.098976 0.409619 0.097170 0.415828 0.094919 0.415823 0.094506 0.415765 0.093655 0.415663 0.092494 0.413285 0.067975 0.412897 0.066100
0 0.721191 0.101194 0.729128 0.132199 0.744630 0.128231 0.753902 0.125450 0.755036 0.125006 0.755900 0.124555 0.756361 0.124164 0.756324 0.117544 0.756306 0.117131 0.751522 0.098439 0.748379 0.092756 0.747888 0.092625 0.747000 0.092681 0.745850 0.092915 0.722208 0.099362
0 0.235226 0.083201 0.236210 0.115337 0.237416 0.117096 0.253411 0.116606 0.261135 0.115923 0.262320 0.115818 0.263241 0.115596 0.263761 0.115289 0.265149 0.109000 0.265206 0.108474 0.265059 0.103659 0.264764 0.094029 0.264616 0.089215 0.262814 0.082844 0.262362 0.082485 0.261488 0.082195 0.260325 0.082019 0.259052 0.081983
0 0.013863 0.341540 0.019771 0.356602 0.023261 0.364259 0.023795 0.365430 0.024410 0.366460 0.025012 0.367193 0.025511 0.367518 0.032090 0.366703 0.045570 0.361495 0.050063 0.359759 0.050508 0.359570 0.055758 0.355821 0.055827 0.355261 0.055663 0.354350 0.055290 0.353225 0.045981 0.330594 0.043932 0.329922
0 0.406247 0.905557 0.406251 0.905949 0.412473 0.908212 0.417275 0.908667 0.426879 0.909576 0.431681 0.910030 0.438251 0.908978 0.438282 0.908862 0.438359 0.908260 0.438471 0.907265 0.438599 0.906027 0.439549 0.896308 0.441057 0.880377 0.409195 0.877361 0.408778 0.879095 0.406398 0.903565 0.406299 0.904720
0 0.533191 0.446378 0.533208 0.446687 0.533306 0.447429 0.533469 0.448491 0.533675 0.449712 0.537837 0.473317 0.569451 0.467825 0.569751 0.467564 0.566979 0.451696 0.565301 0.442660 0.565091 0.441673 0.564926 0.441049 0.564831 0.440882 0.558227 0.440401 0.553481 0.441225 0.539244 0.443698
0 0.715943 0.895034 0.716109 0.895380 0.716484 0.896125 0.717010 0.897158 0.728268 0.919133 0.729266 0.920960 0.757966 0.906283 0.750577 0.891854 0.746008 0.883060 0.745413 0.881946 0.744919 0.881055 0.744602 0.880521 0.744509 0.880425 0.738017 0.881863 0.733734 0.884053 0.720885 0.890624
0 0.680810 0.535600 0.697614 0.562839 0.698522 0.563127 0.719296 0.550524 0.720306 0.549868 0.721084 0.549296 0.721512 0.548893 0.721526 0.548722 0.719520 0.542413 0.716991 0.538313 0.709403 0.526013 0.704664 0.521390 0.704277 0.521500 0.703533 0.521849 0.702547 0.522384 0.694429 0.527198
0 0.654582 0.276624 0.684105 0.288981 0.684951 0.288012 0.694485 0.265499 0.694926 0.264404 0.695232 0.263559 0.695356 0.263092 0.690082 0.259134 0.676734 0.253547 0.672284 0.251685 0.665705 0.250681 0.665654 0.250675 0.665415 0.251119 0.665023 0.251945 0.664540 0.253027 0.660761 0.261863
0 0.155197 0.932815 0.186354 0.941082 0.187762 0.939171 0.194370 0.915338 0.194637 0.914214 0.194760 0.913397 0.194719 0.913011 0.189036 0.909756 0.184386 0.908522 0.170437 0.904821 0.163706 0.904782 0.163481 0.904879 0.163127 0.905451 0.162699 0.906412 0.162262 0.907617 0.159400 0.917152
0 0.252241 0.316552 0.253374 0.317391 0.283841 0.327189 0.288741 0.311956 0.291290 0.302913 0.291505 0.301825 0.291563 0.301015 0.291455 0.300608 0.285832 0.297113 0.281246 0.295638 0.267489 0.291214 0.260882 0.290776 0.260597 0.290825 0.260206 0.291333 0.259766 0.292223 0.259347 0.293359
0 0.452374 0.248003 0.452591 0.249155 0.465340 0.258827 0.472654 0.264093 0.473469 0.264605 0.474004 0.264850 0.474176 0.264792 0.479337 0.260645 0.482249 0.256808 0.488072 0.249132 0.490983 0.245294 0.493586 0.239207 0.493386 0.238830 0.492825 0.238214 0.491990 0.237452 0.491007 0.236662 0.471807 0.222389
0 0.770545 0.290766 0.771793 0.309994 0.771835 0.310217 0.773843 0.316438 0.774354 0.316527 0.775271 0.316547 0.776455 0.316497 0.800840 0.314673 0.802110 0.313827 0.800022 0.281659 0.783882 0.282748 0.775527 0.283539 0.774249 0.283660 0.773081 0.283838 0.772198 0.284044 0.771737 0.284249
0 0.752414 0.742458 0.766049 0.761597 0.766809 0.762637 0.767552 0.763619 0.768165 0.764393 0.768555 0.764840 0.768662 0.764893 0.774871 0.762467 0.786623 0.754025 0.790540 0.751211 0.794766 0.746141 0.794592 0.745775 0.794141 0.745063 0.793482 0.744113 0.789166 0.737900 0.779824 0.724861 0.778474 0.723737
0 0.045104 0.494952 0.045446 0.519073 0.045570 0.520300 0.045833 0.521333 0.046197 0.522013 0.046604 0.522238 0.053080 0.523613 0.072337 0.522923 0.078698 0.521088 0.079059 0.520825 0.079346 0.520115 0.079518 0.519066 0.079741 0.509821 0.079168 0.493829 0.077235 0.493801
0 0.644875 0.069642 0.655194 0.081873 0.661357 0.088382 0.662108 0.088973 0.662677 0.089199 0.668463 0.086375 0.668922 0.086110 0.679967 0.076791 0.683648 0.073684 0.687522 0.068315 0.687529 0.067749 0.687219 0.066894 0.686639 0.065880 0.685877 0.064862 0.670113 0.046932 0.645541 0.067666
0 0.445471 0.885737 0.446177 0.886289 0.473224 0.903749 0.481783 0.889512 0.485910 0.882284 0.486541 0.881178 0.487037 0.880196 0.487320 0.879488 0.487349 0.879161 0.482763 0.874272 0.466519 0.863904 0.460272 0.861868 0.460019 0.861957 0.459543 0.862461 0.458916 0.863304 0.458234 0.864358
0 0.646539 0.852347 0.652096 0.867353 0.655505 0.876501 0.655943 0.877663 0.656301 0.878596 0.656523 0.879158 0.656576 0.879262 0.663191 0.878588 0.667715 0.876913 0.676762 0.873563 0.681285 0.871888 0.686718 0.868099 0.686615 0.867720 0.686346 0.866924 0.685950 0.865833 0.677363 0.842801 0.676552 0.841233
0 0.366827 0.052945 0.366864 0.054204 0.366944 0.055218 0.367055 0.055832 0.367179 0.055954 0.373608 0.057817 0.392842 0.058387 0.399250 0.056904 0.399345 0.056516 0.399425 0.055679 0.399478 0.054519 0.400043 0.029849 0.399580 0.027800 0.367358 0.026845 0.366908 0.043047
0 0.389126 0.737710 0.421345 0.738738 0.421702 0.737759 0.422581 0.713428 0.422608 0.712232 0.422605 0.711282 0.422571 0.710724 0.422511 0.710642 0.416145 0.708828 0.411330 0.708674 0.396887 0.708213 0.390414 0.709617 0.390311 0.710024 0.390206 0.710861 0.390117 0.711999 0.389663 0.721557
0 0.394035 0.504830 0.394176 0.505495 0.394454 0.506488 0.394826 0.507657 0.402581 0.530522 0.403026 0.530383 0.433385 0.520250 0.428318 0.505071 0.425299 0.496315 0.424932 0.495326 0.424656 0.494663 0.424513 0.494426 0.417912 0.494937 0.399634 0.501037 0.394050 0.504594
0 0.728524 0.305889 0.728633 0.305970 0.734116 0.309676 0.752225 0.316256 0.758815 0.316937 0.759120 0.316567 0.759547 0.315790 0.760032 0.314727 0.763568 0.305760 0.769126 0.290574 0.738829 0.279564 0.737774 0.280467 0.729233 0.303341 0.728849 0.304466 0.728600 0.305361
0 0.775454 0.719215 0.795777 0.744046 0.797229 0.745097 0.809636 0.734842 0.816341 0.728649 0.816977 0.727879 0.817263 0.727278 0.817156 0.726937 0.814324 0.720945 0.802121 0.706035 0.796817 0.702086 0.796351 0.702078 0.795582 0.702381 0.794625 0.702950 0.793626 0.703697
0 0.315174 0.213963 0.316018 0.215271 0.332017 0.215619 0.341031 0.215445 0.341992 0.215327 0.342571 0.215130 0.342677 0.214886 0.344422 0.208499 0.344527 0.203683 0.344841 0.189235 0.343375 0.182778 0.342993 0.182494 0.342179 0.182243 0.341057 0.182061 0.339797 0.181979 0.315873 0.181819
0 0.874460 0.073230 0.874581 0.074515 0.878653 0.097669 0.910393 0.092960 0.912266 0.090972 0.909816 0.075119 0.907869 0.066589 0.907509 0.065791 0.907102 0.065448 0.900693 0.064729 0.886379 0.066852 0.881608 0.067560 0.875309 0.070165 0.874946 0.070323 0.874657 0.070962 0.874487 0.071983
0 0.232013 0.814949 0.246489 0.843752 0.260937 0.836445 0.268400 0.832424 0.269540 0.831809 0.270579 0.831176 0.271358 0.830622 0.271758 0.830231 0.270313 0.823765 0.270257 0.823520 0.268097 0.819222 0.261616 0.806327 0.257311 0.801394 0.256851 0.801494 0.256029 0.801821 0.254968 0.802325 0.233138 0.813558
0 0.191547 0.230041 0.198192 0.261585 0.199462 0.262701 0.223382 0.258099 0.224542 0.257807 0.225439 0.257473 0.225936 0.257147 0.225957 0.256880 0.226209 0.250270 0.225217 0.245556 0.223231 0.236129 0.222238 0.231416 0.219337 0.225456 0.218872 0.225260 0.217996 0.225193 0.216843 0.225265 0.215588 0.225465 0.207376 0.226776
0 0.286067 0.846484 0.286070 0.847695 0.286162 0.848981 0.288937 0.872561 0.320911 0.869187 0.321730 0.867500 0.320051 0.851586 0.319005 0.844021 0.318844 0.842862 0.318645 0.841998 0.318438 0.841560 0.311983 0.840610 0.297630 0.842124 0.292845 0.842629 0.292534 0.842716 0.286315 0.844986 0.286153 0.845533
0 0.912733 0.263307 0.915518 0.295274 0.938823 0.293488 0.940118 0.293348 0.941379 0.293157 0.942415 0.292943 0.943067 0.292739 0.943236 0.292576 0.944355 0.285952 0.943099 0.271537 0.942680 0.266732 0.940446 0.260555 0.940102 0.260434 0.939300 0.260401 0.938161 0.260461 0.930714 0.260858 0.914748 0.262207
0 0.876598 0.388704 0.883074 0.403338 0.887318 0.411658 0.887931 0.412565 0.888501 0.413137 0.888941 0.413284 0.895465 0.412153 0.908680 0.406304 0.913085 0.404354 0.918308 0.400286 0.918577 0.399975 0.918607 0.399263 0.918393 0.398258 0.917967 0.397114 0.907729 0.375181 0.905864 0.375751
0 0.883830 0.339254 0.884236 0.339562 0.885065 0.339920 0.886189 0.340274 0.909912 0.346456 0.911688 0.345719 0.920292 0.314652 0.904678 0.310390 0.895187 0.308197 0.893991 0.308020 0.893041 0.307984 0.892480 0.308094 0.889211 0.313859 0.889086 0.314209 0.887802 0.318845 0.885234 0.328117 0.883950 0.332753
