0 0.823798 0.795723 0.823829 0.796179 0.827105 0.815166 0.829785 0.821229 0.830295 0.821474 0.831213 0.821601 0.832399 0.821590 0.842000 0.820482 0.857951 0.817808 0.852472 0.786042 0.850969 0.784711 0.826811 0.788378 0.825650 0.788632 0.824770 0.788951 0.824305 0.789284
0 0.333318 0.826317 0.339075 0.841649 0.342689 0.847687 0.343696 0.849309 0.344160 0.849824 0.345199 0.850570 0.346443 0.850861 0.347104 0.850856 0.348987 0.850546 0.350608 0.849540 0.351720 0.847990 0.353258 0.844381 0.353763 0.843195 0.354192 0.841363 0.353887 0.839506 0.349379 0.825451 0.348771 0.823642 0.348084 0.822003 0.347421 0.820780 0.346883 0.820160 0.343120 0.816607 0.337128 0.818858
0 0.623377 0.294080 0.624943 0.300516 0.631670 0.313305 0.633913 0.317568 0.638326 0.322502 0.638441 0.322533 0.638971 0.322331 0.639835 0.321927 0.640901 0.321382 0.662376 0.309935 0.663022 0.309114 0.648016 0.280584 0.633726 0.288129 0.625353 0.292738 0.624376 0.293323 0.623682 0.293795
0 0.835001 0.184979 0.835118 0.186136 0.837189 0.195427 0.841548 0.210824 0.872343 0.202108 0.874053 0.200739 0.867908 0.177166 0.867508 0.176038 0.867040 0.175195 0.866577 0.174767 0.860146 0.174946 0.859571 0.175021 0.854936 0.176333 0.841031 0.180269 0.835288 0.183563 0.835061 0.184076
0 0.226930 0.507083 0.243059 0.508206 0.252650 0.508839 0.253804 0.508907 0.254666 0.508948 0.255104 0.508955 0.257159 0.502660 0.258168 0.488245 0.258504 0.483440 0.257346 0.476920 0.256910 0.476884 0.256050 0.476820 0.254897 0.476736 0.245309 0.476056 0.229181 0.474926
0 0.946859 0.583405 0.947150 0.583698 0.947847 0.584181 0.948844 0.584779 0.970350 0.596849 0.972415 0.597238 0.988440 0.569267 0.974359 0.561244 0.965655 0.556561 0.964522 0.556020 0.963584 0.555640 0.962982 0.555481 0.962809 0.555565 0.958133 0.560374 0.950959 0.572896 0.948568 0.577070
0 0.140491 0.145922 0.142055 0.147465 0.159964 0.164516 0.160802 0.165311 0.161400 0.165875 0.161669 0.166121 0.167310 0.162640 0.177256 0.152183 0.180571 0.148697 0.183782 0.142873 0.183698 0.142744 0.183258 0.142276 0.182527 0.141538 0.181618 0.140644 0.174451 0.133746 0.162707 0.122564
0 0.340780 0.485402 0.370588 0.497452 0.371179 0.497464 0.377177 0.482628 0.380477 0.474040 0.380808 0.473063 0.380980 0.472398 0.380967 0.472147 0.375614 0.468251 0.357750 0.461029 0.351193 0.460111 0.350971 0.460302 0.350598 0.460919 0.350133 0.461868 0.349645 0.463003
0 0.628258 0.420670 0.630994 0.452558 0.646938 0.451190 0.656336 0.450336 0.657450 0.450222 0.658260 0.450126 0.658643 0.450061 0.659693 0.443524 0.658458 0.429126 0.658046 0.424326 0.655897 0.418064 0.655791 0.418013 0.655212 0.418011 0.654249 0.418060 0.653049 0.418151 0.628848 0.420306
0 0.640880 0.850772 0.640911 0.852653 0.642382 0.856336 0.642880 0.857580 0.643638 0.859331 0.645010 0.860658 0.652570 0.866782 0.666334 0.875656 0.669884 0.870151 0.668034 0.863326 0.666102 0.859149 0.665575 0.858477 0.664512 0.857511 0.663077 0.856398 0.661487 0.855307 0.659981 0.854402 0.648238 0.847581 0.646488 0.846890 0.645532 0.846878 0.644283 0.846899 0.643137 0.847395 0.642269 0.848293 0.641571 0.849021
0 0.063280 0.082139 0.064531 0.090597 0.067719 0.106291 0.069724 0.108208 0.101141 0.101682 0.096839 0.078764 0.096525 0.077492 0.096116 0.076258 0.095674 0.075247 0.095266 0.074615 0.094955 0.074458 0.088183 0.074122 0.069293 0.078046 0.063485 0.080995 0.063293 0.081343
0 0.669958 0.389035 0.681733 0.409966 0.682378 0.411017 0.682993 0.411885 0.683486 0.412438 0.683779 0.412592 0.690138 0.410766 0.706814 0.401114 0.711573 0.396505 0.711648 0.396221 0.711467 0.395555 0.711059 0.394609 0.706727 0.386446 0.698697 0.372475 0.697729 0.372961
0 0.089195 0.866221 0.090228 0.872611 0.090594 0.872958 0.091411 0.873250 0.100032 0.874693 0.115988 0.876345 0.117862 0.874632 0.120998 0.842697 0.097664 0.839855 0.096376 0.839789 0.095134 0.839850 0.094126 0.840030 0.093506 0.840301 0.093369 0.840623 0.091080 0.847020 0.089666 0.861421
0 0.440720 0.429348 0.449420 0.442931 0.453807 0.449755 0.454477 0.450797 0.455056 0.451691 0.455456 0.452298 0.455615 0.452527 0.461890 0.450417 0.465947 0.447820 0.474060 0.442625 0.478116 0.440027 0.482659 0.435211 0.482524 0.434966 0.482145 0.434346 0.481580 0.433444 0.476562 0.425553 0.467867 0.411966
0 0.128984 0.399719 0.138543 0.412765 0.144505 0.420363 0.145293 0.421237 0.145960 0.421844 0.146402 0.422093 0.152547 0.419612 0.164229 0.411107 0.168123 0.408271 0.168323 0.408069 0.172494 0.403061 0.172314 0.402555 0.171853 0.401752 0.171181 0.400773 0.156558 0.381199 0.155044 0.380745
0 0.927290 0.618718 0.927530 0.619943 0.928007 0.621105 0.929048 0.622673 0.930610 0.623722 0.932099 0.624150 0.936627 0.625451 0.938497 0.625828 0.940369 0.625461 0.950003 0.622934 0.965150 0.616707 0.962659 0.610649 0.955641 0.608043 0.950403 0.606801 0.949470 0.606800 0.948003 0.607078 0.946225 0.607592 0.944405 0.608264 0.942818 0.608993 0.930634 0.614811 0.929066 0.615852 0.928233 0.616457 0.927537 0.617494
0 0.281843 0.114301 0.282749 0.116002 0.302665 0.130407 0.303639 0.131058 0.304403 0.131487 0.304843 0.131629 0.309834 0.127407 0.312610 0.123478 0.320937 0.111691 0.323356 0.105424 0.323420 0.105232 0.323082 0.104756 0.322394 0.104066 0.321461 0.103268 0.313644 0.097354 0.300443 0.087973
0 0.209630 0.373894 0.209828 0.374334 0.210313 0.375084 0.211011 0.376029 0.215578 0.382209 0.225414 0.394904 0.226743 0.395476 0.252070 0.375774 0.237694 0.357012 0.236897 0.356018 0.236123 0.355118 0.235491 0.354448 0.235096 0.354111 0.229047 0.356790 0.228893 0.356864 0.217473 0.365749 0.213666 0.368711
0 0.243556 0.908952 0.262761 0.934842 0.275750 0.925153 0.283497 0.919033 0.284436 0.918205 0.285143 0.917486 0.285511 0.916985 0.285484 0.916780 0.282942 0.910562 0.280076 0.906698 0.271478 0.895107 0.266368 0.891010 0.265967 0.891149 0.265235 0.891586 0.264284 0.892257 0.244639 0.907146
0 0.485599 0.085144 0.502188 0.112611 0.522727 0.100766 0.523784 0.100067 0.524697 0.099330 0.525326 0.098666 0.525576 0.098178 0.523629 0.091858 0.516159 0.079488 0.513668 0.075365 0.513401 0.074976 0.508791 0.070425 0.508217 0.070452 0.507339 0.070765 0.499426 0.074930 0.485632 0.083174
0 0.232525 0.054011 0.232685 0.054613 0.238191 0.058306 0.238669 0.058510 0.252249 0.063395 0.256775 0.065023 0.263200 0.065612 0.263615 0.065259 0.264086 0.064479 0.264539 0.063391 0.272332 0.040141 0.271245 0.038133 0.240912 0.027222 0.235512 0.042480 0.233129 0.050596 0.232765 0.051837 0.232553 0.053036
0 0.103676 0.797497 0.103889 0.798758 0.104569 0.799840 0.105610 0.800580 0.106856 0.800865 0.108641 0.801093 0.122279 0.802331 0.124053 0.802465 0.126028 0.802438 0.127899 0.802254 0.129381 0.801942 0.130248 0.801549 0.134498 0.798083 0.139883 0.793071 0.140065 0.786673 0.124070 0.786217 0.114308 0.787303 0.112453 0.787617 0.110859 0.788617 0.105422 0.792650 0.104317 0.794205 0.103892 0.796065
0 0.937420 0.046780 0.946321 0.077608 0.968730 0.071564 0.969987 0.071155 0.971225 0.070656 0.972257 0.070142 0.972926 0.069693 0.973129 0.069375 0.972982 0.062600 0.968968 0.048698 0.967630 0.044064 0.964213 0.038495 0.963911 0.038335 0.963158 0.038385 0.962067 0.038637 0.954934 0.040285 0.939545 0.044661
0 0.565646 0.943994 0.566058 0.946002 0.576172 0.976610 0.591454 0.971457 0.600098 0.967877 0.601026 0.967314 0.601593 0.966749 0.601715 0.966268 0.601222 0.959657 0.599711 0.955083 0.596689 0.945936 0.595177 0.941362 0.591640 0.935776 0.591307 0.935479 0.590563 0.935383 0.589520 0.935503 0.588338 0.935820
0 0.385378 0.418213 0.385707 0.418371 0.386442 0.418677 0.387471 0.419085 0.388638 0.419533 0.396250 0.422453 0.411219 0.428110 0.422533 0.398172 0.422176 0.397704 0.399504 0.389052 0.398370 0.388636 0.397444 0.388323 0.396869 0.388160 0.396731 0.388172 0.392958 0.393612 0.391255 0.398118 0.386147 0.411637
0 0.488980 0.548523 0.519322 0.559408 0.524759 0.544231 0.527435 0.536629 0.527844 0.535467 0.528178 0.534479 0.528386 0.533815 0.528436 0.533576 0.522932 0.529895 0.518398 0.528268 0.509330 0.525015 0.504796 0.523389 0.498209 0.522731 0.498121 0.522962 0.497881 0.523617 0.497527 0.524595 0.497112 0.525750 0.488992 0.548408
0 0.800418 0.731980 0.817509 0.759137 0.819068 0.760269 0.832639 0.751634 0.839981 0.746348 0.840680 0.745673 0.840997 0.745126 0.838981 0.738990 0.838816 0.738496 0.831119 0.726266 0.828553 0.722189 0.823780 0.717613 0.823272 0.717565 0.822430 0.717785 0.821385 0.718240 0.820292 0.718861
0 0.467600 0.726812 0.467739 0.727159 0.468224 0.727778 0.468983 0.728576 0.475890 0.735017 0.487989 0.745704 0.509271 0.721493 0.509314 0.720553 0.491276 0.704390 0.490350 0.703609 0.489555 0.703013 0.489011 0.702691 0.488801 0.702692 0.483356 0.706452 0.470635 0.720924
0 0.078479 0.494008 0.078609 0.518126 0.110758 0.518596 0.112537 0.518512 0.112772 0.502511 0.112396 0.493277 0.112219 0.492234 0.111941 0.491533 0.111604 0.491281 0.105205 0.489581 0.085939 0.489299 0.079493 0.490811 0.079120 0.491047 0.078796 0.491738 0.078571 0.492778
0 0.196782 0.893967 0.197385 0.900695 0.202203 0.914340 0.203809 0.918888 0.207484 0.924275 0.207903 0.924369 0.208726 0.924243 0.217033 0.921774 0.232170 0.916496 0.233506 0.914549 0.222823 0.884292 0.200596 0.891724 0.199388 0.892196 0.198251 0.892736 0.197356 0.893262 0.196840 0.893694
0 0.158086 0.960857 0.159642 0.967221 0.175550 0.963330 0.184978 0.959236 0.186707 0.958430 0.187996 0.957023 0.189082 0.955433 0.192296 0.950726 0.192940 0.948958 0.192858 0.947078 0.192708 0.945414 0.192180 0.944282 0.191259 0.943438 0.190086 0.943011 0.188838 0.943065 0.173820 0.945817 0.172117 0.946138 0.170242 0.946692 0.168478 0.947397 0.167092 0.948145 0.166296 0.948824 0.162415 0.954043
0 0.301619 0.061796 0.302031 0.062297 0.302817 0.062933 0.303855 0.063609 0.304990 0.064222 0.326265 0.074210 0.340447 0.045426 0.339609 0.043282 0.325189 0.036256 0.317150 0.032840 0.316319 0.032623 0.315849 0.032676 0.311587 0.037587 0.305192 0.050567 0.303061 0.054894 0.301644 0.061508
0 0.342703 0.920472 0.348348 0.923961 0.352959 0.925375 0.366795 0.929616 0.373435 0.929891 0.373545 0.929545 0.373788 0.928761 0.374126 0.927658 0.381337 0.904112 0.381880 0.902264 0.351281 0.892885 0.350597 0.894690 0.343351 0.918225 0.343018 0.919330 0.342790 0.920118
0 0.812624 0.444283 0.834151 0.468077 0.835775 0.467853 0.847654 0.457050 0.853164 0.451725 0.854006 0.450911 0.854590 0.450245 0.854825 0.449827 0.851769 0.444033 0.842061 0.433303 0.838825 0.429727 0.833261 0.425993 0.833133 0.425909 0.832644 0.426152 0.831871 0.426685 0.830931 0.427426 0.829966 0.428263
0 0.195342 0.706041 0.195543 0.706721 0.196042 0.707623 0.201477 0.715076 0.211645 0.727573 0.213039 0.726619 0.237835 0.706252 0.222983 0.687408 0.222158 0.686487 0.221356 0.685764 0.220698 0.685348 0.220284 0.685304 0.214308 0.688137 0.210586 0.691194 0.199419 0.700366 0.195469 0.705688
0 0.186922 0.133397 0.187014 0.133714 0.187352 0.134430 0.187885 0.135435 0.191371 0.142006 0.199092 0.156043 0.200527 0.157720 0.228622 0.142219 0.217424 0.121726 0.216784 0.120589 0.216139 0.119484 0.215586 0.118579 0.215208 0.118012 0.215065 0.117870 0.208591 0.119506 0.191699 0.128826
0 0.451870 0.525011 0.455801 0.530339 0.459516 0.533406 0.470661 0.542606 0.476636 0.545457 0.476771 0.545308 0.477198 0.544804 0.477851 0.544021 0.478632 0.543079 0.494008 0.524434 0.494035 0.524322 0.469355 0.503947 0.469213 0.503965 0.453809 0.522587 0.453033 0.523533 0.452392 0.524326 0.451984 0.524845
0 0.218395 0.426588 0.218707 0.433216 0.218714 0.433226 0.219201 0.433333 0.220091 0.433520 0.221249 0.433758 0.230661 0.435665 0.246348 0.438821 0.252661 0.407445 0.251524 0.407020 0.227572 0.402151 0.226412 0.401925 0.225525 0.401769 0.225047 0.401704 0.222201 0.407673
0 0.753514 0.611953 0.754678 0.612467 0.786650 0.615860 0.789527 0.591986 0.789606 0.590745 0.789572 0.589662 0.789430 0.588903 0.789202 0.588582 0.782984 0.586307 0.768613 0.584782 0.763823 0.584274 0.757266 0.585193 0.757015 0.585361 0.756751 0.585989 0.756514 0.586980 0.756339 0.588184 0.755202 0.596040
