0 0.582008 0.946135 0.582033 0.946766 0.582152 0.946919 0.588213 0.949813 0.602412 0.952602 0.607145 0.953531 0.613692 0.953114 0.613911 0.952768 0.614169 0.951969 0.614427 0.950839 0.618943 0.926661 0.618400 0.924709 0.586995 0.918541 0.583911 0.934243 0.582241 0.943880 0.582081 0.945121
0 0.593581 0.744597 0.593844 0.744943 0.594464 0.745526 0.595348 0.746257 0.596360 0.747024 0.602982 0.752042 0.616054 0.761548 0.634964 0.735442 0.634439 0.734430 0.614808 0.720012 0.613830 0.719325 0.613033 0.718813 0.612537 0.718555 0.612420 0.718590 0.607350 0.722845 0.604524 0.726746 0.596047 0.738449
0 0.552099 0.422303 0.552221 0.422548 0.552661 0.423110 0.553350 0.423903 0.559626 0.430699 0.570635 0.442313 0.570959 0.442048 0.594294 0.419930 0.577794 0.402317 0.576934 0.401440 0.576177 0.400732 0.575641 0.400300 0.575407 0.400210 0.569641 0.403463 0.566144 0.406777 0.555656 0.416719
0 0.525027 0.294202 0.526794 0.326241 0.550717 0.325172 0.551954 0.325076 0.553030 0.324934 0.553782 0.324766 0.554095 0.324598 0.555343 0.318100 0.555078 0.313291 0.554282 0.298862 0.552327 0.292533 0.552151 0.292363 0.551512 0.292243 0.550509 0.292194 0.541340 0.292403 0.525258 0.293248
0 0.131866 0.815122 0.134779 0.830917 0.136648 0.838394 0.136934 0.839537 0.137301 0.840378 0.137694 0.840789 0.144135 0.841273 0.163127 0.837875 0.163631 0.837757 0.169663 0.835052 0.169905 0.834497 0.170022 0.833550 0.169996 0.832353 0.169831 0.831089 0.165119 0.807913 0.133533 0.813564
0 0.139530 0.180647 0.143336 0.196386 0.145991 0.205816 0.146411 0.206969 0.146835 0.207849 0.147197 0.208323 0.153824 0.208403 0.154185 0.208397 0.158865 0.207283 0.172904 0.203940 0.178657 0.200887 0.178727 0.200412 0.178639 0.199534 0.178405 0.198385 0.172370 0.174566 0.170889 0.173180
0 0.787228 0.402069 0.792117 0.433782 0.815411 0.430222 0.816677 0.430023 0.817870 0.429829 0.818809 0.429669 0.819352 0.429567 0.819413 0.429539 0.820046 0.422925 0.817842 0.408624 0.817107 0.403857 0.814516 0.397772 0.814083 0.397798 0.813224 0.397903 0.804529 0.399166 0.788665 0.401600
0 0.846359 0.579715 0.852586 0.611192 0.854323 0.611682 0.870056 0.608532 0.878588 0.606582 0.879406 0.606327 0.879785 0.606116 0.880165 0.599561 0.879229 0.594829 0.877357 0.585366 0.876420 0.580635 0.873548 0.574585 0.873437 0.574476 0.872849 0.574463 0.871876 0.574547 0.870664 0.574715 0.869398 0.574942
0 0.051911 0.315274 0.052135 0.315515 0.052760 0.315999 0.053691 0.316652 0.059779 0.320921 0.073034 0.329917 0.075086 0.330760 0.093071 0.304187 0.073787 0.291020 0.072701 0.290297 0.071623 0.289606 0.070717 0.289051 0.070121 0.288717 0.069926 0.288656 0.064901 0.293054 0.054088 0.309032
0 0.053745 0.214928 0.053933 0.215092 0.054568 0.215446 0.055550 0.215937 0.056731 0.216490 0.057931 0.217022 0.079362 0.226115 0.092053 0.196644 0.090068 0.195201 0.075355 0.188892 0.067478 0.185685 0.066753 0.185439 0.066456 0.185407 0.062357 0.190590 0.060449 0.195020 0.054726 0.208310
0 0.168514 0.830944 0.197510 0.845029 0.198846 0.843551 0.209768 0.821466 0.210260 0.820410 0.210580 0.819618 0.210679 0.819210 0.205684 0.814939 0.201357 0.812837 0.188376 0.806532 0.181818 0.805192 0.181657 0.805219 0.181279 0.805688 0.180742 0.806529 0.180128 0.807614 0.175622 0.816384
0 0.442602 0.659487 0.474703 0.661279 0.474819 0.660542 0.475711 0.644565 0.476194 0.635531 0.476240 0.634560 0.476261 0.633966 0.476254 0.633839 0.469930 0.631878 0.465120 0.631609 0.455501 0.631072 0.450691 0.630804 0.444189 0.632049 0.444126 0.632409 0.444046 0.633204 0.443960 0.634313 0.443881 0.635566
0 0.460632 0.799119 0.462120 0.805570 0.462331 0.805843 0.463000 0.806084 0.464026 0.806255 0.465251 0.806332 0.489401 0.806422 0.489450 0.805021 0.490036 0.773022 0.474037 0.772728 0.464766 0.772919 0.463708 0.773035 0.462986 0.773225 0.462709 0.773461 0.460986 0.779853 0.460897 0.784669
0 0.913210 0.753190 0.915108 0.754353 0.936411 0.766855 0.937397 0.767431 0.938080 0.767825 0.938354 0.767978 0.943081 0.763299 0.945521 0.759138 0.950400 0.750816 0.952839 0.746654 0.954611 0.740249 0.954348 0.740076 0.953674 0.739667 0.952691 0.739086 0.931369 0.726617 0.929396 0.725580
0 0.495045 0.797489 0.495196 0.797910 0.495668 0.798619 0.496388 0.799507 0.502869 0.806543 0.514162 0.818104 0.537160 0.795515 0.537070 0.794243 0.520200 0.776695 0.519341 0.775861 0.518613 0.775243 0.518126 0.774936 0.517955 0.774986 0.512248 0.778336 0.508811 0.781711 0.498502 0.791837
0 0.536447 0.336579 0.537930 0.343034 0.540115 0.347327 0.544485 0.355912 0.546671 0.360205 0.551016 0.365198 0.551208 0.365195 0.551807 0.364970 0.552719 0.364558 0.553807 0.364021 0.575303 0.352921 0.575547 0.352296 0.560923 0.323568 0.546552 0.330914 0.538248 0.335351 0.537310 0.335903 0.536678 0.336334
0 0.805839 0.555667 0.805952 0.555905 0.809905 0.561216 0.824815 0.573421 0.830802 0.576247 0.831248 0.576125 0.831937 0.575642 0.832763 0.574872 0.833602 0.573932 0.848494 0.555188 0.823615 0.534822 0.822136 0.534662 0.811999 0.547045 0.806558 0.554255 0.806052 0.555087
0 0.174340 0.370956 0.178556 0.386551 0.181400 0.395645 0.181828 0.396694 0.182243 0.397427 0.182580 0.397733 0.189206 0.397632 0.207824 0.392670 0.213610 0.389462 0.213792 0.389302 0.213818 0.388694 0.213685 0.387731 0.213414 0.386560 0.206808 0.363172 0.205488 0.362654
0 0.331496 0.398815 0.332164 0.399229 0.354091 0.409659 0.355180 0.410172 0.356061 0.410579 0.356601 0.410820 0.356716 0.410856 0.360921 0.405742 0.362985 0.401390 0.369177 0.388333 0.370476 0.381840 0.370161 0.381640 0.369450 0.381260 0.368451 0.380758 0.367317 0.380209 0.359898 0.376619 0.345308 0.369689
0 0.855488 0.666405 0.857235 0.667206 0.872535 0.671994 0.879717 0.674179 0.880816 0.674513 0.881605 0.674732 0.881964 0.674803 0.885477 0.669189 0.891253 0.650780 0.891585 0.644136 0.891453 0.644075 0.890857 0.643870 0.889889 0.643550 0.888697 0.643166 0.887461 0.642775 0.865094 0.635789
0 0.019748 0.541368 0.033618 0.550074 0.042693 0.554174 0.044476 0.554854 0.046383 0.554800 0.052633 0.554044 0.054351 0.553275 0.055643 0.551907 0.056319 0.550819 0.056764 0.549652 0.056728 0.548404 0.056218 0.547264 0.055490 0.546551 0.054122 0.545259 0.043106 0.537447 0.041666 0.536458 0.039986 0.535488 0.038320 0.534684 0.036919 0.534167 0.035996 0.534016 0.030600 0.534412 0.023230 0.535819
0 0.420507 0.746436 0.420652 0.746711 0.421247 0.747075 0.422202 0.747471 0.431023 0.750251 0.446563 0.754519 0.446919 0.753382 0.455314 0.722412 0.432217 0.715810 0.431018 0.715522 0.429969 0.715351 0.429229 0.715323 0.428910 0.715441 0.425681 0.721216 0.421900 0.735163 0.420640 0.739812
0 0.218962 0.745413 0.219091 0.746533 0.221134 0.755815 0.225340 0.771409 0.256427 0.762880 0.257573 0.761786 0.251576 0.738263 0.251211 0.737114 0.250812 0.736214 0.250440 0.735699 0.250152 0.735648 0.243538 0.735794 0.224957 0.740892 0.219183 0.744144 0.218994 0.744574
0 0.438142 0.885428 0.440262 0.901322 0.441385 0.908767 0.441557 0.909906 0.441722 0.910718 0.441854 0.911081 0.448401 0.911896 0.462747 0.910004 0.467529 0.909373 0.473720 0.906877 0.473772 0.906739 0.473760 0.906120 0.473686 0.905115 0.473561 0.903876 0.473404 0.902592 0.470223 0.879351 0.438411 0.883547
0 0.665231 0.230712 0.665449 0.231518 0.665875 0.232558 0.670169 0.240958 0.677997 0.254915 0.705911 0.239261 0.706857 0.238063 0.695286 0.216705 0.694650 0.215681 0.694043 0.214912 0.693557 0.214517 0.693268 0.214554 0.686880 0.216295 0.674275 0.223364 0.670074 0.225720 0.665257 0.230262
0 0.780061 0.367055 0.801987 0.376034 0.803180 0.376465 0.804305 0.376791 0.805193 0.376962 0.805708 0.376952 0.809547 0.371566 0.811311 0.367083 0.816602 0.353636 0.816710 0.353320 0.817538 0.346852 0.817147 0.346488 0.816349 0.346032 0.808193 0.342421 0.793260 0.336488 0.791809 0.337195
0 0.112457 0.377388 0.113631 0.383962 0.113749 0.384048 0.114352 0.384169 0.115347 0.384307 0.116582 0.384442 0.117869 0.384552 0.141280 0.386181 0.143679 0.354183 0.141923 0.353503 0.125931 0.352329 0.118404 0.351914 0.117254 0.351851 0.116421 0.351849 0.116034 0.351910 0.113900 0.358149 0.113539 0.362959
0 0.193946 0.190989 0.194069 0.191908 0.194301 0.192420 0.200412 0.194969 0.205174 0.195691 0.214700 0.197133 0.219463 0.197854 0.219887 0.197889 0.226331 0.197252 0.226638 0.196790 0.226930 0.195912 0.228670 0.187190 0.231066 0.171368 0.229830 0.169859 0.198041 0.165046 0.194080 0.188531 0.193949 0.189803
0 0.915192 0.876172 0.915446 0.884868 0.916834 0.900810 0.918749 0.902651 0.950779 0.899862 0.949203 0.876270 0.949017 0.874977 0.948703 0.873751 0.948308 0.872779 0.947894 0.872208 0.947522 0.872125 0.940807 0.871042 0.936014 0.871459 0.921636 0.872711 0.915556 0.874908 0.915308 0.875322
0 0.727182 0.935701 0.748713 0.946495 0.749933 0.946965 0.751150 0.947243 0.752180 0.947288 0.752866 0.947090 0.756020 0.941774 0.756378 0.941156 0.761361 0.923296 0.761425 0.916930 0.761183 0.916360 0.760497 0.915733 0.752761 0.911288 0.738139 0.904426 0.735817 0.906150
0 0.497555 0.388908 0.497565 0.389416 0.516231 0.415414 0.529230 0.406082 0.535770 0.401303 0.536773 0.400570 0.537636 0.399914 0.538229 0.399434 0.538461 0.399203 0.536020 0.393049 0.524782 0.377397 0.519732 0.373116 0.519551 0.373147 0.518999 0.373459 0.518160 0.374004 0.517163 0.374701
0 0.832575 0.216846 0.864199 0.221771 0.868410 0.218554 0.871171 0.214810 0.871560 0.213895 0.871911 0.212705 0.872169 0.211420 0.872295 0.210237 0.872270 0.209338 0.872098 0.208859 0.866052 0.206238 0.861219 0.205485 0.846721 0.203227 0.846315 0.203256 0.839630 0.203862 0.833560 0.210521
0 0.319270 0.475005 0.320089 0.475234 0.352070 0.477844 0.354237 0.453957 0.354314 0.452723 0.354329 0.451651 0.354280 0.450904 0.354174 0.450596 0.347906 0.448474 0.333504 0.447299 0.328703 0.446908 0.322167 0.447984 0.321992 0.448160 0.321803 0.448797 0.321628 0.449799 0.320617 0.458952
0 0.151843 0.694781 0.152680 0.709227 0.152959 0.714042 0.154969 0.720283 0.155387 0.720410 0.156240 0.720463 0.164984 0.720246 0.181003 0.719359 0.182580 0.718347 0.180723 0.686313 0.157229 0.687431 0.155946 0.687532 0.154729 0.687683 0.153762 0.687863 0.153194 0.688042 0.153110 0.688195
0 0.751174 0.684183 0.751215 0.689000 0.751339 0.703450 0.753005 0.709863 0.753451 0.710046 0.754320 0.710199 0.755482 0.710297 0.756758 0.710327 0.765107 0.710522 0.781276 0.710427 0.780999 0.678192 0.779826 0.677375 0.755422 0.677323 0.754232 0.677362 0.753302 0.677457 0.752774 0.677593 0.752729 0.677751
0 0.706206 0.952139 0.706615 0.952625 0.707419 0.953215 0.708496 0.953819 0.717432 0.957788 0.732451 0.963629 0.744133 0.933590 0.743014 0.931603 0.720335 0.922398 0.719231 0.922027 0.718370 0.921860 0.717884 0.921921 0.714082 0.927178 0.708850 0.940632 0.707107 0.945116 0.707038 0.945569
0 0.652917 0.792336 0.658572 0.815318 0.658897 0.816563 0.659228 0.817730 0.659515 0.818641 0.659715 0.819158 0.659796 0.819201 0.666467 0.819222 0.671147 0.818052 0.685187 0.814542 0.690983 0.811403 0.690957 0.810959 0.690798 0.810101 0.690533 0.808960 0.688798 0.801499 0.684889 0.785865 0.684042 0.784555
0 0.629338 0.795299 0.629971 0.803097 0.630068 0.804290 0.630374 0.805220 0.630845 0.805746 0.636286 0.808130 0.640613 0.808730 0.653690 0.810542 0.654516 0.810600 0.660392 0.809784 0.660945 0.809328 0.661419 0.808448 0.661744 0.807276 0.661869 0.805992 0.661472 0.781873 0.632508 0.778228 0.629554 0.779182
0 0.509520 0.499083 0.525865 0.526696 0.526083 0.526761 0.539943 0.518548 0.546792 0.514441 0.547839 0.513813 0.548701 0.513281 0.549248 0.512926 0.549396 0.512801 0.547505 0.506456 0.545052 0.502311 0.537691 0.489876 0.533038 0.485166 0.532781 0.485315 0.532143 0.485689 0.531222 0.486232 0.530158 0.486861
