0 0.813717 0.366448 0.813941 0.367071 0.814470 0.367920 0.820126 0.375041 0.830655 0.387092 0.832173 0.386573 0.856386 0.365420 0.840911 0.347085 0.840041 0.346184 0.839186 0.345475 0.838474 0.345065 0.838017 0.345017 0.832123 0.348034 0.828495 0.351203 0.817612 0.360711 0.813832 0.366147
0 0.342896 0.569932 0.344351 0.576391 0.344436 0.576463 0.344998 0.576536 0.345949 0.576599 0.347147 0.576642 0.354980 0.576921 0.371061 0.577306 0.371767 0.576954 0.372501 0.544875 0.348694 0.544261 0.347439 0.544240 0.346314 0.544237 0.345487 0.544253 0.345085 0.544286 0.343337 0.550669 0.343006 0.565116
0 0.131021 0.334206 0.131180 0.334599 0.131657 0.335303 0.132378 0.336210 0.137093 0.342139 0.147410 0.354424 0.149100 0.355179 0.173625 0.334488 0.158624 0.316386 0.157776 0.315416 0.156933 0.314523 0.156220 0.313841 0.155748 0.313474 0.155588 0.313480 0.149563 0.316405 0.145876 0.319515 0.138503 0.325735 0.134816 0.328846
0 0.917242 0.321605 0.947381 0.332617 0.949481 0.331738 0.954917 0.316639 0.957433 0.308222 0.957553 0.307352 0.957441 0.306861 0.952106 0.303167 0.938515 0.298201 0.933985 0.296546 0.927251 0.295830 0.926951 0.295801 0.926487 0.296229 0.925929 0.297049 0.925362 0.298135 0.924873 0.299323
0 0.518347 0.261339 0.518531 0.261688 0.519088 0.262262 0.519931 0.262975 0.527474 0.268563 0.540602 0.277713 0.558903 0.251457 0.559173 0.250316 0.539436 0.236224 0.538419 0.235566 0.537544 0.235101 0.536944 0.234900 0.536711 0.234993 0.531721 0.239344 0.528966 0.243296 0.523457 0.251199 0.520703 0.255151
0 0.048692 0.038871 0.049296 0.055070 0.050240 0.064950 0.050502 0.066202 0.050863 0.067207 0.051265 0.067810 0.051649 0.067922 0.058312 0.069386 0.072736 0.068928 0.077544 0.068775 0.083718 0.066904 0.084001 0.066509 0.084168 0.065667 0.084195 0.064506 0.082829 0.039852 0.080911 0.037848
0 0.313275 0.294518 0.315995 0.310447 0.317799 0.319834 0.318064 0.320943 0.318314 0.321746 0.318511 0.322122 0.325115 0.322640 0.339364 0.320235 0.344113 0.319433 0.350176 0.316777 0.350263 0.316675 0.350254 0.316106 0.350151 0.315157 0.349970 0.313974 0.345752 0.290005 0.345061 0.289152
0 0.739906 0.277307 0.742398 0.293114 0.743922 0.300790 0.744156 0.301967 0.744439 0.302896 0.744729 0.303437 0.744982 0.303506 0.751577 0.304092 0.756335 0.303342 0.770610 0.301091 0.776705 0.298505 0.776910 0.298086 0.777008 0.297247 0.776983 0.296115 0.776840 0.294862 0.772767 0.271278 0.741008 0.276285
0 0.156643 0.408953 0.156725 0.410026 0.156922 0.410769 0.157204 0.411069 0.163461 0.413253 0.182649 0.415003 0.189184 0.413985 0.189480 0.413795 0.189773 0.413148 0.190018 0.412142 0.190179 0.410931 0.191911 0.386868 0.190482 0.386462 0.158380 0.383535 0.156987 0.399604
0 0.246982 0.986036 0.262961 0.988367 0.272440 0.989057 0.273575 0.988962 0.274416 0.988696 0.274835 0.988299 0.277395 0.982183 0.280303 0.963136 0.279680 0.956554 0.279610 0.956115 0.279066 0.955672 0.278133 0.955293 0.276952 0.955036 0.252870 0.952071 0.251846 0.954169
0 0.022398 0.340757 0.024472 0.341483 0.049143 0.342634 0.050301 0.342656 0.051135 0.342620 0.051519 0.342532 0.053440 0.336251 0.053994 0.321830 0.054178 0.317023 0.052751 0.310471 0.052626 0.310315 0.052009 0.310139 0.050993 0.309970 0.049733 0.309833 0.039833 0.309203 0.023635 0.308546
0 0.497748 0.120027 0.521470 0.124227 0.522690 0.124354 0.523741 0.124333 0.524464 0.124166 0.524749 0.123877 0.527312 0.117781 0.530241 0.098737 0.529631 0.092137 0.529437 0.091744 0.528789 0.091333 0.527784 0.090967 0.526576 0.090702 0.518676 0.088969 0.502752 0.086434 0.497851 0.118295
0 0.759794 0.341357 0.761345 0.347791 0.761383 0.347926 0.761905 0.348045 0.762830 0.348128 0.764019 0.348163 0.788435 0.348165 0.789647 0.347465 0.789946 0.315231 0.773776 0.315120 0.764138 0.315301 0.762973 0.315386 0.762096 0.315518 0.761643 0.315679 0.759973 0.322090 0.759928 0.326907
0 0.127171 0.643127 0.130185 0.648979 0.143044 0.663362 0.148594 0.667088 0.148738 0.667089 0.149243 0.666766 0.150032 0.666168 0.150985 0.665387 0.151958 0.664540 0.169369 0.648761 0.147982 0.624840 0.146275 0.625492 0.134337 0.636205 0.128818 0.641377 0.127974 0.642168 0.127396 0.642783
0 0.565073 0.249202 0.570363 0.253185 0.583675 0.258808 0.588113 0.260682 0.594656 0.261697 0.594676 0.261660 0.594885 0.261178 0.595248 0.260324 0.595712 0.259229 0.605202 0.236740 0.605641 0.235634 0.575946 0.223091 0.569661 0.237990 0.566455 0.245704 0.565965 0.246883 0.565530 0.247962 0.565217 0.248776
0 0.476792 0.228975 0.481950 0.233130 0.495070 0.239188 0.499443 0.241207 0.505947 0.242436 0.506054 0.242420 0.506348 0.241961 0.506786 0.241131 0.507301 0.240055 0.517386 0.217857 0.517418 0.216663 0.488151 0.203150 0.481400 0.217839 0.477552 0.226637 0.477132 0.227713 0.476865 0.228534
0 0.369245 0.531368 0.398091 0.545570 0.398556 0.545362 0.405625 0.531006 0.409581 0.522758 0.409995 0.521836 0.410236 0.521228 0.410265 0.521028 0.405212 0.516750 0.400890 0.514622 0.387925 0.508239 0.381453 0.506842 0.381241 0.507068 0.380844 0.507699 0.380324 0.508639 0.379759 0.509746
0 0.670217 0.560938 0.670999 0.561218 0.695328 0.561924 0.696525 0.561945 0.697471 0.561942 0.698020 0.561914 0.698090 0.561866 0.699865 0.555488 0.699992 0.550672 0.700372 0.536226 0.698936 0.529763 0.698517 0.529730 0.697675 0.529690 0.696538 0.529648 0.695278 0.529610 0.687056 0.529366 0.671059 0.528944
0 0.455267 0.743180 0.455564 0.749799 0.455743 0.750063 0.456374 0.750387 0.457363 0.750720 0.466372 0.752921 0.482159 0.756176 0.488565 0.724583 0.488730 0.723577 0.465227 0.718483 0.464015 0.718273 0.462966 0.718170 0.462239 0.718188 0.461945 0.718326 0.459096 0.724297
0 0.136044 0.084564 0.138581 0.100572 0.140515 0.110282 0.140857 0.111500 0.141231 0.112463 0.141581 0.113024 0.141853 0.113099 0.148581 0.113749 0.167597 0.110809 0.173562 0.108196 0.173692 0.107779 0.173689 0.106929 0.173553 0.105775 0.169406 0.081451 0.167901 0.079638
0 0.555751 0.383105 0.555933 0.383339 0.556511 0.383780 0.557396 0.384359 0.558454 0.384990 0.579387 0.396778 0.595350 0.368943 0.595689 0.368282 0.581693 0.360294 0.573557 0.355898 0.572625 0.355458 0.571983 0.355230 0.571726 0.355247 0.567137 0.360023 0.559948 0.372558 0.557552 0.376737
0 0.450833 0.593435 0.452170 0.599917 0.458430 0.612941 0.460517 0.617283 0.464746 0.622378 0.464915 0.622390 0.465501 0.622188 0.466412 0.621804 0.474706 0.617970 0.489225 0.611012 0.489378 0.610454 0.475476 0.581534 0.453883 0.591812 0.452766 0.592360 0.451795 0.592861 0.451116 0.593238
0 0.099529 0.155940 0.100002 0.162367 0.101546 0.166937 0.104634 0.176076 0.106178 0.180645 0.106383 0.181174 0.109952 0.186738 0.110545 0.186926 0.111506 0.186928 0.112691 0.186742 0.113918 0.186398 0.136125 0.178248 0.125852 0.147849 0.124020 0.146264 0.108834 0.151495 0.101728 0.154498 0.100642 0.154957 0.099869 0.155464
0 0.195812 0.587310 0.211471 0.591338 0.219592 0.593237 0.220833 0.593527 0.221974 0.593738 0.222840 0.593838 0.223299 0.593811 0.226471 0.587996 0.227681 0.583333 0.231310 0.569345 0.231363 0.562727 0.231340 0.562605 0.230847 0.562380 0.229959 0.562086 0.228811 0.561767 0.205153 0.555821 0.203907 0.556107
0 0.417462 0.115320 0.417839 0.117079 0.447734 0.128506 0.453448 0.113559 0.456685 0.104421 0.457035 0.103253 0.457251 0.102308 0.457301 0.101730 0.457176 0.101609 0.451680 0.097750 0.447175 0.096027 0.433658 0.090861 0.427152 0.090132 0.426849 0.090478 0.426439 0.091249 0.425987 0.092328
0 0.746172 0.234468 0.746312 0.235300 0.746667 0.236367 0.747182 0.237507 0.758362 0.258585 0.787013 0.244138 0.788283 0.242857 0.780969 0.228523 0.776403 0.220662 0.775797 0.219885 0.775284 0.219490 0.774941 0.219539 0.768478 0.221003 0.755575 0.227509 0.751274 0.229678 0.746267 0.233998
0 0.167435 0.228503 0.167574 0.228933 0.171596 0.234192 0.182897 0.243200 0.186664 0.246202 0.192688 0.248950 0.193109 0.248979 0.193771 0.248622 0.194571 0.247934 0.200723 0.241051 0.210697 0.228537 0.209368 0.227291 0.184226 0.207250 0.168816 0.225793 0.168107 0.226804 0.167622 0.227756
0 0.158712 0.290837 0.160694 0.297000 0.160859 0.297444 0.163402 0.301535 0.168489 0.309716 0.171033 0.313807 0.175781 0.318410 0.176290 0.318428 0.177134 0.318184 0.178183 0.317717 0.179279 0.317096 0.199222 0.304140 0.182279 0.276890 0.180718 0.275923 0.167101 0.284477 0.159732 0.289669 0.159031 0.290320
0 0.835944 0.520391 0.841105 0.524177 0.848368 0.525561 0.853533 0.521273 0.853705 0.521081 0.856598 0.517138 0.862384 0.509250 0.865277 0.505306 0.867755 0.499157 0.867463 0.498739 0.866795 0.498112 0.865853 0.497373 0.864781 0.496634 0.863743 0.496010 0.862899 0.495596 0.858976 0.494522 0.854873 0.494584
0 0.150395 0.947683 0.182630 0.947699 0.184085 0.945762 0.184555 0.921116 0.184505 0.919953 0.184353 0.919103 0.184122 0.918697 0.177853 0.917032 0.163421 0.917025 0.158611 0.917023 0.152037 0.918681 0.151732 0.918781 0.151425 0.919373 0.151162 0.920368 0.150983 0.921614 0.150474 0.931479
0 0.403507 0.987690 0.403625 0.988210 0.404172 0.988855 0.405065 0.989524 0.413384 0.993997 0.428087 1.000000 0.441201 0.971207 0.441575 0.969094 0.419737 0.958650 0.418600 0.958223 0.417599 0.958016 0.416887 0.958062 0.416571 0.958354 0.412493 0.963559 0.410533 0.967959 0.406614 0.976760 0.404655 0.981160
0 0.553865 0.295697 0.555949 0.301984 0.566271 0.318254 0.571069 0.322813 0.571231 0.322825 0.571782 0.322573 0.572635 0.322095 0.573663 0.321464 0.594063 0.308330 0.594399 0.307509 0.577130 0.280290 0.563509 0.288966 0.556660 0.293525 0.555613 0.294222 0.554714 0.294879 0.554101 0.295397
0 0.787947 0.637881 0.795084 0.660459 0.795518 0.661652 0.795992 0.662729 0.796434 0.663527 0.796777 0.663922 0.803372 0.663421 0.807944 0.661905 0.817088 0.658872 0.821660 0.657355 0.821981 0.657247 0.827476 0.653737 0.827509 0.653209 0.827352 0.652309 0.824911 0.643743 0.819905 0.628477 0.818403 0.627779
0 0.286822 0.066221 0.294111 0.097622 0.294943 0.099492 0.318617 0.094647 0.319787 0.094304 0.320725 0.093871 0.321289 0.093411 0.321392 0.092995 0.321507 0.086384 0.318240 0.072308 0.317151 0.067616 0.314131 0.061713 0.313750 0.061377 0.312949 0.061200 0.311848 0.061209 0.310617 0.061402 0.302560 0.062668
0 0.383503 0.448543 0.383513 0.448716 0.383746 0.449297 0.384167 0.450199 0.384712 0.451285 0.395908 0.472767 0.396384 0.472892 0.424821 0.458207 0.417479 0.443988 0.413131 0.435706 0.412611 0.434750 0.412227 0.434083 0.412038 0.433808 0.405594 0.435329 0.392753 0.441959 0.388473 0.444170
0 0.251796 0.583844 0.267650 0.586964 0.275805 0.588417 0.277051 0.588639 0.278176 0.588794 0.279008 0.588859 0.279421 0.588824 0.282251 0.582835 0.283189 0.578111 0.286003 0.563937 0.285674 0.557326 0.285601 0.557224 0.285058 0.557043 0.284130 0.556810 0.282957 0.556562 0.259069 0.551964 0.258073 0.552226
0 0.426896 0.367025 0.427194 0.367744 0.457622 0.377930 0.465302 0.355351 0.465687 0.354161 0.466005 0.353093 0.466207 0.352307 0.466262 0.351926 0.460682 0.348367 0.446979 0.343780 0.442411 0.342251 0.435810 0.341731 0.435682 0.341802 0.435418 0.342326 0.435058 0.343224 0.432026 0.351774
0 0.200561 0.193976 0.200743 0.194452 0.206131 0.198313 0.210611 0.200085 0.219570 0.203628 0.224049 0.205399 0.230606 0.206262 0.230940 0.206271 0.231399 0.205823 0.231916 0.204987 0.232411 0.203890 0.240860 0.181110 0.239625 0.179749 0.209648 0.167895 0.203783 0.182946 0.200811 0.191998 0.200585 0.193114
0 0.601456 0.798141 0.601866 0.804754 0.602174 0.805064 0.602919 0.805417 0.603985 0.805762 0.613236 0.807890 0.629105 0.810890 0.634980 0.779195 0.634474 0.777936 0.610682 0.773159 0.609490 0.772978 0.608508 0.772918 0.607885 0.772989 0.607718 0.773179 0.604967 0.779196 0.604089 0.783932 0.602333 0.793404
