0 0.832083 0.119978 0.850730 0.146092 0.869752 0.132659 0.870812 0.131886 0.871847 0.131096 0.872701 0.130410 0.873244 0.129932 0.873392 0.129736 0.871029 0.123477 0.868227 0.119552 0.862621 0.111701 0.859818 0.107776 0.854714 0.103578 0.854429 0.103674 0.853771 0.104070 0.846750 0.108877 0.833706 0.118161
0 0.003587 0.565363 0.019771 0.566346 0.028374 0.566759 0.029688 0.566822 0.030958 0.566851 0.031988 0.566843 0.032622 0.566798 0.032765 0.566723 0.034843 0.560381 0.036033 0.541176 0.034749 0.534699 0.034378 0.534629 0.033553 0.534548 0.032399 0.534466 0.007732 0.533030 0.005581 0.533189
0 0.963946 0.309021 0.963956 0.310139 0.964156 0.311369 0.970184 0.334524 1.000000 0.327377 1.000000 0.310798 0.997645 0.303219 0.997276 0.302061 0.996793 0.301157 0.996267 0.300646 0.995780 0.300605 0.989152 0.300474 0.984456 0.301547 0.970368 0.304766 0.964474 0.307757 0.964127 0.308185
0 0.783617 0.771933 0.800246 0.799278 0.801625 0.800653 0.822599 0.788455 0.823595 0.787765 0.824325 0.787079 0.824679 0.786503 0.824602 0.786125 0.822637 0.779803 0.815129 0.767455 0.812626 0.763339 0.807917 0.758685 0.807438 0.758585 0.806616 0.758754 0.805575 0.759166 0.797290 0.763618
0 0.375374 0.461218 0.384214 0.474713 0.388745 0.481455 0.389438 0.482486 0.390058 0.483358 0.390512 0.483938 0.390730 0.484138 0.396987 0.481969 0.409083 0.474063 0.413115 0.471427 0.417611 0.466569 0.417538 0.466375 0.417208 0.465803 0.416672 0.464939 0.416012 0.463915 0.402742 0.443745 0.402357 0.443582
0 0.396541 0.734846 0.396602 0.741559 0.396751 0.741832 0.397361 0.742180 0.398338 0.742550 0.399535 0.742885 0.400767 0.743133 0.401846 0.743258 0.402607 0.743239 0.405070 0.742054 0.406155 0.739287 0.413635 0.708169 0.407411 0.706673 0.402801 0.710191 0.402587 0.710827 0.401108 0.715849 0.399966 0.720598
0 0.143592 0.965281 0.165644 0.974664 0.166848 0.975032 0.167985 0.975178 0.168880 0.975080 0.169398 0.974752 0.173247 0.969365 0.178544 0.955919 0.180309 0.951437 0.181170 0.944872 0.181222 0.944393 0.180812 0.943808 0.180003 0.943206 0.171840 0.939241 0.156952 0.933376 0.155376 0.935367
0 0.830640 0.903337 0.837990 0.925437 0.838445 0.926668 0.838952 0.927869 0.839433 0.928858 0.839817 0.929485 0.840044 0.929653 0.846754 0.929150 0.864992 0.922856 0.870427 0.919167 0.870485 0.918842 0.870338 0.918081 0.867854 0.909936 0.862672 0.894787 0.860972 0.892869
0 0.419041 0.270520 0.419298 0.271557 0.443221 0.274926 0.444432 0.275046 0.445449 0.275071 0.446118 0.274996 0.446335 0.274833 0.448741 0.268670 0.449351 0.263891 0.451180 0.249557 0.450399 0.242978 0.450135 0.242723 0.449424 0.242443 0.448375 0.242181 0.447148 0.241976 0.439119 0.240637 0.423121 0.238544
0 0.141113 0.311084 0.141274 0.311409 0.144739 0.317058 0.148176 0.320433 0.158488 0.330557 0.164188 0.333908 0.164668 0.333863 0.165414 0.333476 0.166313 0.332806 0.167228 0.331954 0.183582 0.314561 0.160685 0.292080 0.159042 0.291205 0.147824 0.302745 0.141857 0.309624 0.141318 0.310457
0 0.078552 0.367331 0.078554 0.367829 0.078824 0.368671 0.082576 0.376646 0.090083 0.390835 0.092015 0.391437 0.120319 0.376319 0.109563 0.355330 0.108922 0.354222 0.108237 0.353223 0.107613 0.352486 0.107144 0.352122 0.100731 0.353735 0.100360 0.353836 0.096105 0.356108 0.083342 0.362925
0 0.918376 0.061671 0.929320 0.091835 0.951257 0.084241 0.952485 0.083756 0.953693 0.083196 0.954697 0.082646 0.955345 0.082190 0.955537 0.081898 0.954942 0.075166 0.950007 0.061564 0.948362 0.057030 0.944575 0.051683 0.944272 0.051577 0.943530 0.051699 0.935470 0.054209 0.920410 0.059614
0 0.543077 0.228395 0.543092 0.234796 0.546872 0.237030 0.547864 0.237321 0.549389 0.237513 0.551218 0.237578 0.553073 0.237505 0.567411 0.236737 0.569255 0.236366 0.570818 0.235317 0.571859 0.233750 0.572108 0.232829 0.572864 0.230030 0.573231 0.228157 0.572855 0.226287 0.571791 0.224703 0.570202 0.223646 0.568330 0.223279 0.560461 0.222003 0.544085 0.222041
0 0.611947 0.668390 0.613362 0.674861 0.613684 0.675022 0.614448 0.675174 0.615538 0.675295 0.624957 0.675825 0.641090 0.676343 0.642054 0.644122 0.641518 0.643464 0.617325 0.642539 0.616113 0.642525 0.615117 0.642562 0.614488 0.642645 0.614322 0.642762 0.612523 0.649131 0.612091 0.663575
0 0.247482 0.034605 0.247884 0.059253 0.249037 0.061268 0.281041 0.061119 0.280967 0.045117 0.280635 0.035280 0.280521 0.034009 0.280355 0.032967 0.280161 0.032312 0.279969 0.032146 0.273434 0.030485 0.268611 0.030507 0.258964 0.030552 0.254140 0.030575 0.247827 0.032296 0.247642 0.032644 0.247521 0.033455
0 0.262852 0.309846 0.285509 0.332776 0.286411 0.333623 0.303791 0.316998 0.304636 0.316104 0.305290 0.315275 0.305655 0.314638 0.305674 0.314288 0.302306 0.308595 0.298921 0.305169 0.292150 0.298316 0.288764 0.294889 0.283103 0.291445 0.282754 0.291417 0.282107 0.291737 0.281262 0.292355 0.274362 0.298561
0 0.660590 0.470423 0.663129 0.476537 0.666000 0.480405 0.674614 0.492009 0.679732 0.496209 0.680086 0.496060 0.680780 0.495642 0.681709 0.495017 0.682729 0.494282 0.701882 0.479916 0.682718 0.454099 0.681883 0.454309 0.669034 0.463847 0.662795 0.468580 0.661839 0.469306 0.661084 0.469911 0.660645 0.470303
0 0.760280 0.168602 0.782419 0.191829 0.799381 0.175719 0.800319 0.174819 0.801226 0.173936 0.801964 0.173203 0.802421 0.172734 0.802526 0.172599 0.799299 0.166774 0.795972 0.163282 0.789316 0.156299 0.785988 0.152808 0.780351 0.149332 0.780071 0.149536 0.779467 0.150068 0.773171 0.155949 0.761562 0.166996
0 0.209834 0.152560 0.210885 0.184779 0.212095 0.186227 0.236499 0.185900 0.237687 0.185811 0.238612 0.185624 0.239134 0.185370 0.240513 0.179056 0.240572 0.178621 0.240101 0.164178 0.239944 0.159364 0.238125 0.152990 0.237672 0.152691 0.236795 0.152452 0.235630 0.152308 0.234353 0.152281 0.225997 0.152107
0 0.358977 0.807460 0.372278 0.816533 0.379041 0.820682 0.380075 0.821316 0.380986 0.821737 0.381634 0.821879 0.381921 0.821721 0.386888 0.817335 0.397813 0.801464 0.400130 0.795269 0.399998 0.794860 0.399484 0.794239 0.398666 0.793501 0.397668 0.792757 0.377723 0.779555 0.359529 0.805986
0 0.298863 0.736263 0.299139 0.742882 0.299180 0.743141 0.299693 0.743461 0.300601 0.743793 0.301765 0.744087 0.309379 0.746009 0.325125 0.749303 0.326039 0.748184 0.332498 0.716753 0.309234 0.711608 0.307998 0.711393 0.306874 0.711284 0.306033 0.711295 0.305603 0.711426 0.302741 0.717390
0 0.242042 0.893303 0.242171 0.894195 0.242531 0.895303 0.246576 0.904009 0.254214 0.918254 0.282542 0.902872 0.283594 0.901126 0.272456 0.879454 0.271833 0.878433 0.271221 0.877691 0.270712 0.877341 0.264478 0.878937 0.263979 0.879083 0.259746 0.881381 0.251279 0.885978 0.247046 0.888277 0.242163 0.892761
0 0.891232 0.615044 0.895973 0.630328 0.899233 0.639323 0.899739 0.640386 0.900243 0.641155 0.900666 0.641512 0.907277 0.641142 0.911877 0.639715 0.925680 0.635433 0.926133 0.635261 0.931645 0.631879 0.931760 0.631311 0.931666 0.630379 0.931377 0.629226 0.923737 0.606046 0.921800 0.605561
0 0.071245 0.738228 0.071289 0.739152 0.071498 0.739668 0.077497 0.742321 0.082323 0.743116 0.091975 0.744705 0.096801 0.745499 0.097279 0.745538 0.103970 0.744990 0.111020 0.739210 0.112060 0.732894 0.080480 0.727695 0.075630 0.730328 0.072477 0.733726 0.072039 0.734601 0.071650 0.735764 0.071372 0.737038
0 0.394914 0.173725 0.399971 0.177998 0.404295 0.180122 0.412943 0.184369 0.417267 0.186492 0.417537 0.186576 0.423914 0.187937 0.424277 0.187545 0.424773 0.186767 0.425327 0.185721 0.428940 0.178898 0.435994 0.164534 0.435700 0.162994 0.406841 0.148820 0.396091 0.170086 0.395567 0.171249 0.395159 0.172350 0.394930 0.173219
0 0.429189 0.690867 0.445296 0.691610 0.454607 0.691782 0.455659 0.691734 0.456370 0.691623 0.456631 0.691465 0.458547 0.685124 0.458781 0.680312 0.459482 0.665879 0.458190 0.659389 0.457960 0.659237 0.457278 0.659085 0.456249 0.658958 0.455027 0.658873 0.430956 0.657937 0.430754 0.658670
0 0.198088 0.484385 0.198190 0.484581 0.201891 0.490070 0.205472 0.493292 0.216217 0.502957 0.222066 0.506059 0.222473 0.505872 0.223144 0.505350 0.223977 0.504575 0.230510 0.497710 0.241212 0.485813 0.217418 0.464408 0.216120 0.464245 0.199648 0.482152 0.198877 0.483071 0.198329 0.483855
0 0.933872 0.567511 0.934012 0.568008 0.934479 0.568781 0.935201 0.569712 0.951289 0.588219 0.953292 0.588536 0.977979 0.567807 0.967520 0.555455 0.960902 0.548296 0.960003 0.547482 0.959221 0.546927 0.958673 0.546716 0.952713 0.549615 0.952376 0.549856 0.948692 0.552949 0.941324 0.559136 0.937640 0.562230
0 0.420368 0.623919 0.435772 0.628672 0.443508 0.630889 0.444691 0.631228 0.445704 0.631467 0.446392 0.631569 0.446652 0.631519 0.450091 0.625859 0.455806 0.607458 0.456176 0.600850 0.455961 0.600683 0.455311 0.600398 0.454329 0.600037 0.453161 0.599657 0.430141 0.592673 0.429929 0.593134
0 0.657073 0.617165 0.657206 0.617748 0.657497 0.618677 0.657900 0.619812 0.666500 0.642514 0.667226 0.643062 0.697444 0.631836 0.691792 0.616705 0.688296 0.607873 0.687841 0.606852 0.687463 0.606136 0.687221 0.605834 0.680637 0.606563 0.667091 0.611596 0.662576 0.613274 0.657118 0.617018
0 0.502008 0.568651 0.505198 0.574453 0.508473 0.577985 0.518299 0.588582 0.523843 0.592201 0.524044 0.592115 0.524573 0.591710 0.525351 0.591046 0.526258 0.590224 0.543911 0.573725 0.543710 0.573388 0.521950 0.549919 0.510215 0.560799 0.504353 0.566315 0.503455 0.567161 0.502694 0.567901 0.502185 0.568425
0 0.752996 0.303172 0.754927 0.335118 0.770900 0.334152 0.780479 0.333376 0.781656 0.333230 0.782560 0.333064 0.783052 0.332903 0.784267 0.326395 0.784276 0.326188 0.783403 0.311744 0.783111 0.306929 0.781117 0.300687 0.780630 0.300580 0.779728 0.300544 0.778548 0.300583 0.754158 0.302268
0 0.602710 0.890977 0.602966 0.891470 0.603547 0.892220 0.604366 0.893111 0.611392 0.899876 0.623385 0.910749 0.644968 0.886806 0.644389 0.885110 0.626355 0.868483 0.625461 0.867717 0.624740 0.867190 0.624301 0.866982 0.618858 0.870594 0.605973 0.884886 0.605816 0.885123
0 0.118565 0.389515 0.118895 0.389712 0.119639 0.390083 0.127515 0.393756 0.142107 0.400406 0.143852 0.400910 0.157137 0.371702 0.135790 0.361952 0.134612 0.361421 0.133478 0.360918 0.132558 0.360520 0.131995 0.360288 0.131873 0.360257 0.127693 0.365433 0.125696 0.369823 0.121702 0.378604 0.119706 0.382995
0 0.651312 0.044904 0.655432 0.069168 0.655679 0.070310 0.655945 0.071137 0.656188 0.071524 0.662691 0.072006 0.676885 0.069397 0.681616 0.068527 0.687745 0.065722 0.687957 0.065604 0.688083 0.065002 0.688102 0.064007 0.688011 0.062769 0.686609 0.053034 0.683733 0.037093 0.652029 0.042923
0 0.466137 0.592436 0.498361 0.593306 0.498796 0.577180 0.499076 0.566765 0.499095 0.566037 0.499101 0.565756 0.492724 0.563977 0.487909 0.563847 0.473464 0.563457 0.467000 0.564890 0.466965 0.565169 0.466921 0.565897 0.466877 0.566961 0.466837 0.568201 0.466579 0.576311
0 0.680260 0.308988 0.682587 0.315188 0.693543 0.331038 0.698519 0.335405 0.698565 0.335397 0.699006 0.335112 0.699775 0.334594 0.700756 0.333920 0.720818 0.320014 0.721739 0.319251 0.703410 0.292733 0.690115 0.301937 0.682237 0.307478 0.681296 0.308163 0.680602 0.308693
