0 0.635780 0.515016 0.666662 0.523419 0.667428 0.523526 0.673958 0.500258 0.674251 0.499070 0.674438 0.498063 0.674491 0.497392 0.674402 0.497159 0.668626 0.493923 0.663977 0.492658 0.650033 0.488864 0.643414 0.488728 0.643224 0.488973 0.642935 0.489652 0.642591 0.490661 0.642244 0.491845 0.639981 0.499575
0 0.521535 0.052931 0.536540 0.058493 0.545251 0.061121 0.546249 0.061265 0.546936 0.061180 0.547206 0.060880 0.550944 0.055415 0.552618 0.050898 0.557640 0.037347 0.558366 0.030767 0.558188 0.030269 0.557578 0.029677 0.556627 0.029080 0.555482 0.028569 0.532808 0.020730 0.521635 0.050878
0 0.585507 0.329980 0.585589 0.330344 0.585946 0.331045 0.586525 0.331976 0.587236 0.332997 0.601522 0.352174 0.627450 0.333269 0.627968 0.332408 0.618449 0.319424 0.613578 0.313172 0.612833 0.312216 0.612168 0.311479 0.611684 0.311073 0.611455 0.311060 0.605317 0.313551 0.589749 0.324903
0 0.261611 0.257074 0.261740 0.263698 0.265507 0.277649 0.266763 0.282299 0.269983 0.288077 0.270440 0.288193 0.271298 0.288162 0.272424 0.287990 0.273648 0.287703 0.296521 0.281129 0.288156 0.250151 0.287069 0.249030 0.271558 0.253282 0.264104 0.255681 0.262965 0.256048 0.262091 0.256441 0.261615 0.256802
0 0.739043 0.906306 0.739049 0.906489 0.739429 0.906991 0.740127 0.907737 0.741036 0.908614 0.748439 0.915196 0.760773 0.925713 0.781641 0.901143 0.780438 0.899379 0.761739 0.883264 0.760842 0.882529 0.760166 0.882032 0.759813 0.881850 0.754422 0.885613 0.751307 0.889280 0.741965 0.900279
0 0.212434 0.918700 0.241749 0.932106 0.242885 0.930230 0.253240 0.907782 0.253712 0.906727 0.254031 0.905967 0.254147 0.905615 0.249038 0.901425 0.244663 0.899424 0.231539 0.893422 0.224969 0.892271 0.224839 0.892372 0.224504 0.892920 0.224014 0.893834 0.223444 0.894973 0.222880 0.896164 0.219194 0.903961
0 0.056912 0.064384 0.057116 0.064606 0.057689 0.065148 0.058543 0.065926 0.059548 0.066822 0.067103 0.073432 0.079199 0.083907 0.100150 0.059713 0.098313 0.057690 0.079602 0.041379 0.078744 0.040653 0.078165 0.040199 0.077953 0.040085 0.072434 0.043772 0.059804 0.058358
0 0.800648 0.191600 0.810378 0.204304 0.816405 0.211248 0.817195 0.211931 0.817854 0.212269 0.818281 0.212210 0.824357 0.209579 0.828181 0.206650 0.839654 0.197862 0.843776 0.192682 0.843930 0.192218 0.843762 0.191435 0.843298 0.190452 0.842610 0.189420 0.827553 0.170633 0.802029 0.190184
0 0.383416 0.003975 0.388001 0.035883 0.388400 0.038027 0.412317 0.035284 0.413521 0.035036 0.414521 0.034661 0.415165 0.034218 0.415354 0.033773 0.416032 0.027197 0.415347 0.022429 0.413292 0.008125 0.410787 0.001986 0.410489 0.001578 0.409749 0.001299 0.408682 0.001191 0.399389 0.001786
0 0.469628 0.414269 0.475807 0.416648 0.480588 0.417236 0.494931 0.419000 0.501501 0.418189 0.501533 0.417996 0.501619 0.417348 0.501746 0.416344 0.501896 0.415136 0.504832 0.391159 0.504840 0.390772 0.472846 0.386838 0.470885 0.402853 0.469799 0.412166 0.469688 0.413234 0.469629 0.413973
0 0.216223 0.238428 0.216294 0.239590 0.216459 0.240462 0.216693 0.240913 0.222988 0.242983 0.227792 0.243332 0.242205 0.244376 0.242572 0.244313 0.248961 0.243193 0.249197 0.242669 0.249394 0.241745 0.249522 0.240558 0.250895 0.216211 0.249740 0.215019 0.217589 0.212690 0.216482 0.228818
0 0.339256 0.151428 0.340806 0.167540 0.341760 0.175938 0.341906 0.177221 0.342084 0.178413 0.342267 0.179330 0.342426 0.179834 0.348975 0.180834 0.349135 0.180855 0.363503 0.179496 0.368292 0.179043 0.374482 0.176828 0.374507 0.176354 0.374468 0.175464 0.374372 0.174290 0.371927 0.149890 0.371348 0.148393
0 0.744608 0.682110 0.744647 0.682470 0.748421 0.687901 0.762930 0.700580 0.768828 0.703601 0.769212 0.703613 0.769861 0.703256 0.770678 0.702583 0.777159 0.695906 0.787820 0.683812 0.763547 0.662600 0.762415 0.661768 0.746242 0.679605 0.745472 0.680560 0.744898 0.681439
0 0.189188 0.105990 0.189339 0.106792 0.189644 0.107901 0.197050 0.131411 0.198436 0.133096 0.229042 0.123739 0.224364 0.108437 0.221299 0.099086 0.220857 0.097892 0.220446 0.096928 0.220129 0.096340 0.219955 0.096219 0.213247 0.096502 0.208634 0.097912 0.199409 0.100732 0.194796 0.102143 0.189216 0.105617
0 0.644082 0.378257 0.649460 0.381728 0.654938 0.380199 0.656740 0.378805 0.657151 0.378331 0.657905 0.377301 0.658887 0.375872 0.659947 0.374263 0.660921 0.372721 0.668243 0.360750 0.668945 0.358976 0.668914 0.357068 0.668157 0.355317 0.666786 0.353989 0.665012 0.353287 0.663104 0.353318 0.661353 0.354075 0.659130 0.356086 0.657821 0.357438 0.652760 0.364812
0 0.701762 0.232525 0.702164 0.264527 0.718165 0.264326 0.726425 0.263956 0.727690 0.263899 0.728844 0.263769 0.729709 0.263585 0.730155 0.263374 0.731680 0.256931 0.731620 0.252115 0.731499 0.242481 0.731438 0.237664 0.731377 0.237323 0.729709 0.231029 0.729183 0.230837 0.728254 0.230716 0.727062 0.230684 0.702690 0.231296
0 0.561209 0.719406 0.567086 0.722447 0.571772 0.723560 0.585832 0.726898 0.592453 0.726825 0.592586 0.726808 0.592813 0.726319 0.593099 0.725431 0.595372 0.716752 0.599114 0.701117 0.598687 0.700083 0.567467 0.692670 0.561825 0.715740 0.561550 0.716971 0.561337 0.718100 0.561217 0.718955
0 0.521269 0.805620 0.523038 0.837659 0.523259 0.839207 0.539342 0.838249 0.548514 0.837252 0.549518 0.837022 0.550158 0.836731 0.550336 0.836422 0.551583 0.829914 0.551318 0.825104 0.550787 0.815485 0.550521 0.810676 0.548565 0.804357 0.548257 0.804106 0.547509 0.803922 0.546436 0.803834 0.545200 0.803853
0 0.781665 0.130742 0.783054 0.137311 0.791576 0.154565 0.795875 0.159510 0.796278 0.159455 0.797064 0.159164 0.804945 0.155527 0.819292 0.148440 0.820758 0.146825 0.806520 0.117999 0.785227 0.128251 0.784073 0.128861 0.782996 0.129508 0.782160 0.130093 0.781693 0.130526
0 0.757548 0.532823 0.782858 0.552411 0.784158 0.552651 0.799259 0.533620 0.799961 0.532640 0.800450 0.531798 0.800653 0.531223 0.800538 0.531003 0.796441 0.525802 0.785013 0.516957 0.781203 0.514009 0.775141 0.511348 0.774750 0.511531 0.774121 0.512072 0.773348 0.512888 0.767342 0.520168
0 0.654947 0.321870 0.658323 0.345855 0.658533 0.347047 0.658767 0.348014 0.658991 0.348608 0.659170 0.348739 0.665757 0.349366 0.670520 0.348643 0.684807 0.346474 0.690920 0.343920 0.691055 0.343563 0.691097 0.342774 0.691040 0.341674 0.689927 0.332294 0.687548 0.316327 0.655677 0.321164
0 0.762352 0.635142 0.772023 0.665738 0.773385 0.666466 0.788691 0.661576 0.797088 0.658557 0.797919 0.658165 0.798341 0.657842 0.797954 0.651325 0.797879 0.651025 0.792072 0.632653 0.788611 0.627016 0.788105 0.626985 0.787213 0.627107 0.786072 0.627363 0.784853 0.627713
0 0.341834 0.510451 0.342556 0.510518 0.374631 0.511401 0.375474 0.487395 0.375488 0.486163 0.375457 0.485104 0.375385 0.484380 0.375283 0.484100 0.368910 0.482318 0.349650 0.481788 0.343182 0.483216 0.343038 0.483423 0.342901 0.484089 0.342792 0.485112 0.342728 0.486336 0.342310 0.494343
0 0.687904 0.708750 0.690172 0.714964 0.700975 0.730918 0.705910 0.735340 0.706276 0.735423 0.706993 0.735220 0.707953 0.734762 0.709009 0.734119 0.715918 0.729912 0.729306 0.720924 0.711232 0.694232 0.710359 0.693277 0.690182 0.706452 0.689193 0.707175 0.688413 0.707865 0.687960 0.708418
0 0.018471 0.803515 0.018614 0.804785 0.019232 0.805903 0.020231 0.806700 0.029481 0.809375 0.045799 0.810754 0.056183 0.803650 0.056721 0.797271 0.050940 0.794464 0.049719 0.794113 0.048002 0.793881 0.046048 0.793803 0.030928 0.793403 0.029058 0.793614 0.027411 0.794524 0.025777 0.795542 0.022476 0.797599 0.020808 0.798639 0.019618 0.800130 0.018825 0.802287
0 0.882811 0.852343 0.890598 0.874333 0.891088 0.875546 0.891643 0.876714 0.892179 0.877660 0.892614 0.878240 0.892883 0.878365 0.899598 0.877691 0.917688 0.870984 0.923020 0.867190 0.923103 0.866831 0.922961 0.866052 0.920354 0.857902 0.914838 0.842866 0.912897 0.841187
0 0.565249 0.882367 0.567146 0.888701 0.569605 0.892843 0.576983 0.905269 0.581644 0.909980 0.581907 0.910228 0.582552 0.910191 0.583481 0.909874 0.584553 0.909326 0.591561 0.905741 0.605437 0.897597 0.605052 0.895717 0.588671 0.868125 0.567907 0.879842 0.566859 0.880531 0.565987 0.881252 0.565421 0.881897
0 0.295660 0.645355 0.325779 0.656842 0.326537 0.656230 0.335340 0.633580 0.335753 0.632452 0.336048 0.631532 0.336182 0.630962 0.336134 0.630827 0.330709 0.627036 0.312706 0.620170 0.306129 0.619384 0.305879 0.619697 0.305490 0.620422 0.305023 0.621447 0.301443 0.630271
0 0.917513 0.660057 0.919684 0.666135 0.919933 0.666559 0.922623 0.670554 0.928005 0.678546 0.930696 0.682541 0.935615 0.686972 0.936201 0.687000 0.937105 0.686749 0.938188 0.686259 0.939287 0.685604 0.958784 0.671921 0.940825 0.645253 0.938810 0.644589 0.925536 0.653527 0.918434 0.658890 0.917779 0.659550
0 0.142769 0.250081 0.142994 0.250932 0.143408 0.252042 0.143950 0.253240 0.144534 0.254342 0.145073 0.255180 0.145484 0.255627 0.150950 0.258339 0.153226 0.258877 0.154022 0.259055 0.155373 0.258924 0.157073 0.258506 0.158863 0.257865 0.173681 0.251727 0.175298 0.250957 0.176499 0.250173 0.180518 0.246091 0.178069 0.240177 0.174346 0.237173 0.172879 0.237144 0.166132 0.238131 0.161614 0.240002 0.152576 0.243746 0.148058 0.245618 0.142769 0.249617
0 0.646123 0.149520 0.646156 0.150477 0.646293 0.151677 0.646512 0.152938 0.651462 0.175995 0.682920 0.169672 0.683740 0.168037 0.680526 0.152310 0.678444 0.143750 0.678150 0.142922 0.677882 0.142526 0.671357 0.142177 0.666628 0.143127 0.657171 0.145028 0.652442 0.145979 0.646371 0.148861 0.646198 0.148952
0 0.415703 0.744450 0.446108 0.755160 0.451472 0.739911 0.454613 0.730848 0.454978 0.729757 0.455237 0.728945 0.455351 0.728533 0.449827 0.724881 0.445284 0.723280 0.436198 0.720079 0.431654 0.718479 0.425062 0.717864 0.425039 0.717924 0.424857 0.718437 0.424543 0.719324 0.416051 0.743438
0 0.378939 0.851886 0.379870 0.884108 0.396000 0.883564 0.404144 0.882852 0.405388 0.882743 0.406467 0.882518 0.407215 0.882210 0.407519 0.881867 0.408941 0.875393 0.408384 0.856133 0.406592 0.849767 0.406408 0.849469 0.405763 0.849233 0.404757 0.849095 0.403543 0.849075 0.379379 0.850276
0 0.212541 0.585115 0.212919 0.585545 0.213664 0.586138 0.214661 0.586801 0.235489 0.599398 0.236698 0.598944 0.253550 0.571735 0.239945 0.563309 0.232838 0.559164 0.231748 0.558529 0.230731 0.558010 0.229939 0.557687 0.229494 0.557609 0.224747 0.562224 0.217138 0.574510 0.214602 0.578605 0.212585 0.584911
0 0.349301 0.628316 0.377712 0.643546 0.378218 0.642990 0.389733 0.621631 0.390297 0.620566 0.390741 0.619697 0.390999 0.619155 0.391029 0.619025 0.386129 0.614573 0.381884 0.612297 0.373393 0.607745 0.369148 0.605470 0.362726 0.603852 0.362500 0.604140 0.362076 0.604816 0.361518 0.605779 0.356945 0.614089
0 0.536208 0.165250 0.536484 0.167111 0.537452 0.168725 0.538964 0.169846 0.540789 0.170303 0.548594 0.172202 0.564577 0.172985 0.566088 0.165334 0.566409 0.158792 0.562652 0.156684 0.561663 0.156243 0.560122 0.155904 0.558264 0.155720 0.556376 0.155720 0.541838 0.155928 0.539950 0.156208 0.538314 0.157189 0.537178 0.158722 0.536714 0.160573 0.536586 0.161754 0.536333 0.164092
0 0.634090 0.073424 0.634386 0.079818 0.666356 0.078337 0.668280 0.073461 0.669322 0.068723 0.669417 0.067691 0.669454 0.066415 0.669426 0.065090 0.669338 0.063920 0.669204 0.063083 0.669043 0.062707 0.662535 0.061310 0.657649 0.061536 0.642992 0.062215 0.636486 0.064216 0.636353 0.064356
0 0.956456 0.255043 0.982596 0.273652 0.984885 0.272516 0.994130 0.259437 0.998777 0.252255 0.999120 0.251542 0.999137 0.251177 0.994975 0.246123 0.979258 0.234934 0.972953 0.232536 0.972665 0.232590 0.972098 0.233041 0.971337 0.233818 0.970500 0.234804 0.969711 0.235848
0 0.273652 0.391482 0.274292 0.398074 0.275903 0.402613 0.280737 0.416231 0.284394 0.421745 0.284834 0.421724 0.285664 0.421543 0.286759 0.421229 0.287952 0.420830 0.310292 0.412675 0.299558 0.382436 0.298527 0.381933 0.283385 0.387348 0.274987 0.390602 0.274131 0.391003 0.273662 0.391312
