0 0.481812 0.420236 0.481922 0.420416 0.481935 0.420420 0.482043 0.420448 0.482121 0.420468 0.482804 0.420642 0.486217 0.421510 0.488947 0.422204 0.489487 0.422341 0.489823 0.422426 0.489842 0.422430 0.489865 0.422431 0.490051 0.422320 0.490120 0.422047 0.481921 0.419962 0.481882 0.419962
0 0.567571 0.596275 0.567747 0.596423 0.567803 0.596463 0.568318 0.596755 0.570379 0.597922 0.572956 0.599381 0.573472 0.599673 0.573534 0.599700 0.573754 0.599776 0.573854 0.599599 0.574145 0.599077 0.567958 0.595574 0.567858 0.595752
0 0.706592 0.746325 0.710293 0.750654 0.711086 0.750151 0.711094 0.750051 0.707392 0.745721 0.706600 0.746226
0 0.538113 0.581193 0.538352 0.582138 0.538406 0.582174 0.544033 0.580428 0.543793 0.579482 0.543740 0.579446
0 0.100169 0.416510 0.111348 0.446740 0.113129 0.446984 0.293673 0.380214 0.282545 0.350123 0.281543 0.349433
0 0.464167 0.360631 0.464239 0.360877 0.465563 0.360927 0.469104 0.355791 0.469032 0.355544 0.468602 0.355486 0.467938 0.355459 0.467855 0.355466 0.467703 0.355491
0 0.669580 0.547621 0.679535 0.739391 0.680359 0.740490 0.712468 0.738823 0.702467 0.546173 0.701542 0.545962
0 0.509896 0.450938 0.509978 0.451005 0.510799 0.451549 0.514624 0.446046 0.514543 0.445979 0.513720 0.445436
0 0.556987 0.611463 0.558720 0.616538 0.559805 0.616524 0.559861 0.616364 0.558130 0.611288 0.557043 0.611304
0 0.575332 0.532525 0.646898 0.711222 0.647574 0.712195 0.677494 0.700212 0.605600 0.520692 0.605115 0.520597
0 0.488699 0.541442 0.489084 0.542491 0.495384 0.540186 0.495386 0.540170 0.495001 0.539122 0.488700 0.541427
0 0.483402 0.618820 0.483405 0.618894 0.486860 0.621609 0.487378 0.621094 0.487376 0.621021 0.483920 0.618307
0 0.493702 0.476605 0.495009 0.479898 0.495558 0.480431 0.495705 0.480320 0.495681 0.480096 0.495675 0.480070 0.494914 0.478151 0.494478 0.477052 0.494459 0.477014 0.494430 0.476970 0.494396 0.476926 0.494362 0.476889 0.494088 0.476622 0.494059 0.476598 0.493850 0.476493
0 0.501616 0.473037 0.501912 0.473982 0.502091 0.473951 0.504433 0.471832 0.504430 0.471730 0.504428 0.471673 0.504416 0.471615 0.504268 0.471144 0.504247 0.471094 0.504138 0.470890 0.503960 0.470922
0 0.496971 0.572544 0.524714 0.763448 0.556532 0.758824 0.528789 0.567920 0.528657 0.567609 0.496985 0.572212
0 0.175547 0.812176 0.294395 0.964726 0.319820 0.944919 0.320646 0.942879 0.202343 0.791028 0.177035 0.810745
0 0.526457 0.492238 0.526789 0.493465 0.533903 0.492634 0.534003 0.492537 0.533672 0.491307 0.526558 0.492141
0 0.454639 0.654528 0.454833 0.654594 0.455017 0.654410 0.455039 0.654375 0.455628 0.653261 0.456807 0.651030 0.457200 0.650285 0.457223 0.650234 0.457244 0.650176 0.457259 0.650119 0.457266 0.650072 0.457289 0.649735 0.457287 0.649705 0.457236 0.649457 0.457041 0.649391 0.454686 0.653853
0 0.308487 0.487241 0.308533 0.487357 0.315355 0.489881 0.315930 0.488817 0.315883 0.488701 0.309062 0.486174
0 0.513961 0.548708 0.520693 0.551822 0.520802 0.551671 0.521002 0.550802 0.520759 0.550679 0.520197 0.550419 0.519073 0.549899 0.516828 0.548861 0.515145 0.548083 0.514584 0.547824 0.514266 0.547688 0.514157 0.547838
0 0.474392 0.493326 0.474428 0.493544 0.474690 0.493680 0.474980 0.493786 0.475024 0.493795 0.475084 0.493794 0.475151 0.493785 0.475214 0.493769 0.475706 0.493607 0.478163 0.492796 0.480125 0.492148 0.480615 0.491986 0.480664 0.491965 0.480899 0.491811 0.480863 0.491594 0.480281 0.491384
0 0.436591 0.515687 0.444714 0.519682 0.444881 0.519733 0.445582 0.518152 0.437462 0.514150 0.437296 0.514100
0 0.263637 0.291526 0.343586 0.467607 0.344303 0.467756 0.373515 0.454492 0.293932 0.279219 0.292984 0.278202
0 0.577048 0.505133 0.577098 0.505279 0.577668 0.506434 0.585866 0.502733 0.585817 0.502587 0.585242 0.501433
0 0.495816 0.621849 0.495820 0.622136 0.496163 0.622384 0.497000 0.622905 0.500364 0.624997 0.500787 0.625259 0.500850 0.625285 0.500934 0.625299 0.501026 0.625299 0.501112 0.625285 0.501774 0.625108 0.501840 0.625081 0.502188 0.624918 0.502184 0.624629 0.497136 0.621498
0 0.559688 0.594908 0.560287 0.595593 0.565132 0.593899 0.565182 0.593754 0.564582 0.593071 0.559737 0.594762
0 0.413799 0.542777 0.418382 0.545648 0.418871 0.544954 0.418887 0.544886 0.414305 0.542015 0.413815 0.542708
