0 0.500397 0.553660 0.500474 0.553875 0.500487 0.553889 0.502524 0.555855 0.502593 0.555917 0.502638 0.555956 0.502682 0.555993 0.502977 0.556239 0.503055 0.556303 0.503076 0.556319 0.503080 0.556320 0.503298 0.556370 0.503431 0.556216 0.501211 0.554071 0.500531 0.553505
0 0.483823 0.445560 0.484094 0.445928 0.484630 0.445885 0.484683 0.445873 0.485283 0.445640 0.487079 0.444942 0.491241 0.443324 0.491325 0.443282 0.491430 0.443217 0.491538 0.443137 0.491634 0.443056 0.492356 0.442392 0.492425 0.442321 0.492457 0.442272 0.492692 0.441821 0.492422 0.441456 0.485270 0.444224
0 0.582473 0.734755 0.582855 0.735845 0.593777 0.766421 0.777236 0.700893 0.766315 0.670317 0.765086 0.669530
0 0.344140 0.124059 0.344855 0.125781 0.455955 0.282979 0.482154 0.264462 0.482072 0.263378 0.370460 0.105456
0 0.491213 0.405530 0.491542 0.406435 0.491568 0.406456 0.496994 0.404392 0.496665 0.403488 0.496639 0.403466
0 0.530241 0.425547 0.530261 0.425682 0.530305 0.425762 0.530315 0.425776 0.530335 0.425798 0.530361 0.425825 0.530389 0.425851 0.530415 0.425875 0.531102 0.426505 0.531340 0.426723 0.532053 0.427376 0.532528 0.427811 0.533003 0.428246 0.533029 0.428269 0.533050 0.428285 0.533061 0.428291 0.533180 0.428320 0.533272 0.428224 0.533184 0.428062 0.530333 0.425451
0 0.832413 0.852470 0.832654 0.855541 0.840436 0.863859 0.846448 0.866462 0.924520 0.686115 0.914815 0.681860 0.908941 0.679318 0.905324 0.682795 0.904402 0.684092 0.903564 0.685734 0.858961 0.788766 0.833474 0.847642 0.832829 0.849424 0.832457 0.851118
0 0.380449 0.351470 0.386254 0.383256 0.576826 0.351129 0.571925 0.319190 0.571381 0.318699 0.380767 0.350834
0 0.653646 0.502539 0.698344 0.689772 0.699257 0.690646 0.730606 0.683162 0.685703 0.495066 0.684852 0.495089
0 0.549932 0.732821 0.550577 0.733896 0.550681 0.733909 0.556585 0.729517 0.555936 0.728443 0.555834 0.728429
0 0.414892 0.547896 0.417665 0.551957 0.418500 0.551602 0.418507 0.551488 0.415733 0.547429 0.414899 0.547782
0 0.510695 0.447274 0.510754 0.447451 0.510927 0.447458 0.510972 0.447457 0.511025 0.447446 0.511497 0.447317 0.513386 0.446800 0.515745 0.446154 0.516216 0.446025 0.516271 0.446006 0.516319 0.445982 0.516352 0.445956 0.516416 0.445901 0.516466 0.445547 0.516407 0.445370 0.510741 0.446920
0 0.523991 0.581740 0.718825 0.590100 0.720143 0.557617 0.719590 0.557239 0.525550 0.549233 0.525206 0.549571
0 0.237439 0.285183 0.304640 0.466513 0.305535 0.466666 0.335618 0.455517 0.268725 0.275019 0.267660 0.273983
0 0.623225 0.686098 0.623792 0.686955 0.788348 0.788531 0.805277 0.761105 0.803878 0.759908 0.640076 0.658798
0 0.468232 0.562903 0.468692 0.563505 0.468784 0.563621 0.473789 0.559702 0.473332 0.559098 0.473239 0.558983 0.473027 0.559145 0.471775 0.560125 0.470941 0.560778 0.468438 0.562738
0 0.402238 0.552894 0.403376 0.557126 0.403455 0.557212 0.404256 0.556829 0.403116 0.552597 0.403037 0.552510
0 0.251443 0.312269 0.251733 0.313444 0.387582 0.453376 0.410609 0.431239 0.411045 0.430613 0.275160 0.290274
0 0.471786 0.502538 0.471948 0.502622 0.472415 0.502513 0.472448 0.502480 0.472481 0.502446 0.472512 0.502399 0.472536 0.502347 0.472700 0.501902 0.474330 0.497465 0.474343 0.497415 0.474372 0.497187 0.474211 0.497102 0.473743 0.497215
0 0.514254 0.552993 0.520665 0.554944 0.521389 0.554895 0.521438 0.554641 0.521206 0.554466 0.521178 0.554449 0.521125 0.554430 0.520592 0.554267 0.519525 0.553942 0.515782 0.552802 0.515246 0.552639 0.515176 0.552621 0.515101 0.552607 0.515031 0.552599 0.514977 0.552598 0.514616 0.552623 0.514587 0.552630 0.514303 0.552739
0 0.479861 0.152462 0.479871 0.152622 0.479979 0.152798 0.479998 0.152813 0.480049 0.152836 0.480126 0.152863 0.480216 0.152891 0.481785 0.153346 0.488057 0.155164 0.488841 0.155391 0.488930 0.155415 0.489006 0.155432 0.489056 0.155438 0.489073 0.155434 0.489281 0.155350 0.489370 0.155029 0.489349 0.154865 0.479949 0.152140
0 0.447835 0.311698 0.448074 0.312561 0.469855 0.336117 0.611189 0.205430 0.611701 0.204073 0.589819 0.180409
0 0.459158 0.627779 0.462426 0.633018 0.463207 0.632598 0.463288 0.632523 0.460020 0.627286 0.459238 0.627703
0 0.515960 0.471261 0.516353 0.471816 0.520705 0.473359 0.520811 0.473206 0.520711 0.472989 0.520696 0.472960 0.520499 0.472683 0.520468 0.472648 0.520425 0.472613 0.520377 0.472583 0.520331 0.472561 0.516343 0.471146 0.516305 0.471138 0.516065 0.471108
0 0.223383 0.310372 0.223815 0.311560 0.391214 0.416001 0.408184 0.388828 0.408604 0.388012 0.241062 0.283014
0 0.656552 0.268426 0.659149 0.274983 0.659457 0.275036 0.659706 0.274683 0.659750 0.274618 0.660094 0.273943 0.660128 0.273853 0.660148 0.273752 0.660149 0.273655 0.660132 0.273578 0.659918 0.273033 0.657758 0.267562 0.657554 0.267124 0.657244 0.267072
0 0.108640 0.414863 0.137018 0.430142 0.138682 0.430462 0.229937 0.260972 0.228693 0.259871 0.200315 0.244593
0 0.497591 0.551340 0.498055 0.552086 0.498076 0.552119 0.502655 0.549263 0.502193 0.548516 0.502171 0.548484
0 0.330277 0.795630 0.503795 0.879926 0.517844 0.851006 0.517762 0.849401 0.345038 0.765491 0.344327 0.766710
