0 0.319312 0.573126 0.327902 0.604109 0.513800 0.552573 0.513737 0.552332 0.505187 0.521491 0.320139 0.572791
0 0.514670 0.558926 0.515761 0.563571 0.516594 0.563659 0.516675 0.563553 0.515582 0.558909 0.514751 0.558819
0 0.191350 0.801413 0.218628 0.818580 0.219918 0.817120 0.322444 0.654201 0.295291 0.637113 0.294349 0.637744
0 0.283533 0.417743 0.460790 0.493862 0.460969 0.493890 0.473597 0.464483 0.473476 0.464319 0.296219 0.388201
0 0.624818 0.302304 0.711580 0.474137 0.712554 0.474018 0.741325 0.459491 0.654164 0.286866 0.625393 0.301394
0 0.516039 0.471822 0.516091 0.472041 0.516106 0.472083 0.516290 0.472470 0.517394 0.474790 0.517947 0.475951 0.518132 0.476339 0.518158 0.476385 0.518192 0.476427 0.518228 0.476459 0.518261 0.476476 0.518508 0.476548 0.518743 0.476607 0.518884 0.476506 0.516674 0.471865 0.516180 0.471721
0 0.584883 0.417293 0.585187 0.419048 0.595986 0.417494 0.596019 0.417403 0.595718 0.415645 0.584919 0.417202
0 0.467461 0.495033 0.467592 0.495103 0.472185 0.496360 0.472574 0.495359 0.472443 0.495289 0.467849 0.494034
0 0.528527 0.518779 0.528650 0.518917 0.532476 0.516301 0.532799 0.515830 0.532675 0.515691 0.532450 0.515753 0.532417 0.515773 0.529548 0.517736 0.529230 0.517954 0.528912 0.518172 0.528871 0.518202 0.528830 0.518239 0.528793 0.518276 0.528768 0.518308 0.528605 0.518543 0.528594 0.518566
0 0.513381 0.563285 0.515125 0.574604 0.516743 0.574598 0.516952 0.574496 0.515210 0.563171 0.513591 0.563186
0 0.118481 0.485150 0.135753 0.512225 0.137739 0.512024 0.297663 0.407827 0.280310 0.380691 0.278967 0.380286
0 0.034429 0.134968 0.177964 0.264560 0.179440 0.265639 0.200940 0.241826 0.058062 0.112828 0.056027 0.111046
0 0.435333 0.443203 0.436441 0.448457 0.436474 0.448470 0.437340 0.448273 0.436231 0.443019 0.436199 0.443005
0 0.551825 0.471369 0.552000 0.471494 0.552137 0.471464 0.555844 0.466177 0.555669 0.466052 0.555480 0.466080 0.555413 0.466093 0.555399 0.466104 0.555372 0.466134 0.555337 0.466178 0.555300 0.466229 0.554063 0.467993 0.552209 0.470638 0.551900 0.471079 0.551866 0.471129 0.551840 0.471171 0.551827 0.471198
0 0.535031 0.567529 0.535164 0.567617 0.538854 0.565333 0.538938 0.564632 0.538804 0.564544 0.538571 0.564662 0.537647 0.565234 0.537032 0.565615 0.535190 0.566757 0.535154 0.566787 0.535116 0.566829 0.535097 0.566874 0.535085 0.566919 0.535043 0.567269
0 0.247983 0.255642 0.249139 0.256762 0.275985 0.274328 0.381382 0.113252 0.380836 0.111471 0.353866 0.093824
0 0.156638 0.272739 0.157884 0.274158 0.189541 0.281996 0.237345 0.097789 0.236476 0.095577 0.205011 0.087619
0 0.547553 0.329164 0.571833 0.350134 0.697652 0.204449 0.698562 0.203088 0.674169 0.182022 0.547772 0.328378
0 0.387043 0.426638 0.387090 0.426769 0.387099 0.426786 0.387117 0.426810 0.387487 0.427255 0.388227 0.428144 0.389151 0.429253 0.389176 0.429280 0.389203 0.429306 0.389229 0.429327 0.389250 0.429340 0.389394 0.429407 0.389550 0.429437 0.389639 0.429347 0.387420 0.426681 0.387133 0.426548
0 0.059287 0.265371 0.134355 0.443588 0.136031 0.443846 0.165597 0.431392 0.090873 0.253992 0.088989 0.252859
0 0.407036 0.315985 0.407089 0.316148 0.407564 0.316876 0.407812 0.316762 0.410488 0.315480 0.412627 0.314455 0.413696 0.313942 0.413984 0.313800 0.413932 0.313636 0.413454 0.312910
0 0.519851 0.294775 0.521083 0.296819 0.541621 0.318971 0.687031 0.188820 0.686528 0.186269 0.664890 0.164731
0 0.797069 0.417347 0.883912 0.589139 0.885680 0.589550 0.914443 0.575009 0.827201 0.402426 0.825701 0.402873
0 0.528906 0.805141 0.529039 0.806546 0.703562 0.889842 0.717444 0.860755 0.716448 0.859102 0.542725 0.776188
0 0.433302 0.526670 0.433718 0.527570 0.433909 0.527604 0.437838 0.522707 0.437425 0.521807 0.437235 0.521774 0.437011 0.522049 0.435375 0.524086 0.433735 0.526129 0.433407 0.526538
0 0.254849 0.381404 0.255972 0.381948 0.447065 0.405143 0.450931 0.373294 0.450705 0.372710 0.258733 0.349409
0 0.550658 0.422682 0.550711 0.422807 0.551610 0.423419 0.556491 0.418122 0.556439 0.417997 0.555539 0.417387
0 0.520870 0.605805 0.524905 0.610634 0.525188 0.610760 0.525445 0.610445 0.525506 0.610367 0.525974 0.609608 0.526021 0.609512 0.526125 0.609242 0.522097 0.604405 0.521813 0.604279
0 0.021435 0.269384 0.095749 0.447916 0.097602 0.448154 0.127220 0.435825 0.053247 0.258111 0.051190 0.256998
0 0.485713 0.556884 0.485725 0.556989 0.485751 0.557106 0.486028 0.558102 0.486065 0.558213 0.486108 0.558302 0.486149 0.558354 0.486325 0.558571 0.486713 0.558469 0.489566 0.556929 0.489007 0.554921 0.488616 0.555024 0.485771 0.556580 0.485718 0.556806
0 0.460371 0.589322 0.460459 0.589728 0.460578 0.589883 0.465725 0.586403 0.465633 0.585999 0.465515 0.585844 0.465342 0.585903 0.465297 0.585919 0.465247 0.585947 0.463960 0.586817 0.463531 0.587107 0.460959 0.588846 0.460531 0.589136 0.460483 0.589174 0.460444 0.589215
0 0.695554 0.449492 0.695698 0.449551 0.695850 0.449427 0.695868 0.449406 0.697212 0.447469 0.697715 0.446744 0.697735 0.446710 0.697754 0.446668 0.697770 0.446626 0.697779 0.446588 0.697826 0.446310 0.697828 0.446283 0.697807 0.446091 0.697663 0.446032 0.695647 0.448935
0 0.456108 0.471986 0.456446 0.472784 0.461372 0.471144 0.461401 0.471082 0.461063 0.470283 0.456137 0.471924
