0 0.725848 0.422216 0.752342 0.440366 0.753096 0.440557 0.866759 0.278909 0.839763 0.260474 0.838599 0.261113
0 0.778076 0.596845 0.791257 0.626094 0.792598 0.626675 0.968903 0.547221 0.955661 0.517837 0.953572 0.517754
0 0.551927 0.462642 0.552087 0.463045 0.552485 0.463098 0.552526 0.463095 0.552606 0.463074 0.552714 0.463038 0.559627 0.460526 0.563589 0.459086 0.563708 0.459040 0.563820 0.458991 0.563907 0.458947 0.563957 0.458915 0.564190 0.458706 0.564420 0.458315 0.564261 0.457911 0.552411 0.462219
0 0.453981 0.716734 0.482459 0.731826 0.573010 0.560955 0.572675 0.560675 0.544327 0.545653 0.454191 0.715741
0 0.240307 0.737763 0.270930 0.747815 0.271980 0.746679 0.332019 0.563787 0.301537 0.553781 0.300624 0.554028
0 0.442829 0.590649 0.443490 0.591332 0.447253 0.587731 0.447307 0.587674 0.446645 0.586990 0.442884 0.590592
0 0.489345 0.401610 0.489380 0.401992 0.489494 0.402494 0.489517 0.402558 0.489555 0.402625 0.489604 0.402685 0.489656 0.402729 0.491370 0.403853 0.494380 0.405826 0.494726 0.405993 0.494928 0.405852 0.494704 0.404846 0.489547 0.401470
0 0.502198 0.719348 0.502323 0.719548 0.502916 0.719810 0.503037 0.719762 0.503103 0.719731 0.503165 0.719688 0.504133 0.718880 0.505583 0.717669 0.506549 0.716862 0.507997 0.715652 0.508479 0.715249 0.508527 0.715200 0.508713 0.714968 0.508588 0.714768 0.507992 0.714510
0 0.498140 0.480803 0.498142 0.480927 0.503089 0.482751 0.503513 0.482136 0.503509 0.482012 0.498562 0.480186
0 0.038495 0.710412 0.053020 0.739096 0.225123 0.651950 0.226380 0.651255 0.211922 0.622703 0.210599 0.623267
0 0.099462 0.625832 0.130450 0.634401 0.132237 0.633427 0.180766 0.448245 0.149670 0.439647 0.147949 0.439733
0 0.479334 0.439902 0.479350 0.440269 0.481600 0.446568 0.481821 0.446496 0.481898 0.446262 0.481890 0.446080 0.481885 0.446047 0.481872 0.445996 0.481853 0.445933 0.481832 0.445868 0.481081 0.443765 0.479768 0.440090 0.479746 0.440034 0.479728 0.439995 0.479717 0.439979 0.479555 0.439830
0 0.013947 0.212289 0.016174 0.213608 0.206080 0.245074 0.211324 0.213422 0.209995 0.212103 0.019214 0.180492
0 0.033266 0.496251 0.218499 0.558252 0.219899 0.557618 0.229808 0.527013 0.045187 0.465202 0.042972 0.465407
0 0.140891 0.725868 0.201689 0.909443 0.232286 0.899309 0.233512 0.897479 0.172992 0.714746 0.142536 0.724833
0 0.434705 0.542048 0.434761 0.542071 0.435940 0.542176 0.436730 0.534930 0.436674 0.534906 0.435495 0.534801
0 0.497128 0.468527 0.497459 0.469691 0.503039 0.468197 0.503178 0.468153 0.502848 0.466993 0.497267 0.468483
0 0.064360 0.437177 0.092223 0.453376 0.094092 0.453589 0.190840 0.287174 0.189417 0.286194 0.161553 0.269995
0 0.081380 0.272032 0.119333 0.466085 0.152020 0.460531 0.152376 0.460010 0.115384 0.267475 0.114851 0.267125
0 0.706795 0.258352 0.848196 0.388276 0.849795 0.387763 0.871549 0.364088 0.729498 0.233567 0.707744 0.257242
0 0.666238 0.208958 0.670911 0.240620 0.860881 0.212581 0.862538 0.211261 0.857844 0.179454 0.667002 0.207621
0 0.631202 0.602703 0.631350 0.602882 0.631412 0.602950 0.631990 0.603454 0.632357 0.603711 0.632565 0.603548 0.634499 0.598089 0.633350 0.597085 0.633143 0.597248
0 0.655496 1.000000 0.728244 1.000000 0.734724 0.996487 0.736003 0.995101 0.784314 0.920151 0.783014 0.918230 0.755714 0.901527
0 0.537842 0.530823 0.541338 0.534963 0.541974 0.534451 0.542028 0.534395 0.538532 0.530254 0.537896 0.530767
0 0.514683 0.542048 0.514791 0.544056 0.522292 0.548149 0.522655 0.548031 0.522696 0.547395 0.522644 0.546384 0.522624 0.546261 0.522551 0.546010 0.515045 0.541931
0 0.476909 0.403713 0.481394 0.407814 0.481524 0.407761 0.481947 0.406970 0.477465 0.402869 0.477335 0.402923
0 0.436215 0.682295 0.491021 0.865623 0.521943 0.857277 0.522130 0.855102 0.467790 0.672236 0.436798 0.680908
0 0.478007 0.367464 0.478240 0.367539 0.479649 0.367621 0.481439 0.356703 0.481207 0.356626 0.479796 0.356553
0 0.569936 0.554356 0.572955 0.559073 0.573364 0.559126 0.573510 0.559012 0.573456 0.558830 0.573444 0.558793 0.573420 0.558749 0.572917 0.557962 0.571156 0.555213 0.570653 0.554428 0.570620 0.554382 0.570582 0.554342 0.570545 0.554314 0.570516 0.554302 0.570491 0.554298 0.570311 0.554273 0.570081 0.554242
0 0.519259 0.541533 0.519395 0.541642 0.519971 0.541544 0.520016 0.541501 0.520054 0.541459 0.520082 0.541412 0.520472 0.540612 0.522031 0.537408 0.522226 0.537007 0.522242 0.536962 0.522309 0.536739 0.522173 0.536631 0.521597 0.536726
0 0.580660 0.614668 0.580824 0.614797 0.581986 0.614543 0.583042 0.606970 0.582877 0.606842 0.581713 0.607093
0 0.510520 0.390099 0.510980 0.390420 0.511056 0.390473 0.511875 0.390888 0.513516 0.391719 0.520110 0.395056 0.520223 0.395098 0.520354 0.395121 0.520483 0.395123 0.520590 0.395103 0.521364 0.394840 0.521945 0.394573 0.522001 0.394160 0.512123 0.389171 0.510574 0.389688
0 0.437871 0.625270 0.438651 0.626053 0.443024 0.621865 0.443083 0.621793 0.442302 0.621009 0.437930 0.625197
0 0.502557 0.443179 0.502636 0.443355 0.502905 0.443418 0.503209 0.443467 0.503252 0.443467 0.503306 0.443454 0.503362 0.443430 0.503412 0.443400 0.507141 0.440651 0.507514 0.440376 0.507549 0.440344 0.507719 0.440155 0.507639 0.439979 0.507030 0.439883
0 0.483778 0.606829 0.486639 0.612798 0.486935 0.612814 0.487127 0.612464 0.487159 0.612402 0.487387 0.611760 0.487407 0.611675 0.487414 0.611580 0.487406 0.611491 0.487384 0.611419 0.486910 0.610427 0.485721 0.607941 0.485244 0.606944 0.484766 0.605945 0.484535 0.605559 0.484238 0.605544
0 0.177630 0.498212 0.202324 0.518802 0.203685 0.518716 0.326659 0.371231 0.302077 0.350735 0.301169 0.350050
0 0.404869 0.347368 0.405156 0.347828 0.405625 0.347920 0.405805 0.347902 0.405984 0.347884 0.406700 0.347811 0.407586 0.347720 0.407632 0.347702 0.407722 0.347654 0.407842 0.347584 0.407975 0.347502 0.409093 0.346794 0.409217 0.346713 0.409315 0.346645 0.409371 0.346600 0.409536 0.346194 0.409253 0.345738 0.407130 0.345934
