0 0.659823 0.753205 0.663748 0.784968 0.664500 0.786277 0.855953 0.762619 0.852011 0.730710 0.850401 0.729655
0 0.276423 0.317476 0.276965 0.318052 0.452972 0.401066 0.453241 0.400877 0.466841 0.371731 0.290163 0.287972
0 0.419066 0.204537 0.425887 0.207560 0.426024 0.207566 0.426452 0.206240 0.419632 0.203211 0.419496 0.203206
0 0.486108 0.481533 0.486221 0.481673 0.486461 0.481650 0.486715 0.481574 0.486750 0.481558 0.486792 0.481532 0.486835 0.481498 0.486871 0.481462 0.487137 0.481168 0.488202 0.479990 0.489795 0.478226 0.489820 0.478194 0.489919 0.477989 0.489808 0.477850 0.489299 0.478004
0 0.673857 0.495301 0.676096 0.500304 0.676970 0.499969 0.676982 0.499911 0.674744 0.494907 0.673870 0.495243
0 0.514974 0.000000 0.522334 0.007550 0.522586 0.007399 0.523630 0.006289 0.523353 0.005894 0.520286 0.001633 0.519672 0.000780 0.519117 0.000038 0.519058 0.000000
0 0.025720 0.712332 0.169660 0.840765 0.171171 0.839207 0.192478 0.815327 0.049196 0.687481 0.047125 0.688342
0 0.449071 0.282268 0.450214 0.283891 0.453406 0.286070 0.453728 0.285822 0.453671 0.285441 0.453660 0.285407 0.453622 0.285340 0.453563 0.285252 0.452995 0.284447 0.452924 0.284351 0.452852 0.284260 0.452789 0.284190 0.452746 0.284151 0.451686 0.283423 0.450085 0.282324 0.449816 0.282140 0.449395 0.282018
0 0.495258 0.590774 0.495342 0.590875 0.496404 0.591053 0.498625 0.584589 0.498542 0.584488 0.497480 0.584312
0 0.743846 0.466289 0.815623 0.644398 0.817073 0.645061 0.846894 0.633043 0.774787 0.454117 0.773531 0.454326
0 0.315388 0.034138 0.316232 0.036268 0.455085 0.168912 0.477192 0.145770 0.477088 0.144143 0.337597 0.010890
0 0.084269 0.258696 0.194230 0.422961 0.195288 0.422802 0.222140 0.405384 0.113056 0.241645 0.111603 0.240967
0 0.463270 0.493102 0.463410 0.493221 0.466659 0.490175 0.466942 0.489675 0.466802 0.489556 0.466610 0.489638 0.466593 0.489646 0.466565 0.489669 0.466024 0.490176 0.465483 0.490683 0.464128 0.491953 0.463857 0.492207 0.463586 0.492461 0.463551 0.492496 0.463516 0.492537 0.463484 0.492578 0.463462 0.492613 0.463321 0.492862 0.463311 0.492885
0 0.454364 0.544469 0.454367 0.544498 0.454436 0.544866 0.454448 0.544921 0.454467 0.544994 0.454490 0.545073 0.454514 0.545147 0.454892 0.546283 0.455270 0.547418 0.456025 0.549684 0.456402 0.550815 0.456591 0.551381 0.456611 0.551437 0.456624 0.551468 0.456842 0.551695 0.457111 0.551617 0.456972 0.550878 0.454709 0.544080 0.454439 0.544159
0 0.540761 0.241370 0.541228 0.241700 0.541332 0.241751 0.541478 0.241798 0.542844 0.242153 0.543011 0.242188 0.543174 0.242206 0.543307 0.242204 0.543390 0.242182 0.543846 0.241923 0.544761 0.241403 0.545220 0.241142 0.548457 0.239301 0.549024 0.238935 0.549131 0.238360 0.546370 0.237639 0.540868 0.240802
0 0.111223 0.309056 0.128971 0.335960 0.130671 0.336711 0.291355 0.230717 0.273689 0.203936 0.272647 0.202573
0 0.284763 0.391673 0.313059 0.407105 0.313916 0.407530 0.406083 0.238535 0.405651 0.237331 0.377355 0.221899
0 0.503604 0.819312 0.504213 0.820370 0.510337 0.817141 0.510387 0.817066 0.509776 0.816007 0.503655 0.819236
0 0.464165 0.733646 0.477186 0.740576 0.477411 0.740199 0.477753 0.739025 0.477417 0.738733 0.477296 0.738654 0.476213 0.738077 0.472963 0.736347 0.471879 0.735770 0.465376 0.732309 0.465248 0.732256 0.464752 0.732105 0.464529 0.732482
0 0.545495 0.215536 0.545561 0.215670 0.545725 0.215690 0.545737 0.215690 0.545903 0.215661 0.545928 0.215653 0.545963 0.215639 0.546002 0.215619 0.546039 0.215598 0.546619 0.215242 0.546909 0.215064 0.547780 0.214529 0.548361 0.214172 0.548942 0.213815 0.549233 0.213636 0.549263 0.213616 0.549280 0.213601 0.549376 0.213470 0.549310 0.213336 0.548980 0.213394
0 0.647290 0.530006 0.652720 0.532160 0.652752 0.532119 0.653082 0.531240 0.647651 0.529086 0.647619 0.529127
0 0.513857 0.520754 0.513927 0.520847 0.514733 0.520861 0.516074 0.516201 0.516004 0.516108 0.515200 0.516096
0 0.444958 0.540576 0.445230 0.540960 0.458086 0.536154 0.458664 0.534599 0.458392 0.534212 0.457769 0.534335 0.457652 0.534363 0.452288 0.536372 0.446946 0.538373 0.445881 0.538772 0.445752 0.538836 0.445629 0.538925 0.445530 0.539027 0.445472 0.539125 0.445175 0.539902
0 0.581468 0.476281 0.590219 0.482265 0.591535 0.481329 0.591565 0.481047 0.582813 0.475055 0.581500 0.476000
0 0.500295 0.367894 0.510114 0.374253 0.511223 0.372697 0.511228 0.372571 0.501407 0.366213 0.500296 0.367766
0 0.640024 0.411529 0.640229 0.411645 0.640410 0.411601 0.640437 0.411593 0.640447 0.411580 0.640469 0.411546 0.640499 0.411496 0.640534 0.411436 0.640829 0.410922 0.642895 0.407320 0.643814 0.405717 0.643857 0.405635 0.643860 0.405624 0.643824 0.405454 0.643619 0.405338 0.643563 0.405358
0 0.548536 0.493461 0.552963 0.495981 0.553514 0.495862 0.553571 0.495691 0.553397 0.495531 0.553361 0.495506 0.549673 0.493407 0.549304 0.493198 0.549256 0.493175 0.549202 0.493158 0.549151 0.493150 0.549111 0.493152 0.548835 0.493211 0.548593 0.493289
0 0.464912 0.254505 0.465073 0.255630 0.650633 0.306837 0.651326 0.305947 0.659900 0.274878 0.473486 0.223436
