0 0.468371 0.624543 0.469692 0.625469 0.479374 0.628697 0.479577 0.628283 0.479251 0.627823 0.479194 0.627776 0.478535 0.627311 0.478441 0.627251 0.478324 0.627189 0.478202 0.627132 0.478093 0.627090 0.472431 0.625207 0.470822 0.624672 0.469216 0.624138 0.469139 0.624118 0.468575 0.624131
0 0.674141 0.852337 0.674943 0.853959 0.703124 0.869598 0.796958 0.700508 0.795597 0.699589 0.767545 0.684021
0 0.028026 0.314562 0.054177 0.333401 0.056221 0.334164 0.168734 0.177975 0.167208 0.176492 0.141057 0.157654
0 0.518675 0.535811 0.518722 0.535979 0.519192 0.536086 0.523666 0.534100 0.523619 0.533931 0.523402 0.533848 0.523166 0.533796 0.523131 0.533793 0.523083 0.533799 0.523032 0.533812 0.522984 0.533829 0.522612 0.533994 0.520376 0.534986 0.519630 0.535317 0.519257 0.535483 0.518884 0.535649 0.518846 0.535669
0 0.618419 0.285674 0.809667 0.306662 0.811436 0.304797 0.813376 0.273841 0.621970 0.252651 0.621060 0.254757
0 0.356999 0.730157 0.359155 0.739406 0.361264 0.739221 0.361294 0.738918 0.359150 0.729667 0.358673 0.729708 0.357613 0.729802 0.357031 0.729854
0 0.206970 0.547148 0.238199 0.556239 0.239183 0.555339 0.292244 0.370342 0.260858 0.360924 0.259961 0.360935
0 0.431906 0.504712 0.432040 0.504820 0.432556 0.504794 0.435235 0.500076 0.435101 0.499968 0.434585 0.499991 0.434524 0.500044 0.434485 0.500083 0.434454 0.500128 0.434230 0.500522 0.433783 0.501309 0.431998 0.504455 0.431978 0.504500
0 0.641189 0.950819 0.643794 0.954159 0.666898 0.967356 0.777851 0.809627 0.774700 0.806928 0.752632 0.792392
0 0.504597 0.270446 0.685538 0.336131 0.686392 0.335376 0.697390 0.305081 0.515616 0.239093 0.504618 0.269389
0 0.593740 0.806575 0.593863 0.807169 0.595677 0.812220 0.596084 0.813352 0.596129 0.813432 0.596208 0.813528 0.596311 0.813627 0.596422 0.813713 0.597343 0.814347 0.597444 0.814407 0.597521 0.814432 0.598006 0.814588 0.598308 0.814229 0.595865 0.807479 0.594039 0.806220
0 0.479853 0.530908 0.485582 0.542441 0.485829 0.542374 0.487328 0.541432 0.481605 0.529905 0.481359 0.529976
0 0.616576 0.525150 0.616658 0.525259 0.622450 0.523919 0.622453 0.523056 0.622372 0.522947 0.616582 0.524288
0 0.227739 0.063065 0.228984 0.065063 0.341796 0.220458 0.367696 0.201656 0.367088 0.200286 0.253757 0.044177
0 0.333577 0.410731 0.336624 0.415056 0.336714 0.415033 0.337307 0.414513 0.334259 0.410187 0.334169 0.410210
0 0.234556 0.413809 0.244498 0.444467 0.245669 0.444722 0.428777 0.385343 0.418880 0.354825 0.418507 0.354156
0 0.530973 0.376728 0.531177 0.376797 0.531354 0.376625 0.531363 0.376611 0.531379 0.376575 0.532290 0.374304 0.533047 0.372416 0.533066 0.372365 0.533087 0.372305 0.533105 0.372247 0.533119 0.372199 0.533208 0.371854 0.533214 0.371823 0.533213 0.371814 0.533174 0.371570 0.532971 0.371501 0.531150 0.376039
0 0.490486 0.830536 0.493800 0.842611 0.494098 0.842848 0.496187 0.841472 0.492887 0.829398 0.492588 0.829164
0 0.109226 0.792854 0.233187 0.945346 0.238270 0.941214 0.244253 0.931128 0.243513 0.928100 0.243141 0.926812 0.242348 0.925283 0.241253 0.923743 0.231136 0.911297 0.221019 0.898851 0.140083 0.799286 0.129966 0.786841 0.128707 0.785487 0.127445 0.784487 0.123126 0.782121 0.114309 0.788722
0 0.088504 0.078875 0.200591 0.238310 0.225359 0.227618 0.227643 0.224339 0.116754 0.066608 0.090323 0.075006
0 0.555065 0.099018 0.728813 0.181878 0.729867 0.180413 0.743740 0.151322 0.569192 0.068081 0.555318 0.097172
0 0.555018 0.474081 0.555273 0.475116 0.555338 0.475236 0.562470 0.472901 0.562213 0.471867 0.562148 0.471746
0 0.923275 0.405345 0.954393 0.412826 0.956480 0.412425 1.000000 0.224860 0.970309 0.217345 0.968158 0.218637
0 0.150790 0.279218 0.155051 0.311085 0.156628 0.311949 0.346961 0.286496 0.342719 0.254773 0.341997 0.253647
0 0.456289 0.504113 0.456390 0.504349 0.457246 0.504240 0.462458 0.500763 0.462357 0.500527 0.462042 0.500486 0.462003 0.500486 0.461575 0.500539 0.461516 0.500552 0.461446 0.500576 0.461376 0.500607 0.461316 0.500642 0.460880 0.500933 0.459575 0.501804 0.458272 0.502674 0.456538 0.503832 0.456498 0.503864
