0 0.474282 0.448602 0.478949 0.452137 0.479549 0.451372 0.479549 0.451335 0.474881 0.447801 0.474282 0.448564
0 0.522547 0.030367 0.522594 0.030599 0.524257 0.032256 0.535257 0.022255 0.535215 0.022020 0.533548 0.020366
0 0.483249 0.535944 0.483437 0.536147 0.490066 0.531192 0.490136 0.530565 0.489948 0.530361 0.489678 0.530462 0.489627 0.530482 0.489564 0.530522 0.485698 0.533413 0.484595 0.534238 0.483493 0.535063 0.483429 0.535117 0.483373 0.535178 0.483333 0.535235 0.483316 0.535281 0.483278 0.535596
0 0.390877 0.624734 0.395239 0.629127 0.395385 0.629164 0.396072 0.628181 0.391713 0.623786 0.391567 0.623749
0 0.582024 0.392243 0.583927 0.396157 0.584042 0.396237 0.584253 0.396062 0.584616 0.395756 0.584768 0.395626 0.582863 0.391713 0.582748 0.391633
0 0.112394 0.567000 0.131087 0.593159 0.132774 0.592733 0.289011 0.481089 0.270404 0.455049 0.269349 0.454843
0 0.304391 0.434467 0.305260 0.434785 0.305309 0.434755 0.306930 0.429553 0.306060 0.429235 0.306011 0.429264
0 0.288921 0.719888 0.289016 0.720085 0.289778 0.719775 0.293659 0.717365 0.293564 0.717168 0.293310 0.717166 0.293294 0.717168 0.293258 0.717181 0.292878 0.717336 0.292826 0.717358 0.292768 0.717386 0.292712 0.717416 0.292666 0.717442 0.291370 0.718247 0.290723 0.718649 0.289431 0.719452 0.289108 0.719653 0.289080 0.719672
0 0.525230 0.510811 0.528064 0.513874 0.528209 0.513831 0.528602 0.513697 0.528851 0.513605 0.528859 0.513462 0.526023 0.510400 0.525238 0.510668
0 0.509872 0.481085 0.509956 0.481255 0.510030 0.481348 0.510048 0.481362 0.510082 0.481382 0.510128 0.481404 0.510179 0.481425 0.511446 0.481915 0.513135 0.482568 0.513979 0.482894 0.514823 0.483220 0.514870 0.483237 0.514906 0.483247 0.514926 0.483248 0.515087 0.483230 0.515159 0.483060 0.515008 0.482873 0.509944 0.480915
0 0.571576 0.628866 0.571891 0.629084 0.572246 0.628955 0.572257 0.628950 0.572651 0.628567 0.573632 0.627612 0.574412 0.626852 0.574445 0.626813 0.574497 0.626746 0.574558 0.626660 0.574620 0.626568 0.575121 0.625809 0.575174 0.625726 0.575210 0.625665 0.575223 0.625634 0.575244 0.625277 0.574932 0.625062 0.572584 0.627338
0 0.394891 0.285951 0.398713 0.317953 0.399177 0.318788 0.590314 0.295961 0.590730 0.295021 0.586908 0.263018
0 0.397102 0.354503 0.397878 0.355111 0.397948 0.355097 0.401214 0.350265 0.400439 0.349656 0.400370 0.349671
0 0.046450 0.582113 0.073749 0.598285 0.076478 0.597187 0.163077 0.429868 0.135209 0.413657 0.132698 0.413926
0 0.029963 0.163942 0.035029 0.195692 0.037155 0.197083 0.226784 0.166827 0.221741 0.135222 0.220463 0.133546
0 0.340325 0.313510 0.341057 0.314365 0.371226 0.325278 0.436706 0.144262 0.436414 0.142624 0.406106 0.131661
0 0.478020 0.551769 0.478219 0.551861 0.479445 0.552395 0.481080 0.553107 0.481489 0.553285 0.481898 0.553463 0.482715 0.553818 0.482925 0.553904 0.482979 0.553789 0.483211 0.553208 0.478308 0.551073 0.478254 0.551189
0 0.576527 0.516748 0.714913 0.649878 0.715900 0.650567 0.738190 0.627397 0.599169 0.493655 0.598715 0.493683
0 0.565629 0.658969 0.572290 0.664100 0.573098 0.663050 0.573147 0.662977 0.566487 0.657847 0.565678 0.658894
0 0.505115 0.092948 0.505154 0.092979 0.512007 0.093778 0.512161 0.092577 0.512121 0.092547 0.505268 0.091747
0 0.509213 0.537211 0.509967 0.538105 0.510082 0.538047 0.514306 0.533754 0.513554 0.532861 0.513439 0.532920
0 0.648218 0.451080 0.650349 0.456851 0.650460 0.456841 0.651272 0.456451 0.649140 0.450678 0.649029 0.450687
0 0.480203 0.589047 0.480343 0.589285 0.481644 0.588700 0.482302 0.584685 0.482162 0.584448 0.481827 0.584509 0.481754 0.584535 0.481107 0.584826 0.481031 0.584867 0.480965 0.584917 0.480917 0.584968 0.480868 0.585031
0 0.700422 0.547931 0.711681 0.577889 0.712654 0.578247 0.893231 0.510381 0.881920 0.480285 0.880174 0.480374
0 0.473345 0.382967 0.473370 0.383070 0.474264 0.384242 0.481806 0.378961 0.481783 0.378858 0.480887 0.377687
0 0.052707 0.485170 0.232707 0.546189 0.234437 0.546140 0.244621 0.515345 0.065312 0.454946 0.062825 0.454576
