0 0.693202 0.128665 0.694105 0.130229 0.703095 0.139343 0.705358 0.139358 0.707637 0.137111 0.716751 0.128121 0.725865 0.119130 0.729006 0.113834 0.729021 0.111539 0.719906 0.102298 0.718514 0.101605 0.695439 0.124367 0.694987 0.125234
0 0.955148 0.660604 0.955761 0.662782 0.966926 0.669044 0.968858 0.670021 0.972099 0.671197 0.974285 0.671990 0.976492 0.672790 0.978719 0.673597 0.988320 0.656477 0.985224 0.651158 0.984849 0.650811 0.983830 0.650147 0.982323 0.649270 0.980559 0.648313 0.978809 0.647423 0.977342 0.646738 0.976380 0.646360 0.970904 0.644677 0.970603 0.644666 0.965154 0.646034 0.962975 0.646647 0.959844 0.652229 0.956713 0.657812
0 0.679663 0.396995 0.684480 0.415606 0.685818 0.415302 0.698212 0.412094 0.702849 0.410037 0.704024 0.408041 0.703204 0.404871 0.699921 0.392187 0.694331 0.388704 0.694230 0.388649 0.693423 0.388788 0.692031 0.389102 0.690266 0.389543 0.688400 0.390042 0.686719 0.390524 0.685481 0.390913 0.684874 0.391152 0.682748 0.392403
0 0.658334 0.231514 0.658807 0.233727 0.669553 0.240686 0.671091 0.241260 0.671484 0.240666 0.673072 0.238265 0.674690 0.235818 0.685360 0.219343 0.683578 0.215392 0.682895 0.214492 0.681700 0.213411 0.680174 0.212315 0.678552 0.211372 0.677083 0.210728 0.675992 0.210479 0.673205 0.211002 0.670941 0.211487 0.669160 0.214236 0.662038 0.225232
0 0.601465 0.440504 0.614127 0.454969 0.619327 0.455215 0.620714 0.454694 0.621156 0.454389 0.622092 0.453638 0.623381 0.452555 0.624825 0.451307 0.626203 0.450085 0.627302 0.449077 0.627956 0.448436 0.628065 0.448260 0.627908 0.441949 0.621436 0.434556 0.617121 0.429627 0.614810 0.429473 0.612185 0.431086 0.602553 0.439518
0 0.223661 0.793218 0.225073 0.797192 0.225562 0.798207 0.226550 0.799452 0.227888 0.800735 0.240164 0.811229 0.241641 0.812352 0.243028 0.813138 0.244113 0.813468 0.248241 0.814230 0.260849 0.799482 0.263038 0.796740 0.238683 0.775920 0.236268 0.778470
0 0.004018 0.198854 0.004610 0.201093 0.015934 0.207927 0.026998 0.214367 0.027841 0.214846 0.037513 0.198232 0.034622 0.192490 0.034326 0.192269 0.028910 0.188691 0.027959 0.188087 0.026506 0.187199 0.024772 0.186162 0.023025 0.185135 0.021531 0.184275 0.020521 0.183715 0.020148 0.183540 0.014497 0.184110 0.012257 0.184701
0 0.939114 0.495393 0.947972 0.512456 0.954465 0.514065 0.955392 0.513914 0.956834 0.513446 0.958571 0.512732 0.960337 0.511881 0.974671 0.504440 0.976191 0.503585 0.977228 0.502858 0.977623 0.502372 0.980811 0.497671 0.980621 0.496231 0.976146 0.487611 0.974654 0.484738 0.973162 0.481865 0.971871 0.480451 0.967551 0.480630 0.965596 0.481389 0.959915 0.484338 0.940032 0.494661
0 0.775440 0.047198 0.805558 0.058131 0.808381 0.054049 0.815002 0.035811 0.811125 0.032009 0.809881 0.031121 0.808220 0.030365 0.793039 0.024854 0.791219 0.024347 0.789525 0.024167 0.784606 0.024776 0.782000 0.029127 0.781132 0.031169 0.775671 0.046211
0 0.507044 0.101803 0.507767 0.108240 0.523032 0.119926 0.523979 0.119090 0.535652 0.103843 0.539543 0.098760 0.541488 0.096219 0.542510 0.094485 0.542903 0.090738 0.541667 0.089281 0.536526 0.085345 0.528814 0.079441 0.527497 0.078944 0.522504 0.081095 0.521892 0.081459 0.520953 0.082393 0.519831 0.083755 0.510014 0.096578 0.508884 0.098156 0.507923 0.099704 0.507277 0.100985
0 0.298976 0.206060 0.300817 0.208751 0.302300 0.210076 0.304811 0.212061 0.319878 0.223966 0.322389 0.225950 0.324900 0.227934 0.325957 0.228616 0.337876 0.213531 0.336725 0.207535 0.336221 0.206921 0.335213 0.205941 0.333857 0.204747 0.332358 0.203519 0.319687 0.193507 0.318280 0.192438 0.317184 0.191696 0.316566 0.191391 0.311005 0.190837 0.309783 0.191749 0.299747 0.204450
0 0.787441 0.898429 0.791449 0.903984 0.792937 0.905737 0.796179 0.906003 0.802663 0.906534 0.822116 0.908127 0.823870 0.906638 0.824932 0.893670 0.824687 0.891594 0.823936 0.890687 0.820963 0.887102 0.788951 0.884481 0.788489 0.885639
0 0.886185 0.281188 0.895251 0.298141 0.901315 0.298803 0.901520 0.298710 0.906190 0.296369 0.907061 0.295922 0.908459 0.295189 0.910171 0.294284 0.911934 0.293345 0.913478 0.292516 0.914565 0.291924 0.915030 0.291660 0.917033 0.286703 0.917705 0.284487 0.913071 0.275822 0.909981 0.270046 0.907765 0.269374 0.896212 0.275553 0.894307 0.276586 0.893387 0.277107 0.890655 0.278655
0 0.858899 0.757745 0.862215 0.760126 0.864136 0.761031 0.867139 0.762240 0.876149 0.765865 0.879153 0.767073 0.880215 0.767368 0.884306 0.763760 0.885181 0.762500 0.885974 0.760849 0.892002 0.745866 0.892591 0.744082 0.892883 0.742442 0.892834 0.741198 0.892285 0.737368 0.888694 0.735195 0.870858 0.728019 0.869837 0.729243 0.866253 0.738151 0.863864 0.744089 0.861475 0.750027 0.859086 0.755966
0 0.086245 0.274082 0.086538 0.276363 0.089112 0.278352 0.104558 0.290284 0.109707 0.294261 0.115073 0.297090 0.117323 0.296801 0.125169 0.286645 0.125720 0.285129 0.100302 0.265494 0.096600 0.263322 0.095663 0.262773 0.094199 0.263784
0 0.167268 0.823386 0.167382 0.825175 0.167655 0.826517 0.168046 0.827207 0.170057 0.830646 0.171717 0.832261 0.174992 0.832217 0.178267 0.832173 0.188092 0.832040 0.189708 0.830380 0.196801 0.822828 0.196628 0.810027 0.196259 0.808780 0.177036 0.809039 0.171013 0.814803 0.170244 0.815539 0.168363 0.817374 0.167924 0.818170 0.167562 0.819593 0.167331 0.821425
0 0.198070 0.870268 0.206484 0.880193 0.207876 0.880991 0.232660 0.859980 0.233279 0.859147 0.235727 0.855851 0.234992 0.854220 0.226694 0.844431 0.224433 0.844245 0.221986 0.846319 0.217091 0.850468 0.202408 0.862916 0.198259 0.867976
0 0.578515 0.670516 0.578822 0.671049 0.579489 0.672116 0.580414 0.673556 0.581458 0.675149 0.590360 0.688623 0.591358 0.690120 0.592155 0.691288 0.592630 0.691948 0.592710 0.692001 0.597788 0.693692 0.613976 0.682997 0.612933 0.681322 0.595270 0.654588 0.593826 0.655294 0.588485 0.658822 0.585815 0.660586 0.580475 0.664115 0.579230 0.665186
0 0.947942 0.161629 0.948425 0.162844 0.980461 0.163423 0.984900 0.160313 0.985251 0.140914 0.979619 0.138180 0.978408 0.137880 0.976680 0.137751 0.960532 0.137459 0.958558 0.137521 0.956644 0.137764 0.955085 0.138151 0.954117 0.138622 0.948773 0.143622 0.948231 0.145630 0.948173 0.148829 0.948057 0.155229 0.947999 0.158429
0 0.669424 0.352674 0.669709 0.353768 0.670292 0.355268 0.671084 0.356946 0.678372 0.371234 0.679255 0.372841 0.680099 0.374138 0.680775 0.374929 0.684840 0.376970 0.686054 0.376384 0.700309 0.369113 0.701966 0.368235 0.703832 0.367018 0.703332 0.365422 0.690093 0.339466 0.689138 0.338211 0.671855 0.347027 0.670281 0.348427 0.669480 0.352152
0 0.823995 0.387813 0.826123 0.392278 0.826625 0.392981 0.827678 0.393932 0.829120 0.394987 0.842431 0.403935 0.844050 0.404937 0.845603 0.405738 0.846857 0.406216 0.847619 0.406297 0.850587 0.405688 0.853826 0.404816 0.855138 0.403363 0.862362 0.392616 0.864168 0.389929 0.864650 0.388714 0.837812 0.370674 0.834720 0.371858
0 0.219852 0.436035 0.222401 0.448886 0.224326 0.450174 0.230628 0.451313 0.240046 0.449445 0.243186 0.448822 0.246325 0.448199 0.247583 0.446318 0.249433 0.443480 0.249510 0.442519 0.249392 0.441030 0.249100 0.439239 0.248676 0.437417 0.248184 0.435837 0.247699 0.434740 0.247295 0.434294 0.244489 0.432114 0.243903 0.431958 0.239115 0.430686 0.219861 0.434505
0 0.249414 0.682582 0.258326 0.699816 0.263883 0.700552 0.264550 0.700295 0.265769 0.699723 0.267354 0.698924 0.281699 0.691505 0.283403 0.690603 0.284960 0.689739 0.286132 0.689045 0.286741 0.688627 0.288999 0.683268 0.288505 0.681637 0.285565 0.675951 0.282625 0.670266 0.281154 0.667423 0.280168 0.666191 0.251708 0.680910
0 0.862373 0.552464 0.862707 0.554128 0.863541 0.554253 0.864378 0.554378 0.866066 0.554630 0.866915 0.554756 0.899365 0.556419 0.899912 0.554860 0.900578 0.541865 0.899037 0.540157 0.893550 0.539605 0.874326 0.538620 0.864714 0.538128 0.863029 0.539648
0 0.138419 0.969947 0.139102 0.971677 0.143505 0.976425 0.147908 0.981172 0.150110 0.983546 0.151613 0.984173 0.175323 0.962183 0.178295 0.957952 0.165222 0.943856 0.159177 0.945241 0.158792 0.945454 0.157902 0.946184 0.156641 0.947319 0.144881 0.958226 0.143438 0.959599 0.142026 0.961004 0.140860 0.962230 0.140116 0.963090 0.139911 0.963452
0 0.431576 0.629466 0.433066 0.661769 0.434606 0.661881 0.444308 0.661434 0.450776 0.661135 0.452448 0.660875 0.455935 0.656762 0.455976 0.656188 0.455977 0.654971 0.455938 0.653296 0.455865 0.651416 0.455125 0.635394 0.455029 0.633590 0.454923 0.632129 0.454825 0.631232 0.454748 0.631038 0.451407 0.627395 0.432202 0.628281
0 0.473209 0.688956 0.504124 0.698693 0.504616 0.697376 0.508516 0.684996 0.508399 0.682458 0.507353 0.680451 0.489038 0.674682 0.479880 0.671798 0.477873 0.672844 0.474027 0.685054 0.473516 0.686794 0.473455 0.687222
0 0.335845 0.126629 0.338102 0.131762 0.346676 0.141311 0.347573 0.142095 0.371473 0.120636 0.370582 0.118007 0.369981 0.116234 0.368743 0.114578 0.360050 0.104896 0.357754 0.104772 0.348071 0.113465 0.338389 0.122158 0.335969 0.124332
0 0.368322 0.871234 0.369042 0.873053 0.376033 0.884133 0.378292 0.884644 0.389372 0.877653 0.392142 0.875905 0.395335 0.868250 0.396538 0.864017 0.396478 0.863226 0.396037 0.861938 0.395281 0.860348 0.394326 0.858696 0.393315 0.857232 0.392402 0.856177 0.391724 0.855691 0.387293 0.853328 0.371034 0.863587 0.370738 0.864421 0.369541 0.867796 0.368629 0.870368
0 0.494119 0.475870 0.494173 0.476091 0.494881 0.477557 0.496285 0.480433 0.500497 0.489061 0.501901 0.491937 0.502606 0.493368 0.507011 0.494998 0.507332 0.494844 0.508262 0.494392 0.509659 0.493711 0.511311 0.492905 0.525724 0.485869 0.528811 0.484361 0.529782 0.483885 0.530152 0.483702 0.531690 0.479121 0.523179 0.461685 0.521751 0.462351 0.518841 0.463771 0.510113 0.468031 0.498476 0.473712 0.495567 0.475133
0 0.900242 0.701100 0.900330 0.702375 0.901420 0.705384 0.904692 0.714410 0.905783 0.717419 0.906793 0.719174 0.910551 0.721199 0.912548 0.720903 0.915592 0.719800 0.924723 0.716491 0.936898 0.712078 0.939941 0.710975 0.940953 0.710180 0.934342 0.691939 0.928153 0.688938 0.927244 0.688814 0.925785 0.688959 0.924000 0.689350 0.922158 0.689928 0.907079 0.695393 0.905454 0.696072 0.904287 0.696751
0 0.398996 0.437762 0.399921 0.438331 0.428830 0.452148 0.429601 0.450759 0.436502 0.436321 0.437120 0.434802 0.435401 0.430029 0.434984 0.429778 0.433964 0.429246 0.432497 0.428516 0.430806 0.427697 0.416235 0.420733 0.414584 0.419955 0.413232 0.419338 0.412383 0.418976 0.412167 0.418925 0.407363 0.420256
0 0.508192 0.639429 0.508307 0.641373 0.515082 0.652482 0.515910 0.653692 0.543650 0.636774 0.543549 0.636457 0.543249 0.635516 0.543149 0.635205 0.542265 0.633680 0.535583 0.622724 0.533378 0.622190 0.530639 0.623860 0.514205 0.633883 0.508727 0.637224
0 0.173422 0.967624 0.179319 0.986109 0.180491 0.986179 0.208249 0.977322 0.210126 0.976279 0.212780 0.971919 0.212622 0.969855 0.208731 0.957659 0.207758 0.954610 0.206936 0.953604 0.200865 0.952736 0.199600 0.952873 0.197925 0.953314 0.182645 0.958189 0.180807 0.958869 0.179080 0.959686 0.177726 0.960518 0.176950 0.961237
0 0.726204 0.967806 0.726722 0.968879 0.730422 0.976531 0.730961 0.977645 0.750003 0.982411 0.753960 0.977638 0.754539 0.976459 0.755062 0.974766 0.755450 0.972820 0.755642 0.970921 0.755610 0.969359 0.755358 0.968371 0.752423 0.962987 0.746906 0.956022 0.743802 0.955245 0.734488 0.952914 0.731383 0.952137 0.729442 0.953300 0.726334 0.965719
0 0.367985 0.320668 0.368515 0.321928 0.371246 0.327799 0.373977 0.333669 0.375343 0.336605 0.376169 0.338259 0.377302 0.339740 0.381099 0.340746 0.381589 0.340801 0.382668 0.340539 0.384171 0.339999 0.385871 0.339264 0.400413 0.332499 0.402057 0.331678 0.403401 0.330894 0.404241 0.330264 0.404447 0.329885 0.406354 0.326225 0.398245 0.308794 0.397305 0.307028
