0 0.933308 0.546240 0.934285 0.546812 0.940178 0.549312 0.943125 0.550562 0.949017 0.553061 0.951006 0.553747 0.955173 0.554244 0.958234 0.552097 0.959157 0.551190 0.960115 0.549781 0.960961 0.548088 0.967267 0.533220 0.967868 0.531505 0.968130 0.530035 0.967800 0.524474 0.949938 0.516898 0.945819 0.516743
0 0.546495 0.246240 0.546885 0.248475 0.549509 0.250320 0.570506 0.265080 0.572741 0.264690 0.580121 0.254191 0.581137 0.252596 0.581511 0.251455 0.582078 0.249725 0.555497 0.231039 0.554626 0.232057 0.547143 0.242702
0 0.213393 0.317352 0.213420 0.318137 0.213727 0.319482 0.214267 0.321184 0.219629 0.336418 0.220318 0.338209 0.221049 0.339812 0.221709 0.340980 0.222199 0.341536 0.227745 0.344154 0.245880 0.337771 0.245639 0.336447 0.243514 0.330409 0.241389 0.324371 0.238201 0.315314 0.236076 0.309277 0.235242 0.307547 0.232796 0.305769 0.230960 0.306082 0.218744 0.310381 0.215691 0.311456 0.214494 0.312211
0 0.609205 0.429352 0.622930 0.458304 0.624066 0.457919 0.641598 0.449608 0.642658 0.445466 0.642689 0.445061 0.642400 0.444051 0.641834 0.442590 0.641077 0.440899 0.634159 0.426306 0.633329 0.424650 0.632557 0.423288 0.631959 0.422427 0.631628 0.422197 0.627746 0.420388 0.610214 0.428699
0 0.441328 0.429857 0.441592 0.431360 0.442254 0.434529 0.442916 0.437698 0.444241 0.444036 0.444904 0.447205 0.445298 0.448849 0.445799 0.449317 0.449400 0.451773 0.449826 0.451761 0.450904 0.451602 0.452469 0.451318 0.454284 0.450954 0.469984 0.447672 0.471779 0.447282 0.473287 0.446923 0.474281 0.446649 0.474606 0.446504 0.477162 0.442761 0.473229 0.423943 0.472981 0.423240
0 0.387304 0.826977 0.390700 0.829837 0.391615 0.830367 0.393086 0.830855 0.394891 0.831225 0.410851 0.833691 0.412707 0.833886 0.414324 0.833875 0.415456 0.833661 0.419262 0.831915 0.420002 0.828876 0.420337 0.826919 0.421315 0.820593 0.422781 0.811104 0.422937 0.809877 0.391271 0.804985 0.390267 0.807803
0 0.816275 0.139540 0.817136 0.140984 0.824475 0.147175 0.829368 0.151302 0.830969 0.151936 0.836973 0.150261 0.837181 0.150081 0.837863 0.149337 0.838919 0.148142 0.840186 0.146677 0.841472 0.145166 0.851885 0.132822 0.852988 0.131502 0.853736 0.130578 0.854015 0.130191 0.854878 0.124004 0.840048 0.111493 0.836935 0.115049
0 0.623887 0.921965 0.624171 0.922933 0.624743 0.924882 0.626492 0.930839 0.628167 0.931936 0.640380 0.936678 0.642499 0.935745 0.644871 0.929638 0.647242 0.923532 0.648427 0.920479 0.646371 0.912112 0.644688 0.907374 0.644155 0.906705 0.643021 0.905873 0.641459 0.905005 0.639705 0.904232 0.638025 0.903671 0.636671 0.903407 0.635849 0.903479 0.630846 0.904044
0 0.649938 0.343213 0.649952 0.343720 0.650386 0.344748 0.651173 0.346140 0.652194 0.347686 0.661434 0.360796 0.662537 0.362265 0.663558 0.363440 0.664343 0.364142 0.668646 0.365542 0.684361 0.354468 0.686064 0.353123 0.667436 0.326690 0.666307 0.327422 0.663660 0.329287 0.655721 0.334882 0.653075 0.336747 0.651577 0.337867 0.650189 0.339351
0 0.510787 0.705517 0.510920 0.706137 0.511268 0.707362 0.511780 0.709006 0.512378 0.710817 0.517554 0.726115 0.518144 0.727812 0.518633 0.729128 0.518948 0.729864 0.523420 0.732933 0.541799 0.726714 0.541416 0.724639 0.531146 0.694288 0.529595 0.694579 0.526563 0.695604 0.520500 0.697656 0.514437 0.699708 0.512936 0.700450
0 0.320372 0.211280 0.322841 0.215250 0.325023 0.217602 0.342480 0.236417 0.344747 0.236502 0.354155 0.227774 0.355165 0.226369 0.354832 0.225740 0.353484 0.223194 0.331385 0.199374 0.329997 0.200131 0.320458 0.208981
0 0.333818 0.818982 0.338695 0.837996 0.340093 0.837984 0.352783 0.834729 0.353963 0.832736 0.357301 0.825129 0.355711 0.818929 0.354916 0.815829 0.353325 0.809629 0.351378 0.808476 0.347959 0.807022 0.347118 0.806939 0.345719 0.807098 0.343976 0.807476 0.342151 0.808014 0.340520 0.808632 0.339329 0.809236 0.338761 0.809736 0.337241 0.812412 0.335737 0.815298 0.334591 0.817498
0 0.236907 0.366180 0.237219 0.379278 0.238895 0.380876 0.244864 0.383599 0.248064 0.383523 0.251263 0.383447 0.260862 0.383218 0.262424 0.381580 0.264741 0.379001 0.264978 0.378093 0.265116 0.376623 0.265134 0.374814 0.265029 0.372940 0.264816 0.371283 0.264528 0.370094 0.264209 0.369555 0.261808 0.367030 0.261262 0.366725 0.257366 0.364550 0.256799 0.364234 0.237176 0.364701
0 0.045505 0.866523 0.045993 0.868209 0.050047 0.873258 0.056128 0.880831 0.057653 0.881652 0.064050 0.880820 0.064379 0.880590 0.065277 0.879892 0.066609 0.878831 0.079201 0.868719 0.080757 0.867461 0.082295 0.866203 0.083581 0.865136 0.084417 0.864424 0.084678 0.864173 0.086686 0.858095 0.074648 0.843106 0.073887 0.843715 0.071391 0.845719 0.053923 0.859747 0.051428 0.861751 0.049665 0.863168
0 0.608634 0.785956 0.609074 0.787126 0.613590 0.799105 0.616248 0.806103 0.618358 0.807058 0.633682 0.801281 0.634636 0.799171 0.636568 0.794733 0.636348 0.794074 0.635891 0.792810 0.635265 0.791132 0.634568 0.789300 0.633906 0.787594 0.633380 0.786276 0.633071 0.785546 0.631541 0.782264 0.631497 0.782235 0.626623 0.779174
0 0.606545 0.072936 0.636976 0.083211 0.637333 0.082168 0.641438 0.070010 0.643410 0.064015 0.642389 0.061954 0.636225 0.059872 0.620815 0.054669 0.614651 0.052588 0.612589 0.053609 0.608427 0.065937 0.607781 0.067980 0.607283 0.069976
0 0.501633 0.484227 0.502547 0.485557 0.504379 0.488182 0.511706 0.498679 0.512637 0.499991 0.512754 0.499991 0.514096 0.499065 0.537988 0.482387 0.539270 0.481482 0.528164 0.465572 0.523438 0.464769 0.523167 0.464933 0.522332 0.465494 0.521061 0.466367 0.519546 0.467420 0.506303 0.476664 0.504781 0.477731 0.503490 0.478646 0.502627 0.479270 0.502322 0.479508 0.501648 0.484082
0 0.845903 0.434281 0.848616 0.438756 0.849152 0.439310 0.850273 0.440081 0.851812 0.440954 0.866009 0.448417 0.867735 0.449260 0.869392 0.449949 0.870730 0.450380 0.871545 0.450485 0.877722 0.448720 0.886750 0.431546 0.885764 0.430713 0.882899 0.429207 0.865705 0.420169 0.859973 0.417156 0.858126 0.416500 0.854848 0.417264 0.853698 0.418775 0.852208 0.421608 0.847741 0.430107 0.846252 0.432940
0 0.006697 0.835332 0.007582 0.836429 0.010492 0.837847 0.033776 0.849190 0.035768 0.849495 0.040018 0.846295 0.041244 0.844461 0.044048 0.838706 0.048253 0.830075 0.048437 0.829012 0.044804 0.824630 0.043740 0.823704 0.042203 0.822813 0.027785 0.815788 0.026005 0.815064 0.024247 0.814615 0.022776 0.814509 0.019633 0.814979 0.015194 0.817889
0 0.134792 0.507569 0.136397 0.509209 0.146131 0.509314 0.159110 0.509454 0.162355 0.509489 0.165600 0.509524 0.170187 0.509393 0.171804 0.507811 0.171942 0.495009 0.171584 0.493402 0.170074 0.493371 0.167783 0.493325 0.135372 0.492975 0.134932 0.494590
0 0.542159 0.376001 0.542542 0.381208 0.543725 0.382365 0.556043 0.392579 0.557341 0.393478 0.577792 0.368813 0.578511 0.367601 0.563575 0.355217 0.558595 0.356178 0.558438 0.356271 0.557834 0.356917 0.556874 0.358020 0.555706 0.359410 0.545397 0.371842 0.544202 0.373302 0.543167 0.374606 0.542450 0.375553
0 0.817085 0.417962 0.819598 0.427229 0.824624 0.445762 0.826587 0.446888 0.831129 0.446149 0.843657 0.442752 0.844823 0.442394 0.836340 0.411112 0.835563 0.411317 0.834790 0.411521 0.833254 0.411927 0.832491 0.412129 0.830567 0.412648 0.818211 0.415999
0 0.435581 0.774273 0.436601 0.775794 0.445361 0.785415 0.447659 0.785523 0.452470 0.781143 0.469307 0.765812 0.469729 0.762157 0.469835 0.759891 0.461195 0.750402 0.460069 0.749502 0.436320 0.771126 0.436173 0.771750 0.435878 0.773005
0 0.456097 0.157830 0.458182 0.177348 0.458855 0.182541 0.459044 0.183994 0.460682 0.184185 0.473411 0.182825 0.474832 0.181064 0.474243 0.173602 0.473895 0.170345 0.473547 0.167088 0.472503 0.157318 0.470701 0.155864 0.468473 0.154175 0.467382 0.153896 0.465776 0.153802 0.463902 0.153909 0.462047 0.154200 0.460496 0.154631 0.459487 0.155136
0 0.075407 0.753831 0.076539 0.754190 0.089540 0.754704 0.095184 0.751202 0.096850 0.749662 0.097104 0.743251 0.097484 0.733633 0.097737 0.727222 0.097990 0.720810 0.096451 0.719144 0.083628 0.718638 0.081545 0.718825 0.076689 0.721364
0 0.566898 0.145539 0.569796 0.150520 0.571312 0.151044 0.574502 0.151293 0.587265 0.152289 0.588962 0.152016 0.589784 0.148800 0.590014 0.146781 0.590770 0.137098 0.591526 0.127415 0.591778 0.124187 0.592281 0.117732 0.592301 0.116561 0.572957 0.115051 0.569024 0.119629 0.568961 0.119765 0.568842 0.120632 0.568684 0.122096 0.568511 0.123934 0.568350 0.125869 0.567102 0.141859 0.566976 0.143602 0.566905 0.144893
0 0.677661 0.538157 0.677841 0.539088 0.678276 0.540513 0.678898 0.542218 0.684721 0.557163 0.685439 0.558894 0.686144 0.560394 0.686732 0.561435 0.687112 0.561859 0.690591 0.563325 0.692352 0.563910 0.710430 0.556865 0.710085 0.555422 0.708910 0.552406 0.706559 0.546373 0.699506 0.528274 0.698688 0.526735 0.696869 0.526490 0.695153 0.527041 0.692171 0.528203 0.683225 0.531689 0.680243 0.532851 0.678957 0.533470
0 0.255868 0.099209 0.258912 0.118601 0.262792 0.124739 0.263878 0.126457 0.265729 0.126636 0.278376 0.124650 0.279709 0.122821 0.278220 0.113336 0.277227 0.107013 0.272015 0.097819 0.269335 0.095636 0.268659 0.095153 0.267348 0.094858 0.265601 0.094797 0.263685 0.094980 0.261896 0.095379 0.260507 0.095932
0 0.038142 0.382415 0.039033 0.383046 0.041883 0.384582 0.050434 0.389188 0.053284 0.390723 0.055223 0.391616 0.059295 0.392608 0.060558 0.391322 0.062076 0.388504 0.074218 0.365963 0.074490 0.364399 0.057565 0.355282 0.053477 0.353945 0.050225 0.355962 0.049223 0.356724 0.048139 0.358000 0.047141 0.359595 0.039482 0.373814 0.038724 0.375479 0.038326 0.376954
0 0.581130 0.919787 0.582464 0.951800 0.583226 0.955975 0.602612 0.955167 0.605547 0.949942 0.605622 0.949399 0.605635 0.948166 0.605586 0.946431 0.604914 0.930295 0.604809 0.928330 0.604665 0.926440 0.604504 0.924915 0.604351 0.923987 0.604229 0.923795 0.600338 0.918987 0.598625 0.918574 0.585834 0.919107 0.582636 0.919241
0 0.704280 0.064735 0.707355 0.077162 0.707977 0.078234 0.739081 0.070537 0.740180 0.068563 0.741848 0.065566 0.741739 0.063488 0.738621 0.050888 0.736656 0.049703 0.730356 0.051261 0.708306 0.056717 0.707121 0.058682
0 0.722371 0.916118 0.724425 0.919963 0.725596 0.921786 0.729241 0.927137 0.731064 0.929813 0.734710 0.935164 0.735349 0.935998 0.762074 0.917791 0.759675 0.913967 0.748851 0.898078 0.744783 0.898575 0.743647 0.898719 0.742175 0.899300 0.740589 0.900233 0.727334 0.909263 0.725871 0.910407 0.724748 0.911593 0.724136 0.912641
0 0.820981 0.245937 0.821663 0.247436 0.823761 0.249853 0.834251 0.261938 0.838447 0.266772 0.840545 0.269188 0.841985 0.270134 0.845144 0.268010 0.846766 0.266681 0.849211 0.264559 0.858990 0.256070 0.859797 0.255292 0.858847 0.251138 0.858562 0.250067 0.857801 0.248693 0.856680 0.247226 0.846093 0.235030 0.844787 0.233700 0.843499 0.232714 0.842427 0.232222 0.838599 0.230871 0.835499 0.233335
0 0.652478 0.125396 0.653902 0.125899 0.663493 0.126352 0.682675 0.127256 0.684484 0.126905 0.686188 0.123458 0.686480 0.121405 0.686785 0.114938 0.687090 0.108470 0.687242 0.105236 0.687102 0.104077 0.682219 0.101291 0.680787 0.100918 0.678982 0.100725 0.662850 0.099965 0.660955 0.099983 0.659266 0.100209 0.658041 0.100607 0.654801 0.102554 0.653384 0.106192
0 0.079313 0.386962 0.080212 0.389096 0.082642 0.393558 0.083152 0.393837 0.084308 0.394356 0.085934 0.395036 0.087781 0.395771 0.089565 0.396450 0.091012 0.396967 0.091902 0.397245 0.096594 0.398426 0.096786 0.398422 0.102692 0.396947 0.109945 0.379143 0.108909 0.378677 0.097053 0.373848 0.087626 0.370896 0.085491 0.371795 0.084255 0.374829 0.081784 0.380895
0 0.762721 0.091829 0.769969 0.102382 0.771185 0.103248 0.787032 0.092364 0.790355 0.087645 0.793069 0.083790 0.792894 0.080217 0.792626 0.078866 0.791948 0.077236 0.790964 0.075577 0.789824 0.074144 0.788705 0.073157 0.785067 0.071154 0.782790 0.070731 0.774690 0.076294 0.769291 0.080003 0.763134 0.089604
0 0.170160 0.260989 0.171923 0.263749 0.175451 0.269269 0.177215 0.272029 0.178979 0.274788 0.186317 0.279937 0.188527 0.280423 0.199315 0.273530 0.200320 0.272408 0.189968 0.256209 0.188542 0.255087 0.186379 0.253386 0.184920 0.252239 0.183447 0.251081 0.179572 0.250945 0.178314 0.251234 0.176730 0.251902 0.175064 0.252846 0.173570 0.253921 0.172479 0.254963 0.171957 0.255812 0.170658 0.258727
0 0.932642 0.096725 0.932700 0.098461 0.932976 0.099723 0.935310 0.105295 0.954526 0.105869 0.955569 0.104965 0.958726 0.102228 0.964086 0.097580 0.964677 0.095472 0.965069 0.082377 0.963480 0.080691 0.960207 0.080593 0.956933 0.080495 0.947111 0.080202 0.939328 0.085746 0.934278 0.090508 0.933694 0.091415 0.933179 0.092915 0.932810 0.094779
0 0.887657 0.322199 0.888489 0.323369 0.898690 0.331104 0.900932 0.330796 0.906508 0.328442 0.912390 0.320685 0.924154 0.305171 0.923841 0.302898 0.913498 0.295056 0.911728 0.294314 0.907017 0.296667
0 0.258885 0.575748 0.258905 0.577257 0.262692 0.580958 0.263462 0.581217 0.264836 0.581530 0.266604 0.581848 0.282546 0.584434 0.284433 0.584708 0.286144 0.584896 0.287418 0.584969 0.288062 0.584916 0.292740 0.581680 0.295818 0.562703 0.294471 0.562375 0.281835 0.560325 0.275516 0.559300 0.266039 0.557763 0.264190 0.557573 0.262011 0.558105 0.261477 0.559770 0.260958 0.562965 0.259403 0.572553
