0 0.781127 0.141978 0.782469 0.143807 0.795153 0.145754 0.797079 0.145591 0.797762 0.144777 0.798449 0.143958 0.800527 0.141479 0.805458 0.109363 0.804205 0.108662 0.791344 0.106688 0.789489 0.108049 0.785509 0.113438 0.785022 0.116609 0.783561 0.126122 0.782587 0.132464
0 0.541249 0.380414 0.541422 0.384561 0.541633 0.384965 0.542345 0.385812 0.543446 0.386971 0.544771 0.388268 0.546119 0.389506 0.547288 0.390499 0.548099 0.391096 0.548429 0.391205 0.553916 0.390400 0.558320 0.385755 0.562724 0.381110 0.564926 0.378787 0.566445 0.375952 0.566383 0.373636 0.556876 0.364622 0.555623 0.363655 0.542117 0.377899
0 0.171542 0.835591 0.177240 0.854138 0.182738 0.855194 0.183385 0.855284 0.184650 0.855089 0.186339 0.854638 0.201777 0.849895 0.203627 0.849258 0.205350 0.848535 0.206682 0.847837 0.207421 0.847270 0.210823 0.841485 0.210683 0.839565 0.206924 0.827328 0.205984 0.824269 0.205177 0.823108 0.174548 0.832519
0 0.845096 0.542145 0.845257 0.543213 0.846690 0.547289 0.865467 0.551414 0.868843 0.551889 0.875782 0.520305 0.874635 0.519981 0.865149 0.517897 0.858825 0.516508 0.856831 0.516142 0.853565 0.515994 0.850618 0.518812 0.850002 0.519811 0.849406 0.521321 0.848920 0.523114 0.845479 0.538780 0.845174 0.540589
0 0.659941 0.420090 0.661347 0.420370 0.683595 0.423003 0.689951 0.423755 0.691760 0.423856 0.693532 0.423152 0.693945 0.421456 0.694326 0.418241 0.695087 0.411811 0.695848 0.405381 0.695812 0.403884 0.692005 0.400377 0.691179 0.400142 0.689761 0.399882 0.687970 0.399638 0.671932 0.397740 0.670046 0.397549 0.668359 0.397442 0.667130 0.397433 0.666544 0.397525 0.662200 0.400999
0 0.067212 0.417588 0.068363 0.424525 0.069433 0.426525 0.073119 0.431012 0.078606 0.437691 0.079362 0.437921 0.086515 0.436182 0.088166 0.435484 0.102228 0.427670 0.103803 0.426576 0.105057 0.425254 0.107556 0.422255 0.106146 0.415396 0.095468 0.401887 0.093889 0.401825 0.079773 0.409668 0.068481 0.415943
0 0.352756 0.426661 0.353663 0.428774 0.355675 0.429753 0.367594 0.434510 0.368934 0.435030 0.380840 0.405199 0.380566 0.404981 0.379457 0.404099 0.377806 0.403385 0.365721 0.398562 0.363608 0.399469 0.359990 0.408533 0.353961 0.423639
0 0.143721 0.651022 0.174450 0.661092 0.177431 0.659617 0.183417 0.641348 0.180041 0.637450 0.179405 0.636972 0.178161 0.636383 0.176495 0.635774 0.161254 0.630780 0.159415 0.630240 0.157676 0.629851 0.156300 0.629671 0.155497 0.629727 0.149763 0.632585 0.148854 0.634276 0.146837 0.640429 0.144821 0.646582 0.143813 0.649659
0 0.079037 0.336903 0.094613 0.348848 0.095559 0.349201 0.099295 0.350594 0.102964 0.351962 0.104391 0.350861 0.112182 0.340703 0.111886 0.338459 0.109346 0.336511 0.101727 0.330668 0.099188 0.328721 0.089810 0.324714 0.085397 0.325282 0.084280 0.325926 0.082998 0.327056 0.081745 0.328498 0.080715 0.330032 0.080066 0.331421
0 0.015134 0.089808 0.028083 0.104258 0.032403 0.107881 0.056265 0.086497 0.055704 0.085778 0.047161 0.076244 0.045025 0.073861 0.043435 0.072180 0.039217 0.068227 0.034467 0.069708 0.032948 0.070434 0.031444 0.071559 0.019417 0.082337 0.018163 0.083684 0.017355 0.085044 0.015779 0.088254
0 0.718814 0.213273 0.720702 0.215857 0.724479 0.221025 0.728256 0.226193 0.730492 0.226541 0.740828 0.218987 0.742397 0.217720 0.743512 0.216422 0.744637 0.215112 0.746344 0.213124 0.747495 0.211783 0.735913 0.195935 0.730152 0.196292 0.729556 0.196574 0.728447 0.197281 0.726993 0.198307 0.725419 0.199494 0.723965 0.200660 0.722856 0.201624 0.722258 0.202242 0.719703 0.205665
0 0.006841 0.342023 0.019265 0.357219 0.021502 0.357884 0.023717 0.358542 0.025912 0.359194 0.028087 0.359840 0.029167 0.360160 0.031659 0.360128 0.032561 0.360080 0.033891 0.359575 0.035447 0.358691 0.036994 0.357563 0.038299 0.356360 0.039164 0.355264 0.040855 0.351204 0.041081 0.348953 0.039056 0.346475 0.030953 0.336564 0.019979 0.332740 0.017675 0.332509 0.007532 0.340801
0 0.352822 0.133214 0.352828 0.135509 0.354847 0.140508 0.363925 0.149535 0.364905 0.150263 0.387497 0.127542 0.386980 0.125829 0.386458 0.124101 0.386195 0.123231 0.384912 0.121650 0.375708 0.112498 0.373414 0.112505 0.364262 0.121709 0.355110 0.130913
0 0.284448 0.814523 0.286708 0.818204 0.287394 0.819056 0.288621 0.820036 0.290200 0.820994 0.304442 0.828608 0.306129 0.829396 0.307659 0.829889 0.308799 0.830014 0.312966 0.829769 0.314678 0.826750 0.315644 0.824966 0.321680 0.813676 0.323189 0.810853 0.323742 0.809796 0.295485 0.794690 0.293596 0.797413
0 0.865230 0.295000 0.865254 0.296390 0.865496 0.297195 0.867095 0.301923 0.886074 0.304985 0.889641 0.303183 0.894792 0.271259 0.893650 0.270737 0.887258 0.269705 0.877670 0.268158 0.875637 0.268169 0.872198 0.270291 0.870021 0.271868 0.869475 0.272531 0.868896 0.273815 0.868372 0.275525 0.867983 0.277402 0.865428 0.293236
0 0.655311 0.617149 0.669266 0.630372 0.670830 0.631576 0.674741 0.630987 0.675225 0.630893 0.676143 0.630278 0.677356 0.629235 0.678678 0.627923 0.689786 0.616200 0.691012 0.614824 0.691948 0.613598 0.692454 0.612710 0.693072 0.608103 0.692120 0.607114 0.682720 0.598207 0.680370 0.595981 0.678988 0.594758 0.677350 0.593890 0.676046 0.594944 0.656234 0.615853
0 0.585609 0.851722 0.585894 0.854738 0.586687 0.858016 0.601891 0.870070 0.603014 0.869230 0.605026 0.866693 0.611060 0.859083 0.621117 0.846399 0.621982 0.844732 0.620865 0.841576 0.619473 0.840191 0.609442 0.832237 0.606934 0.830249 0.605801 0.829632 0.601246 0.831395 0.600484 0.831844 0.599439 0.832820 0.598269 0.834175 0.588304 0.846743 0.587183 0.848277 0.586277 0.849761 0.585724 0.850971
0 0.780384 0.430734 0.780411 0.432375 0.783893 0.447994 0.784567 0.449498 0.787196 0.449031 0.789108 0.448620 0.798588 0.446507 0.804908 0.445098 0.817547 0.442280 0.818759 0.441995 0.814537 0.423057 0.809254 0.420749 0.808577 0.420888 0.807274 0.421171 0.805546 0.421553 0.789783 0.425068 0.787897 0.425491 0.786149 0.425888 0.784805 0.426199 0.784071 0.426377 0.784054 0.426394
0 0.619954 0.574352 0.623122 0.586756 0.623659 0.588407 0.625090 0.589431 0.656495 0.581412 0.656275 0.579934 0.653064 0.567358 0.651090 0.566187 0.649018 0.565279 0.636614 0.568446 0.621109 0.572405
0 0.742287 0.927296 0.744525 0.931244 0.745837 0.932992 0.752013 0.940488 0.754072 0.942987 0.756131 0.945485 0.756863 0.946219 0.781820 0.925656 0.779241 0.921759 0.767016 0.906922 0.761855 0.908104 0.760455 0.908793 0.758965 0.909857 0.746587 0.920056 0.745229 0.921337 0.744206 0.922645 0.743673 0.923782
0 0.736838 0.195738 0.737040 0.197614 0.738927 0.203731 0.739871 0.206789 0.741759 0.212905 0.742508 0.214107 0.747732 0.215378 0.748453 0.215388 0.749760 0.215140 0.751454 0.214671 0.766780 0.209941 0.768609 0.209322 0.770303 0.208644 0.771604 0.208010 0.772313 0.207517 0.775648 0.201929 0.769926 0.183389 0.768691 0.183501 0.762504 0.185410 0.747037 0.190184 0.743943 0.191139 0.740850 0.192094 0.739027 0.192926
0 0.052964 0.619125 0.057224 0.638054 0.062933 0.640153 0.063467 0.640080 0.064672 0.639840 0.066367 0.639470 0.082122 0.635924 0.084041 0.635481 0.085884 0.635035 0.087371 0.634653 0.088274 0.634395 0.088459 0.634298 0.092537 0.629755 0.092652 0.628046 0.090544 0.618678 0.089841 0.615556 0.089138 0.612434 0.088316 0.610999 0.057057 0.618034
0 0.528249 0.404294 0.531453 0.416688 0.531890 0.418144 0.562911 0.410125 0.563200 0.409712 0.563639 0.409084 0.563307 0.407408 0.560058 0.394841 0.558082 0.393677 0.554940 0.394489 0.551798 0.395301 0.539231 0.398549 0.529806 0.400986 0.528642 0.402963
0 0.756401 0.543539 0.757005 0.545725 0.759795 0.547308 0.762586 0.548891 0.779330 0.558387 0.782121 0.559969 0.786054 0.560805 0.788271 0.560193 0.794690 0.548874 0.795150 0.547405 0.766887 0.531376 0.766269 0.531303 0.764432 0.531087 0.763825 0.531016 0.762731 0.532376
0 0.816560 0.681907 0.826785 0.698187 0.827534 0.698642 0.832105 0.701414 0.833658 0.702355 0.837468 0.702685 0.838750 0.702350 0.840353 0.701658 0.842033 0.700714 0.843530 0.699663 0.844614 0.698667 0.845122 0.697878 0.846529 0.694753 0.847045 0.692495 0.845303 0.689721 0.840077 0.681400 0.838335 0.678627 0.830601 0.674543 0.828395 0.674039 0.817554 0.680848
0 0.745795 0.255796 0.773477 0.272085 0.774738 0.271035 0.776651 0.269441 0.777797 0.267771 0.784396 0.256557 0.783819 0.254330 0.781016 0.252680 0.766998 0.244431 0.758587 0.239482 0.756360 0.240059 0.752835 0.243633 0.746327 0.254693
0 0.517128 0.697450 0.520006 0.702161 0.539092 0.705647 0.539428 0.704292 0.540592 0.697922 0.544082 0.678814 0.544663 0.675629 0.544902 0.673836 0.544491 0.672244 0.542866 0.671760 0.539718 0.671185 0.530273 0.669460 0.527124 0.668885 0.525579 0.668790 0.521754 0.672118 0.521660 0.672252 0.521448 0.673087 0.521151 0.674494 0.520815 0.676260 0.517933 0.692038 0.517607 0.693900 0.517339 0.695582 0.517171 0.696829
0 0.218461 0.674837 0.218559 0.680285 0.235058 0.690495 0.237484 0.688751 0.254344 0.661505 0.253265 0.660478 0.242379 0.653741 0.239657 0.652057 0.237997 0.651388 0.232190 0.653022 0.231642 0.653537 0.230789 0.654601 0.229761 0.656053 0.228714 0.657671 0.220215 0.671404 0.219313 0.672935 0.218697 0.674141
0 0.314078 0.840501 0.314268 0.842793 0.324197 0.851202 0.325641 0.851844 0.346639 0.827049 0.346995 0.826292 0.348399 0.823297 0.347348 0.821890 0.337555 0.813597 0.335294 0.813784 0.318707 0.833370 0.316634 0.835819
0 0.020084 0.300314 0.020171 0.305617 0.037931 0.313976 0.044320 0.316548 0.047449 0.317807 0.048647 0.316568 0.054099 0.304985 0.053332 0.302855 0.050437 0.301492 0.047541 0.300129 0.038854 0.296041 0.028065 0.291269 0.025886 0.292054 0.024025 0.293323 0.023033 0.294049 0.021994 0.295331 0.021068 0.296974 0.020397 0.298725
0 0.269795 0.756278 0.275081 0.771778 0.277160 0.772800 0.289560 0.768571 0.291354 0.767729 0.292807 0.765866 0.295652 0.762215 0.289447 0.744019 0.284265 0.742741 0.283518 0.742807 0.282201 0.743130 0.280515 0.743661 0.278714 0.744319 0.277071 0.745006 0.275832 0.745617 0.275188 0.746060 0.272574 0.748921
0 0.893785 0.862263 0.894317 0.863113 0.896280 0.865640 0.902170 0.873222 0.904134 0.875750 0.905579 0.877445 0.909326 0.880932 0.914211 0.879966 0.915763 0.879287 0.917336 0.878249 0.930090 0.868342 0.931441 0.867108 0.932358 0.865870 0.934864 0.861095 0.922961 0.845772 0.919089 0.842607
0 0.249971 0.188314 0.251669 0.194412 0.252291 0.195033 0.253407 0.195996 0.254845 0.197152 0.256388 0.198328 0.269271 0.207882 0.270690 0.208903 0.271774 0.209616 0.272359 0.209915 0.277997 0.210253 0.279204 0.209299 0.283017 0.204158 0.288736 0.196446 0.289448 0.194811 0.287503 0.191992 0.285957 0.190671 0.280756 0.186814 0.262553 0.173315 0.261529 0.172730
0 0.070653 0.397908 0.071716 0.398272 0.084234 0.402139 0.093738 0.404376 0.095739 0.403320 0.096684 0.400262 0.097629 0.397204 0.100463 0.388030 0.099406 0.386029 0.096756 0.381679 0.096209 0.381503 0.095018 0.381130 0.093365 0.380618 0.091498 0.380043 0.089701 0.379492 0.088244 0.379049 0.087349 0.378781 0.082550 0.377371 0.082348 0.377317 0.076447 0.379154
0 0.582650 0.303242 0.583864 0.305152 0.599485 0.308627 0.605665 0.305477 0.606894 0.303215 0.607118 0.302588 0.607470 0.301328 0.607897 0.299626 0.608333 0.297741 0.608711 0.295965 0.608974 0.294569 0.609080 0.293766 0.606842 0.288767 0.587682 0.284504 0.587477 0.285006 0.587071 0.286004 0.586469 0.287484 0.585876 0.288943 0.585430 0.290746
0 0.095273 0.975190 0.095679 0.976262 0.128145 0.977550 0.129863 0.975344 0.132411 0.972072 0.132895 0.969928 0.133404 0.957105 0.131865 0.955439 0.125454 0.955184 0.109425 0.954548 0.103014 0.954294 0.101347 0.955833 0.095789 0.962188
0 0.061436 0.769950 0.062224 0.782876 0.062421 0.786107 0.063025 0.787391 0.068815 0.789908 0.070060 0.790030 0.071797 0.789993 0.087918 0.789010 0.089876 0.788821 0.091751 0.788509 0.093254 0.788122 0.094158 0.787720 0.099007 0.782809 0.097837 0.763620 0.096699 0.763416 0.080726 0.764390 0.067948 0.765170 0.065855 0.765570 0.061844 0.768024
0 0.792287 0.198988 0.792320 0.200304 0.792639 0.201993 0.793195 0.203800 0.798712 0.218861 0.799424 0.220517 0.800184 0.221776 0.800879 0.222446 0.804322 0.225533 0.805477 0.225297 0.820503 0.219793 0.822374 0.218921 0.825352 0.216324 0.825172 0.214476 0.822945 0.208396 0.816264 0.190157 0.815150 0.187117 0.814230 0.185960 0.796012 0.192633 0.793302 0.195447
0 0.695255 0.157968 0.696829 0.163494 0.715212 0.169120 0.717200 0.166063 0.726663 0.135141 0.725377 0.134245 0.709899 0.129508 0.708110 0.129463 0.703101 0.133111 0.702941 0.133244 0.702566 0.134079 0.702034 0.135485 0.701427 0.137250 0.700835 0.139106 0.696142 0.154443 0.695654 0.156114 0.695343 0.157351
0 0.101259 0.774261 0.101422 0.776191 0.101797 0.777973 0.102326 0.779334 0.104872 0.782821 0.106727 0.784207 0.109969 0.783738 0.119694 0.782330 0.122935 0.781860 0.131555 0.775417 0.132909 0.773604 0.131075 0.760934 0.130423 0.759647 0.111397 0.762402 0.110505 0.763004 0.108710 0.764216 0.105070 0.766674 0.104149 0.767296 0.103224 0.767921 0.101634 0.771123 0.101334 0.772481
