0 0.239579 0.318093 0.252152 0.347887 0.254421 0.349279 0.272133 0.341805 0.273141 0.336659 0.272988 0.335879 0.272550 0.334563 0.271894 0.332910 0.265658 0.318133 0.264881 0.316388 0.264098 0.314812 0.263428 0.313641 0.262973 0.313057 0.257455 0.310550 0.255683 0.310960 0.246735 0.314736 0.243752 0.315995 0.240770 0.317254
0 0.007785 0.584531 0.007861 0.586114 0.013024 0.597990 0.014315 0.600959 0.015521 0.602325 0.019956 0.601388 0.021972 0.600634 0.030778 0.596806 0.048388 0.589150 0.049340 0.588614 0.041676 0.570983 0.035529 0.569511 0.035253 0.569456 0.034301 0.569695 0.032816 0.570191 0.031025 0.570870 0.029201 0.571628 0.014390 0.578067 0.012818 0.578786 0.011743 0.579353 0.011329 0.579682
0 0.860085 0.074335 0.860278 0.076265 0.860659 0.077974 0.861171 0.079203 0.864476 0.084133 0.883466 0.081139 0.884346 0.080178 0.891531 0.072330 0.891734 0.070212 0.889693 0.057270 0.887821 0.055908 0.884585 0.056418 0.874879 0.057948 0.871644 0.058458 0.864964 0.065034 0.860768 0.070035 0.860350 0.070964 0.860110 0.072474
0 0.915514 0.851745 0.916124 0.853924 0.925860 0.862205 0.937278 0.868629 0.938193 0.869000 0.947817 0.851893 0.944863 0.845923 0.944593 0.845644 0.939482 0.841670 0.938583 0.841040 0.937183 0.840147 0.935496 0.839128 0.933778 0.838136 0.932286 0.837322 0.931247 0.836807 0.930817 0.836671 0.925540 0.837189 0.923361 0.837799 0.921791 0.840588
0 0.708808 0.798167 0.708831 0.799405 0.709875 0.805721 0.712485 0.821509 0.713529 0.827824 0.714034 0.829780 0.716012 0.832827 0.717859 0.832947 0.721053 0.832419 0.730635 0.830835 0.733829 0.830307 0.735154 0.829662 0.737175 0.824478 0.737270 0.823807 0.737192 0.822500 0.736952 0.820755 0.734318 0.804821 0.733954 0.802912 0.733523 0.801136 0.733090 0.799765 0.732722 0.799007 0.727776 0.795032
0 0.813623 0.625288 0.814641 0.631624 0.817186 0.647462 0.818204 0.653797 0.820042 0.655126 0.824504 0.657289 0.837351 0.655224 0.838564 0.654786 0.833408 0.622706 0.831103 0.621857 0.829584 0.621298 0.827622 0.621414 0.814952 0.623450
0 0.830292 0.138898 0.830581 0.140084 0.862573 0.141868 0.865923 0.138559 0.867003 0.119187 0.861762 0.116330 0.860464 0.115954 0.858708 0.115750 0.842583 0.114851 0.840642 0.114849 0.838819 0.115050 0.837393 0.115423 0.836581 0.115911 0.834716 0.117387 0.831651 0.120889 0.831183 0.122920
0 0.167943 0.200851 0.168086 0.202612 0.170092 0.218637 0.170409 0.220550 0.170851 0.222318 0.171350 0.223669 0.171829 0.224398 0.177107 0.228416 0.196183 0.226029 0.196332 0.224754 0.193550 0.202524 0.192755 0.196173 0.192204 0.194236 0.189360 0.191411 0.187395 0.191255 0.180970 0.192059 0.174545 0.192863 0.171333 0.193265 0.170108 0.193820 0.168239 0.198814 0.167997 0.199517
0 0.297464 0.620605 0.311652 0.633840 0.317214 0.633203 0.317706 0.632759 0.318621 0.631847 0.319822 0.630607 0.321125 0.629227 0.332065 0.617498 0.333277 0.616182 0.334219 0.615126 0.334747 0.614490 0.334779 0.614373 0.335231 0.609184 0.334250 0.607968 0.322548 0.597052 0.321173 0.596071 0.319521 0.596958 0.318208 0.598254 0.311583 0.605356 0.300542 0.617193 0.298334 0.619561
0 0.022542 0.036976 0.023701 0.038963 0.030250 0.045302 0.033352 0.046119 0.048865 0.050204 0.051968 0.051021 0.058173 0.052654 0.060132 0.051512 0.063400 0.039101 0.063308 0.037020 0.062304 0.035955 0.058240 0.031647 0.026819 0.023374 0.025855 0.024393
0 0.817832 0.709744 0.818259 0.710896 0.824575 0.722031 0.826154 0.724814 0.827318 0.726465 0.830342 0.728558 0.834071 0.729014 0.835358 0.728753 0.836977 0.728149 0.838678 0.727295 0.852725 0.719326 0.854245 0.718354 0.855345 0.717415 0.855859 0.716655 0.858469 0.712602 0.848896 0.695726 0.845702 0.693934
0 0.462895 0.503176 0.462914 0.504748 0.462959 0.506603 0.463439 0.522746 0.463504 0.524593 0.463578 0.526144 0.463650 0.527162 0.463709 0.527494 0.467072 0.530751 0.468652 0.530738 0.471888 0.530642 0.484832 0.530257 0.486466 0.530173 0.486590 0.529897 0.486557 0.528264 0.486462 0.525064 0.486177 0.515467 0.485796 0.502671 0.485700 0.499472 0.485636 0.497870 0.485504 0.497851 0.483869 0.497896 0.470925 0.498281 0.467689 0.498378 0.466110 0.498428 0.462943 0.501754 0.462905 0.502124
0 0.114344 0.135172 0.117028 0.137712 0.121421 0.141867 0.122287 0.142686 0.137195 0.154826 0.141977 0.152652 0.143230 0.151700 0.144486 0.150364 0.145556 0.148844 0.146278 0.147370 0.146543 0.146166 0.146703 0.144052 0.146473 0.141801 0.138202 0.133421 0.130583 0.127216 0.125503 0.123080 0.123199 0.123316 0.114926 0.133475
0 0.054086 0.379009 0.054748 0.379987 0.064196 0.388934 0.070188 0.390461 0.072456 0.390400 0.090105 0.371765 0.092311 0.369435 0.092249 0.367168 0.082932 0.358343 0.081287 0.357076 0.079357 0.356417 0.076428 0.355418
0 0.908564 0.411159 0.917522 0.441923 0.921379 0.441386 0.940008 0.435962 0.940848 0.431767 0.941049 0.430683 0.940940 0.429123 0.940538 0.427324 0.936023 0.411818 0.935390 0.410061 0.934625 0.408621 0.933845 0.407717 0.930968 0.404914 0.927023 0.405785 0.924998 0.406340 0.921925 0.407234 0.912707 0.409918 0.909634 0.410813
0 0.463741 0.252712 0.464073 0.254976 0.465426 0.256173 0.473294 0.261676 0.475917 0.263510 0.478540 0.265344 0.479828 0.265993 0.484614 0.264249 0.485229 0.263657 0.486135 0.262553 0.487194 0.261106 0.496385 0.247962 0.497440 0.246387 0.498333 0.244917 0.498931 0.243775 0.499140 0.243136 0.498173 0.237331 0.482273 0.226212 0.481325 0.227222 0.479469 0.229875 0.472048 0.240487 0.466482 0.248447 0.464627 0.251100
0 0.760342 0.048683 0.778449 0.055142 0.783781 0.051460 0.784032 0.051214 0.784531 0.050274 0.785203 0.048782 0.785944 0.046963 0.786643 0.045097 0.792069 0.029886 0.792615 0.028264 0.792923 0.027139 0.792947 0.026682 0.791887 0.020575 0.790699 0.019477 0.781552 0.016213 0.778502 0.015125 0.775453 0.014038 0.773612 0.014056 0.771107 0.018504 0.770260 0.020562 0.769184 0.023576 0.765958 0.032619 0.762732 0.041663 0.760582 0.047691
0 0.826190 0.967277 0.827263 0.969269 0.831815 0.975795 0.844248 0.979522 0.845402 0.979432 0.854708 0.948385 0.853074 0.946318 0.851454 0.944271 0.850649 0.943254 0.848716 0.942288 0.836453 0.938612 0.834461 0.939685 0.828028 0.961145
0 0.537542 0.703170 0.537628 0.703636 0.538153 0.706478 0.538242 0.706959 0.538332 0.707443 0.539707 0.708641 0.550348 0.716283 0.552634 0.715908 0.560276 0.705267 0.562187 0.702606 0.562148 0.695396 0.561433 0.693150 0.561054 0.692681 0.560138 0.691857 0.558825 0.690803 0.557314 0.689679 0.555833 0.688654 0.554605 0.687884 0.553817 0.687484 0.548756 0.687555
0 0.006190 0.480183 0.006427 0.481563 0.008042 0.484368 0.012889 0.492785 0.014505 0.495590 0.015872 0.496997 0.022594 0.498368 0.023542 0.498187 0.024978 0.497668 0.026685 0.496891 0.028405 0.495973 0.042304 0.487969 0.043781 0.487047 0.044794 0.486257 0.045192 0.485720 0.048071 0.481035 0.038478 0.464375 0.034213 0.464046
0 0.091274 0.882318 0.106109 0.895173 0.112414 0.893384 0.112688 0.893140 0.117141 0.888620 0.117886 0.887830 0.118996 0.886608 0.120302 0.885140 0.121608 0.883648 0.122715 0.882356 0.123457 0.881461 0.123721 0.881097 0.124095 0.875707 0.123933 0.873449 0.121515 0.871353 0.111840 0.862970 0.109583 0.863131 0.100449 0.871627 0.091869 0.881528
0 0.020294 0.375461 0.025282 0.379572 0.025545 0.379708 0.030999 0.381091 0.031984 0.381272 0.033548 0.381474 0.035453 0.381666 0.037412 0.381819 0.039129 0.381911 0.040344 0.381926 0.040874 0.381864 0.045082 0.379121 0.046785 0.377631 0.046998 0.374437 0.047635 0.364857 0.047847 0.361664 0.046357 0.359961 0.035744 0.356685 0.022671 0.355815 0.021597 0.355875
0 0.706949 0.033714 0.711424 0.036803 0.712808 0.037394 0.714571 0.037803 0.730412 0.040319 0.732291 0.040488 0.734007 0.040390 0.735301 0.040041 0.738593 0.038740 0.740798 0.034478 0.741330 0.032341 0.741838 0.029144 0.742346 0.025946 0.743869 0.016354 0.743841 0.015316 0.711904 0.010243 0.709964 0.014727
0 0.658415 0.410925 0.660321 0.415513 0.661689 0.416002 0.664792 0.416789 0.674099 0.419148 0.677201 0.419934 0.678957 0.420236 0.680610 0.419499 0.681217 0.417837 0.688376 0.389593 0.688555 0.388153 0.669748 0.383386 0.664861 0.386202 0.664554 0.386708 0.664113 0.387846 0.663608 0.389444 0.663112 0.391257 0.659172 0.406805 0.658761 0.408566 0.658495 0.410012
0 0.523299 0.784660 0.523570 0.787971 0.525579 0.795436 0.530637 0.799599 0.538224 0.805842 0.540529 0.805618 0.548854 0.795502 0.549837 0.793894 0.549490 0.791848 0.548810 0.787840 0.533965 0.775624 0.529164 0.777122 0.528467 0.777619 0.527454 0.778618 0.526277 0.779967 0.525113 0.781462 0.524139 0.782879 0.523502 0.784002
0 0.064248 0.890578 0.065122 0.906704 0.065337 0.908448 0.065747 0.909710 0.067901 0.913924 0.068488 0.915060 0.087862 0.914011 0.091635 0.910220 0.089901 0.878226 0.088772 0.877880 0.072793 0.878746 0.070705 0.879266 0.066738 0.882771 0.065490 0.884410 0.064935 0.885285 0.064504 0.886765 0.064262 0.888624
0 0.931538 0.056881 0.935290 0.075736 0.941426 0.077266 0.942629 0.077276 0.944319 0.077028 0.946242 0.076557 0.948107 0.075937 0.949633 0.075259 0.950587 0.074627 0.955827 0.069680 0.960707 0.061504 0.958150 0.048655 0.957510 0.045442 0.955585 0.044156 0.942735 0.046713 0.940614 0.047562 0.939586 0.048616 0.934521 0.053817 0.933522 0.054843 0.932528 0.055864
0 0.685230 0.411347 0.686615 0.411553 0.689808 0.411763 0.696195 0.412182 0.715357 0.413439 0.717202 0.413445 0.719209 0.412645 0.719568 0.410929 0.719992 0.404468 0.720416 0.398007 0.720628 0.394776 0.720479 0.393284 0.716396 0.389982 0.715592 0.389790 0.714185 0.389605 0.712392 0.389454 0.696276 0.388397 0.694375 0.388305 0.692662 0.388286 0.691401 0.388342 0.690781 0.388466 0.686488 0.392164
0 0.112507 0.692098 0.112778 0.695324 0.114951 0.721132 0.115532 0.722488 0.134866 0.720860 0.138208 0.718838 0.140127 0.715699 0.140441 0.714418 0.140578 0.712702 0.140517 0.710811 0.139171 0.694829 0.138923 0.693044 0.138522 0.691631 0.138030 0.690804 0.135520 0.686910 0.134342 0.686830 0.121585 0.687904 0.118396 0.688173 0.116363 0.688523 0.112818 0.690265
0 0.324876 0.935316 0.328153 0.954669 0.329566 0.954928 0.342484 0.952741 0.343825 0.950853 0.347395 0.940546 0.346861 0.937390 0.346327 0.934235 0.344724 0.924768 0.342879 0.923458 0.339667 0.922292 0.338817 0.921995 0.337397 0.921941 0.335624 0.922138 0.333765 0.922556 0.332101 0.923132 0.330882 0.923780 0.330297 0.924400 0.328483 0.926349 0.328089 0.927327 0.325690 0.933291 0.325284 0.934301
0 0.467815 0.349676 0.468257 0.351743 0.474286 0.359245 0.482325 0.369248 0.486345 0.374250 0.488600 0.374495 0.498603 0.366456 0.499853 0.365297 0.499853 0.364676 0.499852 0.363734 0.479498 0.338407 0.478206 0.339238 0.468064 0.347389
0 0.308001 0.836656 0.308848 0.842518 0.326234 0.851131 0.326752 0.850086 0.336812 0.829779 0.337718 0.827950 0.339686 0.823977 0.340589 0.822154 0.342048 0.819205 0.340795 0.818130 0.337927 0.816709 0.335059 0.815288 0.326455 0.811026 0.324821 0.810671 0.319597 0.813381 0.319522 0.813466 0.319120 0.814210 0.318452 0.815502 0.317618 0.817147 0.316747 0.818892 0.309578 0.833364 0.308805 0.834937 0.308251 0.836093
0 0.566513 0.610941 0.567128 0.611966 0.568172 0.613394 0.572036 0.618590 0.575900 0.623785 0.581697 0.631578 0.583629 0.634175 0.585562 0.636773 0.586428 0.637912 0.601996 0.626332 0.602350 0.621128 0.602265 0.620992 0.601754 0.620286 0.600892 0.619116 0.599812 0.617659 0.590173 0.604701 0.589043 0.603186 0.588039 0.601849 0.587315 0.600894 0.586981 0.600466 0.581939 0.599467 0.580561 0.600308 0.567721 0.609859
0 0.755475 0.816643 0.759267 0.821999 0.759972 0.822485 0.761299 0.823018 0.763045 0.823517 0.764944 0.823905 0.780877 0.826543 0.782632 0.826760 0.783969 0.826772 0.784685 0.826577 0.789738 0.824852 0.790338 0.823630 0.792982 0.807660 0.792908 0.805710 0.790226 0.802911 0.788316 0.802304 0.775686 0.800212 0.772528 0.799689 0.759899 0.797598 0.758615 0.797677
0 0.875830 0.684095 0.875950 0.684784 0.876476 0.685983 0.877329 0.687511 0.878379 0.689137 0.879469 0.690616 0.880433 0.691724 0.881125 0.692292 0.885557 0.694528 0.892025 0.696443 0.908832 0.686302 0.908464 0.685118 0.901696 0.673900 0.892513 0.669925 0.890316 0.669381 0.882095 0.674341 0.876615 0.677648 0.876071 0.679845
0 0.229425 0.124008 0.229581 0.124530 0.230066 0.125661 0.230807 0.127229 0.237880 0.141748 0.238761 0.143509 0.239644 0.145188 0.240395 0.146528 0.240898 0.147324 0.241079 0.147459 0.246548 0.150328 0.248276 0.150027 0.251154 0.148626 0.262663 0.143019 0.263831 0.141909 0.249799 0.113104 0.247488 0.109529 0.230045 0.118026
0 0.791019 0.484443 0.792373 0.503620 0.797169 0.506822 0.797928 0.506805 0.799309 0.506739 0.801101 0.506633 0.803030 0.506505 0.819140 0.505368 0.820905 0.505236 0.822231 0.505122 0.822915 0.505042 0.827331 0.501378 0.827595 0.499765 0.827368 0.496535 0.826456 0.483617 0.825965 0.482024 0.822981 0.482188 0.821016 0.482321 0.817823 0.482546 0.805053 0.483447 0.792283 0.484348
0 0.761957 0.452114 0.762074 0.456851 0.762381 0.457754 0.763082 0.459064 0.764071 0.460582 0.773279 0.473714 0.774408 0.475215 0.775510 0.476476 0.776418 0.477306 0.776994 0.477577 0.780353 0.478348 0.782943 0.478148 0.784595 0.477194 0.792548 0.471618 0.797849 0.467900 0.798829 0.467009 0.780263 0.440532 0.777698 0.441077
0 0.730479 0.048581 0.730537 0.050080 0.730838 0.051903 0.731334 0.053776 0.736185 0.069064 0.736803 0.070707 0.737453 0.071876 0.741582 0.076163 0.759906 0.070349 0.762308 0.066379 0.752529 0.035556 0.751278 0.035509 0.748192 0.036488 0.735848 0.040404 0.734035 0.041424 0.730672 0.047635
