0 0.289176 0.953043 0.300639 0.968697 0.306843 0.967704 0.307966 0.967127 0.309412 0.966154 0.322441 0.956612 0.323984 0.955397 0.325382 0.954128 0.326424 0.953000 0.326949 0.952185 0.328315 0.945475 0.327566 0.943675 0.320002 0.933347 0.318111 0.930765 0.316956 0.929965 0.291106 0.948896
0 0.038256 0.094204 0.043057 0.099928 0.044022 0.100509 0.045564 0.101110 0.047447 0.101638 0.049386 0.102014 0.065249 0.104385 0.066957 0.104554 0.068179 0.104490 0.074172 0.102655 0.074895 0.101526 0.075368 0.098361 0.075841 0.095196 0.077260 0.085700 0.077014 0.083641 0.073105 0.079794 0.071011 0.079069 0.055001 0.076676 0.048598 0.075719 0.042194 0.074762 0.041123 0.075014
0 0.799915 0.967170 0.801299 0.979897 0.801817 0.982038 0.802509 0.983144 0.806019 0.988750 0.807446 0.991029 0.808165 0.992176 0.827679 0.990054 0.829901 0.983935 0.829980 0.982722 0.829865 0.980986 0.829574 0.978993 0.829153 0.977051 0.828665 0.975456 0.828186 0.974452 0.824413 0.968998 0.817242 0.963676 0.814060 0.964022 0.810878 0.964368 0.801333 0.965406
0 0.905180 0.889260 0.918380 0.903237 0.922246 0.906962 0.927062 0.905385 0.928525 0.904610 0.929985 0.903443 0.941726 0.892354 0.942958 0.890978 0.943767 0.889607 0.945755 0.884758 0.945159 0.884026 0.938490 0.876965 0.934044 0.872258 0.932432 0.870653 0.928474 0.867260 0.926820 0.867939 0.919840 0.874531 0.910533 0.883321 0.905880 0.887717
0 0.791256 0.215861 0.794200 0.231590 0.794832 0.232857 0.826326 0.226962 0.829341 0.224439 0.825771 0.205368 0.820542 0.203630 0.819870 0.203491 0.818565 0.203557 0.816827 0.203820 0.800952 0.206792 0.799051 0.207210 0.797284 0.207719 0.795920 0.208239 0.795169 0.208692 0.791295 0.213961
0 0.610717 0.391885 0.628664 0.398777 0.633602 0.396532 0.633910 0.396052 0.634437 0.394956 0.635101 0.393410 0.635801 0.391651 0.641590 0.376574 0.642217 0.374876 0.642673 0.373504 0.642889 0.372667 0.641444 0.367653 0.640096 0.366920 0.637074 0.365759 0.624985 0.361117 0.623331 0.360698 0.622202 0.361973 0.621489 0.363625 0.620341 0.366613 0.615752 0.378564 0.613458 0.384539 0.611164 0.390515
0 0.521208 0.226696 0.521851 0.228865 0.530289 0.233446 0.535915 0.236500 0.538085 0.235857 0.542197 0.234584 0.542648 0.233962 0.543361 0.232789 0.544228 0.231240 0.545119 0.229551 0.545898 0.227976 0.546448 0.226753 0.546684 0.226070 0.547227 0.222884 0.545954 0.217055 0.528703 0.207690 0.527955 0.208788 0.521705 0.220302
0 0.253130 0.566671 0.254444 0.571388 0.254966 0.572150 0.255976 0.573226 0.257321 0.574450 0.269595 0.584946 0.271065 0.586129 0.272430 0.587085 0.273481 0.587668 0.274059 0.587791 0.277706 0.587687 0.279741 0.586885 0.292236 0.572274 0.291257 0.571151 0.288825 0.569071 0.286393 0.566991 0.271799 0.554511 0.269366 0.552431 0.267885 0.551449 0.265740 0.551925 0.264417 0.553215 0.258105 0.560596 0.253897 0.565517
0 0.313793 0.328340 0.313975 0.329711 0.314767 0.332850 0.317938 0.345406 0.321109 0.357961 0.321712 0.359693 0.323344 0.360978 0.325098 0.360745 0.334407 0.358394 0.340613 0.356826 0.341984 0.356270 0.343901 0.351491 0.343819 0.350644 0.343553 0.349241 0.343143 0.347495 0.339216 0.331945 0.338723 0.330115 0.338220 0.328473 0.337783 0.327268 0.337479 0.326684 0.332605 0.323589
0 0.012085 0.592074 0.012824 0.593164 0.023305 0.601025 0.025598 0.600698 0.036443 0.598396 0.042204 0.590715 0.044124 0.588155 0.046044 0.585594 0.045724 0.583354 0.044185 0.579806 0.043859 0.579090 0.042950 0.578094 0.041596 0.576969 0.040003 0.575884 0.038410 0.575003 0.037058 0.574460 0.036153 0.574337 0.030758 0.575202 0.023862 0.576371
0 0.539900 0.323138 0.540096 0.324922 0.542032 0.337577 0.543855 0.338917 0.550183 0.337949 0.553347 0.337465 0.569165 0.335045 0.572328 0.334561 0.573668 0.332738 0.574693 0.330411 0.572730 0.317581 0.572401 0.316190 0.540361 0.321091 0.540175 0.321916 0.539991 0.322733
0 0.174138 0.881793 0.174324 0.883752 0.175450 0.886788 0.179955 0.898928 0.180887 0.899984 0.211205 0.888734 0.213849 0.885175 0.207161 0.867151 0.201656 0.866397 0.201010 0.866352 0.199769 0.866622 0.198121 0.867166 0.183084 0.872746 0.181274 0.873484 0.179571 0.874307 0.178233 0.875089 0.177464 0.875711
0 0.520711 0.467029 0.521850 0.468991 0.534253 0.472284 0.535845 0.472664 0.536261 0.472347 0.544597 0.440942 0.543077 0.440457 0.530500 0.437118 0.528511 0.438273 0.528119 0.439122 0.524826 0.451525 0.521534 0.463928
0 0.608364 0.324369 0.612042 0.336664 0.612630 0.338015 0.643402 0.328810 0.644396 0.327624 0.644731 0.327224 0.645066 0.326823 0.644769 0.325064 0.641040 0.312598 0.639015 0.311506 0.632782 0.313370 0.610967 0.319896 0.609441 0.322373
0 0.434303 0.121893 0.435522 0.130074 0.436263 0.134327 0.436680 0.134962 0.437700 0.135805 0.439166 0.136728 0.440855 0.137592 0.442513 0.138265 0.443890 0.138647 0.444778 0.138680 0.449623 0.138255 0.457644 0.120784 0.457450 0.119040 0.457352 0.118162 0.456754 0.112808 0.455215 0.111672 0.443308 0.106205 0.441137 0.107010 0.438403 0.112963
0 0.152320 0.283777 0.154246 0.289387 0.154694 0.289786 0.155685 0.290579 0.157071 0.291646 0.169925 0.301423 0.171488 0.302597 0.172984 0.303695 0.174184 0.304550 0.174907 0.305030 0.175043 0.305065 0.181006 0.305153 0.182339 0.304102 0.184277 0.301554 0.188152 0.296459 0.190089 0.293912 0.192026 0.291364 0.192644 0.289850 0.167140 0.270454 0.164065 0.268334
0 0.649994 0.165908 0.650063 0.167834 0.650209 0.169586 0.650413 0.170899 0.650642 0.171575 0.653488 0.174785 0.655179 0.176289 0.667959 0.175542 0.671154 0.175355 0.672658 0.173664 0.676697 0.166029 0.675932 0.152950 0.675631 0.151723 0.656036 0.152869 0.652046 0.157936 0.650298 0.161868 0.650122 0.162680 0.650015 0.164099
0 0.654887 0.081500 0.659183 0.086246 0.665627 0.093364 0.667887 0.093476 0.672385 0.092885 0.672967 0.092639 0.673996 0.091895 0.675315 0.090766 0.676727 0.089423 0.678017 0.088068 0.678991 0.086906 0.679499 0.086114 0.681587 0.081301 0.682528 0.074571 0.669355 0.060019 0.668339 0.060604 0.658626 0.069396 0.655000 0.079240
0 0.854760 0.286836 0.857148 0.290932 0.857635 0.291719 0.858692 0.292702 0.860160 0.293733 0.873759 0.302236 0.875419 0.303160 0.877024 0.303842 0.878331 0.304177 0.879142 0.304113 0.881928 0.303822 0.885457 0.302009 0.886761 0.300408 0.891910 0.292173 0.893626 0.289428 0.895342 0.286683 0.895743 0.285558 0.868324 0.268415 0.864952 0.270535
0 0.165844 0.689712 0.167071 0.690067 0.176749 0.690882 0.189653 0.691968 0.196105 0.692511 0.198067 0.692424 0.200831 0.690663 0.201307 0.688850 0.201576 0.685661 0.202113 0.679283 0.202650 0.672904 0.202444 0.671506 0.198187 0.668363 0.197483 0.668088 0.196153 0.667832 0.194398 0.667633 0.178415 0.666288 0.176496 0.666177 0.174697 0.666170 0.173292 0.666268 0.172495 0.666456 0.167471 0.670378
0 0.231575 0.274916 0.231808 0.276180 0.238338 0.294475 0.241603 0.303622 0.242445 0.305371 0.244803 0.307153 0.246602 0.306836 0.261673 0.301456 0.262909 0.300691 0.264145 0.295517 0.264058 0.294761 0.263709 0.293444 0.263151 0.291764 0.257760 0.276658 0.257077 0.274865 0.256371 0.273225 0.255747 0.271988 0.255301 0.271341 0.249848 0.268394
0 0.784046 0.651373 0.785282 0.656808 0.785730 0.657343 0.786662 0.658286 0.787938 0.659496 0.799705 0.670396 0.801134 0.671692 0.802505 0.672882 0.803610 0.673786 0.804280 0.674265 0.810393 0.674746 0.811852 0.673761 0.820652 0.664261 0.822852 0.661886 0.823578 0.660513 0.799855 0.638537 0.797110 0.637269
0 0.678408 0.570805 0.679958 0.572461 0.682467 0.573472 0.688969 0.573687 0.695472 0.573902 0.711728 0.574439 0.713407 0.572867 0.713837 0.559862 0.713642 0.558169 0.713148 0.558034 0.711192 0.557502 0.679090 0.556441 0.678832 0.557979
0 0.586480 0.531168 0.586712 0.537313 0.586898 0.537475 0.587654 0.538034 0.588865 0.538905 0.590348 0.539955 0.591877 0.541027 0.593223 0.541957 0.594182 0.542606 0.594606 0.542874 0.595707 0.543372 0.600830 0.542618 0.612135 0.526571 0.610927 0.525659 0.600217 0.518113 0.597926 0.517699 0.595696 0.518086 0.592009 0.523319 0.590166 0.525935
0 0.664896 0.504571 0.673389 0.535466 0.674991 0.535794 0.693699 0.530651 0.695414 0.526180 0.695355 0.525197 0.695085 0.523701 0.694645 0.521920 0.690364 0.506347 0.689822 0.504558 0.689264 0.503041 0.688774 0.502027 0.688428 0.501670 0.685128 0.499470 0.683433 0.499475 0.681680 0.499900 0.675508 0.501596 0.666251 0.504141
0 0.284193 0.323579 0.288341 0.327869 0.288987 0.328103 0.290266 0.328313 0.291984 0.328470 0.293879 0.328548 0.309916 0.328841 0.311708 0.328830 0.313129 0.328731 0.313966 0.328558 0.318204 0.325779 0.318441 0.324378 0.318500 0.321178 0.318675 0.311579 0.318733 0.308379 0.318555 0.306558 0.316879 0.304770 0.315048 0.304515 0.308575 0.304397 0.302101 0.304279 0.289153 0.304043 0.285916 0.303984 0.284547 0.304180
0 0.351139 0.692099 0.351266 0.693912 0.353060 0.703457 0.353658 0.706638 0.356051 0.719365 0.356650 0.722547 0.357114 0.723879 0.376182 0.720294 0.379518 0.715486 0.379609 0.714841 0.379550 0.713575 0.379352 0.711881 0.379043 0.710016 0.376079 0.694253 0.375706 0.692494 0.375325 0.691102 0.374993 0.690288 0.371395 0.686788 0.369969 0.686870 0.366824 0.687461 0.357388 0.689235 0.354243 0.689827 0.352501 0.690340
0 0.592808 0.161266 0.593714 0.165070 0.594417 0.166106 0.595554 0.167345 0.596952 0.168600 0.609352 0.178773 0.610805 0.179857 0.612096 0.180609 0.613029 0.180915 0.617580 0.181589 0.618460 0.180715 0.622520 0.175767 0.628610 0.168344 0.629773 0.166726 0.630972 0.163646 0.629872 0.162231 0.627369 0.160177 0.607345 0.143750 0.605971 0.143136 0.593665 0.158137
0 0.635585 0.271230 0.635680 0.273491 0.645102 0.282157 0.647458 0.284323 0.654231 0.284134 0.654766 0.283606 0.655708 0.282618 0.656914 0.281320 0.658202 0.279907 0.659377 0.278592 0.660263 0.277576 0.660723 0.277012 0.662592 0.274418 0.663009 0.268603 0.648561 0.255315 0.647626 0.256234 0.638757 0.265877
0 0.081694 0.310666 0.082290 0.311653 0.084450 0.314065 0.090930 0.321300 0.095250 0.326123 0.099570 0.330946 0.101730 0.333357 0.103269 0.334754 0.106901 0.336267 0.108542 0.335387 0.115694 0.328981 0.120462 0.324710 0.121221 0.323441 0.120136 0.317916 0.119863 0.317341 0.119105 0.316314 0.117976 0.314991 0.107275 0.303043 0.105943 0.301620 0.104607 0.300308 0.103468 0.299306 0.102699 0.298768 0.096147 0.297722
0 0.405429 0.141772 0.406295 0.145051 0.433530 0.161930 0.434449 0.160956 0.436135 0.158236 0.437821 0.155516 0.441193 0.150075 0.442879 0.147354 0.443657 0.145589 0.443137 0.142315 0.442464 0.139357 0.442075 0.138686 0.441118 0.137728 0.439738 0.136629 0.438146 0.135557 0.424419 0.127049 0.422863 0.126171 0.421586 0.125624 0.420783 0.125491 0.415650 0.125280
0 0.012396 0.496126 0.012508 0.497592 0.016566 0.506416 0.021977 0.518181 0.024683 0.524063 0.025907 0.525505 0.030247 0.525271 0.032238 0.524574 0.043869 0.519225 0.046777 0.517887 0.047714 0.517238 0.047908 0.511651 0.047592 0.510224 0.046941 0.508548 0.040239 0.493976 0.039349 0.492301 0.038353 0.490876 0.037400 0.489916 0.034325 0.488128 0.030023 0.488019
0 0.198683 0.707272 0.200126 0.709063 0.213063 0.710454 0.215012 0.710384 0.215672 0.709897 0.218281 0.707971 0.221715 0.676035 0.220439 0.675662 0.207680 0.674290 0.203605 0.676720 0.201814 0.678163 0.201466 0.681397 0.200422 0.691100 0.199726 0.697569
0 0.724422 0.466130 0.724654 0.469322 0.725352 0.478898 0.725585 0.482090 0.725959 0.483667 0.730457 0.486769 0.731129 0.486725 0.732435 0.486634 0.734176 0.486509 0.736087 0.486371 0.752194 0.485197 0.753977 0.485067 0.755352 0.484964 0.756112 0.484904 0.756140 0.484898 0.760299 0.481166 0.758889 0.461815 0.757574 0.461889 0.747887 0.462594 0.734971 0.463535 0.728514 0.464006 0.726637 0.464165 0.724562 0.464493
0 0.394896 0.662991 0.394943 0.664210 0.395109 0.665886 0.395372 0.667761 0.397897 0.683712 0.398214 0.685494 0.398536 0.686906 0.398813 0.687732 0.402437 0.691372 0.421601 0.688338 0.422318 0.686613 0.417308 0.654966 0.415822 0.655040 0.409500 0.656040 0.403178 0.657041 0.400017 0.657542 0.398320 0.657973 0.394978 0.662413
0 0.726994 0.102580 0.737944 0.118382 0.743612 0.117900 0.744198 0.117731 0.745300 0.117127 0.746749 0.116178 0.759932 0.107043 0.761514 0.105891 0.762993 0.104707 0.764146 0.103670 0.764797 0.102938 0.766721 0.096437 0.766108 0.094640 0.760576 0.086657 0.756888 0.081335 0.755670 0.080490 0.729091 0.098908
0 0.068715 0.126872 0.069141 0.130081 0.070849 0.142918 0.071557 0.144933 0.075480 0.148183 0.077551 0.148374 0.080724 0.147953 0.106104 0.144578 0.107241 0.143960 0.104707 0.124903 0.101055 0.121437 0.099248 0.120212 0.098353 0.119758 0.096863 0.119470 0.095003 0.119392 0.093058 0.119536 0.077049 0.121665 0.075323 0.122009 0.074085 0.122499 0.069000 0.125700
0 0.148159 0.988194 0.148239 0.989214 0.167242 0.993129 0.172771 0.988398 0.173277 0.987395 0.173852 0.985828 0.174410 0.983937 0.174867 0.982007 0.178103 0.966298 0.178390 0.964616 0.178465 0.963432 0.176753 0.957232 0.175555 0.956386 0.166151 0.954449 0.159882 0.953158 0.157923 0.953353 0.154763 0.957542 0.154037 0.959656 0.151424 0.972340 0.149465 0.981852
0 0.524160 0.042925 0.524179 0.044826 0.524215 0.046786 0.524264 0.048509 0.524319 0.049734 0.524370 0.050276 0.527777 0.055234 0.546997 0.054787 0.547541 0.049633 0.547762 0.047538 0.547985 0.045423 0.548003 0.043254 0.547698 0.030157 0.546023 0.028557 0.529651 0.028938 0.528052 0.030614 0.524509 0.034802 0.524468 0.035051 0.524186 0.040396 0.524163 0.041369
0 0.568765 0.414449 0.569957 0.418670 0.570175 0.418975 0.570977 0.419626 0.572240 0.420525 0.573774 0.421536 0.587300 0.430157 0.588876 0.431128 0.590259 0.431917 0.591242 0.432403 0.591672 0.432511 0.595784 0.431671 0.596669 0.431040 0.597651 0.429595 0.604612 0.418675 0.606352 0.415945 0.607098 0.414679 0.579829 0.397298 0.579098 0.398238
