0 0.561573 0.402994 0.562974 0.403733 0.574746 0.408766 0.576846 0.407924 0.577915 0.406643 0.581742 0.397692 0.589396 0.379790 0.588542 0.377660 0.576607 0.372558 0.575028 0.372068 0.574510 0.372950 0.574169 0.373532
0 0.461940 0.309520 0.462288 0.311264 0.462917 0.312969 0.464088 0.315948 0.465259 0.318926 0.468773 0.327861 0.469324 0.329155 0.473430 0.330374 0.473807 0.330464 0.474808 0.330271 0.476279 0.329826 0.477999 0.329196 0.492925 0.323326 0.494638 0.322606 0.496088 0.321902 0.497056 0.321320 0.497394 0.320950 0.499142 0.317429 0.499134 0.315742 0.492033 0.297686 0.490518 0.298044 0.475453 0.303968 0.463402 0.308708
0 0.559054 0.089229 0.559486 0.092034 0.559683 0.092814 0.560401 0.093958 0.561529 0.095291 0.562896 0.096612 0.574946 0.107198 0.576349 0.108311 0.577580 0.109051 0.578452 0.109304 0.583124 0.110377 0.595813 0.095935 0.596699 0.092202 0.572406 0.070858 0.571421 0.071578 0.567147 0.076442 0.560737 0.083739 0.559599 0.085434
0 0.579893 0.125870 0.582454 0.129027 0.583351 0.129775 0.584768 0.130551 0.586490 0.131238 0.601685 0.136373 0.603457 0.136868 0.605014 0.137097 0.606122 0.137026 0.610247 0.136129 0.616403 0.117916 0.617478 0.114386 0.586843 0.104032 0.586425 0.105108 0.584352 0.111242 0.582279 0.117376 0.581243 0.120443 0.580631 0.122413
0 0.117559 0.585648 0.121316 0.598199 0.122256 0.601337 0.124294 0.602436 0.132883 0.600095 0.145147 0.596423 0.146276 0.596074 0.140763 0.577657 0.135176 0.575666 0.135046 0.575661 0.130802 0.576541 0.129952 0.576750 0.128515 0.577141 0.126710 0.577656 0.124814 0.578214 0.123117 0.578731 0.121881 0.579127 0.121294 0.579341 0.118659 0.583610
0 0.426043 0.248900 0.426720 0.251199 0.427684 0.252820 0.434723 0.263512 0.436483 0.266185 0.437292 0.267256 0.441956 0.267377 0.442893 0.267063 0.444240 0.266378 0.445792 0.265426 0.459188 0.256607 0.460716 0.255530 0.461992 0.254488 0.462823 0.253639 0.463080 0.253112 0.464054 0.249637 0.463722 0.247324 0.453052 0.231118 0.451646 0.231697 0.440830 0.238818 0.430014 0.245939 0.427310 0.247720
0 0.310190 0.115941 0.310260 0.116768 0.310783 0.119503 0.312515 0.122987 0.329251 0.132448 0.330233 0.131475 0.338109 0.117544 0.339684 0.114758 0.344409 0.106400 0.345019 0.104555 0.343587 0.100902 0.341997 0.099643 0.330724 0.093270 0.327906 0.091677 0.326697 0.091353 0.321802 0.094594 0.320895 0.095657 0.319935 0.097165 0.311988 0.111224 0.311125 0.112940 0.310494 0.114597
0 0.266540 0.031159 0.267084 0.032252 0.270297 0.038705 0.270824 0.039763 0.271349 0.040816 0.290013 0.045423 0.293981 0.040774 0.294508 0.039600 0.295003 0.037933 0.295391 0.036024 0.295613 0.034161 0.295635 0.032625 0.295453 0.031652 0.293075 0.026205 0.287680 0.019028 0.284501 0.018243 0.281321 0.017458 0.274961 0.015888 0.271781 0.015104 0.269799 0.016301 0.266659 0.029021
0 0.927180 0.403302 0.929436 0.408680 0.930309 0.409755 0.931605 0.410965 0.943869 0.421301 0.945394 0.422467 0.946921 0.423416 0.948219 0.424005 0.949092 0.424141 0.951680 0.423950 0.955854 0.423247 0.957424 0.421921 0.965769 0.412019 0.967855 0.409543 0.968357 0.408411 0.943630 0.387572 0.939569 0.388601
0 0.804322 0.725437 0.807134 0.727520 0.839466 0.728112 0.839888 0.726758 0.840185 0.710573 0.839821 0.708713 0.835103 0.704275 0.834294 0.703999 0.832877 0.703752 0.831068 0.703572 0.829140 0.703485 0.813104 0.703191 0.811344 0.703210 0.810014 0.703333 0.809316 0.703541 0.804675 0.706215
0 0.632238 0.539685 0.646023 0.553086 0.646358 0.553208 0.647032 0.553453 0.648746 0.554076 0.649094 0.554202 0.650410 0.553092 0.659542 0.543698 0.659509 0.541382 0.657161 0.539099 0.647767 0.529966 0.640989 0.528581 0.639369 0.528252 0.638929 0.528478 0.638046 0.529195 0.636855 0.530293 0.635536 0.531605 0.634287 0.532934 0.633298 0.534079 0.632719 0.534866 0.632638 0.535176
0 0.760096 0.326603 0.761396 0.326900 0.774173 0.327692 0.780588 0.323661 0.782323 0.322127 0.782526 0.318858 0.782931 0.312320 0.783336 0.305782 0.781803 0.304046 0.778754 0.301344 0.778011 0.301053 0.776635 0.300803 0.774837 0.300634 0.772892 0.300571 0.771099 0.300624 0.769734 0.300785 0.769003 0.301028 0.765910 0.303315 0.761285 0.307415
0 0.934534 0.275133 0.938723 0.279384 0.939871 0.280059 0.941497 0.280718 0.956654 0.285962 0.958514 0.286508 0.960333 0.286860 0.961835 0.286963 0.962792 0.286802 0.969109 0.283628 0.970181 0.281848 0.972298 0.275729 0.974415 0.269609 0.975473 0.266550 0.975453 0.265291 0.944892 0.254719 0.940820 0.256965
0 0.826843 0.131313 0.829322 0.143872 0.831201 0.145132 0.834341 0.144513 0.843761 0.142654 0.846901 0.142034 0.853206 0.135845 0.857314 0.131610 0.857719 0.130752 0.857920 0.129291 0.857883 0.127451 0.857615 0.125511 0.857157 0.123771 0.856579 0.122498 0.853040 0.117723 0.833782 0.121523 0.831458 0.124158 0.828410 0.127614 0.826907 0.129319
0 0.273662 0.228622 0.277335 0.241198 0.278053 0.243070 0.279598 0.244859 0.281625 0.247206 0.282625 0.248363 0.301079 0.242974 0.302702 0.237737 0.302630 0.237027 0.302339 0.235724 0.301875 0.234026 0.301306 0.232188 0.300720 0.230488 0.300204 0.229184 0.299838 0.228474 0.297510 0.225316 0.290495 0.222000 0.287351 0.222918 0.281063 0.224754 0.274775 0.226591
0 0.821861 0.655123 0.821943 0.657006 0.822182 0.658685 0.822540 0.659908 0.822966 0.660486 0.824888 0.662960 0.827890 0.664466 0.847292 0.664488 0.847695 0.663059 0.847699 0.659822 0.847707 0.653347 0.847722 0.640397 0.847729 0.633922 0.847329 0.632151 0.844150 0.630941 0.842156 0.630789 0.832555 0.630778 0.826154 0.630771 0.824925 0.630919 0.822569 0.634925 0.822208 0.635819 0.821966 0.637279 0.821880 0.639084
0 0.636525 0.191822 0.637900 0.193627 0.650617 0.195347 0.652381 0.195212 0.652732 0.194512 0.654150 0.191676 0.658505 0.159477 0.657077 0.158863 0.644183 0.157119 0.642353 0.158513 0.640396 0.163208 0.638245 0.179105 0.637385 0.185463
0 0.235089 0.947912 0.236639 0.949633 0.240406 0.951746 0.241797 0.952171 0.243601 0.952388 0.245542 0.952364 0.247322 0.952104 0.248667 0.951646 0.251649 0.949868 0.252805 0.947775 0.256765 0.940602 0.257758 0.921403 0.256437 0.920838 0.243653 0.920177 0.241972 0.921692 0.235935 0.931558 0.235427 0.941370
0 0.258169 0.717300 0.258196 0.723775 0.258264 0.739962 0.258278 0.743200 0.258292 0.746437 0.258578 0.747770 0.277980 0.747688 0.282407 0.743316 0.282692 0.742628 0.282931 0.741313 0.283086 0.739572 0.283135 0.737668 0.283067 0.721629 0.283003 0.719845 0.282834 0.718447 0.282587 0.717645 0.279878 0.713380 0.278529 0.713142 0.272128 0.713169 0.265727 0.713196 0.262527 0.713210 0.260653 0.713460 0.258442 0.715433
0 0.184358 0.469827 0.184744 0.471245 0.190791 0.482868 0.193000 0.483565 0.200018 0.483940 0.211375 0.478032 0.214214 0.476555 0.214895 0.474397 0.215753 0.470956 0.215588 0.470062 0.215080 0.468699 0.214304 0.467074 0.213380 0.465431 0.212445 0.464019 0.211641 0.463052 0.211091 0.462677 0.207914 0.461576 0.205216 0.461221 0.203848 0.461041 0.201771 0.460768
0 0.657809 0.874547 0.659267 0.878008 0.662106 0.880417 0.663335 0.880912 0.665026 0.881299 0.666919 0.881520 0.683035 0.882566 0.684837 0.882585 0.686265 0.882400 0.687103 0.882040 0.691537 0.880103 0.691863 0.878927 0.692283 0.872466 0.692912 0.862774 0.692794 0.860741 0.691029 0.857439 0.689214 0.856927 0.686020 0.856719 0.670051 0.855682 0.660470 0.855060 0.659055 0.855363
0 0.654259 0.433398 0.655009 0.437788 0.655074 0.438120 0.655668 0.438898 0.656698 0.440004 0.658008 0.441270 0.669783 0.452161 0.671179 0.453399 0.672454 0.454425 0.673414 0.455084 0.673912 0.455275 0.677780 0.455156 0.679423 0.454742 0.692598 0.440499 0.691632 0.439331 0.689256 0.437132 0.684503 0.432735 0.672620 0.421743 0.670243 0.419545 0.668860 0.418540 0.667314 0.419286 0.666036 0.420553 0.661689 0.425251 0.655169 0.432300
0 0.691729 0.584086 0.693501 0.584863 0.725764 0.587048 0.726134 0.585533 0.726353 0.582303 0.726572 0.579073 0.727228 0.569383 0.727075 0.567690 0.723050 0.563749 0.722390 0.563640 0.721100 0.563499 0.719377 0.563346 0.717483 0.563205 0.701480 0.562121 0.699695 0.562013 0.698286 0.561954 0.697464 0.561952 0.697358 0.562009 0.693028 0.564905
0 0.567860 0.952661 0.568330 0.955798 0.568648 0.957913 0.569802 0.959666 0.578402 0.969431 0.580697 0.969577 0.588021 0.963128 0.602669 0.950229 0.602815 0.947933 0.601401 0.941774 0.592920 0.932143 0.591965 0.931434
0 0.073858 0.145215 0.074055 0.147215 0.078555 0.152787 0.079471 0.153311 0.080967 0.153889 0.082815 0.154431 0.084735 0.154857 0.100505 0.157781 0.102211 0.158028 0.103451 0.158057 0.109459 0.156286 0.112964 0.137384 0.109388 0.134033 0.077592 0.128138 0.076809 0.129299 0.075628 0.135666
0 0.726679 0.448036 0.726937 0.453037 0.728035 0.453938 0.733465 0.457327 0.738896 0.460716 0.741611 0.462410 0.743246 0.463216 0.745494 0.462876 0.746634 0.461460 0.748349 0.458713 0.750063 0.455967 0.762062 0.436742 0.762615 0.435443 0.746155 0.425170 0.740418 0.426434 0.739907 0.426842 0.739086 0.427810 0.738081 0.429188 0.737044 0.430769 0.728552 0.444375 0.727636 0.445923 0.726979 0.447208
0 0.510539 0.118003 0.512130 0.118471 0.524961 0.118714 0.526595 0.117140 0.526966 0.111803 0.527028 0.108550 0.527336 0.092289 0.527459 0.085784 0.527520 0.082531 0.525925 0.080874 0.512915 0.080628 0.511276 0.081084 0.511172 0.084937 0.511147 0.085889
0 0.789701 0.171306 0.789930 0.172559 0.790539 0.174128 0.791437 0.175776 0.799919 0.189389 0.800971 0.190871 0.802022 0.191967 0.802912 0.192510 0.806701 0.194743 0.823018 0.184577 0.826002 0.181662 0.808902 0.154216 0.807885 0.154673 0.794146 0.163233 0.792434 0.164476 0.789757 0.167548
0 0.535609 0.102798 0.536926 0.104639 0.538477 0.106583 0.539464 0.107193 0.540975 0.107742 0.542781 0.108146 0.544609 0.108345 0.546184 0.108309 0.547267 0.108042 0.551192 0.106548 0.554341 0.087583 0.554970 0.082809 0.555354 0.079891 0.555483 0.078909 0.553933 0.078148 0.541008 0.076002 0.539125 0.077350 0.538588 0.080581 0.536442 0.093505
0 0.596569 0.917267 0.597033 0.919482 0.599303 0.929296 0.602044 0.931088 0.613010 0.938257 0.615277 0.937782 0.618756 0.936038 0.619471 0.935644 0.620432 0.934644 0.621490 0.933190 0.622484 0.931505 0.623260 0.929848 0.623701 0.928474 0.623739 0.927590 0.623198 0.924948 0.622341 0.921990 0.621495 0.919073 0.620660 0.916195 0.604569 0.905676 0.603574 0.906551
0 0.453945 0.935149 0.464435 0.951471 0.470273 0.950867 0.471572 0.950356 0.473125 0.949472 0.486711 0.940741 0.488274 0.939623 0.489603 0.938444 0.490497 0.937386 0.490818 0.936611 0.491639 0.933989 0.491715 0.930016 0.490860 0.928178 0.483939 0.917408 0.482208 0.914716 0.481322 0.913843 0.454367 0.931166
0 0.618234 0.886792 0.618588 0.887613 0.619286 0.888932 0.620222 0.890548 0.621252 0.892214 0.629947 0.905823 0.630911 0.907278 0.631658 0.908296 0.632075 0.908722 0.637345 0.911254 0.638868 0.910858 0.641596 0.909115 0.649780 0.903886 0.652508 0.902143 0.653695 0.900808 0.652288 0.897139 0.651252 0.895337 0.644360 0.884549 0.642637 0.881852 0.640914 0.879155 0.635744 0.871064 0.635037 0.870138 0.618836 0.880489
0 0.824537 0.346223 0.825567 0.347172 0.828368 0.348719 0.836773 0.353361 0.839575 0.354908 0.841366 0.355516 0.847486 0.353687 0.848123 0.353172 0.849020 0.352089 0.850042 0.350602 0.851030 0.348940 0.858838 0.334802 0.859639 0.333223 0.860129 0.331974 0.860232 0.331244 0.860152 0.325874 0.843168 0.316494 0.840026 0.318174
0 0.077950 0.191997 0.078155 0.195244 0.079593 0.217969 0.079799 0.221216 0.081525 0.222736 0.087279 0.226548 0.100086 0.225738 0.101230 0.225322 0.099202 0.193267 0.098280 0.192561 0.094551 0.189707 0.092456 0.189449 0.079471 0.190271
0 0.046300 0.052066 0.046496 0.053796 0.046934 0.055763 0.047546 0.057665 0.048238 0.059212 0.048904 0.060167 0.054090 0.065223 0.060028 0.069796 0.078976 0.066546 0.079187 0.065464 0.077023 0.052846 0.067127 0.042385 0.065236 0.041048 0.062008 0.041601 0.049095 0.043816 0.047758 0.045707 0.046376 0.050840
0 0.213302 0.437039 0.228281 0.449371 0.230768 0.449835 0.234216 0.449293 0.234800 0.449076 0.235760 0.448327 0.236949 0.447160 0.238188 0.445752 0.248383 0.433370 0.249488 0.431931 0.250294 0.430674 0.250679 0.429789 0.251134 0.425099 0.250183 0.424167 0.242771 0.418064 0.240300 0.416030 0.237829 0.413996 0.236292 0.412879 0.233856 0.412074 0.232519 0.413222 0.213999 0.435716
0 0.567952 0.981279 0.568580 0.985726 0.569742 0.987491 0.580572 0.999522 0.581561 1.000000 0.587130 0.998505 0.588363 0.997827 0.589764 0.996718 0.601767 0.985913 0.603118 0.984545 0.604208 0.983131 0.604870 0.981889 0.605595 0.978512 0.604628 0.974131 0.591766 0.959843 0.590472 0.960388 0.588093 0.962529 0.571442 0.977517 0.569064 0.979659
0 0.072643 0.624211 0.073393 0.625390 0.075882 0.627461 0.085837 0.635743 0.087558 0.636620 0.091334 0.635370 0.092825 0.633985 0.094872 0.631525 0.109200 0.614303 0.111247 0.611842 0.111827 0.610739 0.097049 0.598443 0.090508 0.599183 0.089731 0.599597 0.088600 0.600515 0.087287 0.601798 0.085992 0.603250 0.075663 0.615665 0.074589 0.617060 0.073903 0.618179 0.073710 0.618852
0 0.732544 0.751717 0.741697 0.768623 0.744495 0.771733 0.746205 0.773633 0.746781 0.774273 0.748510 0.773814 0.760031 0.767576 0.760691 0.765356 0.759132 0.762476 0.756013 0.756715 0.752894 0.750955 0.747113 0.745218 0.743308 0.743737 0.742664 0.743590 0.741475 0.743816 0.739922 0.744377 0.738240 0.745190 0.736683 0.746131 0.735485 0.747059 0.734829 0.747833
0 0.291615 0.552969 0.291972 0.556225 0.292329 0.559481 0.293400 0.569248 0.295206 0.570698 0.308230 0.569270 0.310080 0.569011 0.311839 0.568372 0.312706 0.568057 0.313992 0.567589 0.311897 0.548479 0.307459 0.545653 0.307348 0.545633 0.306525 0.545696 0.305118 0.545832 0.303338 0.546020 0.301456 0.546233 0.299755 0.546438 0.298492 0.546604 0.297860 0.546705 0.295510 0.547248
