0 0.601330 0.774333 0.602267 0.776867 0.603701 0.778130 0.606333 0.780016 0.614228 0.785672 0.616860 0.787557 0.618039 0.788166 0.622527 0.786296 0.623276 0.785764 0.624283 0.784701 0.625396 0.783268 0.634801 0.770139 0.635845 0.768561 0.636657 0.767084 0.637115 0.765932 0.637148 0.765283 0.636871 0.761878 0.635618 0.759481 0.619990 0.748285 0.618921 0.749303 0.617057 0.751904 0.613329 0.757108 0.604010 0.770117 0.602147 0.772718
0 0.169215 0.938281 0.171944 0.957720 0.173182 0.958027 0.186156 0.956205 0.187550 0.954356 0.194693 0.943969 0.193803 0.937630 0.192468 0.928122 0.190661 0.926760 0.186178 0.925210 0.184866 0.925110 0.183125 0.925255 0.181218 0.925622 0.179433 0.926157 0.178039 0.926779 0.177250 0.927393 0.173497 0.932363
0 0.963704 0.719248 0.973786 0.749661 0.974872 0.750234 0.975964 0.750810 0.977061 0.751388 0.979270 0.752551 0.981365 0.752334 0.993686 0.748250 0.994716 0.746199 0.989611 0.730798 0.985527 0.718478 0.983476 0.717448 0.976845 0.714466 0.964693 0.718493
0 0.091500 0.409453 0.103333 0.425114 0.104257 0.425289 0.107006 0.425808 0.111503 0.426657 0.113224 0.425776 0.123438 0.418058 0.123750 0.415817 0.121821 0.413263 0.114104 0.403049 0.106285 0.400420 0.101707 0.399261 0.100877 0.399351 0.099577 0.399877 0.098005 0.400759 0.096401 0.401864 0.095013 0.403020 0.094052 0.404051 0.093666 0.404799
0 0.583933 0.686558 0.583997 0.687169 0.587381 0.691679 0.589087 0.692107 0.598721 0.693345 0.605143 0.694170 0.606625 0.694152 0.610747 0.662079 0.609733 0.660595 0.590666 0.658144 0.587118 0.661779 0.586888 0.662634 0.586624 0.664061 0.586367 0.665845 0.584322 0.681753 0.584109 0.683627 0.583973 0.685314
0 0.275697 0.482119 0.275764 0.483110 0.276075 0.484612 0.276584 0.486396 0.277211 0.488187 0.277861 0.489710 0.278434 0.490732 0.278843 0.491098 0.282113 0.493122 0.284130 0.493186 0.286601 0.493264 0.304922 0.487441 0.304661 0.485930 0.300784 0.473730 0.298774 0.472689 0.294066 0.472050 0.287823 0.474034 0.281580 0.476018 0.278459 0.477010
0 0.717923 0.637978 0.725526 0.655636 0.727609 0.657074 0.757311 0.644287 0.756968 0.642967 0.755688 0.639993 0.754408 0.637019 0.753128 0.634046 0.750567 0.628099 0.749638 0.626466 0.747353 0.625308 0.744182 0.624016 0.743523 0.623997 0.742292 0.624272 0.740677 0.624797 0.738923 0.625492 0.724191 0.631834 0.722558 0.632597 0.721289 0.633314 0.720576 0.633876
0 0.180325 0.097983 0.180818 0.104233 0.181094 0.104625 0.181805 0.105580 0.182842 0.106954 0.192606 0.119818 0.193807 0.121395 0.194986 0.122929 0.195962 0.124186 0.196585 0.124975 0.196763 0.125177 0.202623 0.127186 0.204237 0.126644 0.206787 0.124710 0.214435 0.118905 0.216984 0.116970 0.217936 0.115563 0.215330 0.112011 0.214022 0.110273 0.208151 0.102537 0.202279 0.094800 0.198365 0.089643 0.196407 0.087064 0.195780 0.086253
0 0.333373 0.886800 0.351011 0.894884 0.356109 0.891750 0.356385 0.891236 0.356932 0.890101 0.357667 0.888518 0.364396 0.873837 0.365204 0.872053 0.365960 0.870347 0.366547 0.868979 0.366876 0.868158 0.366898 0.868007 0.365725 0.862142 0.364424 0.861061 0.349877 0.854393 0.348249 0.854132 0.334899 0.883259
0 0.637291 0.668810 0.637354 0.669380 0.638912 0.672737 0.640195 0.674333 0.658557 0.680600 0.659264 0.679277 0.663447 0.667022 0.668676 0.651702 0.669003 0.649997 0.667456 0.648624 0.665750 0.647937 0.656663 0.644835 0.650606 0.642768 0.649262 0.642414 0.645361 0.645166 0.644862 0.645992 0.644249 0.647361 0.643617 0.649065 0.638436 0.664244 0.637877 0.666031 0.637475 0.667633
0 0.523537 0.335957 0.525071 0.336500 0.528191 0.337211 0.534432 0.338633 0.553156 0.342898 0.554778 0.343074 0.555285 0.341624 0.555708 0.339862 0.556427 0.336706 0.557865 0.330393 0.559303 0.324079 0.559594 0.322706 0.556941 0.319472 0.556657 0.319151 0.555698 0.318716 0.554208 0.318231 0.552414 0.317771 0.536667 0.314184 0.534850 0.313821 0.533293 0.313612 0.532234 0.313588 0.531833 0.313752 0.528064 0.315524 0.527737 0.316889 0.526299 0.323202 0.524861 0.329515 0.524142 0.332672 0.523755 0.334442
0 0.367441 0.446940 0.367750 0.447064 0.368057 0.447187 0.369873 0.447914 0.370171 0.448033 0.371916 0.448202 0.384687 0.449083 0.386394 0.447597 0.386835 0.441211 0.387495 0.431632 0.383983 0.426000 0.382634 0.425140 0.382106 0.425014 0.380913 0.424856 0.379237 0.424690 0.377333 0.424541 0.375495 0.424432 0.374005 0.424380 0.373090 0.424392 0.372888 0.424468 0.368791 0.427357
0 0.559087 0.723084 0.559633 0.725145 0.560753 0.726637 0.562854 0.729099 0.564956 0.731562 0.573363 0.741412 0.579668 0.748799 0.580626 0.749741 0.595384 0.737146 0.595457 0.731386 0.595093 0.730802 0.594309 0.729751 0.593225 0.728392 0.592005 0.726931 0.581593 0.714732 0.580418 0.713387 0.579464 0.712358 0.578874 0.711800 0.573710 0.710603 0.572408 0.711401 0.562671 0.719712 0.560237 0.721790
0 0.944984 0.200546 0.945434 0.202769 0.956127 0.209864 0.957989 0.210419 0.962231 0.207737 0.963303 0.207059 0.981267 0.179984 0.980471 0.178713 0.969629 0.171519 0.967374 0.171975 0.960948 0.176486 0.959174 0.179159 0.957400 0.181832 0.946758 0.197872
0 0.756210 0.584197 0.768359 0.613846 0.770838 0.614897 0.788792 0.607540 0.789651 0.602566 0.789578 0.601710 0.789199 0.600332 0.788572 0.598643 0.782449 0.583699 0.781671 0.581962 0.780865 0.580448 0.780153 0.579388 0.779644 0.578943 0.776530 0.577618 0.773999 0.576907 0.772205 0.577426 0.766282 0.579853 0.757397 0.583494
0 0.142786 0.895978 0.142875 0.897110 0.174708 0.903618 0.175462 0.902684 0.178440 0.898988 0.179130 0.896959 0.181700 0.884386 0.180450 0.882494 0.174163 0.881208 0.152160 0.876710 0.150267 0.877961 0.145392 0.883230
0 0.891665 0.547987 0.891732 0.548848 0.892194 0.550179 0.892981 0.551778 0.893973 0.553405 0.895022 0.554813 0.895968 0.555790 0.896668 0.556185 0.899381 0.557090 0.900297 0.557221 0.904941 0.557885 0.907780 0.558290 0.924969 0.548811 0.924675 0.547434 0.918348 0.535962 0.916123 0.535319 0.906611 0.534511 0.895400 0.540693 0.892598 0.542239 0.891969 0.544413
0 0.190275 0.510525 0.197076 0.521618 0.198277 0.522978 0.198975 0.522925 0.199671 0.522872 0.201738 0.522714 0.229121 0.505927 0.228593 0.504552 0.221886 0.493612 0.219680 0.493083 0.215772 0.492986 0.212998 0.494686 0.199132 0.503187 0.190812 0.508288
0 0.013757 0.260244 0.020077 0.267768 0.024291 0.272784 0.035166 0.277978 0.038194 0.278482 0.039083 0.278538 0.040397 0.278114 0.041935 0.277275 0.043465 0.276149 0.044756 0.274905 0.045613 0.273732 0.047931 0.268646 0.035565 0.253926 0.034500 0.253361 0.032355 0.252224 0.025798 0.248750 0.023989 0.249510 0.013958 0.257937
0 0.656817 0.208868 0.656881 0.209500 0.657474 0.210531 0.658506 0.211804 0.659819 0.213126 0.661217 0.214298 0.662487 0.215143 0.663438 0.215532 0.667837 0.216372 0.680853 0.202224 0.681268 0.201541 0.684226 0.196671 0.684656 0.195962 0.683667 0.194497 0.674025 0.185627 0.671711 0.185723 0.660623 0.197776 0.656951 0.204685
0 0.138914 0.333779 0.157514 0.360323 0.158305 0.360646 0.160656 0.361605 0.161433 0.361921 0.163130 0.361161 0.173614 0.353814 0.174007 0.351586 0.164824 0.338480 0.159314 0.330617 0.157477 0.327996 0.152714 0.325604 0.150454 0.325207 0.139824 0.332655
0 0.454388 0.069893 0.454806 0.073831 0.456135 0.076309 0.456528 0.077017 0.457529 0.077917 0.458985 0.078870 0.460676 0.079734 0.475311 0.086297 0.476985 0.086943 0.478393 0.087274 0.479323 0.087241 0.484041 0.086943 0.491908 0.069401 0.491834 0.065423 0.462328 0.052190 0.461622 0.053149 0.458972 0.059057 0.457647 0.062011 0.454998 0.067919
0 0.911390 0.894156 0.920241 0.903406 0.921829 0.905025 0.923769 0.906888 0.926712 0.909714 0.928697 0.911620 0.930701 0.913543 0.944883 0.899973 0.943397 0.893625 0.943167 0.893304 0.942404 0.892454 0.941225 0.891204 0.939811 0.889744 0.938379 0.888301 0.937150 0.887095 0.936309 0.886309 0.931293 0.881869 0.930978 0.881630 0.925265 0.880881 0.923002 0.880831 0.920690 0.883043 0.911440 0.891894
0 0.034935 0.586726 0.037282 0.592153 0.038136 0.593235 0.039432 0.594455 0.051778 0.604866 0.053313 0.606034 0.054848 0.606966 0.056148 0.607522 0.057015 0.607617 0.059655 0.607573 0.063687 0.606588 0.076080 0.591891 0.075341 0.590755 0.072895 0.588691 0.053322 0.572185 0.051586 0.571235 0.047443 0.571893 0.045876 0.573214 0.039615 0.580639 0.035441 0.585589
0 0.129906 0.636476 0.136688 0.651383 0.138857 0.652195 0.143735 0.653836 0.143872 0.653785 0.147966 0.652017 0.148764 0.651665 0.150107 0.651063 0.151789 0.650304 0.153556 0.649502 0.155142 0.648778 0.156307 0.648242 0.156874 0.647975 0.159833 0.642915 0.151872 0.625416 0.149465 0.626283 0.147025 0.627162 0.145379 0.627755 0.144550 0.628054 0.142644 0.628882 0.130719 0.634307
0 0.788480 0.568100 0.791875 0.572623 0.792550 0.572841 0.793827 0.573235 0.795514 0.573744 0.810879 0.578347 0.812725 0.578896 0.814455 0.579403 0.815807 0.579792 0.816576 0.580003 0.816642 0.580003 0.822122 0.578009 0.822959 0.576549 0.827605 0.561042 0.827690 0.559423 0.796713 0.550143 0.793997 0.549684
0 0.021466 0.875680 0.021600 0.882236 0.039424 0.890457 0.040498 0.889547 0.041567 0.888641 0.044744 0.885948 0.047877 0.883292 0.048911 0.882414 0.050097 0.880524 0.055459 0.868899 0.054676 0.866776 0.051770 0.865435 0.043051 0.861414 0.040145 0.860074 0.031586 0.862960 0.026139 0.867181 0.025349 0.868010 0.024366 0.869391 0.023340 0.871115 0.022427 0.872918 0.021769 0.874521
0 0.306236 0.595564 0.307014 0.598723 0.311684 0.617674 0.313241 0.623991 0.315209 0.625181 0.327843 0.622067 0.329620 0.621537 0.330015 0.621256 0.330799 0.620697 0.331575 0.620143 0.323890 0.588956 0.322534 0.589238 0.310074 0.592309 0.307426 0.593596
0 0.155893 0.067306 0.159043 0.071267 0.184313 0.090966 0.185658 0.090172 0.187626 0.087648 0.193529 0.080075 0.195496 0.077551 0.196133 0.075804 0.194413 0.069520 0.194300 0.069177 0.193605 0.068382 0.192434 0.067253 0.190964 0.065962 0.189421 0.064708 0.176684 0.054778 0.175307 0.053756 0.174312 0.053125 0.173850 0.052981 0.167822 0.052004
0 0.782444 0.078244 0.782938 0.080102 0.786207 0.085606 0.789476 0.091109 0.791111 0.093861 0.792262 0.094773 0.819810 0.078410 0.822765 0.074515 0.812856 0.057834 0.806993 0.058175 0.806435 0.058215 0.805314 0.058686 0.803800 0.059517 0.789915 0.067764 0.788245 0.068825 0.786679 0.069950 0.785456 0.070967 0.784764 0.071721
0 0.400651 0.169641 0.402013 0.174172 0.402890 0.176259 0.405852 0.177469 0.423629 0.184731 0.426592 0.185941 0.429555 0.187151 0.431641 0.186275 0.436482 0.174424 0.437016 0.172568 0.436434 0.169543 0.436286 0.168778 0.406281 0.156521 0.405559 0.157625
0 0.437129 0.406162 0.437274 0.406379 0.437706 0.407023 0.437849 0.407236 0.439267 0.408206 0.450042 0.415119 0.452253 0.414636 0.466078 0.393085 0.467806 0.390391 0.467323 0.388180 0.466868 0.386625 0.455943 0.379617 0.454630 0.378881
0 0.655592 0.488610 0.681694 0.507194 0.683372 0.507260 0.694626 0.491455 0.693048 0.486610 0.692409 0.485987 0.691274 0.485065 0.689813 0.483985 0.676657 0.474619 0.675101 0.473550 0.673690 0.472659 0.672642 0.472082 0.672115 0.471906 0.666742 0.472949 0.665624 0.474284 0.663767 0.476891 0.660055 0.482105 0.658199 0.484712 0.656343 0.487320
0 0.604137 0.620722 0.604223 0.620853 0.604744 0.621546 0.605619 0.622692 0.606716 0.624118 0.607868 0.625610 0.608902 0.626941 0.609662 0.627911 0.610031 0.628371 0.611310 0.629864 0.618014 0.630094 0.620609 0.628095 0.630987 0.620099 0.631284 0.617802 0.623288 0.607424 0.622145 0.606003 0.621861 0.605756 0.620457 0.604537 0.619630 0.603819 0.604401 0.615553
0 0.543749 0.622896 0.543849 0.623178 0.544255 0.624319 0.544669 0.625481 0.546320 0.629270 0.546731 0.629571 0.547780 0.630085 0.549308 0.630734 0.551081 0.631417 0.552827 0.632031 0.554278 0.632480 0.555211 0.632697 0.555486 0.632648 0.560654 0.629755 0.561787 0.626682 0.566318 0.614389 0.565348 0.612286 0.563854 0.609719 0.551842 0.605291 0.550398 0.604858
0 0.626541 0.632509 0.627710 0.633734 0.629462 0.634102 0.635880 0.634958 0.645508 0.636241 0.646942 0.636297 0.650329 0.632743 0.650636 0.631851 0.650957 0.630393 0.651241 0.628589 0.653375 0.612581 0.653580 0.610714 0.653672 0.609074 0.653638 0.607913 0.653484 0.607407 0.651215 0.604243 0.649830 0.603289 0.630774 0.600749 0.630413 0.602220 0.629990 0.605393 0.627030 0.627599 0.626608 0.630772
0 0.900635 0.466434 0.905134 0.470110 0.905720 0.470257 0.906969 0.470450 0.908693 0.470659 0.924636 0.472411 0.926578 0.472604 0.928449 0.472755 0.929967 0.472838 0.930900 0.472843 0.931104 0.472767 0.936480 0.469655 0.937162 0.468011 0.938576 0.455139 0.938929 0.451920 0.938599 0.450369 0.906455 0.446837 0.902734 0.447324
0 0.439332 0.591904 0.450654 0.622360 0.452121 0.621935 0.464317 0.617401 0.465275 0.615310 0.465753 0.613724 0.459045 0.595681 0.456809 0.589667 0.455691 0.586660 0.453629 0.585715 0.441600 0.590187 0.440028 0.590850 0.439751 0.591269
0 0.707244 0.362811 0.710019 0.366845 0.710757 0.367373 0.712055 0.368039 0.713715 0.368743 0.728659 0.374569 0.730435 0.375205 0.732062 0.375679 0.733295 0.375920 0.733946 0.375890 0.737097 0.374450 0.739287 0.373290 0.746335 0.355213 0.745112 0.354457 0.717965 0.343874 0.716206 0.343467 0.714227 0.344900 0.713401 0.346568 0.712238 0.349550 0.707588 0.361477
