0 0.231765 0.575939 0.232826 0.576919 0.243821 0.584043 0.246086 0.583559 0.251890 0.581649 0.253631 0.578963 0.258852 0.570905 0.260592 0.568219 0.260119 0.566006 0.259259 0.562358 0.258651 0.561720 0.257521 0.560825 0.256039 0.559808 0.254429 0.558822 0.252934 0.558016 0.251781 0.557513 0.251145 0.557389 0.248251 0.558056 0.242439 0.559466
0 0.508027 0.762170 0.510169 0.767603 0.511700 0.768473 0.526888 0.774072 0.528374 0.774314 0.539559 0.743973 0.539197 0.741739 0.521159 0.735090 0.516784 0.738039 0.516404 0.738753 0.515852 0.740040 0.515211 0.741705 0.509664 0.756754 0.509029 0.758549 0.508495 0.760208 0.508143 0.761480
0 0.038285 0.573056 0.049548 0.589133 0.058826 0.587297 0.060641 0.586279 0.071126 0.578934 0.071518 0.576705 0.067846 0.571462 0.062337 0.563599 0.054299 0.561692 0.049116 0.562409 0.048208 0.562706 0.046826 0.563387 0.045180 0.564347 0.043523 0.565440 0.042109 0.566499 0.041155 0.567360 0.040806 0.567892
0 0.296183 0.298812 0.297509 0.311724 0.300287 0.314307 0.302042 0.315735 0.305226 0.315408 0.314777 0.314427 0.330695 0.312791 0.332124 0.311036 0.330815 0.298301 0.330458 0.296476 0.329286 0.295069 0.328495 0.294120 0.296253 0.297433
0 0.852616 0.991983 0.855874 0.996528 0.872014 0.998716 0.883964 1.000000 0.888345 1.000000 0.888982 0.998716 0.889620 0.995542 0.890895 0.989194 0.891532 0.986020 0.891398 0.983873 0.887116 0.977661 0.886246 0.976960 0.884791 0.976222 0.882974 0.975559 0.881068 0.975072 0.865343 0.971914 0.863633 0.971675 0.862372 0.971719 0.856401 0.973134
0 0.890343 0.862552 0.891009 0.863291 0.899913 0.872533 0.905488 0.877727 0.907788 0.877770 0.928872 0.857458 0.928915 0.855158 0.919887 0.845787 0.918273 0.844216 0.916340 0.842625 0.913475 0.840267
0 0.601511 0.844345 0.601553 0.846339 0.602491 0.849539 0.604226 0.850019 0.607460 0.850171 0.613928 0.850475 0.617162 0.850627 0.633331 0.851386 0.634792 0.851056 0.635702 0.831675 0.634460 0.828638 0.632023 0.826582 0.631483 0.826135 0.630293 0.825722 0.628636 0.825406 0.626763 0.825234 0.610742 0.824482 0.608931 0.824481 0.607452 0.824649 0.606527 0.824963 0.602454 0.827136 0.602262 0.828360
0 0.493957 0.042119 0.494040 0.048450 0.494081 0.051550 0.505150 0.067269 0.510905 0.066465 0.512173 0.065889 0.513676 0.064942 0.515185 0.063768 0.516474 0.062543 0.517347 0.061452 0.517670 0.060662 0.517876 0.055552 0.517712 0.046883 0.515826 0.044205 0.508282 0.033493 0.506001 0.033097 0.495289 0.040640
0 0.478021 0.064143 0.478323 0.070136 0.478920 0.073288 0.479517 0.076440 0.483697 0.098505 0.485571 0.099783 0.498180 0.097395 0.499756 0.096634 0.499754 0.092898 0.499753 0.091953 0.493707 0.060029 0.492101 0.059820 0.479317 0.062242
0 0.109648 0.541820 0.109704 0.546491 0.109781 0.547458 0.110258 0.548863 0.111064 0.550493 0.118978 0.564571 0.119986 0.566170 0.121041 0.567489 0.121979 0.568327 0.125494 0.570009 0.128923 0.569368 0.145681 0.559947 0.145302 0.558484 0.143734 0.555694 0.139029 0.547324 0.132756 0.536165 0.131187 0.533375 0.129980 0.532017 0.126562 0.532313 0.124719 0.533143 0.116252 0.537902 0.110608 0.541075
0 0.153738 0.486451 0.154253 0.487790 0.161619 0.498625 0.163894 0.499059 0.171577 0.499080 0.179518 0.493683 0.184811 0.490084 0.185235 0.487861 0.185558 0.484255 0.185322 0.483409 0.184679 0.482130 0.183726 0.480611 0.182608 0.479083 0.181493 0.477775 0.180549 0.476886 0.179921 0.476551 0.176769 0.475923 0.174535 0.475756 0.169971 0.475416
0 0.376325 0.426662 0.390620 0.439781 0.391621 0.440333 0.413286 0.416726 0.412485 0.415957 0.398190 0.402838 0.393962 0.403344 0.393573 0.403487 0.392744 0.404152 0.391601 0.405238 0.390319 0.406579 0.379399 0.418477 0.378177 0.419864 0.377207 0.421081 0.376636 0.421942 0.376550 0.422316
0 0.031333 0.213931 0.041758 0.244621 0.044919 0.246383 0.047002 0.247544 0.049035 0.247317 0.061156 0.243200 0.062157 0.241170 0.061128 0.238140 0.055981 0.222988 0.053922 0.216927 0.052892 0.213896 0.046675 0.209918 0.044616 0.208903 0.032326 0.213078
0 0.359485 0.187353 0.359932 0.190535 0.360258 0.191257 0.362502 0.196215 0.362817 0.196910 0.378872 0.207484 0.379891 0.206482 0.386933 0.195791 0.386476 0.193574 0.383820 0.186405 0.378350 0.182802 0.370144 0.177397 0.367875 0.177864 0.364473 0.179076 0.363735 0.179599 0.362758 0.180683 0.361689 0.182164 0.360695 0.183815 0.359927 0.185382 0.359502 0.186624
0 0.635663 0.866292 0.636917 0.869677 0.638682 0.870294 0.641897 0.870675 0.657973 0.872577 0.667618 0.873718 0.669030 0.873476 0.671309 0.854208 0.669741 0.850965 0.667727 0.848805 0.667141 0.848302 0.665918 0.847791 0.664244 0.847348 0.662372 0.847041 0.646444 0.845156 0.644653 0.845030 0.643210 0.845104 0.642332 0.845367 0.637922 0.847201 0.637576 0.848393 0.637200 0.851571 0.636072 0.861106 0.635696 0.864285
0 0.146361 0.858073 0.150236 0.877084 0.156229 0.878699 0.157511 0.878669 0.159238 0.878399 0.175062 0.875173 0.176964 0.874704 0.178745 0.874110 0.180132 0.873481 0.180914 0.872915 0.184834 0.867232 0.184875 0.865245 0.181679 0.849565 0.180994 0.848395 0.149599 0.854794
0 0.652261 0.220284 0.670880 0.246360 0.671987 0.245720 0.677196 0.242001 0.679801 0.240141 0.682406 0.238281 0.685010 0.236421 0.686526 0.235189 0.688249 0.232742 0.688331 0.228707 0.687933 0.227549 0.687161 0.226066 0.686132 0.224485 0.676748 0.211341 0.675624 0.209908 0.674580 0.208848 0.673775 0.208321 0.669458 0.206425 0.653668 0.217700
0 0.698131 0.074901 0.701541 0.093821 0.707129 0.095484 0.708511 0.095508 0.710269 0.095287 0.712136 0.094855 0.713832 0.094275 0.715100 0.093637 0.715746 0.093035 0.718255 0.088302 0.721847 0.080277 0.721266 0.077053 0.720104 0.070606 0.719523 0.067383 0.718942 0.064160 0.717040 0.062839 0.704146 0.065162 0.702298 0.065961 0.701826 0.066973 0.700889 0.068982 0.699961 0.070973 0.698585 0.073926
0 0.728274 0.500036 0.728436 0.516074 0.728514 0.517920 0.728701 0.519496 0.728967 0.520563 0.731660 0.524031 0.733800 0.524253 0.735689 0.524265 0.748638 0.524134 0.751876 0.524101 0.753201 0.524057 0.752874 0.491721 0.751548 0.491728 0.745073 0.491793 0.741836 0.491826 0.735362 0.491892 0.733473 0.491917 0.731336 0.491991 0.728714 0.495581 0.728469 0.496630 0.728315 0.498194
0 0.263809 0.363546 0.263924 0.365217 0.264146 0.366415 0.264443 0.366959 0.266659 0.369712 0.268795 0.370905 0.270659 0.371116 0.280252 0.371498 0.283450 0.371625 0.286648 0.371752 0.288005 0.371669 0.289279 0.339653 0.287332 0.338172 0.267945 0.337400 0.265143 0.341386 0.264837 0.342257 0.264598 0.343708 0.264463 0.345520 0.263820 0.361657
0 0.181335 0.391980 0.184625 0.411101 0.189827 0.414335 0.190598 0.414385 0.191972 0.414304 0.193740 0.414103 0.195635 0.413813 0.211442 0.411093 0.213182 0.410758 0.214507 0.410426 0.215219 0.410149 0.219089 0.406482 0.219139 0.405012 0.217511 0.395549 0.216425 0.389241 0.215829 0.387535 0.213203 0.386496 0.211277 0.386640 0.204895 0.387738 0.182561 0.391581
0 0.570413 0.736240 0.571064 0.738423 0.572590 0.739430 0.589919 0.748207 0.598583 0.752595 0.599912 0.753034 0.608679 0.735725 0.606853 0.730136 0.606385 0.729667 0.605334 0.728938 0.603863 0.728062 0.602193 0.727171 0.587885 0.719924 0.586265 0.719149 0.584935 0.718606 0.584097 0.718378 0.579100 0.719090 0.578287 0.720267 0.576840 0.723122 0.575394 0.725977 0.572502 0.731687 0.571056 0.734542
0 0.472082 0.274747 0.472337 0.276809 0.472790 0.278608 0.473631 0.281696 0.476997 0.294047 0.479522 0.303310 0.480364 0.306398 0.480762 0.307722 0.499311 0.302667 0.501761 0.297755 0.501666 0.297133 0.501392 0.295893 0.500980 0.294224 0.500493 0.292381 0.496246 0.276799 0.495760 0.275069 0.495350 0.273723 0.495080 0.272965 0.490801 0.269645 0.489229 0.269804 0.486105 0.270655 0.476735 0.273209 0.473611 0.274061
0 0.209297 0.145507 0.209314 0.146810 0.209517 0.148571 0.209874 0.150519 0.210331 0.152354 0.210818 0.153797 0.211260 0.154627 0.214579 0.158597 0.219730 0.162819 0.238739 0.159948 0.238799 0.158755 0.236887 0.146096 0.230731 0.137817 0.228868 0.136442 0.222390 0.137420 0.212675 0.138888 0.211300 0.140752 0.209468 0.144861
0 0.503943 0.385750 0.504238 0.387453 0.504836 0.390597 0.507228 0.403173 0.507536 0.404636 0.511372 0.406956 0.511718 0.407010 0.512730 0.406919 0.514255 0.406696 0.516060 0.406377 0.531816 0.403379 0.533634 0.403009 0.535194 0.402645 0.536260 0.402341 0.536669 0.402143 0.539013 0.398648 0.539373 0.397712 0.535747 0.378651 0.534198 0.378813 0.527837 0.380023 0.505574 0.384259 0.503979 0.384695
0 0.839392 0.185032 0.839829 0.187252 0.850460 0.194385 0.852192 0.194928 0.859599 0.188512 0.870535 0.172211 0.867754 0.167431 0.866713 0.166293 0.865253 0.165159 0.863598 0.164204 0.862004 0.163573 0.860713 0.163364 0.858729 0.163616 0.856456 0.164064 0.848308 0.171743 0.842958 0.179716
0 0.429242 0.857486 0.442554 0.871601 0.443666 0.870920 0.448376 0.866478 0.457797 0.857593 0.464863 0.850929 0.466080 0.849414 0.466390 0.846216 0.465331 0.844656 0.463135 0.842327 0.454352 0.833014 0.453200 0.832230 0.448098 0.833290 0.447396 0.833634 0.446299 0.834457 0.444974 0.835633 0.433306 0.846637 0.431948 0.847992 0.430761 0.849323 0.429923 0.850431 0.429563 0.851146
0 0.547535 0.406809 0.547709 0.408499 0.548163 0.411667 0.549527 0.421171 0.551346 0.433843 0.551801 0.437011 0.552088 0.438525 0.571118 0.435794 0.571775 0.435200 0.574373 0.431826 0.574419 0.431372 0.574353 0.430256 0.574186 0.428649 0.573942 0.426794 0.571647 0.410808 0.571365 0.408997 0.571088 0.407511 0.570860 0.406577 0.570714 0.406337 0.567180 0.403191 0.565656 0.403309 0.559246 0.404229 0.549632 0.405609 0.547975 0.405948
0 0.134144 0.195239 0.135307 0.201202 0.135616 0.201632 0.136418 0.202554 0.137591 0.203827 0.148646 0.215600 0.150007 0.217027 0.151344 0.218383 0.152453 0.219463 0.153163 0.220101 0.153369 0.220203 0.159425 0.221388 0.173440 0.208229 0.172718 0.207396 0.170528 0.205062 0.155193 0.188730 0.153002 0.186397 0.151508 0.184870 0.148289 0.181959 0.146702 0.182699 0.139621 0.189347 0.134901 0.193779
0 0.376471 0.095441 0.380485 0.114655 0.380763 0.115553 0.381591 0.118223 0.382946 0.122592 0.386767 0.123968 0.387916 0.124174 0.389528 0.124135 0.391359 0.123857 0.393134 0.123382 0.394584 0.122781 0.395489 0.122146 0.397178 0.120079 0.398417 0.118185 0.397109 0.111920 0.395146 0.102521 0.392692 0.093222 0.390755 0.091954 0.377930 0.094633
0 0.337263 0.534025 0.337335 0.535041 0.337513 0.535364 0.339862 0.539151 0.359381 0.541234 0.361644 0.540571 0.361961 0.540478 0.362277 0.540385 0.362604 0.538748 0.363963 0.526018 0.362542 0.524257 0.359359 0.523917 0.349812 0.522898 0.346630 0.522559 0.343042 0.523086 0.338550 0.525650 0.338294 0.526054 0.337998 0.527140 0.337706 0.528741 0.337464 0.530614 0.337308 0.532470
0 0.022820 0.565986 0.040071 0.574866 0.044281 0.574181 0.058946 0.545693 0.058028 0.544908 0.043800 0.537584 0.041853 0.536894 0.037620 0.537234 0.035233 0.538360 0.034450 0.538738 0.033448 0.539714 0.032378 0.541141 0.031407 0.542800 0.024015 0.557159 0.023292 0.558792 0.022930 0.560144
0 0.158731 0.466912 0.159811 0.467542 0.177503 0.475562 0.183400 0.478235 0.186349 0.479571 0.188184 0.480263 0.191038 0.480443 0.192052 0.479008 0.193374 0.476093 0.197338 0.467348 0.198659 0.464433 0.198976 0.462934 0.196138 0.458223 0.195526 0.457838 0.194331 0.457225 0.192734 0.456476 0.178126 0.449854 0.176364 0.449080 0.174699 0.448397 0.173384 0.447908 0.172618 0.447688 0.166742 0.449240
0 0.226210 0.525810 0.226518 0.528084 0.239427 0.537912 0.244591 0.541843 0.249755 0.545774 0.252029 0.545466 0.255430 0.544842 0.263184 0.534656 0.263884 0.533421 0.238390 0.514013 0.237187 0.514077 0.235973 0.514142 0.235362 0.514175 0.234072 0.515482
0 0.738913 0.649013 0.741567 0.654129 0.742223 0.654482 0.743454 0.655081 0.745072 0.655834 0.746832 0.656627 0.761595 0.663175 0.763220 0.663884 0.764458 0.664398 0.765120 0.664639 0.770680 0.663501 0.778547 0.645765 0.775997 0.644431 0.746708 0.631439 0.745777 0.632752 0.744479 0.635677 0.740586 0.644454 0.739289 0.647380
0 0.896351 0.425305 0.899969 0.429432 0.900513 0.429840 0.901696 0.430385 0.903339 0.430985 0.918557 0.436049 0.920414 0.436614 0.922211 0.437060 0.923674 0.437319 0.924582 0.437353 0.930696 0.434824 0.936822 0.416414 0.935791 0.415807 0.932719 0.414784 0.929648 0.413762 0.911216 0.407629 0.908144 0.406607 0.906139 0.406205 0.902421 0.407063 0.901456 0.408688 0.900445 0.411725 0.898424 0.417798 0.896403 0.423872
0 0.361589 0.559420 0.361618 0.561030 0.361738 0.562893 0.363102 0.578986 0.363295 0.580812 0.363530 0.582316 0.363771 0.583268 0.363982 0.583524 0.367050 0.586842 0.386383 0.585204 0.387423 0.584424 0.384718 0.552497 0.383255 0.552572 0.370499 0.553653 0.367310 0.553924 0.365562 0.554121 0.364320 0.554621 0.361808 0.557866 0.361656 0.558309
