0 0.707310 0.738879 0.709225 0.741086 0.735613 0.759778 0.736821 0.758758 0.746178 0.745549 0.746828 0.743946 0.745043 0.738173 0.744421 0.737646 0.743296 0.736778 0.741841 0.735699 0.740275 0.734573 0.727187 0.725302 0.725743 0.724296 0.724637 0.723560 0.724034 0.723205 0.718422 0.723192
0 0.469876 0.637297 0.470822 0.638743 0.476710 0.646467 0.478673 0.649042 0.480636 0.651616 0.481639 0.652727 0.486356 0.652793 0.486631 0.652772 0.487450 0.652307 0.488691 0.651469 0.490162 0.650385 0.503006 0.640594 0.504479 0.639433 0.505724 0.638376 0.506551 0.637586 0.506835 0.637181 0.507355 0.633122 0.507288 0.631904 0.495633 0.616615 0.494365 0.617452 0.491820 0.619392 0.489275 0.621332 0.474003 0.632974 0.471458 0.634915 0.470151 0.636040
0 0.707070 0.627658 0.708984 0.628838 0.738682 0.641632 0.739598 0.640309 0.742160 0.634363 0.743441 0.631390 0.746003 0.625443 0.746359 0.623813 0.743623 0.618829 0.742965 0.618528 0.741735 0.617982 0.740120 0.617277 0.738367 0.616517 0.723636 0.610171 0.722003 0.609471 0.720734 0.608935 0.720021 0.608643 0.719974 0.608641 0.714677 0.610002
0 0.000000 0.916941 0.022718 0.909367 0.024830 0.908474 0.029180 0.904735 0.029302 0.902727 0.028471 0.899636 0.025975 0.890365 0.025143 0.887275 0.024183 0.886171 0.017808 0.884910 0.016660 0.885029 0.015008 0.885407 0.001168 0.889199 0.000000 0.889576
0 0.820728 0.283215 0.828446 0.300822 0.834173 0.301861 0.834756 0.301663 0.835937 0.301184 0.837536 0.300496 0.839311 0.299705 0.840995 0.298928 0.842333 0.298284 0.843122 0.297870 0.847112 0.295519 0.847235 0.295395 0.849245 0.290478 0.850088 0.288321 0.847458 0.282321 0.843513 0.273322 0.841355 0.272480 0.829356 0.277740 0.827473 0.278656 0.822945 0.281716
0 0.830159 0.567536 0.837469 0.578083 0.838771 0.579492 0.840333 0.579859 0.841909 0.580229 0.842702 0.580415 0.869407 0.561906 0.868910 0.560641 0.861497 0.549947 0.859234 0.549536 0.854295 0.548855 0.849021 0.552510 0.835837 0.561648 0.830563 0.565304
0 0.725751 0.765552 0.725970 0.766776 0.731695 0.785105 0.734558 0.794270 0.735304 0.796136 0.737478 0.798872 0.739298 0.798735 0.742388 0.797770 0.754749 0.793909 0.755998 0.793087 0.757356 0.787676 0.757332 0.786997 0.757056 0.785713 0.756571 0.784018 0.751756 0.768603 0.751137 0.766763 0.750481 0.765064 0.749888 0.763767 0.749448 0.763068 0.744102 0.759820
0 0.068972 0.426561 0.069106 0.427973 0.074187 0.439952 0.076320 0.440814 0.082145 0.441628 0.091006 0.437870 0.108727 0.430353 0.109577 0.428250 0.104566 0.416436 0.103485 0.414861 0.102574 0.414665 0.098884 0.413873
0 0.880074 0.292549 0.880159 0.293306 0.880977 0.298463 0.899158 0.304713 0.902846 0.302909 0.913358 0.272328 0.912305 0.271538 0.906182 0.269433 0.896997 0.266276 0.895010 0.266020 0.888912 0.269028 0.888281 0.269680 0.887508 0.270925 0.886711 0.272572 0.886012 0.274373 0.880798 0.289541 0.880298 0.291227
0 0.700112 0.546254 0.701360 0.548141 0.706071 0.549268 0.718908 0.551886 0.722118 0.552540 0.726462 0.550061 0.726839 0.549763 0.727309 0.548779 0.727799 0.547259 0.728234 0.545433 0.728548 0.543584 0.728692 0.541994 0.728645 0.540908 0.726729 0.536778 0.707496 0.532856 0.707013 0.532779 0.705575 0.532551 0.704627 0.532401 0.703222 0.532179 0.702670 0.533710
0 0.654262 0.398881 0.654882 0.400384 0.661254 0.411488 0.662847 0.414263 0.663830 0.415555 0.669078 0.416531 0.669620 0.416237 0.670721 0.415621 0.672212 0.414776 0.673865 0.413830 0.687872 0.405792 0.689431 0.404894 0.690651 0.404184 0.691346 0.403770 0.691412 0.403714 0.693391 0.398679 0.683734 0.381851 0.682542 0.382520 0.674118 0.387354 0.660079 0.395411 0.657271 0.397023 0.655687 0.397946
0 0.234412 0.172848 0.236844 0.175843 0.255854 0.178706 0.258965 0.174621 0.259390 0.173952 0.259802 0.172651 0.260139 0.170916 0.262528 0.155056 0.262740 0.153144 0.262796 0.151340 0.262686 0.149917 0.262428 0.149092 0.258415 0.143761 0.256535 0.143108 0.240528 0.140697 0.239229 0.140871
0 0.241920 0.688208 0.242813 0.691328 0.249065 0.713165 0.249959 0.716285 0.251965 0.717398 0.264444 0.713825 0.266274 0.713132 0.266814 0.712640 0.268949 0.710693 0.260130 0.679889 0.258866 0.680124 0.246558 0.683648 0.243034 0.686202
0 0.203190 0.941476 0.203500 0.957660 0.203873 0.958748 0.209224 0.961093 0.210576 0.961409 0.212354 0.961495 0.228501 0.961186 0.230426 0.961029 0.232198 0.960653 0.233546 0.960117 0.236205 0.958128 0.238619 0.953934 0.238251 0.934713 0.236950 0.934247 0.230550 0.934369 0.211351 0.934737 0.208151 0.934799 0.206216 0.935327 0.203501 0.939349
0 0.280742 0.445276 0.310799 0.457406 0.312104 0.457700 0.312535 0.457797 0.312964 0.457893 0.313777 0.456457 0.318568 0.444586 0.317683 0.442503 0.314715 0.441305 0.290972 0.431723 0.288065 0.430774 0.285953 0.431671 0.281096 0.443708
0 0.422224 0.022957 0.422547 0.023880 0.423261 0.025246 0.424255 0.026848 0.425381 0.028445 0.435013 0.041270 0.436102 0.042622 0.436992 0.043531 0.437550 0.043857 0.442619 0.046155 0.457992 0.034611 0.457604 0.030311 0.438185 0.004453 0.436819 0.004853 0.434230 0.006797 0.423875 0.014573 0.422670 0.016105
0 0.721687 0.072149 0.753042 0.078747 0.755380 0.074855 0.759375 0.055869 0.754975 0.052519 0.753629 0.051860 0.751881 0.051360 0.736077 0.048034 0.734201 0.047771 0.732489 0.047787 0.731203 0.048078 0.727731 0.049209 0.725646 0.053336 0.725059 0.055413 0.723082 0.064808 0.721764 0.071072
0 0.948471 0.167547 0.948842 0.169785 0.959277 0.177254 0.961110 0.177819 0.963236 0.176334 0.965381 0.174835 0.966461 0.174080 0.985372 0.147658 0.984613 0.146302 0.974032 0.138729 0.971763 0.139105 0.965276 0.144067 0.950338 0.164938
0 0.868052 0.433631 0.881065 0.447781 0.887502 0.447880 0.888285 0.447562 0.889492 0.446792 0.890941 0.445689 0.892409 0.444420 0.904296 0.433487 0.905554 0.432250 0.906406 0.431238 0.906722 0.430606 0.908388 0.425409 0.907764 0.424131 0.905573 0.421748 0.896807 0.412217 0.895254 0.411128 0.891636 0.411941 0.890010 0.413125 0.873520 0.428290 0.868809 0.432623
0 0.901442 0.153162 0.928938 0.169612 0.932901 0.166559 0.942863 0.149909 0.939678 0.145341 0.938660 0.144268 0.937184 0.143222 0.923325 0.134931 0.921623 0.134075 0.919960 0.133543 0.918590 0.133416 0.915113 0.133307 0.911312 0.136664 0.910021 0.138453 0.906734 0.143945 0.903448 0.149438 0.901805 0.152185
0 0.695664 0.460545 0.695767 0.462098 0.714938 0.463540 0.716924 0.463203 0.719578 0.460419 0.719896 0.460000 0.720221 0.458909 0.720504 0.457311 0.720702 0.455451 0.721913 0.439347 0.721994 0.437514 0.721945 0.435995 0.721775 0.435022 0.719350 0.430957 0.717989 0.430756 0.711533 0.430270 0.701848 0.429541 0.700002 0.429501 0.698171 0.430147 0.697825 0.431822 0.697104 0.441397 0.696864 0.444588 0.696144 0.454162
0 0.025222 0.270819 0.029396 0.275789 0.029662 0.275992 0.030637 0.276380 0.032171 0.276892 0.034031 0.277450 0.035936 0.277971 0.051460 0.282001 0.053126 0.282406 0.054305 0.282637 0.054818 0.282656 0.060582 0.280967 0.061486 0.279669 0.063899 0.270375 0.064703 0.267278 0.065507 0.264180 0.065412 0.262359 0.061397 0.260164 0.059323 0.259480 0.056189 0.258666 0.040521 0.254599 0.031120 0.252159 0.030097 0.252039
0 0.234862 0.370922 0.235642 0.371993 0.244368 0.381765 0.250212 0.384468 0.252472 0.384596 0.264408 0.373938 0.264536 0.371678 0.264727 0.367363 0.264294 0.366733 0.263430 0.365667 0.262266 0.364329 0.260977 0.362919 0.259758 0.361652 0.258793 0.360717 0.258230 0.360259 0.255418 0.358634 0.249503 0.357848
0 0.635944 0.475357 0.637132 0.476255 0.642504 0.479736 0.650562 0.484956 0.661306 0.491916 0.662835 0.492778 0.664340 0.492712 0.665410 0.491345 0.668931 0.485910 0.674211 0.477759 0.674889 0.476428 0.673163 0.471679 0.672477 0.471076 0.671287 0.470200 0.669776 0.469184 0.656222 0.460403 0.654625 0.459406 0.653192 0.458583 0.652140 0.458059 0.651631 0.457915 0.647750 0.458846 0.646397 0.459222
0 0.148373 0.539248 0.150596 0.558522 0.151800 0.558405 0.164665 0.556921 0.174313 0.555808 0.180745 0.555066 0.182720 0.554817 0.185625 0.554315 0.185801 0.552664 0.184701 0.543125 0.184334 0.539946 0.183967 0.536767 0.183422 0.535217 0.178436 0.532350 0.178377 0.532350 0.177586 0.532435 0.176182 0.532592 0.174378 0.532796 0.172450 0.533018 0.156407 0.534868 0.154656 0.535071 0.153355 0.535225 0.152702 0.535306
0 0.814328 0.646202 0.820125 0.677714 0.823083 0.679356 0.842165 0.675846 0.843760 0.671117 0.843956 0.670277 0.843929 0.668859 0.843684 0.667080 0.840762 0.651197 0.840337 0.649334 0.839798 0.647678 0.839228 0.646481 0.838714 0.645927 0.836314 0.644042 0.833235 0.642723 0.831281 0.642850 0.828133 0.643429 0.824985 0.644008 0.815542 0.645745
0 0.740884 0.920296 0.743110 0.924179 0.758356 0.936180 0.759656 0.935412 0.763661 0.930324 0.767666 0.925236 0.773673 0.917604 0.777677 0.912516 0.778357 0.910769 0.775808 0.907009 0.774236 0.905554 0.771721 0.903574 0.766691 0.899615 0.761661 0.895657 0.760702 0.895118 0.755724 0.897491 0.754568 0.898422 0.753362 0.899765 0.743442 0.912368 0.742367 0.913923 0.741581 0.915460 0.741205 0.916745
0 0.402631 0.589467 0.402650 0.591121 0.402733 0.593018 0.402868 0.594866 0.403034 0.596379 0.403206 0.597329 0.403357 0.597570 0.408091 0.601112 0.411361 0.600922 0.421170 0.600350 0.424440 0.600159 0.425979 0.598429 0.427672 0.596179 0.426926 0.583399 0.426750 0.581895 0.407557 0.583014 0.407345 0.583204 0.406052 0.584365 0.405833 0.584562 0.405613 0.584760 0.402788 0.587818 0.402680 0.588307
0 0.683521 0.882593 0.683943 0.883473 0.685650 0.887032 0.686657 0.888903 0.692985 0.900273 0.695197 0.900903 0.698039 0.899322 0.700882 0.897740 0.706567 0.894576 0.720779 0.886666 0.721409 0.884454 0.715082 0.873085 0.714042 0.871232 0.712562 0.868665 0.711587 0.866974
0 0.577148 0.610990 0.578216 0.623748 0.578439 0.625486 0.578619 0.625774 0.579716 0.627529 0.580089 0.628125 0.599649 0.626488 0.602362 0.622366 0.602468 0.622159 0.602496 0.621240 0.602441 0.619747 0.602312 0.617910 0.602128 0.616010 0.601918 0.614339 0.601714 0.613153 0.601547 0.612631 0.600380 0.611336 0.594556 0.607928 0.581799 0.608995 0.578610 0.609262
0 0.836244 0.119756 0.836414 0.120356 0.837952 0.125765 0.856800 0.129548 0.860097 0.126125 0.866460 0.094420 0.865297 0.093632 0.849426 0.090447 0.847437 0.090602 0.841853 0.094968 0.841330 0.095861 0.840744 0.097336 0.840182 0.099167 0.839731 0.101077 0.836575 0.116803 0.836301 0.118508
0 0.687569 0.947825 0.690184 0.954068 0.695817 0.965797 0.696293 0.966721 0.725583 0.952655 0.725141 0.951714 0.719507 0.939985 0.716489 0.933935 0.714349 0.933184 0.696997 0.941517 0.688321 0.945684
0 0.860128 0.943242 0.863455 0.947337 0.882835 0.948262 0.885652 0.942816 0.886016 0.941578 0.886206 0.939842 0.886976 0.923711 0.886963 0.921748 0.886747 0.919863 0.886364 0.918346 0.885872 0.917427 0.880858 0.912153 0.878824 0.911606 0.875627 0.911453 0.862840 0.910843 0.861655 0.911237
0 0.480769 0.034050 0.481034 0.040457 0.485580 0.048940 0.488611 0.054595 0.493158 0.063078 0.494674 0.065906 0.496845 0.066562 0.508156 0.060500 0.509581 0.059237 0.509670 0.055155 0.509692 0.054122 0.494343 0.025484 0.492903 0.025701 0.481435 0.031848
0 0.946184 0.624657 0.952871 0.631547 0.957329 0.636140 0.968028 0.639325 0.970344 0.639360 0.979746 0.630235 0.980359 0.628944 0.966688 0.614858 0.965600 0.614590 0.963439 0.614058 0.961298 0.613531 0.959177 0.613009 0.958124 0.612750 0.957075 0.612492 0.954486 0.612797 0.953623 0.612904 0.952367 0.613505 0.950910 0.614508 0.949471 0.615760 0.948266 0.617073 0.947479 0.618249 0.946218 0.622394
0 0.441691 0.915574 0.442345 0.917504 0.445231 0.923300 0.446674 0.926198 0.449561 0.931994 0.450340 0.932943 0.456133 0.933004 0.457507 0.932628 0.459155 0.931916 0.473612 0.924717 0.475278 0.923779 0.476702 0.922761 0.477666 0.921820 0.478025 0.921100 0.479287 0.918528 0.479476 0.914697 0.470907 0.897488 0.469507 0.897746 0.446588 0.909159 0.443723 0.910586 0.442225 0.911770
0 0.303758 0.284577 0.304236 0.285785 0.305644 0.288700 0.312687 0.303275 0.316913 0.312020 0.317828 0.313693 0.319496 0.315398 0.321143 0.314913 0.324025 0.313521 0.329788 0.310736 0.335551 0.307951 0.336805 0.307034 0.337788 0.301691 0.337515 0.300972 0.336957 0.299715 0.336198 0.298109 0.329220 0.283668 0.328374 0.281953 0.327566 0.280383 0.326918 0.279197 0.326530 0.278575 0.321228 0.276135
0 0.153506 0.766612 0.153598 0.768911 0.167940 0.782149 0.175111 0.788768 0.177410 0.788676 0.181845 0.784706 0.190549 0.775276 0.191283 0.774412 0.167681 0.752627 0.164603 0.754967 0.163825 0.755559 0.162331 0.757051
0 0.613200 0.137648 0.626577 0.151455 0.631941 0.150275 0.632543 0.149938 0.633566 0.149113 0.634853 0.147923 0.636212 0.146549 0.637435 0.145198 0.638340 0.144074 0.638786 0.143349 0.640400 0.139201 0.640012 0.131136 0.630896 0.121727 0.628617 0.119375 0.626301 0.119339 0.616892 0.128455 0.615580 0.130028 0.613459 0.136817
0 0.652058 0.796828 0.656660 0.828537 0.658107 0.831573 0.677308 0.828786 0.679600 0.823661 0.679650 0.822986 0.679559 0.821673 0.679340 0.819923 0.677021 0.803940 0.676708 0.802026 0.676350 0.800246 0.676002 0.798872 0.675717 0.798114 0.671084 0.794067 0.669304 0.793961 0.662970 0.794880 0.653468 0.796259
