0 0.426349 0.539712 0.427711 0.545750 0.432712 0.549981 0.440214 0.556326 0.442522 0.556133 0.443836 0.554850 0.452104 0.545076 0.453084 0.543904 0.438405 0.531489 0.433432 0.531883 0.432658 0.532254 0.432328 0.532581 0.431565 0.533428 0.430487 0.534667 0.429257 0.536109 0.428065 0.537531 0.427093 0.538715 0.426491 0.539481
0 0.552936 0.962494 0.553425 0.966767 0.554495 0.968573 0.560543 0.976172 0.562559 0.978705 0.564576 0.981238 0.565508 0.981947 0.571135 0.980694 0.572418 0.980076 0.573888 0.979048 0.586524 0.968990 0.587951 0.967713 0.589114 0.966384 0.589834 0.965209 0.590809 0.961809 0.589978 0.957582 0.578005 0.942540 0.576664 0.943031 0.559136 0.956982 0.556632 0.958975 0.554127 0.960969
0 0.122174 0.638990 0.122976 0.640203 0.132900 0.648618 0.135193 0.648429 0.140209 0.646388 0.150583 0.634153 0.158882 0.624365 0.158696 0.622104 0.148907 0.613805 0.147280 0.612896 0.144013 0.613942 0.143187 0.614207
0 0.359605 0.210456 0.359832 0.211108 0.360301 0.212353 0.360942 0.214003 0.366847 0.229035 0.367560 0.230832 0.368233 0.232495 0.368764 0.233770 0.369072 0.234464 0.374011 0.237417 0.375645 0.237132 0.387560 0.232451 0.390539 0.231280 0.391905 0.230387 0.380189 0.200565 0.379082 0.197798 0.361023 0.204892
0 0.570295 0.724589 0.570945 0.726664 0.572327 0.727890 0.574926 0.729820 0.593124 0.743326 0.595724 0.745255 0.596912 0.745935 0.608475 0.730355 0.607430 0.724631 0.606993 0.724117 0.606035 0.723244 0.604703 0.722147 0.603197 0.720992 0.590317 0.711433 0.588862 0.710391 0.587673 0.709616 0.586932 0.709228 0.581753 0.709151 0.580705 0.710197 0.574983 0.717907 0.573076 0.720477 0.571169 0.723047
0 0.756070 0.340224 0.756412 0.341875 0.757681 0.344813 0.762759 0.356565 0.763695 0.357871 0.793108 0.345162 0.795816 0.343731 0.788120 0.325921 0.782520 0.324773 0.781873 0.324993 0.780642 0.325485 0.779014 0.326174 0.764189 0.332580 0.762418 0.333359 0.760780 0.334107 0.759525 0.334709 0.758846 0.335073
0 0.334609 0.340100 0.336123 0.341564 0.337896 0.341959 0.344239 0.342815 0.347411 0.343243 0.366441 0.345810 0.367876 0.345848 0.370447 0.326796 0.367118 0.322180 0.366578 0.321896 0.365389 0.321555 0.363731 0.321212 0.361857 0.320916 0.345852 0.318757 0.344056 0.318557 0.342617 0.318483 0.341754 0.318546 0.337203 0.320872 0.336798 0.322269 0.336365 0.325477 0.334634 0.338311
0 0.752828 0.535766 0.755164 0.536096 0.787498 0.536515 0.787852 0.534939 0.787894 0.531702 0.788061 0.518753 0.787750 0.517115 0.783252 0.513575 0.782512 0.513552 0.781152 0.513523 0.779382 0.513493 0.777467 0.513466 0.761430 0.513258 0.759656 0.513237 0.758288 0.513227 0.757531 0.513228 0.757504 0.513241 0.753077 0.516543
0 0.312034 0.966501 0.312088 0.968432 0.312270 0.970418 0.312552 0.972154 0.312891 0.973372 0.313234 0.973888 0.316095 0.977588 0.317923 0.979011 0.330923 0.977390 0.334173 0.976984 0.335596 0.975156 0.339354 0.964294 0.337770 0.951591 0.337386 0.950518 0.318309 0.952897 0.314478 0.958597 0.312321 0.963930 0.312116 0.964920
0 0.092559 0.062778 0.097233 0.067793 0.123043 0.086911 0.124430 0.086096 0.132068 0.075784 0.131734 0.073540 0.126600 0.067594 0.105688 0.052104 0.103074 0.050168 0.100799 0.050507 0.093054 0.060963
0 0.913113 0.024580 0.915053 0.037234 0.915538 0.040397 0.917362 0.041736 0.922238 0.043139 0.923467 0.043243 0.925176 0.043083 0.927108 0.042684 0.928971 0.042107 0.930484 0.041436 0.931415 0.040775 0.936432 0.035435 0.941179 0.029332 0.938204 0.009930 0.937098 0.009605 0.924148 0.011590 0.914452 0.022755
0 0.722751 0.891434 0.724809 0.895051 0.743843 0.898817 0.747580 0.894063 0.748070 0.892818 0.748496 0.891102 0.751631 0.875259 0.751925 0.873342 0.752041 0.871522 0.751962 0.870078 0.751700 0.869229 0.747831 0.863735 0.745978 0.863008 0.736559 0.861144 0.730280 0.859902 0.728972 0.860003
0 0.175259 0.049864 0.178232 0.053984 0.189556 0.069520 0.194631 0.068628 0.196121 0.068030 0.197688 0.067058 0.210650 0.057611 0.212063 0.056410 0.213111 0.055159 0.215449 0.050648 0.212820 0.046496 0.211535 0.044664 0.207721 0.039431 0.202000 0.031582 0.201392 0.030817
0 0.649113 0.077853 0.653159 0.082813 0.657206 0.087773 0.659229 0.090252 0.661481 0.090481 0.671400 0.082388 0.672837 0.080897 0.673234 0.079936 0.675244 0.075062 0.676472 0.072083 0.664063 0.056874 0.658513 0.057958 0.657871 0.058127 0.656759 0.058797 0.655347 0.059865 0.653853 0.061168 0.652505 0.062505 0.651511 0.063671 0.651021 0.064489 0.649285 0.069495
0 0.388460 0.559380 0.388533 0.559665 0.392219 0.564268 0.395425 0.564939 0.408249 0.567622 0.410187 0.566355 0.412240 0.564838 0.414862 0.552307 0.415093 0.550799 0.396276 0.546861 0.394587 0.547624 0.394342 0.547735 0.394095 0.547847 0.390534 0.550103 0.390311 0.550534 0.389969 0.551630 0.389560 0.553226 0.389147 0.555076 0.388792 0.556897 0.388551 0.558408
0 0.363072 0.941178 0.363129 0.942701 0.363342 0.944572 0.363678 0.946506 0.366920 0.962327 0.367327 0.964021 0.367742 0.965212 0.368101 0.965717 0.371755 0.970091 0.390763 0.966196 0.391763 0.961928 0.385330 0.930539 0.383894 0.930368 0.377623 0.931653 0.371352 0.932938 0.368217 0.933581 0.366497 0.934399 0.363179 0.940236
0 0.372431 0.345605 0.372726 0.345963 0.373020 0.346319 0.373894 0.347376 0.375636 0.347694 0.388419 0.348833 0.390159 0.347377 0.391298 0.334595 0.392437 0.321812 0.392721 0.318617 0.391226 0.316088 0.389750 0.314324 0.376790 0.313169 0.375314 0.313241
0 0.928836 0.337363 0.954393 0.356818 0.958601 0.355492 0.959666 0.355156 0.961185 0.353694 0.969066 0.343340 0.968757 0.341061 0.958404 0.333179 0.950639 0.327268 0.945462 0.323328 0.943183 0.323637 0.937089 0.326062 0.929316 0.336273
0 0.258077 0.367700 0.270515 0.382885 0.274208 0.384770 0.275242 0.385297 0.276737 0.384414 0.286640 0.376302 0.286864 0.374050 0.284836 0.371574 0.280780 0.366622 0.276724 0.361671 0.271500 0.358434 0.267086 0.357385 0.266486 0.357430 0.265400 0.357941 0.263993 0.358841 0.262478 0.359992 0.261091 0.361217 0.260043 0.362329 0.259495 0.363157
0 0.843319 0.592567 0.843436 0.593978 0.850575 0.615213 0.852615 0.621280 0.853529 0.622937 0.856795 0.624073 0.858742 0.623701 0.867948 0.620606 0.871017 0.619574 0.874086 0.618542 0.875186 0.617890 0.876056 0.613008 0.876144 0.612140 0.875925 0.610735 0.875433 0.609007 0.870287 0.593699 0.869599 0.591917 0.868821 0.590360 0.868074 0.589265 0.867471 0.588799 0.864882 0.587239 0.861541 0.586440
0 0.389924 0.239559 0.390932 0.241943 0.405534 0.254447 0.406683 0.253512 0.408765 0.251081 0.415010 0.243788 0.425418 0.231633 0.426374 0.230109 0.425694 0.227615 0.424379 0.226248 0.421920 0.224142 0.412083 0.215719 0.410956 0.214996 0.406312 0.216432 0.405524 0.216911 0.404431 0.217892 0.403200 0.219226 0.392696 0.231493 0.391519 0.232972 0.390579 0.234365 0.390020 0.235458 0.389926 0.236087
0 0.110969 0.196694 0.114531 0.199471 0.145618 0.207231 0.146411 0.206014 0.150287 0.190488 0.150275 0.188579 0.146372 0.183049 0.145547 0.182541 0.144132 0.181931 0.142340 0.181312 0.140447 0.180779 0.124778 0.176867 0.123078 0.176503 0.121838 0.176365 0.121244 0.176474 0.115669 0.177869
0 0.732392 0.713122 0.734539 0.715091 0.736396 0.715668 0.739566 0.716325 0.749077 0.718294 0.752247 0.718950 0.753539 0.719025 0.756788 0.715484 0.757289 0.714698 0.757800 0.713320 0.758244 0.711561 0.761518 0.695746 0.761825 0.693879 0.761947 0.692196 0.761866 0.690955 0.761595 0.690343 0.760094 0.687359 0.757713 0.685644 0.738888 0.681746 0.738290 0.683106 0.737641 0.686240 0.734397 0.701910 0.732451 0.711312
0 0.907726 0.535352 0.908603 0.536181 0.930100 0.550090 0.932787 0.551828 0.934627 0.552758 0.938643 0.553245 0.940029 0.551948 0.941788 0.549230 0.948823 0.538357 0.949183 0.536955 0.946554 0.532008 0.946173 0.531474 0.945189 0.530644 0.943749 0.529645 0.930190 0.520872 0.928521 0.519859 0.926881 0.518991 0.925523 0.518401 0.924653 0.518177 0.918169 0.519211
0 0.498070 0.201697 0.498088 0.204428 0.498342 0.206346 0.499855 0.215827 0.500864 0.222148 0.501118 0.223413 0.532758 0.218363 0.533061 0.215761 0.530004 0.196601 0.525819 0.194781 0.524812 0.194605 0.523279 0.194623 0.521454 0.194835 0.505506 0.197380 0.503674 0.197752 0.502121 0.198225 0.501083 0.198729
0 0.117581 0.689717 0.122858 0.708624 0.128540 0.710292 0.129141 0.710245 0.130391 0.709977 0.132099 0.709529 0.134004 0.708969 0.135811 0.708383 0.137245 0.707862 0.138088 0.707485 0.142248 0.705100 0.142366 0.704928 0.146031 0.698251 0.143451 0.689002 0.141730 0.682837 0.139759 0.681726 0.127428 0.685167 0.125459 0.685809
0 0.163544 0.367777 0.163896 0.372101 0.164955 0.372677 0.173640 0.377024 0.179430 0.379922 0.181246 0.380785 0.184164 0.381876 0.185242 0.380580 0.195269 0.360546 0.198133 0.354822 0.198505 0.353223 0.181313 0.344619 0.178369 0.343183 0.174755 0.345377 0.173921 0.346142 0.172973 0.347431 0.172057 0.349049 0.164829 0.363491 0.164087 0.365185 0.163636 0.366690
0 0.915100 0.492608 0.919115 0.496760 0.919661 0.497015 0.920864 0.497392 0.922541 0.497835 0.938111 0.501688 0.940013 0.502131 0.941858 0.502508 0.943367 0.502762 0.944309 0.502854 0.944539 0.502769 0.950326 0.500309 0.951235 0.498738 0.952791 0.492452 0.955124 0.483024 0.954987 0.481474 0.923597 0.473706 0.919719 0.473947
0 0.495988 0.775746 0.512534 0.799811 0.514790 0.800228 0.525486 0.792874 0.526792 0.791617 0.526546 0.788941 0.526485 0.788280 0.508332 0.761878 0.507003 0.762485 0.496455 0.769738 0.496043 0.771963
0 0.036735 0.844297 0.036800 0.846198 0.044006 0.864237 0.047609 0.873256 0.048732 0.874326 0.066750 0.867128 0.070716 0.863767 0.071153 0.860365 0.071245 0.858993 0.070985 0.857276 0.070414 0.855472 0.064464 0.840578 0.063666 0.838957 0.062761 0.837759 0.058829 0.834013 0.057847 0.834225 0.054875 0.835412 0.051903 0.836599 0.042987 0.840161 0.040976 0.841145
0 0.890409 0.937849 0.894587 0.943910 0.895467 0.944578 0.896934 0.945309 0.898764 0.945990 0.900677 0.946518 0.916427 0.950091 0.918125 0.950383 0.919343 0.950393 0.925552 0.949049 0.926402 0.947990 0.927835 0.941675 0.929984 0.932204 0.929845 0.930128 0.925910 0.926190 0.923862 0.925349 0.914499 0.923224 0.911378 0.922516 0.905136 0.921100 0.895772 0.918976 0.894663 0.919101
0 0.723756 0.506566 0.725612 0.519232 0.727933 0.535065 0.729749 0.536416 0.732944 0.536923 0.745786 0.535040 0.747105 0.534765 0.742405 0.502695 0.739631 0.502665 0.737773 0.502894 0.725107 0.504750
0 0.606541 0.274130 0.609434 0.286633 0.609921 0.287953 0.641214 0.280713 0.641539 0.280209 0.642853 0.278168 0.642652 0.276326 0.639719 0.263649 0.637768 0.262431 0.634599 0.263164 0.631430 0.263897 0.615583 0.267563 0.609245 0.269030 0.608027 0.270981
0 0.442824 0.505424 0.443251 0.510116 0.444456 0.511131 0.449536 0.515145 0.454617 0.519159 0.457158 0.521166 0.458476 0.522143 0.458856 0.521941 0.459895 0.520660 0.461879 0.518149 0.473783 0.503081 0.477751 0.498058 0.478718 0.496799 0.463633 0.484881 0.463297 0.484742 0.458787 0.485217 0.458504 0.485487 0.457807 0.486294 0.456801 0.487516 0.455641 0.488968 0.445629 0.501641 0.444495 0.503095 0.443563 0.504324 0.442976 0.505142
0 0.509138 0.407627 0.533181 0.428806 0.534200 0.427687 0.538432 0.422883 0.542663 0.418080 0.544778 0.415679 0.545888 0.414380 0.546312 0.413589 0.545945 0.409292 0.545729 0.408929 0.544993 0.408134 0.543848 0.407026 0.542468 0.405776 0.530349 0.395101 0.528950 0.393903 0.527750 0.392945 0.526933 0.392372 0.526622 0.392271 0.522047 0.392214 0.509222 0.406773
0 0.281231 0.701387 0.282156 0.702742 0.291582 0.711711 0.293882 0.711654 0.296716 0.708744 0.301139 0.704096 0.309985 0.694799 0.314408 0.690150 0.316619 0.687826 0.316563 0.685558 0.307266 0.676712 0.305881 0.675808 0.304083 0.677436 0.303629 0.677848
