0 0.064968 0.732154 0.088303 0.754272 0.089951 0.753254 0.111980 0.730012 0.088739 0.707983 0.087086 0.708819
0 0.069800 0.648444 0.074917 0.651027 0.076265 0.650577 0.085473 0.647305 0.099182 0.620147 0.099057 0.619004 0.094057 0.616480 0.084560 0.619205
0 0.213741 0.166813 0.214887 0.168147 0.239327 0.188838 0.260019 0.164398 0.259054 0.163049 0.234516 0.142274
0 0.353973 0.683746 0.367323 0.712995 0.396572 0.699645 0.396986 0.698846 0.383690 0.669714 0.354558 0.683011
0 0.155270 0.721781 0.170346 0.750158 0.198723 0.735082 0.199928 0.734142 0.184913 0.705878 0.156649 0.720894
0 0.156766 0.896952 0.166507 0.927592 0.197147 0.917851 0.198360 0.916178 0.188657 0.885661 0.158139 0.895363
0 0.817898 0.490079 0.830577 0.519485 0.831905 0.519563 0.861429 0.506833 0.848699 0.477309 0.847304 0.477400
0 0.892516 0.383947 0.922739 0.394475 0.924437 0.394051 0.935007 0.363706 0.904662 0.353136 0.903043 0.353724
0 0.162575 0.613135 0.194252 0.618528 0.195476 0.618054 0.200847 0.586504 0.169297 0.581132 0.167969 0.581458
0 0.433831 0.065224 0.434096 0.066964 0.459375 0.086592 0.479003 0.061313 0.478919 0.059551 0.453538 0.039844
0 0.111849 0.352292 0.135881 0.373650 0.137339 0.374156 0.158611 0.350219 0.134675 0.328947 0.133207 0.328259
0 0.046866 0.817324 0.055735 0.848228 0.086639 0.839359 0.088294 0.838000 0.079460 0.807220 0.048680 0.816054
0 0.506760 0.319068 0.536701 0.330374 0.548008 0.300434 0.548201 0.299632 0.518140 0.288280 0.506787 0.318341
0 0.891554 0.598749 0.911009 0.624184 0.912661 0.624683 0.938198 0.605149 0.918664 0.579612 0.916988 0.579293
0 0.826656 0.263874 0.845327 0.289868 0.846715 0.289024 0.872813 0.270278 0.854067 0.244179 0.827968 0.262926
0 0.221537 0.925295 0.243783 0.948508 0.266996 0.926262 0.267929 0.924556 0.245772 0.901436 0.222652 0.923592
0 0.760097 0.402004 0.761424 0.407445 0.762541 0.407981 0.792096 0.400772 0.798584 0.398568 0.799361 0.397519 0.798002 0.391950 0.766182 0.399711
0 0.871858 0.419190 0.903846 0.420682 0.905469 0.420363 0.906966 0.388247 0.874850 0.386749 0.873349 0.387202
0 0.154405 0.294342 0.176832 0.317354 0.178125 0.318085 0.201045 0.295748 0.178708 0.272828 0.177417 0.271915
0 0.070184 0.219220 0.094543 0.240177 0.096165 0.241217 0.117038 0.216955 0.092776 0.196082 0.091141 0.194862
0 0.179434 0.946008 0.184392 0.978383 0.190058 0.977516 0.190924 0.976304 0.197640 0.965954 0.193035 0.935883 0.192298 0.934964 0.186762 0.935812
0 0.412835 0.931890 0.414656 0.937325 0.415742 0.937585 0.445227 0.927702 0.445712 0.926915 0.446953 0.917156 0.445173 0.911846 0.414827 0.922017
0 0.309780 0.333773 0.310400 0.334909 0.314520 0.338496 0.343302 0.348350 0.344408 0.347939 0.346222 0.342640 0.342624 0.338958 0.311636 0.328350
0 0.751454 0.628244 0.754343 0.660118 0.755365 0.660761 0.787367 0.657860 0.784466 0.625858 0.783328 0.625355
0 0.332955 0.714747 0.333042 0.746880 0.365175 0.746794 0.365714 0.745806 0.365628 0.713802 0.333624 0.713888
0 0.765271 0.922553 0.773653 0.953459 0.774753 0.955282 0.805783 0.946866 0.797368 0.915835 0.796178 0.914171
0 0.690955 0.021882 0.719294 0.036756 0.734167 0.008417 0.735108 0.006443 0.708127 0.000000 0.705829 0.000000 0.691722 0.019962
0 0.127883 0.685609 0.150495 0.708466 0.151894 0.707632 0.174659 0.685110 0.152138 0.662345 0.150740 0.662998
0 0.384624 0.259240 0.397655 0.288632 0.398064 0.289478 0.427339 0.276499 0.427047 0.275601 0.414016 0.246209
0 0.867039 0.828903 0.878731 0.858696 0.880252 0.860136 0.910164 0.848397 0.898425 0.818485 0.896831 0.817211
0 0.120150 0.057732 0.128086 0.088870 0.129574 0.090514 0.160587 0.082610 0.152683 0.051597 0.151288 0.049796
0 0.762942 0.288010 0.794429 0.293841 0.795612 0.293013 0.801467 0.261399 0.769853 0.255544 0.768772 0.256523
0 0.598200 0.695650 0.598595 0.696436 0.614568 0.724339 0.642471 0.708365 0.626498 0.680462 0.625991 0.679740
0 0.194921 0.924976 0.221780 0.938846 0.224394 0.937742 0.235850 0.907614 0.208999 0.894006 0.206344 0.894934
0 0.615405 0.067887 0.640048 0.088337 0.660498 0.063695 0.661143 0.061941 0.636402 0.041408 0.615869 0.066150
