0 0.351830 0.423124 0.352423 0.423432 0.382961 0.433008 0.392538 0.402470 0.392106 0.402078 0.361445 0.392464
0 0.639241 0.510651 0.654328 0.538877 0.654947 0.539033 0.683287 0.523887 0.668140 0.495547 0.667467 0.495565
0 0.675130 0.975318 0.675834 0.977229 0.689637 1.000000 0.691369 1.000000 0.719062 0.991327 0.718185 0.989360 0.703678 0.960811
0 0.617575 0.935909 0.618047 0.937661 0.636471 0.964010 0.662820 0.945586 0.662169 0.943802 0.643818 0.917559
0 0.824251 0.798769 0.843762 0.824161 0.845144 0.825464 0.870639 0.805875 0.851049 0.780380 0.849644 0.779258
0 0.613412 0.667958 0.623966 0.698172 0.624464 0.698968 0.654800 0.688371 0.644203 0.658036 0.643626 0.657403
0 0.060427 0.588090 0.087676 0.606263 0.097102 0.603833 0.100210 0.599174 0.099759 0.598120 0.074450 0.581241 0.064997 0.583046 0.063607 0.583321
0 0.105132 0.079425 0.106711 0.081107 0.138426 0.085404 0.142723 0.053689 0.141288 0.051896 0.109446 0.047583
0 0.805926 0.907937 0.806509 0.913508 0.813680 0.923182 0.846255 0.919774 0.845659 0.914073 0.837757 0.904607 0.837071 0.904126 0.806814 0.907291
0 0.084942 0.375952 0.086261 0.408058 0.087916 0.408426 0.119894 0.407112 0.118580 0.375135 0.117048 0.374633
0 0.281801 0.731188 0.292636 0.761439 0.322887 0.750604 0.323596 0.749602 0.312804 0.719471 0.282674 0.730263
0 0.090317 0.763626 0.113014 0.786398 0.114564 0.785251 0.137244 0.762645 0.114637 0.739964 0.113088 0.740929
0 0.094290 0.518049 0.121980 0.534352 0.123493 0.534214 0.139730 0.506634 0.112150 0.490397 0.110592 0.490359
0 0.772376 0.919190 0.778555 0.948977 0.784743 0.958950 0.785878 0.959854 0.791490 0.958690 0.784836 0.926619 0.778325 0.916866 0.772841 0.918004
0 0.698923 0.389506 0.713488 0.418025 0.714346 0.417696 0.742979 0.403072 0.728356 0.374439 0.699722 0.389062
0 0.322063 0.728405 0.350884 0.742656 0.351481 0.741685 0.365675 0.712980 0.336969 0.698786 0.336314 0.699585
0 0.311430 0.351531 0.325746 0.380320 0.326443 0.380799 0.355117 0.366540 0.340858 0.337867 0.340219 0.337215
0 0.053393 0.167916 0.053813 0.168659 0.064013 0.176233 0.069546 0.177105 0.074527 0.145490 0.064573 0.137196 0.058911 0.136304 0.058233 0.137198
0 0.722012 0.324613 0.753365 0.331037 0.759293 0.327084 0.760443 0.321469 0.759653 0.320607 0.729189 0.314366 0.728356 0.314895 0.723136 0.319127
0 0.317293 0.815202 0.330337 0.844569 0.359703 0.831526 0.360265 0.830199 0.347273 0.800950 0.318024 0.813941
0 0.414413 0.314807 0.427737 0.344048 0.428026 0.344671 0.457149 0.331401 0.456977 0.330723 0.443653 0.301483
0 0.011106 0.248373 0.013412 0.253621 0.024536 0.259253 0.053835 0.246374 0.051581 0.241247 0.041090 0.235193 0.040280 0.234928 0.011811 0.247442
0 0.715019 0.580709 0.743009 0.596228 0.743986 0.596615 0.759567 0.568512 0.731465 0.552931 0.730539 0.552719
0 0.480494 0.090630 0.480572 0.092268 0.484205 0.124065 0.516003 0.120432 0.516067 0.118908 0.512419 0.086982
0 0.291885 0.378203 0.296643 0.380987 0.324666 0.396446 0.327372 0.391542 0.326959 0.390392 0.323115 0.387958 0.295886 0.372937 0.294654 0.373184
0 0.925822 0.620042 0.948578 0.642573 0.950380 0.643146 0.973002 0.620299 0.950155 0.597677 0.948353 0.597286
0 0.920374 0.832429 0.920818 0.838013 0.930663 0.845920 0.963314 0.843323 0.962859 0.837609 0.961708 0.836661 0.951675 0.829345 0.921349 0.831758
0 0.568278 0.268221 0.599710 0.274347 0.600110 0.273440 0.606261 0.241883 0.574703 0.235732 0.574404 0.236790
0 0.598907 0.234150 0.629741 0.242726 0.630262 0.241693 0.638872 0.210735 0.607914 0.202124 0.607482 0.203316
0 0.586450 0.493967 0.616884 0.503927 0.617354 0.503943 0.627354 0.473386 0.596797 0.463386 0.596410 0.463532
0 0.939347 0.081244 0.944628 0.083109 0.945904 0.082382 0.955808 0.073106 0.966162 0.043783 0.965935 0.042471 0.960531 0.040563 0.950003 0.051066
0 0.735690 0.540741 0.759804 0.561812 0.760848 0.562060 0.782003 0.537849 0.757793 0.516694 0.756761 0.516627
0 0.475778 0.304636 0.475875 0.305418 0.501641 0.324434 0.520656 0.298668 0.520739 0.297859 0.494870 0.278767
0 0.625380 0.270477 0.639933 0.299002 0.668458 0.284449 0.669135 0.283583 0.654524 0.254943 0.625884 0.269555
0 0.058648 0.187089 0.058916 0.187937 0.069000 0.195071 0.074328 0.196797 0.084191 0.166351 0.074463 0.158545 0.069010 0.156778 0.068231 0.157505
0 0.830565 0.169398 0.831109 0.201416 0.863128 0.200872 0.864587 0.199669 0.864040 0.167522 0.831893 0.168069
0 0.259261 0.458495 0.264737 0.490158 0.265678 0.490197 0.297215 0.484743 0.291760 0.453206 0.290924 0.453018
0 0.561810 0.455012 0.587003 0.474780 0.587353 0.474678 0.607200 0.449384 0.581905 0.429537 0.581577 0.429819
0 0.418874 0.544306 0.432846 0.573263 0.461803 0.559292 0.461956 0.559054 0.448040 0.530213 0.419199 0.544129
0 0.223338 0.083077 0.224445 0.084745 0.256258 0.088241 0.259754 0.056428 0.258789 0.054646 0.226849 0.051136
