0 0.152382 0.333631 0.170165 0.360395 0.171484 0.360953 0.198141 0.343241 0.180429 0.316585 0.179146 0.315848
0 0.809428 0.787336 0.810671 0.788490 0.839970 0.801731 0.853210 0.772432 0.851796 0.771342 0.822615 0.758154
0 0.037087 0.455208 0.041704 0.487008 0.043538 0.487060 0.075210 0.482461 0.070611 0.450788 0.068887 0.450591
0 0.208356 0.713970 0.211985 0.718407 0.213305 0.718395 0.219534 0.713649 0.243083 0.694389 0.243343 0.693152 0.239797 0.688817 0.233709 0.693234
0 0.823307 0.367038 0.826838 0.371386 0.828151 0.371429 0.835440 0.368573 0.859580 0.348970 0.859910 0.347729 0.856296 0.343280 0.848151 0.346863
0 0.339717 0.686568 0.371838 0.687957 0.372351 0.687204 0.373735 0.655211 0.341742 0.653828 0.341106 0.654446
0 0.064244 0.091299 0.065988 0.092934 0.090603 0.113388 0.111057 0.088773 0.109495 0.087121 0.084781 0.066585
0 0.455533 0.649319 0.474572 0.675228 0.500480 0.656189 0.500478 0.655564 0.481516 0.629759 0.455711 0.648721
0 0.731441 0.444419 0.731839 0.445937 0.754854 0.467380 0.777964 0.444876 0.777740 0.443343 0.754466 0.421998
0 0.178539 0.688043 0.210270 0.693230 0.211430 0.692457 0.216596 0.660854 0.184993 0.655687 0.183727 0.656313
0 0.757815 0.449747 0.765951 0.480719 0.767020 0.480641 0.798116 0.472473 0.789948 0.441376 0.788787 0.441611
0 0.298258 0.569310 0.299094 0.570177 0.329983 0.573771 0.333677 0.572168 0.334660 0.571424 0.335307 0.565861 0.303517 0.562162 0.298920 0.563616
0 0.779156 0.250288 0.799404 0.275097 0.800607 0.274193 0.825516 0.253864 0.805187 0.228955 0.780278 0.249284
0 0.697177 0.712285 0.697969 0.713138 0.728021 0.724515 0.739398 0.694464 0.738440 0.693686 0.708509 0.682354
0 0.550601 0.056252 0.581927 0.062809 0.588483 0.031483 0.588838 0.029601 0.557386 0.023018 0.550804 0.054470
0 0.848038 0.802923 0.849436 0.804141 0.875133 0.823465 0.894457 0.797769 0.892878 0.796577 0.867285 0.777330
0 0.537357 0.317096 0.552506 0.345288 0.580698 0.330139 0.581022 0.329457 0.565813 0.301151 0.537507 0.316361
0 0.197978 0.294079 0.199187 0.294903 0.228456 0.307849 0.241402 0.278580 0.240363 0.277691 0.210977 0.264692
0 0.445883 0.372339 0.446100 0.372849 0.475379 0.385772 0.488302 0.356492 0.488255 0.355916 0.458858 0.342941
0 0.809566 0.182809 0.840942 0.189119 0.842312 0.187871 0.848648 0.156369 0.817146 0.150032 0.815877 0.151432
0 0.352526 0.939936 0.356812 0.971782 0.388658 0.967495 0.389104 0.965625 0.384834 0.933907 0.353116 0.938176
0 0.291129 0.965844 0.322198 0.974043 0.322910 0.972146 0.331075 0.941201 0.300129 0.933035 0.299327 0.934775
0 0.580650 0.613269 0.580974 0.613724 0.611044 0.625050 0.622371 0.594980 0.621881 0.594600 0.591931 0.583318
0 0.511388 0.467446 0.537562 0.485864 0.537713 0.485807 0.556205 0.459528 0.529926 0.441036 0.511434 0.467315
0 0.574972 0.460165 0.606472 0.465828 0.606899 0.465691 0.612585 0.434065 0.580959 0.428379 0.580635 0.428665
0 0.457414 0.201010 0.457584 0.202206 0.488793 0.209297 0.495884 0.178088 0.495868 0.176795 0.464533 0.169676
0 0.818091 0.040845 0.819049 0.041407 0.849457 0.042323 0.850081 0.041809 0.858271 0.031090 0.858444 0.025360 0.825706 0.024373 0.818260 0.035247
0 0.156088 0.897647 0.166670 0.928007 0.197031 0.917425 0.198243 0.915754 0.187704 0.885516 0.157465 0.896056
0 0.169094 0.740253 0.174480 0.771931 0.206158 0.766546 0.207334 0.765480 0.201970 0.733928 0.170418 0.739292
0 0.239039 0.905664 0.258894 0.930953 0.284183 0.911099 0.285047 0.909453 0.265272 0.884266 0.240084 0.904040
0 0.126709 0.449552 0.143493 0.476954 0.144919 0.477046 0.172211 0.460329 0.155494 0.433037 0.154111 0.432769
0 0.120711 0.829556 0.122607 0.834965 0.153516 0.824128 0.161437 0.816718 0.159584 0.811433 0.158369 0.811120 0.129660 0.821186 0.121434 0.828320
0 0.922624 0.777779 0.924321 0.778895 0.952903 0.793579 0.967587 0.764997 0.965717 0.763937 0.937249 0.749312
0 0.645389 0.172694 0.675494 0.183556 0.676199 0.182285 0.687105 0.152059 0.656879 0.141154 0.656251 0.142589
0 0.556298 0.364903 0.583299 0.382120 0.583633 0.381646 0.600919 0.354537 0.573810 0.337251 0.556524 0.364360
0 0.557625 0.875159 0.557856 0.876667 0.589790 0.880404 0.593527 0.848470 0.593152 0.847075 0.561346 0.843353
0 0.706338 0.242786 0.711479 0.274393 0.743086 0.269253 0.744063 0.268326 0.738902 0.236591 0.707168 0.241752
0 0.858065 0.393473 0.859917 0.425424 0.891868 0.423571 0.893442 0.423264 0.891582 0.391185 0.859503 0.393045
0 0.778721 0.163488 0.796145 0.189611 0.824022 0.171450 0.824207 0.169926 0.806568 0.143674 0.778726 0.161942
