0 0.949137 0.905189 0.950941 0.906817 0.983074 0.907059 0.983316 0.874927 0.981382 0.873427 0.949379 0.873185
0 0.271410 0.155890 0.289073 0.182732 0.289917 0.184002 0.316652 0.166409 0.315916 0.165069 0.298252 0.138226
0 0.391483 0.823302 0.391790 0.825824 0.420502 0.837994 0.435166 0.810876 0.434692 0.808416 0.406070 0.796107
0 0.563890 0.385183 0.593459 0.397428 0.593834 0.397016 0.606129 0.367328 0.576441 0.355034 0.576135 0.355613
0 0.744247 0.370268 0.774828 0.379768 0.775932 0.379284 0.785471 0.348580 0.754766 0.339042 0.753747 0.339686
0 0.700134 0.456128 0.715571 0.484164 0.716437 0.484100 0.744585 0.468601 0.729086 0.440453 0.728169 0.440691
0 0.926608 0.604261 0.926798 0.636265 0.928513 0.636812 0.960645 0.636621 0.960454 0.604488 0.958612 0.604070
0 0.947490 0.769025 0.949288 0.770106 0.980628 0.777287 0.987808 0.745947 0.985856 0.744963 0.954642 0.737811
0 0.249108 0.854321 0.254294 0.886052 0.286024 0.880865 0.286881 0.879341 0.281715 0.847737 0.250112 0.852903
0 0.933205 0.037539 0.933389 0.038405 0.953650 0.061098 0.954521 0.061413 0.958699 0.057682 0.969430 0.047334 0.947615 0.022902 0.943340 0.026720
0 0.173890 0.359444 0.181345 0.362658 0.212203 0.371145 0.213689 0.365745 0.212965 0.364684 0.206590 0.361678 0.176606 0.353431 0.175410 0.353918
0 0.401956 0.941136 0.410947 0.972005 0.441816 0.963013 0.442049 0.961160 0.433094 0.930415 0.402348 0.939370
0 0.568035 0.230438 0.577163 0.261133 0.607857 0.252005 0.608291 0.251008 0.599126 0.220190 0.568308 0.229355
0 0.861634 0.586242 0.865160 0.618070 0.866628 0.618544 0.898584 0.615004 0.895044 0.583048 0.893462 0.582716
0 0.702672 0.193193 0.702890 0.195166 0.734350 0.201668 0.742568 0.171419 0.742506 0.169347 0.710946 0.162988
0 0.245402 0.618907 0.274989 0.631491 0.275889 0.630965 0.288423 0.601497 0.258955 0.588963 0.257986 0.589320
0 0.878032 0.242455 0.898467 0.267086 0.900068 0.266150 0.924798 0.245633 0.904281 0.220903 0.902663 0.222020
0 0.910578 0.575982 0.929850 0.601557 0.931577 0.601965 0.957255 0.582615 0.937905 0.556938 0.936152 0.556710
0 0.487185 0.471281 0.496582 0.502010 0.527310 0.492613 0.517913 0.461884
0 0.711316 0.086038 0.717457 0.117467 0.748886 0.111325 0.749886 0.109763 0.743720 0.078209 0.712165 0.084374
0 0.670428 0.480588 0.695143 0.501384 0.716282 0.476905 0.716316 0.476507 0.691572 0.455749 0.670642 0.480177
0 0.172824 0.818926 0.200619 0.835087 0.201817 0.833745 0.217913 0.806062 0.190230 0.789966 0.188985 0.791131
0 0.215115 0.686497 0.235924 0.711007 0.236981 0.710162 0.261393 0.689436 0.240667 0.665025 0.239625 0.665688
0 0.614470 0.237563 0.628382 0.266385 0.657205 0.252474 0.657836 0.251480 0.643869 0.222541 0.614930 0.236508
0 0.317148 0.628218 0.319583 0.660259 0.351624 0.657824 0.352217 0.657192 0.349792 0.625280 0.317879 0.627705
0 0.295008 0.700060 0.327080 0.702314 0.327772 0.701504 0.330018 0.669560 0.298074 0.667315 0.297262 0.667987
0 0.583780 0.522739 0.587310 0.527087 0.589352 0.527721 0.590451 0.527824 0.614596 0.508227 0.614783 0.507080 0.611171 0.502629 0.608629 0.502569
0 0.393539 0.786157 0.409625 0.813974 0.437442 0.797888 0.437692 0.796696 0.421671 0.768990 0.393965 0.785012
0 0.333261 0.219464 0.334730 0.225004 0.338508 0.231291 0.369444 0.223092 0.368009 0.217678 0.364922 0.211073 0.364000 0.210660 0.333940 0.218627
0 0.870360 0.100723 0.873361 0.105453 0.874679 0.105474 0.900368 0.089178 0.909261 0.080052 0.909753 0.078676 0.906682 0.073836 0.879025 0.091382
0 0.486242 0.422775 0.487357 0.454907 0.487408 0.455088 0.519412 0.453976 0.519490 0.453791 0.518374 0.421659
0 0.565273 0.171156 0.575860 0.201379 0.606082 0.190792 0.606508 0.189549 0.595879 0.159205 0.565535 0.169835
0 0.177942 0.028292 0.191378 0.057482 0.192612 0.059252 0.221685 0.045870 0.208303 0.016798 0.207131 0.014857
0 0.524633 0.046516 0.548342 0.068015 0.569840 0.044306 0.570121 0.042476 0.546317 0.020891 0.524732 0.044695
0 0.716278 0.205061 0.741654 0.224563 0.742624 0.223457 0.762205 0.197979 0.736727 0.178398 0.717146 0.203876
0 0.561105 0.474479 0.562792 0.506457 0.563044 0.506483 0.595151 0.504789 0.593458 0.472682 0.561351 0.474376
0 0.620845 0.900013 0.625223 0.931736 0.625726 0.933471 0.657576 0.929075 0.653180 0.897225 0.652567 0.895635
