0 0.483664 0.211048 0.483730 0.212204 0.495492 0.241969 0.525257 0.230206 0.525358 0.229123 0.513549 0.199238
0 0.325476 0.000000 0.336205 0.028391 0.366616 0.018361 0.366080 0.016425 0.356586 0.000000
0 0.637004 0.165848 0.647412 0.196132 0.677696 0.185724 0.678410 0.184461 0.667960 0.154055 0.637554 0.164505
0 0.643531 0.646058 0.644108 0.646645 0.673479 0.659724 0.686558 0.630352 0.685811 0.629831 0.656557 0.616804
0 0.726214 0.725861 0.726701 0.727541 0.743403 0.754204 0.771341 0.738231 0.770677 0.736506 0.754039 0.709834
0 0.318375 0.253635 0.325159 0.285044 0.325858 0.285904 0.357142 0.279147 0.350385 0.247864 0.349784 0.246851
0 0.687519 0.783585 0.688272 0.784724 0.717630 0.797787 0.730693 0.768428 0.729770 0.767354 0.700529 0.754344
0 0.634501 0.408230 0.665536 0.416122 0.666201 0.415785 0.674125 0.384625 0.642965 0.376701 0.642393 0.377195
0 0.368226 0.245882 0.368753 0.246900 0.400753 0.248122 0.401975 0.216122 0.401581 0.214982 0.369453 0.213754
0 0.582905 0.472250 0.585841 0.504138 0.586186 0.504155 0.618202 0.501207 0.615255 0.469191 0.583239 0.472139
0 0.065584 0.393870 0.066240 0.426617 0.076155 0.428295 0.081755 0.428183 0.082300 0.427325 0.081691 0.396909 0.081115 0.396184 0.071315 0.393756
0 0.731992 0.699302 0.732924 0.700102 0.761384 0.715020 0.776302 0.686560 0.775197 0.685814 0.746850 0.670955
0 0.558127 0.654673 0.558360 0.655295 0.590427 0.657363 0.592495 0.625296 0.592125 0.624795 0.560186 0.622735
0 0.817184 0.317647 0.824056 0.348905 0.855314 0.342033 0.856741 0.341399 0.849841 0.310015 0.818458 0.316915
0 0.521770 0.786421 0.521857 0.787571 0.553363 0.793892 0.559683 0.762386 0.559444 0.761336 0.528065 0.755041
0 0.135537 0.299558 0.161070 0.319097 0.162427 0.319821 0.181888 0.294390 0.156457 0.274929 0.155077 0.274025
0 0.671997 0.126850 0.699405 0.143412 0.715966 0.116004 0.716834 0.114460 0.689316 0.097833 0.672688 0.125351
0 0.940623 0.619517 0.955671 0.647785 0.957502 0.648379 0.985883 0.633271 0.970775 0.604890 0.968891 0.604470
0 0.534021 0.540238 0.537050 0.572099 0.537198 0.572389 0.569187 0.569348 0.566147 0.537359 0.565882 0.537210
0 0.443912 0.937249 0.453397 0.967970 0.484117 0.958485 0.484181 0.956649 0.474734 0.926052 0.444136 0.935499
0 0.598342 0.728138 0.598737 0.729055 0.619135 0.753908 0.643988 0.733510 0.643411 0.732575 0.623095 0.707822
0 0.711569 0.365352 0.740929 0.378136 0.741898 0.377646 0.754733 0.348168 0.725255 0.335332 0.724353 0.335992
0 0.194387 0.721393 0.226517 0.721773 0.227612 0.720886 0.227990 0.688884 0.195988 0.688505 0.194767 0.689262
0 0.149475 0.424519 0.177585 0.440124 0.178876 0.440363 0.194419 0.412365 0.166420 0.396823 0.165080 0.396408
0 0.216564 0.686305 0.243982 0.704223 0.249835 0.699554 0.252899 0.694866 0.252525 0.693869 0.227059 0.677227 0.226107 0.677358 0.219700 0.681507
0 0.662967 0.372656 0.664160 0.378128 0.665206 0.378670 0.694930 0.372191 0.699260 0.369352 0.700002 0.368301 0.698782 0.362701 0.666780 0.369676
0 0.424705 0.484764 0.456176 0.491342 0.456352 0.491377 0.462903 0.460032 0.462754 0.459871 0.431283 0.453293
0 0.029825 0.716212 0.031694 0.721630 0.033009 0.722008 0.062406 0.711866 0.071915 0.707262 0.072655 0.706127 0.070828 0.700832 0.040574 0.711269
0 0.137587 0.550757 0.154729 0.577957 0.156112 0.577645 0.183203 0.560572 0.166129 0.533480 0.164788 0.533615
0 0.761827 0.133214 0.793829 0.134370 0.795009 0.132901 0.796170 0.100770 0.764039 0.099610 0.762982 0.101212
0 0.087830 0.913396 0.115335 0.930008 0.116874 0.928288 0.133420 0.900892 0.106024 0.884346 0.104442 0.885890
0 0.699203 0.820452 0.712383 0.849636 0.713237 0.851041 0.742539 0.837808 0.729306 0.808506 0.728388 0.807271
0 0.819849 0.854055 0.822248 0.859116 0.829787 0.867518 0.830684 0.867692 0.858784 0.854370 0.859383 0.853487 0.856928 0.848308 0.848768 0.840345
0 0.604994 0.278676 0.632761 0.294629 0.633295 0.293803 0.649311 0.265925 0.621433 0.249909 0.605416 0.277787
0 0.554643 0.653084 0.554764 0.655115 0.564947 0.683715 0.595541 0.674095 0.595262 0.671996 0.585260 0.643379
0 0.318523 0.392710 0.321892 0.424684 0.322605 0.424986 0.354452 0.421630 0.351096 0.389783 0.350498 0.389340
0 0.245943 0.559586 0.255248 0.590361 0.286024 0.581056 0.286881 0.580731 0.277612 0.550079 0.276719 0.550280
0 0.555984 0.150837 0.559931 0.154811 0.582637 0.132256 0.584571 0.123653 0.580531 0.119586 0.579327 0.119805 0.557264 0.141720 0.556020 0.149506
0 0.201244 0.458746 0.218034 0.486144 0.219162 0.486199 0.246450 0.469476 0.229726 0.442188 0.228641 0.441956
