0 0.284815 0.939671 0.299289 0.968381 0.327999 0.953906 0.328687 0.952089 0.314271 0.923495 0.285676 0.937911
0 0.795014 0.760194 0.796199 0.761239 0.825962 0.773352 0.838074 0.743589 0.836722 0.742614 0.807078 0.730550
0 0.369623 0.931295 0.372818 0.963269 0.404792 0.960073 0.405173 0.958233 0.401990 0.926387 0.370144 0.929570
0 0.878109 0.579003 0.887239 0.609697 0.888795 0.610138 0.919612 0.600972 0.910446 0.570154 0.908803 0.569874
0 0.568945 0.077917 0.570015 0.109903 0.602002 0.108833 0.602412 0.107262 0.601337 0.075147 0.569222 0.076221
0 0.619425 0.456488 0.647426 0.471988 0.648018 0.471875 0.663580 0.443762 0.635467 0.428200 0.634925 0.428487
0 0.440415 0.398038 0.454359 0.426988 0.454541 0.427280 0.483376 0.413392 0.483309 0.413044 0.469365 0.384094
0 0.742963 0.341646 0.770087 0.358633 0.771172 0.358066 0.788227 0.330832 0.760994 0.313777 0.759950 0.314522
0 0.466057 0.660373 0.479169 0.689730 0.508525 0.676618 0.508491 0.675911 0.495432 0.646672 0.466193 0.659731
0 0.933945 0.314971 0.946810 0.344296 0.948606 0.343670 0.978049 0.330753 0.965132 0.301311 0.963270 0.302106
0 0.760648 0.509086 0.774266 0.538049 0.775368 0.538202 0.804447 0.524530 0.790775 0.495450 0.789611 0.495468
0 0.550392 0.809625 0.550595 0.810869 0.579782 0.824353 0.593266 0.795165 0.592893 0.793984 0.563822 0.780554
0 0.712304 0.152527 0.712314 0.153849 0.716710 0.157320 0.736542 0.132200 0.742076 0.123595 0.737577 0.120043 0.736289 0.120401 0.717019 0.144809
0 0.944300 0.365757 0.971129 0.383207 0.973021 0.382738 0.990541 0.355801 0.963604 0.338281 0.961750 0.338928
0 0.235891 0.545137 0.248762 0.573446 0.249699 0.573896 0.255421 0.572207 0.260520 0.569889 0.247274 0.540754 0.241361 0.541707 0.236143 0.544080
0 0.569123 0.355501 0.594460 0.375055 0.614014 0.349719 0.614472 0.349115 0.589034 0.329482 0.569401 0.354920
0 0.346631 0.882059 0.357940 0.912137 0.388017 0.900828 0.388465 0.899225 0.377202 0.869267 0.347245 0.880531
0 0.131697 0.898831 0.159841 0.914338 0.161202 0.912681 0.176647 0.884650 0.148616 0.869204 0.147205 0.870687
0 0.220453 0.077855 0.226844 0.087505 0.231198 0.091029 0.232170 0.090676 0.251307 0.067028 0.251330 0.066150 0.245513 0.056000 0.241057 0.052394
0 0.591664 0.758144 0.592033 0.759181 0.613042 0.783519 0.637380 0.762510 0.636830 0.761459 0.615905 0.737219
0 0.078519 0.242180 0.102861 0.263156 0.104450 0.264104 0.125342 0.239859 0.101097 0.218967 0.099495 0.217838
0 0.824547 0.682001 0.824974 0.683211 0.850586 0.699628 0.858373 0.704062 0.859714 0.703934 0.862807 0.699109 0.835233 0.681433 0.827569 0.677285
0 0.014434 0.933164 0.033039 0.959385 0.059261 0.940780 0.061025 0.939015 0.042494 0.912899 0.016378 0.931430
0 0.665558 0.637011 0.674513 0.667880 0.705557 0.660171 0.706150 0.659144 0.697176 0.628213 0.666301 0.636079
0 0.573167 0.221701 0.585156 0.251375 0.590349 0.249277 0.590843 0.248091 0.592861 0.242496 0.581212 0.213663 0.580194 0.213043 0.574879 0.215190
0 0.782529 0.036208 0.783315 0.036887 0.813126 0.042956 0.813890 0.042593 0.821234 0.031892 0.822377 0.026275 0.790282 0.019741 0.783646 0.030720
0 0.403740 0.113508 0.405941 0.122343 0.406513 0.123071 0.436332 0.129098 0.437311 0.128685 0.438421 0.123195 0.436980 0.114379 0.404876 0.107890
0 0.442218 0.340441 0.443474 0.343908 0.459815 0.369569 0.460942 0.369888 0.465667 0.366880 0.464863 0.363765 0.447270 0.336138 0.442435 0.339217
0 0.694444 0.641632 0.695225 0.642201 0.727181 0.645573 0.730553 0.613617 0.729631 0.613162 0.697803 0.609804
0 0.729973 0.540111 0.749752 0.565272 0.750755 0.565534 0.776017 0.545675 0.756159 0.520413 0.755134 0.520332
0 0.029266 0.395658 0.031151 0.396076 0.063133 0.397678 0.064736 0.365695 0.062987 0.365156 0.030875 0.363547
0 0.102088 0.500874 0.107188 0.532619 0.108761 0.532488 0.140378 0.527409 0.135299 0.495791 0.133833 0.495774
0 0.381171 0.607200 0.390929 0.637835 0.421564 0.628076 0.421878 0.627563 0.412158 0.597051 0.381646 0.606771
0 0.860178 0.458311 0.883753 0.479956 0.885294 0.479876 0.907026 0.456206 0.883357 0.434474 0.881823 0.434736
0 0.298859 0.625387 0.318045 0.651163 0.343822 0.631977 0.344447 0.631449 0.325337 0.605776 0.324636 0.606201
0 0.418927 0.604836 0.428643 0.635484 0.459292 0.625768 0.459454 0.625265 0.449777 0.594739 0.419252 0.604417
0 0.496105 0.724133 0.518970 0.746737 0.541573 0.723872 0.541407 0.722976 0.518634 0.700463 0.496121 0.723236
