0 0.103618 0.661573 0.134355 0.670941 0.135818 0.670257 0.145148 0.639642 0.114534 0.630312 0.112986 0.630835
0 0.349415 0.473084 0.376148 0.487305 0.378042 0.487868 0.392546 0.459151 0.365796 0.445144 0.363865 0.444419
0 0.896429 0.749424 0.900959 0.752718 0.910339 0.758630 0.911243 0.758298 0.929532 0.733148 0.929602 0.732140 0.924966 0.728769 0.915251 0.723539
0 0.841891 0.777520 0.843264 0.778635 0.875386 0.779496 0.876247 0.747374 0.874742 0.746385 0.842749 0.745527
0 0.415119 0.688405 0.416038 0.720524 0.448158 0.719605 0.448366 0.718726 0.447450 0.686735 0.415458 0.687651
0 0.547517 0.675512 0.547708 0.676217 0.577531 0.688181 0.589495 0.658358 0.589137 0.657724 0.559433 0.645808
0 0.906859 0.194524 0.936423 0.206782 0.938176 0.205604 0.950483 0.175921 0.920800 0.163614 0.919116 0.164960
0 0.089235 0.869651 0.121382 0.870163 0.122898 0.868681 0.123407 0.836662 0.091389 0.836152 0.089746 0.837503
0 0.845268 0.510657 0.861341 0.538333 0.862792 0.538487 0.890579 0.522350 0.874442 0.494563 0.872944 0.494584
0 0.563284 0.756162 0.566195 0.788052 0.566461 0.789210 0.598479 0.786288 0.595557 0.754270 0.595175 0.753252
0 0.366951 0.642364 0.399018 0.644692 0.399422 0.644113 0.401741 0.612174 0.369802 0.609855 0.369279 0.610296
0 0.540291 0.402334 0.550864 0.432542 0.581072 0.421969 0.581398 0.421655 0.570782 0.391326 0.540453 0.401942
0 0.854459 0.320394 0.855099 0.321336 0.883242 0.332888 0.884067 0.332547 0.893052 0.328629 0.895229 0.323327 0.864929 0.310890 0.856586 0.315213
0 0.799554 0.194893 0.827691 0.210146 0.829007 0.208982 0.844321 0.180733 0.816072 0.165419 0.814807 0.166757
0 0.397960 0.205870 0.408147 0.236345 0.408515 0.237400 0.438868 0.227253 0.438623 0.226157 0.428435 0.195682
0 0.589483 0.161791 0.605371 0.189595 0.633174 0.173707 0.633710 0.172396 0.617759 0.144480 0.589843 0.160431
0 0.894730 0.685336 0.911341 0.712693 0.912994 0.713547 0.940460 0.696869 0.923782 0.669403 0.922087 0.668725
0 0.030773 0.205493 0.031383 0.206772 0.041566 0.213144 0.068397 0.227482 0.069727 0.227309 0.072366 0.222369 0.062362 0.215874 0.033474 0.200437
0 0.409905 0.897730 0.441972 0.899793 0.442204 0.898194 0.444259 0.866255 0.412320 0.864201 0.411968 0.865663
0 0.375353 0.476029 0.405556 0.486997 0.405934 0.487050 0.416859 0.456967 0.416525 0.456794 0.386322 0.445826
0 0.620492 0.728962 0.620976 0.729882 0.643733 0.752568 0.666419 0.729810 0.665753 0.728891 0.643087 0.706296
0 0.347691 0.883569 0.378589 0.892389 0.379075 0.890820 0.387860 0.860044 0.357085 0.851259 0.356511 0.852670
0 0.774207 0.690722 0.798771 0.711237 0.805761 0.716179 0.809435 0.711780 0.809151 0.710503 0.785283 0.690569 0.779083 0.686428 0.777797 0.686423
0 0.056887 0.968461 0.087572 0.977999 0.089222 0.976087 0.098722 0.945525 0.068160 0.936025 0.066425 0.937776
0 0.791031 0.587930 0.813620 0.610602 0.814880 0.611046 0.837643 0.588367 0.814963 0.565603 0.813703 0.565341
0 0.260332 0.794878 0.275234 0.823347 0.303703 0.808445 0.304488 0.807211 0.289646 0.778856 0.261291 0.793698
0 0.798758 0.271610 0.813464 0.300035 0.841890 0.285329 0.843263 0.284467 0.828498 0.255927 0.799958 0.270692
0 0.307254 0.751582 0.339401 0.752115 0.340044 0.751106 0.340575 0.719087 0.308556 0.718556 0.307787 0.719435
0 0.028441 0.350554 0.058196 0.362687 0.059963 0.363237 0.072047 0.333601 0.042412 0.321517 0.040574 0.320800
0 0.620523 0.666303 0.637957 0.693165 0.638511 0.693941 0.665480 0.676437 0.647977 0.649468 0.647384 0.648870
0 0.716707 0.792415 0.717578 0.793590 0.747723 0.804770 0.758903 0.774625 0.757867 0.773526 0.727842 0.762390
0 0.699911 0.206050 0.731608 0.210476 0.732539 0.209313 0.736982 0.177488 0.705157 0.173045 0.704337 0.174353
0 0.335874 0.209202 0.349049 0.237371 0.352329 0.243078 0.353478 0.243611 0.358551 0.241238 0.344992 0.212247 0.341365 0.205515 0.336173 0.207944
0 0.609512 0.192424 0.616548 0.223646 0.622012 0.222415 0.622687 0.221299 0.625412 0.215108 0.618576 0.184772 0.617666 0.183969 0.612074 0.185229
0 0.410785 0.333564 0.411142 0.334230 0.442080 0.342494 0.450344 0.311556 0.450144 0.310799 0.419082 0.302502
0 0.270697 0.093609 0.271615 0.095236 0.293071 0.119008 0.316842 0.097552 0.316106 0.095934 0.294564 0.072067
0 0.489436 0.526778 0.490151 0.558903 0.522276 0.558187 0.521561 0.526062 0.521474 0.525958 0.489478 0.526670
0 0.325000 0.046086 0.325700 0.047902 0.342098 0.075387 0.369583 0.058989 0.369059 0.057217 0.352595 0.029622
0 0.391891 0.520705 0.392702 0.553448 0.398432 0.553306 0.400754 0.552087 0.401478 0.551297 0.400724 0.520885 0.399961 0.520093 0.394362 0.520231
