0 0.460422 0.017022 0.461282 0.027517 0.474142 0.055087 0.475220 0.055728 0.480296 0.053360 0.479835 0.042911 0.465989 0.013228 0.460795 0.015651
0 0.064802 0.853703 0.073527 0.884648 0.104472 0.875923 0.106055 0.874418 0.097366 0.843597 0.066544 0.852287
0 0.078478 0.133187 0.100932 0.156173 0.102528 0.157548 0.125422 0.135184 0.103058 0.112290 0.101464 0.110733
0 0.313500 0.473007 0.317789 0.476810 0.321954 0.477340 0.322983 0.477259 0.343166 0.454497 0.343187 0.453393 0.338997 0.449677 0.335230 0.448500
0 0.553938 0.892502 0.554154 0.894079 0.565003 0.924325 0.595249 0.913477 0.594868 0.911823 0.584063 0.881697
0 0.780431 0.421062 0.788389 0.452080 0.789548 0.451887 0.820691 0.443898 0.812701 0.412755 0.781558 0.420744
0 0.591058 0.553796 0.591423 0.554012 0.623511 0.555721 0.625220 0.523634 0.624719 0.523539 0.592760 0.521837
0 0.495595 0.681398 0.504738 0.712223 0.535562 0.703080 0.535420 0.702267 0.526314 0.671566 0.495613 0.680672
0 0.075230 0.507449 0.079261 0.511523 0.088880 0.511260 0.111629 0.488749 0.107690 0.484767 0.098512 0.484411 0.097589 0.484414 0.075484 0.506287
0 0.937675 0.827548 0.939434 0.828864 0.969020 0.841401 0.981557 0.811814 0.979630 0.810566 0.950162 0.798080
0 0.352197 0.229026 0.366695 0.257702 0.367228 0.258672 0.395790 0.244231 0.395372 0.243204 0.380873 0.214527
0 0.400457 0.964416 0.419269 0.990467 0.445320 0.971655 0.445538 0.969768 0.426802 0.943821 0.400855 0.962558
0 0.705954 0.258862 0.733949 0.274373 0.734888 0.273466 0.750461 0.245359 0.722354 0.229786 0.721464 0.230867
0 0.309737 0.772165 0.341260 0.778394 0.341895 0.777280 0.348100 0.745883 0.316702 0.739679 0.315966 0.740641
0 0.303297 0.153073 0.304084 0.154461 0.325058 0.178660 0.349256 0.157687 0.348650 0.156311 0.327593 0.132015
0 0.113369 0.079110 0.122318 0.109972 0.123829 0.111532 0.154567 0.102620 0.145655 0.071881 0.144232 0.070162
0 0.211243 0.976449 0.238183 0.993965 0.255699 0.967026 0.256676 0.965158 0.229845 0.947712 0.212399 0.974543
0 0.445859 0.313446 0.446076 0.314193 0.477917 0.317605 0.481329 0.285764 0.481254 0.284903 0.449285 0.281477
0 0.682749 0.091601 0.708053 0.111197 0.727649 0.085893 0.728563 0.084229 0.703157 0.064555 0.683483 0.089961
0 0.625870 0.105951 0.626375 0.106772 0.654481 0.118414 0.655438 0.118199 0.657581 0.113024 0.661268 0.103971 0.631008 0.091437 0.628814 0.096732
0 0.178953 0.790308 0.208563 0.802791 0.209729 0.801580 0.222161 0.772089 0.192670 0.759656 0.191436 0.760699
0 0.227565 0.733783 0.235191 0.765017 0.266425 0.757391 0.267360 0.756361 0.259764 0.725252 0.228655 0.732847
0 0.785965 0.676748 0.787114 0.677458 0.818435 0.684638 0.825615 0.653317 0.824312 0.652704 0.793117 0.645553
0 0.253860 0.026999 0.268522 0.055592 0.269448 0.057370 0.297927 0.042767 0.297115 0.040931 0.282453 0.012337
0 0.804940 0.487942 0.830694 0.506974 0.832023 0.507002 0.851132 0.481146 0.825275 0.462037 0.823973 0.462189
0 0.168126 0.307669 0.171171 0.312525 0.178688 0.316811 0.179608 0.316959 0.205382 0.300799 0.205804 0.299810 0.202828 0.295065 0.195876 0.290270
0 0.164396 0.573670 0.183794 0.600062 0.191022 0.597774 0.195535 0.594457 0.195532 0.593392 0.177515 0.568879 0.176581 0.568669 0.169014 0.570276
0 0.893374 0.190584 0.921760 0.205406 0.923455 0.204222 0.938337 0.175722 0.909837 0.160841 0.908196 0.162198
0 0.733913 0.148814 0.734529 0.180813 0.740129 0.180705 0.741051 0.179706 0.746405 0.172592 0.745807 0.141500 0.745117 0.140488 0.739386 0.140598
0 0.077205 0.429116 0.106301 0.442752 0.107876 0.442981 0.121458 0.414001 0.092478 0.400419 0.090841 0.400019
0 0.480012 0.591087 0.510258 0.601991 0.521162 0.571745 0.521078 0.571458 0.490953 0.560597 0.480092 0.590722
0 0.197432 0.474255 0.198515 0.479883 0.205407 0.480343 0.236835 0.474295 0.235777 0.468795 0.234688 0.468143 0.228795 0.467435 0.198258 0.473311
0 0.592550 0.919729 0.594146 0.921535 0.624778 0.923274 0.628739 0.891389 0.627016 0.889710 0.596515 0.887808
0 0.321244 0.090389 0.328356 0.121726 0.329042 0.123239 0.360253 0.116156 0.353170 0.084945 0.352581 0.083278
0 0.748311 0.754554 0.749309 0.755577 0.781273 0.759039 0.784735 0.727074 0.783596 0.726165 0.751759 0.722717
0 0.544403 0.102808 0.556809 0.132311 0.586311 0.119905 0.586658 0.118378 0.574203 0.088757 0.544582 0.101213
0 0.813272 0.745710 0.814531 0.751168 0.821889 0.757044 0.853804 0.749680 0.852515 0.744094 0.844457 0.738514 0.843694 0.738051 0.814051 0.744891
0 0.389674 0.095854 0.390116 0.097471 0.419605 0.109956 0.432089 0.080467 0.431816 0.078781 0.402209 0.066246
0 0.379074 0.534815 0.411204 0.535285 0.411559 0.535144 0.412026 0.503143 0.380025 0.502675 0.379543 0.502686
0 0.138379 0.799997 0.148500 0.830514 0.179017 0.820393 0.180302 0.819111 0.170221 0.788716 0.139826 0.798796
