0 0.421148 0.926835 0.421742 0.932536 0.422687 0.933012 0.453616 0.929786 0.454319 0.929138 0.455363 0.919328 0.454782 0.913757 0.422950 0.917077
0 0.315929 0.846637 0.316401 0.847532 0.344203 0.861466 0.345210 0.861312 0.347778 0.856188 0.351258 0.848045 0.322646 0.833705 0.318497 0.841512
0 0.781900 0.354723 0.789896 0.385712 0.795319 0.384313 0.802229 0.381606 0.802640 0.380679 0.794870 0.350567 0.794045 0.349892 0.788495 0.351324
0 0.332055 0.545125 0.350400 0.571507 0.350998 0.571221 0.377274 0.552949 0.359003 0.526673 0.358436 0.526780
0 0.828598 0.486486 0.860527 0.488687 0.861975 0.488641 0.864185 0.456584 0.832127 0.454375 0.830799 0.454557
0 0.553761 0.565061 0.553977 0.565323 0.586125 0.565799 0.586600 0.533650 0.586254 0.533516 0.554234 0.533042
0 0.262514 0.534309 0.272826 0.564762 0.273735 0.564502 0.304067 0.554232 0.293796 0.523901 0.292967 0.523997
0 0.153328 0.171514 0.174329 0.195835 0.175632 0.197052 0.199855 0.176135 0.178938 0.151912 0.177649 0.150514
0 0.899936 0.319831 0.931276 0.326317 0.933009 0.325620 0.939521 0.294154 0.908055 0.287641 0.906422 0.288491
0 0.534508 0.176261 0.544836 0.207137 0.545592 0.207600 0.575747 0.196481 0.565593 0.165411 0.564755 0.165108
0 0.842831 0.832134 0.859685 0.859363 0.861131 0.860807 0.888469 0.843885 0.871547 0.816547 0.870060 0.815280
0 0.365041 0.131852 0.365582 0.133326 0.389387 0.154745 0.410806 0.130939 0.410447 0.129456 0.386546 0.107951
0 0.728055 0.868492 0.732242 0.900240 0.733176 0.901848 0.765051 0.897644 0.760847 0.865769 0.759803 0.864304
0 0.417285 0.326154 0.417616 0.326850 0.448481 0.335384 0.457015 0.304519 0.456843 0.303734 0.425854 0.295165
0 0.523161 0.163365 0.548510 0.182903 0.568047 0.157553 0.568321 0.156178 0.542870 0.136562 0.523254 0.162013
0 0.268206 0.598894 0.268274 0.600092 0.272975 0.603370 0.278165 0.601007 0.296470 0.574753 0.291875 0.571550 0.290642 0.571790 0.285991 0.573385
0 0.696823 0.231924 0.728762 0.234239 0.729681 0.233171 0.732006 0.201104 0.699939 0.198779 0.699138 0.199985
0 0.024315 0.157805 0.030580 0.188265 0.040780 0.195039 0.041987 0.195836 0.047473 0.194707 0.041026 0.163359 0.030289 0.155483 0.024674 0.156638
0 0.440434 0.477852 0.440673 0.477940 0.471375 0.487042 0.480476 0.456340 0.480398 0.456164 0.449572 0.447026
0 0.046538 0.071013 0.052178 0.102647 0.053970 0.104237 0.085477 0.098620 0.079860 0.067112 0.078172 0.065373
0 0.933421 0.586349 0.934819 0.618323 0.936566 0.618798 0.968668 0.617395 0.967265 0.585292 0.965396 0.584951
0 0.067460 0.631308 0.080605 0.660629 0.082283 0.659987 0.111487 0.646895 0.098395 0.617690 0.096782 0.618163
0 0.306424 0.630524 0.328084 0.654285 0.328772 0.653667 0.352437 0.632094 0.330864 0.608428 0.330185 0.608864
0 0.318988 0.964191 0.351005 0.966925 0.351601 0.965057 0.354324 0.933169 0.322435 0.930446 0.321722 0.932175
0 0.496746 0.832213 0.516992 0.857189 0.541969 0.836942 0.541801 0.835594 0.521635 0.810718 0.496759 0.830883
0 0.766150 0.277978 0.773321 0.309187 0.804531 0.302016 0.805755 0.301221 0.798555 0.269886 0.767220 0.277085
0 0.673019 0.607688 0.677198 0.639437 0.677910 0.639997 0.709787 0.635802 0.705591 0.603925 0.704768 0.603509
0 0.891301 0.194813 0.898327 0.226055 0.929570 0.219029 0.931296 0.217899 0.924241 0.186531 0.892873 0.193586
0 0.057239 0.434483 0.061151 0.466396 0.062908 0.466530 0.094693 0.462633 0.090796 0.430849 0.089152 0.430571
0 0.471581 0.160046 0.471695 0.161407 0.477866 0.192830 0.509288 0.186659 0.509326 0.185400 0.503130 0.153851
0 0.689764 0.124894 0.702933 0.154084 0.732123 0.140915 0.733056 0.139472 0.719834 0.110165 0.690527 0.123387
0 0.345424 0.081834 0.346042 0.083507 0.373717 0.099583 0.389792 0.071909 0.389350 0.070190 0.361564 0.054049
0 0.878002 0.139817 0.908976 0.147944 0.910620 0.146529 0.918779 0.115430 0.887680 0.107271 0.886128 0.108843
0 0.876468 0.852478 0.891117 0.880954 0.892689 0.882485 0.921279 0.867777 0.906571 0.839187 0.904944 0.837829
0 0.678868 0.068528 0.709387 0.078168 0.710228 0.076473 0.719906 0.045832 0.689265 0.036154 0.688508 0.038010
0 0.046813 0.101468 0.067808 0.128593 0.069250 0.128713 0.094232 0.109353 0.073400 0.082173 0.071963 0.081869
0 0.064851 0.190049 0.076269 0.220104 0.077965 0.221225 0.107900 0.209852 0.096528 0.179917 0.094906 0.178630
