0 0.291257 0.333668 0.292092 0.334334 0.323940 0.337681 0.327287 0.305833 0.326593 0.305053 0.294617 0.301692
0 0.348699 0.243654 0.352157 0.249514 0.382958 0.258211 0.384480 0.252821 0.381777 0.247038 0.381281 0.246176 0.351354 0.237726 0.350256 0.238138
0 0.650026 0.031840 0.650626 0.063857 0.682643 0.063257 0.683377 0.061502 0.682775 0.029356 0.650629 0.029958
0 0.389055 0.577538 0.407958 0.603546 0.433966 0.584643 0.434230 0.584304 0.415403 0.558400 0.415063 0.558635
0 0.665090 0.163109 0.668357 0.167658 0.669571 0.167651 0.694279 0.149904 0.698595 0.142128 0.698898 0.140776 0.695555 0.136120 0.668952 0.155227
0 0.322904 0.515957 0.353586 0.525687 0.354073 0.525828 0.363932 0.495207 0.333208 0.485322 0.332802 0.485339
0 0.889405 0.490120 0.904968 0.518085 0.906594 0.518158 0.934673 0.502532 0.919047 0.474454 0.917370 0.474557
0 0.248354 0.307303 0.271886 0.329211 0.272799 0.329895 0.294620 0.306457 0.293794 0.305679 0.270262 0.283771
0 0.901487 0.753928 0.918852 0.780812 0.920535 0.781940 0.947526 0.764505 0.930092 0.737513 0.928371 0.736563
0 0.192003 0.337556 0.195389 0.342180 0.202352 0.345788 0.203301 0.345873 0.227847 0.327901 0.228175 0.326881 0.224866 0.322362 0.218430 0.318206
0 0.340488 0.357353 0.340615 0.358407 0.344259 0.361644 0.348901 0.364777 0.366805 0.338248 0.363689 0.334464 0.358938 0.331258 0.357884 0.331577
0 0.297308 0.567880 0.315905 0.594085 0.316642 0.593709 0.342742 0.575187 0.324219 0.549086 0.323513 0.549284
0 0.821904 0.764016 0.828854 0.795257 0.836547 0.802165 0.842142 0.800920 0.842563 0.799768 0.835811 0.769412 0.828514 0.763558 0.827371 0.762800
0 0.050678 0.258080 0.070621 0.283299 0.072340 0.284166 0.097458 0.264303 0.077595 0.239185 0.075897 0.238137
0 0.343248 0.088278 0.343876 0.089926 0.368743 0.110073 0.388890 0.085205 0.388444 0.083539 0.363476 0.063311
0 0.481660 0.848634 0.511134 0.861434 0.523935 0.831961 0.523839 0.830633 0.494483 0.817883 0.481734 0.847239
0 0.248448 0.222884 0.254199 0.229219 0.284094 0.240647 0.286094 0.235415 0.285509 0.234230 0.280745 0.228327 0.251697 0.217223 0.250495 0.217530
0 0.343496 0.154122 0.344123 0.155507 0.367178 0.177731 0.389402 0.154675 0.388958 0.153287 0.365810 0.130974
0 0.726446 0.740279 0.731744 0.745900 0.736182 0.749527 0.737195 0.749266 0.756874 0.725187 0.756909 0.724166 0.751036 0.719042 0.746699 0.715498
0 0.126785 0.087783 0.142766 0.115682 0.144196 0.117220 0.171983 0.101304 0.156067 0.073516 0.154684 0.071802
0 0.496297 0.915043 0.503863 0.946292 0.535112 0.938726 0.534971 0.936970 0.527436 0.905846 0.496312 0.913382
0 0.164360 0.923191 0.189722 0.942952 0.209482 0.917590 0.210645 0.915919 0.185385 0.896237 0.184120 0.897829
0 0.741291 0.816549 0.742260 0.817821 0.774153 0.821742 0.778075 0.789849 0.776962 0.788690 0.745197 0.784784
0 0.683907 0.735265 0.684646 0.736210 0.708765 0.757470 0.730025 0.733350 0.729104 0.732416 0.705081 0.711242
0 0.152672 0.117159 0.154318 0.122649 0.162221 0.131276 0.163024 0.131602 0.192164 0.122863 0.192877 0.122083 0.191268 0.116718 0.184045 0.107751
0 0.711422 0.657390 0.729821 0.683599 0.730745 0.684337 0.757059 0.665864 0.738586 0.639549 0.737631 0.638991
0 0.853770 0.867621 0.862047 0.876222 0.866106 0.880268 0.889228 0.857069 0.885168 0.853023 0.876363 0.844953 0.875446 0.845152 0.853970 0.866699
0 0.522188 0.629380 0.522277 0.629899 0.541105 0.655939 0.567144 0.637110 0.566875 0.636562 0.548123 0.610627
0 0.299648 0.375436 0.307356 0.406631 0.308127 0.407004 0.339197 0.399327 0.331520 0.368257 0.330843 0.367728
0 0.824642 0.247685 0.850392 0.266691 0.851800 0.265754 0.870882 0.239901 0.845029 0.220818 0.843649 0.221935
0 0.130924 0.739629 0.131734 0.740482 0.161895 0.748057 0.162691 0.747607 0.170402 0.741947 0.171766 0.736515 0.140726 0.728719 0.132320 0.734070
0 0.602351 0.572662 0.602762 0.572954 0.634752 0.576176 0.637973 0.544186 0.637421 0.544009 0.605559 0.540801
0 0.769305 0.047062 0.772624 0.078893 0.804456 0.075574 0.805679 0.073869 0.802346 0.041909 0.770387 0.045242
0 0.483524 0.434888 0.483590 0.435148 0.514763 0.442399 0.514822 0.442168 0.522102 0.410870 0.490804 0.403590
0 0.592171 0.592277 0.609710 0.619069 0.610151 0.619548 0.637052 0.601938 0.619442 0.575038 0.618964 0.574737
0 0.294728 0.529589 0.326837 0.530820 0.327530 0.530697 0.328756 0.498716 0.296775 0.497490 0.295959 0.497480
0 0.913240 0.557932 0.944924 0.562450 0.946711 0.562701 0.951247 0.530890 0.919436 0.526354 0.917758 0.526248
0 0.109484 0.253845 0.128000 0.280129 0.129489 0.281009 0.155668 0.262568 0.137227 0.236388 0.135769 0.235329
0 0.856655 0.319074 0.881290 0.339504 0.882822 0.338860 0.903334 0.314126 0.878601 0.293613 0.877086 0.294439
0 0.505046 0.375220 0.535747 0.384259 0.535891 0.383794 0.544966 0.352969 0.514141 0.343894 0.505066 0.374719
