0 0.552782 0.514388 0.552994 0.514446 0.584451 0.521093 0.591098 0.489636 0.559641 0.482989 0.559402 0.483057
0 0.652257 0.246212 0.680075 0.262037 0.680799 0.261081 0.696688 0.233151 0.668758 0.217262 0.668083 0.218394
0 0.025217 0.408658 0.055152 0.420338 0.056932 0.420657 0.068566 0.390842 0.038750 0.379208 0.036898 0.378723
0 0.465995 0.429797 0.466131 0.430078 0.490801 0.450496 0.511218 0.425826 0.511264 0.425528 0.486495 0.405029
0 0.662463 0.948904 0.667762 0.980467 0.668436 0.982397 0.700126 0.977077 0.694806 0.945387 0.694026 0.943606
0 0.249900 0.543483 0.279767 0.555384 0.280649 0.555162 0.292502 0.525414 0.262754 0.513561 0.261801 0.513615
0 0.099699 0.728532 0.125766 0.747322 0.127263 0.746333 0.145978 0.720371 0.120016 0.701656 0.118489 0.702466
0 0.179743 0.070448 0.181025 0.072168 0.211779 0.081091 0.220703 0.050337 0.219580 0.048530 0.188702 0.039570
0 0.538961 0.645001 0.539118 0.645583 0.568843 0.657789 0.581048 0.628064 0.580724 0.627551 0.551118 0.615395
0 0.743951 0.552422 0.744227 0.584444 0.745208 0.584783 0.777359 0.584507 0.777082 0.552357 0.775973 0.552147
0 0.235869 0.897544 0.268002 0.897629 0.268930 0.896039 0.269015 0.864034 0.237010 0.863950 0.235954 0.865411
0 0.320368 0.786581 0.329605 0.818005 0.335104 0.816389 0.335755 0.815188 0.339324 0.808339 0.330744 0.779152 0.329848 0.778450 0.324474 0.780030
0 0.481307 0.576707 0.501679 0.601581 0.526553 0.581208 0.526446 0.580883 0.506156 0.556109 0.481382 0.576400
0 0.256267 0.084274 0.257243 0.085938 0.289025 0.089860 0.292947 0.058078 0.292115 0.056302 0.260205 0.052364
0 0.667538 0.320967 0.683418 0.348776 0.711226 0.332896 0.712075 0.332225 0.696132 0.304305 0.668212 0.320248
0 0.863039 0.197568 0.863452 0.229570 0.895454 0.229156 0.897042 0.228068 0.896627 0.195938 0.864497 0.196353
0 0.167435 0.436700 0.180886 0.465883 0.182163 0.466019 0.211228 0.452622 0.197831 0.423556 0.196618 0.423249
0 0.785911 0.361893 0.796467 0.390424 0.797326 0.390960 0.804282 0.388409 0.809657 0.386420 0.798292 0.355701 0.792916 0.357690 0.786220 0.360944
0 0.294795 0.264108 0.295616 0.265051 0.326963 0.271506 0.333417 0.240159 0.332748 0.239115 0.301275 0.232635
0 0.737372 0.518864 0.737977 0.519708 0.743545 0.520169 0.749262 0.520576 0.751588 0.487905 0.745871 0.487498 0.740250 0.487784 0.739532 0.488519
0 0.338008 0.341365 0.341711 0.344991 0.371866 0.355715 0.373743 0.350438 0.373184 0.349330 0.370367 0.345984 0.341068 0.335563 0.339929 0.335964
0 0.905671 0.859735 0.915162 0.868151 0.920856 0.868806 0.921517 0.867871 0.925073 0.836977 0.924601 0.836267 0.914895 0.828580 0.909331 0.827940
0 0.545418 0.324636 0.551908 0.355976 0.583248 0.349486 0.583582 0.348881 0.577066 0.317416 0.545601 0.323932
0 0.136557 0.498095 0.163451 0.515714 0.164798 0.515651 0.182347 0.488865 0.155560 0.471316 0.154176 0.471201
0 0.796693 0.313106 0.825172 0.327749 0.826479 0.327057 0.841181 0.298464 0.812588 0.283762 0.811337 0.284627
0 0.908406 0.173883 0.933204 0.194144 0.934945 0.192915 0.955288 0.168017 0.930390 0.147675 0.928667 0.149085
0 0.557965 0.130132 0.564434 0.161494 0.595797 0.155025 0.596182 0.153639 0.589686 0.122150 0.558198 0.128645
0 0.320018 0.673365 0.352078 0.677219 0.352672 0.676507 0.356511 0.644576 0.324580 0.640737 0.323872 0.641305
0 0.022283 0.700772 0.032992 0.731087 0.063308 0.720378 0.065056 0.719496 0.054389 0.689302 0.024195 0.699968
0 0.746723 0.126725 0.749343 0.131675 0.750568 0.131797 0.777454 0.117563 0.783617 0.109068 0.784124 0.107733 0.781442 0.102667 0.752495 0.117992
0 0.772686 0.031232 0.778789 0.062650 0.810206 0.056548 0.811452 0.054766 0.805325 0.023223 0.773782 0.029349
0 0.757002 0.514384 0.767325 0.544697 0.768400 0.544877 0.798835 0.534512 0.788470 0.504077 0.787315 0.504061
0 0.101374 0.485031 0.129109 0.501295 0.130594 0.501290 0.146792 0.473666 0.119168 0.457467 0.117638 0.457296
0 0.711643 0.905719 0.716594 0.915211 0.747334 0.926517 0.749313 0.921138 0.748681 0.919841 0.743278 0.910718 0.714726 0.900216 0.713576 0.900462
0 0.483209 0.289964 0.483277 0.290804 0.508185 0.310900 0.528281 0.285992 0.528395 0.285132 0.503386 0.264955
0 0.400342 0.098470 0.400741 0.100076 0.419700 0.125861 0.445485 0.106902 0.445266 0.105323 0.426231 0.079435
0 0.694439 0.140642 0.725897 0.146633 0.726805 0.145213 0.732820 0.113629 0.701236 0.107614 0.700431 0.109185
0 0.192189 0.873527 0.223744 0.879595 0.224849 0.878076 0.230892 0.846647 0.199464 0.840604 0.198256 0.841972
0 0.872844 0.643701 0.881630 0.674476 0.883163 0.675177 0.914062 0.666356 0.905240 0.635457 0.903619 0.634915
0 0.332501 0.669961 0.364363 0.674266 0.364906 0.673569 0.369194 0.641834 0.337460 0.637547 0.336806 0.638099
