0 0.547071 0.219913 0.549896 0.224750 0.577534 0.208612 0.579347 0.201795 0.576457 0.196845 0.575293 0.196728 0.548439 0.212409 0.548173 0.213360
0 0.881216 0.881993 0.882747 0.883527 0.914880 0.883620 0.914973 0.851487 0.913312 0.850081 0.881308 0.849989
0 0.429130 0.653140 0.432735 0.685089 0.464684 0.681484 0.464825 0.680757 0.461234 0.648936 0.429413 0.652527
0 0.835137 0.430052 0.865062 0.441399 0.866529 0.441164 0.877921 0.411118 0.847875 0.399726 0.846483 0.400127
0 0.037154 0.539806 0.041497 0.543547 0.051978 0.542551 0.072867 0.518304 0.068624 0.514648 0.058532 0.514991 0.057636 0.515068 0.037339 0.538628
0 0.300924 0.297199 0.301721 0.298010 0.333509 0.301879 0.337377 0.270091 0.336724 0.269167 0.304808 0.265283
0 0.425816 0.615434 0.430147 0.619189 0.431343 0.619037 0.451712 0.595539 0.452762 0.593463 0.452708 0.592281 0.448476 0.588613 0.427512 0.612795
0 0.108737 0.314205 0.112306 0.318690 0.121169 0.322835 0.146213 0.302909 0.142726 0.298526 0.134368 0.293812 0.133432 0.293802 0.109097 0.313164
0 0.682238 0.633900 0.714430 0.635742 0.715355 0.634422 0.715483 0.603088 0.683410 0.601254 0.682612 0.602689
0 0.644488 0.898845 0.654287 0.929332 0.654907 0.931057 0.685516 0.921218 0.675677 0.890609 0.674974 0.889046
0 0.395473 0.533662 0.425949 0.543847 0.426246 0.543671 0.436389 0.513317 0.406035 0.503173 0.405657 0.503186
0 0.144899 0.208535 0.163610 0.234875 0.164963 0.235942 0.191197 0.217306 0.172562 0.191072 0.171239 0.189824
0 0.182730 0.292829 0.208152 0.312483 0.209319 0.313233 0.228894 0.287913 0.227806 0.287061 0.202384 0.267407
0 0.038209 0.808142 0.057964 0.833508 0.059734 0.832173 0.084998 0.812497 0.065322 0.787232 0.063575 0.788387
0 0.941799 0.613035 0.964412 0.635683 0.975277 0.638857 0.979333 0.634807 0.979054 0.633571 0.957082 0.611565 0.947150 0.609141 0.945763 0.609077
0 0.336381 0.417205 0.337036 0.417536 0.367484 0.427455 0.377403 0.397006 0.376910 0.396592 0.346339 0.386634
0 0.128393 0.533152 0.158463 0.544534 0.159830 0.544356 0.171167 0.514407 0.141218 0.503070 0.139776 0.503083
0 0.139211 0.216311 0.140654 0.217445 0.166419 0.236432 0.185405 0.210667 0.184141 0.209505 0.158273 0.190442
0 0.186069 0.071337 0.195941 0.101936 0.197158 0.103529 0.227634 0.093697 0.217802 0.063221 0.216668 0.061466
0 0.599476 0.598504 0.608381 0.629244 0.608817 0.629764 0.639681 0.620823 0.630740 0.589959 0.630217 0.589599
0 0.420767 0.488380 0.451001 0.499264 0.451197 0.499267 0.462037 0.469154 0.461884 0.469030 0.431650 0.458146
0 0.048397 0.765795 0.070218 0.789408 0.071938 0.788250 0.095457 0.766516 0.073724 0.742998 0.072010 0.743974
0 0.635815 0.838438 0.638993 0.846356 0.639513 0.847143 0.669725 0.854509 0.670814 0.854114 0.672172 0.848546 0.668236 0.840578 0.637142 0.832997
0 0.599394 0.941275 0.599793 0.943048 0.613480 0.972120 0.642552 0.958433 0.641982 0.956599 0.628350 0.927643
0 0.784645 0.288898 0.789156 0.318984 0.789901 0.319760 0.795440 0.318929 0.802352 0.314693 0.797495 0.282302 0.791826 0.283152 0.785155 0.288109
0 0.605089 0.774083 0.605511 0.775184 0.634006 0.790076 0.648898 0.761581 0.648302 0.760534 0.619921 0.745702
0 0.694267 0.655253 0.695048 0.655877 0.726876 0.660423 0.731422 0.628594 0.730496 0.628079 0.698794 0.623552
0 0.187108 0.946667 0.207906 0.971161 0.232401 0.950363 0.233471 0.948561 0.212756 0.924165 0.188360 0.944880
0 0.227473 0.466773 0.248864 0.490777 0.249869 0.490814 0.273777 0.469509 0.252472 0.445602 0.251477 0.445383
0 0.871626 0.622866 0.894965 0.644792 0.896553 0.645374 0.918567 0.621941 0.895134 0.599927 0.893552 0.599527
0 0.112228 0.939265 0.135663 0.961277 0.157674 0.937842 0.159045 0.936089 0.135703 0.914165 0.113780 0.937507
0 0.169938 0.166763 0.176269 0.198285 0.177565 0.199493 0.208961 0.193187 0.202655 0.161791 0.201460 0.160432
0 0.447407 0.485296 0.447926 0.517376 0.448783 0.517828 0.480556 0.516895 0.480091 0.484825 0.479113 0.484504
0 0.639360 0.747129 0.654705 0.775402 0.656424 0.775883 0.683147 0.759530 0.667820 0.731291 0.666066 0.730986
0 0.854743 0.719537 0.874694 0.744584 0.876200 0.745567 0.901349 0.725535 0.881317 0.700387 0.879790 0.699585
0 0.684466 0.573068 0.687498 0.604660 0.719610 0.602575 0.720384 0.601638 0.717161 0.569939 0.685099 0.572021
0 0.813027 0.764898 0.814284 0.765962 0.841275 0.783399 0.858712 0.756408 0.857277 0.755383 0.830394 0.738016
0 0.238968 0.917163 0.268780 0.929203 0.269705 0.927485 0.281697 0.897792 0.252004 0.885800 0.251008 0.887351
0 0.304248 0.519423 0.306201 0.524812 0.310631 0.524245 0.340722 0.513343 0.338814 0.508077 0.337696 0.507602 0.334091 0.507770 0.304853 0.518364
