0 0.843245 0.094615 0.873534 0.105011 0.875035 0.103423 0.885473 0.073013 0.855063 0.062575 0.853642 0.064326
0 0.374266 0.390583 0.389782 0.419428 0.392301 0.421270 0.397234 0.418617 0.397501 0.417486 0.383090 0.390694 0.380493 0.388266 0.379314 0.387867
0 0.588929 0.181012 0.593240 0.212744 0.624972 0.208432 0.625474 0.207261 0.621146 0.175402 0.589287 0.179730
0 0.893061 0.324757 0.914699 0.348338 0.916365 0.347729 0.940041 0.326004 0.918316 0.302328 0.916643 0.303119
0 0.651905 0.295268 0.657221 0.297031 0.658323 0.296407 0.661840 0.291885 0.671631 0.262369 0.671212 0.261195 0.665771 0.259390 0.661982 0.264891
0 0.032449 0.065622 0.034320 0.067360 0.062986 0.081592 0.077217 0.052926 0.075519 0.051130 0.046738 0.036841
0 0.592430 0.139706 0.605692 0.168834 0.634820 0.155572 0.635361 0.154188 0.622046 0.124944 0.592802 0.138259
0 0.573049 0.315114 0.597459 0.335813 0.618158 0.311403 0.618632 0.310645 0.594124 0.289863 0.573342 0.314371
0 0.679621 0.982071 0.680342 0.984007 0.712463 0.984897 0.713353 0.952776 0.712499 0.950964 0.680507 0.950078
0 0.758536 0.843294 0.759575 0.844674 0.787361 0.860850 0.803537 0.833064 0.802322 0.831731 0.774648 0.815619
0 0.102063 0.342476 0.103655 0.343106 0.134507 0.351620 0.143020 0.320768 0.141586 0.320048 0.110611 0.311501
0 0.104970 0.270285 0.119307 0.299042 0.120830 0.299846 0.149472 0.285567 0.135193 0.256924 0.133727 0.255948
0 0.572385 0.832988 0.572676 0.834326 0.581598 0.865195 0.612467 0.856274 0.603546 0.825404 0.603131 0.824102
0 0.215023 0.186171 0.229086 0.215084 0.230170 0.216224 0.258968 0.202218 0.244961 0.173420 0.243936 0.172108
0 0.043879 0.476910 0.072058 0.492353 0.073770 0.492384 0.089151 0.464317 0.061085 0.448936 0.059322 0.448731
0 0.674434 0.412444 0.705737 0.419192 0.706564 0.418868 0.713339 0.387438 0.681910 0.380663 0.681182 0.381141
0 0.824541 0.840555 0.825845 0.841923 0.849092 0.864106 0.871276 0.840859 0.848028 0.818675 0.846636 0.817401
0 0.354826 0.886491 0.386852 0.889119 0.387304 0.887562 0.389921 0.855664 0.358023 0.853048 0.357453 0.854466
0 0.680642 0.841534 0.681368 0.842907 0.710208 0.857117 0.724418 0.828276 0.723520 0.826962 0.694795 0.812809
0 0.291986 0.240254 0.292818 0.241293 0.318938 0.259788 0.337433 0.233668 0.336780 0.232598 0.310555 0.214029
0 0.208325 0.110143 0.223567 0.138431 0.224673 0.139877 0.252848 0.124696 0.237667 0.096521 0.236613 0.094901
0 0.576542 0.662430 0.588655 0.692074 0.589011 0.692846 0.618774 0.680684 0.606612 0.650921 0.606185 0.650317
0 0.836240 0.358759 0.845631 0.389354 0.876227 0.379963 0.877738 0.379481 0.868309 0.348762 0.837590 0.358191
0 0.386222 0.301061 0.386677 0.301857 0.417838 0.309238 0.425219 0.278077 0.424918 0.277185 0.393632 0.269775
0 0.851888 0.247692 0.856676 0.277845 0.889025 0.274103 0.890186 0.272090 0.885217 0.241813 0.852896 0.245587
0 0.073917 0.875331 0.097338 0.897331 0.098949 0.895742 0.120861 0.872415 0.097534 0.850502 0.095918 0.851910
0 0.291258 0.847148 0.323363 0.848481 0.324070 0.847087 0.325397 0.815110 0.293420 0.813782 0.292591 0.815043
0 0.126024 0.833801 0.126043 0.839533 0.127083 0.840150 0.158181 0.840042 0.165608 0.832653 0.166597 0.831660 0.166577 0.826059 0.134573 0.826171
0 0.204550 0.735252 0.220552 0.763138 0.248438 0.747136 0.249445 0.746146 0.233507 0.718372 0.205732 0.734311
0 0.150705 0.534261 0.167757 0.561518 0.169087 0.561271 0.196235 0.544288 0.179251 0.517140 0.177962 0.517209
0 0.559584 0.204023 0.585375 0.223268 0.604619 0.197477 0.605042 0.196255 0.579147 0.176933 0.559825 0.202828
0 0.790289 0.067110 0.798926 0.097928 0.829743 0.089291 0.831068 0.087641 0.822396 0.056700 0.791455 0.065372
0 0.879277 0.273281 0.889481 0.303635 0.919835 0.293431 0.921522 0.292601 0.911277 0.262125 0.880802 0.272370
0 0.349500 0.134296 0.358302 0.165200 0.358869 0.166539 0.389649 0.157772 0.380882 0.126992 0.380404 0.125494
0 0.548344 0.187922 0.553023 0.219601 0.584703 0.214922 0.585043 0.213776 0.580345 0.181970 0.548538 0.186668
0 0.701900 0.155791 0.702011 0.157097 0.706684 0.160184 0.724326 0.133482 0.729575 0.124907 0.724792 0.121747 0.723527 0.122200 0.706384 0.148146
0 0.814593 0.894138 0.815856 0.895721 0.836448 0.920389 0.861116 0.899797 0.840524 0.875129 0.839162 0.873629
0 0.542388 0.294066 0.567411 0.314047 0.587393 0.289023 0.587744 0.288176 0.562620 0.268113 0.542558 0.293238
