0 0.195702 0.140969 0.196098 0.141791 0.197464 0.143404 0.200881 0.143842 0.204324 0.143704 0.208023 0.143113 0.210907 0.142259 0.213057 0.141548 0.215184 0.140528 0.216544 0.139664 0.220097 0.137323 0.222437 0.135018 0.224994 0.132279 0.226025 0.129707 0.225632 0.128888 0.224393 0.127210 0.220382 0.123114 0.219240 0.122935 0.217556 0.123184 0.216000 0.123478 0.200894 0.129554 0.199525 0.130437 0.197899 0.131521 0.196850 0.132585 0.196528 0.133058
0 0.092096 0.505264 0.092526 0.507357 0.093740 0.509126 0.096972 0.512595 0.102294 0.516046 0.108563 0.517228 0.108745 0.517231 0.114998 0.515968 0.120289 0.512455 0.123814 0.507228 0.125040 0.501082 0.123779 0.494952 0.120226 0.489767 0.114917 0.486316 0.108660 0.485125 0.108477 0.485101 0.103496 0.485822 0.101364 0.486249 0.099558 0.487444 0.096914 0.489863 0.093375 0.495096 0.092143 0.501255
0 0.183982 0.353765 0.185941 0.359612 0.187609 0.361949 0.188998 0.363519 0.189793 0.364069 0.190239 0.364377 0.195808 0.367047 0.202025 0.367368 0.207942 0.365293 0.212654 0.361136 0.215445 0.355535 0.215888 0.349342 0.213921 0.343502 0.209843 0.338904 0.209633 0.338734 0.209423 0.338564 0.208673 0.337957 0.206776 0.337050 0.204064 0.336073 0.197852 0.335755 0.191942 0.337829 0.187811 0.339797 0.186207 0.341210 0.185254 0.343116 0.184436 0.347573
0 0.672880 0.704051 0.672921 0.704179 0.674536 0.708682 0.675270 0.710696 0.676721 0.712287 0.679338 0.714765 0.685057 0.717484 0.691366 0.717835 0.695540 0.717089 0.697563 0.716383 0.699150 0.714958 0.701966 0.711578 0.704640 0.705921 0.704916 0.699653 0.703764 0.696305 0.703027 0.694288 0.702692 0.693610 0.698424 0.688940 0.692699 0.686230 0.686394 0.685890 0.680467 0.687971 0.675819 0.692152 0.673156 0.697798
0 0.420674 0.346001 0.421143 0.352251 0.423967 0.357846 0.424016 0.357938 0.427365 0.361043 0.428972 0.362427 0.430987 0.363090 0.434713 0.363981 0.440958 0.363512 0.446550 0.360690 0.449396 0.357972 0.450779 0.356364 0.451442 0.354350 0.452593 0.349993 0.452125 0.343747 0.452093 0.343647 0.449269 0.338052 0.444519 0.333965 0.438566 0.332005 0.432316 0.332474 0.426721 0.335298 0.422634 0.340049
0 0.708968 0.359747 0.711062 0.365635 0.715278 0.370264 0.720976 0.372933 0.727290 0.373232 0.733259 0.371113 0.737973 0.366898 0.738434 0.366399 0.739368 0.364466 0.740796 0.361135 0.741142 0.354870 0.739038 0.348971 0.736617 0.345440 0.735176 0.343862 0.733231 0.342955 0.729098 0.341675 0.722779 0.341387 0.716813 0.343515 0.714012 0.345832 0.712410 0.347268 0.712042 0.347835 0.709311 0.353498
0 0.390364 0.204568 0.390887 0.207383 0.391289 0.209441 0.391545 0.210608 0.391601 0.210863 0.395049 0.215998 0.400244 0.219445 0.406391 0.220681 0.412552 0.219513 0.417789 0.216124 0.421303 0.211029 0.422560 0.205008 0.422524 0.204749 0.421572 0.199569 0.421167 0.197514 0.419991 0.195767 0.417882 0.193588 0.412690 0.190147 0.406550 0.188913 0.402261 0.188453 0.400164 0.188849 0.398380 0.190000 0.395155 0.193456 0.391633 0.198545
0 0.164297 0.260085 0.164408 0.262240 0.165474 0.266823 0.168190 0.272587 0.172877 0.276912 0.173058 0.276991 0.178999 0.279218 0.185293 0.279016 0.190985 0.276413 0.195211 0.271807 0.197326 0.265895 0.197010 0.259577 0.194307 0.253812 0.189627 0.249479 0.189456 0.249382 0.184736 0.247455 0.182709 0.246693 0.180561 0.246760 0.177198 0.247342 0.171491 0.249951 0.167260 0.254571 0.165016 0.258067
0 0.563804 0.652003 0.564352 0.654079 0.565420 0.657908 0.569230 0.662936 0.574662 0.666130 0.578811 0.666939 0.580932 0.667236 0.583000 0.666696 0.586961 0.665416 0.591952 0.661615 0.595101 0.656178 0.595732 0.652245 0.596013 0.650119 0.595461 0.648042 0.594305 0.643839 0.594287 0.643803 0.590471 0.638785 0.585041 0.635604 0.578825 0.634742 0.572768 0.636327 0.567789 0.640120 0.564644 0.645542 0.563812 0.651772 0.563809 0.651855
0 0.587436 0.230016 0.588764 0.236137 0.590855 0.240298 0.592064 0.242040 0.593847 0.243188 0.597601 0.244671 0.603764 0.245786 0.609885 0.244458 0.612951 0.242856 0.614694 0.241647 0.615841 0.239864 0.618420 0.235621 0.618496 0.235451 0.619612 0.229283 0.618283 0.223159 0.614710 0.218009 0.609440 0.214618 0.603273 0.213503 0.597148 0.214832 0.591999 0.218404 0.588608 0.223674 0.588551 0.223852
0 0.679880 0.280849 0.681006 0.287051 0.684405 0.292319 0.689563 0.295852 0.695693 0.297116 0.701865 0.295916 0.702509 0.295569 0.704307 0.294384 0.707261 0.292372 0.710842 0.287135 0.712177 0.280939 0.711996 0.276496 0.711616 0.274379 0.710458 0.272580 0.707661 0.269444 0.702494 0.265899 0.696349 0.264633 0.692765 0.265055 0.690658 0.265466 0.688859 0.266656 0.684881 0.269332 0.684776 0.269411 0.681204 0.274654
0 0.711220 0.453161 0.711542 0.457313 0.712026 0.459378 0.713263 0.461100 0.716302 0.464346 0.721624 0.467647 0.727805 0.468661 0.727952 0.468641 0.734053 0.467211 0.739144 0.463556 0.742448 0.458230 0.743463 0.452046 0.742033 0.445944 0.738377 0.440853 0.733052 0.437550 0.726867 0.436535 0.720766 0.437965 0.720623 0.438005 0.719977 0.438186 0.718254 0.439423 0.715536 0.441658 0.712233 0.446980
0 0.163821 0.502109 0.164418 0.504157 0.166868 0.508025 0.170738 0.512912 0.176138 0.515931 0.178923 0.516525 0.181004 0.516760 0.182519 0.516590 0.188404 0.514847 0.193173 0.510931 0.196099 0.505441 0.196731 0.499211 0.194975 0.493192 0.191097 0.488303 0.185690 0.485289 0.179580 0.484609 0.178054 0.484664 0.176049 0.485262 0.173420 0.486374 0.168657 0.490297 0.165741 0.495788 0.164035 0.499989
0 0.892329 0.043255 0.892707 0.045975 0.893978 0.052109 0.898836 0.059603 0.899782 0.060849 0.901555 0.062013 0.903638 0.062410 0.908887 0.061899 0.915019 0.060628 0.920199 0.057107 0.920470 0.056822 0.923910 0.051583 0.925084 0.045427 0.923812 0.039290 0.920289 0.034107 0.915050 0.030667 0.908894 0.029493 0.902758 0.030765 0.897574 0.034288 0.897318 0.034588 0.893891 0.039399 0.892727 0.041171
0 0.324721 0.936831 0.326510 0.942837 0.330459 0.947703 0.335971 0.950686 0.342205 0.951334 0.348211 0.949546 0.353077 0.945596 0.356060 0.940084 0.356154 0.939801 0.356800 0.933571 0.356043 0.928348 0.355438 0.926316 0.354101 0.924669 0.351066 0.922705 0.345557 0.919724 0.339328 0.919077 0.335846 0.919026 0.333814 0.919631 0.332167 0.920968 0.328463 0.924811 0.325482 0.930319 0.325369 0.930597
0 0.788926 0.465613 0.790319 0.471727 0.793899 0.476846 0.799119 0.480191 0.805181 0.481254 0.805446 0.481226 0.811432 0.479845 0.816425 0.476231 0.819817 0.472583 0.820921 0.470780 0.821263 0.468679 0.820670 0.464769 0.819279 0.458662 0.815706 0.453545 0.813495 0.451119 0.811720 0.449978 0.809656 0.449613 0.804432 0.449123 0.804168 0.449172 0.798184 0.450542 0.793184 0.454147 0.789933 0.459440
0 0.250390 0.111359 0.251466 0.117533 0.254822 0.122825 0.254980 0.123068 0.260103 0.126672 0.266215 0.128039 0.270963 0.128421 0.273052 0.128056 0.274843 0.126921 0.277674 0.123610 0.281278 0.118486 0.282645 0.112374 0.282574 0.109447 0.282210 0.107358 0.281711 0.106458 0.281570 0.106204 0.281429 0.105950 0.278073 0.100658 0.272946 0.097053 0.266830 0.095684 0.260656 0.096760 0.255364 0.100116 0.251759 0.105243
0 0.473078 0.183708 0.473095 0.183912 0.474347 0.190049 0.476730 0.194374 0.477917 0.196132 0.479686 0.197301 0.483076 0.198693 0.489225 0.199886 0.495362 0.198633 0.498793 0.197208 0.500550 0.196021 0.501720 0.194252 0.504007 0.189904 0.505198 0.183755 0.505201 0.183551 0.503949 0.177410 0.500442 0.172217 0.495214 0.168760 0.489061 0.167568 0.482920 0.168820 0.477727 0.172328 0.474270 0.177555
0 0.242087 0.424444 0.242239 0.425969 0.242676 0.428033 0.243330 0.430320 0.244100 0.432476 0.244869 0.434171 0.245517 0.435145 0.248957 0.440247 0.251927 0.443460 0.253043 0.443713 0.253916 0.443464 0.258044 0.438032 0.257784 0.436191 0.257142 0.432765 0.252269 0.417474 0.250884 0.414545 0.250218 0.413486 0.244055 0.412618 0.243178 0.412868 0.242770 0.414842 0.242091 0.418808
0 0.264596 0.044757 0.265371 0.050976 0.265522 0.051265 0.268247 0.056165 0.269295 0.058009 0.270968 0.059312 0.273559 0.060557 0.279597 0.062220 0.285813 0.061445 0.290025 0.060692 0.291869 0.059644 0.293172 0.057971 0.295105 0.053408 0.296767 0.047370 0.295992 0.041155 0.295861 0.040859 0.292764 0.035410 0.287819 0.031561 0.281776 0.029897 0.275557 0.030672 0.270109 0.033769 0.266259 0.038714
0 0.943778 0.208311 0.944038 0.214630 0.946625 0.220343 0.951143 0.224580 0.956904 0.226699 0.963030 0.226379 0.963380 0.226249 0.968667 0.223863 0.970561 0.222939 0.971976 0.221343 0.973095 0.218850 0.975207 0.212896 0.975028 0.203718 0.974884 0.202145 0.974006 0.200197 0.972469 0.198750 0.967862 0.196614 0.962097 0.194483 0.955960 0.194796 0.955614 0.194946 0.950044 0.197656 0.945887 0.202349
0 0.583010 0.478712 0.583672 0.480727 0.585210 0.484599 0.589296 0.489347 0.594887 0.492170 0.598721 0.492500 0.600836 0.492659 0.601197 0.492633 0.607151 0.490674 0.611901 0.486586 0.614726 0.480992 0.615194 0.474742 0.613236 0.468789 0.609148 0.464039 0.603553 0.461214 0.597304 0.460746 0.591350 0.462704 0.591291 0.462728 0.586544 0.466814 0.583721 0.472404 0.583168 0.476598
0 0.072940 0.872470 0.073281 0.878727 0.075992 0.884378 0.080658 0.888562 0.086571 0.890640 0.092828 0.890299 0.098479 0.887588 0.098738 0.887338 0.102919 0.882674 0.105450 0.877663 0.106153 0.875662 0.106038 0.873545 0.105410 0.872065 0.101946 0.864865 0.095807 0.859265 0.094572 0.858260 0.092571 0.857557 0.090453 0.857672 0.085120 0.858948 0.079473 0.861657 0.079202 0.861891 0.075018 0.866557
0 0.822012 0.258578 0.822344 0.263207 0.822999 0.265224 0.824376 0.266836 0.828015 0.269297 0.833595 0.272140 0.839839 0.272632 0.842766 0.272024 0.844783 0.271368 0.845796 0.270697 0.846019 0.270549 0.850785 0.266479 0.853630 0.260895 0.854123 0.254647 0.852186 0.248687 0.848116 0.243921 0.842532 0.241076 0.836284 0.240583 0.830324 0.242520 0.829898 0.242852 0.829144 0.243440 0.827531 0.244817 0.825348 0.246753 0.822505 0.252334
0 0.598258 0.718729 0.598314 0.720128 0.598554 0.724324 0.599299 0.728744 0.599548 0.730002 0.599716 0.730392 0.602503 0.736301 0.605060 0.740173 0.605967 0.740079 0.610240 0.738717 0.610316 0.738422 0.610372 0.735578 0.608965 0.720166 0.608072 0.713840 0.606526 0.708294 0.606204 0.708078 0.602216 0.707493 0.601312 0.707587 0.599700 0.711860 0.598318 0.718171
0 0.524829 0.261155 0.525532 0.264822 0.525948 0.266930 0.526028 0.267255 0.526073 0.267437 0.529549 0.272667 0.534752 0.276146 0.540891 0.277346 0.547035 0.276083 0.552250 0.272548 0.555740 0.267276 0.556973 0.261068 0.556971 0.260973 0.556154 0.256431 0.555740 0.254319 0.554555 0.252533 0.552275 0.249528 0.547060 0.246040 0.540905 0.244842 0.536770 0.245203 0.534674 0.245637 0.532897 0.246846 0.529536 0.249664 0.526052 0.254946
0 0.396427 0.796541 0.398005 0.801132 0.398820 0.803107 0.400331 0.804608 0.403255 0.806745 0.409057 0.809083 0.415340 0.809000 0.419235 0.808136 0.421211 0.807288 0.422726 0.805749 0.425592 0.801994 0.428003 0.796141 0.428016 0.789841 0.427997 0.789682 0.425610 0.783896 0.421188 0.779498 0.415399 0.777157 0.409125 0.777230 0.403319 0.779709 0.398865 0.784217 0.396446 0.790071 0.396443 0.790231
0 0.210274 0.027005 0.210305 0.032652 0.211411 0.038622 0.211610 0.038988 0.214985 0.044040 0.220118 0.047407 0.226226 0.048575 0.232378 0.047364 0.237635 0.043960 0.241194 0.038881 0.242516 0.032905 0.241400 0.026941 0.241221 0.026568 0.237837 0.021521 0.233604 0.017575 0.231855 0.016431 0.229777 0.016035 0.228173 0.016258 0.220455 0.018209 0.213233 0.022297 0.211942 0.023244 0.210728 0.024971
0 0.215657 0.394394 0.216471 0.396370 0.218583 0.400627 0.223041 0.405088 0.223154 0.405175 0.228996 0.407614 0.235332 0.407662 0.241198 0.405316 0.245701 0.400934 0.248159 0.395185 0.248197 0.388943 0.245814 0.383156 0.245715 0.383054 0.241267 0.378598 0.235432 0.376154 0.230756 0.375629 0.228597 0.375609 0.226597 0.376405 0.223222 0.378432 0.218705 0.382812 0.216236 0.388570 0.215671 0.392263
0 0.303095 0.386748 0.303872 0.388708 0.306177 0.393067 0.310498 0.397481 0.310669 0.397597 0.316369 0.399991 0.322583 0.400002 0.328364 0.397626 0.332829 0.393224 0.335298 0.387469 0.335392 0.381239 0.333102 0.375485 0.328776 0.371082 0.328617 0.370948 0.322913 0.368563 0.318054 0.367946 0.315939 0.367945 0.313973 0.368755 0.310929 0.370938 0.306468 0.375335 0.303999 0.381083 0.303130 0.384627
0 0.448957 0.462847 0.450012 0.469025 0.453352 0.474328 0.458467 0.477950 0.458494 0.477964 0.462637 0.478942 0.464705 0.479412 0.466795 0.479055 0.470775 0.478296 0.476074 0.474959 0.479694 0.469847 0.480666 0.465914 0.481136 0.463846 0.480779 0.461756 0.480026 0.457566 0.480013 0.457539 0.476673 0.452236 0.471559 0.448614 0.465447 0.447226 0.459270 0.448281 0.453967 0.451621 0.450345 0.456736
0 0.234217 0.765188 0.235835 0.771242 0.239645 0.776218 0.245070 0.779356 0.251283 0.780180 0.257338 0.778562 0.262314 0.774752 0.262467 0.774574 0.265603 0.769153 0.266426 0.762944 0.266046 0.758189 0.265498 0.756141 0.264209 0.754457 0.261002 0.751921 0.255580 0.748784 0.249371 0.747962 0.246121 0.748300 0.244072 0.748847 0.242388 0.750137 0.238348 0.753386 0.238179 0.753550 0.235041 0.758975
0 0.200744 0.655584 0.200933 0.660331 0.201504 0.662373 0.202817 0.664056 0.206276 0.666522 0.211719 0.669661 0.217922 0.670522 0.221038 0.670316 0.223090 0.669788 0.224768 0.668520 0.228872 0.665249 0.229056 0.665073 0.232135 0.659741 0.232901 0.653609 0.231231 0.647612 0.227382 0.642661 0.221936 0.639515 0.215726 0.638653 0.209698 0.640209 0.204773 0.643941 0.204573 0.644103 0.201499 0.649447
0 0.203527 0.507764 0.205712 0.513638 0.209978 0.518228 0.215676 0.520837 0.221939 0.521066 0.222119 0.521054 0.227989 0.518870 0.231807 0.516007 0.233360 0.514563 0.234243 0.512635 0.235184 0.508911 0.235413 0.502652 0.233230 0.496782 0.231204 0.493771 0.229760 0.492218 0.227832 0.491335 0.223272 0.489587 0.223093 0.489580 0.216830 0.489351 0.210956 0.491536 0.206365 0.495802 0.203756 0.501501
0 0.125119 0.154619 0.125213 0.160885 0.127698 0.166639 0.132195 0.171003 0.133509 0.172179 0.135480 0.172961 0.138253 0.173526 0.144516 0.173433 0.150266 0.170949 0.154163 0.168953 0.155639 0.167432 0.156422 0.165461 0.156938 0.160633 0.156844 0.154371 0.154361 0.148621 0.154138 0.148394 0.149641 0.144030 0.143816 0.141718 0.137549 0.141812 0.131796 0.144296 0.127431 0.148794
0 0.860783 0.916504 0.861151 0.921108 0.862620 0.927536 0.862994 0.928487 0.863812 0.930120 0.864951 0.932185 0.865523 0.933209 0.866239 0.934372 0.867483 0.936353 0.868493 0.937827 0.869117 0.938568 0.874145 0.943148 0.878115 0.945868 0.878914 0.945428 0.879328 0.945166 0.882429 0.941459 0.880696 0.937623 0.872104 0.922617 0.868732 0.917534 0.866099 0.915580 0.861913 0.915686 0.861118 0.916124
0 0.373302 0.115563 0.373384 0.115811 0.375182 0.120806 0.375916 0.122795 0.377356 0.124352 0.379803 0.126286 0.385491 0.128908 0.391749 0.129154 0.395935 0.128813 0.397925 0.128079 0.399482 0.126639 0.402224 0.122735 0.404847 0.117047 0.405092 0.110789 0.405031 0.110537 0.402861 0.104658 0.398608 0.100056 0.392916 0.097432 0.386653 0.097186 0.380774 0.099355 0.376172 0.103609 0.373548 0.109301
0 0.041039 0.185031 0.042493 0.191128 0.046170 0.196203 0.046755 0.196595 0.047791 0.197288 0.049597 0.198399 0.051798 0.199680 0.057982 0.200668 0.064075 0.199216 0.068691 0.197677 0.070409 0.196433 0.071520 0.194627 0.072428 0.190207 0.073416 0.184022 0.071963 0.177929 0.070798 0.175533 0.069553 0.173816 0.068567 0.173068 0.068010 0.172646 0.062672 0.169363 0.056483 0.168374 0.050387 0.169828 0.045312 0.173504 0.042029 0.178843
0 0.316934 0.716520 0.317934 0.721310 0.318670 0.723288 0.320119 0.724842 0.323347 0.726891 0.329044 0.729510 0.335320 0.729790 0.338850 0.729377 0.340860 0.728661 0.342436 0.727244 0.345848 0.723528 0.348503 0.717936 0.348576 0.717729 0.348850 0.711561 0.346702 0.705751 0.342457 0.701183 0.336759 0.698556 0.330478 0.698272 0.324572 0.700375 0.319941 0.704543 0.317293 0.710142 0.317199 0.710343
0 0.432171 0.159110 0.432175 0.159388 0.433357 0.165447 0.436807 0.170628 0.442002 0.174139 0.448148 0.175445 0.454306 0.174346 0.459539 0.171013 0.463050 0.165954 0.464307 0.159942 0.464323 0.159665 0.463611 0.154388 0.463207 0.152327 0.462031 0.150564 0.459684 0.148437 0.454496 0.144929 0.448356 0.143621 0.444308 0.143030 0.442211 0.143401 0.440427 0.144533 0.436962 0.148036 0.433440 0.153092
