0 0.650010 0.944753 0.650266 0.946858 0.651207 0.952277 0.651305 0.952569 0.654386 0.958026 0.659320 0.961890 0.665358 0.963570 0.671579 0.962813 0.677037 0.959732 0.680900 0.954798 0.682581 0.948760 0.681823 0.942539 0.681706 0.942254 0.678628 0.936799 0.673696 0.932939 0.669214 0.930564 0.667171 0.929996 0.665066 0.930252 0.661445 0.932016 0.655991 0.935095 0.652130 0.940026 0.650578 0.942710
0 0.808901 0.905950 0.809825 0.912252 0.813024 0.917721 0.813268 0.917934 0.817691 0.921426 0.819391 0.922721 0.821440 0.923250 0.824276 0.923289 0.830402 0.922356 0.835704 0.919081 0.838029 0.917546 0.839317 0.916667 0.840567 0.914925 0.841071 0.912821 0.840855 0.907788 0.839924 0.901490 0.836725 0.896029 0.836466 0.895831 0.831488 0.892038 0.825485 0.890484 0.819368 0.891408 0.814068 0.894670 0.810392 0.899776
0 0.311568 0.703844 0.312282 0.710071 0.315323 0.715550 0.320230 0.719449 0.326255 0.721173 0.332481 0.720460 0.337961 0.717419 0.341860 0.712511 0.341962 0.712374 0.343685 0.706353 0.343673 0.701651 0.343432 0.699544 0.342403 0.697690 0.339933 0.694654 0.335029 0.690758 0.329007 0.689035 0.325411 0.688951 0.323304 0.689193 0.321450 0.690222 0.317309 0.692787 0.317191 0.692912 0.313293 0.697819
0 0.662126 0.691008 0.662555 0.697256 0.663915 0.700371 0.664859 0.702270 0.665343 0.702865 0.665450 0.702995 0.670174 0.707113 0.676115 0.709109 0.682368 0.708679 0.687980 0.705889 0.692097 0.701165 0.694093 0.695224 0.693664 0.688971 0.690874 0.683360 0.690628 0.683123 0.690192 0.682705 0.688593 0.681311 0.686029 0.679126 0.680092 0.677132 0.673843 0.677561 0.669641 0.678877 0.667742 0.679821 0.666349 0.681420 0.664120 0.685071
0 0.406041 0.527327 0.406472 0.531150 0.408750 0.536982 0.413074 0.541513 0.416369 0.543541 0.418315 0.544407 0.420438 0.544464 0.425020 0.544223 0.430828 0.541988 0.430923 0.541912 0.435419 0.537615 0.437918 0.531906 0.438041 0.525656 0.435764 0.519818 0.431436 0.515281 0.425716 0.512740 0.419479 0.512580 0.413674 0.514825 0.413567 0.514883 0.409077 0.519191 0.406927 0.523254 0.406080 0.525199
0 0.164910 0.250261 0.166443 0.256212 0.167724 0.258455 0.168989 0.260109 0.169901 0.260857 0.170412 0.261276 0.175737 0.264293 0.181868 0.265011 0.187870 0.263322 0.192825 0.259481 0.195979 0.254075 0.196850 0.247928 0.195308 0.241979 0.191588 0.237135 0.191347 0.236910 0.190242 0.235882 0.188426 0.234857 0.186016 0.233902 0.179888 0.233191 0.173893 0.234883 0.169460 0.236391 0.167774 0.237698 0.166700 0.239537 0.165789 0.244119
0 0.595220 0.826259 0.596833 0.832310 0.600644 0.837332 0.604228 0.840543 0.606079 0.841642 0.608200 0.841962 0.612308 0.841500 0.618387 0.840010 0.623389 0.836313 0.625534 0.833847 0.626610 0.832028 0.626896 0.829926 0.627388 0.824798 0.627374 0.824571 0.625759 0.818512 0.621940 0.813489 0.616499 0.810267 0.610268 0.809336 0.604196 0.810836 0.599206 0.814536 0.596058 0.819871 0.595226 0.826031
0 0.116683 0.287872 0.117517 0.294084 0.120663 0.299504 0.125645 0.303307 0.125886 0.303434 0.126982 0.304010 0.129032 0.304554 0.131940 0.305040 0.138148 0.304208 0.143564 0.301063 0.147110 0.298368 0.148397 0.296682 0.148941 0.294632 0.148971 0.290031 0.148138 0.283824 0.144994 0.278407 0.142755 0.276554 0.141070 0.275267 0.140247 0.274752 0.139783 0.274462 0.133726 0.272854 0.127514 0.273687 0.122094 0.276834 0.118291 0.281815
0 0.252057 0.474113 0.253136 0.480286 0.256496 0.485576 0.261624 0.489179 0.267741 0.490544 0.267891 0.490550 0.274061 0.489471 0.278204 0.487291 0.279994 0.486154 0.281213 0.484419 0.282947 0.480989 0.284312 0.474876 0.283233 0.468706 0.281657 0.465317 0.280520 0.463526 0.278785 0.462307 0.274750 0.459819 0.268637 0.458454 0.268488 0.458429 0.262314 0.459508 0.257024 0.462868 0.253422 0.467996
0 0.207770 0.682303 0.209773 0.688251 0.211415 0.691677 0.212809 0.693278 0.214704 0.694209 0.219430 0.695684 0.225617 0.696033 0.225841 0.695959 0.231704 0.693871 0.236352 0.689663 0.239076 0.683977 0.239460 0.677682 0.237449 0.671737 0.233349 0.667049 0.227788 0.664328 0.221612 0.663987 0.221386 0.664039 0.215530 0.666130 0.211404 0.669164 0.209823 0.670595 0.208894 0.672529 0.208163 0.676012
0 0.168216 0.899019 0.168462 0.899898 0.172516 0.904923 0.172707 0.904991 0.173823 0.905020 0.177168 0.904478 0.193306 0.899231 0.196621 0.897610 0.197847 0.896821 0.198248 0.896562 0.200449 0.889532 0.200203 0.888658 0.199132 0.887698 0.194865 0.887217 0.192388 0.887197 0.187486 0.887487 0.185589 0.887827 0.183319 0.888465 0.181016 0.889305 0.179027 0.890221 0.177655 0.891075 0.172771 0.894364 0.169708 0.897224
0 0.729141 0.459190 0.730521 0.465286 0.734141 0.470422 0.739454 0.473816 0.745650 0.474948 0.751782 0.473643 0.751930 0.473557 0.752604 0.473164 0.754354 0.471957 0.757067 0.470015 0.760422 0.464775 0.761484 0.458639 0.761264 0.454164 0.760790 0.452088 0.759554 0.450340 0.756464 0.447412 0.751149 0.444027 0.744959 0.442900 0.741555 0.443281 0.739468 0.443724 0.737721 0.444928 0.733702 0.447736 0.733566 0.447839 0.730212 0.453064
0 0.414702 0.491536 0.415342 0.495327 0.415946 0.497367 0.417282 0.499017 0.420398 0.502372 0.425876 0.505331 0.425986 0.505361 0.432182 0.505982 0.438156 0.504170 0.442997 0.500201 0.445965 0.494678 0.446607 0.488444 0.444826 0.482452 0.440895 0.477614 0.435415 0.474667 0.435312 0.474616 0.429114 0.474005 0.424669 0.474981 0.422637 0.475600 0.420990 0.476952 0.418312 0.479792 0.415347 0.485309
0 0.297654 0.927418 0.297891 0.932489 0.298357 0.934612 0.299582 0.936386 0.302621 0.938860 0.307906 0.942252 0.314072 0.943307 0.317495 0.943342 0.319574 0.942850 0.321316 0.941583 0.325291 0.938143 0.328634 0.932712 0.328760 0.932502 0.329821 0.926195 0.328444 0.919970 0.324842 0.914773 0.319562 0.911394 0.313409 0.910345 0.307319 0.911785 0.302214 0.915494 0.302070 0.915692 0.298726 0.921113
0 0.682924 0.964617 0.683035 0.964986 0.684894 0.970785 0.688902 0.975436 0.693099 0.979002 0.694989 0.979954 0.697115 0.980130 0.698663 0.979747 0.706684 0.976906 0.712844 0.972196 0.714043 0.971117 0.715041 0.969276 0.715241 0.967211 0.715030 0.961516 0.713179 0.955709 0.713048 0.955346 0.709044 0.950688 0.703493 0.947887 0.697243 0.947370 0.691247 0.949217 0.686421 0.953145 0.683499 0.958553
0 0.759688 0.309250 0.761326 0.315304 0.765176 0.320239 0.770651 0.323307 0.776921 0.324039 0.783033 0.322325 0.783160 0.322254 0.788187 0.318348 0.791359 0.312844 0.792512 0.308343 0.792795 0.306210 0.792238 0.304143 0.790552 0.300512 0.786694 0.295564 0.781203 0.292494 0.777615 0.291601 0.775475 0.291354 0.773391 0.291942 0.768803 0.293494 0.768685 0.293584 0.763668 0.297496 0.760509 0.302998
0 0.557467 0.974923 0.557550 0.981335 0.557586 0.981574 0.557752 0.982668 0.558595 0.984680 0.560062 0.987482 0.564556 0.991981 0.570385 0.994382 0.574744 0.995472 0.576881 0.995451 0.578843 0.994594 0.582420 0.991802 0.586789 0.987215 0.589103 0.981260 0.589300 0.978102 0.589268 0.975917 0.588953 0.974609 0.586471 0.968713 0.581980 0.964229 0.576163 0.961837 0.569904 0.961900 0.564154 0.964406 0.559787 0.968979
0 0.438355 0.726014 0.438438 0.732190 0.440909 0.737885 0.443582 0.741763 0.445108 0.743244 0.447086 0.744043 0.451196 0.744578 0.457450 0.744561 0.463201 0.742184 0.465868 0.740295 0.467358 0.738804 0.468151 0.736859 0.469902 0.732093 0.469947 0.731879 0.469874 0.725703 0.467410 0.720001 0.462929 0.715645 0.457115 0.713298 0.450855 0.713320 0.445103 0.715705 0.440738 0.720090 0.438421 0.725803
0 0.498802 0.130981 0.498803 0.131219 0.501087 0.137051 0.505429 0.141565 0.509192 0.144266 0.511135 0.145116 0.513256 0.145157 0.517430 0.144195 0.523262 0.141912 0.527776 0.137569 0.529346 0.134852 0.530195 0.132909 0.530284 0.131830 0.530303 0.131593 0.530426 0.125327 0.528140 0.119492 0.523795 0.114975 0.518053 0.112465 0.511787 0.112343 0.505952 0.114628 0.501435 0.118973 0.498925 0.124715
0 0.638473 0.056642 0.638538 0.058762 0.639408 0.060695 0.641516 0.063176 0.646078 0.067468 0.651935 0.069688 0.655611 0.070822 0.657731 0.070757 0.659665 0.069886 0.663905 0.066925 0.668197 0.062363 0.668305 0.062080 0.670527 0.056220 0.670335 0.049956 0.667762 0.044241 0.663197 0.039947 0.657337 0.037726 0.651073 0.037917 0.645358 0.040490 0.641064 0.045055 0.638843 0.050916 0.638753 0.051205
0 0.466745 0.835304 0.468214 0.841466 0.470283 0.845717 0.471537 0.847473 0.473353 0.848619 0.477228 0.849986 0.483404 0.851045 0.489482 0.849634 0.492521 0.848068 0.494242 0.846819 0.495351 0.844992 0.497790 0.840605 0.497851 0.840422 0.498812 0.834185 0.497335 0.828021 0.493647 0.822871 0.488312 0.819518 0.482142 0.818471 0.476077 0.819886 0.471039 0.823548 0.467791 0.828898 0.467710 0.829073
0 0.112856 0.186919 0.113785 0.193117 0.117015 0.198488 0.117262 0.198682 0.121700 0.202016 0.123405 0.203277 0.125463 0.203790 0.128375 0.203919 0.134570 0.202991 0.139937 0.199763 0.143443 0.197326 0.144704 0.195621 0.145216 0.193563 0.145173 0.188649 0.144246 0.182455 0.141018 0.177088 0.140786 0.176879 0.135747 0.173154 0.129665 0.171639 0.123467 0.172568 0.118096 0.175798 0.114371 0.180837
0 0.771000 0.662187 0.772191 0.668385 0.775624 0.673674 0.780776 0.677247 0.780997 0.677303 0.787086 0.678616 0.792150 0.678114 0.794225 0.677723 0.795985 0.676552 0.798346 0.674030 0.801802 0.668835 0.803024 0.662672 0.803304 0.658784 0.802896 0.656675 0.801726 0.654876 0.798393 0.651198 0.793246 0.647628 0.787168 0.646314 0.786943 0.646278 0.780861 0.647419 0.775694 0.650840 0.772231 0.656026
0 0.947270 0.835333 0.947594 0.841587 0.948056 0.844310 0.948968 0.846224 0.950543 0.847644 0.954939 0.851435 0.955233 0.851662 0.961139 0.853757 0.967398 0.853433 0.973056 0.850737 0.977252 0.846083 0.979347 0.840176 0.979023 0.833917 0.976328 0.828259 0.971673 0.824063 0.971369 0.823854 0.965466 0.821760 0.959211 0.822085 0.954143 0.822915 0.952229 0.823827 0.950809 0.825402 0.950216 0.826846
0 0.138280 0.221910 0.138282 0.224005 0.139354 0.229199 0.141760 0.234836 0.141993 0.235076 0.146430 0.239335 0.152226 0.241567 0.158494 0.241433 0.164279 0.238953 0.168698 0.234505 0.171079 0.228770 0.171060 0.222622 0.168647 0.216997 0.168433 0.216745 0.163992 0.212494 0.159162 0.209853 0.157190 0.209095 0.155057 0.209140 0.153539 0.209712 0.146158 0.212875 0.140166 0.218774 0.139094 0.219958
0 0.609738 0.714031 0.609953 0.720341 0.612536 0.726087 0.617094 0.730393 0.617218 0.730490 0.623059 0.732699 0.627768 0.732999 0.629889 0.732921 0.631820 0.732027 0.634956 0.729848 0.639199 0.725225 0.641375 0.719311 0.641863 0.715544 0.641787 0.713397 0.640906 0.711442 0.638567 0.707266 0.634014 0.702966 0.633880 0.702887 0.628053 0.700678 0.621836 0.700897 0.616171 0.703509 0.611922 0.708121
0 0.757709 0.586957 0.757879 0.587214 0.757989 0.587336 0.759816 0.589192 0.771612 0.598672 0.776811 0.602430 0.782460 0.605550 0.782910 0.605511 0.785950 0.602931 0.786512 0.602213 0.784511 0.598054 0.783970 0.597240 0.780592 0.592236 0.779606 0.591312 0.778057 0.590018 0.776228 0.588539 0.774275 0.587142 0.772624 0.586004 0.771483 0.585311 0.765724 0.583362 0.764826 0.583080 0.760271 0.582240 0.759712 0.582955
0 0.696108 0.368764 0.698305 0.374597 0.702582 0.379182 0.708287 0.381818 0.714551 0.382102 0.720417 0.379991 0.724990 0.375808 0.725286 0.375507 0.725814 0.374970 0.726695 0.373056 0.727724 0.370038 0.727929 0.363841 0.725721 0.358012 0.723563 0.354242 0.722106 0.352683 0.720163 0.351787 0.715740 0.350805 0.709483 0.350522 0.703621 0.352626 0.701203 0.354637 0.699645 0.356059 0.699177 0.356639 0.698915 0.356964 0.696322 0.362572
0 0.452491 0.414178 0.453937 0.420276 0.453967 0.420328 0.457634 0.425405 0.462965 0.428692 0.467145 0.429557 0.469239 0.429895 0.471303 0.429406 0.475243 0.428244 0.480320 0.424577 0.483607 0.419245 0.484311 0.415410 0.484649 0.413317 0.484593 0.413006 0.483148 0.406908 0.479478 0.401828 0.474143 0.398538 0.467956 0.397541 0.461858 0.398987 0.456778 0.402657 0.453488 0.407991
0 0.900137 0.890173 0.900356 0.896520 0.902989 0.902370 0.903406 0.902791 0.904150 0.903541 0.905734 0.905062 0.907849 0.907048 0.913810 0.909447 0.920175 0.909408 0.925017 0.908753 0.926992 0.907911 0.928471 0.906369 0.930314 0.902409 0.932541 0.896516 0.932314 0.890157 0.931600 0.887203 0.930699 0.885210 0.929112 0.883690 0.925009 0.879843 0.924787 0.879647 0.918829 0.877262 0.912477 0.877308 0.906696 0.879778 0.902363 0.884294
0 0.448683 0.761508 0.448777 0.763624 0.449675 0.765557 0.451840 0.768371 0.456438 0.772645 0.462301 0.774867 0.466042 0.775720 0.468166 0.775663 0.470094 0.774801 0.474197 0.772167 0.478420 0.767651 0.480560 0.761838 0.480633 0.761635 0.480363 0.755416 0.477724 0.749736 0.473119 0.745461 0.467250 0.743243 0.461014 0.743420 0.455361 0.745961 0.451151 0.750479 0.451059 0.750675 0.448928 0.756483
0 0.061530 0.802443 0.061754 0.808706 0.064358 0.814406 0.068946 0.818676 0.074818 0.820866 0.081081 0.820641 0.086782 0.818037 0.087048 0.817832 0.091315 0.813248 0.093504 0.807379 0.094546 0.802357 0.094470 0.800238 0.093589 0.798309 0.092490 0.797189 0.090677 0.795423 0.086092 0.791156 0.080224 0.788968 0.077332 0.788269 0.075213 0.788345 0.073284 0.789226 0.068268 0.791794 0.067989 0.791983 0.063719 0.796570
0 0.452662 0.547751 0.452679 0.554018 0.455094 0.559801 0.459538 0.564221 0.465336 0.566602 0.471602 0.566584 0.477386 0.564169 0.481805 0.559725 0.484186 0.553928 0.484242 0.553735 0.484236 0.551615 0.484179 0.547630 0.481765 0.541851 0.477324 0.537435 0.473575 0.535758 0.471614 0.534952 0.469493 0.534958 0.465268 0.535072 0.459488 0.537485 0.459462 0.537510 0.455043 0.541954
0 0.620911 0.278477 0.621053 0.280593 0.621992 0.282494 0.624184 0.285563 0.628897 0.289688 0.634831 0.291694 0.638550 0.292030 0.640666 0.291888 0.642567 0.290949 0.646694 0.288501 0.650818 0.283787 0.650915 0.283648 0.652924 0.277711 0.652506 0.271458 0.649729 0.265840 0.645012 0.261713 0.639075 0.259705 0.632822 0.260122 0.627204 0.262900 0.623078 0.267617 0.622997 0.267766 0.620991 0.273699
0 0.786183 0.862939 0.786490 0.865838 0.787080 0.867875 0.787737 0.868718 0.788109 0.869194 0.792020 0.874090 0.797509 0.877116 0.803737 0.877813 0.809757 0.876072 0.814654 0.872160 0.817680 0.866672 0.818376 0.860443 0.816635 0.854423 0.812723 0.849526 0.812522 0.849301 0.807037 0.846277 0.800812 0.845581 0.795970 0.845714 0.793932 0.846304 0.792276 0.847627 0.789903 0.851230 0.786878 0.856715
0 0.711769 0.891347 0.711944 0.897548 0.712016 0.897832 0.714052 0.902914 0.714930 0.904858 0.716493 0.906338 0.719181 0.907885 0.725084 0.910206 0.731405 0.910149 0.735617 0.909879 0.737586 0.909051 0.739068 0.907542 0.741536 0.903287 0.743801 0.897524 0.743630 0.891309 0.743537 0.891029 0.740957 0.885315 0.736362 0.880968 0.730452 0.878653 0.724132 0.878720 0.718363 0.881158 0.714022 0.885592
0 0.044634 0.777545 0.046945 0.783370 0.051310 0.787867 0.057064 0.790352 0.063330 0.790445 0.069156 0.788134 0.069434 0.787948 0.073654 0.784232 0.075175 0.782755 0.076016 0.780808 0.076411 0.777836 0.076505 0.771573 0.074194 0.765752 0.073213 0.763447 0.072569 0.762014 0.071092 0.760493 0.069145 0.759652 0.064082 0.758775 0.057819 0.758681 0.051998 0.760992 0.051708 0.761160 0.047212 0.765525 0.044727 0.771278
0 0.907591 0.476226 0.909190 0.482287 0.913032 0.487291 0.918536 0.490477 0.924865 0.491360 0.925069 0.491344 0.931265 0.489785 0.936378 0.486018 0.939495 0.482355 0.940602 0.480515 0.940905 0.478400 0.940517 0.474407 0.938911 0.468334 0.935055 0.463325 0.932361 0.461064 0.930482 0.459981 0.928324 0.459684 0.923203 0.459271 0.923001 0.459307 0.916816 0.460875 0.911717 0.464640 0.908479 0.470031
0 0.271606 0.163661 0.272329 0.168698 0.274334 0.174631 0.278422 0.179304 0.278631 0.179488 0.284176 0.182188 0.290339 0.182509 0.296183 0.180397 0.300818 0.176172 0.303535 0.170477 0.303920 0.164180 0.301911 0.158241 0.297816 0.153566 0.297619 0.153365 0.293036 0.150661 0.291144 0.149742 0.289041 0.149636 0.285889 0.150356 0.280045 0.152480 0.275417 0.156712 0.272658 0.159578 0.271736 0.161518
0 0.262224 0.620413 0.262429 0.626677 0.265016 0.632386 0.269591 0.636669 0.275456 0.638877 0.281720 0.638671 0.287428 0.636084 0.287566 0.635996 0.291007 0.632588 0.292456 0.631040 0.293203 0.629055 0.294052 0.625563 0.293847 0.619303 0.291261 0.613598 0.288863 0.610447 0.287315 0.608998 0.285330 0.608251 0.280828 0.607112 0.274568 0.607317 0.268864 0.609902 0.268714 0.609973 0.264431 0.614548
