0 0.653041 0.927932 0.653407 0.934280 0.653499 0.934745 0.653664 0.935574 0.654599 0.937543 0.656196 0.940293 0.660902 0.944623 0.666857 0.946838 0.671277 0.947780 0.673421 0.947699 0.675355 0.946795 0.678828 0.943946 0.683018 0.939276 0.685084 0.933305 0.685141 0.930152 0.685013 0.927986 0.684776 0.927173 0.684643 0.926718 0.681891 0.920941 0.677180 0.916623 0.671230 0.914420 0.664948 0.914665 0.659286 0.917318 0.655106 0.921976
0 0.591226 0.473094 0.592716 0.479177 0.596421 0.484227 0.599665 0.486411 0.601478 0.487511 0.603574 0.487833 0.607967 0.488426 0.608036 0.488418 0.614123 0.486927 0.619177 0.483220 0.622426 0.477861 0.623378 0.471667 0.621887 0.465579 0.618180 0.460526 0.612821 0.457277 0.606626 0.456325 0.600539 0.457816 0.600474 0.457844 0.595424 0.461548 0.593007 0.465187 0.591907 0.467000 0.591585 0.469096
0 0.519619 0.708933 0.519806 0.711057 0.520432 0.714531 0.523326 0.720113 0.528121 0.724192 0.531837 0.726172 0.533871 0.726837 0.535995 0.726677 0.540329 0.725673 0.545885 0.722847 0.549911 0.718093 0.550982 0.714819 0.551622 0.712790 0.551754 0.712281 0.551791 0.712138 0.551828 0.711995 0.551276 0.705750 0.548376 0.700164 0.543573 0.696088 0.537599 0.694146 0.531366 0.694627 0.525822 0.697460 0.521810 0.702209 0.521754 0.702345 0.520257 0.706907
0 0.713343 0.028360 0.714619 0.034592 0.718116 0.039873 0.723297 0.043403 0.729373 0.044644 0.735420 0.043410 0.740519 0.039890 0.741711 0.038453 0.742862 0.036657 0.744112 0.034359 0.745254 0.028135 0.743986 0.021906 0.742664 0.017172 0.741476 0.015371 0.739712 0.014165 0.738216 0.013786 0.735319 0.013077 0.729236 0.011824 0.723176 0.013053 0.720719 0.014128 0.718978 0.015328 0.718264 0.016303 0.717864 0.016850 0.714482 0.022129
0 0.736013 0.118855 0.736166 0.125071 0.738671 0.130819 0.743145 0.135222 0.748906 0.137610 0.755074 0.137619 0.760709 0.135252 0.764954 0.130869 0.765425 0.130337 0.766264 0.129389 0.767018 0.127436 0.767403 0.124870 0.767247 0.118661 0.763546 0.110135 0.762858 0.108738 0.761337 0.107239 0.759377 0.106424 0.754523 0.106124 0.748355 0.106104 0.742711 0.108463 0.740901 0.110085 0.739450 0.111577 0.738235 0.113122
0 0.407311 0.068726 0.408071 0.070697 0.410134 0.075785 0.410262 0.076060 0.414541 0.080492 0.420220 0.082898 0.426437 0.082909 0.432244 0.080523 0.436757 0.076099 0.439286 0.070312 0.439444 0.064044 0.437207 0.058252 0.437096 0.057966 0.432803 0.053531 0.427113 0.051131 0.422456 0.049803 0.420338 0.049803 0.418360 0.050619 0.415088 0.053527 0.410583 0.057953 0.408061 0.063737 0.407365 0.066594
0 0.610973 0.571542 0.610975 0.573662 0.611305 0.578015 0.613706 0.583799 0.618139 0.588224 0.618216 0.588281 0.624008 0.590674 0.630275 0.590669 0.636063 0.588265 0.640491 0.583830 0.642883 0.578037 0.642878 0.571770 0.640474 0.565982 0.636039 0.561554 0.635951 0.561515 0.631741 0.559760 0.629781 0.558950 0.627661 0.558952 0.623900 0.559128 0.618115 0.561530 0.613691 0.565963 0.611783 0.569582
0 0.261432 0.218412 0.263002 0.224479 0.266773 0.229485 0.266924 0.229659 0.271160 0.232544 0.272987 0.233620 0.275087 0.233915 0.278522 0.233709 0.284586 0.232141 0.289588 0.228372 0.292297 0.225614 0.293373 0.223786 0.293669 0.221686 0.293638 0.216773 0.292070 0.210709 0.291935 0.210523 0.288164 0.205517 0.282764 0.202337 0.276558 0.201464 0.270490 0.203034 0.265485 0.206806 0.262305 0.212206
0 0.832278 0.372595 0.833594 0.378715 0.837113 0.383903 0.842298 0.387370 0.848357 0.388584 0.854366 0.387365 0.854653 0.387254 0.859306 0.384445 0.861024 0.383264 0.862153 0.381498 0.863014 0.378598 0.864092 0.372483 0.862774 0.366370 0.862178 0.363891 0.861778 0.362366 0.860581 0.360601 0.858818 0.359420 0.854081 0.357721 0.848027 0.356498 0.842016 0.357709 0.841737 0.357839 0.836688 0.361297 0.833365 0.366478
0 0.496383 0.660834 0.498581 0.666703 0.502859 0.671283 0.508563 0.673878 0.514827 0.674092 0.520696 0.671893 0.525276 0.667615 0.527871 0.661911 0.528085 0.655647 0.528067 0.655547 0.525870 0.649682 0.522979 0.646230 0.521531 0.644680 0.519601 0.643802 0.515894 0.642511 0.509634 0.642297 0.503769 0.644495 0.500744 0.646886 0.499195 0.648334 0.498316 0.650264 0.496599 0.654470 0.496384 0.660730
0 0.063040 0.834815 0.063283 0.836934 0.063961 0.838387 0.068327 0.845541 0.074132 0.850847 0.075425 0.851808 0.077425 0.852434 0.079489 0.852234 0.085045 0.850776 0.090378 0.847848 0.090711 0.847615 0.094496 0.842795 0.096158 0.836814 0.095445 0.830585 0.092464 0.825059 0.087670 0.821078 0.081797 0.819250 0.075739 0.819848 0.070419 0.822782 0.070073 0.822998 0.066296 0.827820 0.063605 0.832779
0 0.177246 0.867678 0.177898 0.873911 0.180885 0.879420 0.185754 0.883366 0.191762 0.885150 0.197995 0.884497 0.203504 0.881510 0.207451 0.876642 0.207640 0.876399 0.209421 0.870395 0.209843 0.865208 0.209623 0.863099 0.208612 0.861234 0.205784 0.858660 0.200919 0.854715 0.194914 0.852934 0.191706 0.852329 0.189597 0.852550 0.187733 0.853561 0.183180 0.856571 0.182975 0.856801 0.179029 0.861670
0 0.571969 0.120072 0.572509 0.125240 0.572895 0.127325 0.574050 0.129104 0.576518 0.131484 0.581679 0.135033 0.587805 0.136337 0.591603 0.136651 0.593688 0.136265 0.595468 0.135111 0.599217 0.131788 0.602767 0.126627 0.602832 0.126386 0.604138 0.120256 0.602997 0.114094 0.599586 0.108837 0.594421 0.105286 0.588292 0.103980 0.582129 0.105121 0.576872 0.108533 0.573321 0.113697 0.572016 0.119827
0 0.224015 0.896935 0.224273 0.898007 0.225178 0.899379 0.226108 0.900630 0.238144 0.911385 0.239546 0.912216 0.241279 0.913199 0.242770 0.913687 0.243405 0.913786 0.251184 0.911105 0.251744 0.910384 0.252863 0.908538 0.251991 0.905373 0.250230 0.902321 0.248199 0.899325 0.245097 0.896150 0.244365 0.895457 0.242504 0.894010 0.241389 0.893267 0.237627 0.891107 0.234370 0.889992 0.230879 0.888961 0.227856 0.889098 0.227298 0.889815 0.226064 0.891577
0 0.419216 0.613593 0.419602 0.615697 0.420765 0.619705 0.424165 0.624973 0.429315 0.628528 0.432978 0.629498 0.435062 0.629940 0.437157 0.629546 0.441582 0.628666 0.441659 0.628642 0.446902 0.625203 0.450440 0.620011 0.451735 0.613856 0.450591 0.607679 0.447184 0.602420 0.442035 0.598878 0.435928 0.597591 0.435848 0.597595 0.435480 0.597616 0.433389 0.598011 0.429708 0.598756 0.424471 0.602191 0.420933 0.607376 0.419659 0.611498
0 0.359661 0.314715 0.360438 0.320934 0.363535 0.326382 0.363623 0.326494 0.368566 0.330340 0.374606 0.332001 0.379065 0.331982 0.381169 0.331719 0.383013 0.330671 0.386265 0.328129 0.390111 0.323186 0.391772 0.317147 0.391577 0.313590 0.391314 0.311486 0.390266 0.309642 0.387900 0.305487 0.387828 0.305362 0.382881 0.301514 0.376838 0.299851 0.370619 0.300629 0.365171 0.303726 0.361323 0.308673
0 0.651959 0.701713 0.652317 0.708021 0.655034 0.713729 0.659700 0.717965 0.659827 0.718039 0.665732 0.720157 0.670463 0.720286 0.672589 0.720175 0.674505 0.719249 0.677598 0.717113 0.681749 0.712418 0.683795 0.706462 0.684200 0.702587 0.684075 0.700439 0.683147 0.698497 0.680704 0.694453 0.676039 0.690224 0.675902 0.690168 0.670011 0.688055 0.663784 0.688376 0.658167 0.691082 0.654014 0.695765
0 0.636059 0.178272 0.636946 0.184472 0.638647 0.188945 0.639728 0.190769 0.641424 0.192042 0.645149 0.193618 0.651216 0.195172 0.657417 0.194285 0.660504 0.193079 0.662328 0.191998 0.663601 0.190302 0.666563 0.186083 0.666670 0.185880 0.668224 0.179809 0.667338 0.173605 0.664143 0.168213 0.659130 0.164453 0.653058 0.162899 0.646854 0.163785 0.641462 0.166979 0.637702 0.171993 0.637613 0.172205
0 0.720456 0.885019 0.722170 0.891175 0.726059 0.896219 0.726213 0.896405 0.731688 0.899570 0.736533 0.900955 0.738653 0.901227 0.740704 0.900652 0.743932 0.898680 0.748833 0.894761 0.751868 0.889212 0.753119 0.885841 0.753360 0.883685 0.752773 0.881589 0.750852 0.876726 0.746960 0.871689 0.746792 0.871520 0.741328 0.868365 0.735120 0.867569 0.729111 0.869249 0.724215 0.873155 0.721174 0.878692
0 0.116297 0.925298 0.117878 0.931363 0.121660 0.936360 0.127067 0.939530 0.133274 0.940389 0.139339 0.938809 0.144336 0.935027 0.144566 0.934746 0.147734 0.929343 0.149331 0.924000 0.149622 0.921900 0.149087 0.919848 0.148182 0.918527 0.143233 0.912084 0.136222 0.907895 0.134806 0.907153 0.132705 0.906863 0.130653 0.907398 0.125566 0.909638 0.120571 0.913417 0.120327 0.913684 0.117156 0.919090
0 0.560854 0.865504 0.561089 0.871763 0.561128 0.872003 0.563743 0.877698 0.568337 0.881961 0.574214 0.884140 0.580477 0.883905 0.586172 0.881290 0.590434 0.876696 0.592613 0.870819 0.592378 0.864557 0.592319 0.864322 0.590328 0.859506 0.589443 0.857579 0.587888 0.856137 0.585114 0.854370 0.579242 0.852193 0.572983 0.852427 0.569021 0.853116 0.567094 0.854000 0.565652 0.855555 0.563031 0.859632
0 0.165987 0.286698 0.166977 0.292886 0.170259 0.298225 0.175335 0.301901 0.175753 0.302157 0.176495 0.302609 0.178557 0.303101 0.181636 0.303483 0.187821 0.302494 0.193156 0.299214 0.196474 0.296462 0.197718 0.294744 0.198210 0.292682 0.198284 0.288049 0.197295 0.281865 0.194015 0.276529 0.193817 0.276385 0.188742 0.272709 0.182646 0.271254 0.176457 0.272244 0.171118 0.275526 0.167442 0.280602
0 0.589744 0.907621 0.589913 0.912978 0.590030 0.915108 0.590954 0.917050 0.592801 0.919578 0.597476 0.923863 0.603403 0.926080 0.607543 0.927222 0.609681 0.927156 0.611612 0.926279 0.615352 0.923312 0.619554 0.918745 0.621643 0.912882 0.621635 0.912613 0.621292 0.906352 0.618571 0.900645 0.613887 0.896363 0.607957 0.894156 0.601685 0.894361 0.596025 0.896941 0.591837 0.901504 0.589756 0.907355
0 0.457804 0.860789 0.459310 0.866773 0.461482 0.871435 0.462747 0.873136 0.464570 0.874243 0.466127 0.874566 0.468376 0.875018 0.474559 0.876029 0.480631 0.874644 0.483744 0.873657 0.485461 0.872441 0.486564 0.870666 0.488909 0.865861 0.489850 0.859796 0.489893 0.859504 0.488395 0.853515 0.484682 0.848512 0.479323 0.845259 0.473133 0.844252 0.467058 0.845645 0.462025 0.849223 0.458798 0.854438 0.458735 0.854726
0 0.958294 0.259064 0.959858 0.265105 0.963680 0.270081 0.969178 0.273233 0.975519 0.274081 0.981738 0.272493 0.981978 0.272336 0.987129 0.268550 0.990421 0.263142 0.992162 0.258287 0.992479 0.256174 0.991943 0.254112 0.989780 0.250884 0.985944 0.245904 0.980433 0.242756 0.977323 0.241397 0.975161 0.241112 0.973044 0.241656 0.967871 0.243516 0.962731 0.247304 0.962504 0.247477 0.959222 0.252875
0 0.306420 0.668552 0.308807 0.674346 0.313229 0.678787 0.319014 0.681196 0.325282 0.681209 0.331076 0.678822 0.335517 0.674400 0.335623 0.674288 0.338031 0.668506 0.338044 0.662243 0.336948 0.657954 0.336140 0.655994 0.334643 0.654491 0.331239 0.652014 0.325458 0.649605 0.319194 0.649593 0.315911 0.650726 0.313950 0.651533 0.313403 0.651979 0.313283 0.652077 0.308842 0.656499 0.306433 0.662284
0 0.820910 0.169714 0.822878 0.175717 0.826955 0.180460 0.832517 0.183226 0.838721 0.183593 0.844622 0.181508 0.844867 0.181369 0.849104 0.177939 0.850707 0.176500 0.851658 0.174553 0.852365 0.171426 0.852817 0.165078 0.850858 0.159067 0.849299 0.155218 0.847911 0.153598 0.846015 0.152652 0.841214 0.151533 0.834997 0.151160 0.829082 0.153251 0.828846 0.153407 0.824139 0.157639 0.821352 0.163365
0 0.853542 0.528902 0.855497 0.534789 0.859543 0.539425 0.865062 0.542104 0.865344 0.542184 0.866633 0.542547 0.868729 0.542656 0.871499 0.542503 0.877352 0.540412 0.882014 0.536229 0.885180 0.532841 0.886121 0.530920 0.886273 0.528796 0.885219 0.524352 0.883274 0.518461 0.879234 0.513815 0.876908 0.512313 0.875027 0.511396 0.873712 0.511123 0.873425 0.511064 0.867266 0.510737 0.861406 0.512826 0.856739 0.517013 0.853978 0.522659
0 0.261949 0.132044 0.264051 0.137945 0.265811 0.140038 0.267228 0.141605 0.268427 0.142753 0.274013 0.145356 0.280179 0.145564 0.285987 0.143346 0.290552 0.139035 0.293177 0.133287 0.293459 0.126978 0.291356 0.121071 0.287188 0.116468 0.286984 0.116244 0.286054 0.115224 0.284147 0.114338 0.281384 0.113644 0.275210 0.113445 0.269402 0.115676 0.265402 0.117516 0.263851 0.118986 0.262959 0.120944 0.262228 0.125741
0 0.822416 0.225777 0.823049 0.228287 0.825116 0.231479 0.827068 0.234021 0.829803 0.236701 0.831376 0.238118 0.833308 0.239469 0.835310 0.240550 0.838044 0.241691 0.841581 0.242986 0.844967 0.243605 0.848378 0.243921 0.849954 0.242764 0.850477 0.242016 0.852519 0.236968 0.852345 0.236120 0.851477 0.234957 0.850528 0.233820 0.838183 0.224028 0.834902 0.222287 0.833283 0.221714 0.832539 0.221490 0.826204 0.222832 0.824398 0.223790 0.822937 0.225032
0 0.791526 0.591293 0.792350 0.597497 0.795516 0.602929 0.800547 0.606763 0.800670 0.606841 0.806805 0.608494 0.811562 0.608336 0.813710 0.608069 0.815587 0.607012 0.818620 0.604607 0.822500 0.599654 0.824154 0.593606 0.824241 0.589805 0.823960 0.587686 0.822878 0.585833 0.820151 0.581944 0.815106 0.578109 0.814973 0.578050 0.808835 0.576406 0.802538 0.577201 0.797038 0.580309 0.793172 0.585258
0 0.411551 0.520225 0.412385 0.526433 0.415513 0.531853 0.418222 0.534513 0.419907 0.535811 0.421955 0.536362 0.426474 0.537283 0.432644 0.536464 0.432757 0.536431 0.438137 0.533297 0.441911 0.528323 0.443503 0.522267 0.442667 0.516053 0.439534 0.510629 0.434579 0.506823 0.428562 0.505213 0.428446 0.505225 0.422278 0.506056 0.416903 0.509199 0.413846 0.512564 0.412563 0.514259 0.412023 0.516320
0 0.962851 0.357629 0.965084 0.363477 0.969388 0.368095 0.975106 0.370778 0.981366 0.371115 0.987214 0.369057 0.987532 0.368902 0.992077 0.364758 0.994626 0.359165 0.996206 0.354329 0.996261 0.352221 0.995497 0.350231 0.994474 0.349021 0.988240 0.342521 0.982526 0.339844 0.979819 0.338829 0.977689 0.338714 0.975699 0.339413 0.970428 0.341560 0.970122 0.341732 0.965580 0.345862 0.963026 0.351444
0 0.457857 0.343343 0.458008 0.343903 0.458665 0.345919 0.459825 0.349399 0.463896 0.354158 0.469479 0.356997 0.473681 0.357735 0.475795 0.357899 0.477811 0.357243 0.481678 0.355542 0.486438 0.351470 0.489276 0.345887 0.489627 0.342227 0.489792 0.340113 0.489762 0.339643 0.489755 0.339539 0.487814 0.333581 0.483739 0.328819 0.478153 0.325978 0.471904 0.325492 0.465946 0.327434 0.461184 0.331508 0.458343 0.337095
0 0.560109 0.833700 0.560136 0.835882 0.560461 0.840364 0.562937 0.846313 0.567435 0.850856 0.567499 0.850914 0.573337 0.853352 0.579619 0.853311 0.585382 0.850795 0.589747 0.846193 0.592049 0.840211 0.591944 0.833764 0.589451 0.827832 0.584954 0.823313 0.584879 0.823272 0.580708 0.821492 0.578740 0.820673 0.576623 0.820686 0.572813 0.820889 0.567069 0.823383 0.562702 0.827955 0.560895 0.831680
0 0.149324 0.375162 0.149442 0.377276 0.150940 0.381947 0.153614 0.387505 0.158214 0.391562 0.158487 0.391678 0.164309 0.393615 0.170469 0.393138 0.176028 0.390317 0.180138 0.385581 0.182170 0.379655 0.181817 0.373441 0.179132 0.367889 0.174528 0.363842 0.174266 0.363708 0.169206 0.361820 0.167223 0.361164 0.165126 0.361329 0.162285 0.362265 0.156733 0.365087 0.152628 0.369817 0.150017 0.373145
0 0.631938 0.079183 0.632708 0.085456 0.635775 0.090994 0.640670 0.094954 0.646647 0.096734 0.652793 0.096067 0.658175 0.093053 0.661976 0.088155 0.662148 0.087909 0.663793 0.081865 0.663027 0.075598 0.661791 0.070767 0.660749 0.068880 0.659084 0.067529 0.655080 0.066090 0.649102 0.064297 0.642946 0.064957 0.640105 0.065757 0.638267 0.066783 0.636968 0.068454 0.633738 0.072876 0.633583 0.073132
0 0.169235 0.345556 0.171496 0.351477 0.173631 0.354353 0.175114 0.355934 0.177083 0.356841 0.181628 0.358782 0.181785 0.358821 0.188109 0.359097 0.194020 0.356949 0.198619 0.352704 0.201210 0.347008 0.201396 0.340724 0.199149 0.334807 0.194808 0.330159 0.189032 0.327488 0.188880 0.327429 0.182544 0.327144 0.176618 0.329293 0.172832 0.331846 0.171261 0.333295 0.170378 0.335241 0.169415 0.339259
0 0.425181 0.471731 0.425783 0.476166 0.426643 0.476472 0.426973 0.476576 0.431175 0.476387 0.433000 0.473698 0.435075 0.468444 0.440206 0.453536 0.441236 0.449768 0.437304 0.446493 0.436444 0.446188 0.433172 0.449260 0.429258 0.454214 0.428843 0.454998 0.428195 0.456528 0.426885 0.459705 0.425927 0.462905 0.425453 0.464531 0.425266 0.465440
0 0.815613 0.843854 0.816408 0.850158 0.819492 0.855686 0.824399 0.859592 0.824651 0.859768 0.830634 0.861459 0.835873 0.861748 0.837965 0.861481 0.839793 0.860412 0.840810 0.859176 0.842143 0.857535 0.845916 0.852523 0.847523 0.846400 0.848210 0.842992 0.847937 0.840847 0.846886 0.838967 0.843636 0.834581 0.838735 0.830679 0.838474 0.830522 0.832505 0.828831 0.826374 0.829607 0.821009 0.832732 0.817231 0.837735
