0 0.408598 0.943725 0.409166 0.949967 0.412080 0.955515 0.416895 0.959527 0.422879 0.961390 0.429120 0.960822 0.434668 0.957908 0.438680 0.953093 0.440543 0.947110 0.440620 0.946533 0.440755 0.945512 0.440563 0.943400 0.440014 0.940584 0.437102 0.935039 0.432290 0.931030 0.428551 0.928541 0.426526 0.927911 0.424414 0.928103 0.420073 0.929736 0.414528 0.932648 0.410519 0.937459 0.409555 0.940115 0.408925 0.942140 0.408716 0.943153 0.408657 0.943439
0 0.929053 0.287831 0.929382 0.294027 0.932118 0.299642 0.936847 0.303821 0.942850 0.305928 0.949214 0.305638 0.954969 0.302995 0.955210 0.302820 0.959140 0.298974 0.960594 0.297408 0.961319 0.295416 0.961606 0.292373 0.961268 0.286167 0.958520 0.280548 0.956492 0.276919 0.954878 0.275498 0.952832 0.274783 0.947774 0.274277 0.941414 0.274575 0.935667 0.277219 0.935438 0.277410 0.931181 0.281998
0 0.307188 0.574391 0.308965 0.580401 0.312907 0.585274 0.318413 0.588266 0.324645 0.588925 0.330655 0.587148 0.330765 0.587092 0.335634 0.583152 0.338085 0.579285 0.339098 0.577422 0.339320 0.575313 0.339283 0.571421 0.337507 0.565415 0.333568 0.560546 0.330432 0.558399 0.328569 0.557386 0.326460 0.557164 0.321837 0.556897 0.315831 0.558673 0.315712 0.558711 0.310839 0.562652 0.307847 0.568159
0 0.224303 0.875547 0.226340 0.881474 0.230490 0.886169 0.236122 0.888920 0.242377 0.889304 0.248304 0.887267 0.253000 0.883116 0.253159 0.882869 0.255908 0.877241 0.256876 0.872020 0.257006 0.869903 0.256317 0.867898 0.254256 0.865067 0.250108 0.860375 0.244480 0.857626 0.241113 0.856325 0.238996 0.856195 0.236990 0.856884 0.232306 0.859277 0.227613 0.863425 0.227438 0.863660 0.224688 0.869292
0 0.179222 0.945213 0.180434 0.951341 0.183913 0.956538 0.189129 0.960014 0.195287 0.961238 0.201450 0.960027 0.206680 0.956562 0.210182 0.951374 0.210360 0.951073 0.211981 0.945678 0.212400 0.943606 0.211991 0.941532 0.210389 0.938830 0.206914 0.933635 0.199838 0.928863 0.198481 0.928049 0.196396 0.927634 0.194310 0.928044 0.189387 0.930144 0.184158 0.933607 0.180657 0.938795 0.180461 0.939087
0 0.874265 0.538724 0.874480 0.542521 0.875153 0.544532 0.876545 0.546132 0.880366 0.549388 0.885972 0.552181 0.886222 0.552214 0.892474 0.552649 0.898416 0.550657 0.903144 0.546544 0.905938 0.540934 0.906373 0.534682 0.904382 0.528740 0.900268 0.524011 0.894658 0.521217 0.888406 0.520783 0.888156 0.520769 0.883108 0.522019 0.881098 0.522693 0.879498 0.524085 0.877492 0.526870 0.874700 0.532476
0 0.695587 0.785928 0.696644 0.792102 0.699983 0.797401 0.700112 0.797593 0.705228 0.801212 0.711340 0.802599 0.717517 0.801541 0.722820 0.798200 0.726439 0.793084 0.727826 0.786973 0.726768 0.780795 0.723427 0.775493 0.723283 0.775315 0.719262 0.772127 0.717531 0.770902 0.715463 0.770433 0.712063 0.770312 0.705889 0.771369 0.700590 0.774708 0.697621 0.777270 0.696396 0.779001 0.695927 0.781069
0 0.035003 0.190939 0.037239 0.196793 0.041547 0.201346 0.043184 0.202413 0.045120 0.203278 0.047559 0.204095 0.053820 0.204269 0.059671 0.202033 0.063957 0.200072 0.065497 0.198615 0.066363 0.196679 0.066777 0.192012 0.066951 0.185751 0.064716 0.179900 0.063157 0.177842 0.061699 0.176302 0.060695 0.175560 0.060128 0.175141 0.054407 0.172583 0.048142 0.172409 0.042287 0.174646 0.037735 0.178953 0.035177 0.184674
0 0.932646 0.558622 0.932767 0.564880 0.935325 0.570624 0.939932 0.574983 0.945888 0.577291 0.946321 0.577393 0.947094 0.577575 0.949275 0.577543 0.952510 0.577248 0.958384 0.574761 0.962833 0.570258 0.965424 0.566608 0.966221 0.564621 0.966180 0.562485 0.965053 0.558153 0.962485 0.552398 0.957864 0.548036 0.954935 0.546659 0.952903 0.545875 0.951676 0.545704 0.945275 0.545809 0.939412 0.548302 0.934978 0.552802
0 0.892516 0.935710 0.893745 0.941851 0.894886 0.943983 0.896066 0.945745 0.896974 0.946767 0.897230 0.947055 0.897486 0.947343 0.902700 0.950820 0.908848 0.952036 0.914994 0.950808 0.920201 0.947320 0.923678 0.942106 0.924894 0.935958 0.923665 0.929812 0.920178 0.924605 0.919907 0.924331 0.918677 0.923088 0.916912 0.921912 0.914696 0.920857 0.908552 0.919641 0.902411 0.920869 0.899299 0.921561 0.897805 0.921932 0.896043 0.923112 0.894867 0.924876 0.894503 0.926367 0.893732 0.929566
0 0.494889 0.170735 0.494912 0.171014 0.496632 0.176904 0.500528 0.181688 0.506007 0.184635 0.512235 0.185297 0.518262 0.183568 0.523169 0.179715 0.526205 0.174326 0.526911 0.168223 0.526909 0.167941 0.525177 0.162051 0.521274 0.157273 0.517618 0.154010 0.515752 0.153010 0.513632 0.152786 0.509571 0.153678 0.503551 0.155404 0.498647 0.159251 0.496540 0.161505 0.495504 0.163338 0.495260 0.165416
0 0.618578 0.561514 0.618603 0.567744 0.621015 0.573462 0.621120 0.573574 0.624539 0.576962 0.626049 0.578440 0.628017 0.579224 0.631330 0.580216 0.637572 0.580129 0.643332 0.577669 0.646794 0.575238 0.648294 0.573718 0.649103 0.571749 0.650109 0.567424 0.650094 0.561195 0.647691 0.555468 0.645319 0.553046 0.643810 0.551564 0.643262 0.551117 0.643142 0.551020 0.637365 0.548710 0.631117 0.548793 0.625351 0.551256 0.620948 0.555724
0 0.342101 0.303307 0.344379 0.309146 0.344479 0.309269 0.348814 0.313790 0.353034 0.315992 0.354976 0.316844 0.357096 0.316888 0.360811 0.316437 0.366647 0.314162 0.371167 0.309826 0.373201 0.306606 0.374053 0.304664 0.374098 0.302544 0.373814 0.297829 0.371539 0.291994 0.371455 0.291860 0.367117 0.287336 0.361378 0.284818 0.355113 0.284687 0.349274 0.286965 0.344751 0.291303 0.342233 0.297042
0 0.524923 0.869633 0.526868 0.875641 0.526939 0.875837 0.531013 0.880608 0.536593 0.883410 0.541074 0.884598 0.543197 0.884736 0.545219 0.884038 0.548761 0.881767 0.553495 0.877576 0.556310 0.871883 0.557030 0.868577 0.557189 0.866422 0.556526 0.864378 0.554830 0.859556 0.554741 0.859370 0.550676 0.854611 0.545111 0.851811 0.538891 0.851398 0.532960 0.853435 0.528222 0.857615 0.525398 0.863303
0 0.893813 0.359917 0.894053 0.362024 0.895080 0.363880 0.898245 0.367098 0.903145 0.370998 0.909165 0.372727 0.912064 0.372634 0.914171 0.372394 0.915120 0.372102 0.915656 0.371937 0.921138 0.368901 0.925041 0.363997 0.926771 0.357973 0.926063 0.351746 0.923027 0.346264 0.918123 0.342361 0.912099 0.340631 0.905873 0.341339 0.904422 0.341906 0.902567 0.342933 0.900132 0.344476 0.896231 0.349376 0.894503 0.355396
0 0.549611 0.480068 0.551735 0.485946 0.555940 0.490549 0.556024 0.490595 0.561676 0.493226 0.567910 0.493483 0.572214 0.492273 0.574213 0.491539 0.575783 0.490096 0.578390 0.487091 0.581046 0.481414 0.581340 0.475160 0.580397 0.471429 0.579677 0.469425 0.578247 0.467854 0.575026 0.464665 0.569374 0.462024 0.569282 0.461996 0.563045 0.461731 0.557170 0.463884 0.552552 0.468125 0.549898 0.473809
0 0.688267 0.608285 0.689286 0.614488 0.692609 0.619852 0.697732 0.623562 0.697802 0.623600 0.703951 0.625090 0.710186 0.624127 0.714099 0.622137 0.715928 0.621023 0.717183 0.619294 0.719239 0.615779 0.720677 0.609667 0.719647 0.603454 0.717822 0.600015 0.716686 0.598187 0.714937 0.596926 0.711178 0.594384 0.711099 0.594365 0.705031 0.592906 0.704956 0.592888 0.698734 0.593856 0.693380 0.597122 0.689704 0.602188
0 0.296947 0.794350 0.297719 0.799389 0.298433 0.801368 0.299861 0.802939 0.303236 0.804776 0.308887 0.807484 0.315138 0.807877 0.318483 0.807791 0.320493 0.807116 0.322078 0.805736 0.325693 0.801842 0.328394 0.796329 0.328508 0.796068 0.328841 0.789937 0.326754 0.784119 0.322565 0.779500 0.316910 0.776787 0.310652 0.776392 0.304747 0.778379 0.300095 0.782441 0.299962 0.782694 0.297269 0.788215
0 0.554107 0.213662 0.555616 0.219803 0.559324 0.224910 0.564665 0.228206 0.570824 0.229192 0.576865 0.227720 0.581869 0.224015 0.581982 0.223873 0.584625 0.219665 0.585718 0.217834 0.586033 0.215711 0.586117 0.212264 0.584617 0.206125 0.580916 0.201012 0.577895 0.198108 0.576076 0.196981 0.573977 0.196641 0.569412 0.196707 0.563358 0.198174 0.558340 0.201884 0.558242 0.202040 0.555029 0.207424
0 0.267796 0.253050 0.267910 0.253955 0.268953 0.255063 0.273015 0.256504 0.275509 0.257037 0.280226 0.257897 0.282143 0.257978 0.284445 0.257862 0.286785 0.257568 0.288810 0.257140 0.290216 0.256642 0.295441 0.254531 0.298823 0.252442 0.300381 0.251111 0.300268 0.250210 0.299156 0.245348 0.298848 0.244957 0.297746 0.244697 0.296430 0.244430 0.281612 0.244467 0.277906 0.245014 0.275074 0.245563 0.268307 0.249132 0.267969 0.249673
0 0.426021 0.111313 0.426345 0.117952 0.426469 0.118597 0.426918 0.120031 0.428180 0.123976 0.430113 0.128275 0.430649 0.129383 0.434611 0.134164 0.435077 0.134703 0.438521 0.137812 0.439365 0.137476 0.441940 0.133370 0.442455 0.132144 0.440794 0.127061 0.434718 0.111316 0.432765 0.107040 0.427302 0.106283 0.426455 0.106622
0 0.968281 0.255873 0.968446 0.262045 0.970972 0.267763 0.975477 0.272153 0.981272 0.274546 0.987474 0.274576 0.993137 0.272239 0.993481 0.272028 0.997743 0.267679 0.999954 0.261985 1.000000 0.258344 1.000000 0.252852 0.999440 0.251688 0.992744 0.245718 0.985951 0.242810 0.984404 0.242254 0.982294 0.242242 0.980366 0.243035 0.975097 0.245622 0.974765 0.245851 0.970501 0.250186
0 0.158768 0.922550 0.159303 0.924575 0.160229 0.925895 0.164946 0.931897 0.172338 0.936400 0.173758 0.937115 0.175890 0.937406 0.177977 0.936884 0.182778 0.934333 0.187840 0.930646 0.191070 0.925365 0.191227 0.925035 0.192131 0.918965 0.190574 0.913026 0.186788 0.908121 0.181350 0.904998 0.175086 0.904136 0.168952 0.905666 0.163884 0.909357 0.160655 0.914645 0.160478 0.914969 0.159074 0.920479
0 0.868398 0.968442 0.868468 0.973829 0.869375 0.980026 0.872586 0.985404 0.872826 0.985717 0.877853 0.989459 0.883930 0.990994 0.890130 0.990085 0.895512 0.986873 0.899254 0.981846 0.900789 0.975770 0.899880 0.969569 0.896668 0.964187 0.896413 0.963888 0.891943 0.960066 0.890242 0.958800 0.888186 0.958281 0.886566 0.958445 0.885317 0.958615 0.879119 0.959522 0.871489 0.963808 0.870184 0.964685 0.868918 0.966386
0 0.679462 0.908303 0.679573 0.908636 0.681572 0.914405 0.685691 0.918971 0.689934 0.922289 0.691845 0.923198 0.693975 0.923323 0.695511 0.922893 0.703498 0.920014 0.709502 0.914981 0.710675 0.913877 0.711629 0.912007 0.711778 0.909932 0.711467 0.904383 0.709477 0.898606 0.709346 0.898280 0.705231 0.893707 0.699615 0.891033 0.693356 0.890666 0.687408 0.892663 0.682679 0.896717 0.679890 0.902210
0 0.330929 0.451879 0.332210 0.458014 0.335742 0.463191 0.340986 0.466624 0.341088 0.466645 0.345606 0.467508 0.347690 0.467902 0.349765 0.467469 0.353373 0.466528 0.358547 0.462998 0.361977 0.457758 0.363147 0.453829 0.363540 0.451745 0.363107 0.449669 0.361860 0.445473 0.358331 0.440298 0.353090 0.436869 0.352995 0.436828 0.346837 0.435665 0.340702 0.436945 0.335525 0.440477 0.332092 0.445721
0 0.498839 0.088571 0.500094 0.094707 0.502403 0.099311 0.503591 0.101068 0.505360 0.102237 0.508827 0.103348 0.514977 0.104537 0.521113 0.103283 0.524467 0.102135 0.526224 0.100948 0.527393 0.099178 0.529754 0.094550 0.530943 0.088401 0.530963 0.088135 0.529708 0.081995 0.526198 0.076803 0.520969 0.073348 0.514815 0.072158 0.508675 0.073413 0.503483 0.076923 0.500029 0.082152 0.498839 0.088305
0 0.170024 0.831495 0.172232 0.848012 0.173294 0.851321 0.173933 0.852441 0.174193 0.852710 0.181061 0.854745 0.181957 0.854576 0.183389 0.852981 0.184534 0.848901 0.185182 0.846043 0.185550 0.841541 0.185616 0.839494 0.185417 0.837134 0.184982 0.834817 0.184376 0.832890 0.182845 0.828793 0.181475 0.826300 0.179321 0.822878 0.177543 0.821850 0.176650 0.822018 0.170668 0.826376 0.170490 0.826712 0.170173 0.827989
0 0.503165 0.519871 0.504450 0.526008 0.507977 0.531184 0.513207 0.534609 0.519342 0.535763 0.519424 0.535771 0.525533 0.534479 0.530682 0.530939 0.533344 0.527488 0.534504 0.525701 0.534896 0.523604 0.535238 0.519535 0.533955 0.513405 0.530435 0.508232 0.527381 0.505919 0.525601 0.504751 0.523513 0.504355 0.519079 0.503639 0.518998 0.503651 0.512890 0.504932 0.507735 0.508463 0.504320 0.513710
0 0.900371 0.642993 0.901186 0.649148 0.904269 0.654461 0.909146 0.658122 0.910929 0.658922 0.912950 0.659418 0.915399 0.659721 0.921480 0.658748 0.926788 0.655499 0.930768 0.652813 0.932037 0.651098 0.932575 0.649037 0.932444 0.647505 0.932094 0.644412 0.931287 0.638259 0.928213 0.632941 0.926503 0.631092 0.924842 0.629841 0.923339 0.629269 0.923010 0.629144 0.917080 0.627679 0.910993 0.628644 0.905678 0.631894 0.901949 0.636933
0 0.527312 0.935793 0.527331 0.942056 0.528686 0.947223 0.529507 0.949211 0.531018 0.950753 0.534179 0.952422 0.539970 0.954950 0.546234 0.955090 0.549878 0.954926 0.551849 0.954153 0.553355 0.952676 0.556440 0.948483 0.558824 0.942740 0.558857 0.942454 0.558838 0.936185 0.556421 0.930342 0.551976 0.925817 0.546181 0.923299 0.539921 0.923169 0.534148 0.925447 0.529740 0.929780 0.527366 0.935513
0 0.128736 0.046045 0.128878 0.052310 0.131407 0.058044 0.131644 0.058329 0.132723 0.059623 0.134256 0.061089 0.136171 0.062657 0.142010 0.064923 0.148272 0.064781 0.153076 0.064392 0.155016 0.063536 0.156482 0.062003 0.157103 0.060591 0.158330 0.057726 0.160596 0.051887 0.160454 0.045626 0.159785 0.043183 0.158929 0.041243 0.157927 0.039895 0.157706 0.039598 0.153176 0.035268 0.147333 0.033001 0.141068 0.033143 0.135334 0.035672 0.131003 0.040202
0 0.647730 0.717233 0.648687 0.720479 0.649402 0.722476 0.649744 0.722986 0.649938 0.723273 0.654147 0.727917 0.659813 0.730595 0.666073 0.730902 0.671973 0.728789 0.676616 0.724580 0.679294 0.718913 0.679601 0.712654 0.677488 0.706754 0.677374 0.706620 0.676854 0.706015 0.675430 0.704444 0.673167 0.701980 0.667505 0.699303 0.661249 0.698997 0.656894 0.699804 0.654898 0.700519 0.653326 0.701944 0.650713 0.705315 0.648035 0.710977
0 0.514970 0.253168 0.515510 0.259460 0.515547 0.259561 0.518430 0.265144 0.523218 0.269174 0.529183 0.271042 0.535420 0.270460 0.540980 0.267517 0.545017 0.262657 0.546916 0.256620 0.546382 0.250324 0.546367 0.250217 0.543481 0.244619 0.540222 0.241439 0.538587 0.240062 0.536550 0.239426 0.532701 0.238712 0.526453 0.239302 0.520890 0.242258 0.518073 0.244973 0.516701 0.246631 0.516057 0.248689
0 0.918687 0.819497 0.919493 0.821458 0.922297 0.826228 0.926714 0.830669 0.926989 0.830883 0.932773 0.833297 0.939040 0.833314 0.944836 0.830932 0.949280 0.826513 0.951695 0.820730 0.951712 0.814463 0.949330 0.808666 0.944911 0.804222 0.944624 0.804025 0.938844 0.801613 0.933434 0.800718 0.931314 0.800712 0.929352 0.801518 0.928170 0.802591 0.922347 0.808393 0.919934 0.814173 0.919242 0.815871 0.918693 0.817376
0 0.705889 0.873819 0.706176 0.880027 0.708806 0.885588 0.709007 0.885860 0.713578 0.889929 0.718360 0.892478 0.720339 0.893144 0.722441 0.892989 0.723908 0.892341 0.731148 0.888638 0.736681 0.882515 0.737688 0.881260 0.738402 0.879250 0.738306 0.877137 0.737119 0.871829 0.734498 0.866267 0.734281 0.866009 0.729722 0.861937 0.723917 0.859973 0.717746 0.860417 0.712152 0.863204 0.707987 0.867911
0 0.460451 0.686103 0.461040 0.690855 0.461537 0.692920 0.462787 0.694649 0.465578 0.697243 0.470901 0.700559 0.477068 0.701612 0.480764 0.701484 0.482833 0.701017 0.484556 0.699794 0.488204 0.696648 0.491476 0.691383 0.491538 0.691218 0.492522 0.685084 0.491066 0.679013 0.487393 0.673931 0.482063 0.670615 0.475891 0.669569 0.469817 0.670952 0.464767 0.674550 0.461508 0.679814 0.461426 0.679971
0 0.376873 0.573564 0.378325 0.579661 0.382000 0.584738 0.387338 0.588021 0.393526 0.589013 0.399622 0.587560 0.404700 0.583886 0.404761 0.583832 0.407200 0.580074 0.408312 0.578267 0.408647 0.576173 0.409034 0.572313 0.407582 0.566221 0.403910 0.561147 0.400678 0.558807 0.398872 0.557696 0.396778 0.557360 0.392391 0.556874 0.386298 0.558325 0.386225 0.558364 0.381148 0.562038 0.377865 0.567376
0 0.846983 0.488613 0.847339 0.494844 0.850074 0.500423 0.854770 0.504503 0.854976 0.504572 0.859857 0.506191 0.861883 0.506859 0.864026 0.506704 0.867217 0.506079 0.872899 0.503275 0.877105 0.498545 0.879497 0.494915 0.880209 0.492893 0.880091 0.490768 0.878849 0.486369 0.876115 0.480776 0.871411 0.476684 0.868456 0.475620 0.866427 0.474951 0.865240 0.474668 0.858941 0.475128 0.853260 0.477941 0.849060 0.482677
0 0.794698 0.294405 0.796460 0.300434 0.800341 0.305333 0.805746 0.308358 0.811853 0.309048 0.817730 0.307301 0.818004 0.307185 0.822410 0.304054 0.824030 0.302720 0.825022 0.300849 0.825673 0.297773 0.826299 0.291541 0.824542 0.285517 0.823759 0.283174 0.823251 0.281673 0.821932 0.280003 0.820093 0.278970 0.815269 0.277581 0.809160 0.276880 0.803272 0.278619 0.803007 0.278755 0.798242 0.282670 0.795323 0.288166
