0 0.324512 0.881718 0.324653 0.886860 0.324844 0.889004 0.325840 0.890895 0.327998 0.893563 0.332840 0.897523 0.338860 0.899286 0.342831 0.899847 0.344969 0.899609 0.346871 0.898569 0.350721 0.895536 0.354757 0.890596 0.356634 0.884523 0.356664 0.884308 0.356100 0.878028 0.353182 0.872491 0.348353 0.868538 0.342347 0.866770 0.336075 0.867457 0.330492 0.870497 0.326449 0.875430 0.324562 0.881505
0 0.056119 0.658864 0.058382 0.664708 0.062709 0.669242 0.068442 0.671774 0.074707 0.671920 0.080551 0.669657 0.082050 0.669051 0.083584 0.667587 0.085353 0.665223 0.087883 0.659494 0.088029 0.653232 0.087747 0.648938 0.086981 0.646961 0.085517 0.645427 0.081443 0.642861 0.075714 0.640331 0.069453 0.640185 0.069175 0.640275 0.063331 0.642539 0.058797 0.646866 0.056265 0.652599
0 0.857218 0.689553 0.857508 0.692899 0.858195 0.694906 0.859598 0.696496 0.863389 0.700176 0.863624 0.700305 0.869252 0.703062 0.875507 0.703455 0.881436 0.701424 0.886137 0.697280 0.888893 0.691651 0.889287 0.685396 0.887256 0.679467 0.883111 0.674767 0.877483 0.672010 0.877240 0.671898 0.870989 0.671506 0.866000 0.672340 0.863994 0.673027 0.862404 0.674430 0.860366 0.677677 0.857610 0.683302
0 0.748568 0.480230 0.749580 0.486384 0.752873 0.491644 0.757944 0.495211 0.758301 0.495344 0.758938 0.495580 0.761009 0.496035 0.764204 0.496613 0.770370 0.495511 0.775682 0.492139 0.778967 0.489036 0.780211 0.487289 0.780700 0.485209 0.780770 0.480901 0.779768 0.474742 0.776479 0.469469 0.773987 0.467326 0.772258 0.466106 0.771403 0.465889 0.771216 0.465842 0.765129 0.464501 0.758957 0.465605 0.753641 0.468983 0.749994 0.474120
0 0.608833 0.942145 0.608903 0.942430 0.610981 0.948343 0.615164 0.953010 0.620814 0.955722 0.627072 0.956064 0.632985 0.953986 0.637652 0.949803 0.640363 0.944154 0.640706 0.937896 0.640616 0.937613 0.638538 0.931704 0.635380 0.927369 0.633965 0.925790 0.632053 0.924872 0.628712 0.924330 0.622458 0.923988 0.616549 0.926065 0.613137 0.927569 0.611558 0.928985 0.610640 0.930896 0.609175 0.935891
0 0.755552 0.142666 0.756258 0.144666 0.758389 0.147522 0.762575 0.152180 0.768227 0.154881 0.771559 0.156111 0.773676 0.156223 0.775676 0.155517 0.780386 0.153128 0.785044 0.148941 0.785228 0.148714 0.787931 0.143060 0.788264 0.136802 0.786177 0.130893 0.781987 0.126232 0.776333 0.123529 0.770075 0.123196 0.764165 0.125283 0.759504 0.129472 0.759336 0.129711 0.756636 0.135362 0.755665 0.140548
0 0.288819 0.846031 0.289566 0.848020 0.291310 0.850842 0.295607 0.855359 0.301350 0.857867 0.305269 0.859010 0.307419 0.859050 0.309436 0.858271 0.313585 0.855699 0.318215 0.851358 0.320853 0.845622 0.320898 0.845397 0.321141 0.839143 0.318957 0.833317 0.314674 0.828803 0.308944 0.826289 0.302635 0.826160 0.296710 0.828436 0.292071 0.832774 0.289427 0.838514 0.289361 0.838735 0.288902 0.843896
0 0.337820 0.214885 0.339871 0.220807 0.339973 0.220988 0.344132 0.225671 0.348298 0.228276 0.350206 0.229203 0.352323 0.229329 0.356018 0.228779 0.361936 0.226730 0.366620 0.222572 0.368812 0.219675 0.369738 0.217767 0.369865 0.215651 0.369728 0.210686 0.367679 0.204768 0.367593 0.204577 0.363433 0.199890 0.357795 0.197153 0.351540 0.196780 0.345617 0.198831 0.340930 0.202991 0.338193 0.208629
0 0.684833 0.592840 0.685936 0.599006 0.689315 0.604279 0.692145 0.606330 0.693886 0.607542 0.694330 0.607789 0.694581 0.607928 0.700703 0.609269 0.706872 0.608164 0.712149 0.604784 0.715730 0.599640 0.717071 0.593519 0.715967 0.587350 0.712586 0.582072 0.707443 0.578491 0.706702 0.578211 0.704630 0.577757 0.701191 0.577100 0.695026 0.578204 0.689752 0.581583 0.686840 0.584728 0.685628 0.586469 0.685174 0.588540
0 0.028774 0.597368 0.029280 0.598876 0.032658 0.606809 0.037937 0.612485 0.039107 0.613615 0.041032 0.614492 0.043122 0.614565 0.048750 0.614151 0.049091 0.614029 0.054784 0.611843 0.059167 0.607591 0.061571 0.601916 0.061629 0.595684 0.059329 0.589844 0.055022 0.585288 0.049364 0.582712 0.043221 0.582507 0.042876 0.582608 0.037179 0.584806 0.032801 0.589069 0.029607 0.593313 0.028791 0.595247
0 0.264600 0.586116 0.265916 0.592244 0.269477 0.597401 0.274740 0.600803 0.280905 0.601932 0.287032 0.600616 0.287170 0.600551 0.292323 0.596992 0.295724 0.591732 0.297064 0.587407 0.297446 0.585321 0.297001 0.583248 0.295537 0.579448 0.291978 0.574294 0.286718 0.570894 0.283286 0.569944 0.281200 0.569562 0.279126 0.570007 0.274434 0.571081 0.274288 0.571127 0.269131 0.574688 0.265729 0.579952
0 0.516822 0.683806 0.517694 0.689934 0.517741 0.690117 0.520920 0.695426 0.525917 0.699106 0.530168 0.700957 0.532230 0.701465 0.534339 0.701151 0.538164 0.699679 0.543553 0.696487 0.547319 0.691507 0.548663 0.688366 0.549199 0.686319 0.548905 0.684232 0.548028 0.679368 0.547962 0.679192 0.544794 0.673880 0.539803 0.670192 0.533747 0.668691 0.527548 0.669608 0.522154 0.672804 0.518387 0.677790
0 0.701621 0.468755 0.701908 0.475012 0.703067 0.478819 0.703968 0.480739 0.705534 0.482169 0.709193 0.484904 0.715083 0.487035 0.721340 0.486748 0.721483 0.486739 0.727157 0.484078 0.731381 0.479449 0.733512 0.473555 0.733226 0.467295 0.730565 0.461621 0.725936 0.457396 0.720042 0.455265 0.713781 0.455551 0.713643 0.455580 0.709283 0.457461 0.707363 0.458362 0.705934 0.459928 0.703751 0.462865
0 0.215637 0.124115 0.216874 0.130259 0.220368 0.135462 0.220548 0.135697 0.225764 0.139165 0.230614 0.141016 0.232695 0.141425 0.234774 0.141007 0.238049 0.139136 0.243249 0.135644 0.246717 0.130428 0.248253 0.127464 0.248662 0.125383 0.248243 0.123304 0.246688 0.118143 0.246524 0.117896 0.243030 0.112694 0.237811 0.109223 0.231662 0.108016 0.225518 0.109252 0.220315 0.112746 0.216845 0.117965
0 0.358644 0.538981 0.360960 0.544804 0.365328 0.549298 0.371084 0.551779 0.377350 0.551867 0.383174 0.549552 0.383249 0.549520 0.387740 0.545154 0.390219 0.539402 0.390599 0.535163 0.390628 0.533043 0.389845 0.531072 0.387993 0.527320 0.383628 0.522829 0.377876 0.520350 0.374110 0.520232 0.371990 0.520202 0.371531 0.520275 0.365707 0.522590 0.361213 0.526959 0.358733 0.532714
0 0.258340 0.521200 0.258630 0.527452 0.261256 0.533138 0.263286 0.536189 0.264840 0.537638 0.266819 0.538381 0.271630 0.539573 0.277803 0.539342 0.278009 0.539287 0.283603 0.536682 0.287767 0.532095 0.289868 0.526226 0.289582 0.519967 0.286953 0.514275 0.282381 0.510019 0.276566 0.507845 0.270394 0.508087 0.270182 0.508121 0.264589 0.510738 0.260852 0.513948 0.259436 0.515512 0.258723 0.517511
0 0.549343 0.759408 0.549567 0.760582 0.550717 0.764772 0.553205 0.770333 0.553908 0.771421 0.555119 0.772975 0.556654 0.774760 0.558277 0.776498 0.559736 0.777924 0.560809 0.778818 0.565954 0.781765 0.566986 0.782210 0.571271 0.783847 0.571938 0.783224 0.574091 0.779992 0.574154 0.779532 0.571180 0.774093 0.567133 0.769221 0.556541 0.758309 0.554451 0.756662 0.553971 0.756426 0.550007 0.758789
0 0.179689 0.382979 0.179753 0.386530 0.180132 0.388624 0.181297 0.390415 0.184222 0.394386 0.184367 0.394492 0.189572 0.398057 0.195769 0.399387 0.202012 0.398281 0.207350 0.394912 0.210971 0.389792 0.212328 0.383703 0.211214 0.377570 0.207801 0.372323 0.207672 0.372203 0.202474 0.368638 0.196283 0.367301 0.191524 0.367460 0.189396 0.367834 0.187575 0.368978 0.184691 0.371759 0.181056 0.376880
0 0.863051 0.759123 0.863737 0.765237 0.866726 0.770555 0.866997 0.770790 0.871836 0.774507 0.877786 0.776055 0.883134 0.776579 0.885231 0.776288 0.887079 0.775223 0.888127 0.774026 0.893244 0.767153 0.895474 0.759746 0.895850 0.758177 0.895620 0.756094 0.894605 0.754280 0.891319 0.749738 0.891032 0.749516 0.886198 0.745791 0.880247 0.744234 0.874084 0.745086 0.868651 0.748215 0.864777 0.753145
0 0.126055 0.181507 0.126446 0.183571 0.128122 0.188770 0.131570 0.193934 0.131768 0.194189 0.136986 0.197665 0.143181 0.198925 0.149407 0.197779 0.154714 0.194402 0.158297 0.189312 0.159609 0.183284 0.158456 0.177236 0.155012 0.172086 0.154829 0.171816 0.149616 0.168345 0.144667 0.166266 0.142559 0.165836 0.140440 0.166223 0.139048 0.167018 0.131891 0.171588 0.128298 0.176676 0.127375 0.178100 0.126507 0.179452
0 0.688189 0.673833 0.689856 0.679772 0.689997 0.679955 0.690139 0.680139 0.690645 0.680794 0.691954 0.682436 0.693840 0.684776 0.699273 0.687744 0.705468 0.688410 0.710146 0.688122 0.712195 0.687530 0.713873 0.686210 0.716410 0.682797 0.719495 0.677369 0.720269 0.671215 0.719908 0.668091 0.719344 0.666066 0.718037 0.664421 0.714774 0.660439 0.714617 0.660268 0.709185 0.657292 0.702984 0.656621 0.696960 0.658361 0.692032 0.662244 0.688953 0.667678
0 0.914635 0.861463 0.914874 0.867721 0.917490 0.873412 0.919292 0.875121 0.920848 0.876562 0.921812 0.877425 0.922357 0.877912 0.928234 0.880088 0.934496 0.879849 0.940191 0.877232 0.944450 0.872634 0.946626 0.866757 0.946386 0.860494 0.943769 0.854800 0.939172 0.850541 0.938606 0.850089 0.937603 0.849289 0.935614 0.848552 0.933015 0.848140 0.926757 0.848379 0.921066 0.850995 0.918407 0.852281 0.917030 0.852992 0.915589 0.854548 0.914852 0.856537
0 0.069092 0.298836 0.069463 0.305146 0.069884 0.308672 0.070808 0.310624 0.072390 0.312084 0.076822 0.315164 0.082690 0.317351 0.082983 0.317402 0.089181 0.317160 0.094769 0.314525 0.098899 0.309897 0.100940 0.303977 0.100581 0.297667 0.097871 0.291928 0.093226 0.287635 0.087351 0.285446 0.087060 0.285374 0.080849 0.285621 0.075797 0.287046 0.073891 0.287947 0.072485 0.289528 0.071125 0.292909
0 0.143162 0.237877 0.143555 0.244139 0.146354 0.249808 0.146511 0.249973 0.151286 0.254181 0.157308 0.256292 0.163659 0.255986 0.169374 0.253313 0.173582 0.248679 0.175647 0.242793 0.175255 0.236546 0.172466 0.230888 0.172326 0.230711 0.168527 0.227110 0.166904 0.225676 0.164854 0.224953 0.161541 0.224378 0.155184 0.224674 0.149458 0.227342 0.145952 0.229590 0.144514 0.231170 0.143807 0.233178
0 0.829034 0.408561 0.830818 0.414562 0.834744 0.419471 0.840212 0.422540 0.846388 0.423298 0.852330 0.421633 0.852591 0.421521 0.856968 0.418468 0.858603 0.417161 0.859603 0.415315 0.860328 0.412264 0.860945 0.406087 0.859154 0.400092 0.857767 0.396271 0.856430 0.394601 0.854569 0.393557 0.849767 0.392125 0.843598 0.391362 0.837657 0.393020 0.837406 0.393150 0.832602 0.396974 0.829661 0.402385
0 0.668271 0.958648 0.668600 0.964128 0.668709 0.964428 0.670875 0.970309 0.675126 0.974914 0.680816 0.977541 0.687078 0.977792 0.692959 0.975627 0.697564 0.971376 0.700191 0.965686 0.700442 0.959424 0.698276 0.953542 0.698148 0.953250 0.693900 0.948648 0.689588 0.945605 0.687662 0.944716 0.685543 0.944631 0.681956 0.945772 0.676078 0.947936 0.671476 0.952184 0.669245 0.954604 0.668356 0.956529
0 0.710017 0.104889 0.710364 0.106981 0.711657 0.109907 0.714967 0.115224 0.720060 0.118870 0.723432 0.120921 0.725498 0.121401 0.727590 0.121055 0.732339 0.119266 0.737657 0.115956 0.741302 0.110863 0.741458 0.110612 0.742877 0.104508 0.741854 0.098325 0.738541 0.093004 0.733446 0.089356 0.727341 0.087937 0.721158 0.088960 0.715838 0.092273 0.712190 0.097369 0.712053 0.097628 0.710498 0.102823
0 0.135863 0.379543 0.136223 0.384198 0.137999 0.390182 0.141979 0.395033 0.142155 0.395145 0.147725 0.398120 0.154039 0.398770 0.160133 0.396996 0.165080 0.393073 0.168126 0.387597 0.168813 0.381404 0.167036 0.375435 0.163067 0.370595 0.162905 0.370467 0.158479 0.367912 0.156584 0.366898 0.154436 0.366674 0.151033 0.366834 0.144936 0.368597 0.139979 0.372516 0.137143 0.375565 0.136101 0.377431
0 0.593253 0.433181 0.595446 0.439047 0.597979 0.442242 0.599426 0.443793 0.601355 0.444673 0.605416 0.446226 0.611676 0.446445 0.617543 0.444252 0.617618 0.444216 0.622202 0.439942 0.624801 0.434239 0.625020 0.427976 0.622826 0.422105 0.618552 0.417522 0.612850 0.414922 0.606586 0.414703 0.600716 0.416897 0.600651 0.416951 0.597340 0.420007 0.595789 0.421453 0.594909 0.423383 0.593472 0.426921
0 0.695863 0.846431 0.697371 0.852510 0.697499 0.852737 0.701220 0.857780 0.706588 0.861014 0.712784 0.861949 0.718867 0.860440 0.723910 0.856719 0.727144 0.851351 0.728079 0.845154 0.726571 0.839071 0.726425 0.838852 0.722706 0.833813 0.718521 0.830707 0.716705 0.829612 0.714608 0.829296 0.711148 0.829647 0.705069 0.831154 0.700030 0.834873 0.697315 0.837424 0.696221 0.839241 0.695905 0.841338
0 0.202310 0.831654 0.202868 0.837779 0.205758 0.843280 0.207179 0.845938 0.207959 0.847270 0.209588 0.848646 0.211613 0.849317 0.216485 0.849289 0.222692 0.848887 0.228217 0.846172 0.229968 0.844439 0.231332 0.842867 0.232415 0.841271 0.234285 0.835461 0.233737 0.829335 0.230852 0.823827 0.226069 0.819779 0.220117 0.817808 0.213904 0.818216 0.208378 0.820938 0.204383 0.825560 0.203199 0.827100 0.202565 0.829082
0 0.349318 0.771751 0.349648 0.778009 0.352347 0.783665 0.357005 0.787857 0.362914 0.789948 0.369172 0.789618 0.374828 0.786919 0.379020 0.782261 0.379098 0.782079 0.381188 0.776174 0.381319 0.771247 0.381207 0.769129 0.380294 0.767215 0.378161 0.764267 0.373505 0.760078 0.367601 0.757988 0.363870 0.757450 0.361753 0.757562 0.359839 0.758475 0.355694 0.761015 0.351504 0.765671 0.351409 0.765843
0 0.588660 0.071459 0.588978 0.077774 0.591649 0.083527 0.596264 0.087842 0.602119 0.090063 0.608322 0.089853 0.613929 0.087248 0.618089 0.082644 0.618374 0.082154 0.618882 0.081279 0.619592 0.079267 0.620314 0.076493 0.620002 0.070184 0.617339 0.064431 0.614936 0.060395 0.613366 0.058923 0.611372 0.058162 0.606876 0.057876 0.600664 0.058076 0.595043 0.060678 0.592864 0.062547 0.591443 0.064118 0.590996 0.065033 0.590746 0.065546
0 0.189598 0.940156 0.190412 0.946370 0.193542 0.951800 0.198512 0.955618 0.204564 0.957244 0.210779 0.956429 0.216208 0.953299 0.220026 0.948329 0.220207 0.948040 0.221026 0.946727 0.221576 0.944679 0.221832 0.941991 0.221018 0.935781 0.217890 0.930355 0.215446 0.926582 0.213764 0.925290 0.211716 0.924740 0.206875 0.924915 0.200664 0.925728 0.195238 0.928857 0.193618 0.930871 0.192327 0.932553 0.191622 0.933544 0.191224 0.934104
0 0.062837 0.488376 0.063185 0.489405 0.065990 0.492804 0.070646 0.496941 0.071637 0.497681 0.073330 0.498652 0.075462 0.499705 0.077707 0.500676 0.079719 0.501417 0.081189 0.501816 0.087110 0.502575 0.088504 0.502565 0.093210 0.502442 0.093613 0.501628 0.093395 0.495658 0.092277 0.494913 0.089424 0.493168 0.074382 0.486185 0.070982 0.485029 0.069246 0.484449 0.063241 0.487558
0 0.098378 0.253586 0.099489 0.259754 0.102876 0.265027 0.108023 0.268604 0.108275 0.268753 0.113452 0.270308 0.115524 0.270759 0.117611 0.270383 0.120559 0.268976 0.125829 0.265591 0.129403 0.260448 0.131366 0.257120 0.131817 0.255048 0.131441 0.252961 0.129626 0.248164 0.126241 0.242894 0.121097 0.239320 0.120853 0.239152 0.114729 0.237819 0.108561 0.238929 0.103288 0.242316 0.099712 0.247463
0 0.456738 0.864894 0.456786 0.871161 0.459228 0.876933 0.463693 0.881330 0.469501 0.883685 0.475768 0.883637 0.481540 0.881195 0.485937 0.876730 0.488292 0.870922 0.488300 0.870683 0.488252 0.864420 0.485812 0.858651 0.482915 0.854707 0.481404 0.853219 0.479439 0.852422 0.475545 0.851904 0.469282 0.851951 0.463514 0.854392 0.460727 0.856292 0.459239 0.857803 0.458442 0.859768 0.456766 0.864658
0 0.252708 0.102531 0.254498 0.108538 0.254656 0.108790 0.254814 0.109042 0.255375 0.109936 0.256712 0.111582 0.258604 0.113652 0.264112 0.116633 0.270342 0.117278 0.274968 0.117222 0.277000 0.116616 0.278646 0.115280 0.281206 0.111542 0.284188 0.106034 0.284833 0.099804 0.284286 0.097024 0.283681 0.094991 0.282905 0.093539 0.278954 0.088674 0.273442 0.085692 0.267208 0.085046 0.261202 0.086835 0.256337 0.090785 0.253355 0.096298
0 0.898975 0.093497 0.899498 0.099634 0.902406 0.105100 0.907260 0.109061 0.913321 0.110915 0.919666 0.110374 0.925329 0.107522 0.929444 0.102791 0.929667 0.102489 0.931608 0.096599 0.932282 0.091129 0.932101 0.089035 0.931106 0.087173 0.929919 0.086097 0.923292 0.081028 0.915597 0.078496 0.914010 0.078099 0.911851 0.078286 0.909924 0.079258 0.905231 0.082585 0.901120 0.087310 0.900916 0.087622
0 0.408053 0.681067 0.410017 0.687018 0.414110 0.691764 0.419708 0.694584 0.425958 0.695045 0.431909 0.693081 0.436655 0.688988 0.439474 0.683391 0.439513 0.683272 0.439994 0.678623 0.440150 0.676508 0.439486 0.674494 0.438012 0.671079 0.433922 0.666335 0.428328 0.663519 0.424425 0.662736 0.422310 0.662580 0.420296 0.663244 0.416134 0.665020 0.411391 0.669110 0.411334 0.669220 0.408515 0.674817
