0 0.043084 0.142578 0.043401 0.144723 0.044517 0.146607 0.047760 0.151099 0.047995 0.151280 0.053112 0.155196 0.059292 0.156909 0.065595 0.156159 0.071063 0.153064 0.074866 0.148093 0.076428 0.142002 0.075507 0.135715 0.072246 0.130189 0.072027 0.129994 0.066913 0.126066 0.060727 0.124341 0.055507 0.123924 0.053356 0.124177 0.051488 0.125232 0.048928 0.128183 0.045115 0.133165 0.043555 0.139272
0 0.812024 0.293271 0.812260 0.299530 0.813066 0.303865 0.813951 0.305792 0.815506 0.307234 0.819466 0.309480 0.825339 0.311657 0.831598 0.311421 0.834374 0.310252 0.836301 0.309367 0.837507 0.308684 0.841768 0.304088 0.843946 0.298212 0.843710 0.291949 0.841094 0.286254 0.836499 0.281992 0.830623 0.279814 0.824360 0.280051 0.818665 0.282666 0.818459 0.282806 0.817526 0.283442 0.816084 0.284997 0.814200 0.287399
0 0.380437 0.283368 0.380446 0.283489 0.381252 0.289734 0.384386 0.295220 0.389364 0.299112 0.395429 0.300817 0.401656 0.300080 0.407098 0.297012 0.410930 0.292085 0.412569 0.286044 0.412581 0.285925 0.411779 0.279685 0.409761 0.275489 0.408696 0.273620 0.407003 0.272292 0.403682 0.270299 0.397616 0.268582 0.391379 0.269310 0.387757 0.270747 0.385899 0.271791 0.384590 0.273472 0.382080 0.277313
0 0.509963 0.310389 0.510691 0.312402 0.512307 0.316637 0.512351 0.316707 0.516571 0.321329 0.522237 0.323966 0.528487 0.324215 0.534373 0.322039 0.538997 0.317764 0.541656 0.312042 0.541940 0.305742 0.541800 0.305310 0.541073 0.303294 0.539780 0.299744 0.535549 0.295111 0.529869 0.292472 0.525570 0.291919 0.523438 0.291837 0.521431 0.292582 0.517717 0.294419 0.513096 0.298704 0.510447 0.304431 0.510057 0.308244
0 0.112488 0.514797 0.113110 0.516841 0.114450 0.518501 0.118426 0.521463 0.123870 0.524469 0.129997 0.525147 0.130289 0.525087 0.136164 0.523336 0.140898 0.519421 0.143767 0.513935 0.144334 0.507713 0.142509 0.501705 0.138571 0.496826 0.133120 0.493822 0.126989 0.493150 0.126694 0.493190 0.121450 0.494540 0.119448 0.495140 0.117837 0.496478 0.116084 0.498878 0.113224 0.504369 0.112666 0.510588
0 0.024079 0.801462 0.025820 0.810721 0.026181 0.812200 0.027353 0.813976 0.029122 0.815193 0.030622 0.815608 0.040036 0.817706 0.046219 0.816704 0.048428 0.815806 0.050222 0.814701 0.051489 0.813463 0.051766 0.813192 0.055321 0.808205 0.056621 0.802226 0.055469 0.796166 0.052035 0.790946 0.046843 0.787363 0.040681 0.785966 0.034492 0.786968 0.029219 0.790216 0.027593 0.791646 0.026382 0.793349 0.025372 0.795473
0 0.199252 0.048208 0.199530 0.050259 0.200458 0.051896 0.200661 0.052254 0.203787 0.057466 0.208749 0.061075 0.214792 0.062529 0.220994 0.061605 0.226407 0.058445 0.230207 0.053531 0.231816 0.047614 0.230990 0.041596 0.229967 0.039564 0.228900 0.037791 0.227672 0.036025 0.222708 0.032424 0.216670 0.030976 0.213177 0.030176 0.211687 0.029891 0.209577 0.030205 0.207735 0.031279 0.206724 0.032442 0.201260 0.039958 0.199642 0.045873
0 0.393375 0.130155 0.393664 0.132307 0.394375 0.137280 0.394407 0.137453 0.397570 0.142985 0.402564 0.146893 0.408629 0.148584 0.414842 0.147804 0.420260 0.144670 0.424061 0.139661 0.425665 0.133534 0.425640 0.133185 0.425595 0.132561 0.425310 0.130410 0.424816 0.127043 0.421661 0.121502 0.416666 0.117581 0.412559 0.115608 0.410490 0.115028 0.408369 0.115292 0.404363 0.116656 0.398932 0.119797 0.395126 0.124821 0.393920 0.128064
0 0.668937 0.617872 0.669894 0.624021 0.673122 0.629298 0.673291 0.629422 0.678302 0.633027 0.684329 0.634408 0.689189 0.634296 0.691275 0.633938 0.693078 0.632808 0.695748 0.630040 0.699406 0.624956 0.700873 0.618880 0.701097 0.615347 0.700774 0.613253 0.699678 0.611454 0.696705 0.607451 0.691700 0.603839 0.691520 0.603731 0.685495 0.602339 0.679365 0.603382 0.674063 0.606700 0.670402 0.611789
0 0.295396 0.347403 0.297268 0.353359 0.297345 0.353499 0.301381 0.358296 0.306966 0.361209 0.313248 0.361790 0.319268 0.359955 0.324109 0.355984 0.327037 0.350485 0.327607 0.344294 0.325736 0.338352 0.325678 0.338203 0.322741 0.334346 0.321368 0.332714 0.319469 0.331722 0.316069 0.330498 0.309791 0.329908 0.303768 0.331734 0.300225 0.333658 0.298572 0.335008 0.297570 0.336882 0.295976 0.341200
0 0.773373 0.466145 0.774597 0.472288 0.778077 0.477495 0.780692 0.479851 0.782456 0.481028 0.784536 0.481442 0.789429 0.482194 0.789616 0.482182 0.795762 0.480958 0.800972 0.477475 0.804452 0.472263 0.805674 0.466116 0.804450 0.459970 0.800967 0.454759 0.795755 0.451279 0.789608 0.450057 0.789421 0.450090 0.783279 0.451313 0.778072 0.454794 0.774967 0.458356 0.773790 0.460119 0.773376 0.462199
0 0.761696 0.716122 0.762044 0.720872 0.763841 0.726872 0.767797 0.731728 0.767970 0.731877 0.773486 0.734851 0.779721 0.735488 0.785725 0.733689 0.790584 0.729731 0.793557 0.724214 0.794194 0.717980 0.792396 0.711976 0.788437 0.707117 0.788252 0.706984 0.783777 0.704421 0.781910 0.703414 0.779801 0.703199 0.776508 0.703376 0.770508 0.705173 0.765652 0.709128 0.762917 0.712146 0.761911 0.714013
0 0.311506 0.431298 0.312201 0.433320 0.314339 0.437223 0.318466 0.441935 0.324053 0.444705 0.327399 0.445025 0.329511 0.445164 0.330413 0.445102 0.336277 0.443087 0.340919 0.438950 0.343630 0.433323 0.343994 0.427060 0.341956 0.421117 0.337824 0.416401 0.332230 0.413631 0.326028 0.413230 0.325108 0.413178 0.323109 0.413869 0.319994 0.415249 0.315356 0.419395 0.312655 0.425028 0.311627 0.429166
0 0.827557 0.547609 0.827642 0.551790 0.828758 0.557954 0.832147 0.563220 0.834564 0.565385 0.836307 0.566593 0.838379 0.567043 0.843415 0.568117 0.843637 0.568161 0.849804 0.567044 0.855074 0.563653 0.858645 0.558503 0.859974 0.552378 0.858857 0.546211 0.855466 0.540941 0.850315 0.537370 0.844191 0.536041 0.843969 0.536018 0.837806 0.537134 0.832539 0.540523 0.829215 0.543793 0.828007 0.545536
0 0.470680 0.448087 0.471980 0.454204 0.475516 0.459349 0.478595 0.461416 0.480378 0.462571 0.480834 0.462775 0.486970 0.463892 0.493077 0.462565 0.498224 0.458996 0.501623 0.453725 0.502758 0.447559 0.501452 0.441437 0.497908 0.436293 0.497838 0.436240 0.494040 0.433754 0.492254 0.432602 0.490161 0.432224 0.486450 0.431750 0.480345 0.433086 0.475206 0.436660 0.472569 0.439905 0.471414 0.441699 0.471028 0.443797
0 0.710145 0.949237 0.711484 0.953800 0.714254 0.959931 0.714616 0.960709 0.715579 0.962088 0.716998 0.963858 0.718655 0.965750 0.720296 0.967471 0.721669 0.968757 0.722561 0.969410 0.728122 0.972763 0.732352 0.974522 0.733053 0.974294 0.733714 0.973664 0.734808 0.969663 0.734327 0.966638 0.730767 0.962012 0.719408 0.949609 0.716943 0.947442 0.716090 0.946724 0.710801 0.948610
0 0.320264 0.547779 0.320938 0.549800 0.322796 0.553250 0.326897 0.557997 0.332494 0.560839 0.336110 0.561674 0.338236 0.561847 0.340259 0.561198 0.344676 0.559442 0.349412 0.555413 0.349514 0.555307 0.352322 0.549769 0.352775 0.543560 0.350805 0.537626 0.346708 0.532872 0.341107 0.530023 0.334858 0.529515 0.328914 0.531426 0.328798 0.531516 0.324062 0.535556 0.321260 0.541106 0.320414 0.545664
0 0.580041 0.715462 0.581437 0.721465 0.583725 0.727201 0.587574 0.732461 0.590811 0.735764 0.591682 0.735493 0.594786 0.731250 0.594921 0.730852 0.593464 0.725981 0.588486 0.710193 0.586984 0.705678 0.581836 0.704196 0.580969 0.704466 0.580199 0.708986
0 0.238591 0.930627 0.240993 0.936491 0.243300 0.940416 0.244816 0.941929 0.246799 0.942726 0.251266 0.943270 0.257570 0.943150 0.263393 0.940592 0.265768 0.938537 0.267285 0.936969 0.267725 0.936201 0.267971 0.935771 0.270380 0.929825 0.270381 0.923442 0.267976 0.917592 0.263531 0.913165 0.257724 0.910831 0.251435 0.910946 0.245620 0.913493 0.241163 0.918086 0.240882 0.918493 0.240382 0.919220 0.239557 0.921244 0.238602 0.924235
0 0.925216 0.608142 0.925694 0.614326 0.928496 0.619788 0.933196 0.623699 0.933507 0.623842 0.939391 0.625609 0.944920 0.625833 0.947021 0.625613 0.948901 0.624605 0.949997 0.623411 0.955110 0.617178 0.957807 0.609278 0.958225 0.607735 0.958065 0.605628 0.957114 0.603765 0.953777 0.599564 0.949078 0.595640 0.948755 0.595516 0.942871 0.593740 0.936695 0.594383 0.931170 0.597346 0.927139 0.602179
0 0.761195 0.690571 0.761289 0.690977 0.763294 0.696306 0.767443 0.700489 0.773107 0.702897 0.779432 0.703171 0.785464 0.701265 0.790292 0.697464 0.793180 0.692337 0.793679 0.686659 0.793565 0.686254 0.791745 0.680884 0.791075 0.679067 0.789670 0.677637 0.788207 0.676935 0.781740 0.674239 0.772496 0.673421 0.770912 0.673441 0.768862 0.674098 0.767228 0.675401 0.764495 0.679752 0.761647 0.684902
0 0.729034 0.053886 0.729338 0.055985 0.730421 0.057808 0.731655 0.058818 0.733211 0.060065 0.738228 0.063814 0.744298 0.065359 0.747664 0.066041 0.749762 0.065737 0.751586 0.064654 0.755880 0.061262 0.759630 0.056245 0.759797 0.055959 0.761343 0.049885 0.760445 0.043682 0.757244 0.038295 0.752223 0.034543 0.746150 0.032998 0.739947 0.033895 0.734560 0.037097 0.730808 0.042117 0.730659 0.042412 0.729115 0.048482
0 0.595981 0.708287 0.596379 0.714538 0.599143 0.720190 0.602235 0.723635 0.603841 0.725065 0.605866 0.725780 0.609803 0.726486 0.616080 0.726168 0.621730 0.723480 0.624522 0.721076 0.625940 0.719491 0.626634 0.717479 0.627930 0.712920 0.627532 0.706658 0.627520 0.706521 0.624749 0.700865 0.620027 0.696673 0.614077 0.694582 0.607806 0.694911 0.602167 0.697605 0.598019 0.702254 0.595990 0.708149
0 0.037645 0.272952 0.038213 0.276153 0.039038 0.278141 0.040574 0.279679 0.044579 0.283305 0.044801 0.283444 0.050706 0.285943 0.057107 0.286052 0.063029 0.283757 0.067575 0.279409 0.070052 0.273669 0.070087 0.267410 0.067673 0.261583 0.063177 0.257072 0.062967 0.256916 0.057067 0.254407 0.050661 0.254287 0.045732 0.255082 0.043710 0.255862 0.042157 0.257343 0.040167 0.260927 0.037680 0.266678
0 0.745163 0.197996 0.745835 0.204263 0.748801 0.209813 0.753609 0.213800 0.759524 0.215620 0.765644 0.214995 0.771040 0.212025 0.771281 0.211860 0.775136 0.206993 0.776860 0.200972 0.777541 0.196036 0.777314 0.193903 0.776307 0.192013 0.773236 0.189160 0.768435 0.185164 0.762519 0.183334 0.759541 0.182899 0.757454 0.183109 0.755611 0.184120 0.750980 0.186917 0.750751 0.187099 0.746890 0.191968
0 0.731207 0.601591 0.733597 0.607416 0.738046 0.611911 0.738135 0.611956 0.742404 0.613802 0.744392 0.614647 0.746549 0.614676 0.750305 0.614522 0.756171 0.612195 0.760674 0.607810 0.762767 0.604175 0.763602 0.602208 0.763611 0.600068 0.763151 0.595751 0.760749 0.589918 0.756287 0.585423 0.752875 0.583912 0.750886 0.583070 0.750542 0.582978 0.750350 0.582927 0.744024 0.582852 0.738173 0.585182 0.733683 0.589560 0.731238 0.595322
0 0.105633 0.072893 0.107244 0.079024 0.107427 0.079285 0.111279 0.084395 0.116782 0.087711 0.123099 0.088729 0.129266 0.087296 0.134346 0.083632 0.137569 0.078297 0.138444 0.072099 0.136841 0.065981 0.136677 0.065712 0.133383 0.061096 0.132074 0.059354 0.130201 0.058222 0.127336 0.057276 0.121016 0.056247 0.114838 0.057671 0.110650 0.058842 0.108915 0.060090 0.107814 0.061910 0.106510 0.066681
0 0.505067 0.155715 0.506980 0.161757 0.511022 0.166631 0.516577 0.169592 0.522797 0.170193 0.528736 0.168345 0.533493 0.164330 0.536344 0.158758 0.536431 0.158571 0.536945 0.152285 0.536079 0.147409 0.535430 0.145351 0.534057 0.143689 0.531007 0.141364 0.525453 0.138391 0.519226 0.137778 0.515627 0.138081 0.513599 0.138710 0.511975 0.140079 0.508503 0.143643 0.505645 0.149228 0.505578 0.149422
0 0.099869 0.304806 0.101523 0.310851 0.105364 0.315803 0.110808 0.318908 0.111059 0.319025 0.116290 0.320072 0.118394 0.320337 0.120440 0.319778 0.123314 0.318157 0.128263 0.314317 0.131366 0.308877 0.132962 0.305346 0.133228 0.303242 0.132668 0.301196 0.130498 0.296622 0.126659 0.291674 0.121218 0.288571 0.120974 0.288434 0.114756 0.287650 0.108711 0.289303 0.103759 0.293145 0.100654 0.298589
0 0.324351 0.291233 0.325514 0.295717 0.328041 0.301740 0.331783 0.306673 0.336215 0.310981 0.341857 0.314205 0.346135 0.315889 0.346815 0.315287 0.348082 0.310060 0.344909 0.306401 0.333927 0.293952 0.330570 0.290210 0.330398 0.290222 0.325033 0.290627
0 0.762238 0.661749 0.762246 0.667466 0.762340 0.667851 0.764770 0.673069 0.768173 0.677441 0.769697 0.678777 0.771688 0.679475 0.773318 0.679527 0.781427 0.678906 0.789311 0.676321 0.790780 0.675647 0.792317 0.674240 0.793156 0.672425 0.794270 0.667130 0.794308 0.661397 0.794193 0.661015 0.791787 0.655764 0.787300 0.651799 0.781417 0.649733 0.775043 0.649884 0.769158 0.652227 0.764663 0.656396
0 0.885002 0.572909 0.885407 0.574990 0.887328 0.579271 0.890785 0.584494 0.895978 0.587995 0.896234 0.588052 0.902375 0.589300 0.908527 0.588105 0.913753 0.584645 0.917258 0.579449 0.918506 0.573308 0.917310 0.567156 0.913850 0.561930 0.908654 0.558425 0.902513 0.557177 0.901994 0.557103 0.901075 0.556973 0.898993 0.557378 0.896105 0.558335 0.890883 0.561793 0.887381 0.566985 0.885425 0.570830
0 0.554929 0.838254 0.555819 0.844327 0.555891 0.844610 0.559082 0.849850 0.564086 0.853455 0.568449 0.855713 0.570510 0.856198 0.572616 0.855868 0.576321 0.853909 0.581694 0.850691 0.585441 0.845713 0.586885 0.843045 0.587414 0.841008 0.587114 0.838940 0.586112 0.833658 0.586021 0.833383 0.582841 0.828141 0.577843 0.824527 0.571789 0.823095 0.565600 0.824062 0.560221 0.827284 0.556473 0.832268
0 0.909374 0.755166 0.909899 0.757221 0.911169 0.758919 0.914855 0.762991 0.915123 0.763161 0.920513 0.766359 0.926716 0.767252 0.932788 0.765703 0.937806 0.761948 0.941004 0.756558 0.941897 0.750355 0.940348 0.744282 0.936593 0.739265 0.931203 0.736066 0.930925 0.735914 0.924726 0.735022 0.919486 0.735353 0.917431 0.735878 0.915733 0.737148 0.913643 0.740323 0.910446 0.745709 0.909554 0.751908
0 0.306225 0.736559 0.307034 0.742769 0.308197 0.747143 0.309250 0.749004 0.310920 0.750326 0.315032 0.752115 0.321006 0.753829 0.327142 0.753110 0.329866 0.751882 0.331692 0.750845 0.332682 0.749896 0.336450 0.744992 0.338052 0.738972 0.337242 0.732755 0.334143 0.727290 0.329230 0.723410 0.323253 0.721706 0.317122 0.722434 0.311772 0.725484 0.311390 0.725793 0.310709 0.726345 0.309428 0.728016 0.307821 0.730544
0 0.569705 0.616459 0.572037 0.622273 0.572083 0.622352 0.576465 0.626833 0.582227 0.629297 0.588493 0.629368 0.594311 0.627036 0.598792 0.622655 0.601256 0.616893 0.601327 0.610626 0.598995 0.604808 0.598931 0.604741 0.595758 0.601485 0.594276 0.599969 0.592326 0.599135 0.588794 0.597800 0.582531 0.597729 0.576718 0.600060 0.573545 0.602650 0.572028 0.604132 0.571194 0.606082 0.569777 0.610196
0 0.783276 0.181614 0.783354 0.183733 0.784235 0.185662 0.786790 0.188500 0.791377 0.192765 0.797247 0.194950 0.800497 0.195694 0.802616 0.195617 0.804545 0.194735 0.809201 0.192119 0.809401 0.191920 0.813668 0.187330 0.815856 0.181457 0.815628 0.175194 0.813022 0.169495 0.808432 0.165227 0.802559 0.163040 0.796296 0.163268 0.790597 0.165874 0.786329 0.170463 0.786144 0.170675 0.783958 0.176545
0 0.762792 0.155934 0.763342 0.157982 0.765189 0.160972 0.769004 0.165938 0.774431 0.169066 0.777716 0.170571 0.779819 0.170847 0.781867 0.170297 0.786689 0.168255 0.791656 0.164440 0.791844 0.164222 0.794975 0.158793 0.795788 0.152579 0.794163 0.146527 0.790344 0.141557 0.784915 0.138427 0.778701 0.137613 0.772648 0.139238 0.767679 0.143057 0.767506 0.143287 0.764378 0.148713 0.763068 0.153831
0 0.014460 0.304165 0.015173 0.306204 0.018119 0.310435 0.022281 0.315194 0.027876 0.318008 0.028211 0.318062 0.034388 0.318501 0.040211 0.316502 0.044796 0.312365 0.047443 0.306719 0.047746 0.300422 0.045660 0.294433 0.041498 0.289666 0.035896 0.286849 0.035565 0.286775 0.029953 0.286147 0.027845 0.285999 0.025858 0.286683 0.023543 0.288349 0.018959 0.292500 0.015153 0.300571 0.014560 0.302021
0 0.458278 0.223825 0.458306 0.224073 0.460690 0.229757 0.465113 0.234109 0.470900 0.236467 0.477170 0.236467 0.482966 0.234111 0.487402 0.229758 0.489804 0.224075 0.489808 0.217927 0.489801 0.217675 0.487408 0.211995 0.484439 0.207949 0.482932 0.206470 0.480962 0.205669 0.477198 0.205299 0.470935 0.205299 0.465144 0.207649 0.462102 0.209345 0.460590 0.210825 0.459769 0.212759 0.458293 0.217673
