0 0.286754 0.654677 0.287686 0.660875 0.290918 0.666244 0.295959 0.669968 0.302041 0.671479 0.308238 0.670547 0.313608 0.667316 0.313728 0.667208 0.317450 0.662170 0.318960 0.656091 0.318877 0.651556 0.318561 0.649459 0.317468 0.647642 0.314799 0.644532 0.309761 0.640810 0.303682 0.639300 0.300179 0.639505 0.298082 0.639821 0.296265 0.640914 0.292123 0.643461 0.291989 0.643554 0.288265 0.648595
0 0.542345 0.448377 0.542409 0.452361 0.544720 0.458182 0.549084 0.462675 0.552727 0.464418 0.554674 0.465258 0.556794 0.465289 0.561097 0.465248 0.566918 0.462937 0.566961 0.462912 0.571457 0.458546 0.573940 0.452792 0.574032 0.446526 0.571718 0.440701 0.567353 0.436205 0.561598 0.433722 0.555332 0.433630 0.549507 0.435943 0.545011 0.440309 0.544982 0.440348 0.543217 0.444309 0.542377 0.446256
0 0.479755 0.712378 0.479762 0.712447 0.479990 0.714653 0.480405 0.718663 0.480413 0.718736 0.483402 0.724292 0.488276 0.728266 0.492318 0.729810 0.494366 0.730418 0.496491 0.730188 0.500528 0.729374 0.506038 0.726341 0.509979 0.721414 0.511275 0.717737 0.511879 0.715671 0.511654 0.713531 0.511092 0.709063 0.511065 0.708996 0.508074 0.703455 0.503209 0.699493 0.497209 0.697713 0.490985 0.698383 0.485482 0.701404 0.481538 0.706318
0 0.627839 0.165134 0.630153 0.170871 0.634530 0.175264 0.640305 0.177640 0.646601 0.177639 0.652457 0.175256 0.656981 0.170855 0.659481 0.165105 0.659693 0.163746 0.659725 0.161626 0.659614 0.158637 0.657288 0.152892 0.652899 0.148500 0.649222 0.145770 0.647252 0.144963 0.645108 0.144967 0.640820 0.146144 0.634969 0.148532 0.630453 0.152933 0.628887 0.155589 0.628037 0.157545 0.627938 0.158924
0 0.916160 0.804194 0.917098 0.809214 0.919090 0.815152 0.923204 0.819875 0.923477 0.820081 0.929089 0.822872 0.935341 0.823303 0.941282 0.821309 0.946008 0.817193 0.948799 0.811581 0.949231 0.805329 0.947236 0.799388 0.943120 0.794662 0.942834 0.794472 0.937844 0.791773 0.935946 0.790828 0.933830 0.790682 0.930979 0.791251 0.925041 0.793244 0.920318 0.797358 0.918383 0.799098 0.917250 0.800179 0.916306 0.802078
0 0.782865 0.441733 0.783016 0.445642 0.784431 0.451743 0.788073 0.456839 0.790729 0.459147 0.792528 0.460269 0.794620 0.460617 0.799566 0.461181 0.799759 0.461156 0.805864 0.459740 0.810963 0.456096 0.814279 0.450778 0.815308 0.444596 0.813892 0.438491 0.810248 0.433392 0.804930 0.430076 0.798748 0.429047 0.792643 0.430463 0.792454 0.430508 0.787358 0.434149 0.784335 0.437842 0.783213 0.439641
0 0.489359 0.345453 0.489365 0.345552 0.490457 0.351720 0.493825 0.357000 0.497223 0.359782 0.498961 0.360997 0.501032 0.361455 0.505074 0.361941 0.511241 0.360849 0.516521 0.357481 0.518836 0.354519 0.520051 0.352781 0.520509 0.350710 0.521462 0.346233 0.521476 0.346134 0.520384 0.339963 0.517013 0.334679 0.511877 0.331088 0.505758 0.329735 0.499587 0.330827 0.494303 0.334197 0.490712 0.339334
0 0.055754 0.360221 0.055966 0.362318 0.057998 0.367039 0.060895 0.372414 0.065627 0.376185 0.065977 0.376320 0.071822 0.377910 0.077892 0.377078 0.083261 0.373947 0.087110 0.368994 0.088848 0.362976 0.088214 0.356813 0.085305 0.351443 0.080567 0.347685 0.080227 0.347532 0.074799 0.345789 0.072809 0.345252 0.070743 0.345538 0.068317 0.346795 0.062957 0.349927 0.057244 0.356886 0.056347 0.358175
0 0.696829 0.660163 0.696911 0.666407 0.699356 0.672105 0.703786 0.676391 0.703983 0.676531 0.709727 0.678753 0.715908 0.678573 0.720601 0.677525 0.722534 0.676655 0.724002 0.675110 0.725894 0.671484 0.728183 0.665654 0.728105 0.659417 0.727461 0.656230 0.726631 0.654289 0.725125 0.652827 0.721245 0.649426 0.721038 0.649303 0.715300 0.647073 0.709120 0.647243 0.703438 0.649790 0.699120 0.654327
0 0.544336 0.477395 0.544551 0.478278 0.548920 0.479358 0.555235 0.479965 0.561175 0.478991 0.566791 0.477149 0.566905 0.477110 0.572258 0.473642 0.575666 0.470646 0.575450 0.469760 0.573114 0.466006 0.572982 0.465848 0.569547 0.466618 0.554126 0.470338 0.548388 0.471781 0.544784 0.472846
0 0.492788 0.110624 0.494225 0.116581 0.497887 0.121562 0.503220 0.124803 0.509408 0.125813 0.515507 0.124433 0.520589 0.120879 0.523876 0.115691 0.524873 0.109662 0.524900 0.109342 0.523454 0.103386 0.519787 0.098413 0.516367 0.094773 0.514552 0.093671 0.512447 0.093328 0.510903 0.093603 0.508277 0.094170 0.502182 0.095544 0.497099 0.099091 0.494959 0.101026 0.493837 0.102792 0.493493 0.104845 0.492795 0.110303
0 0.473036 0.082340 0.473053 0.082610 0.474085 0.088787 0.476346 0.093490 0.477469 0.095288 0.479195 0.096520 0.482501 0.097738 0.488603 0.099148 0.494781 0.098116 0.498294 0.097109 0.500092 0.095985 0.501324 0.094259 0.503731 0.089701 0.505142 0.083599 0.505145 0.083330 0.504112 0.077148 0.500792 0.071833 0.495692 0.068192 0.489585 0.066781 0.483404 0.067813 0.478088 0.071133 0.474447 0.076234
0 0.419829 0.502173 0.419902 0.508436 0.420966 0.512279 0.421800 0.514241 0.423315 0.515733 0.426799 0.518576 0.432576 0.520912 0.438803 0.520846 0.438913 0.520832 0.444637 0.518371 0.448990 0.513892 0.451306 0.508073 0.451232 0.501803 0.448778 0.496040 0.444321 0.491661 0.438540 0.489335 0.438430 0.489328 0.432204 0.489406 0.427893 0.491015 0.425946 0.491856 0.424466 0.493383 0.422139 0.496358
0 0.819981 0.296459 0.820729 0.298443 0.823131 0.301721 0.827415 0.306289 0.833123 0.308869 0.836269 0.309561 0.838388 0.309628 0.840373 0.308880 0.845243 0.306859 0.845465 0.306734 0.850036 0.302446 0.852619 0.296736 0.852819 0.290472 0.850607 0.284608 0.846319 0.280038 0.840609 0.277455 0.834345 0.277255 0.828481 0.279467 0.828269 0.279609 0.823701 0.283894 0.821120 0.289601 0.820048 0.294339
0 0.716470 0.048114 0.718539 0.054068 0.722730 0.058717 0.728405 0.061356 0.734704 0.061580 0.740670 0.059357 0.745393 0.055021 0.748155 0.049231 0.748262 0.048988 0.748638 0.042621 0.746569 0.036651 0.744273 0.032417 0.742842 0.030830 0.740904 0.029931 0.736678 0.029351 0.730366 0.029134 0.724396 0.031369 0.721691 0.033087 0.720084 0.034568 0.719146 0.036542 0.716925 0.041511 0.716838 0.041758
0 0.717478 0.726963 0.717479 0.730372 0.717807 0.732467 0.718912 0.734277 0.721710 0.738496 0.721853 0.738650 0.726917 0.742342 0.733008 0.743816 0.739200 0.742846 0.744549 0.739582 0.748242 0.734518 0.749716 0.728426 0.748746 0.722235 0.745481 0.716885 0.745323 0.716745 0.740263 0.713055 0.734175 0.711582 0.729415 0.711601 0.727319 0.711929 0.725509 0.713034 0.722641 0.715814 0.718951 0.720875
0 0.073717 0.682305 0.076036 0.688127 0.080408 0.692617 0.086165 0.695094 0.092431 0.695178 0.098253 0.692859 0.098513 0.692734 0.103000 0.688366 0.105476 0.682612 0.106686 0.677954 0.106715 0.675833 0.105930 0.673863 0.103242 0.670532 0.098873 0.666043 0.093119 0.663569 0.090187 0.663034 0.088067 0.663006 0.087123 0.663379 0.086590 0.663590 0.080768 0.665909 0.076277 0.670281 0.073801 0.676038
0 0.621346 0.120941 0.622062 0.122937 0.623818 0.125722 0.628029 0.130358 0.633693 0.133031 0.637421 0.134303 0.639539 0.134405 0.641535 0.133689 0.645844 0.131215 0.650480 0.127004 0.653152 0.121340 0.653251 0.121095 0.653552 0.114835 0.651435 0.108937 0.647221 0.104298 0.641553 0.101623 0.635293 0.101323 0.629394 0.103440 0.624755 0.107654 0.622081 0.113322 0.622002 0.113571 0.621447 0.118823
0 0.868434 0.052916 0.869118 0.059142 0.870023 0.064048 0.871044 0.065906 0.872698 0.067233 0.874164 0.067737 0.883034 0.070299 0.889260 0.069614 0.891734 0.068889 0.893592 0.067868 0.894749 0.066599 0.895003 0.066319 0.898924 0.061430 0.900675 0.055412 0.899990 0.049182 0.896972 0.043689 0.892083 0.039768 0.886065 0.038018 0.879836 0.038703 0.874343 0.041721 0.873860 0.042311 0.873006 0.043357 0.871679 0.045012 0.870183 0.046902
0 0.402428 0.043919 0.403667 0.050119 0.403788 0.050369 0.407264 0.055573 0.412448 0.058998 0.418556 0.060120 0.424659 0.058768 0.429827 0.055145 0.433274 0.049801 0.434471 0.043549 0.433235 0.037342 0.433133 0.037084 0.430361 0.032445 0.429174 0.030668 0.427403 0.029500 0.424450 0.028438 0.418330 0.027322 0.412221 0.028685 0.408273 0.029886 0.406514 0.031124 0.405343 0.032946 0.403618 0.037669
0 0.488209 0.806328 0.488428 0.812466 0.490126 0.817405 0.491011 0.819306 0.492571 0.820731 0.495606 0.822232 0.501472 0.824378 0.507731 0.824163 0.511542 0.823752 0.513484 0.822885 0.514941 0.821357 0.517713 0.817132 0.519918 0.811383 0.519710 0.805244 0.519694 0.804978 0.517105 0.799390 0.512528 0.795199 0.506658 0.793047 0.500391 0.793262 0.494685 0.795813 0.490409 0.800307 0.488214 0.806061
0 0.120464 0.827887 0.120770 0.833032 0.121452 0.835023 0.122861 0.836618 0.124245 0.837395 0.132239 0.841223 0.138524 0.841728 0.141517 0.841798 0.143553 0.841161 0.145174 0.839810 0.149261 0.835890 0.149465 0.835607 0.152284 0.830154 0.152735 0.824039 0.150746 0.818192 0.146619 0.813502 0.140980 0.810688 0.134689 0.810179 0.128706 0.812054 0.123943 0.816025 0.123722 0.816296 0.120905 0.821763
0 0.771597 0.687241 0.771911 0.693442 0.774564 0.698996 0.779150 0.703057 0.779615 0.703412 0.780446 0.704045 0.782429 0.704711 0.785206 0.705189 0.791377 0.704739 0.796958 0.701954 0.800816 0.699649 0.802227 0.698050 0.802935 0.696043 0.803179 0.691364 0.802873 0.685167 0.800229 0.679608 0.798319 0.677653 0.796758 0.676266 0.795647 0.675536 0.795404 0.675377 0.789584 0.673412 0.783409 0.673855 0.777820 0.676639 0.773672 0.681341
0 0.732428 0.486230 0.733153 0.488223 0.735250 0.492076 0.739479 0.496696 0.745154 0.499345 0.748556 0.499529 0.750675 0.499622 0.751573 0.499621 0.757464 0.497481 0.762086 0.493249 0.764738 0.487570 0.765014 0.481309 0.762874 0.475419 0.758642 0.470796 0.752963 0.468145 0.746702 0.467869 0.746384 0.467910 0.745821 0.467984 0.743828 0.468708 0.740656 0.470028 0.736037 0.474258 0.733387 0.479932 0.732522 0.484111
0 0.529423 0.143855 0.529619 0.149013 0.529764 0.151129 0.530707 0.153028 0.532638 0.155713 0.537359 0.159829 0.543296 0.161824 0.547283 0.162533 0.549399 0.162388 0.551298 0.161444 0.555153 0.158609 0.559269 0.153888 0.561265 0.147952 0.561304 0.147724 0.560875 0.141472 0.558087 0.135859 0.553363 0.131741 0.547423 0.129744 0.541170 0.130173 0.535558 0.132961 0.531439 0.137685 0.529442 0.143625
0 0.362863 0.131874 0.363066 0.138244 0.363126 0.138412 0.365716 0.144242 0.370295 0.148649 0.376166 0.150964 0.382436 0.150839 0.388153 0.148291 0.392449 0.143709 0.394669 0.137787 0.394477 0.131425 0.394438 0.131252 0.392549 0.126596 0.391669 0.124607 0.390110 0.123102 0.387278 0.120994 0.381398 0.118666 0.375114 0.118788 0.371082 0.119653 0.369130 0.120523 0.367665 0.122088 0.365081 0.125938
0 0.659221 0.170959 0.661077 0.176868 0.665072 0.181672 0.670597 0.184635 0.676809 0.185308 0.682759 0.183587 0.687542 0.179738 0.687696 0.179470 0.690313 0.174670 0.691296 0.172834 0.691485 0.170751 0.691138 0.167962 0.689276 0.162059 0.685281 0.157263 0.682322 0.154012 0.680442 0.153004 0.678329 0.152773 0.673557 0.153626 0.667608 0.155339 0.662819 0.159180 0.661531 0.161463 0.660544 0.163299 0.659921 0.164569 0.659785 0.164847
0 0.250649 0.534713 0.251961 0.540841 0.255517 0.546001 0.260779 0.549407 0.266942 0.550540 0.267093 0.550508 0.273217 0.549197 0.273881 0.549053 0.275627 0.547849 0.278374 0.545643 0.281778 0.540385 0.282910 0.534225 0.282683 0.530092 0.282239 0.528019 0.281036 0.526272 0.278045 0.522944 0.272787 0.519540 0.266627 0.518407 0.266477 0.518419 0.260349 0.519731 0.255189 0.523288 0.251783 0.528549
0 0.762682 0.628110 0.763410 0.630102 0.765605 0.634368 0.769843 0.638980 0.770018 0.639069 0.775702 0.641709 0.781963 0.641972 0.787849 0.639820 0.792463 0.635578 0.795103 0.629894 0.795366 0.623632 0.793214 0.617746 0.788972 0.613133 0.783288 0.610493 0.783105 0.610421 0.778156 0.609925 0.776037 0.609836 0.774045 0.610564 0.770965 0.612309 0.766355 0.616548 0.763716 0.622229 0.762771 0.625991
0 0.789324 0.362247 0.789571 0.368492 0.792154 0.374205 0.796681 0.378513 0.802459 0.380761 0.808608 0.380606 0.810073 0.380016 0.811975 0.379153 0.814456 0.377968 0.818625 0.373444 0.820745 0.367620 0.821814 0.362966 0.821729 0.360842 0.820850 0.358898 0.817914 0.355675 0.813395 0.351367 0.807622 0.349114 0.804747 0.348634 0.802653 0.348683 0.800749 0.349542 0.795883 0.351781 0.795629 0.351906 0.791453 0.356422
0 0.381330 0.929785 0.383680 0.935595 0.388073 0.940065 0.393843 0.942512 0.400110 0.942566 0.405920 0.940216 0.410389 0.935823 0.412836 0.930053 0.412949 0.929499 0.413148 0.928517 0.413166 0.926396 0.412946 0.923513 0.410598 0.917706 0.406208 0.913240 0.402686 0.910419 0.400733 0.909591 0.398613 0.909573 0.394179 0.910741 0.388373 0.913088 0.383906 0.917479 0.382636 0.920053 0.381808 0.922005 0.381537 0.922972 0.381384 0.923518
0 0.567685 0.923667 0.567884 0.924912 0.567928 0.925186 0.569910 0.931132 0.574017 0.935866 0.579622 0.938668 0.585874 0.939112 0.591819 0.937130 0.596553 0.933023 0.599356 0.927417 0.599799 0.921166 0.599735 0.920894 0.599442 0.919661 0.598772 0.917650 0.597754 0.914953 0.593651 0.910221 0.588048 0.907421 0.583676 0.905936 0.581561 0.905786 0.579549 0.906456 0.575859 0.908959 0.571128 0.913062 0.568327 0.918665 0.567835 0.921552
0 0.101985 0.353954 0.102002 0.356947 0.102271 0.363157 0.104871 0.368737 0.106475 0.370853 0.108021 0.372249 0.109106 0.372708 0.109411 0.372837 0.109715 0.372965 0.115499 0.374959 0.121652 0.374542 0.127234 0.371777 0.131393 0.367085 0.133494 0.361183 0.133218 0.354970 0.130608 0.349394 0.126064 0.345305 0.125477 0.345012 0.124430 0.344490 0.122458 0.343814 0.119983 0.343175 0.113835 0.343599 0.108260 0.346365 0.104117 0.348804 0.102702 0.350401 0.101986 0.352409
0 0.766717 0.401653 0.767385 0.407865 0.770411 0.413349 0.775339 0.417269 0.781420 0.419030 0.787729 0.418359 0.793304 0.415358 0.793425 0.415283 0.796624 0.411710 0.797984 0.410048 0.798596 0.408001 0.799215 0.404393 0.798543 0.398168 0.795503 0.392677 0.792790 0.389674 0.791108 0.388340 0.789034 0.387744 0.784474 0.387008 0.778167 0.387689 0.772599 0.390695 0.772491 0.390786 0.768511 0.395657
0 0.078065 0.382490 0.078502 0.388742 0.081296 0.394351 0.086026 0.398463 0.091968 0.400454 0.092232 0.400518 0.097540 0.400522 0.099656 0.400374 0.101554 0.399429 0.104085 0.397289 0.108195 0.392563 0.110184 0.386623 0.111038 0.382841 0.110891 0.380726 0.109945 0.378828 0.106955 0.374770 0.102229 0.370659 0.096289 0.368671 0.096029 0.368587 0.089777 0.369023 0.084168 0.371818 0.080055 0.376547
0 0.779723 0.805269 0.781232 0.811460 0.784964 0.816642 0.785131 0.816777 0.790522 0.820162 0.795428 0.821494 0.797548 0.821857 0.799630 0.821374 0.802860 0.819809 0.807924 0.816124 0.811169 0.810738 0.812628 0.807186 0.812945 0.805051 0.812427 0.802941 0.810580 0.798277 0.806841 0.793101 0.806659 0.792981 0.801274 0.789610 0.795061 0.788553 0.788964 0.789966 0.783909 0.793639 0.780663 0.799011
0 0.248475 0.668681 0.249345 0.673146 0.250009 0.675171 0.251408 0.676785 0.254529 0.679366 0.260169 0.682170 0.266480 0.682615 0.270103 0.681868 0.272154 0.681194 0.273795 0.679798 0.277320 0.676537 0.277393 0.676417 0.280272 0.670825 0.280782 0.664587 0.278843 0.658651 0.274750 0.653918 0.269122 0.651110 0.262816 0.650653 0.256791 0.652623 0.251965 0.656718 0.251876 0.656825 0.248985 0.662429
0 0.414411 0.908644 0.415971 0.913492 0.416786 0.915484 0.418296 0.916996 0.421235 0.918931 0.427035 0.921284 0.433315 0.921194 0.437191 0.920536 0.439167 0.919678 0.440680 0.918124 0.443560 0.914113 0.445967 0.908205 0.445975 0.901850 0.445960 0.901642 0.443570 0.895810 0.439148 0.891381 0.433363 0.889029 0.427095 0.889111 0.421296 0.891618 0.416848 0.896168 0.414432 0.902072 0.414426 0.902281
0 0.851367 0.279962 0.853640 0.285806 0.857921 0.290366 0.863557 0.292946 0.869687 0.293155 0.875378 0.290963 0.875685 0.290804 0.880073 0.286545 0.883090 0.282041 0.883912 0.280108 0.883939 0.277986 0.883431 0.276466 0.880297 0.268802 0.874853 0.262841 0.873699 0.261722 0.871781 0.260842 0.869694 0.260767 0.864263 0.261439 0.858565 0.263622 0.858269 0.263799 0.853873 0.268051 0.851450 0.273727
0 0.231810 0.774344 0.231910 0.776478 0.232829 0.778400 0.235073 0.781322 0.239762 0.785476 0.245726 0.787511 0.249494 0.788081 0.251649 0.787947 0.253602 0.787008 0.257789 0.784361 0.262053 0.779660 0.262135 0.779483 0.264282 0.773558 0.263989 0.767306 0.261302 0.761677 0.256627 0.757525 0.250674 0.755483 0.244347 0.755865 0.238610 0.758613 0.234339 0.763312 0.234238 0.763478 0.232082 0.769415
