0 0.491121 0.588774 0.492148 0.594956 0.495461 0.600276 0.500558 0.603922 0.506663 0.605341 0.512845 0.604314 0.518165 0.601001 0.521811 0.595904 0.523230 0.589799 0.522203 0.583617 0.522189 0.583563 0.522175 0.583509 0.522124 0.583318 0.521003 0.581518 0.518878 0.578247 0.513784 0.574603 0.507683 0.573185 0.503592 0.573646 0.501500 0.573994 0.499700 0.575115 0.496189 0.577522 0.492545 0.582616 0.491127 0.588717
0 0.038759 0.259527 0.040747 0.265471 0.044859 0.270200 0.046485 0.271021 0.048383 0.271967 0.050758 0.273143 0.057006 0.273580 0.062945 0.271592 0.067338 0.269555 0.068938 0.268164 0.069884 0.266266 0.070466 0.261877 0.070902 0.255629 0.068915 0.249690 0.067472 0.247311 0.066081 0.245711 0.064525 0.244799 0.058917 0.242003 0.052665 0.241566 0.046721 0.243555 0.041992 0.247667 0.039195 0.253275
0 0.120740 0.817084 0.120957 0.818691 0.122278 0.825938 0.126788 0.833597 0.127700 0.834877 0.129430 0.836125 0.131488 0.836633 0.136745 0.836372 0.142832 0.835464 0.148039 0.832293 0.148307 0.832022 0.151837 0.827072 0.153157 0.821092 0.152060 0.814994 0.148715 0.809708 0.143629 0.806041 0.137581 0.804551 0.131491 0.805468 0.126290 0.808647 0.126008 0.808903 0.122386 0.813358 0.121186 0.815047
0 0.563573 0.634374 0.564166 0.640593 0.567085 0.646086 0.567195 0.646200 0.571999 0.650130 0.577951 0.651899 0.582591 0.652001 0.584700 0.651775 0.586572 0.650757 0.589639 0.648250 0.593598 0.643391 0.595423 0.637399 0.595622 0.633781 0.595422 0.631665 0.594431 0.629794 0.591925 0.625693 0.587131 0.621757 0.587007 0.621659 0.581062 0.619881 0.574868 0.620533 0.569367 0.623515 0.565400 0.628376
0 0.345465 0.070339 0.345497 0.070634 0.347203 0.076668 0.351101 0.081647 0.356595 0.084813 0.362847 0.085684 0.368903 0.084130 0.373844 0.080389 0.376916 0.075032 0.377658 0.068875 0.377647 0.068579 0.375942 0.062552 0.372052 0.057575 0.368352 0.054088 0.366482 0.053008 0.364354 0.052707 0.360314 0.053523 0.354251 0.055067 0.349298 0.058805 0.347122 0.060971 0.346071 0.062798 0.345816 0.064900
0 0.275876 0.167459 0.276254 0.173715 0.278998 0.179349 0.279140 0.179556 0.283829 0.183709 0.288361 0.185980 0.290366 0.186672 0.292483 0.186544 0.296001 0.185373 0.301633 0.182631 0.305785 0.177942 0.307699 0.174987 0.308390 0.172983 0.308262 0.170866 0.307449 0.165770 0.304707 0.160140 0.304581 0.159920 0.299890 0.155764 0.293965 0.153721 0.287710 0.154099 0.282075 0.156844 0.277919 0.161535
0 0.282791 0.579614 0.283282 0.585862 0.286127 0.591446 0.290892 0.595516 0.296852 0.597453 0.303100 0.596962 0.303227 0.596900 0.307478 0.594744 0.309368 0.593781 0.310745 0.592169 0.312876 0.589295 0.314812 0.583338 0.314321 0.577094 0.312993 0.573194 0.312030 0.571304 0.310417 0.569927 0.306716 0.567446 0.300759 0.565509 0.294515 0.566001 0.294383 0.566043 0.288799 0.568888 0.284728 0.573653
0 0.295245 0.686664 0.297042 0.692668 0.300999 0.697528 0.306515 0.700502 0.312750 0.701141 0.318754 0.699344 0.323614 0.695387 0.323727 0.695261 0.326201 0.691059 0.327208 0.689192 0.327424 0.687083 0.327338 0.683518 0.325542 0.677517 0.321588 0.672661 0.318481 0.670197 0.316614 0.669191 0.314505 0.668975 0.309845 0.669050 0.303845 0.670846 0.298988 0.674800 0.298858 0.674913 0.295884 0.680429
0 0.034634 0.756095 0.036087 0.762191 0.039763 0.767267 0.045101 0.770550 0.051289 0.771540 0.057386 0.770087 0.057671 0.769913 0.062307 0.766703 0.064025 0.765459 0.065136 0.763653 0.066025 0.760904 0.067015 0.754720 0.065561 0.748627 0.064844 0.746062 0.064415 0.744559 0.063171 0.742841 0.061365 0.741730 0.056553 0.740274 0.050369 0.739285 0.044276 0.740737 0.043982 0.740892 0.038907 0.744568 0.035623 0.749906
0 0.583325 0.609613 0.584264 0.615806 0.586149 0.618997 0.587245 0.620812 0.587501 0.621167 0.587558 0.621245 0.592603 0.624962 0.598688 0.626465 0.604884 0.625526 0.610249 0.622286 0.613966 0.617240 0.615469 0.611156 0.614529 0.604959 0.611290 0.599595 0.611146 0.599466 0.610892 0.599239 0.609185 0.597981 0.606176 0.595816 0.600095 0.594314 0.593903 0.595253 0.590098 0.597106 0.588282 0.598202 0.587024 0.599909 0.584827 0.603533
0 0.355676 0.543468 0.357678 0.549407 0.361800 0.554127 0.367415 0.556912 0.373668 0.557334 0.379607 0.555333 0.379684 0.555297 0.383143 0.552422 0.384740 0.551027 0.385682 0.549128 0.387184 0.545567 0.387607 0.539317 0.385606 0.533382 0.383229 0.530178 0.381834 0.528581 0.379934 0.527639 0.375876 0.525883 0.369627 0.525460 0.369542 0.525476 0.363603 0.527478 0.358883 0.531600 0.356099 0.537215
0 0.429886 0.066837 0.430698 0.073053 0.433828 0.078543 0.438800 0.082468 0.444852 0.084234 0.451063 0.083570 0.456487 0.080582 0.460301 0.075726 0.461925 0.069740 0.461971 0.069454 0.461640 0.064033 0.461364 0.061918 0.460300 0.060050 0.458036 0.057759 0.453072 0.053829 0.447022 0.052055 0.443069 0.051126 0.440951 0.051349 0.439100 0.052364 0.435370 0.055690 0.431543 0.060550 0.429911 0.066548
0 0.928220 0.528111 0.928909 0.532291 0.930487 0.538352 0.934265 0.543347 0.936550 0.545307 0.938380 0.546380 0.940480 0.546672 0.945871 0.547378 0.946159 0.547408 0.952224 0.545828 0.957223 0.542048 0.960393 0.536643 0.961255 0.530435 0.959675 0.524371 0.955895 0.519372 0.950490 0.516201 0.944282 0.515338 0.943996 0.515329 0.937935 0.516908 0.932939 0.520685 0.929584 0.524182 0.928511 0.526011
0 0.465155 0.299496 0.465191 0.299695 0.466382 0.305754 0.469835 0.310894 0.475029 0.314331 0.481170 0.315539 0.487323 0.314331 0.492548 0.310895 0.496048 0.305752 0.497291 0.299690 0.497276 0.299492 0.496409 0.294572 0.496000 0.292508 0.494821 0.290759 0.492612 0.288296 0.487417 0.284868 0.481281 0.283666 0.477093 0.283513 0.475000 0.283924 0.473222 0.285092 0.469913 0.288302 0.466409 0.293437
0 0.406808 0.436491 0.408973 0.442373 0.413223 0.446978 0.413533 0.447167 0.415458 0.448056 0.418965 0.449639 0.425223 0.449889 0.431101 0.447726 0.434333 0.445082 0.435891 0.443644 0.436781 0.441719 0.438330 0.437793 0.438581 0.431535 0.436417 0.425657 0.436376 0.425609 0.432126 0.421004 0.426437 0.418375 0.420174 0.418124 0.414293 0.420289 0.409688 0.424540 0.407059 0.430229
0 0.516829 0.684744 0.516892 0.686864 0.517064 0.691547 0.517075 0.691671 0.519645 0.697387 0.524206 0.701686 0.530064 0.703910 0.536329 0.703725 0.542045 0.701156 0.546343 0.696595 0.548568 0.690736 0.548383 0.684471 0.548352 0.684353 0.545784 0.678640 0.541226 0.674344 0.537250 0.672370 0.535267 0.671617 0.533147 0.671679 0.529111 0.672306 0.523398 0.674873 0.519102 0.679432 0.517582 0.682762
0 0.579125 0.829528 0.579482 0.831019 0.580281 0.831458 0.584929 0.832977 0.585447 0.832727 0.587210 0.830691 0.595131 0.817391 0.596636 0.813936 0.597640 0.811478 0.598052 0.805201 0.597765 0.804757 0.595173 0.802206 0.594377 0.801769 0.592830 0.802623 0.589540 0.805038 0.585501 0.809176 0.584595 0.810270 0.583492 0.811980 0.582356 0.814046 0.581360 0.816159 0.580652 0.818001 0.580342 0.819291 0.579245 0.825235
0 0.665942 0.241872 0.668112 0.247742 0.672380 0.252304 0.678097 0.254866 0.684397 0.255034 0.690320 0.252783 0.694964 0.248452 0.697621 0.242700 0.697682 0.242559 0.697944 0.236257 0.695768 0.230373 0.693206 0.226664 0.691748 0.225108 0.689796 0.224236 0.685756 0.223244 0.679448 0.223086 0.673524 0.225348 0.670660 0.227527 0.669081 0.229004 0.668179 0.230963 0.666239 0.235439 0.666198 0.235585
0 0.268581 0.495560 0.268755 0.499936 0.269164 0.502030 0.270345 0.503817 0.273251 0.506955 0.278456 0.510503 0.284606 0.511815 0.288112 0.511422 0.290210 0.511039 0.290889 0.510615 0.296123 0.507230 0.299636 0.502096 0.300896 0.495991 0.299705 0.489845 0.296246 0.484592 0.291042 0.481036 0.284887 0.479718 0.278719 0.480843 0.278589 0.480900 0.277995 0.481162 0.276209 0.482318 0.273346 0.484296 0.269832 0.489445
0 0.754168 0.812740 0.754653 0.818984 0.757491 0.824568 0.757657 0.824777 0.762419 0.828851 0.768378 0.830794 0.774626 0.830308 0.780213 0.827469 0.784287 0.822707 0.786230 0.816749 0.785744 0.810500 0.782905 0.804913 0.782722 0.804716 0.778760 0.801143 0.777149 0.799764 0.775133 0.799107 0.772009 0.798703 0.765764 0.799189 0.760181 0.802027 0.756738 0.804276 0.755359 0.805887 0.754702 0.807903
0 0.889740 0.219710 0.890088 0.225990 0.892841 0.231611 0.897583 0.235718 0.903593 0.237687 0.909958 0.237216 0.915710 0.234377 0.915915 0.234237 0.920180 0.229454 0.922304 0.223458 0.923029 0.218617 0.922912 0.216473 0.921972 0.214554 0.919200 0.211529 0.914445 0.207415 0.908421 0.205450 0.905111 0.205045 0.902941 0.205209 0.900981 0.206181 0.896296 0.208783 0.896105 0.208939 0.891852 0.213723
0 0.638001 0.952841 0.638524 0.958962 0.638667 0.959303 0.641523 0.964695 0.645333 0.968809 0.646951 0.970116 0.648968 0.970695 0.650575 0.970597 0.658384 0.969543 0.665921 0.965788 0.667287 0.964955 0.668653 0.963316 0.669297 0.961302 0.669804 0.955840 0.669289 0.949722 0.669126 0.949387 0.666284 0.943997 0.661544 0.940154 0.655626 0.938442 0.649431 0.939127 0.643905 0.942104 0.639891 0.946920
0 0.277197 0.247107 0.277615 0.249199 0.279391 0.253927 0.282839 0.259100 0.283048 0.259241 0.288190 0.262659 0.294248 0.263801 0.300302 0.262496 0.305428 0.258935 0.308845 0.253663 0.310030 0.247481 0.308802 0.241333 0.305347 0.236157 0.305153 0.236000 0.299996 0.232583 0.295072 0.231108 0.293006 0.230722 0.290943 0.231171 0.287873 0.232766 0.282752 0.236335 0.279343 0.241608 0.277599 0.245004
0 0.701004 0.057805 0.701368 0.060636 0.703445 0.066545 0.707624 0.071209 0.710734 0.074249 0.712646 0.075166 0.714764 0.075283 0.719525 0.074261 0.725433 0.072184 0.730098 0.068005 0.730246 0.067726 0.732957 0.062075 0.733301 0.055818 0.731222 0.049905 0.727040 0.045237 0.721389 0.042527 0.715132 0.042183 0.709219 0.044262 0.704552 0.048444 0.701841 0.054095 0.701711 0.054382 0.701581 0.054669 0.701120 0.055687
0 0.336626 0.542724 0.337004 0.548550 0.339672 0.564274 0.340552 0.567128 0.340897 0.567848 0.345679 0.568647 0.346582 0.568516 0.347272 0.568206 0.348686 0.564024 0.349774 0.557893 0.349879 0.556907 0.349818 0.555189 0.349602 0.552997 0.349263 0.550663 0.348853 0.548538 0.348433 0.546943 0.348066 0.546121 0.345272 0.540501 0.342724 0.536860 0.341825 0.536991 0.341110 0.537159 0.338019 0.539127
0 0.715724 0.789673 0.717176 0.795766 0.720848 0.800840 0.720991 0.801034 0.726329 0.804317 0.732517 0.805309 0.738613 0.803856 0.743690 0.800182 0.746974 0.794844 0.747966 0.788656 0.746513 0.782559 0.742838 0.777482 0.742682 0.777303 0.738458 0.774330 0.736652 0.773219 0.734558 0.772883 0.731163 0.773031 0.725070 0.774482 0.719997 0.778155 0.717192 0.780852 0.716081 0.782659 0.715745 0.784753
0 0.141459 0.601627 0.142070 0.607876 0.143193 0.611588 0.144209 0.613463 0.145878 0.614798 0.149951 0.617301 0.156018 0.619037 0.162328 0.618327 0.162502 0.618306 0.168088 0.615259 0.172105 0.610344 0.173943 0.604308 0.173325 0.598071 0.170345 0.592582 0.165458 0.588671 0.159406 0.586934 0.159231 0.586934 0.152928 0.587637 0.148406 0.589655 0.146501 0.590689 0.145130 0.592362 0.143309 0.595586
0 0.467617 0.878369 0.469977 0.884175 0.474381 0.888634 0.480155 0.891070 0.486422 0.891110 0.492227 0.888749 0.496687 0.884346 0.499123 0.878571 0.499162 0.872304 0.499163 0.872064 0.499164 0.871824 0.499166 0.870974 0.498367 0.869010 0.496804 0.866263 0.492404 0.861805 0.486633 0.859372 0.482548 0.858293 0.480427 0.858279 0.478463 0.859078 0.474568 0.861691 0.470111 0.866092 0.467677 0.871862 0.467656 0.872102
0 0.576273 0.048873 0.577588 0.054942 0.581134 0.060112 0.586372 0.063593 0.592502 0.064856 0.598587 0.063708 0.603702 0.060329 0.607069 0.055233 0.607196 0.054907 0.608306 0.048867 0.608015 0.043343 0.607567 0.041279 0.606360 0.039520 0.605060 0.038561 0.598215 0.034159 0.590177 0.032334 0.588595 0.032087 0.586521 0.032474 0.584776 0.033622 0.580879 0.037400 0.577499 0.042497 0.577392 0.042831
0 0.636885 0.415409 0.637454 0.421647 0.638969 0.425527 0.639955 0.427405 0.641584 0.428762 0.645178 0.431200 0.651158 0.433062 0.657396 0.432493 0.657497 0.432449 0.663045 0.429535 0.667057 0.424720 0.668919 0.418736 0.668351 0.412494 0.665436 0.406946 0.660621 0.402935 0.654637 0.401073 0.648396 0.401641 0.642848 0.404555 0.642755 0.404617 0.642337 0.404897 0.640980 0.406526 0.638747 0.409429
0 0.548042 0.925310 0.548258 0.927232 0.550258 0.931002 0.551901 0.933410 0.554685 0.937003 0.556121 0.938501 0.557949 0.940058 0.559889 0.941434 0.561640 0.942419 0.565853 0.944271 0.568440 0.945152 0.572531 0.946112 0.574203 0.945652 0.574732 0.944908 0.575489 0.937743 0.575287 0.937410 0.574516 0.936323 0.572098 0.933781 0.559125 0.923717 0.556151 0.922074 0.554985 0.921656 0.554663 0.921582 0.548568 0.924570
0 0.457511 0.587071 0.459175 0.593113 0.463026 0.598058 0.468475 0.601154 0.474694 0.601927 0.480736 0.600263 0.485681 0.596412 0.488777 0.590963 0.489564 0.584635 0.489588 0.584441 0.489025 0.582397 0.487894 0.578651 0.484046 0.573709 0.478600 0.570616 0.474570 0.569900 0.472466 0.569638 0.470421 0.570201 0.466347 0.571506 0.461405 0.575354 0.458311 0.580800 0.458285 0.580852
0 0.708710 0.733650 0.709349 0.736895 0.709993 0.738915 0.711360 0.740536 0.714648 0.744404 0.714787 0.744562 0.720354 0.747440 0.726599 0.747969 0.732571 0.746068 0.737361 0.742026 0.740239 0.736459 0.740768 0.730214 0.738866 0.724243 0.734825 0.719453 0.734674 0.719311 0.729110 0.716434 0.722869 0.715906 0.718287 0.716525 0.716266 0.717168 0.714645 0.718536 0.712115 0.721845 0.709238 0.727409
0 0.853640 0.212916 0.854102 0.217599 0.854872 0.219575 0.856339 0.221106 0.860248 0.223273 0.865983 0.225791 0.872245 0.225923 0.874997 0.225228 0.876973 0.224458 0.878080 0.223649 0.878324 0.223470 0.882849 0.219134 0.885368 0.213395 0.885501 0.207129 0.883225 0.201290 0.878888 0.196766 0.873150 0.194246 0.866884 0.194114 0.861045 0.196390 0.859755 0.197474 0.858224 0.198942 0.856291 0.200919 0.853773 0.206654
0 0.319201 0.044240 0.320131 0.050495 0.323333 0.055878 0.323507 0.056127 0.328494 0.059816 0.334508 0.061256 0.340638 0.060224 0.345951 0.056876 0.349635 0.051720 0.351129 0.045540 0.350202 0.039278 0.346996 0.033889 0.346837 0.033625 0.342798 0.029971 0.341095 0.028713 0.339042 0.028225 0.335809 0.028497 0.329673 0.029541 0.324363 0.032900 0.322444 0.034200 0.321135 0.035111 0.319883 0.036869 0.319377 0.038974
0 0.886654 0.968160 0.887228 0.970202 0.888538 0.971869 0.892236 0.976507 0.892489 0.976814 0.897954 0.979883 0.904177 0.980628 0.910210 0.978934 0.915137 0.975060 0.918206 0.969596 0.918950 0.963373 0.917256 0.957339 0.913383 0.952412 0.913116 0.952121 0.907655 0.949054 0.901437 0.948309 0.896290 0.948111 0.894248 0.948684 0.892581 0.949995 0.891751 0.951310 0.887416 0.959334 0.886672 0.965553
0 0.018165 0.848198 0.020441 0.854037 0.024779 0.858561 0.030517 0.861080 0.036783 0.861212 0.042622 0.858935 0.042917 0.858705 0.047438 0.854369 0.050421 0.849555 0.051273 0.847613 0.051318 0.845493 0.050807 0.843970 0.047812 0.836537 0.042198 0.830481 0.041038 0.829387 0.039096 0.828534 0.036976 0.828490 0.031480 0.829368 0.025645 0.831643 0.025339 0.831857 0.020815 0.836194 0.018297 0.841933
0 0.602394 0.473782 0.603074 0.475804 0.604395 0.479693 0.608519 0.484413 0.614144 0.487201 0.618329 0.487549 0.620466 0.487695 0.622497 0.487016 0.626384 0.485633 0.631135 0.481512 0.633944 0.475893 0.634323 0.471778 0.634472 0.469646 0.633791 0.467621 0.632383 0.463686 0.628249 0.458960 0.622613 0.456177 0.618510 0.455873 0.616372 0.455731 0.614340 0.456415 0.610372 0.457765 0.605632 0.461891 0.605631 0.461893 0.602832 0.467507 0.602542 0.471654
0 0.477633 0.843058 0.478151 0.849304 0.481019 0.854877 0.485801 0.858927 0.491769 0.860840 0.498015 0.860322 0.503588 0.857454 0.507638 0.852672 0.509550 0.846704 0.509544 0.846480 0.509027 0.840238 0.506161 0.834669 0.502996 0.831024 0.501377 0.829653 0.499358 0.829006 0.495417 0.828710 0.489176 0.829227 0.483607 0.832093 0.480989 0.834268 0.479619 0.835886 0.478972 0.837906 0.477648 0.842837
0 0.698188 0.440350 0.698304 0.444285 0.700033 0.450304 0.703936 0.455204 0.706947 0.457332 0.708802 0.458359 0.710909 0.458598 0.715639 0.458942 0.715778 0.458915 0.721801 0.457184 0.726704 0.453280 0.729738 0.447796 0.730444 0.441569 0.728713 0.435546 0.724809 0.430643 0.719325 0.427609 0.713098 0.426903 0.707075 0.428634 0.706941 0.428680 0.702042 0.432582 0.699453 0.436388 0.698426 0.438243
