0 0.152872 0.495811 0.154120 0.499965 0.156338 0.505803 0.160573 0.510329 0.162969 0.512024 0.164880 0.512885 0.166968 0.512933 0.172315 0.512994 0.172597 0.512987 0.178314 0.510718 0.182749 0.506384 0.185223 0.500646 0.185359 0.494377 0.183135 0.488536 0.178891 0.484012 0.173277 0.481496 0.172715 0.481469 0.171713 0.481421 0.169624 0.481377 0.166864 0.481354 0.161150 0.483632 0.156723 0.487969 0.153759 0.491725 0.152918 0.493678
0 0.857781 0.129931 0.858953 0.136169 0.862378 0.141430 0.867535 0.144916 0.873638 0.146098 0.879761 0.144799 0.880019 0.144640 0.884657 0.141535 0.886433 0.140313 0.887629 0.138499 0.888747 0.135724 0.890019 0.129462 0.888858 0.123218 0.887803 0.118933 0.886637 0.117136 0.884880 0.115944 0.880275 0.114445 0.874159 0.113256 0.868021 0.114558 0.865713 0.116121 0.863935 0.117346 0.862800 0.118154 0.862552 0.118331 0.859044 0.123667
0 0.761879 0.902839 0.763227 0.909065 0.766795 0.914296 0.767005 0.914504 0.767968 0.915454 0.769755 0.916626 0.772251 0.917945 0.778374 0.919066 0.784438 0.917697 0.788817 0.916239 0.790547 0.914997 0.791680 0.913168 0.792844 0.908680 0.793909 0.902407 0.792555 0.896186 0.791227 0.893621 0.790012 0.891842 0.789212 0.891155 0.788763 0.890770 0.783529 0.887338 0.777421 0.886216 0.771367 0.887574 0.766287 0.891209 0.762954 0.896568
0 0.781698 0.863733 0.782099 0.869883 0.784830 0.875340 0.785066 0.875628 0.789711 0.879562 0.794681 0.882087 0.796673 0.882704 0.798772 0.882505 0.800234 0.881836 0.807261 0.877901 0.812837 0.871816 0.813815 0.870544 0.814494 0.868534 0.814360 0.866441 0.812936 0.861099 0.810214 0.855638 0.809961 0.855363 0.805327 0.851422 0.799481 0.849601 0.793315 0.850177 0.787769 0.853066 0.783688 0.857826
0 0.800923 0.524998 0.801013 0.531268 0.803452 0.537044 0.807867 0.541445 0.813585 0.543798 0.813852 0.543799 0.820004 0.543750 0.824980 0.542133 0.826902 0.541300 0.828359 0.539778 0.829927 0.536837 0.832191 0.531030 0.832097 0.524766 0.831755 0.520892 0.830926 0.518927 0.829425 0.517429 0.825253 0.514597 0.819541 0.512237 0.813393 0.512277 0.813126 0.512296 0.807482 0.514731 0.803195 0.519190
0 0.435621 0.112436 0.435750 0.118701 0.435833 0.119193 0.435980 0.120063 0.436831 0.122006 0.438306 0.124683 0.442825 0.129020 0.448660 0.131297 0.452933 0.132292 0.455054 0.132248 0.456996 0.131397 0.460657 0.128653 0.464994 0.124134 0.467272 0.118299 0.467282 0.115295 0.467239 0.113174 0.467121 0.111787 0.464605 0.106048 0.460083 0.101709 0.454244 0.099430 0.447979 0.099559 0.442239 0.102075 0.437900 0.106597
0 0.050271 0.293962 0.050690 0.296026 0.051858 0.297749 0.055708 0.301858 0.060822 0.305151 0.061164 0.305314 0.067179 0.306334 0.073182 0.304926 0.078257 0.301304 0.081630 0.296018 0.082785 0.289877 0.081547 0.283816 0.078108 0.278760 0.072991 0.275479 0.072656 0.275297 0.066640 0.274286 0.061122 0.274387 0.059080 0.274868 0.057354 0.276102 0.056421 0.277403 0.052205 0.284602 0.050487 0.292365
0 0.008103 0.567608 0.008281 0.569738 0.009279 0.571635 0.012333 0.575128 0.017227 0.579163 0.023337 0.581050 0.026491 0.580899 0.028668 0.580713 0.029730 0.580503 0.029962 0.580457 0.035662 0.577566 0.039808 0.572770 0.041770 0.566800 0.041251 0.560563 0.038331 0.555005 0.033451 0.550973 0.027353 0.549078 0.020963 0.549613 0.020725 0.549639 0.020487 0.549665 0.019637 0.549759 0.017692 0.550741 0.015013 0.552525 0.010853 0.557325 0.008883 0.563308
0 0.240459 0.190766 0.240672 0.191305 0.246434 0.196101 0.252243 0.199303 0.265968 0.205268 0.268396 0.205894 0.268810 0.205824 0.271363 0.201936 0.271746 0.201112 0.268907 0.197378 0.268123 0.196352 0.263800 0.192198 0.262607 0.191333 0.260797 0.190254 0.258650 0.189126 0.256493 0.188124 0.254661 0.187401 0.253432 0.187068 0.247351 0.186081 0.242984 0.186058 0.241862 0.186348 0.241477 0.187175
0 0.459978 0.924260 0.460058 0.930281 0.460515 0.935756 0.461326 0.937724 0.462795 0.939311 0.464163 0.940113 0.472360 0.943562 0.479438 0.944602 0.481029 0.944669 0.482928 0.944067 0.484373 0.942755 0.488230 0.938521 0.488458 0.938153 0.490723 0.932791 0.490657 0.926741 0.488266 0.920933 0.483918 0.916256 0.478282 0.913428 0.472223 0.912876 0.466666 0.914678 0.462455 0.918551 0.462211 0.918905
0 0.060521 0.155152 0.060536 0.158482 0.061223 0.160550 0.062628 0.162212 0.066662 0.166102 0.072270 0.169043 0.072551 0.169185 0.078785 0.169744 0.084702 0.167837 0.089403 0.163754 0.092173 0.158113 0.092588 0.151772 0.090582 0.145697 0.086460 0.140811 0.086188 0.140650 0.080572 0.137701 0.074323 0.137141 0.069115 0.137663 0.067096 0.138316 0.065493 0.139711 0.064727 0.141113 0.063690 0.143153 0.060926 0.148806
0 0.710483 0.639200 0.710779 0.642813 0.711249 0.644881 0.712474 0.646612 0.715487 0.650420 0.715626 0.650517 0.720929 0.653857 0.727107 0.654915 0.733218 0.653527 0.738334 0.649907 0.741674 0.644604 0.742732 0.638427 0.741344 0.632316 0.737724 0.627200 0.732422 0.623859 0.732272 0.623779 0.726098 0.622722 0.721414 0.623276 0.719346 0.623746 0.717615 0.624971 0.714878 0.627727 0.711539 0.633026
0 0.191510 0.432066 0.191527 0.435658 0.191911 0.437746 0.193076 0.439524 0.196057 0.443415 0.201257 0.446927 0.201410 0.447018 0.207588 0.448285 0.213806 0.447116 0.219115 0.443693 0.222707 0.438537 0.224038 0.432437 0.222907 0.426319 0.219489 0.421114 0.219348 0.421005 0.214157 0.417500 0.207986 0.416231 0.203192 0.416487 0.201074 0.416882 0.199265 0.418045 0.196457 0.420806 0.192853 0.425959
0 0.748587 0.519670 0.748674 0.525933 0.751150 0.531686 0.753371 0.534468 0.754891 0.535947 0.756862 0.536731 0.761459 0.538369 0.761627 0.538394 0.767894 0.538307 0.773651 0.535830 0.778020 0.531337 0.780339 0.525515 0.780252 0.519248 0.777774 0.513491 0.773282 0.509122 0.767459 0.506803 0.767287 0.506799 0.761024 0.506886 0.755271 0.509362 0.751648 0.512291 0.750170 0.513811 0.749385 0.515781
0 0.389954 0.334908 0.392194 0.340761 0.392264 0.340864 0.396571 0.345411 0.402291 0.347964 0.406699 0.348520 0.408819 0.348578 0.410800 0.347820 0.414401 0.345894 0.418947 0.341586 0.421500 0.335867 0.421841 0.332225 0.421898 0.330106 0.421140 0.328125 0.419430 0.323757 0.419378 0.323643 0.415068 0.319094 0.409345 0.316539 0.403080 0.316370 0.397227 0.318610 0.392678 0.322921 0.390123 0.328644
0 0.561136 0.348773 0.561591 0.350844 0.562661 0.354445 0.566246 0.359581 0.571524 0.362954 0.575374 0.364077 0.577462 0.364449 0.579533 0.363993 0.583806 0.362704 0.588942 0.359119 0.592315 0.353842 0.592375 0.353748 0.593472 0.347578 0.592125 0.341457 0.588538 0.336318 0.583257 0.332943 0.577087 0.331846 0.570967 0.333192 0.565828 0.336780 0.562452 0.342060 0.562412 0.342162 0.561507 0.346685
0 0.894003 0.152206 0.896294 0.158064 0.900577 0.162617 0.906198 0.165172 0.912301 0.165340 0.917955 0.163100 0.918294 0.162884 0.922726 0.159042 0.924206 0.157574 0.925017 0.155626 0.925107 0.153985 0.925077 0.146591 0.922181 0.138104 0.921524 0.136668 0.920068 0.135116 0.918155 0.134243 0.912899 0.133618 0.906793 0.133438 0.901128 0.135672 0.900799 0.135905 0.896443 0.140212 0.894055 0.145936
0 0.803734 0.729567 0.805212 0.735616 0.808857 0.740589 0.809126 0.740754 0.813839 0.743590 0.815631 0.744660 0.817699 0.744943 0.820458 0.744726 0.826414 0.743120 0.831351 0.739326 0.833550 0.737495 0.834740 0.736495 0.835818 0.734654 0.836131 0.732544 0.835435 0.727725 0.833964 0.721680 0.830326 0.716706 0.828137 0.715305 0.826348 0.714233 0.824795 0.713410 0.818730 0.712569 0.812771 0.714165 0.807826 0.717956 0.804653 0.723365
0 0.812772 0.927005 0.812873 0.929124 0.813989 0.934516 0.816659 0.940181 0.816864 0.940465 0.821502 0.944680 0.827400 0.946799 0.833660 0.946501 0.839329 0.943828 0.843544 0.939191 0.845663 0.933293 0.845364 0.927033 0.842692 0.921364 0.842472 0.921092 0.837836 0.916880 0.832965 0.914264 0.830970 0.913547 0.828851 0.913648 0.827374 0.914263 0.820021 0.917731 0.814508 0.923778 0.813489 0.925010
0 0.560359 0.183487 0.560851 0.189776 0.563681 0.195427 0.568418 0.199577 0.574336 0.201598 0.580536 0.201183 0.586075 0.198398 0.590110 0.193667 0.590235 0.193492 0.590806 0.192690 0.591461 0.190660 0.592157 0.187531 0.591670 0.181248 0.588848 0.175598 0.586283 0.171989 0.584672 0.170573 0.582657 0.169880 0.578199 0.169407 0.571990 0.169812 0.566438 0.172596 0.564260 0.174869 0.562881 0.176484 0.562390 0.177334 0.562283 0.177520
0 0.656436 0.960250 0.656917 0.962315 0.658318 0.967701 0.658420 0.968003 0.662071 0.973097 0.667394 0.976406 0.673577 0.977425 0.679681 0.976002 0.684774 0.972351 0.688083 0.967028 0.689103 0.960844 0.687679 0.954741 0.687558 0.954448 0.683909 0.949358 0.678590 0.946050 0.673998 0.944073 0.671906 0.943728 0.669840 0.944210 0.666311 0.946454 0.661221 0.950103 0.657914 0.955422 0.656781 0.958157
0 0.456315 0.549260 0.456574 0.550135 0.459176 0.553814 0.459281 0.553947 0.462799 0.553076 0.478089 0.548638 0.483664 0.546870 0.486867 0.545446 0.487139 0.540905 0.486880 0.540035 0.482481 0.539179 0.476169 0.538897 0.470309 0.540176 0.464765 0.542278 0.459692 0.545936 0.456513 0.549038
0 0.210588 0.047971 0.212093 0.054170 0.213524 0.056538 0.214783 0.058289 0.215788 0.059311 0.216008 0.059534 0.221324 0.062835 0.227460 0.063797 0.233483 0.062275 0.238475 0.058496 0.241679 0.053036 0.242602 0.046722 0.241104 0.040517 0.237409 0.035369 0.237203 0.035130 0.236259 0.034035 0.234443 0.032908 0.231873 0.031820 0.225722 0.030859 0.219691 0.032393 0.215388 0.033804 0.213688 0.035095 0.212600 0.036959 0.211502 0.041656
0 0.091680 0.058389 0.092307 0.064625 0.095274 0.070145 0.096720 0.071681 0.098362 0.073023 0.100385 0.074385 0.106382 0.076190 0.112614 0.075563 0.117381 0.074854 0.119249 0.073851 0.120591 0.072209 0.121101 0.070755 0.122094 0.067749 0.123899 0.061752 0.123272 0.055520 0.122423 0.053189 0.121419 0.051321 0.120552 0.050293 0.120062 0.049713 0.115209 0.045747 0.109208 0.043941 0.102972 0.044568 0.097452 0.047535 0.093486 0.052387
0 0.763757 0.939665 0.765567 0.945478 0.765784 0.945819 0.769726 0.950434 0.775196 0.953147 0.780296 0.954989 0.782396 0.955124 0.784413 0.954453 0.785679 0.953502 0.792067 0.947530 0.795767 0.940990 0.796456 0.939517 0.796661 0.937431 0.796048 0.935451 0.793784 0.930088 0.793550 0.929758 0.789619 0.925139 0.784153 0.922416 0.777985 0.922009 0.772054 0.923979 0.767267 0.928028 0.764353 0.933537
0 0.763954 0.801361 0.764149 0.803472 0.765138 0.805348 0.767844 0.809905 0.768017 0.810105 0.772838 0.814109 0.778825 0.815964 0.785065 0.815386 0.790610 0.812466 0.794614 0.807644 0.796469 0.801658 0.795891 0.795418 0.792971 0.789873 0.792782 0.789686 0.787963 0.785684 0.781981 0.783830 0.777048 0.783379 0.774937 0.783575 0.773061 0.784563 0.770204 0.787326 0.766201 0.792144 0.764348 0.798127
0 0.801801 0.253184 0.801863 0.259447 0.802596 0.263946 0.803427 0.265897 0.804941 0.267381 0.808790 0.269594 0.814601 0.271932 0.820864 0.271870 0.823718 0.270922 0.825669 0.270090 0.826415 0.269564 0.826836 0.269266 0.831224 0.264791 0.833564 0.258977 0.833502 0.252710 0.831045 0.246945 0.826570 0.242557 0.820756 0.240217 0.814489 0.240279 0.808724 0.242736 0.808524 0.242902 0.807621 0.243655 0.806136 0.245169 0.804140 0.247374
0 0.481406 0.912333 0.482095 0.918562 0.485117 0.924052 0.490009 0.927969 0.496028 0.929715 0.502258 0.929026 0.507748 0.926004 0.511665 0.921112 0.513411 0.915093 0.513403 0.914825 0.512713 0.908600 0.510687 0.903790 0.509665 0.901932 0.508009 0.900607 0.504804 0.899199 0.498789 0.897453 0.492564 0.898143 0.488973 0.898965 0.487115 0.899988 0.485789 0.901643 0.483163 0.906052 0.481418 0.912067
0 0.294973 0.689207 0.295572 0.691254 0.297641 0.694573 0.301533 0.699482 0.306969 0.702542 0.310166 0.703721 0.312262 0.703974 0.314282 0.703401 0.319053 0.701601 0.323864 0.697740 0.324045 0.697593 0.326998 0.692145 0.327642 0.685940 0.325881 0.679923 0.321981 0.675012 0.316539 0.671957 0.310386 0.671223 0.304460 0.672917 0.304266 0.673048 0.299465 0.676915 0.296521 0.682363 0.295191 0.687096
0 0.362407 0.446796 0.363964 0.452867 0.367724 0.457880 0.373117 0.461073 0.373198 0.461099 0.379399 0.461984 0.383747 0.461071 0.385801 0.460545 0.387498 0.459272 0.390476 0.456671 0.393667 0.451281 0.394552 0.445081 0.393837 0.441247 0.393310 0.439193 0.392038 0.437497 0.389239 0.434004 0.389168 0.433961 0.383850 0.430813 0.383775 0.430769 0.377571 0.429882 0.371500 0.431439 0.366486 0.435199 0.363294 0.440592
0 0.359978 0.478955 0.361236 0.485095 0.364749 0.490285 0.369979 0.493737 0.376133 0.494924 0.376213 0.494927 0.382349 0.493670 0.386109 0.491377 0.387865 0.490189 0.389033 0.488419 0.390985 0.484933 0.392171 0.478783 0.390914 0.472647 0.388923 0.469312 0.387734 0.467556 0.385964 0.466388 0.382177 0.464011 0.382101 0.463987 0.375947 0.462801 0.369808 0.464058 0.364617 0.467571 0.361165 0.472801
0 0.896762 0.571446 0.897676 0.575784 0.899715 0.581706 0.903867 0.586396 0.906391 0.587950 0.908297 0.588879 0.909233 0.589083 0.909761 0.589198 0.916016 0.589580 0.921942 0.587538 0.926635 0.583385 0.929381 0.577751 0.929763 0.571496 0.927721 0.565571 0.923568 0.560877 0.917934 0.558131 0.916441 0.557924 0.914325 0.557795 0.911413 0.557712 0.905492 0.559753 0.900801 0.563903 0.897821 0.567423 0.896891 0.569330
0 0.932728 0.746604 0.933136 0.747416 0.935220 0.749712 0.935806 0.750177 0.943630 0.751607 0.944563 0.751415 0.946417 0.751003 0.950006 0.749710 0.963278 0.741958 0.964313 0.741001 0.965170 0.740053 0.965245 0.739341 0.963524 0.734249 0.963115 0.733434 0.961029 0.732383 0.956811 0.732425 0.953778 0.732511 0.949433 0.733464 0.947406 0.733935 0.945171 0.734762 0.943064 0.735821 0.941402 0.736952 0.937764 0.739464 0.935829 0.741531 0.933081 0.744505
0 0.196614 0.606002 0.198273 0.612046 0.202118 0.616995 0.207564 0.620095 0.213783 0.620876 0.219826 0.619217 0.220007 0.619141 0.224953 0.615298 0.227799 0.611376 0.228848 0.609533 0.229112 0.607429 0.228832 0.603641 0.227174 0.597601 0.223332 0.592655 0.220558 0.590344 0.218715 0.589295 0.216611 0.589030 0.211675 0.588776 0.205634 0.590434 0.205445 0.590493 0.200495 0.594337 0.197395 0.599784
0 0.460278 0.445113 0.460678 0.447200 0.461836 0.451582 0.465270 0.456782 0.465351 0.456848 0.470518 0.460325 0.476636 0.461550 0.482773 0.460335 0.487991 0.456863 0.491496 0.451664 0.492751 0.445531 0.491567 0.439400 0.488124 0.434206 0.488058 0.434124 0.482881 0.430655 0.478510 0.429466 0.476426 0.429053 0.474338 0.429469 0.470630 0.430661 0.465419 0.434133 0.461918 0.439327 0.460706 0.443026
0 0.100293 0.155606 0.101655 0.161723 0.105256 0.166852 0.105510 0.167068 0.110796 0.170427 0.115999 0.172104 0.118088 0.172469 0.120158 0.172008 0.123079 0.170145 0.128205 0.166547 0.131564 0.161261 0.132559 0.159575 0.133355 0.158191 0.133721 0.156102 0.133260 0.154032 0.131283 0.148979 0.127684 0.143852 0.127444 0.143622 0.122155 0.140261 0.115982 0.139180 0.109865 0.140543 0.104735 0.144144 0.101373 0.149433
0 0.904172 0.670874 0.905281 0.677039 0.906321 0.679991 0.907467 0.681776 0.909208 0.682986 0.913806 0.685885 0.914073 0.686005 0.920196 0.687341 0.926365 0.686232 0.931639 0.682847 0.935216 0.677701 0.936552 0.671578 0.935443 0.665409 0.932058 0.660136 0.926912 0.656558 0.926637 0.656457 0.920518 0.655122 0.914353 0.656230 0.909669 0.658000 0.907884 0.659146 0.906674 0.660887 0.905507 0.664755
0 0.473273 0.724937 0.474470 0.731089 0.477928 0.736315 0.483124 0.739820 0.489265 0.741069 0.495417 0.739873 0.500643 0.736415 0.504148 0.731219 0.505398 0.725077 0.505394 0.724932 0.504591 0.720225 0.504186 0.718144 0.503016 0.716375 0.500742 0.713561 0.495550 0.710059 0.489412 0.708810 0.485395 0.708986 0.483314 0.709391 0.481545 0.710561 0.478042 0.713462 0.474539 0.718654 0.473290 0.724792
0 0.192171 0.927241 0.194236 0.933233 0.196250 0.937318 0.197678 0.938913 0.199613 0.939820 0.204110 0.940578 0.210413 0.940810 0.216376 0.938579 0.218801 0.936692 0.220406 0.935210 0.220940 0.934441 0.221239 0.934009 0.223985 0.928204 0.224350 0.921826 0.222282 0.915848 0.218095 0.911178 0.212427 0.908523 0.206138 0.908288 0.200184 0.910508 0.195470 0.914848 0.194545 0.915979 0.193606 0.917956 0.192546 0.920856
0 0.115518 0.366439 0.115920 0.372694 0.118685 0.378318 0.123391 0.382456 0.129323 0.384478 0.129562 0.384553 0.135812 0.384151 0.140580 0.382671 0.142483 0.381736 0.143884 0.380143 0.145569 0.376685 0.147589 0.370757 0.147188 0.364506 0.146402 0.361203 0.145467 0.359300 0.143874 0.357899 0.139722 0.354750 0.139490 0.354656 0.133558 0.352635 0.127303 0.353036 0.121679 0.355801 0.117540 0.360507
