0 0.403396 0.529466 0.404715 0.535593 0.408278 0.540749 0.413543 0.544148 0.419708 0.545274 0.425834 0.543955 0.425883 0.543928 0.431035 0.540366 0.433474 0.536783 0.434624 0.535002 0.435005 0.532916 0.435558 0.528944 0.434240 0.522821 0.430679 0.517668 0.427418 0.515380 0.425636 0.514229 0.423550 0.513848 0.419256 0.513145 0.419204 0.513154 0.413077 0.514473 0.407921 0.518036 0.404522 0.523301
0 0.937740 0.691587 0.939544 0.697491 0.943531 0.702236 0.943784 0.702429 0.949351 0.705299 0.954695 0.706555 0.956841 0.706744 0.958909 0.706116 0.960219 0.705152 0.961724 0.704008 0.966649 0.700042 0.969677 0.694556 0.970641 0.692764 0.971351 0.691328 0.971577 0.689226 0.970964 0.687211 0.968542 0.682468 0.964549 0.677710 0.964282 0.677532 0.958709 0.674659 0.952404 0.674109 0.946328 0.675962 0.941409 0.679936 0.938394 0.685423
0 0.522495 0.074952 0.523501 0.081133 0.523556 0.081391 0.526847 0.086659 0.531921 0.090217 0.538011 0.091523 0.544189 0.090376 0.549515 0.086948 0.553177 0.081760 0.554613 0.075602 0.554579 0.075340 0.553570 0.069148 0.551222 0.064436 0.550098 0.062639 0.548364 0.061427 0.545179 0.060312 0.539079 0.059014 0.532899 0.060173 0.529153 0.061209 0.527342 0.062379 0.526097 0.064147 0.523925 0.068799
0 0.411499 0.566976 0.411771 0.571156 0.413875 0.577056 0.418069 0.581690 0.421353 0.583454 0.423277 0.584361 0.425401 0.584458 0.429955 0.584637 0.430047 0.584635 0.435925 0.582495 0.440548 0.578259 0.443209 0.572571 0.443505 0.566302 0.441391 0.560406 0.437193 0.555782 0.431549 0.553132 0.431459 0.553114 0.431043 0.553031 0.428920 0.552937 0.425226 0.552838 0.419356 0.554980 0.414738 0.559211 0.412510 0.562908 0.411603 0.564842
0 0.750109 0.968405 0.750825 0.974746 0.753847 0.980318 0.754263 0.980827 0.755006 0.981736 0.756664 0.983084 0.758924 0.984528 0.764897 0.986260 0.771062 0.985504 0.775649 0.984610 0.777493 0.983545 0.778802 0.981835 0.780320 0.977359 0.782006 0.971214 0.781283 0.964877 0.780310 0.962307 0.779280 0.960412 0.778037 0.959072 0.773179 0.955126 0.767221 0.953395 0.761067 0.954141 0.755654 0.957255 0.751805 0.962262
0 0.096789 0.396233 0.096991 0.398360 0.098244 0.402814 0.101229 0.408370 0.106148 0.412390 0.106331 0.412453 0.112430 0.414322 0.118781 0.413762 0.124419 0.410859 0.128486 0.406058 0.130366 0.400088 0.129775 0.393857 0.126801 0.388312 0.121897 0.384293 0.121724 0.384212 0.116896 0.382597 0.114819 0.381957 0.112654 0.382144 0.109272 0.382883 0.103622 0.385780 0.099540 0.390586 0.097432 0.394195
0 0.192273 0.647570 0.193283 0.653755 0.196585 0.659082 0.201673 0.662741 0.207774 0.664173 0.213959 0.663162 0.214144 0.663057 0.219468 0.659759 0.223124 0.654673 0.224877 0.650205 0.225362 0.648140 0.225020 0.646047 0.223545 0.642395 0.220246 0.637070 0.215161 0.633414 0.211980 0.632081 0.209916 0.631596 0.207823 0.631938 0.202882 0.632993 0.202691 0.633079 0.197364 0.636380 0.193705 0.641469
0 0.952846 0.621790 0.955190 0.627684 0.959603 0.632295 0.965415 0.634916 0.965690 0.634937 0.965966 0.634958 0.966948 0.635032 0.969104 0.635111 0.972020 0.635170 0.977897 0.632975 0.982426 0.628687 0.985380 0.624972 0.986227 0.623022 0.986251 0.620880 0.984985 0.616674 0.982630 0.610779 0.978208 0.606176 0.975651 0.604456 0.973672 0.603566 0.971519 0.603488 0.966077 0.603335 0.965802 0.603335 0.959939 0.605525 0.955418 0.609799 0.952927 0.615510
0 0.597324 0.605847 0.597932 0.612101 0.600884 0.617664 0.605735 0.621685 0.605930 0.621774 0.607978 0.622410 0.611784 0.623569 0.618042 0.622994 0.623589 0.620062 0.626444 0.616925 0.627803 0.615276 0.628424 0.613229 0.629403 0.609213 0.628784 0.602952 0.625820 0.597391 0.622822 0.594734 0.621168 0.593368 0.619121 0.592735 0.614955 0.591519 0.608670 0.592101 0.603136 0.595025 0.599153 0.599851
0 0.354396 0.040186 0.354939 0.045594 0.357048 0.051492 0.357207 0.051756 0.361385 0.056337 0.366998 0.058908 0.373194 0.059080 0.379031 0.056821 0.383620 0.052475 0.386258 0.046702 0.386544 0.040382 0.384431 0.034478 0.384291 0.034202 0.380100 0.029614 0.375717 0.026637 0.373801 0.025762 0.371687 0.025707 0.370170 0.026222 0.368269 0.026883 0.362432 0.029154 0.357850 0.033507 0.355387 0.036069 0.354492 0.038035
0 0.797448 0.962165 0.798794 0.964253 0.799398 0.964937 0.807463 0.967495 0.808118 0.967431 0.809603 0.966928 0.811286 0.965880 0.812633 0.964963 0.823914 0.953314 0.824752 0.951976 0.825541 0.950473 0.825697 0.949287 0.823245 0.943874 0.821790 0.941876 0.821188 0.941196 0.818058 0.940959 0.813738 0.942495 0.811438 0.943469 0.807787 0.945772 0.804267 0.948881 0.801402 0.952334 0.799622 0.955617 0.798016 0.958662
0 0.511651 0.724145 0.512915 0.730159 0.516338 0.735071 0.517764 0.736127 0.519486 0.737171 0.521648 0.738324 0.527557 0.739075 0.533418 0.737408 0.537894 0.735742 0.539571 0.734439 0.540677 0.732599 0.541013 0.731076 0.541594 0.728181 0.542679 0.722022 0.541434 0.716035 0.540427 0.713593 0.539273 0.711920 0.538315 0.711299 0.537778 0.710951 0.532757 0.707865 0.526859 0.707076 0.520980 0.708712 0.516020 0.712531 0.512741 0.717951
0 0.837929 0.164304 0.839586 0.170230 0.843461 0.175094 0.848964 0.178156 0.855258 0.178945 0.861384 0.177341 0.866406 0.173585 0.866594 0.173310 0.869747 0.167974 0.871141 0.162660 0.871414 0.160583 0.870844 0.158563 0.869898 0.157264 0.868877 0.155944 0.864990 0.151084 0.857586 0.146895 0.856147 0.146186 0.854005 0.145921 0.851921 0.146468 0.847073 0.148861 0.842058 0.152611 0.841887 0.152899 0.838737 0.158219
0 0.504101 0.254816 0.504196 0.255838 0.504217 0.256061 0.506298 0.261865 0.510485 0.266433 0.516139 0.269066 0.522400 0.269361 0.528312 0.267274 0.532972 0.263120 0.535672 0.257537 0.535999 0.251375 0.535997 0.250113 0.535284 0.248136 0.533905 0.245344 0.529711 0.240783 0.524057 0.238159 0.519878 0.236894 0.517748 0.236795 0.515736 0.237505 0.511897 0.239954 0.507238 0.244099 0.504533 0.249677 0.504216 0.252717
0 0.640145 0.157288 0.641824 0.163408 0.645679 0.168394 0.651118 0.171491 0.657315 0.172227 0.663329 0.170494 0.668246 0.166553 0.668374 0.166407 0.671450 0.160854 0.672547 0.155980 0.672806 0.153827 0.672237 0.151741 0.670540 0.148406 0.666689 0.143407 0.661243 0.140298 0.657694 0.139058 0.655578 0.138805 0.653525 0.139396 0.649004 0.141293 0.644077 0.145245 0.643966 0.145406 0.640895 0.150967
0 0.893533 0.524198 0.893712 0.530454 0.896316 0.536171 0.900953 0.540479 0.906917 0.542724 0.907108 0.542754 0.912215 0.542779 0.914392 0.542723 0.916381 0.541855 0.919337 0.540040 0.923735 0.535490 0.926019 0.529633 0.926831 0.525574 0.926770 0.523438 0.925880 0.521487 0.923225 0.517633 0.918574 0.513322 0.912598 0.511084 0.912403 0.511075 0.906018 0.511249 0.900191 0.513805 0.895808 0.518352
0 0.785037 0.479308 0.787397 0.485122 0.791825 0.489622 0.797648 0.492119 0.803980 0.492234 0.804126 0.492178 0.810006 0.489888 0.814530 0.485541 0.816874 0.481464 0.817718 0.479510 0.817738 0.477379 0.817067 0.473546 0.814694 0.467728 0.810255 0.463233 0.807084 0.461245 0.805100 0.460398 0.802944 0.460361 0.798100 0.460638 0.792232 0.462929 0.792093 0.463004 0.787579 0.467340 0.785102 0.473064
0 0.114712 0.950893 0.114943 0.952529 0.116553 0.959891 0.120949 0.967608 0.121882 0.968892 0.123614 0.970121 0.125658 0.970584 0.131036 0.970164 0.137046 0.969064 0.142145 0.965671 0.142444 0.965385 0.145851 0.960218 0.147050 0.954064 0.145856 0.947862 0.142454 0.942556 0.137363 0.938957 0.131361 0.937610 0.125361 0.938719 0.120276 0.942111 0.119962 0.942382 0.116278 0.947041 0.115120 0.948800
0 0.470490 0.299020 0.470509 0.299150 0.472554 0.305070 0.475371 0.308726 0.476778 0.310313 0.478685 0.311241 0.482341 0.312496 0.488593 0.312871 0.494513 0.310826 0.497615 0.308644 0.499201 0.307237 0.500129 0.305330 0.501939 0.301039 0.502315 0.294787 0.502316 0.294654 0.500269 0.288731 0.496111 0.284042 0.490476 0.281300 0.484220 0.280924 0.478296 0.282971 0.473607 0.287129 0.470865 0.292764
0 0.923839 0.333465 0.923850 0.339729 0.924194 0.344005 0.925010 0.345963 0.926512 0.347460 0.930695 0.349931 0.936485 0.352318 0.942749 0.352306 0.943034 0.352211 0.948820 0.349801 0.953243 0.345362 0.955631 0.339568 0.955620 0.333301 0.953210 0.327515 0.948771 0.323091 0.942977 0.320704 0.936709 0.320715 0.936428 0.320831 0.931342 0.322941 0.929385 0.323756 0.927888 0.325258 0.926225 0.327674
0 0.718497 0.338278 0.718687 0.339166 0.723076 0.343228 0.728001 0.342463 0.743907 0.338802 0.748612 0.337349 0.750784 0.331754 0.750592 0.330862 0.746124 0.329742 0.745115 0.329590 0.739138 0.329012 0.737782 0.329160 0.735788 0.329511 0.733463 0.330010 0.731164 0.330582 0.729247 0.331138 0.728001 0.331593 0.722805 0.334753 0.722054 0.335311
0 0.639727 0.782662 0.641337 0.788715 0.641428 0.788901 0.645233 0.793881 0.650654 0.797025 0.656866 0.797855 0.662923 0.796245 0.667903 0.792440 0.671047 0.787019 0.671878 0.780807 0.670267 0.774750 0.670158 0.774573 0.666355 0.769596 0.662300 0.766738 0.660465 0.765674 0.658363 0.765393 0.654729 0.765624 0.648676 0.767233 0.643699 0.771036 0.641210 0.773810 0.640146 0.775644 0.639865 0.777746
0 0.295407 0.805072 0.296844 0.811172 0.300506 0.816258 0.305835 0.819555 0.312021 0.820563 0.318121 0.819125 0.323207 0.815464 0.326504 0.810134 0.326728 0.809734 0.327124 0.809026 0.327465 0.806933 0.327623 0.803753 0.326187 0.797656 0.322527 0.792573 0.319540 0.789547 0.317737 0.788431 0.315644 0.788090 0.311020 0.788272 0.304923 0.789708 0.299840 0.793367 0.299711 0.793556 0.296414 0.798886
0 0.792539 0.323412 0.792892 0.325503 0.794440 0.329068 0.797765 0.334376 0.802869 0.338006 0.806001 0.339403 0.808068 0.339878 0.810159 0.339525 0.815149 0.338366 0.815352 0.338262 0.820663 0.334934 0.824296 0.329827 0.825698 0.323719 0.824656 0.317539 0.821328 0.312229 0.816221 0.308595 0.810113 0.307194 0.803933 0.308235 0.798623 0.311563 0.798430 0.311684 0.794799 0.316788 0.793013 0.321345
0 0.145884 0.679728 0.146285 0.685997 0.146737 0.690177 0.147661 0.692099 0.149231 0.693513 0.153610 0.695791 0.159422 0.697825 0.165551 0.697427 0.165833 0.697322 0.171339 0.694552 0.175388 0.689832 0.177359 0.683880 0.176954 0.677605 0.174233 0.671966 0.169614 0.667819 0.163802 0.665797 0.157682 0.666204 0.157395 0.666289 0.152440 0.668515 0.150567 0.669460 0.149190 0.671067 0.147854 0.673782
0 0.338541 0.578699 0.338843 0.584953 0.341533 0.590606 0.344463 0.593751 0.346052 0.595178 0.348072 0.595891 0.352130 0.596888 0.358420 0.596563 0.364113 0.593874 0.366821 0.591177 0.368262 0.589596 0.368987 0.587589 0.370474 0.583340 0.370491 0.583264 0.370193 0.577024 0.367516 0.571378 0.362862 0.567186 0.356940 0.565086 0.350650 0.565401 0.344949 0.568084 0.340710 0.572728 0.340638 0.572867 0.340510 0.573115 0.339783 0.575125
0 0.852610 0.193531 0.853303 0.195535 0.855693 0.198549 0.859850 0.203234 0.865483 0.205972 0.868529 0.207079 0.870646 0.207205 0.872650 0.206512 0.877654 0.204299 0.877898 0.204108 0.882585 0.199948 0.885325 0.194311 0.885699 0.188056 0.883651 0.182133 0.879491 0.177445 0.873854 0.174705 0.867599 0.174332 0.861676 0.176380 0.856988 0.180539 0.856757 0.180745 0.854019 0.186378 0.852737 0.191414
0 0.887397 0.486235 0.887585 0.490181 0.888266 0.492189 0.889663 0.493785 0.893532 0.496879 0.899148 0.499652 0.905397 0.500067 0.905659 0.500067 0.911595 0.498056 0.916310 0.493927 0.919085 0.488308 0.919500 0.482055 0.917489 0.476119 0.913361 0.471404 0.907742 0.468629 0.901488 0.468214 0.901229 0.468234 0.896148 0.469651 0.894139 0.470331 0.892544 0.471728 0.890585 0.474370 0.887811 0.479985
0 0.928705 0.481431 0.929353 0.485467 0.930869 0.491544 0.934595 0.496578 0.936858 0.498712 0.938676 0.499803 0.940773 0.500117 0.946159 0.500729 0.946446 0.500729 0.952527 0.499212 0.957565 0.495484 0.960792 0.490111 0.961718 0.483913 0.960201 0.477832 0.956473 0.472794 0.951100 0.469568 0.944902 0.468641 0.944615 0.468662 0.938538 0.470178 0.933503 0.473904 0.930110 0.477515 0.929018 0.479333
0 0.217568 0.482173 0.218361 0.484133 0.220953 0.488208 0.225302 0.492597 0.231009 0.494948 0.231232 0.495001 0.237425 0.494952 0.243163 0.492512 0.247570 0.488052 0.249973 0.482253 0.250006 0.475999 0.247668 0.470245 0.243314 0.465867 0.237610 0.463529 0.237391 0.463456 0.232291 0.463160 0.230183 0.463179 0.228231 0.464010 0.225471 0.465953 0.221069 0.470408 0.218664 0.476201 0.217582 0.480044
0 0.485620 0.717163 0.486612 0.723351 0.489897 0.728689 0.494974 0.732362 0.501071 0.733814 0.507259 0.732822 0.512597 0.729537 0.516270 0.724459 0.517722 0.718363 0.517710 0.718222 0.516719 0.712038 0.513436 0.706704 0.510055 0.703681 0.508337 0.702438 0.506274 0.701947 0.502269 0.701582 0.496085 0.702573 0.490751 0.705857 0.488360 0.708595 0.487117 0.710313 0.486626 0.712376 0.485629 0.717023
0 0.893387 0.187508 0.894924 0.193497 0.898662 0.198514 0.904032 0.201791 0.910215 0.202829 0.916268 0.201469 0.921268 0.197919 0.921551 0.197655 0.924954 0.193003 0.926038 0.191232 0.926340 0.189170 0.926011 0.187588 0.924075 0.180413 0.919079 0.173176 0.918067 0.171967 0.916239 0.170853 0.914135 0.170500 0.908790 0.171096 0.902742 0.172451 0.897741 0.175993 0.897474 0.176271 0.894284 0.181459
0 0.188482 0.161292 0.189487 0.169490 0.190097 0.170168 0.191490 0.171652 0.194551 0.171405 0.197946 0.170188 0.201133 0.168746 0.203953 0.166859 0.205763 0.165616 0.207515 0.164038 0.208947 0.162362 0.211083 0.159786 0.212873 0.156746 0.214422 0.153510 0.215027 0.150457 0.213741 0.148876 0.213130 0.148198 0.208356 0.145202 0.207327 0.145249 0.205873 0.145884 0.204500 0.146574 0.191911 0.156499 0.190847 0.157733 0.189544 0.159274 0.188746 0.160670
0 0.619282 0.332827 0.620760 0.338914 0.622839 0.342716 0.624090 0.344428 0.625901 0.345532 0.629803 0.347230 0.635991 0.348194 0.642078 0.346717 0.644992 0.344734 0.646704 0.343483 0.647135 0.343023 0.647230 0.342921 0.650492 0.337570 0.651456 0.331377 0.649978 0.325287 0.646281 0.320226 0.640930 0.316965 0.634737 0.316000 0.628647 0.317478 0.623586 0.321175 0.623145 0.321814 0.622041 0.323625 0.620247 0.326639
0 0.901027 0.232419 0.901255 0.237081 0.901977 0.239075 0.903406 0.240642 0.907379 0.242935 0.913050 0.245594 0.919307 0.245880 0.921957 0.245221 0.923951 0.244500 0.925471 0.243584 0.930100 0.239360 0.932760 0.233685 0.933047 0.227424 0.930915 0.221531 0.926691 0.216902 0.921016 0.214242 0.914756 0.213955 0.908862 0.216087 0.908598 0.216270 0.907402 0.217101 0.905835 0.218531 0.903972 0.220491 0.901314 0.226162
0 0.488956 0.216246 0.490082 0.222485 0.493477 0.227825 0.498624 0.231452 0.504738 0.232819 0.510889 0.231718 0.516144 0.228319 0.519704 0.223135 0.519755 0.223016 0.521080 0.216833 0.520578 0.212138 0.520198 0.210012 0.519045 0.208191 0.516576 0.205243 0.511428 0.201602 0.505305 0.200225 0.501412 0.200342 0.499312 0.200716 0.497518 0.201877 0.493871 0.204732 0.490306 0.209930 0.490275 0.210057
0 0.038317 0.583790 0.038617 0.590050 0.041288 0.595719 0.045926 0.599933 0.051824 0.602053 0.058084 0.601754 0.058369 0.601689 0.064035 0.599018 0.068085 0.595676 0.069511 0.594106 0.070229 0.592111 0.070365 0.588489 0.070066 0.582233 0.067396 0.576567 0.065611 0.573570 0.064041 0.572144 0.062046 0.571426 0.056867 0.570237 0.050611 0.570536 0.050321 0.570582 0.044651 0.573254 0.040437 0.577892
0 0.092348 0.742608 0.093125 0.744598 0.096053 0.747967 0.100353 0.752452 0.106017 0.754893 0.108713 0.755431 0.110813 0.755439 0.112183 0.754916 0.112483 0.754801 0.118207 0.752403 0.122619 0.747948 0.125046 0.742116 0.125117 0.735799 0.122825 0.729958 0.118520 0.725484 0.112859 0.723056 0.106705 0.723041 0.106098 0.723229 0.105017 0.723564 0.103069 0.724381 0.100685 0.725535 0.096278 0.729985 0.093850 0.735809 0.092375 0.740457
0 0.892447 0.156528 0.893209 0.158235 0.896889 0.160191 0.899247 0.161409 0.903743 0.162709 0.905644 0.163200 0.907983 0.163500 0.910408 0.163563 0.912553 0.163379 0.916816 0.162745 0.919908 0.161937 0.923867 0.160554 0.925779 0.159041 0.925896 0.158136 0.925029 0.154387 0.920136 0.149924 0.919318 0.149699 0.917578 0.149240 0.913787 0.148724 0.897717 0.149241 0.896243 0.149579 0.894867 0.149965 0.894263 0.150494 0.892564 0.155626
0 0.016978 0.395441 0.017251 0.397063 0.017460 0.397747 0.023486 0.403708 0.025630 0.404142 0.026525 0.404294 0.028887 0.402323 0.030747 0.399214 0.032417 0.396176 0.033741 0.392031 0.034020 0.390759 0.034414 0.388434 0.034526 0.387401 0.034653 0.382973 0.034102 0.379408 0.033352 0.375958 0.031814 0.373064 0.029698 0.372489 0.028799 0.372337 0.023118 0.372869 0.022301 0.373502 0.021525 0.374870 0.020864 0.376249 0.017095 0.391778 0.017027 0.393405
