0 0.213852 0.085466 0.215718 0.091444 0.217204 0.093490 0.218555 0.095110 0.219686 0.096201 0.219934 0.096439 0.225397 0.099251 0.231530 0.099690 0.237399 0.097689 0.242109 0.093549 0.244943 0.087900 0.245466 0.081603 0.243598 0.075618 0.239622 0.070859 0.239152 0.070348 0.238313 0.069436 0.236447 0.068479 0.233910 0.067794 0.227769 0.067365 0.221900 0.069378 0.219094 0.070387 0.217659 0.070955 0.216057 0.072368 0.215095 0.074292 0.214370 0.079174
0 0.138271 0.362716 0.138967 0.367527 0.140880 0.373401 0.144939 0.378064 0.145163 0.378213 0.150745 0.380949 0.157003 0.381346 0.162980 0.379341 0.167766 0.375242 0.170630 0.369674 0.171140 0.363488 0.169219 0.357625 0.165163 0.352976 0.164952 0.352811 0.160293 0.350249 0.158393 0.349319 0.156264 0.349184 0.153123 0.349684 0.147150 0.351684 0.142362 0.355775 0.139428 0.358714 0.138449 0.360609
0 0.511285 0.535550 0.512985 0.541579 0.516864 0.546504 0.522334 0.549573 0.528560 0.550318 0.534590 0.548624 0.539507 0.544751 0.539541 0.544711 0.542596 0.539247 0.543324 0.533029 0.542361 0.528817 0.541778 0.526765 0.540456 0.525090 0.537731 0.522087 0.532264 0.519023 0.526045 0.518280 0.522173 0.519133 0.520121 0.519709 0.518446 0.521024 0.515101 0.523832 0.512039 0.529287 0.512022 0.529338
0 0.446408 0.376708 0.448405 0.382649 0.448438 0.382724 0.451299 0.386176 0.452693 0.387775 0.454592 0.388719 0.458163 0.390232 0.464411 0.390661 0.470348 0.388664 0.473543 0.386281 0.475142 0.384887 0.476086 0.382988 0.477856 0.378940 0.478284 0.372691 0.478270 0.372609 0.476273 0.366668 0.472154 0.361945 0.466542 0.359156 0.460289 0.358728 0.454349 0.360725 0.449625 0.364843 0.446836 0.370455
0 0.908427 0.038080 0.908619 0.044438 0.911224 0.050161 0.915846 0.054381 0.921782 0.056458 0.928132 0.056075 0.933930 0.053288 0.934162 0.053053 0.935221 0.051977 0.936708 0.050352 0.938529 0.048281 0.940794 0.042252 0.940609 0.035881 0.939961 0.030954 0.939073 0.028999 0.937495 0.027558 0.936035 0.026974 0.933369 0.025913 0.927417 0.023835 0.921056 0.024227 0.918234 0.024921 0.916258 0.025874 0.914773 0.027502 0.910896 0.031806 0.910679 0.032055
0 0.541135 0.851858 0.542328 0.858110 0.544566 0.862431 0.545745 0.864251 0.547516 0.865482 0.550988 0.867066 0.557139 0.868403 0.563303 0.867255 0.566779 0.865777 0.568562 0.864599 0.569757 0.862814 0.572046 0.858558 0.573292 0.852336 0.573284 0.852169 0.572081 0.845918 0.568615 0.840587 0.563416 0.836985 0.557275 0.835659 0.551126 0.836808 0.545903 0.840257 0.542399 0.845482 0.541148 0.851691
0 0.950936 0.615974 0.951697 0.622191 0.952403 0.625424 0.953447 0.627270 0.955117 0.628576 0.959712 0.631502 0.960009 0.631587 0.966048 0.633264 0.972269 0.632503 0.977724 0.629419 0.981585 0.624483 0.983262 0.618444 0.982501 0.612223 0.979417 0.606767 0.974481 0.602906 0.968442 0.601229 0.968140 0.601164 0.961923 0.601924 0.956980 0.603655 0.955134 0.604699 0.953827 0.606369 0.952612 0.609940
0 0.747146 0.877255 0.747549 0.883506 0.750312 0.889126 0.750473 0.889378 0.755181 0.893515 0.761113 0.895537 0.767367 0.895134 0.772991 0.892370 0.777129 0.887663 0.779151 0.881731 0.778748 0.875477 0.775983 0.869852 0.775805 0.869614 0.771900 0.865808 0.770307 0.864408 0.768300 0.863724 0.765173 0.863458 0.758923 0.863860 0.753302 0.866623 0.749838 0.868647 0.748438 0.870240 0.747753 0.872247
0 0.153164 0.732317 0.153510 0.734398 0.154644 0.736198 0.157688 0.738717 0.162818 0.742362 0.168969 0.743819 0.172293 0.744181 0.174417 0.743856 0.176248 0.742762 0.180581 0.739653 0.180750 0.739438 0.184445 0.734452 0.185902 0.728449 0.184897 0.722342 0.181581 0.717059 0.176457 0.713405 0.170304 0.711940 0.164061 0.712889 0.158680 0.716106 0.158496 0.716306 0.154796 0.721306 0.153344 0.727322
0 0.858573 0.442126 0.860632 0.448048 0.864745 0.452740 0.870284 0.455486 0.876403 0.455870 0.876712 0.455819 0.882482 0.453782 0.886917 0.450794 0.888462 0.449382 0.889355 0.447467 0.889503 0.445868 0.889642 0.444015 0.889945 0.437773 0.887889 0.431857 0.887205 0.429933 0.886612 0.428445 0.885214 0.426847 0.883330 0.425910 0.878250 0.424415 0.872132 0.424022 0.871826 0.424094 0.866056 0.426119 0.861510 0.430257 0.858881 0.435877
0 0.566809 0.719320 0.567322 0.725563 0.567366 0.725708 0.570231 0.731282 0.575011 0.735335 0.580977 0.737252 0.587224 0.736738 0.592798 0.733873 0.596851 0.729093 0.598767 0.723127 0.598253 0.716880 0.598190 0.716741 0.595328 0.711170 0.591903 0.707884 0.590285 0.706513 0.588266 0.705864 0.584588 0.705204 0.578345 0.705717 0.572775 0.708580 0.569894 0.711115 0.568523 0.712732 0.567874 0.714751
0 0.598141 0.196339 0.598713 0.201856 0.600182 0.207311 0.601172 0.209013 0.602807 0.210283 0.604298 0.210867 0.612465 0.212528 0.620250 0.213027 0.621852 0.212862 0.623726 0.212067 0.625075 0.210682 0.628229 0.205853 0.630044 0.200659 0.630162 0.200185 0.629546 0.194674 0.626601 0.189686 0.621782 0.185973 0.615817 0.184092 0.609607 0.184325 0.604088 0.186638 0.600096 0.190686 0.598240 0.195863
0 0.615828 0.698802 0.615843 0.705103 0.615868 0.705185 0.617584 0.709432 0.618409 0.711423 0.619927 0.712954 0.622747 0.715526 0.628567 0.717987 0.634862 0.718035 0.638879 0.716875 0.640858 0.716067 0.642370 0.714557 0.645111 0.711227 0.647501 0.705409 0.647478 0.699096 0.646073 0.695582 0.645245 0.693592 0.645046 0.693251 0.645002 0.693177 0.640539 0.688691 0.634723 0.686244 0.628439 0.686204 0.622644 0.688577 0.618216 0.693000
0 0.064659 0.291624 0.066579 0.297590 0.070637 0.302366 0.076213 0.305227 0.076487 0.305352 0.082729 0.305860 0.088691 0.303941 0.093039 0.301845 0.094655 0.300472 0.095623 0.298585 0.096323 0.294313 0.096831 0.288071 0.094911 0.282109 0.093428 0.279604 0.092055 0.277988 0.091120 0.277479 0.090592 0.277192 0.085016 0.274332 0.078769 0.273823 0.072803 0.275744 0.068027 0.279802 0.065167 0.285378
0 0.548423 0.614754 0.548445 0.621042 0.550857 0.626845 0.555290 0.631279 0.561070 0.633665 0.561159 0.633701 0.567406 0.633678 0.571646 0.632233 0.573606 0.631405 0.575103 0.629884 0.577556 0.626783 0.579916 0.620966 0.579886 0.614682 0.578750 0.610952 0.577928 0.608978 0.576420 0.607470 0.573045 0.604457 0.567272 0.602069 0.567179 0.602054 0.560944 0.602069 0.555190 0.604488 0.550792 0.608941
0 0.080147 0.970178 0.083761 0.973519 0.084608 0.973868 0.085418 0.974128 0.089108 0.970988 0.093668 0.965883 0.094354 0.965096 0.095331 0.963536 0.096451 0.961442 0.097543 0.959131 0.098443 0.956951 0.099017 0.955231 0.099176 0.954230 0.100129 0.947704 0.100121 0.943107 0.099379 0.942720 0.098539 0.942373 0.094826 0.942795 0.091426 0.944903 0.090248 0.946889 0.088279 0.950285 0.081217 0.966132 0.080273 0.969276
0 0.188136 0.523600 0.189022 0.529804 0.192216 0.535196 0.197231 0.538956 0.203302 0.540510 0.204362 0.540366 0.206461 0.540066 0.209693 0.539598 0.215082 0.536406 0.218840 0.531395 0.220686 0.527308 0.221211 0.525254 0.220911 0.523154 0.219507 0.519128 0.216314 0.513739 0.211304 0.509982 0.208154 0.508930 0.206099 0.508404 0.205426 0.508423 0.205046 0.508434 0.198842 0.509321 0.193450 0.512515 0.189690 0.517529
0 0.942114 0.179222 0.942739 0.181249 0.944092 0.182882 0.945427 0.183666 0.948035 0.185136 0.953572 0.188063 0.959808 0.188648 0.962402 0.188344 0.964429 0.187719 0.966094 0.186599 0.970920 0.182602 0.973849 0.177061 0.974435 0.170821 0.972587 0.164833 0.968590 0.160006 0.963049 0.157078 0.956809 0.156492 0.950820 0.158339 0.949210 0.159560 0.947577 0.160913 0.945706 0.162555 0.942779 0.168092 0.942194 0.174328
0 0.561719 0.225333 0.563734 0.231332 0.567861 0.236088 0.573467 0.238881 0.579703 0.239286 0.585619 0.237244 0.590318 0.233065 0.590480 0.232855 0.590770 0.232479 0.591713 0.230543 0.593169 0.227274 0.593583 0.220946 0.591576 0.214940 0.589220 0.211248 0.587815 0.209623 0.585903 0.208668 0.581838 0.207366 0.575589 0.206955 0.569658 0.209002 0.566851 0.211227 0.565248 0.212655 0.564887 0.213312 0.562123 0.219005
0 0.499356 0.575903 0.501285 0.581865 0.505349 0.586636 0.510930 0.589489 0.517177 0.589987 0.523140 0.588059 0.527910 0.583994 0.530763 0.578414 0.531262 0.572167 0.529333 0.566204 0.529314 0.566161 0.525253 0.561393 0.519676 0.558543 0.515507 0.558043 0.513393 0.557874 0.511376 0.558527 0.507474 0.559972 0.502706 0.564034 0.499855 0.569610 0.499527 0.573517 0.499359 0.575631 0.499357 0.575805
0 0.382299 0.848169 0.382594 0.851447 0.384493 0.857485 0.388515 0.862355 0.391564 0.865234 0.393449 0.866242 0.395561 0.866446 0.400250 0.865912 0.406178 0.864053 0.410927 0.860019 0.411047 0.859819 0.413888 0.854230 0.414394 0.847936 0.412485 0.841897 0.408456 0.837034 0.402922 0.834086 0.396727 0.833500 0.390812 0.835364 0.386077 0.839391 0.385941 0.839577 0.383439 0.844126 0.382473 0.846028
0 0.427539 0.630354 0.427628 0.632493 0.428251 0.636470 0.430880 0.642174 0.435475 0.646434 0.438932 0.648081 0.440930 0.648818 0.443056 0.648728 0.447583 0.648334 0.453249 0.645682 0.453331 0.645635 0.457554 0.641001 0.459692 0.635090 0.459422 0.628805 0.456784 0.623105 0.452184 0.618856 0.446322 0.616705 0.440093 0.616975 0.440002 0.617003 0.434346 0.619655 0.430128 0.624284 0.428268 0.628343
0 0.573529 0.815803 0.574831 0.822003 0.578384 0.827267 0.581832 0.830387 0.583626 0.831588 0.585729 0.832013 0.589827 0.832039 0.595975 0.830816 0.601157 0.827309 0.603451 0.824614 0.604617 0.822823 0.605007 0.820709 0.605723 0.815846 0.605714 0.815681 0.604403 0.809478 0.600841 0.804220 0.595573 0.800707 0.589402 0.799471 0.583267 0.800699 0.578099 0.804202 0.574685 0.809447 0.573540 0.815638
0 0.726856 0.645071 0.729150 0.650962 0.733514 0.655557 0.739283 0.658156 0.739412 0.658192 0.745713 0.658396 0.751579 0.656170 0.755210 0.653471 0.756754 0.652002 0.757611 0.650045 0.758631 0.646113 0.758743 0.639815 0.756437 0.633924 0.754180 0.630977 0.752692 0.629415 0.750726 0.628532 0.746296 0.626746 0.746163 0.626730 0.739876 0.626531 0.734024 0.628751 0.729495 0.633052 0.726977 0.638782
0 0.751439 0.256114 0.753635 0.261918 0.757911 0.266488 0.763614 0.269128 0.769877 0.269433 0.775742 0.267357 0.780315 0.263216 0.781340 0.261974 0.782221 0.260075 0.783086 0.257419 0.783291 0.251262 0.781085 0.245462 0.779092 0.241371 0.777635 0.239817 0.775693 0.238920 0.771106 0.238266 0.764850 0.237961 0.758989 0.240032 0.756736 0.241684 0.755177 0.243091 0.754247 0.244400 0.751654 0.249962
0 0.648727 0.607780 0.649724 0.613938 0.649760 0.614048 0.653060 0.619372 0.658161 0.623047 0.662410 0.624551 0.664497 0.625051 0.666616 0.624723 0.670511 0.623553 0.675883 0.620302 0.679585 0.615258 0.680810 0.611746 0.681309 0.609677 0.680970 0.607575 0.680055 0.603013 0.679999 0.602910 0.676696 0.597581 0.671588 0.593905 0.665455 0.592444 0.659233 0.593416 0.653871 0.596674 0.650182 0.601718
0 0.440255 0.513053 0.440431 0.519321 0.442993 0.525040 0.447548 0.529340 0.447585 0.529357 0.453442 0.531584 0.459704 0.531397 0.463692 0.529778 0.465638 0.528903 0.467102 0.527350 0.469716 0.524269 0.471946 0.518414 0.471770 0.512154 0.470316 0.508395 0.469445 0.506448 0.467897 0.504983 0.464667 0.502135 0.458818 0.499901 0.452555 0.500077 0.452515 0.500079 0.446797 0.502639 0.442491 0.507195
0 0.220300 0.532980 0.222590 0.538814 0.226937 0.543329 0.232681 0.545834 0.238947 0.545953 0.239115 0.545923 0.244946 0.543635 0.249457 0.539290 0.251840 0.535395 0.252688 0.533451 0.252728 0.531331 0.252079 0.527288 0.249792 0.521457 0.245446 0.516946 0.242412 0.515247 0.240468 0.514399 0.238348 0.514360 0.233444 0.514324 0.233272 0.514333 0.227438 0.516623 0.222924 0.520970 0.220418 0.526714
0 0.594460 0.223224 0.596208 0.228640 0.600129 0.233153 0.605627 0.236069 0.611859 0.236936 0.617867 0.235622 0.622728 0.232331 0.625702 0.227573 0.625819 0.227120 0.626458 0.221623 0.624675 0.216228 0.622601 0.211172 0.621264 0.209649 0.619399 0.208666 0.617851 0.208344 0.609081 0.208004 0.601900 0.208907 0.600357 0.209339 0.598701 0.210447 0.597679 0.212055 0.595242 0.217278 0.595144 0.217736
0 0.903504 0.960122 0.904113 0.966512 0.907068 0.972239 0.907324 0.972473 0.911714 0.976319 0.913368 0.977748 0.915417 0.978435 0.918194 0.978684 0.924450 0.978214 0.929994 0.975329 0.932527 0.973972 0.933874 0.973188 0.935231 0.971533 0.935851 0.969458 0.935798 0.964381 0.935178 0.957988 0.932215 0.952265 0.930245 0.950502 0.928592 0.949078 0.927630 0.948300 0.927360 0.948082 0.927091 0.947865 0.921089 0.945856 0.914848 0.946325 0.909315 0.949199 0.905332 0.954044
0 0.846981 0.050195 0.848195 0.056292 0.851626 0.061540 0.856750 0.065138 0.862785 0.066537 0.868810 0.065525 0.873908 0.062260 0.874207 0.061940 0.877827 0.057149 0.878983 0.055439 0.879385 0.053390 0.879143 0.051769 0.877566 0.044812 0.873057 0.036915 0.872119 0.035658 0.870376 0.034433 0.868323 0.033954 0.862993 0.034566 0.856966 0.035567 0.851859 0.038825 0.851574 0.039160 0.848168 0.044179
0 0.369665 0.774282 0.372082 0.783629 0.372658 0.784980 0.373989 0.786636 0.375779 0.787767 0.377179 0.788179 0.386628 0.789415 0.392019 0.788580 0.393495 0.788244 0.394978 0.787196 0.396485 0.785368 0.396814 0.784968 0.399343 0.780244 0.399652 0.774589 0.397689 0.768868 0.393748 0.763965 0.388440 0.760633 0.382581 0.759385 0.377074 0.760403 0.372757 0.763524 0.372070 0.764297 0.370844 0.765677 0.370000 0.767292 0.369854 0.768812
0 0.503355 0.093736 0.503998 0.098998 0.504334 0.101092 0.505445 0.102898 0.507628 0.105254 0.512702 0.108926 0.518795 0.110377 0.522812 0.110865 0.524906 0.110529 0.526712 0.109418 0.530314 0.106103 0.533985 0.101029 0.535436 0.094936 0.535459 0.094675 0.534467 0.088487 0.531183 0.083149 0.526105 0.079476 0.520008 0.078023 0.513821 0.079016 0.508483 0.082300 0.504809 0.087377 0.503357 0.093474
0 0.224937 0.416593 0.225285 0.422868 0.226422 0.426704 0.227352 0.428642 0.228951 0.430088 0.232710 0.432805 0.238654 0.434959 0.244944 0.434695 0.245078 0.434673 0.250753 0.432034 0.254957 0.427421 0.257050 0.421534 0.256714 0.415267 0.253995 0.409574 0.249307 0.405321 0.243362 0.403159 0.243227 0.403161 0.236927 0.403421 0.232521 0.405181 0.230583 0.406082 0.229149 0.407658 0.227028 0.410692
0 0.101806 0.286382 0.101919 0.288500 0.103606 0.293332 0.106250 0.298905 0.110805 0.302981 0.111122 0.303131 0.116895 0.305087 0.123010 0.304629 0.128535 0.301820 0.132627 0.297090 0.134660 0.291159 0.134326 0.284933 0.131674 0.279361 0.127112 0.275292 0.126805 0.275124 0.121574 0.273069 0.119606 0.272406 0.117523 0.272565 0.114911 0.273646 0.109392 0.276459 0.103464 0.283127 0.102498 0.284364
0 0.917776 0.435579 0.918424 0.441489 0.918929 0.442244 0.923619 0.441745 0.925054 0.441548 0.930811 0.440024 0.932240 0.439426 0.934156 0.438418 0.936264 0.437156 0.938240 0.435833 0.939780 0.434653 0.940648 0.433797 0.944757 0.429068 0.947117 0.425319 0.947263 0.424283 0.946756 0.423524 0.940301 0.421274 0.938616 0.422094 0.935375 0.423697 0.921346 0.432608 0.918755 0.434708
0 0.388040 0.761650 0.389770 0.767674 0.393673 0.772576 0.399156 0.775613 0.405383 0.776319 0.411407 0.774589 0.416309 0.770686 0.419346 0.765203 0.419398 0.765032 0.420105 0.758809 0.418375 0.752789 0.416045 0.748822 0.414724 0.747163 0.412869 0.746136 0.408995 0.744855 0.402772 0.744149 0.396752 0.745878 0.393828 0.747726 0.392169 0.749047 0.391142 0.750903 0.388818 0.755258 0.388746 0.755423
0 0.347208 0.091732 0.347306 0.091996 0.349505 0.097860 0.352762 0.102052 0.354210 0.103601 0.356140 0.104479 0.359483 0.105029 0.365743 0.105241 0.371607 0.103043 0.374996 0.101390 0.376546 0.099942 0.377423 0.098011 0.378775 0.093065 0.378988 0.086806 0.378910 0.086539 0.376710 0.080671 0.372431 0.076092 0.366726 0.073498 0.360462 0.073285 0.354594 0.075485 0.350015 0.079764 0.347421 0.085469
0 0.084446 0.354175 0.084936 0.360367 0.085320 0.363378 0.086273 0.365244 0.087866 0.366581 0.092414 0.369770 0.092730 0.369899 0.098580 0.371675 0.104710 0.371032 0.110186 0.368064 0.114173 0.363225 0.116060 0.357252 0.115563 0.351057 0.112756 0.345586 0.108072 0.341670 0.107766 0.341523 0.101914 0.339755 0.095787 0.340407 0.090729 0.341700 0.088867 0.342711 0.087510 0.344357 0.086959 0.345840
0 0.910682 0.759206 0.911062 0.762296 0.911821 0.762796 0.913683 0.763982 0.922151 0.763780 0.922769 0.763433 0.924074 0.762442 0.925426 0.760926 0.926486 0.759688 0.934317 0.745737 0.934775 0.744273 0.935140 0.742733 0.934975 0.741699 0.931185 0.737411 0.930423 0.736909 0.928486 0.735845 0.925391 0.736874 0.922489 0.738902 0.919657 0.741112 0.916732 0.744426 0.916106 0.745297 0.914809 0.747266 0.914149 0.748348 0.912291 0.752295 0.911439 0.755677
