0 0.615805 0.342104 0.617728 0.348042 0.621794 0.352779 0.627387 0.355591 0.633656 0.356052 0.639649 0.354087 0.644451 0.349995 0.647328 0.344397 0.647377 0.344185 0.647464 0.343807 0.647639 0.341677 0.647866 0.338038 0.645934 0.332088 0.641855 0.327348 0.638238 0.324954 0.636329 0.323998 0.634192 0.323845 0.629975 0.324090 0.623985 0.326064 0.619192 0.330161 0.617320 0.333341 0.616343 0.335247 0.616168 0.337373 0.615809 0.341997
0 0.554171 0.164102 0.554178 0.166222 0.554350 0.169378 0.556766 0.175156 0.561210 0.179570 0.564847 0.182074 0.566809 0.182879 0.568929 0.182872 0.573268 0.181926 0.579046 0.179510 0.583460 0.175066 0.584781 0.172203 0.585586 0.170241 0.585782 0.169485 0.585837 0.169272 0.585892 0.169059 0.585872 0.162792 0.583454 0.157010 0.579008 0.152593 0.573209 0.150214 0.566943 0.150235 0.561161 0.152653 0.556744 0.157099 0.554365 0.162897
0 0.958297 0.842891 0.958671 0.844144 0.959003 0.844469 0.963306 0.847964 0.965401 0.849535 0.966262 0.849838 0.969024 0.849010 0.972030 0.845879 0.973627 0.843606 0.975709 0.839891 0.977293 0.835385 0.978132 0.830789 0.978098 0.826820 0.978005 0.823455 0.976812 0.819820 0.974666 0.818382 0.973809 0.818080 0.965717 0.819454 0.965218 0.819758 0.964221 0.820833 0.963301 0.822497 0.962587 0.823924 0.958401 0.839506 0.958303 0.841103
0 0.413580 0.447231 0.413600 0.447326 0.415093 0.453386 0.418809 0.458418 0.424179 0.461655 0.430384 0.462601 0.436478 0.461114 0.441530 0.457421 0.444774 0.452088 0.445716 0.445927 0.445718 0.445832 0.444217 0.439777 0.441758 0.435996 0.440493 0.434285 0.438666 0.433184 0.435138 0.431519 0.428939 0.430570 0.422847 0.432049 0.419437 0.434013 0.417714 0.435269 0.416605 0.437084 0.414534 0.441064
0 0.686688 0.372821 0.687058 0.379073 0.688312 0.383137 0.689238 0.385044 0.690824 0.386452 0.694477 0.388865 0.700396 0.390915 0.706648 0.390544 0.709752 0.389063 0.711660 0.388136 0.712282 0.387808 0.712419 0.387735 0.716580 0.383049 0.718631 0.377127 0.718260 0.370871 0.715522 0.365233 0.710836 0.361072 0.704914 0.359021 0.698658 0.359392 0.693020 0.362130 0.692331 0.362622 0.690922 0.364208 0.688737 0.366902
0 0.222278 0.447085 0.222291 0.449220 0.223114 0.451199 0.225646 0.454883 0.230071 0.459353 0.235834 0.461806 0.239054 0.462029 0.241174 0.462050 0.241865 0.461907 0.242252 0.461826 0.247991 0.459489 0.252373 0.455106 0.254733 0.449342 0.254706 0.443075 0.252297 0.437259 0.247870 0.432782 0.242101 0.430327 0.235870 0.430270 0.234768 0.430381 0.232810 0.431181 0.229926 0.432638 0.225545 0.437034 0.223194 0.442806
0 0.443186 0.943595 0.444489 0.949608 0.446492 0.954579 0.447698 0.956319 0.449483 0.957488 0.451028 0.957879 0.459414 0.959380 0.467096 0.957979 0.468664 0.957607 0.470420 0.956459 0.471582 0.954732 0.474098 0.949784 0.475244 0.943780 0.475299 0.943436 0.474004 0.937418 0.470463 0.932302 0.465217 0.928867 0.459066 0.927638 0.452948 0.928802 0.447798 0.932180 0.444397 0.937254 0.444322 0.937593
0 0.800427 0.931991 0.801441 0.938229 0.801566 0.938495 0.804349 0.943314 0.805486 0.945170 0.807241 0.946471 0.810056 0.947762 0.816243 0.949376 0.822522 0.948533 0.826743 0.947676 0.828587 0.946596 0.829855 0.944887 0.831658 0.940342 0.833121 0.934240 0.832100 0.927988 0.831955 0.927729 0.828609 0.922284 0.823450 0.918471 0.817265 0.916870 0.810996 0.917721 0.805596 0.920894 0.801885 0.925904
0 0.184441 0.736836 0.184943 0.738923 0.186795 0.742589 0.190498 0.747644 0.195866 0.750850 0.199131 0.751845 0.201247 0.752141 0.203329 0.751596 0.208190 0.750119 0.208368 0.750028 0.213442 0.746204 0.216709 0.740742 0.217672 0.734474 0.216190 0.728355 0.212488 0.723315 0.207130 0.720119 0.200932 0.719252 0.194834 0.720845 0.194647 0.720917 0.189572 0.724731 0.186296 0.730189 0.184773 0.734699
0 0.371219 0.473785 0.371232 0.480052 0.373642 0.485837 0.378083 0.490260 0.383878 0.492646 0.383953 0.492651 0.388417 0.492664 0.390538 0.492659 0.392495 0.491844 0.395997 0.490230 0.400417 0.485792 0.402802 0.480000 0.403078 0.475935 0.403073 0.473814 0.402258 0.471857 0.400380 0.467956 0.395942 0.463536 0.390151 0.461151 0.390080 0.461126 0.383813 0.461140 0.378028 0.463549 0.373606 0.467990
0 0.728029 0.560747 0.728572 0.566993 0.731426 0.572547 0.736154 0.576562 0.742035 0.578426 0.742261 0.578471 0.748401 0.577902 0.753069 0.576173 0.754929 0.575181 0.756275 0.573541 0.757815 0.570176 0.759660 0.564195 0.759118 0.557955 0.758314 0.554421 0.757344 0.552531 0.755736 0.551162 0.751550 0.548386 0.745672 0.546513 0.745444 0.546489 0.739307 0.547046 0.733841 0.549951 0.729880 0.554761
0 0.276184 0.720918 0.277265 0.727014 0.280616 0.732273 0.283284 0.735669 0.285025 0.736903 0.287101 0.737393 0.291823 0.737335 0.297977 0.736371 0.303253 0.733148 0.304983 0.730840 0.306208 0.729139 0.306709 0.728371 0.306990 0.727940 0.308358 0.721940 0.307287 0.715843 0.303940 0.710576 0.298825 0.706946 0.292723 0.705506 0.286565 0.706476 0.281289 0.709707 0.281132 0.709911 0.278036 0.714155 0.276814 0.715858 0.276351 0.717904
0 0.476547 0.789145 0.477111 0.794202 0.477571 0.796271 0.478791 0.798021 0.481481 0.800357 0.486749 0.803777 0.492903 0.804961 0.496661 0.805223 0.498740 0.804802 0.500486 0.803622 0.504134 0.800257 0.507501 0.795082 0.507554 0.794851 0.508647 0.788760 0.507297 0.782679 0.503712 0.777536 0.498437 0.774116 0.492278 0.772939 0.486175 0.774185 0.481058 0.777660 0.477704 0.782834 0.477631 0.783056
0 0.328939 0.213590 0.329330 0.219845 0.332087 0.225473 0.332303 0.225827 0.332687 0.226454 0.334277 0.227857 0.336892 0.229794 0.342817 0.231824 0.349068 0.231432 0.353214 0.230405 0.355118 0.229473 0.356521 0.227882 0.358836 0.223981 0.360866 0.218056 0.360474 0.211805 0.360384 0.211619 0.357628 0.205991 0.352928 0.201845 0.346999 0.199814 0.340744 0.200205 0.335116 0.202962 0.330970 0.207661
0 0.203264 0.340858 0.204809 0.346932 0.208559 0.351952 0.213947 0.355155 0.214131 0.355249 0.220330 0.356146 0.225146 0.355551 0.227201 0.355028 0.228900 0.353759 0.231417 0.350854 0.234618 0.345470 0.235515 0.339272 0.235273 0.335746 0.234751 0.333691 0.233481 0.331992 0.230223 0.328184 0.230049 0.328073 0.224662 0.324871 0.218459 0.323973 0.212386 0.325518 0.207365 0.329268 0.204162 0.334655
0 0.946828 0.539218 0.947220 0.545446 0.949926 0.550992 0.954531 0.555014 0.960332 0.556899 0.960682 0.556981 0.966801 0.556446 0.972062 0.554915 0.973936 0.553936 0.975316 0.552310 0.975900 0.550815 0.978340 0.542842 0.977997 0.534854 0.977819 0.533257 0.976900 0.531366 0.975334 0.529993 0.970658 0.527034 0.964852 0.525136 0.964499 0.525075 0.958376 0.525603 0.952866 0.528477 0.948810 0.533258
0 0.414740 0.326766 0.414930 0.327414 0.415037 0.327777 0.417286 0.333543 0.421605 0.338013 0.427335 0.340505 0.433604 0.340635 0.439453 0.338387 0.443992 0.334103 0.446528 0.328437 0.446678 0.322254 0.446645 0.322069 0.446494 0.321224 0.445724 0.319261 0.444386 0.316307 0.440065 0.311844 0.434338 0.309359 0.430003 0.308391 0.427871 0.308347 0.425880 0.309110 0.422231 0.311471 0.417690 0.315747 0.415144 0.321409 0.414794 0.324659
0 0.735234 0.094650 0.737431 0.100597 0.741703 0.105202 0.747401 0.107766 0.753658 0.107900 0.759525 0.105583 0.764110 0.101168 0.764278 0.100982 0.766885 0.095133 0.767112 0.088742 0.766440 0.083908 0.765694 0.081878 0.764238 0.080305 0.760647 0.078164 0.754938 0.075590 0.748665 0.075456 0.745497 0.076070 0.743495 0.076862 0.741932 0.078371 0.738199 0.082212 0.738047 0.082410 0.735450 0.088263
0 0.806552 0.351914 0.806647 0.355536 0.807871 0.361678 0.811354 0.366884 0.813872 0.369564 0.815635 0.370741 0.817715 0.371154 0.822706 0.371581 0.828848 0.370356 0.829060 0.370273 0.834270 0.366789 0.837749 0.361576 0.838970 0.355430 0.837744 0.349283 0.834260 0.344073 0.829048 0.340594 0.822901 0.339374 0.816755 0.340599 0.816550 0.340701 0.811344 0.344183 0.808142 0.348070 0.806965 0.349834
0 0.201896 0.479467 0.203323 0.485570 0.206977 0.490661 0.212302 0.493967 0.218486 0.494983 0.218849 0.494990 0.219491 0.495001 0.221556 0.494518 0.224766 0.493560 0.229854 0.489908 0.233158 0.484587 0.234608 0.480563 0.234952 0.478471 0.234469 0.476406 0.232747 0.472309 0.229095 0.467221 0.223774 0.463917 0.220514 0.463354 0.218421 0.463010 0.217594 0.462901 0.217412 0.462878 0.211309 0.464304 0.206218 0.467959 0.202912 0.473283
0 0.759481 0.410389 0.761833 0.416181 0.766252 0.420656 0.772066 0.423132 0.778392 0.423229 0.784264 0.420931 0.784398 0.420829 0.788008 0.417484 0.789549 0.416004 0.790395 0.414052 0.791405 0.410753 0.791468 0.404514 0.789104 0.398719 0.786796 0.395227 0.785288 0.393705 0.783305 0.392865 0.778856 0.391782 0.772533 0.391692 0.766669 0.393993 0.764238 0.396323 0.762700 0.397801 0.762273 0.398215 0.762033 0.398448 0.759552 0.404163
0 0.578546 0.114825 0.578933 0.116910 0.579920 0.119851 0.583332 0.125103 0.588494 0.128650 0.592269 0.130594 0.594344 0.131034 0.596429 0.130647 0.600779 0.128808 0.606031 0.125395 0.609577 0.120233 0.609648 0.119988 0.610949 0.113857 0.609806 0.107696 0.606391 0.102440 0.601226 0.098891 0.595095 0.097590 0.588933 0.098733 0.583678 0.102148 0.580129 0.107313 0.578828 0.113444 0.578777 0.113693
0 0.122685 0.210916 0.124656 0.216866 0.128753 0.221608 0.130079 0.222602 0.131974 0.223555 0.134589 0.224599 0.140835 0.225056 0.146781 0.223086 0.150936 0.221201 0.152541 0.219814 0.153493 0.217920 0.154332 0.213395 0.154788 0.207148 0.152819 0.201203 0.151139 0.198958 0.149753 0.197353 0.148724 0.196464 0.148497 0.196268 0.142897 0.193454 0.136647 0.192998 0.130697 0.194969 0.125955 0.199066 0.123141 0.204666
0 0.728512 0.143016 0.729407 0.149215 0.730841 0.153787 0.731925 0.155610 0.733623 0.156880 0.737622 0.158349 0.743691 0.159895 0.749890 0.159000 0.752704 0.157892 0.754527 0.156808 0.755797 0.155110 0.759025 0.150785 0.759192 0.150559 0.760738 0.144486 0.759843 0.138283 0.756642 0.132895 0.751623 0.129142 0.745549 0.127596 0.739346 0.128491 0.733959 0.131693 0.730205 0.136712 0.730057 0.136946
0 0.824739 0.156015 0.824778 0.158373 0.825024 0.160333 0.825995 0.164860 0.826827 0.167395 0.828441 0.171233 0.829847 0.172277 0.830755 0.172263 0.837126 0.168575 0.837310 0.168199 0.837777 0.166900 0.838448 0.163369 0.838952 0.146568 0.838487 0.143166 0.838092 0.142026 0.837926 0.141786 0.831721 0.138968 0.830808 0.138983 0.829320 0.140606 0.827481 0.144400 0.826492 0.147309 0.825272 0.151530 0.824912 0.153614
0 0.929440 0.085146 0.931705 0.090887 0.936073 0.095352 0.941880 0.097861 0.948243 0.098028 0.954191 0.095829 0.958817 0.091596 0.959065 0.091281 0.961663 0.085657 0.962918 0.080125 0.962976 0.078029 0.962200 0.076073 0.961142 0.074866 0.955179 0.069300 0.947787 0.065745 0.946258 0.065184 0.944092 0.065130 0.942068 0.065879 0.937067 0.068841 0.932447 0.073070 0.932217 0.073396 0.929620 0.079005
0 0.943067 0.883588 0.943174 0.885706 0.944084 0.887621 0.947163 0.892496 0.951810 0.896695 0.952102 0.896951 0.958006 0.899053 0.964265 0.898735 0.969926 0.896047 0.974127 0.891396 0.976229 0.885491 0.975911 0.879232 0.973223 0.873571 0.968572 0.869370 0.968270 0.869132 0.962370 0.867031 0.956897 0.866165 0.954779 0.866273 0.952863 0.867183 0.951738 0.868304 0.946258 0.874683 0.943534 0.882043
0 0.815504 0.529133 0.817203 0.535149 0.821029 0.540031 0.826398 0.543035 0.826678 0.543071 0.827959 0.543233 0.830036 0.543462 0.832774 0.543743 0.838666 0.541980 0.843459 0.538053 0.846751 0.534561 0.847761 0.532690 0.847995 0.530570 0.847112 0.526334 0.845420 0.520323 0.841602 0.515439 0.839374 0.513525 0.837546 0.512498 0.835471 0.512266 0.830143 0.511743 0.829861 0.511728 0.823966 0.513481 0.819165 0.517405 0.816194 0.522902
0 0.477516 0.045022 0.479859 0.050971 0.484244 0.055569 0.490004 0.058115 0.496261 0.058227 0.502065 0.055885 0.506537 0.051449 0.508993 0.045588 0.509026 0.045362 0.509094 0.038964 0.507695 0.033962 0.506899 0.031932 0.505407 0.030362 0.502376 0.028395 0.496609 0.025837 0.490337 0.025721 0.486575 0.026179 0.484593 0.026978 0.483068 0.028494 0.480041 0.032518 0.477586 0.038392 0.477575 0.038624
0 0.436576 0.652847 0.437991 0.658952 0.441633 0.664052 0.446951 0.667369 0.453133 0.668399 0.459238 0.666985 0.464338 0.663342 0.467655 0.658025 0.467676 0.657923 0.468705 0.651745 0.467866 0.647283 0.467387 0.645217 0.466155 0.643491 0.463651 0.640547 0.458337 0.637232 0.452159 0.636202 0.448282 0.636734 0.446216 0.637213 0.444490 0.638446 0.440961 0.641256 0.437646 0.646570 0.437606 0.646665
0 0.220197 0.047876 0.222069 0.053857 0.222248 0.054145 0.225706 0.058615 0.227066 0.060242 0.228945 0.061225 0.231814 0.061854 0.238052 0.062413 0.244029 0.060541 0.246470 0.059719 0.247943 0.059184 0.249570 0.057824 0.250554 0.055945 0.251738 0.050975 0.252297 0.044737 0.250426 0.038760 0.250265 0.038462 0.246246 0.033654 0.240693 0.030748 0.234451 0.030190 0.228469 0.032062 0.223661 0.036081 0.220755 0.041634
0 0.821050 0.242532 0.822678 0.248576 0.826530 0.253506 0.832024 0.256572 0.838325 0.257308 0.844474 0.255599 0.849536 0.251704 0.849693 0.251562 0.852897 0.246068 0.853748 0.239814 0.853397 0.235120 0.852841 0.233057 0.851524 0.231374 0.848252 0.228818 0.842743 0.225753 0.836433 0.225025 0.833036 0.225441 0.830942 0.226027 0.829220 0.227357 0.825226 0.230650 0.825085 0.230805 0.821895 0.236293
0 0.905593 0.834032 0.907371 0.840102 0.911266 0.845015 0.911586 0.845194 0.917007 0.848203 0.922538 0.849452 0.924620 0.849671 0.926623 0.849051 0.927903 0.848074 0.933749 0.843024 0.937916 0.835523 0.938575 0.834069 0.938780 0.831925 0.938173 0.829860 0.935463 0.825089 0.931573 0.820181 0.926163 0.817173 0.925833 0.817013 0.919729 0.816364 0.913855 0.818171 0.909105 0.822162 0.906202 0.827732
0 0.867100 0.760722 0.868403 0.766751 0.871974 0.771818 0.872175 0.772052 0.877474 0.775391 0.883696 0.776491 0.888755 0.776709 0.890866 0.776264 0.892648 0.775066 0.893577 0.773800 0.895125 0.771667 0.898595 0.766473 0.899772 0.760392 0.899916 0.757429 0.899474 0.755371 0.898257 0.753641 0.894899 0.749269 0.894683 0.749049 0.889377 0.745707 0.883150 0.744610 0.876951 0.745926 0.871724 0.749451 0.868266 0.754647
0 0.467073 0.903303 0.468881 0.909244 0.472836 0.914100 0.476153 0.917527 0.478028 0.918560 0.480145 0.918815 0.484558 0.917879 0.490543 0.916227 0.495386 0.912424 0.497083 0.910280 0.498091 0.908449 0.498346 0.907048 0.498401 0.906741 0.499028 0.900614 0.497223 0.894666 0.493262 0.889805 0.487750 0.886774 0.481529 0.886033 0.475546 0.887696 0.470714 0.891504 0.467767 0.896879 0.467691 0.897178 0.467347 0.898549 0.467136 0.900635
0 0.522210 0.483342 0.524236 0.489268 0.526891 0.492395 0.528293 0.493986 0.530197 0.494920 0.533999 0.496727 0.540249 0.497124 0.540275 0.497121 0.546206 0.495095 0.550909 0.490952 0.553669 0.485326 0.554066 0.479072 0.552039 0.473141 0.547897 0.468438 0.542271 0.465678 0.536016 0.465281 0.530085 0.467308 0.525383 0.471450 0.525366 0.471469 0.525292 0.471552 0.524358 0.473456 0.522607 0.477091
0 0.933292 0.778884 0.935518 0.784578 0.939767 0.788909 0.940099 0.789145 0.945725 0.791456 0.951331 0.792500 0.953424 0.792479 0.955375 0.791655 0.956580 0.790586 0.962041 0.784560 0.965659 0.777283 0.966212 0.775774 0.966261 0.773667 0.965507 0.771727 0.962453 0.766939 0.958209 0.762598 0.957865 0.762380 0.952242 0.760059 0.946095 0.760112 0.940359 0.762532 0.935911 0.766951 0.933429 0.772694
0 0.944562 0.623042 0.945213 0.625060 0.947792 0.629364 0.951850 0.634134 0.957426 0.636988 0.957721 0.637076 0.963968 0.637579 0.969932 0.635655 0.974705 0.631593 0.977561 0.626014 0.978064 0.619768 0.976139 0.613804 0.972078 0.609030 0.966499 0.606174 0.966198 0.606106 0.960722 0.605464 0.958608 0.605294 0.956590 0.605945 0.953995 0.607527 0.949225 0.611586 0.946371 0.617161 0.944732 0.620928
0 0.240542 0.728057 0.240858 0.734338 0.241546 0.738692 0.242448 0.740632 0.244007 0.742077 0.248083 0.744277 0.253897 0.746421 0.260063 0.746136 0.262746 0.744983 0.264646 0.744073 0.265639 0.743464 0.265857 0.743330 0.269992 0.738681 0.272057 0.732761 0.271736 0.726473 0.269080 0.720778 0.264495 0.716542 0.258681 0.714411 0.252525 0.714705 0.246962 0.717379 0.246732 0.717495 0.245685 0.718028 0.244279 0.719610 0.242604 0.722142
0 0.435494 0.553152 0.435573 0.556815 0.437607 0.562721 0.441748 0.567415 0.445155 0.569736 0.447068 0.570679 0.449193 0.570825 0.453605 0.570611 0.459521 0.568628 0.464213 0.564533 0.464267 0.564429 0.467017 0.558849 0.467409 0.552630 0.465380 0.546719 0.461239 0.542017 0.455616 0.539244 0.449370 0.538821 0.443453 0.540814 0.438768 0.544915 0.438697 0.545007 0.436558 0.549130 0.435624 0.551033
