0 0.344548 0.516754 0.345081 0.518823 0.346251 0.522734 0.350036 0.527746 0.355459 0.530933 0.359483 0.531651 0.361606 0.531949 0.363684 0.531417 0.367792 0.530247 0.372825 0.526483 0.376029 0.521092 0.376039 0.521068 0.376929 0.514873 0.375371 0.508811 0.371600 0.503803 0.366189 0.500612 0.359959 0.499725 0.353859 0.501277 0.353835 0.501288 0.348791 0.505051 0.345577 0.510449 0.344852 0.514639
0 0.478167 0.277137 0.478208 0.283433 0.480642 0.289254 0.485094 0.293713 0.490886 0.296132 0.497134 0.296146 0.502887 0.293753 0.507274 0.289320 0.507344 0.289212 0.509699 0.283408 0.509661 0.277118 0.508381 0.272729 0.507555 0.270747 0.506041 0.269225 0.502791 0.266831 0.496999 0.264400 0.490743 0.264376 0.487195 0.265387 0.485230 0.266201 0.483732 0.267713 0.480577 0.271206 0.480524 0.271326
0 0.771485 0.372313 0.773880 0.378100 0.775993 0.381374 0.777492 0.382874 0.779451 0.383686 0.784093 0.384929 0.790356 0.384931 0.790543 0.384857 0.796334 0.382460 0.800767 0.378030 0.803168 0.372241 0.803169 0.365974 0.800773 0.360183 0.796343 0.355750 0.790554 0.353349 0.784287 0.353348 0.778496 0.355744 0.778316 0.355837 0.774584 0.359174 0.773084 0.360674 0.772272 0.362632 0.771487 0.366050
0 0.797502 0.211880 0.797866 0.213969 0.799001 0.215760 0.802095 0.218418 0.807218 0.222021 0.813330 0.223388 0.816475 0.223490 0.818565 0.223126 0.820355 0.221991 0.824790 0.218959 0.824999 0.218777 0.828604 0.213650 0.829973 0.207534 0.828896 0.201361 0.825540 0.196068 0.820413 0.192464 0.814297 0.191094 0.808123 0.192171 0.802831 0.195527 0.802636 0.195723 0.799033 0.200847 0.797665 0.206959
0 0.591339 0.161478 0.592660 0.167600 0.594736 0.171965 0.595943 0.173709 0.597725 0.174858 0.601488 0.176145 0.607650 0.177266 0.613772 0.175944 0.616830 0.174546 0.618574 0.173339 0.619723 0.171557 0.622317 0.167116 0.622396 0.166901 0.623517 0.160735 0.622195 0.154609 0.618628 0.149456 0.613362 0.146060 0.607196 0.144938 0.601069 0.146260 0.595916 0.149827 0.592520 0.155094 0.592460 0.155316
0 0.908553 0.894548 0.909846 0.900734 0.913434 0.906022 0.914530 0.907401 0.916349 0.908624 0.918972 0.909858 0.925254 0.911195 0.931520 0.910076 0.935980 0.908964 0.937783 0.907803 0.938981 0.906040 0.940330 0.901491 0.941530 0.895333 0.940228 0.889133 0.938821 0.886710 0.937595 0.884907 0.936839 0.884073 0.936415 0.883606 0.931068 0.880026 0.924788 0.878700 0.918533 0.879828 0.913253 0.883236 0.909748 0.888404
0 0.230701 0.763271 0.231757 0.769449 0.235096 0.774752 0.240211 0.778373 0.246322 0.779762 0.252500 0.778706 0.257803 0.775367 0.257959 0.775189 0.261578 0.770077 0.262967 0.763970 0.262966 0.759132 0.262608 0.757042 0.261478 0.755247 0.258574 0.752497 0.253462 0.748877 0.247355 0.747489 0.244030 0.747460 0.241940 0.747817 0.240145 0.748947 0.235881 0.751882 0.235711 0.752045 0.232090 0.757160
0 0.271980 0.181509 0.272983 0.187696 0.276278 0.193027 0.276422 0.193225 0.277077 0.194124 0.278797 0.195364 0.281502 0.196888 0.287598 0.198328 0.293780 0.197325 0.297892 0.196044 0.299696 0.194929 0.300937 0.193209 0.302771 0.188952 0.304210 0.182857 0.303208 0.176674 0.303081 0.176466 0.299787 0.171135 0.294703 0.167469 0.288604 0.166029 0.282417 0.167032 0.277086 0.170326 0.273421 0.175410
0 0.312757 0.912733 0.312811 0.915644 0.314000 0.921843 0.317422 0.927154 0.319971 0.930740 0.321720 0.931972 0.323786 0.932439 0.328625 0.932141 0.334704 0.931053 0.339866 0.927671 0.341369 0.925447 0.342547 0.923689 0.343493 0.922252 0.344718 0.916102 0.343523 0.909899 0.340093 0.904588 0.334953 0.900981 0.328886 0.899622 0.322817 0.900719 0.317669 0.904100 0.317482 0.904346 0.314347 0.908885 0.313173 0.910641
0 0.371251 0.195492 0.372342 0.201664 0.372424 0.201856 0.372506 0.202048 0.372798 0.202730 0.373938 0.204518 0.375790 0.207138 0.380921 0.210729 0.387036 0.212083 0.391429 0.212209 0.393517 0.211840 0.395305 0.210700 0.398485 0.207627 0.402077 0.202496 0.403431 0.196381 0.402996 0.193209 0.402627 0.191121 0.402404 0.190413 0.402341 0.190213 0.402278 0.190013 0.398910 0.184728 0.393775 0.181135 0.387656 0.179780 0.381485 0.180870 0.376200 0.184238 0.372607 0.189373
0 0.495358 0.594211 0.495672 0.600485 0.498358 0.606163 0.503007 0.610380 0.508911 0.612489 0.509076 0.612523 0.511209 0.612414 0.515203 0.612178 0.520863 0.609479 0.525059 0.604813 0.526628 0.600896 0.527341 0.598880 0.527230 0.596743 0.526829 0.592620 0.524138 0.586948 0.519490 0.582739 0.515749 0.581283 0.513740 0.580566 0.511611 0.580672 0.507340 0.580945 0.501684 0.583633 0.501659 0.583646 0.497461 0.588298
0 0.857382 0.678836 0.857532 0.685104 0.860014 0.690813 0.864448 0.695090 0.864753 0.695214 0.866148 0.695781 0.868094 0.696529 0.870465 0.697412 0.876582 0.697193 0.882173 0.694595 0.886409 0.692125 0.887844 0.690565 0.888593 0.688566 0.888626 0.687002 0.888586 0.684147 0.888437 0.677886 0.885961 0.672181 0.884486 0.669845 0.882978 0.668387 0.881036 0.667635 0.875830 0.665695 0.875518 0.665590 0.869405 0.665797 0.863810 0.668386 0.859588 0.672965
0 0.840647 0.269027 0.841346 0.275285 0.844398 0.280751 0.849337 0.284595 0.855414 0.286233 0.861707 0.285416 0.861896 0.285334 0.866441 0.282869 0.868333 0.281795 0.869684 0.280089 0.871418 0.277173 0.873191 0.271068 0.872499 0.264797 0.871374 0.260730 0.870333 0.258863 0.868647 0.257551 0.864493 0.255464 0.858400 0.253826 0.852097 0.254652 0.851913 0.254755 0.846364 0.257916 0.842408 0.262928
0 0.215400 0.658605 0.215988 0.664873 0.217056 0.668701 0.218054 0.670585 0.219697 0.671930 0.223741 0.674354 0.229729 0.676121 0.235965 0.675431 0.236142 0.675388 0.241671 0.672351 0.245655 0.667430 0.247486 0.661377 0.246889 0.655114 0.243955 0.649595 0.239134 0.645658 0.233159 0.643901 0.226938 0.644588 0.226754 0.644611 0.222257 0.646723 0.220374 0.647756 0.219016 0.649428 0.217242 0.652554
0 0.681670 0.100908 0.681761 0.103027 0.682472 0.105992 0.685114 0.111671 0.689729 0.115905 0.693048 0.118443 0.695040 0.119170 0.697159 0.119079 0.701871 0.117783 0.707549 0.115140 0.711784 0.110525 0.711920 0.110274 0.714067 0.104386 0.713799 0.098125 0.711154 0.092443 0.706537 0.088206 0.700649 0.086059 0.694388 0.086327 0.688706 0.088972 0.684468 0.093589 0.684349 0.093851 0.682396 0.098916
0 0.336044 0.081730 0.337803 0.087618 0.337970 0.087917 0.341870 0.092621 0.347320 0.095430 0.353492 0.095912 0.359445 0.093994 0.364271 0.089964 0.367233 0.084438 0.367879 0.078259 0.366111 0.072370 0.365963 0.072061 0.362693 0.067534 0.361360 0.065932 0.359501 0.064978 0.356591 0.064556 0.350418 0.064084 0.342013 0.066692 0.340539 0.067250 0.338898 0.068623 0.337890 0.070503 0.336693 0.075558
0 0.642368 0.607910 0.643937 0.613997 0.647719 0.619041 0.647754 0.619082 0.651504 0.621409 0.653353 0.622510 0.655478 0.622826 0.659420 0.623242 0.665527 0.621717 0.670568 0.617972 0.672914 0.614582 0.674006 0.612744 0.674305 0.610626 0.674651 0.606358 0.673072 0.600261 0.669276 0.595216 0.665899 0.593196 0.664049 0.592099 0.663845 0.591993 0.663800 0.591970 0.657565 0.591054 0.651472 0.592584 0.646445 0.596324 0.643249 0.601705
0 0.950843 0.665104 0.951520 0.671246 0.954499 0.676586 0.959320 0.680314 0.959650 0.680491 0.965585 0.682041 0.971728 0.681179 0.976861 0.679908 0.978706 0.678837 0.980025 0.677152 0.980541 0.675667 0.982749 0.667086 0.982080 0.660944 0.981937 0.659752 0.981690 0.658154 0.980679 0.656332 0.979037 0.655058 0.974288 0.651854 0.973948 0.651695 0.968012 0.650136 0.961862 0.650995 0.956439 0.654143 0.952569 0.659098
0 0.881260 0.964592 0.881285 0.967193 0.881872 0.969231 0.883194 0.970889 0.886899 0.975506 0.887148 0.975813 0.892634 0.978844 0.898862 0.979546 0.904883 0.977811 0.909783 0.973903 0.912815 0.968418 0.913517 0.962190 0.911781 0.956168 0.907874 0.951268 0.907611 0.950977 0.902129 0.947947 0.895905 0.947247 0.890783 0.947079 0.888745 0.947666 0.887087 0.948988 0.886267 0.950308 0.881961 0.958367
0 0.844233 0.653306 0.846154 0.659296 0.850250 0.664131 0.850405 0.664230 0.856060 0.667176 0.862411 0.667780 0.867182 0.667031 0.869254 0.666407 0.870917 0.665047 0.873375 0.661955 0.876315 0.656411 0.876862 0.650161 0.876372 0.646599 0.875715 0.644555 0.874315 0.642906 0.870823 0.639320 0.865160 0.636380 0.864995 0.636299 0.858647 0.635707 0.852578 0.637547 0.847709 0.641537 0.844779 0.647071
0 0.844443 0.084542 0.844800 0.090795 0.845583 0.095707 0.846505 0.097617 0.848087 0.099029 0.849531 0.099607 0.852196 0.100604 0.858110 0.102668 0.864363 0.102310 0.867010 0.101682 0.868920 0.100760 0.870242 0.099329 0.874414 0.094652 0.876478 0.088734 0.876122 0.082477 0.873397 0.076834 0.868720 0.072662 0.862803 0.070598 0.856545 0.070955 0.850902 0.073680 0.846730 0.078356 0.846506 0.078628
0 0.114681 0.937910 0.115151 0.944159 0.117976 0.949753 0.122728 0.953840 0.128681 0.955798 0.134931 0.955327 0.140525 0.952503 0.144611 0.947751 0.144841 0.947463 0.146797 0.941513 0.147523 0.936107 0.147363 0.933992 0.146407 0.932099 0.145259 0.931006 0.138756 0.925592 0.131325 0.923138 0.129769 0.922704 0.127655 0.922864 0.125762 0.923819 0.120970 0.926929 0.120725 0.927205 0.116639 0.931956
0 0.895815 0.083796 0.896130 0.089992 0.898858 0.095563 0.903585 0.099661 0.909594 0.101661 0.915971 0.101257 0.921744 0.098508 0.926033 0.093833 0.926241 0.093547 0.928616 0.088336 0.929348 0.086329 0.929239 0.084213 0.928071 0.081443 0.925331 0.075866 0.918787 0.070054 0.917539 0.069081 0.915490 0.068404 0.913317 0.068545 0.908197 0.070192 0.902430 0.072947 0.898149 0.077621 0.897959 0.077917
0 0.351698 0.245380 0.351772 0.247480 0.352239 0.252595 0.352310 0.252821 0.354915 0.258435 0.359511 0.262642 0.365397 0.264800 0.371677 0.264580 0.377390 0.262014 0.381667 0.257498 0.383857 0.251720 0.383630 0.245561 0.383580 0.245331 0.380970 0.239723 0.376375 0.235523 0.372228 0.233017 0.370225 0.232283 0.368089 0.232356 0.364221 0.233584 0.358508 0.236140 0.354224 0.240650 0.352448 0.243411
0 0.791377 0.693846 0.792711 0.699972 0.796241 0.705096 0.801428 0.708435 0.801691 0.708555 0.802893 0.709100 0.804956 0.709457 0.807746 0.709604 0.813744 0.708201 0.818771 0.704563 0.822204 0.701573 0.823325 0.699762 0.823687 0.697655 0.823126 0.693057 0.821793 0.686937 0.818270 0.681816 0.816089 0.680068 0.814325 0.678929 0.813361 0.678572 0.813090 0.678472 0.812820 0.678373 0.806775 0.677315 0.800778 0.678706 0.795745 0.682335 0.792443 0.687652
0 0.944764 0.813433 0.946787 0.819230 0.950947 0.823806 0.951207 0.824078 0.956877 0.826740 0.963192 0.827078 0.968391 0.826983 0.970435 0.826289 0.972061 0.824893 0.972838 0.823546 0.976790 0.815395 0.977225 0.809248 0.977155 0.806601 0.976467 0.804622 0.975049 0.803059 0.971040 0.798848 0.970767 0.798591 0.965091 0.795928 0.958769 0.795592 0.952767 0.797636 0.947998 0.801745 0.945189 0.807293
0 0.709892 0.554426 0.712249 0.560164 0.716645 0.564540 0.716784 0.564652 0.717422 0.565164 0.719387 0.565965 0.722553 0.567005 0.728816 0.566974 0.734622 0.564565 0.738270 0.562148 0.739792 0.560641 0.740625 0.558678 0.741536 0.554378 0.741590 0.548146 0.739239 0.542397 0.737031 0.539937 0.735533 0.538442 0.734689 0.537913 0.728916 0.535553 0.722646 0.535585 0.716836 0.538000 0.712373 0.542430 0.709935 0.548199
0 0.092151 0.074427 0.092515 0.080521 0.095221 0.085938 0.095514 0.086267 0.100149 0.090179 0.106010 0.091992 0.112203 0.091426 0.117784 0.088569 0.121900 0.083855 0.123926 0.078006 0.123551 0.071913 0.120837 0.066504 0.120561 0.066162 0.116224 0.062014 0.114644 0.060685 0.112648 0.060071 0.111013 0.060138 0.103872 0.061022 0.095596 0.064625 0.094245 0.065426 0.092843 0.067029 0.092151 0.069019
0 0.594542 0.056795 0.594552 0.062886 0.596959 0.068527 0.601400 0.072856 0.607197 0.075213 0.613467 0.075236 0.619252 0.072923 0.623671 0.068626 0.626050 0.063004 0.626132 0.062652 0.626490 0.057006 0.626483 0.054931 0.625659 0.053011 0.623694 0.050920 0.619251 0.046598 0.611132 0.043088 0.609644 0.042572 0.607511 0.042564 0.605542 0.043350 0.601413 0.046532 0.596991 0.050820 0.594603 0.056439
0 0.093450 0.532732 0.094003 0.538961 0.094889 0.543061 0.095884 0.544962 0.097535 0.546354 0.101770 0.548629 0.107800 0.550600 0.114098 0.550158 0.114315 0.550063 0.119919 0.547277 0.123985 0.542571 0.125892 0.536658 0.125351 0.530437 0.122439 0.524855 0.117601 0.520760 0.111570 0.518781 0.105266 0.519219 0.105043 0.519294 0.100303 0.521490 0.098390 0.522441 0.097003 0.524048 0.095354 0.526806
0 0.201133 0.037594 0.201151 0.043916 0.203521 0.049713 0.203777 0.049976 0.208137 0.054365 0.213826 0.056683 0.219980 0.056575 0.225665 0.054056 0.230011 0.049507 0.232358 0.043621 0.232344 0.037293 0.229972 0.031489 0.229732 0.031214 0.225742 0.027045 0.224253 0.025548 0.222311 0.024759 0.219657 0.024503 0.213495 0.024621 0.205166 0.028198 0.203780 0.028902 0.202302 0.030453 0.201506 0.032458
0 0.497618 0.830844 0.498702 0.837017 0.502066 0.842304 0.507197 0.845903 0.513315 0.847263 0.519488 0.846179 0.524775 0.842815 0.528374 0.837684 0.529734 0.831566 0.529715 0.831352 0.528631 0.825183 0.526334 0.820751 0.525195 0.818962 0.523459 0.817744 0.520142 0.816303 0.514028 0.814943 0.507859 0.816027 0.504356 0.817315 0.502567 0.818454 0.501350 0.820190 0.498979 0.824517 0.497619 0.830631
0 0.026927 0.637032 0.027457 0.645300 0.030536 0.652728 0.031262 0.654161 0.032783 0.655614 0.034729 0.656355 0.040170 0.657444 0.046270 0.657199 0.046629 0.657121 0.052179 0.654491 0.056335 0.649875 0.058464 0.643977 0.058240 0.637698 0.055698 0.631995 0.051227 0.627739 0.045511 0.625574 0.039419 0.625829 0.039057 0.625886 0.033513 0.628522 0.029092 0.631846 0.027679 0.633418 0.026954 0.635424
0 0.177286 0.261378 0.178021 0.266220 0.179609 0.272233 0.183344 0.277136 0.185615 0.278455 0.187426 0.279492 0.188931 0.280330 0.195018 0.281051 0.200951 0.279339 0.205827 0.275453 0.208899 0.269983 0.209701 0.263764 0.208107 0.257746 0.204363 0.252846 0.204103 0.252677 0.199385 0.249897 0.197572 0.248863 0.195497 0.248621 0.192686 0.248929 0.186755 0.250651 0.181887 0.254542 0.179777 0.256376 0.178602 0.257401 0.177558 0.259262
0 0.849578 0.423462 0.849853 0.425564 0.850912 0.427402 0.854008 0.430772 0.858974 0.434589 0.865023 0.436214 0.868043 0.435866 0.870145 0.435590 0.870993 0.435443 0.871233 0.435401 0.871472 0.435359 0.876902 0.432230 0.880721 0.427261 0.882348 0.421208 0.881534 0.414994 0.878405 0.409564 0.873436 0.405746 0.867383 0.404119 0.861169 0.404933 0.860936 0.404994 0.860704 0.405055 0.859879 0.405272 0.858042 0.406331 0.855510 0.408121 0.851694 0.413087 0.850067 0.419136
0 0.517552 0.564532 0.519523 0.570491 0.523620 0.575245 0.529218 0.578069 0.535462 0.578532 0.535517 0.578520 0.541459 0.576551 0.544859 0.573772 0.546469 0.572376 0.547423 0.570467 0.548987 0.566848 0.549431 0.560594 0.547453 0.554641 0.545024 0.551370 0.543629 0.549754 0.541724 0.548793 0.537765 0.547073 0.531527 0.546606 0.525590 0.548566 0.525542 0.548597 0.520812 0.552684 0.518005 0.558279
0 0.176229 0.640256 0.178204 0.646204 0.182303 0.650944 0.187905 0.653754 0.194156 0.654207 0.200104 0.652233 0.200297 0.652135 0.201175 0.651689 0.202779 0.650302 0.205034 0.648038 0.207843 0.642440 0.208295 0.636193 0.207850 0.631880 0.207182 0.629867 0.205795 0.628263 0.202225 0.625511 0.196627 0.622703 0.190380 0.622251 0.187373 0.623192 0.185360 0.623860 0.184232 0.624304 0.179492 0.628404 0.176682 0.634006
0 0.677021 0.314900 0.677665 0.316921 0.679442 0.320324 0.683483 0.325109 0.689047 0.327985 0.692603 0.328835 0.694716 0.329013 0.696737 0.328369 0.701255 0.326610 0.706041 0.322569 0.706174 0.322454 0.709051 0.316886 0.709577 0.310642 0.707675 0.304670 0.703632 0.299882 0.698064 0.297005 0.691819 0.296478 0.685848 0.298381 0.681059 0.302424 0.680942 0.302552 0.678067 0.308116 0.677199 0.312787
0 0.146141 0.625669 0.147633 0.631756 0.151342 0.636808 0.156701 0.640057 0.162896 0.641007 0.168983 0.639515 0.169196 0.639425 0.174246 0.635719 0.177492 0.630363 0.179062 0.625904 0.179383 0.623808 0.178878 0.621748 0.176950 0.618089 0.173244 0.613040 0.167888 0.609793 0.164785 0.608846 0.162689 0.608525 0.160629 0.609030 0.155614 0.610335 0.155392 0.610406 0.150340 0.614115 0.147091 0.619474
0 0.257835 0.565599 0.258044 0.567726 0.258841 0.571682 0.261823 0.577206 0.266717 0.581166 0.270365 0.582561 0.272427 0.583172 0.274573 0.582954 0.279072 0.582319 0.284652 0.579340 0.284719 0.579295 0.288730 0.574438 0.290567 0.568439 0.289953 0.562210 0.286980 0.556698 0.282101 0.552738 0.276054 0.550937 0.269760 0.551567 0.269682 0.551593 0.264095 0.554566 0.260070 0.559427 0.258463 0.563552
