0 0.881646 0.334285 0.883402 0.340283 0.887369 0.345152 0.892948 0.348148 0.899290 0.348817 0.905430 0.347052 0.905620 0.346945 0.910626 0.343012 0.913568 0.338869 0.914624 0.336994 0.914871 0.334872 0.914452 0.331278 0.912689 0.325267 0.908707 0.320395 0.905885 0.317848 0.903981 0.316829 0.901819 0.316605 0.896769 0.316745 0.890632 0.318519 0.890451 0.318645 0.885460 0.322576 0.882369 0.328068
0 0.408653 0.724060 0.409862 0.730209 0.413332 0.735428 0.418535 0.738922 0.424679 0.740158 0.430829 0.738949 0.436047 0.735479 0.439541 0.730276 0.439580 0.730127 0.440571 0.725410 0.440989 0.723331 0.440580 0.721250 0.439608 0.717842 0.436140 0.712626 0.430940 0.709135 0.427099 0.707709 0.425020 0.707291 0.422939 0.707700 0.418654 0.709108 0.413439 0.712576 0.409947 0.717775 0.409889 0.717916
0 0.585393 0.653068 0.587439 0.659029 0.591589 0.663756 0.597213 0.666527 0.597307 0.666572 0.603551 0.666963 0.607910 0.665809 0.609921 0.665112 0.611512 0.663690 0.614126 0.660743 0.616847 0.655082 0.617209 0.648795 0.616337 0.644999 0.615639 0.642971 0.614226 0.641364 0.611009 0.638121 0.605390 0.635353 0.605292 0.635329 0.599062 0.634934 0.593165 0.636970 0.588495 0.641130 0.585766 0.646782
0 0.163232 0.813569 0.163584 0.815673 0.164351 0.817081 0.168839 0.824129 0.175198 0.828974 0.176533 0.829869 0.178571 0.830386 0.180632 0.830074 0.185882 0.828447 0.191082 0.825231 0.191349 0.825009 0.194899 0.819987 0.196259 0.813922 0.195223 0.807738 0.191947 0.802380 0.186933 0.798665 0.180946 0.797159 0.174899 0.798087 0.169712 0.801308 0.169430 0.801513 0.165889 0.806537 0.163693 0.811505
0 0.015478 0.301375 0.016462 0.307565 0.019740 0.312905 0.024813 0.316586 0.025119 0.316704 0.031210 0.318163 0.037396 0.317178 0.042266 0.315556 0.044073 0.314447 0.045318 0.312731 0.045752 0.311219 0.046412 0.308833 0.047869 0.302741 0.046886 0.296556 0.046056 0.293638 0.044946 0.291830 0.043230 0.290585 0.038540 0.287540 0.038243 0.287403 0.032147 0.285945 0.025958 0.286929 0.020617 0.290208 0.016936 0.295280
0 0.735946 0.161757 0.737327 0.167866 0.740942 0.172980 0.743724 0.176139 0.745518 0.177270 0.747608 0.177630 0.752412 0.177383 0.758520 0.176001 0.763636 0.172387 0.763806 0.172175 0.767149 0.166875 0.768211 0.160699 0.766828 0.154586 0.763211 0.149468 0.757911 0.146124 0.751735 0.145062 0.745622 0.146445 0.740504 0.150062 0.740349 0.150287 0.737444 0.154800 0.736312 0.156593 0.735953 0.158683
0 0.843505 0.899374 0.843924 0.901452 0.845106 0.903213 0.848425 0.907832 0.848650 0.908095 0.853869 0.911564 0.860019 0.912773 0.866162 0.911536 0.871365 0.908043 0.874835 0.902823 0.876044 0.896674 0.874807 0.890530 0.871313 0.885327 0.871074 0.885079 0.865858 0.881611 0.859712 0.880404 0.854616 0.880103 0.852537 0.880522 0.850776 0.881704 0.849851 0.882967 0.848373 0.885131 0.844905 0.890347 0.843697 0.896493
0 0.833543 0.681058 0.835818 0.686980 0.840153 0.691619 0.845892 0.694265 0.846117 0.694320 0.846343 0.694375 0.847148 0.694570 0.849284 0.694655 0.852386 0.694571 0.858225 0.692384 0.862745 0.688096 0.865487 0.684528 0.866341 0.682575 0.866383 0.680427 0.865377 0.676054 0.863094 0.670135 0.858754 0.665505 0.856022 0.663920 0.854069 0.663021 0.852790 0.662830 0.846536 0.662580 0.840708 0.664758 0.836192 0.669032 0.833676 0.674755
0 0.141510 0.539403 0.142017 0.545631 0.143015 0.549759 0.143996 0.551663 0.145634 0.553062 0.149708 0.555330 0.155717 0.557327 0.162010 0.556912 0.164882 0.555540 0.166796 0.554599 0.167631 0.554151 0.167813 0.554053 0.171907 0.549367 0.173854 0.543465 0.173357 0.537245 0.170488 0.531652 0.165684 0.527537 0.159674 0.525532 0.153375 0.525942 0.153183 0.526022 0.148575 0.528221 0.146657 0.529163 0.145260 0.530764 0.143452 0.533488
0 0.823497 0.147638 0.824319 0.153847 0.827455 0.159269 0.829769 0.162775 0.831453 0.164064 0.833502 0.164612 0.838478 0.164694 0.844686 0.163872 0.850108 0.160737 0.850334 0.160518 0.854145 0.155543 0.855763 0.149488 0.854940 0.143275 0.851803 0.137850 0.846828 0.134039 0.840773 0.132421 0.834561 0.133244 0.829135 0.136381 0.828923 0.136615 0.825451 0.140954 0.824162 0.142637 0.823614 0.144686
0 0.203794 0.152335 0.204659 0.158597 0.206226 0.161322 0.207319 0.163197 0.207747 0.163904 0.207987 0.164300 0.213042 0.168208 0.219177 0.169926 0.225457 0.169198 0.230926 0.166134 0.234754 0.161204 0.236361 0.155154 0.235503 0.148905 0.235401 0.148698 0.232817 0.144104 0.231728 0.142230 0.230008 0.140897 0.227154 0.139280 0.221018 0.137549 0.214729 0.138269 0.210569 0.139316 0.208702 0.140359 0.207394 0.142041 0.205405 0.146271
0 0.026222 0.053018 0.026520 0.055086 0.027617 0.056883 0.030949 0.061932 0.031211 0.062271 0.036284 0.065947 0.042436 0.067465 0.048728 0.066592 0.054200 0.063465 0.058020 0.058560 0.059609 0.052628 0.058725 0.046570 0.055507 0.041307 0.055261 0.040954 0.050194 0.037282 0.044049 0.035763 0.038726 0.034708 0.036584 0.035002 0.034718 0.036064 0.033688 0.037229 0.028451 0.044647 0.026570 0.051432
0 0.248158 0.091417 0.248647 0.097665 0.251488 0.103251 0.251648 0.103507 0.256409 0.107577 0.262364 0.109517 0.267172 0.110339 0.269286 0.110173 0.271176 0.109212 0.274190 0.106189 0.278261 0.101428 0.280200 0.095472 0.280522 0.092546 0.280357 0.090432 0.279395 0.088541 0.276872 0.083646 0.276728 0.083378 0.271964 0.079305 0.266005 0.077364 0.259757 0.077853 0.254171 0.080694 0.250099 0.085458
0 0.750298 0.862720 0.751644 0.868728 0.755193 0.873695 0.755418 0.873973 0.760632 0.877146 0.766714 0.878040 0.771761 0.878315 0.773812 0.877798 0.775533 0.876538 0.776427 0.875250 0.781100 0.867507 0.782169 0.861381 0.782385 0.858635 0.781930 0.856589 0.780724 0.854896 0.777290 0.850401 0.777052 0.850139 0.771847 0.846959 0.765766 0.846054 0.759737 0.847567 0.754679 0.851265 0.751364 0.856587
0 0.416803 0.811429 0.418665 0.817412 0.422675 0.822229 0.428224 0.825143 0.434465 0.825713 0.440449 0.823850 0.445265 0.819840 0.448179 0.814292 0.448214 0.814089 0.448782 0.807852 0.447707 0.803013 0.447076 0.800988 0.445720 0.799358 0.442913 0.797059 0.437369 0.794146 0.431131 0.793577 0.427396 0.793943 0.425371 0.794573 0.423741 0.795930 0.420338 0.799446 0.417426 0.804990 0.417373 0.805187
0 0.056106 0.897196 0.057032 0.903395 0.060260 0.908766 0.065298 0.912495 0.071379 0.914010 0.077577 0.913084 0.082949 0.909856 0.083218 0.909592 0.086944 0.904557 0.089151 0.899371 0.089664 0.897313 0.089351 0.895216 0.088595 0.893804 0.084308 0.886917 0.077836 0.881958 0.076504 0.881072 0.074446 0.880559 0.072349 0.880872 0.067002 0.882603 0.061633 0.885828 0.061350 0.886078 0.057622 0.891115
0 0.884041 0.829535 0.885635 0.835643 0.889471 0.840735 0.890478 0.841900 0.892351 0.843025 0.895151 0.844248 0.901477 0.845256 0.907665 0.843812 0.911928 0.842341 0.913668 0.841088 0.914774 0.839265 0.916020 0.834781 0.916911 0.828571 0.915309 0.822450 0.913662 0.819977 0.912351 0.818241 0.911655 0.817548 0.911459 0.817353 0.911264 0.817159 0.905760 0.813864 0.899437 0.812868 0.893259 0.814320 0.888166 0.817998 0.884930 0.823340
0 0.882999 0.454279 0.883116 0.456396 0.884469 0.460398 0.887182 0.466043 0.891849 0.470221 0.894593 0.471673 0.896594 0.472375 0.898711 0.472258 0.904012 0.471949 0.904273 0.471930 0.909922 0.469216 0.914102 0.464546 0.916176 0.458632 0.915831 0.452375 0.913116 0.446726 0.908447 0.442546 0.902533 0.440472 0.896275 0.440817 0.896020 0.440855 0.890375 0.443568 0.886197 0.448235 0.883701 0.452278
0 0.673219 0.483042 0.673699 0.489269 0.676542 0.494858 0.681318 0.498956 0.687300 0.500938 0.693577 0.500499 0.699191 0.497707 0.699288 0.497642 0.702443 0.494217 0.703838 0.492608 0.704503 0.490588 0.705334 0.486986 0.704844 0.480751 0.701989 0.475164 0.699271 0.472093 0.697643 0.470701 0.695605 0.470028 0.691226 0.469100 0.684955 0.469542 0.679348 0.472332 0.679264 0.472413 0.675174 0.477124
0 0.124612 0.054667 0.126999 0.060461 0.127240 0.060745 0.131660 0.065182 0.137442 0.067589 0.142628 0.068863 0.144749 0.068867 0.146710 0.068059 0.147881 0.067005 0.153933 0.060794 0.156341 0.055012 0.157355 0.052192 0.157359 0.050072 0.156551 0.048111 0.153967 0.042959 0.153743 0.042664 0.149320 0.038224 0.143534 0.035815 0.137267 0.035804 0.131473 0.038191 0.127033 0.042614 0.124623 0.048400
0 0.164104 0.221777 0.164672 0.228107 0.167588 0.233777 0.169827 0.236065 0.171468 0.237478 0.172407 0.237927 0.172612 0.238025 0.178595 0.240025 0.184838 0.239573 0.190392 0.236739 0.194412 0.231951 0.196288 0.225938 0.195731 0.219613 0.192825 0.213937 0.188008 0.209779 0.186917 0.209130 0.184875 0.208446 0.181817 0.207654 0.175559 0.208108 0.169995 0.210952 0.166383 0.213603 0.165013 0.215238 0.164377 0.217291
0 0.892527 0.193379 0.892656 0.195496 0.893586 0.197402 0.894714 0.198493 0.896555 0.200230 0.901246 0.204381 0.907168 0.206419 0.910092 0.207027 0.912208 0.206898 0.914115 0.205968 0.919049 0.203291 0.919319 0.203100 0.923472 0.198406 0.925512 0.192480 0.925129 0.186225 0.922382 0.180592 0.917688 0.176439 0.911762 0.174399 0.905507 0.174782 0.899874 0.177529 0.899616 0.177737 0.895466 0.182428 0.893427 0.188350
0 0.890824 0.418935 0.891568 0.422814 0.893390 0.428806 0.897366 0.433646 0.899840 0.435782 0.901711 0.436780 0.903822 0.436987 0.909124 0.437205 0.909388 0.437165 0.915385 0.435342 0.920228 0.431364 0.923178 0.425835 0.923790 0.419598 0.921967 0.413601 0.917989 0.408759 0.912460 0.405808 0.906222 0.405196 0.905961 0.405258 0.899968 0.407079 0.895128 0.411055 0.892029 0.414954 0.891031 0.416825
0 0.918534 0.926095 0.919314 0.928067 0.922068 0.933170 0.926426 0.937669 0.926701 0.937951 0.932453 0.940441 0.938719 0.940540 0.944546 0.938234 0.949047 0.933873 0.951537 0.928122 0.951636 0.921855 0.949330 0.916028 0.944969 0.911527 0.944682 0.911261 0.938935 0.908773 0.933525 0.907511 0.931405 0.907477 0.929433 0.908257 0.928236 0.909300 0.922350 0.915336 0.919136 0.922463 0.918567 0.923975
0 0.715704 0.377572 0.716764 0.383752 0.720119 0.389030 0.725257 0.392604 0.731398 0.393931 0.731507 0.393921 0.732004 0.393874 0.734120 0.393492 0.737723 0.392799 0.743065 0.389395 0.746719 0.384225 0.748193 0.380076 0.748673 0.377981 0.748314 0.375872 0.747072 0.371882 0.743714 0.366589 0.738563 0.363007 0.735004 0.361990 0.732907 0.361539 0.730787 0.361924 0.726184 0.362812 0.726079 0.362842 0.720743 0.366255 0.717100 0.371428
0 0.050859 0.117736 0.052385 0.123814 0.056122 0.128846 0.056408 0.129085 0.061782 0.132302 0.067145 0.133981 0.069243 0.134291 0.071300 0.133775 0.072631 0.132884 0.079081 0.127957 0.083370 0.121020 0.084123 0.119609 0.084433 0.117511 0.083917 0.115454 0.081687 0.110313 0.077953 0.105284 0.077681 0.105030 0.072303 0.101811 0.066103 0.100896 0.060025 0.102422 0.054993 0.106158 0.051774 0.111536
0 0.264377 0.338274 0.266211 0.344267 0.270200 0.349101 0.271021 0.349640 0.272894 0.350635 0.275879 0.352137 0.282114 0.352735 0.288103 0.350901 0.291904 0.348713 0.293540 0.347364 0.294535 0.345491 0.295872 0.341385 0.296470 0.335150 0.294636 0.329161 0.292613 0.326480 0.291264 0.324845 0.290651 0.324330 0.290515 0.324217 0.284981 0.321276 0.278742 0.320678 0.272750 0.322513 0.267916 0.326501 0.264975 0.332035
0 0.792425 0.470778 0.793774 0.476891 0.797389 0.482044 0.802724 0.485451 0.808967 0.486594 0.815167 0.485293 0.815455 0.485197 0.815968 0.485025 0.817744 0.483817 0.820525 0.481698 0.823954 0.476444 0.825074 0.470285 0.824860 0.465966 0.824397 0.463881 0.823161 0.462125 0.820087 0.459009 0.814742 0.455608 0.808497 0.454476 0.805031 0.455033 0.802922 0.455478 0.802303 0.455784 0.802168 0.455851 0.796967 0.459393 0.793547 0.464635
0 0.556122 0.712020 0.556323 0.712780 0.558066 0.718799 0.561981 0.723693 0.567471 0.726717 0.573700 0.727409 0.579719 0.725666 0.584613 0.721751 0.587637 0.716261 0.588329 0.710032 0.586586 0.704013 0.586530 0.703881 0.582617 0.698990 0.577131 0.695968 0.572807 0.694939 0.570699 0.694705 0.568662 0.695295 0.564891 0.697019 0.560000 0.700931 0.556978 0.706418 0.556356 0.709912
0 0.052780 0.212610 0.055011 0.218467 0.059315 0.223023 0.059599 0.223202 0.065314 0.225764 0.070710 0.226685 0.072830 0.226745 0.074811 0.225990 0.076022 0.224943 0.077427 0.223713 0.081981 0.219413 0.084542 0.213697 0.085289 0.211898 0.085877 0.210413 0.085938 0.208294 0.085183 0.206312 0.082491 0.201584 0.078191 0.197030 0.077919 0.196835 0.072200 0.194271 0.065935 0.194093 0.060079 0.196324 0.055523 0.200627 0.052959 0.206346
0 0.915211 0.788307 0.916944 0.794178 0.920808 0.798862 0.922569 0.800235 0.924411 0.801184 0.926532 0.801897 0.932657 0.802364 0.941816 0.799448 0.943244 0.798905 0.944880 0.797535 0.945888 0.795659 0.946132 0.794150 0.947002 0.784751 0.945279 0.778877 0.944240 0.776836 0.942926 0.775237 0.941421 0.774183 0.941091 0.773953 0.935689 0.771156 0.929560 0.770681 0.923641 0.772603 0.918835 0.776629 0.915874 0.782144
0 0.121904 0.202955 0.124078 0.207167 0.127955 0.212632 0.132791 0.216776 0.138003 0.220064 0.138168 0.220164 0.144500 0.222236 0.149127 0.223054 0.149665 0.222323 0.151080 0.218152 0.151075 0.217923 0.148306 0.215765 0.135063 0.205862 0.129934 0.202116 0.126241 0.199650 0.126022 0.199767 0.122445 0.202220
0 0.715083 0.576916 0.716301 0.583047 0.719744 0.588217 0.724883 0.591640 0.725097 0.591712 0.730086 0.592808 0.732148 0.593201 0.734208 0.592763 0.737199 0.591580 0.742318 0.588049 0.745731 0.582810 0.747557 0.579042 0.747962 0.576948 0.747549 0.574862 0.745708 0.570536 0.742275 0.565364 0.737141 0.561933 0.736919 0.561880 0.730869 0.560715 0.724821 0.561992 0.719695 0.565520 0.716274 0.570761
0 0.154208 0.138011 0.155543 0.144134 0.159120 0.149280 0.160338 0.150533 0.162123 0.151679 0.164610 0.152890 0.170775 0.153999 0.176894 0.152665 0.181227 0.151328 0.182968 0.150117 0.184114 0.148333 0.185420 0.143820 0.186530 0.137655 0.185195 0.131536 0.183763 0.129229 0.182553 0.127487 0.181620 0.126393 0.181414 0.126152 0.176141 0.122766 0.169973 0.121657 0.163849 0.122992 0.158703 0.126569 0.155317 0.131842
0 0.082313 0.107060 0.083342 0.113376 0.084497 0.116161 0.085635 0.118035 0.086915 0.119063 0.092058 0.122915 0.098220 0.124534 0.104463 0.123677 0.109840 0.120474 0.113535 0.115412 0.114984 0.109259 0.113968 0.102950 0.110636 0.097445 0.109441 0.096339 0.107689 0.095023 0.105278 0.093382 0.099106 0.091752 0.092848 0.092607 0.088245 0.093812 0.086409 0.094906 0.085149 0.096635 0.083758 0.100894
0 0.367851 0.892450 0.369787 0.898410 0.373856 0.903176 0.379441 0.906022 0.385688 0.906514 0.391649 0.904578 0.396415 0.900508 0.399260 0.894924 0.399325 0.894669 0.399818 0.888425 0.398837 0.883366 0.398181 0.881349 0.396804 0.879736 0.393815 0.877706 0.388235 0.874862 0.381991 0.874370 0.378415 0.874548 0.376398 0.875203 0.374785 0.876580 0.371272 0.880372 0.368427 0.885953 0.368343 0.886202
0 0.556755 0.756886 0.557915 0.762970 0.558010 0.763178 0.561427 0.768318 0.565287 0.771547 0.567042 0.772708 0.569120 0.773104 0.572680 0.772892 0.578802 0.771634 0.584015 0.768146 0.586854 0.765680 0.588050 0.763914 0.588485 0.761838 0.588805 0.756865 0.587655 0.750783 0.587540 0.750582 0.584136 0.745443 0.578993 0.742027 0.572894 0.740853 0.566767 0.742105 0.561547 0.745592 0.558031 0.750783
0 0.197257 0.061295 0.197990 0.063275 0.200065 0.068618 0.200207 0.068944 0.204475 0.073534 0.210209 0.076203 0.216533 0.076543 0.222483 0.074506 0.227153 0.070402 0.229834 0.064860 0.230119 0.058722 0.229997 0.058390 0.229436 0.056871 0.228703 0.054894 0.227845 0.052586 0.223582 0.048000 0.217855 0.045331 0.213073 0.043543 0.210920 0.043425 0.208892 0.044115 0.207673 0.045079 0.200901 0.051109 0.198207 0.056654 0.197357 0.059200
0 0.554314 0.509632 0.555176 0.515836 0.558346 0.521238 0.561465 0.523662 0.563157 0.524941 0.563383 0.525031 0.569448 0.526610 0.575655 0.525747 0.581061 0.522575 0.584840 0.517576 0.586419 0.511511 0.585557 0.505304 0.582385 0.499898 0.577385 0.496119 0.571321 0.494540 0.571275 0.494543 0.565071 0.495405 0.559669 0.498575 0.557007 0.501869 0.555729 0.503561 0.555194 0.505613
0 0.871300 0.068558 0.871396 0.070676 0.872014 0.072170 0.875332 0.079219 0.881500 0.085057 0.882723 0.086064 0.884717 0.086786 0.886835 0.086690 0.892104 0.085288 0.897775 0.082630 0.898032 0.082360 0.902258 0.077732 0.904389 0.071839 0.904105 0.065579 0.901445 0.059904 0.896817 0.055678 0.890924 0.053546 0.884663 0.053830 0.878989 0.056490 0.874763 0.061118 0.874521 0.061401 0.872021 0.066564
