0 0.284005 0.654883 0.293763 0.681722 0.294045 0.682379 0.294743 0.683080 0.295751 0.683718 0.296915 0.684194 0.298057 0.684436 0.299001 0.684408 0.310368 0.679101 0.310605 0.678981 0.311361 0.678377 0.312521 0.677380 0.313908 0.676142 0.315309 0.674854 0.316509 0.673714 0.317324 0.672896 0.317631 0.672523 0.317711 0.667752 0.306488 0.654351 0.305544 0.653313 0.301915 0.649340 0.296438 0.643611 0.294750 0.645079 0.291711 0.647786 0.289265 0.649989 0.286834 0.652199 0.285606 0.653328 0.284015 0.654838
0 0.319847 0.281111 0.328577 0.309708 0.328868 0.310099 0.329565 0.310627 0.330562 0.311212 0.331706 0.311764 0.332822 0.312199 0.333739 0.312449 0.334318 0.312478 0.346458 0.306206 0.347655 0.305427 0.349070 0.304346 0.350491 0.303124 0.351702 0.301947 0.352521 0.300992 0.352822 0.300405 0.353016 0.295979 0.349074 0.290872 0.342241 0.282082 0.341332 0.281002 0.332274 0.270831 0.330677 0.271043 0.328854 0.271917 0.325876 0.274216 0.322687 0.277167 0.320922 0.279098 0.319896 0.280611
0 0.755231 0.130769 0.755422 0.131769 0.755906 0.132876 0.756609 0.133921 0.757425 0.134743 0.758227 0.135218 0.758895 0.135273 0.769726 0.131917 0.776410 0.129265 0.785322 0.125669 0.791677 0.122036 0.794207 0.120015 0.795198 0.116821 0.794190 0.113330 0.791613 0.108661 0.789335 0.106199 0.786522 0.106090 0.773102 0.112134 0.761878 0.117697 0.760190 0.120489 0.755363 0.130028
0 0.465369 0.473106 0.465416 0.474353 0.465594 0.475454 0.465876 0.476242 0.466219 0.476595 0.476186 0.484459 0.476676 0.484723 0.477771 0.485227 0.479303 0.485894 0.481039 0.486624 0.482711 0.487303 0.484062 0.487827 0.484887 0.488116 0.485062 0.488128 0.489079 0.486153 0.489201 0.486079 0.496573 0.470221 0.497113 0.468925 0.501831 0.456512 0.501718 0.456447 0.499243 0.455400 0.495308 0.453750 0.492329 0.452508 0.489538 0.451351 0.488240 0.450817 0.486930 0.450293 0.465986 0.470334 0.465678 0.470930 0.465462 0.471903
0 0.489620 0.562367 0.489621 0.563594 0.489754 0.564825 0.490000 0.565874 0.490320 0.566579 0.490666 0.566833 0.501271 0.574287 0.501813 0.574627 0.502968 0.575141 0.504560 0.575750 0.506347 0.576361 0.508052 0.576881 0.509415 0.577229 0.510227 0.577352 0.514285 0.575153 0.516467 0.569392 0.520544 0.558496 0.520990 0.557168 0.524838 0.544572 0.524654 0.544292 0.522060 0.543255 0.517994 0.541819 0.514941 0.540820 0.512103 0.539966 0.510800 0.539626 0.509543 0.539494 0.489997 0.560652 0.489753 0.561334
0 0.653559 0.207003 0.655445 0.214642 0.656793 0.219663 0.657168 0.221023 0.662511 0.237755 0.666512 0.240057 0.666850 0.240171 0.667846 0.240056 0.669351 0.239732 0.671135 0.239246 0.672929 0.238672 0.674463 0.238096 0.675504 0.237607 0.686174 0.231609 0.686682 0.231092 0.687159 0.230175 0.687533 0.228996 0.687746 0.227737 0.687764 0.226590 0.687587 0.225730 0.669381 0.201620 0.668077 0.201564 0.665847 0.201901 0.661830 0.202859 0.658088 0.204048 0.655807 0.205121 0.653821 0.206418
0 0.392990 0.189280 0.393077 0.190268 0.394568 0.204381 0.394997 0.204820 0.395773 0.205431 0.396777 0.206121 0.397856 0.206784 0.398845 0.207319 0.399592 0.207644 0.399984 0.207709 0.427440 0.199891 0.428084 0.199645 0.428474 0.198651 0.429167 0.196069 0.429800 0.192991 0.430501 0.188512 0.430782 0.185215 0.430519 0.184226 0.417270 0.181630 0.404557 0.179244 0.398635 0.178164 0.394763 0.180820 0.394421 0.181261 0.394020 0.182379 0.393621 0.184005 0.393285 0.185890 0.393063 0.187743
0 0.918797 0.065517 0.918803 0.067976 0.919091 0.068845 0.942030 0.086594 0.942141 0.086630 0.942740 0.086557 0.943738 0.086388 0.944982 0.086146 0.946284 0.085871 0.947442 0.085602 0.948281 0.085382 0.948671 0.085245 0.956551 0.070958 0.957281 0.069315 0.957884 0.067397 0.958266 0.065499 0.958369 0.063912 0.958176 0.062879 0.956136 0.059551 0.955219 0.058573 0.949337 0.057447 0.937324 0.055177 0.924461 0.052877 0.922990 0.053079 0.921768 0.054358 0.920383 0.057880 0.919234 0.062465
0 0.559062 0.121693 0.566099 0.125289 0.572740 0.128455 0.588216 0.135178 0.592750 0.133620 0.592830 0.133530 0.593220 0.132776 0.593859 0.131472 0.594651 0.129817 0.595477 0.128060 0.596211 0.126466 0.596742 0.125277 0.596990 0.124675 0.598835 0.113466 0.598929 0.112685 0.598675 0.111674 0.598111 0.110587 0.597323 0.109590 0.596431 0.108836 0.595573 0.108440 0.566263 0.105924 0.565738 0.106721 0.564780 0.108519 0.563007 0.112112 0.561316 0.115757 0.560238 0.118329 0.559249 0.120934
0 0.839598 0.618770 0.839611 0.619006 0.840139 0.619746 0.841102 0.620876 0.842352 0.622226 0.843702 0.623591 0.844948 0.624767 0.845901 0.625574 0.856066 0.632060 0.856785 0.632347 0.857841 0.632410 0.859072 0.632237 0.860291 0.631854 0.861310 0.631321 0.861974 0.630719 0.875124 0.603866 0.874640 0.602874 0.873359 0.601183 0.870685 0.598138 0.867883 0.595304 0.865811 0.593581 0.863626 0.592083 0.862904 0.591889 0.857004 0.597109 0.852163 0.601654 0.839765 0.614073
0 0.222023 0.837562 0.223021 0.839030 0.224919 0.840710 0.228495 0.843063 0.231958 0.844683 0.234223 0.845001 0.236356 0.844580 0.243477 0.832725 0.244164 0.831486 0.252103 0.815731 0.250922 0.811508 0.250696 0.810879 0.249853 0.810012 0.248523 0.809039 0.246908 0.808107 0.245250 0.807356 0.243800 0.806900 0.231157 0.803081 0.230846 0.802992 0.230165 0.803205 0.229216 0.803688 0.228145 0.804367 0.227114 0.805139 0.226282 0.805886 0.225777 0.806493 0.225674 0.806867 0.222091 0.836951
0 0.645195 0.736773 0.648494 0.749952 0.648570 0.750193 0.648987 0.751062 0.649681 0.752426 0.650546 0.754079 0.651451 0.755767 0.652255 0.757230 0.652836 0.758244 0.653105 0.758655 0.657709 0.759965 0.663052 0.757139 0.674324 0.751096 0.686105 0.744662 0.685958 0.744384 0.685319 0.743195 0.683629 0.740053 0.681455 0.736015 0.678911 0.731296 0.678539 0.730607 0.649261 0.731795 0.649041 0.731910 0.648545 0.732387 0.647847 0.733153 0.647054 0.734093 0.646288 0.735062 0.645665 0.735912 0.645282 0.736512
0 0.173047 0.629757 0.175762 0.633575 0.176200 0.633939 0.177319 0.634345 0.178948 0.634731 0.180837 0.635038 0.182697 0.635219 0.184242 0.635246 0.199346 0.633356 0.199774 0.632937 0.200372 0.632162 0.201047 0.631151 0.201696 0.630057 0.202220 0.629048 0.202539 0.628279 0.202605 0.627866 0.194370 0.600634 0.194136 0.599914 0.193143 0.599512 0.190558 0.598829 0.187474 0.598233 0.182980 0.597616 0.179668 0.597427 0.178666 0.597764 0.176255 0.611059 0.174043 0.623825
0 0.888074 0.094145 0.890908 0.098274 0.891727 0.098842 0.893147 0.099339 0.894954 0.099691 0.896875 0.099844 0.911285 0.099278 0.911828 0.099238 0.912616 0.098791 0.913529 0.098005 0.914427 0.097000 0.915174 0.095929 0.915654 0.094957 0.915795 0.094231 0.910313 0.063535 0.909430 0.062421 0.907458 0.061421 0.903531 0.060352 0.899555 0.059978 0.896758 0.060478 0.893935 0.061674 0.893120 0.062698 0.891575 0.070341 0.890493 0.076645 0.890326 0.077799
0 0.512402 0.124885 0.512406 0.126183 0.512534 0.127381 0.512767 0.128296 0.513068 0.128788 0.532571 0.148090 0.533749 0.148995 0.535023 0.148999 0.537827 0.148478 0.540866 0.147540 0.544940 0.145807 0.547571 0.144146 0.547812 0.143071 0.543831 0.130947 0.543373 0.129633 0.539246 0.118277 0.537042 0.112223 0.532950 0.110276 0.532166 0.110030 0.530827 0.110114 0.529136 0.110515 0.527352 0.111172 0.525750 0.111984 0.524576 0.112827 0.513050 0.122272 0.512751 0.122768 0.512523 0.123685
0 0.074251 0.385224 0.074364 0.386448 0.074739 0.387653 0.075320 0.388657 0.076017 0.389305 0.098374 0.405160 0.100914 0.404922 0.102559 0.404351 0.105578 0.402927 0.108428 0.401263 0.111712 0.398879 0.113219 0.397167 0.109193 0.390240 0.105496 0.384238 0.095832 0.369827 0.094521 0.369340 0.091049 0.368334 0.090347 0.368178 0.089102 0.368421 0.087503 0.369027 0.085794 0.369903 0.084238 0.370917 0.083074 0.371911 0.082481 0.372733 0.074840 0.383447 0.074418 0.384171
0 0.697763 0.368517 0.705728 0.384047 0.706417 0.385267 0.709132 0.389954 0.713229 0.396752 0.715324 0.395723 0.718954 0.393768 0.721825 0.392156 0.724633 0.390521 0.726020 0.389674 0.727718 0.388502 0.724407 0.360193 0.724234 0.359479 0.723675 0.358634 0.722817 0.357787 0.721790 0.357068 0.720751 0.356587 0.719861 0.356417 0.707043 0.359091 0.706109 0.359498 0.704715 0.360206 0.703075 0.361106 0.701442 0.362059 0.700066 0.362919 0.699157 0.363556 0.698852 0.363871
0 0.136886 0.869857 0.136981 0.871141 0.137330 0.872308 0.137880 0.873179 0.150415 0.881855 0.151858 0.882414 0.153677 0.882791 0.155593 0.882927 0.157312 0.882802 0.158570 0.882437 0.162011 0.879888 0.163077 0.878629 0.166718 0.861708 0.167939 0.854675 0.169119 0.846720 0.167103 0.845478 0.163178 0.844387 0.159912 0.843926 0.156569 0.843843 0.154819 0.844044 0.152339 0.845127 0.137474 0.867711 0.137060 0.868652
0 0.411913 0.713913 0.412721 0.718570 0.412927 0.719040 0.413719 0.719843 0.414978 0.720855 0.416511 0.721922 0.418083 0.722880 0.419452 0.723582 0.420410 0.723921 0.420810 0.723846 0.425394 0.722706 0.439341 0.701561 0.442864 0.695798 0.443015 0.695223 0.441546 0.693762 0.438762 0.691779 0.434338 0.688893 0.431468 0.687188 0.429743 0.686566 0.424878 0.693923 0.423242 0.696411 0.419535 0.702129
0 0.261221 0.964581 0.261726 0.966689 0.263092 0.968379 0.266410 0.970149 0.270573 0.971490 0.273250 0.971893 0.275292 0.971686 0.275923 0.971190 0.297976 0.949728 0.298113 0.949451 0.298213 0.948704 0.298263 0.947599 0.298254 0.946307 0.298187 0.945025 0.298074 0.943949 0.297930 0.943243 0.297779 0.943013 0.285605 0.934562 0.284048 0.933695 0.282308 0.932995 0.280646 0.932569 0.279315 0.932481 0.278516 0.932746 0.274576 0.934363 0.273995 0.935543 0.271566 0.940598 0.266954 0.950317 0.266394 0.951621
0 0.138500 0.749710 0.138681 0.754501 0.143103 0.758599 0.152431 0.767077 0.162363 0.775986 0.162768 0.776147 0.163826 0.775402 0.166371 0.772919 0.169562 0.769543 0.171626 0.767223 0.173222 0.765276 0.173733 0.764526 0.163311 0.737043 0.162985 0.736890 0.162244 0.736595 0.161199 0.736203 0.160010 0.735773 0.158859 0.735372 0.157922 0.735060 0.157342 0.734886 0.157207 0.734875 0.145051 0.742604 0.144155 0.743311 0.142928 0.744439 0.141555 0.745818 0.140249 0.747235 0.139209 0.748473 0.138595 0.749342
0 0.907389 0.528966 0.907521 0.529275 0.907857 0.529976 0.908347 0.530963 0.908916 0.532086 0.909476 0.533172 0.909943 0.534054 0.910244 0.534600 0.910334 0.534725 0.924477 0.537350 0.925613 0.537413 0.927280 0.537406 0.929225 0.537329 0.931148 0.537194 0.932754 0.537021 0.933797 0.536838 0.934118 0.536672 0.937278 0.533046 0.936882 0.527026 0.935931 0.514415 0.934837 0.501088 0.934653 0.500803 0.933372 0.500693 0.929816 0.500807 0.925177 0.501092 0.922085 0.501351 0.919587 0.501635 0.918701 0.501795
0 0.213970 0.903972 0.213997 0.904899 0.214264 0.905432 0.222395 0.919216 0.223573 0.920489 0.225065 0.921646 0.226642 0.922510 0.228063 0.922949 0.229110 0.922896 0.233461 0.922269 0.237537 0.917092 0.245122 0.907391 0.245940 0.906272 0.253051 0.895914 0.253614 0.894713 0.251951 0.892272 0.248726 0.889382 0.246047 0.887602 0.243308 0.886324 0.241877 0.885998 0.239855 0.886653 0.216417 0.899164 0.215824 0.899581 0.215192 0.900417 0.214617 0.901545 0.214188 0.902794
0 0.382124 0.091576 0.382308 0.092276 0.385036 0.096450 0.401476 0.101336 0.408445 0.103155 0.416221 0.104953 0.417157 0.103113 0.418345 0.099317 0.419121 0.096085 0.419730 0.092714 0.419933 0.090911 0.419840 0.088225 0.419563 0.087939 0.397548 0.071818 0.396819 0.071303 0.395757 0.071017 0.394524 0.071004 0.393309 0.071267 0.392298 0.071764 0.391644 0.072420 0.384232 0.082667 0.383757 0.083420 0.383233 0.084793 0.382742 0.086574 0.382359 0.088490 0.382142 0.090247
0 0.052796 0.140783 0.053034 0.142012 0.054549 0.146019 0.055984 0.147164 0.071432 0.154867 0.072695 0.155434 0.078084 0.157720 0.085549 0.160796 0.087557 0.159017 0.089711 0.155423 0.090915 0.152388 0.091634 0.149243 0.091687 0.147573 0.090709 0.145127 0.073074 0.124922 0.072143 0.124339 0.070933 0.123911 0.069628 0.123704 0.068428 0.123749 0.067517 0.124040 0.055310 0.134368 0.054317 0.135671 0.053490 0.137349 0.052955 0.139145
0 0.832243 0.087263 0.832578 0.089167 0.840464 0.090536 0.847536 0.091635 0.864672 0.093501 0.868911 0.090655 0.869490 0.089975 0.870116 0.088649 0.870694 0.086876 0.871134 0.084929 0.871369 0.083106 0.871364 0.081687 0.867889 0.068895 0.867613 0.067981 0.866921 0.067093 0.865916 0.066367 0.864753 0.065914 0.863611 0.065804 0.836633 0.071833 0.836116 0.072107 0.834639 0.074812 0.834005 0.076642 0.833130 0.080073 0.832551 0.083372
0 0.741959 0.330166 0.743932 0.337823 0.745782 0.344292 0.751225 0.360930 0.755330 0.363315 0.755552 0.363267 0.756456 0.363018 0.757903 0.362606 0.759673 0.362093 0.761501 0.361556 0.763110 0.361077 0.764255 0.360728 0.764763 0.360563 0.774659 0.354345 0.775238 0.353927 0.775769 0.353091 0.776172 0.351963 0.776384 0.350715 0.776372 0.349539 0.776139 0.348614 0.758155 0.325228 0.757042 0.325445 0.754947 0.325980 0.751016 0.327078 0.747223 0.328215 0.744756 0.329039 0.742447 0.329896
0 0.704708 0.564200 0.713486 0.579395 0.714239 0.580585 0.717142 0.584947 0.721565 0.591470 0.721923 0.591690 0.723855 0.591121 0.725969 0.590168 0.729296 0.588199 0.732788 0.585856 0.734677 0.584417 0.735719 0.583394 0.735707 0.583142 0.730690 0.554222 0.730521 0.553676 0.729950 0.552972 0.729065 0.552218 0.727999 0.551529 0.726917 0.551012 0.725984 0.550744 0.725342 0.550767 0.713497 0.554671 0.712554 0.555104 0.711184 0.555848 0.709596 0.556789 0.708028 0.557786 0.706718 0.558688 0.705864 0.559359 0.705596 0.559697
0 0.271942 0.441831 0.272121 0.442955 0.272477 0.443781 0.281798 0.452915 0.282651 0.453468 0.284011 0.454229 0.285667 0.455083 0.287367 0.455897 0.288848 0.456547 0.289885 0.456933 0.290321 0.456998 0.294783 0.455291 0.303236 0.440012 0.303864 0.438760 0.306244 0.433886 0.309605 0.426693 0.307593 0.425523 0.303957 0.423611 0.301025 0.422143 0.298105 0.420747 0.296629 0.420083 0.294704 0.419362 0.273085 0.437907 0.272587 0.438456 0.272194 0.439394 0.271968 0.440580
0 0.307923 0.842795 0.312856 0.855419 0.317693 0.867523 0.319953 0.873083 0.324246 0.874846 0.324845 0.875036 0.326037 0.874875 0.327640 0.874389 0.329407 0.873650 0.331067 0.872773 0.332365 0.871892 0.344107 0.861981 0.344273 0.861461 0.344388 0.860527 0.344436 0.859321 0.344408 0.858028 0.344309 0.856846 0.344155 0.855956 0.343968 0.855491 0.322139 0.836259 0.321049 0.836334 0.318456 0.837004 0.315509 0.838089 0.311384 0.839998 0.308523 0.841750
0 0.187679 0.679356 0.187920 0.680396 0.189139 0.681447 0.192430 0.682972 0.196682 0.684499 0.199481 0.685279 0.201690 0.685648 0.202433 0.685572 0.224468 0.664893 0.224540 0.664397 0.224586 0.663494 0.224601 0.662323 0.224580 0.661061 0.224528 0.659903 0.224453 0.659025 0.224366 0.658561 0.212965 0.650610 0.211884 0.649975 0.210348 0.649253 0.208589 0.648551 0.206873 0.647976 0.205458 0.647616 0.204560 0.647525 0.199918 0.649799 0.193311 0.665423 0.192768 0.666726
0 0.725571 0.373214 0.725601 0.373602 0.736704 0.399852 0.737206 0.400419 0.738301 0.400662 0.741010 0.400998 0.744158 0.401220 0.748648 0.401336 0.751853 0.401206 0.752669 0.400844 0.753464 0.387813 0.753535 0.386416 0.754142 0.374467 0.754444 0.368454 0.751340 0.364954 0.750797 0.364687 0.749590 0.364446 0.747904 0.364268 0.745996 0.364181 0.744162 0.364197 0.742681 0.364315 0.741779 0.364515 0.728132 0.367809 0.727718 0.368300 0.727192 0.369154 0.726634 0.370241 0.726129 0.371396 0.725756 0.372440
0 0.109009 0.442445 0.109069 0.443669 0.109382 0.444702 0.109898 0.445385 0.127256 0.466773 0.127492 0.466994 0.130036 0.466869 0.131780 0.466550 0.135071 0.465753 0.138251 0.464819 0.142024 0.463479 0.143900 0.462512 0.141753 0.454836 0.139686 0.448227 0.133981 0.431778 0.129723 0.429273 0.129073 0.429160 0.127797 0.429273 0.126090 0.429596 0.124212 0.430080 0.122451 0.430651 0.121078 0.431221 0.120304 0.431703 0.110237 0.439468 0.109641 0.440170 0.109210 0.441216
0 0.569311 0.054404 0.570060 0.059357 0.582997 0.070632 0.588593 0.075158 0.594926 0.080020 0.596524 0.078782 0.599170 0.075839 0.601216 0.073211 0.603174 0.070365 0.604114 0.068778 0.605166 0.066208 0.605044 0.065795 0.591187 0.041357 0.590342 0.040644 0.589227 0.040116 0.588011 0.039855 0.586882 0.039900 0.586010 0.040244 0.575055 0.046398 0.574318 0.046861 0.573279 0.047878 0.572095 0.049294 0.570950 0.050891 0.570019 0.052423 0.569443 0.053657
0 0.129064 0.477073 0.130313 0.482969 0.133115 0.495549 0.136124 0.508684 0.137238 0.508743 0.140613 0.508230 0.145109 0.507338 0.148153 0.506633 0.150662 0.505942 0.151592 0.505601 0.158879 0.477179 0.158762 0.476848 0.158381 0.476163 0.157793 0.475227 0.157087 0.474184 0.156372 0.473193 0.155758 0.472407 0.155337 0.471944 0.155175 0.471876 0.141052 0.471073 0.140004 0.471105 0.138422 0.471294 0.136549 0.471612 0.134670 0.472011 0.133076 0.472429 0.132010 0.472803 0.131635 0.473074
0 0.706540 0.514309 0.706546 0.517309 0.706703 0.518699 0.707432 0.520082 0.731804 0.534184 0.732653 0.534297 0.733780 0.534212 0.735014 0.533943 0.736165 0.533530 0.737058 0.533037 0.737556 0.532540 0.743509 0.519683 0.743923 0.518482 0.744261 0.516816 0.744469 0.514941 0.744517 0.513147 0.744397 0.511707 0.744127 0.510841 0.741187 0.507413 0.734912 0.506554 0.723106 0.504988 0.721717 0.504855 0.708817 0.504012 0.708152 0.504157 0.707399 0.506845 0.706776 0.511098
0 0.516900 0.315687 0.516941 0.317618 0.517134 0.319179 0.517640 0.322328 0.518246 0.325539 0.519130 0.329588 0.519784 0.331910 0.527630 0.330640 0.533001 0.329704 0.534376 0.329439 0.551361 0.325442 0.554253 0.321645 0.554360 0.321255 0.554317 0.320194 0.554128 0.318623 0.553823 0.316781 0.553448 0.314951 0.553061 0.313414 0.552721 0.312407 0.546302 0.300807 0.545630 0.300264 0.544613 0.299801 0.543406 0.299490 0.542195 0.299378 0.541165 0.299482 0.540472 0.299786
0 0.512080 0.850757 0.512102 0.852040 0.512245 0.853161 0.512487 0.853950 0.512790 0.854287 0.535241 0.874830 0.536853 0.874771 0.539210 0.874133 0.543134 0.872547 0.546517 0.870701 0.548258 0.869143 0.549440 0.867335 0.549215 0.866582 0.546091 0.859393 0.544033 0.854720 0.543427 0.853443 0.535241 0.837850 0.531045 0.836315 0.530501 0.836194 0.529386 0.836425 0.527868 0.836971 0.526179 0.837750 0.524572 0.838644 0.523290 0.839518 0.512680 0.847851 0.512393 0.848490 0.512183 0.849510
