0 0.781954 0.196953 0.800010 0.220031 0.800408 0.220120 0.801240 0.220216 0.802381 0.220304 0.803655 0.220372 0.804869 0.220408 0.805835 0.220407 0.806407 0.220369 0.806497 0.220301 0.815990 0.209481 0.816698 0.208600 0.817585 0.207205 0.818515 0.205509 0.819346 0.203772 0.819950 0.202261 0.820234 0.201208 0.820156 0.200773 0.818594 0.196285 0.813161 0.193694 0.801802 0.188437 0.789720 0.182931 0.789105 0.182727 0.788191 0.183634 0.786405 0.186671 0.784320 0.190804 0.783052 0.193645 0.782163 0.196032
0 0.288520 0.617742 0.288838 0.619569 0.289586 0.622105 0.291101 0.626198 0.292653 0.629606 0.293764 0.631209 0.294903 0.632110 0.307557 0.627244 0.308860 0.626704 0.319051 0.622057 0.324397 0.619592 0.324804 0.619326 0.326715 0.615313 0.326655 0.614646 0.326318 0.613416 0.325755 0.611809 0.325052 0.610070 0.324314 0.608461 0.323653 0.607223 0.315705 0.596059 0.315219 0.595823 0.314322 0.595627 0.313153 0.595502 0.311888 0.595465 0.310723 0.595524 0.309835 0.595669 0.309359 0.595877 0.288633 0.617267
0 0.058309 0.874320 0.058389 0.875477 0.058810 0.876657 0.059508 0.877679 0.060375 0.878386 0.061279 0.878671 0.073983 0.882617 0.075403 0.882676 0.077232 0.882493 0.079190 0.882097 0.080975 0.881548 0.082316 0.880931 0.083008 0.880341 0.085968 0.876161 0.084573 0.858958 0.083671 0.851871 0.082519 0.843943 0.080621 0.843511 0.076721 0.843693 0.073407 0.844187 0.069956 0.844993 0.068112 0.845603 0.065376 0.847081 0.065091 0.847624
0 0.516749 0.220764 0.518197 0.223584 0.520601 0.227353 0.522462 0.229910 0.524246 0.232024 0.525103 0.232813 0.526068 0.232897 0.553927 0.228606 0.554329 0.228417 0.554939 0.227842 0.555666 0.226968 0.556398 0.225930 0.557023 0.224885 0.557445 0.223994 0.557600 0.223393 0.553198 0.209124 0.552586 0.207789 0.551675 0.206212 0.550605 0.204634 0.549540 0.203299 0.548643 0.202410 0.548051 0.202104 0.543489 0.201294 0.528518 0.211544 0.527370 0.212338 0.516794 0.219846
0 0.481985 0.018526 0.483594 0.032332 0.483805 0.033734 0.487128 0.051083 0.490623 0.053666 0.491207 0.054087 0.492421 0.054308 0.494079 0.054296 0.495929 0.054054 0.497694 0.053619 0.511491 0.048467 0.511776 0.048308 0.512172 0.047685 0.512618 0.046692 0.513046 0.045480 0.513390 0.044234 0.513598 0.043146 0.513638 0.042382 0.513504 0.042057 0.497589 0.015249 0.495867 0.014595 0.493313 0.014354 0.489029 0.014629 0.485308 0.015488 0.483356 0.016718
0 0.220606 0.323638 0.220738 0.325538 0.221025 0.327326 0.221422 0.328729 0.226964 0.342583 0.227417 0.342979 0.228273 0.343433 0.229402 0.343875 0.230631 0.344239 0.231772 0.344467 0.232650 0.344526 0.233132 0.344407 0.257470 0.330784 0.258374 0.330039 0.258629 0.328861 0.258802 0.326068 0.258714 0.322900 0.258244 0.318471 0.257540 0.315405 0.256794 0.314774 0.243919 0.315318 0.242527 0.315397 0.224270 0.316582 0.221210 0.320009 0.220862 0.320644 0.220650 0.321919
0 0.285894 0.577457 0.286210 0.578667 0.287189 0.580226 0.289641 0.583014 0.292745 0.586137 0.294755 0.587948 0.296305 0.589109 0.296798 0.589284 0.324889 0.579501 0.325269 0.579114 0.325764 0.578337 0.326299 0.577288 0.326791 0.576128 0.327165 0.575034 0.327365 0.574175 0.327359 0.573680 0.320888 0.562409 0.320484 0.561753 0.319639 0.560686 0.318484 0.559370 0.317192 0.558004 0.315959 0.556793 0.314970 0.555921 0.314376 0.555521 0.309940 0.555646 0.309504 0.555744 0.305053 0.559642 0.296613 0.567075 0.295581 0.568035
0 0.159470 0.402755 0.159545 0.404650 0.159813 0.406393 0.160232 0.407718 0.165591 0.421380 0.165985 0.421850 0.166797 0.422370 0.167903 0.422859 0.169135 0.423243 0.170303 0.423463 0.171229 0.423485 0.171772 0.423307 0.196234 0.410915 0.197386 0.409905 0.197757 0.408637 0.198099 0.405751 0.198134 0.402557 0.197755 0.398190 0.197024 0.395273 0.196129 0.394841 0.183337 0.394833 0.181946 0.394862 0.169904 0.395380 0.163487 0.395666 0.160362 0.398927 0.159913 0.399657 0.159600 0.401002
0 0.855114 0.226523 0.860998 0.231879 0.866456 0.236653 0.879781 0.247315 0.884750 0.247087 0.885406 0.246682 0.886470 0.245771 0.887779 0.244492 0.889133 0.243040 0.890323 0.241638 0.891168 0.240501 0.891538 0.239804 0.895855 0.228388 0.896013 0.227397 0.895842 0.226231 0.895367 0.225069 0.894662 0.224087 0.893835 0.223438 0.867156 0.213580 0.866790 0.213691 0.864585 0.215535 0.863234 0.216859 0.860822 0.219406 0.858605 0.221910 0.856135 0.224940
0 0.137737 0.922932 0.148914 0.930215 0.150106 0.930972 0.164959 0.940358 0.169767 0.939305 0.169882 0.939153 0.170410 0.938363 0.171270 0.937055 0.172330 0.935430 0.173427 0.933738 0.174393 0.932239 0.175081 0.931160 0.175386 0.930666 0.180162 0.917348 0.180083 0.917045 0.179744 0.916380 0.179197 0.915456 0.178525 0.914412 0.177830 0.913406 0.177217 0.912591 0.176779 0.912090 0.176583 0.911980 0.147115 0.908867 0.146777 0.909233 0.146117 0.910177 0.144499 0.912558 0.142630 0.915354 0.139987 0.919361 0.138141 0.922218
0 0.680464 0.231743 0.681969 0.235912 0.682298 0.236433 0.683252 0.237155 0.684685 0.237968 0.686379 0.238751 0.688079 0.239384 0.689529 0.239773 0.702818 0.242466 0.703446 0.242252 0.704323 0.241735 0.705315 0.240995 0.706271 0.240143 0.707044 0.239312 0.707516 0.238628 0.707616 0.238195 0.708436 0.208177 0.708393 0.207663 0.707190 0.206428 0.705097 0.205017 0.701297 0.203040 0.697734 0.201679 0.695534 0.201413 0.693589 0.201768 0.687574 0.214098 0.686997 0.215389
0 0.618389 0.137400 0.620259 0.139829 0.623530 0.142774 0.626127 0.144626 0.628678 0.145999 0.629945 0.146390 0.631519 0.145871 0.655903 0.133807 0.656388 0.133427 0.656937 0.132626 0.657465 0.131526 0.657893 0.130294 0.658154 0.129119 0.658208 0.128181 0.658047 0.127623 0.650328 0.114964 0.649534 0.113782 0.648304 0.112498 0.646826 0.111307 0.645328 0.110394 0.644040 0.109898 0.643159 0.109895 0.638696 0.110434 0.634633 0.115485 0.627034 0.124959 0.626185 0.126059 0.618631 0.136279
0 0.851417 0.440100 0.864094 0.466614 0.865049 0.466736 0.867620 0.466896 0.870737 0.466991 0.875339 0.467020 0.878791 0.466926 0.879926 0.466725 0.880346 0.453268 0.880679 0.440409 0.880760 0.434377 0.877449 0.430932 0.877054 0.430773 0.875954 0.430638 0.874318 0.430548 0.872396 0.430517 0.870483 0.430550 0.868873 0.430641 0.867812 0.430777 0.854032 0.434189 0.853903 0.434312 0.853595 0.434866 0.853153 0.435769 0.852646 0.436883 0.852150 0.438036 0.851743 0.439053 0.851486 0.439777
0 0.547218 0.429704 0.547227 0.430044 0.549725 0.431006 0.553793 0.432268 0.556911 0.433112 0.559870 0.433797 0.561273 0.434044 0.562784 0.434025 0.581002 0.412055 0.581269 0.411342 0.581391 0.410289 0.581348 0.409058 0.581148 0.407837 0.580821 0.406813 0.580417 0.406143 0.568860 0.398544 0.567758 0.398059 0.566183 0.397510 0.564377 0.396983 0.562617 0.396558 0.561174 0.396299 0.560267 0.396248 0.556372 0.398620 0.556129 0.399046 0.550730 0.415628 0.550351 0.416975
0 0.336640 0.875204 0.350153 0.903052 0.351577 0.903660 0.353937 0.903970 0.358128 0.903935 0.361980 0.903400 0.364267 0.902485 0.366195 0.901074 0.366378 0.900188 0.366032 0.892367 0.365750 0.887303 0.365645 0.885891 0.363627 0.868383 0.359815 0.865120 0.358740 0.864893 0.357156 0.864833 0.355305 0.864949 0.353464 0.865223 0.351912 0.865614 0.339074 0.869530 0.338537 0.870056 0.337941 0.870960 0.337377 0.872104 0.336931 0.873313 0.336673 0.874402
0 0.334842 0.099541 0.335355 0.103851 0.335927 0.105147 0.348834 0.116712 0.349906 0.117597 0.354345 0.121181 0.360676 0.126117 0.362756 0.124814 0.365645 0.121869 0.367661 0.119282 0.369384 0.116514 0.370073 0.114991 0.370353 0.112586 0.358078 0.088169 0.357464 0.087407 0.356502 0.086706 0.355338 0.086173 0.354152 0.085891 0.353124 0.085901 0.352411 0.086203 0.339377 0.092893 0.338177 0.093923 0.336950 0.095327 0.335885 0.096889 0.335145 0.098369
0 0.129375 0.513405 0.129969 0.517087 0.131179 0.521310 0.132198 0.523817 0.133247 0.525496 0.133798 0.525820 0.163523 0.531487 0.163939 0.531386 0.164683 0.530996 0.165644 0.530377 0.166673 0.529623 0.167613 0.528851 0.168321 0.528177 0.168689 0.527704 0.168664 0.514001 0.168606 0.512608 0.168342 0.510865 0.167911 0.509037 0.167377 0.507398 0.166822 0.506197 0.166329 0.505616 0.162581 0.503420 0.161723 0.503436 0.156053 0.504476 0.145233 0.506501 0.143852 0.506803 0.130513 0.510061 0.129636 0.511453
0 0.135586 0.185549 0.135764 0.186458 0.141173 0.212956 0.141344 0.213390 0.143806 0.214734 0.145551 0.215348 0.148889 0.216245 0.152155 0.216895 0.156088 0.217358 0.158116 0.217191 0.159711 0.209360 0.160965 0.202288 0.163344 0.185266 0.160667 0.181009 0.160084 0.180494 0.158847 0.179906 0.157143 0.179335 0.155234 0.178868 0.153412 0.178578 0.151956 0.178509 0.151091 0.178672 0.138762 0.181327 0.137882 0.181619 0.137002 0.182314 0.136256 0.183306 0.135759 0.184442
0 0.443823 0.894483 0.444571 0.897007 0.445669 0.899439 0.447800 0.902790 0.450272 0.906029 0.451755 0.907610 0.452768 0.908251 0.482112 0.900979 0.482804 0.900468 0.483524 0.899589 0.484163 0.898476 0.484621 0.897301 0.484831 0.896242 0.484759 0.895462 0.480400 0.884203 0.479896 0.883078 0.479070 0.881595 0.478050 0.879979 0.476988 0.878474 0.476044 0.877306 0.475362 0.876653 0.470484 0.875769 0.455699 0.885272 0.450292 0.889028 0.443962 0.893687
0 0.560522 0.876660 0.560556 0.877432 0.560912 0.878439 0.561534 0.879528 0.562330 0.880532 0.563176 0.881297 0.563944 0.881706 0.593981 0.884474 0.594859 0.883663 0.596071 0.881862 0.598021 0.878280 0.599639 0.874658 0.600392 0.872116 0.600806 0.869553 0.600584 0.868818 0.593627 0.865149 0.587710 0.862230 0.571680 0.855038 0.567283 0.856542 0.566993 0.856642 0.566430 0.857402 0.565679 0.858704 0.564854 0.860352 0.564079 0.862097 0.563472 0.863676 0.563125 0.864849
0 0.836214 0.806259 0.842925 0.822582 0.843517 0.823870 0.845684 0.828397 0.849151 0.835398 0.849837 0.836212 0.852350 0.836698 0.854878 0.836500 0.858535 0.835140 0.862187 0.833102 0.864047 0.831618 0.864918 0.830292 0.863110 0.799153 0.862715 0.798494 0.861971 0.797677 0.860993 0.796829 0.859930 0.796078 0.858944 0.795541 0.858187 0.795298 0.857773 0.795386 0.845102 0.798134 0.843521 0.798499 0.841761 0.799128 0.840088 0.799926 0.838754 0.800774 0.837961 0.801543
0 0.754087 0.562866 0.754090 0.564118 0.754133 0.565310 0.754211 0.566261 0.754311 0.566825 0.776661 0.586699 0.777370 0.586622 0.779519 0.586014 0.782266 0.585044 0.786466 0.583352 0.789742 0.581823 0.790992 0.580947 0.791302 0.580241 0.785996 0.567847 0.785428 0.566558 0.778445 0.550832 0.774021 0.548904 0.773808 0.548841 0.772943 0.549068 0.771561 0.549551 0.769872 0.550216 0.768130 0.550962 0.766598 0.551677 0.765508 0.552252 0.765027 0.552601 0.754299 0.560541 0.754201 0.560930 0.754126 0.561746
0 0.044130 0.975499 0.044290 0.976064 0.066246 0.995854 0.067000 0.996335 0.068107 0.996557 0.069398 0.996486 0.070675 0.996132 0.071743 0.995550 0.072439 0.994830 0.078980 0.986745 0.079543 0.985938 0.080336 0.984558 0.081239 0.982815 0.082115 0.980972 0.082832 0.979309 0.083282 0.978075 0.083396 0.977458 0.081563 0.972945 0.066560 0.965447 0.059722 0.962570 0.052459 0.959541 0.051497 0.960605 0.049435 0.963672 0.047762 0.966528 0.045970 0.970301 0.044578 0.973843
0 0.874920 0.375496 0.878772 0.382455 0.882446 0.388711 0.891623 0.403090 0.896359 0.404480 0.897045 0.404335 0.898284 0.403837 0.899890 0.403061 0.901616 0.402126 0.903197 0.401176 0.904390 0.400355 0.905014 0.399791 0.912955 0.390261 0.913387 0.389387 0.913577 0.388237 0.913493 0.386986 0.913149 0.385826 0.912598 0.384935 0.890238 0.367173 0.889929 0.367130 0.887415 0.368102 0.885767 0.368901 0.882725 0.370521 0.879837 0.372179 0.876487 0.374280
0 0.548666 0.191743 0.548827 0.192578 0.549153 0.193678 0.549594 0.194873 0.550083 0.195980 0.550545 0.196831 0.550909 0.197296 0.564068 0.201089 0.565435 0.201399 0.567189 0.201617 0.569064 0.201710 0.570777 0.201665 0.572071 0.201487 0.572746 0.201203 0.575907 0.198187 0.576086 0.197427 0.576669 0.191667 0.577739 0.180675 0.577829 0.179265 0.578368 0.165579 0.577219 0.164434 0.575385 0.163693 0.571672 0.163262 0.567292 0.163237 0.564622 0.163489 0.562748 0.163985 0.562306 0.164391 0.548695 0.191299
0 0.371794 0.355450 0.378073 0.367385 0.378761 0.368613 0.384615 0.378257 0.387718 0.383321 0.387949 0.383564 0.392183 0.385031 0.392804 0.384838 0.393959 0.384314 0.395472 0.383541 0.397114 0.382634 0.398637 0.381730 0.399812 0.380967 0.400459 0.380459 0.409934 0.371711 0.410133 0.371237 0.410241 0.370353 0.410240 0.369196 0.410131 0.367940 0.409929 0.366780 0.409667 0.365892 0.409384 0.365411 0.385814 0.347507 0.385369 0.347515 0.383649 0.348137 0.381257 0.349241 0.377394 0.351264 0.374174 0.353176 0.372654 0.354373
0 0.743250 0.685016 0.743472 0.685730 0.744043 0.686960 0.744876 0.688519 0.745846 0.690173 0.746805 0.691671 0.747610 0.692787 0.748137 0.693351 0.752710 0.694462 0.765215 0.688002 0.776224 0.682283 0.780921 0.678725 0.780952 0.678006 0.780320 0.676246 0.779574 0.674683 0.777169 0.670397 0.776043 0.668623 0.774376 0.666285 0.773143 0.664862 0.772224 0.664366 0.765073 0.668410 0.756189 0.673447 0.744834 0.680425 0.744614 0.680870
0 0.116069 0.707226 0.116806 0.708496 0.118492 0.710095 0.121874 0.712516 0.125316 0.714377 0.127756 0.715052 0.130237 0.715160 0.130971 0.714628 0.135302 0.708103 0.138042 0.703822 0.138791 0.702622 0.147507 0.687310 0.146364 0.682436 0.145655 0.681649 0.144428 0.680683 0.142867 0.679687 0.141209 0.678809 0.139704 0.678183 0.127060 0.673801 0.126294 0.673885 0.125263 0.674242 0.124121 0.674820 0.123046 0.675530 0.122200 0.676263 0.121714 0.676907
0 0.396020 0.421224 0.396306 0.422740 0.396826 0.425128 0.397786 0.429268 0.398701 0.432986 0.399283 0.435089 0.399814 0.436750 0.399913 0.436776 0.407671 0.435219 0.412902 0.434158 0.414269 0.433834 0.431124 0.429114 0.433756 0.425301 0.433473 0.424118 0.432694 0.420866 0.432257 0.419042 0.431953 0.417774 0.431613 0.416356 0.431504 0.415904 0.425547 0.405026 0.425206 0.404582 0.424435 0.404139 0.423352 0.403762 0.422122 0.403511 0.420933 0.403424 0.419968 0.403513 0.419373 0.403765 0.396023 0.421013
0 0.179531 0.299901 0.179627 0.300715 0.183179 0.328292 0.183289 0.328528 0.185579 0.329578 0.187251 0.330159 0.190492 0.331139 0.193696 0.331988 0.197600 0.332858 0.199674 0.333113 0.201845 0.325458 0.203520 0.318784 0.203606 0.318423 0.207248 0.301756 0.204909 0.297444 0.204392 0.297076 0.203226 0.296569 0.201586 0.295998 0.199725 0.295452 0.197927 0.295015 0.196468 0.294753 0.195573 0.294707 0.183000 0.295861 0.182115 0.296183 0.181194 0.296871 0.180379 0.297820 0.179795 0.298884
0 0.787356 0.499619 0.787400 0.501401 0.787565 0.502826 0.790112 0.516239 0.790527 0.516677 0.791319 0.517244 0.792368 0.517852 0.793514 0.518408 0.794582 0.518828 0.795407 0.519047 0.795864 0.519032 0.823879 0.508183 0.824301 0.507838 0.824938 0.506101 0.825420 0.503522 0.825797 0.499193 0.825730 0.495430 0.825201 0.493452 0.824230 0.492059 0.810577 0.491242 0.809165 0.491198 0.798095 0.491280 0.791564 0.491344 0.788247 0.494240 0.787921 0.494837 0.787638 0.496069 0.787439 0.497748
0 0.809940 0.903667 0.810679 0.904494 0.813020 0.906769 0.815275 0.908849 0.818381 0.911535 0.821384 0.914013 0.822849 0.915140 0.823443 0.915477 0.848675 0.900777 0.849349 0.900108 0.849876 0.899073 0.850175 0.897832 0.850201 0.896574 0.849949 0.895491 0.843556 0.885593 0.842947 0.885034 0.841854 0.884069 0.840442 0.882844 0.838926 0.881545 0.837535 0.880369 0.836478 0.879492 0.835916 0.879048 0.831067 0.879468 0.819615 0.891868 0.814910 0.897523
0 0.093359 0.887325 0.094908 0.904018 0.095439 0.905762 0.096292 0.907463 0.097333 0.908860 0.098405 0.909739 0.103558 0.911374 0.109438 0.908309 0.120417 0.902583 0.121637 0.901928 0.132547 0.895837 0.133506 0.894628 0.133004 0.891430 0.131313 0.887312 0.129667 0.884592 0.127772 0.882426 0.126649 0.881679 0.097968 0.882424 0.097275 0.882669 0.096364 0.883260 0.095374 0.884109 0.094455 0.885085 0.093749 0.886040 0.093364 0.886827
0 0.089596 0.930087 0.089686 0.945679 0.089701 0.947288 0.090082 0.949126 0.090771 0.950909 0.091660 0.952365 0.092615 0.953269 0.095597 0.954609 0.097572 0.955349 0.103078 0.953063 0.115313 0.947952 0.127881 0.942571 0.128872 0.941245 0.128618 0.937852 0.127303 0.933520 0.125934 0.930678 0.124292 0.928435 0.123282 0.927679 0.094618 0.925555 0.093932 0.925803 0.092992 0.926367 0.091942 0.927161 0.090941 0.928064 0.090144 0.928938 0.089672 0.929648
0 0.112685 0.149880 0.112845 0.151851 0.120782 0.163305 0.121613 0.164454 0.128140 0.173026 0.131556 0.177487 0.132536 0.178353 0.136684 0.179127 0.137589 0.179143 0.138924 0.178714 0.140486 0.177905 0.142038 0.176840 0.143347 0.175678 0.153460 0.164723 0.153512 0.164512 0.153455 0.163836 0.153296 0.162798 0.153060 0.161554 0.152783 0.160296 0.152507 0.159217 0.152275 0.158480 0.152122 0.158199 0.125731 0.142240 0.124928 0.141973 0.122778 0.142326 0.120176 0.143379 0.116357 0.145637 0.113538 0.148049
0 0.073889 0.352482 0.074067 0.353462 0.074560 0.354570 0.075291 0.355637 0.076150 0.356498 0.077004 0.357024 0.103262 0.364401 0.105551 0.363954 0.106917 0.363090 0.109321 0.360985 0.111501 0.358558 0.113884 0.355119 0.114805 0.352688 0.108813 0.347328 0.104495 0.343541 0.103431 0.342648 0.089728 0.332065 0.088373 0.331505 0.084035 0.331831 0.082946 0.332246 0.081631 0.333172 0.080289 0.334468 0.079128 0.335936 0.078326 0.337349 0.074053 0.351780
0 0.919175 0.924584 0.919235 0.925143 0.919354 0.926114 0.919513 0.927347 0.919688 0.928655 0.919853 0.929838 0.919982 0.930713 0.920056 0.931149 0.933814 0.939992 0.935435 0.940806 0.937323 0.941538 0.939187 0.942073 0.940741 0.942331 0.941746 0.942271 0.945328 0.940413 0.946264 0.939714 0.950737 0.923908 0.951116 0.922560 0.954649 0.909416 0.954407 0.908121 0.953122 0.906925 0.949643 0.905347 0.945134 0.903858 0.942141 0.903151 0.939741 0.902891 0.938902 0.903047 0.919183 0.924519
0 0.574340 0.370482 0.574529 0.371195 0.574934 0.372178 0.575495 0.373280 0.576125 0.374334 0.576728 0.375177 0.577211 0.375681 0.577502 0.375769 0.605515 0.382746 0.606107 0.382224 0.606890 0.381327 0.608692 0.379175 0.610700 0.376714 0.613462 0.373254 0.615324 0.370836 0.615630 0.370301 0.605458 0.361846 0.604365 0.360967 0.595266 0.353835 0.590452 0.350065 0.585765 0.350442 0.585288 0.350887 0.584429 0.351842 0.583319 0.353162 0.582127 0.354644 0.581038 0.356061 0.580218 0.357194 0.579791 0.357873 0.574397 0.370147
0 0.460740 0.664915 0.460945 0.666066 0.461330 0.667267 0.461834 0.668334 0.462381 0.669104 0.462886 0.669460 0.489389 0.681571 0.489586 0.681548 0.490782 0.680666 0.492621 0.679119 0.495766 0.676299 0.498554 0.673645 0.500087 0.671996 0.501248 0.670527 0.501203 0.670295 0.496048 0.664308 0.492567 0.660312 0.491615 0.659277 0.479241 0.646874 0.474634 0.646496 0.474276 0.646753 0.473436 0.647472 0.472241 0.648543 0.470874 0.649803 0.469539 0.651064 0.468439 0.652134 0.467740 0.652851 0.467551 0.653105 0.460957 0.663433 0.460744 0.663991
0 0.761241 0.257869 0.763221 0.261920 0.763462 0.262355 0.764370 0.262944 0.765807 0.263597 0.767556 0.264217 0.769351 0.264708 0.770923 0.264998 0.784277 0.266409 0.784970 0.266172 0.785868 0.265605 0.786834 0.264794 0.787718 0.263863 0.788387 0.262954 0.788738 0.262208 0.788718 0.261736 0.787254 0.231485 0.786165 0.230454 0.784105 0.229301 0.780231 0.227718 0.776487 0.226663 0.774044 0.226511 0.771750 0.226890 0.771257 0.227524 0.768489 0.234859 0.766744 0.239662 0.766285 0.240999
