0 0.427986 0.087858 0.428224 0.089104 0.430419 0.091678 0.433786 0.094745 0.436283 0.096645 0.438573 0.098022 0.439604 0.098385 0.466132 0.086509 0.466456 0.086097 0.466875 0.085271 0.467324 0.084157 0.467735 0.082924 0.468046 0.081761 0.468208 0.080846 0.468196 0.080320 0.459954 0.067261 0.458985 0.066008 0.457665 0.064662 0.456196 0.063431 0.454806 0.062503 0.453706 0.062021 0.453065 0.062059 0.448450 0.062453 0.444648 0.067091 0.436437 0.077246
0 0.087345 0.600349 0.107653 0.623093 0.108413 0.623439 0.109521 0.623652 0.110806 0.623700 0.112072 0.623576 0.113125 0.623298 0.113806 0.622910 0.122433 0.612753 0.123382 0.611372 0.124344 0.609734 0.125174 0.608085 0.125746 0.606675 0.125973 0.605717 0.124458 0.600977 0.109125 0.592346 0.103297 0.589369 0.096224 0.585973 0.095380 0.586098 0.093391 0.587761 0.091693 0.589766 0.089712 0.593185 0.088033 0.596929 0.087375 0.599051
0 0.102795 0.703962 0.102828 0.704845 0.113702 0.732701 0.114641 0.733055 0.116672 0.733271 0.120673 0.733344 0.124693 0.733144 0.127485 0.732709 0.130272 0.732002 0.131046 0.731536 0.131104 0.723665 0.130957 0.716249 0.130023 0.699512 0.126483 0.696086 0.125638 0.695960 0.124189 0.695903 0.122355 0.695926 0.120412 0.696024 0.118655 0.696183 0.117348 0.696379 0.105863 0.699529 0.105120 0.699890 0.104327 0.700649 0.103606 0.701690 0.103068 0.702853
0 0.237390 0.451271 0.237457 0.452736 0.237707 0.453641 0.240464 0.457191 0.241368 0.457377 0.246710 0.458376 0.258456 0.460550 0.259836 0.460748 0.272653 0.462181 0.273373 0.462129 0.274292 0.459527 0.275136 0.455329 0.275522 0.452126 0.275640 0.449102 0.275528 0.447679 0.274803 0.446183 0.251215 0.431010 0.250359 0.430839 0.249219 0.430856 0.247969 0.431060 0.246801 0.431419 0.245894 0.431878 0.245385 0.432367 0.238737 0.444821 0.238246 0.445977 0.237817 0.447610 0.237516 0.449470
0 0.344683 0.895680 0.344803 0.896062 0.355351 0.925001 0.356801 0.925843 0.359183 0.926462 0.363395 0.926912 0.367250 0.926766 0.369520 0.926015 0.371415 0.924671 0.371570 0.923708 0.372078 0.915906 0.372381 0.910874 0.372426 0.909459 0.372278 0.891818 0.368821 0.888152 0.367728 0.887770 0.366132 0.887517 0.364274 0.887430 0.362434 0.887521 0.360891 0.887779 0.347650 0.890248 0.347099 0.890747 0.346442 0.891610 0.345778 0.892704 0.345211 0.893862 0.344826 0.894908
0 0.524946 0.054864 0.525024 0.055682 0.529779 0.066685 0.530291 0.067852 0.531142 0.069352 0.532203 0.070956 0.533313 0.072424 0.534305 0.073532 0.535028 0.074115 0.539939 0.074832 0.553679 0.065387 0.554434 0.064861 0.559706 0.060980 0.565884 0.056143 0.566055 0.055219 0.565310 0.052540 0.564185 0.050039 0.561967 0.046723 0.559378 0.043602 0.557815 0.042139 0.556737 0.041631 0.527528 0.050024 0.526864 0.050530 0.526176 0.051420 0.525570 0.052556 0.525138 0.053766
0 0.936463 0.807456 0.936486 0.807787 0.936793 0.808499 0.937340 0.809483 0.938042 0.810590 0.938792 0.811650 0.939476 0.812502 0.939988 0.813014 0.940251 0.813109 0.971566 0.817996 0.973372 0.817109 0.975325 0.815312 0.977927 0.811846 0.979573 0.808424 0.979664 0.806112 0.978791 0.803862 0.966992 0.796286 0.965774 0.795554 0.950252 0.787051 0.945304 0.788275 0.944262 0.789058 0.943156 0.790335 0.942153 0.791914 0.941403 0.793556
0 0.772063 0.797446 0.772094 0.798673 0.772170 0.799949 0.772277 0.801080 0.772401 0.801891 0.772522 0.802260 0.796023 0.821801 0.796748 0.822057 0.798890 0.821855 0.801599 0.821093 0.805709 0.819382 0.808883 0.817500 0.810050 0.816018 0.810265 0.814376 0.804241 0.801949 0.803600 0.800687 0.798466 0.791058 0.795773 0.786029 0.794992 0.785287 0.791000 0.783791 0.790131 0.783748 0.788764 0.784054 0.787106 0.784663 0.785407 0.785481 0.783925 0.786387 0.772244 0.795732 0.772145 0.795855 0.772081 0.796457
0 0.307463 0.362358 0.308038 0.362895 0.310720 0.364593 0.314574 0.366876 0.317323 0.368431 0.319736 0.369724 0.320747 0.370213 0.321360 0.370291 0.345158 0.353967 0.345365 0.353730 0.345607 0.353042 0.345845 0.352008 0.346045 0.350785 0.346175 0.349560 0.346215 0.348522 0.346160 0.347828 0.346018 0.347585 0.336423 0.337860 0.335732 0.337306 0.334520 0.336485 0.332970 0.335520 0.331321 0.334561 0.329826 0.333754 0.328714 0.333223 0.328155 0.333050 0.323619 0.334346 0.314664 0.349677 0.313961 0.350889
0 0.750538 0.485872 0.750618 0.486086 0.769248 0.508764 0.769976 0.508624 0.772220 0.508129 0.775108 0.507460 0.779543 0.506396 0.783023 0.505525 0.784380 0.505137 0.784763 0.504947 0.781639 0.491904 0.778557 0.479513 0.777078 0.473648 0.773037 0.471086 0.772525 0.471199 0.771364 0.471474 0.769730 0.471870 0.767873 0.472326 0.766079 0.472772 0.764624 0.473139 0.763728 0.473372 0.763526 0.473436 0.751583 0.479742 0.751429 0.480007 0.751226 0.480715 0.751003 0.481759 0.750795 0.482980 0.750633 0.484191 0.750543 0.485207
0 0.444655 0.196480 0.445636 0.198546 0.446615 0.199908 0.448720 0.202431 0.450969 0.204832 0.453944 0.207626 0.455818 0.208946 0.461712 0.203568 0.465732 0.199735 0.466739 0.198769 0.478789 0.186217 0.479173 0.181328 0.479093 0.180754 0.478516 0.179721 0.477528 0.178383 0.476282 0.176946 0.474967 0.175630 0.473786 0.174638 0.472920 0.174121 0.461085 0.168478 0.460247 0.168294 0.459155 0.168401 0.457977 0.168783 0.456894 0.169381 0.456070 0.170104 0.455631 0.170841
0 0.204301 0.432691 0.204382 0.433578 0.206131 0.437733 0.211938 0.440392 0.222857 0.445351 0.224142 0.445889 0.236124 0.450529 0.236970 0.450546 0.238610 0.448170 0.240517 0.444277 0.241674 0.441284 0.242480 0.438434 0.242667 0.437078 0.242158 0.435595 0.223686 0.415255 0.223295 0.414859 0.222469 0.414513 0.221332 0.414269 0.220059 0.414166 0.218844 0.414218 0.217873 0.414418 0.217295 0.414735 0.207534 0.425325 0.206716 0.426368 0.205862 0.427869 0.205102 0.429600 0.204554 0.431294
0 0.646111 0.492121 0.651565 0.504005 0.651953 0.504630 0.652736 0.505717 0.653794 0.507101 0.654967 0.508573 0.656078 0.509912 0.656960 0.510914 0.657478 0.511427 0.662287 0.511706 0.667073 0.508133 0.676141 0.501330 0.677246 0.500460 0.687623 0.491931 0.687290 0.490889 0.686372 0.489366 0.684134 0.486421 0.681322 0.483012 0.679513 0.480968 0.678130 0.479576 0.677701 0.479285 0.649030 0.486548 0.648596 0.486941 0.648022 0.487703 0.647396 0.488716 0.646814 0.489827 0.646366 0.490864 0.646119 0.491670
0 0.580348 0.296597 0.580365 0.297200 0.583207 0.310244 0.583452 0.310510 0.584106 0.310933 0.585070 0.311449 0.586197 0.311979 0.587314 0.312441 0.588250 0.312765 0.588863 0.312901 0.589059 0.312830 0.616023 0.301125 0.616135 0.300473 0.616327 0.298301 0.616496 0.295423 0.616673 0.290914 0.616727 0.287290 0.616633 0.285753 0.616417 0.285118 0.603054 0.284657 0.601649 0.284626 0.584241 0.284333 0.580677 0.287514 0.580636 0.287660 0.580578 0.288520 0.580511 0.289961 0.580445 0.291764 0.580392 0.293657 0.580358 0.295353
0 0.132689 0.449131 0.134697 0.453455 0.135036 0.453746 0.136045 0.454239 0.137570 0.454857 0.139377 0.455508 0.141189 0.456090 0.142727 0.456514 0.143758 0.456717 0.157847 0.457910 0.158020 0.457844 0.158501 0.457426 0.159217 0.456719 0.160059 0.455831 0.160898 0.454898 0.161605 0.454063 0.162073 0.453452 0.162230 0.453160 0.158837 0.423985 0.157957 0.423548 0.155561 0.422553 0.152638 0.421451 0.148306 0.419943 0.145037 0.418935 0.143934 0.418783 0.139186 0.431384 0.134720 0.443452
0 0.714451 0.610924 0.714460 0.613776 0.714718 0.616950 0.715381 0.621308 0.716171 0.624242 0.716858 0.624713 0.729739 0.623586 0.731126 0.623438 0.742933 0.621986 0.749209 0.621208 0.752117 0.617665 0.752389 0.616954 0.752505 0.615628 0.752447 0.613889 0.752223 0.612003 0.751868 0.610261 0.751437 0.608929 0.745349 0.595574 0.744853 0.595169 0.743960 0.594739 0.742806 0.594349 0.741568 0.594059 0.740436 0.593914 0.739583 0.593935 0.739138 0.594119 0.715353 0.608730 0.714607 0.609681
0 0.762779 0.251731 0.763713 0.256064 0.763906 0.256638 0.764700 0.257497 0.765974 0.258513 0.767534 0.259531 0.769145 0.260398 0.770564 0.260982 0.783276 0.265562 0.783966 0.265433 0.784939 0.265041 0.786046 0.264447 0.787119 0.263740 0.787993 0.263030 0.788534 0.262426 0.788660 0.262018 0.794048 0.231866 0.793130 0.230453 0.791327 0.228744 0.787890 0.226236 0.784527 0.224384 0.782290 0.223824 0.780146 0.223929 0.779640 0.224618 0.775222 0.231084 0.772362 0.235282 0.771605 0.236477
0 0.366397 0.071697 0.366670 0.072590 0.374133 0.075068 0.381248 0.077215 0.397434 0.081476 0.401792 0.079165 0.402200 0.078405 0.402716 0.077047 0.403262 0.075296 0.403756 0.073415 0.404123 0.071690 0.404307 0.070380 0.404911 0.058496 0.404774 0.057673 0.404279 0.056682 0.403499 0.055673 0.402555 0.054802 0.401591 0.054202 0.400754 0.053964 0.370780 0.055707 0.370098 0.056480 0.369228 0.058338 0.367903 0.062118 0.366873 0.066007 0.366485 0.068809
0 0.318510 0.193178 0.321414 0.206564 0.321742 0.207938 0.324572 0.218608 0.326070 0.224197 0.326516 0.224888 0.330095 0.227337 0.330870 0.227491 0.332223 0.227439 0.333949 0.227189 0.335787 0.226781 0.337458 0.226274 0.338712 0.225747 0.351102 0.219780 0.351342 0.219269 0.351622 0.218359 0.351897 0.217189 0.352125 0.215937 0.352272 0.214797 0.352316 0.213941 0.352248 0.213501 0.334115 0.189307 0.333539 0.188996 0.331508 0.188843 0.328764 0.189057 0.324410 0.189828 0.320854 0.190872 0.319274 0.191891
0 0.660284 0.891204 0.661146 0.892898 0.662950 0.896381 0.664493 0.899342 0.666110 0.902428 0.666980 0.904077 0.668288 0.906527 0.668436 0.906784 0.697235 0.903178 0.698126 0.902760 0.699011 0.901979 0.699754 0.900954 0.700243 0.899841 0.700401 0.898811 0.698337 0.886885 0.698014 0.886166 0.697381 0.884890 0.696535 0.883255 0.695606 0.881510 0.694737 0.879924 0.694060 0.878740 0.693679 0.878137 0.689011 0.876724 0.673695 0.883967 0.667215 0.887369
0 0.604572 0.139122 0.607039 0.140329 0.611174 0.141330 0.614390 0.141712 0.617486 0.141708 0.618983 0.141458 0.620703 0.140295 0.635869 0.117387 0.636097 0.116431 0.636126 0.115219 0.635950 0.113936 0.635596 0.112779 0.635119 0.111924 0.634591 0.111502 0.622477 0.104162 0.621392 0.103520 0.619802 0.102992 0.617952 0.102659 0.616126 0.102571 0.614604 0.102742 0.613618 0.103145 0.610085 0.105770 0.609698 0.107074 0.606375 0.124074 0.606165 0.125448 0.604691 0.138059
0 0.496538 0.825744 0.496604 0.826744 0.496804 0.829354 0.497062 0.832474 0.497459 0.837024 0.497774 0.840383 0.497902 0.841407 0.511294 0.840378 0.524053 0.839313 0.530070 0.838757 0.533196 0.835120 0.533221 0.834671 0.533172 0.833535 0.533055 0.831885 0.532889 0.829973 0.532699 0.828095 0.532514 0.826537 0.532363 0.825538 0.532269 0.825247 0.527785 0.812322 0.527587 0.812180 0.526952 0.811910 0.525975 0.811553 0.524806 0.811164 0.523624 0.810802 0.522610 0.810522 0.521918 0.810368 0.521654 0.810362 0.496575 0.825521
0 0.904710 0.323598 0.920676 0.333140 0.933022 0.340064 0.937726 0.339050 0.938409 0.338671 0.939389 0.337711 0.940515 0.336315 0.941615 0.334698 0.942520 0.333107 0.943092 0.331787 0.943243 0.330939 0.942209 0.326900 0.941726 0.326134 0.920642 0.312622 0.914344 0.309621 0.913251 0.309862 0.911416 0.311680 0.909328 0.314663 0.906482 0.319241 0.904931 0.322111
0 0.587821 0.780026 0.587906 0.785183 0.588054 0.793037 0.588113 0.793660 0.589867 0.794590 0.592056 0.795154 0.595887 0.795388 0.600133 0.795254 0.602570 0.794944 0.604101 0.794457 0.604300 0.794097 0.616100 0.766773 0.616222 0.766295 0.616104 0.765445 0.615763 0.764351 0.615253 0.763181 0.614650 0.762116 0.614048 0.761316 0.613538 0.760905 0.600402 0.757657 0.598890 0.757447 0.597066 0.757326 0.595203 0.757313 0.593585 0.757409 0.592454 0.757601 0.591985 0.757859 0.588823 0.761054 0.587842 0.778614
0 0.800031 0.554714 0.800104 0.556050 0.800366 0.557767 0.800779 0.559606 0.801280 0.561289 0.801793 0.562561 0.802242 0.563229 0.805999 0.565397 0.806765 0.565583 0.812475 0.564526 0.823359 0.562491 0.824742 0.562202 0.838063 0.559151 0.838838 0.558007 0.839049 0.556198 0.838465 0.552554 0.837318 0.548265 0.836365 0.545655 0.835396 0.543829 0.834894 0.543402 0.805340 0.537228 0.804900 0.537375 0.804136 0.537793 0.803163 0.538419 0.802131 0.539157 0.801197 0.539894 0.800505 0.540517 0.800159 0.540932
0 0.270346 0.702228 0.270411 0.702696 0.282441 0.708580 0.293925 0.714076 0.299396 0.716670 0.303975 0.715192 0.304120 0.715002 0.304571 0.714172 0.305259 0.712830 0.306079 0.711180 0.306908 0.709470 0.307620 0.707960 0.308108 0.706876 0.308297 0.706385 0.311139 0.693192 0.310996 0.692894 0.310549 0.692277 0.309866 0.691435 0.309052 0.690496 0.308231 0.689603 0.307528 0.688895 0.307052 0.688478 0.306874 0.688416 0.277315 0.688290 0.276893 0.688920 0.275753 0.690937 0.274367 0.693571 0.272327 0.697658 0.270814 0.700905
0 0.323243 0.931399 0.325746 0.935071 0.326358 0.935820 0.327600 0.936530 0.329283 0.937092 0.331148 0.937419 0.332909 0.937461 0.334296 0.937212 0.348804 0.934436 0.349348 0.934240 0.350031 0.933614 0.350750 0.932654 0.351393 0.931506 0.351863 0.930348 0.352088 0.929355 0.352034 0.928678 0.345266 0.902697 0.344537 0.900930 0.343382 0.900149 0.340642 0.899044 0.337533 0.898279 0.333187 0.897802 0.330178 0.898123 0.329556 0.899221 0.326762 0.911526 0.326487 0.912886 0.324364 0.924949
0 0.165780 0.509035 0.166001 0.510236 0.166426 0.511207 0.166989 0.511802 0.187736 0.530704 0.190031 0.530182 0.191642 0.529605 0.194714 0.528333 0.197711 0.526950 0.201305 0.525091 0.203141 0.523885 0.199932 0.516599 0.196989 0.510362 0.188961 0.494897 0.184444 0.493038 0.183866 0.493032 0.182694 0.493339 0.181104 0.493912 0.179341 0.494665 0.177674 0.495482 0.176360 0.496236 0.175600 0.496814 0.166495 0.505901 0.166047 0.506688 0.165796 0.507789
0 0.117785 0.475130 0.118145 0.479705 0.132183 0.491599 0.133248 0.492496 0.143157 0.500645 0.144263 0.500592 0.146763 0.498563 0.149836 0.495300 0.151791 0.492816 0.153268 0.490475 0.153711 0.489376 0.153262 0.488232 0.142184 0.462750 0.141826 0.462364 0.141049 0.461884 0.139971 0.461383 0.138758 0.460936 0.137594 0.460614 0.136658 0.460466 0.136093 0.460512 0.123141 0.468274 0.121930 0.469157 0.120597 0.470416 0.119348 0.471858 0.118375 0.473261 0.117826 0.474410
0 0.366562 0.675889 0.370552 0.702141 0.371972 0.707753 0.372930 0.708031 0.375039 0.708034 0.376849 0.707859 0.381695 0.707037 0.383656 0.706572 0.386180 0.705783 0.387644 0.705094 0.387992 0.704385 0.386554 0.695865 0.384907 0.686230 0.382431 0.673197 0.378469 0.670156 0.377571 0.670121 0.376121 0.670242 0.374337 0.670501 0.372489 0.670858 0.370855 0.671260 0.369684 0.671646 0.369153 0.671957
0 0.419746 0.145055 0.420087 0.147560 0.420365 0.149318 0.420924 0.152671 0.421495 0.155940 0.422216 0.159861 0.422631 0.161863 0.430472 0.160699 0.437666 0.159411 0.454256 0.155888 0.457127 0.151988 0.457107 0.151371 0.456963 0.150104 0.456716 0.148379 0.456404 0.146459 0.456075 0.144640 0.455779 0.143200 0.455562 0.142361 0.449789 0.131355 0.449059 0.130682 0.448008 0.130128 0.446797 0.129775 0.445611 0.129679 0.444633 0.129854 0.419758 0.144865
0 0.554476 0.906135 0.554756 0.907042 0.555618 0.909483 0.556729 0.912445 0.558437 0.916803 0.559778 0.920030 0.560302 0.921021 0.572864 0.916056 0.584774 0.911269 0.590364 0.908949 0.592305 0.904485 0.592175 0.904097 0.591781 0.903059 0.591185 0.901531 0.590476 0.899745 0.589762 0.897970 0.589151 0.896475 0.588734 0.895486 0.588576 0.895152 0.580570 0.883901 0.580344 0.883893 0.579663 0.883879 0.578634 0.883861 0.577411 0.883842 0.576180 0.883825 0.575128 0.883812 0.574414 0.883806 0.574146 0.883807
0 0.870045 0.116354 0.871322 0.119923 0.871830 0.120838 0.872939 0.121839 0.874481 0.122776 0.876223 0.123508 0.877903 0.123923 0.879267 0.123958 0.884520 0.122007 0.897509 0.097525 0.899263 0.092991 0.899033 0.091514 0.897647 0.089695 0.896200 0.088553 0.891818 0.086327 0.889854 0.085736 0.887050 0.085428 0.885091 0.085792 0.883840 0.087161 0.880003 0.094710 0.875594 0.103416 0.870171 0.114717
0 0.612338 0.455999 0.612686 0.456592 0.613339 0.457385 0.614197 0.458256 0.615130 0.459072 0.615994 0.459707 0.616657 0.460066 0.617018 0.460094 0.630143 0.457902 0.630871 0.457657 0.632144 0.457142 0.633769 0.456437 0.635497 0.455649 0.637062 0.454899 0.638224 0.454303 0.638806 0.453952 0.640311 0.449503 0.637876 0.443906 0.633258 0.433326 0.632676 0.432050 0.626960 0.420103 0.626435 0.420267 0.623684 0.421474 0.619672 0.423294 0.616784 0.424631 0.614222 0.425845 0.613128 0.426383 0.612384 0.426827
0 0.697600 0.423748 0.697683 0.424819 0.697845 0.426048 0.698060 0.427248 0.698296 0.428235 0.698517 0.428859 0.698689 0.429024 0.723061 0.445197 0.723660 0.444872 0.725577 0.443767 0.728081 0.442291 0.731966 0.439968 0.735053 0.438088 0.736310 0.437276 0.736754 0.436918 0.729941 0.425482 0.729209 0.424283 0.720044 0.409353 0.715448 0.408101 0.714950 0.408381 0.713892 0.409005 0.712434 0.409878 0.710802 0.410865 0.709245 0.411815 0.708002 0.412582 0.707263 0.413050 0.707138 0.413148 0.697706 0.422688 0.697609 0.423000
0 0.471769 0.131976 0.472602 0.152236 0.472806 0.156828 0.473176 0.163937 0.473259 0.164949 0.475207 0.165629 0.478595 0.165742 0.483871 0.165525 0.487230 0.165136 0.489091 0.164300 0.489059 0.163285 0.488735 0.153238 0.488698 0.152091 0.488681 0.151576 0.488262 0.141355 0.487850 0.131316 0.484105 0.127532 0.483039 0.127177 0.481457 0.126975 0.479551 0.126938 0.477752 0.127127 0.476200 0.127458 0.475178 0.127898
0 0.384273 0.040746 0.384342 0.041647 0.384604 0.042814 0.385018 0.044067 0.385521 0.045216 0.386037 0.046084 0.386486 0.046539 0.412462 0.059079 0.413683 0.058792 0.416191 0.057525 0.418783 0.055705 0.422097 0.052696 0.424054 0.050103 0.423921 0.048760 0.416339 0.038642 0.415492 0.037542 0.403980 0.022758 0.398658 0.022163 0.397405 0.022578 0.395922 0.023449 0.394436 0.024644 0.393177 0.025979 0.392337 0.027248 0.384407 0.040248
0 0.593024 0.814538 0.593246 0.815133 0.594633 0.817278 0.596185 0.819428 0.598677 0.822525 0.601322 0.825608 0.602771 0.827173 0.603595 0.827897 0.631665 0.818477 0.632371 0.817863 0.633038 0.816905 0.633565 0.815750 0.633871 0.814574 0.633909 0.813558 0.633674 0.812855 0.628937 0.802295 0.628626 0.801822 0.627888 0.800844 0.626836 0.799510 0.625631 0.798024 0.624453 0.796608 0.623480 0.795477 0.622861 0.794803 0.622689 0.794687 0.617964 0.794319 0.604110 0.805041 0.598955 0.809322
0 0.624290 0.471569 0.624349 0.472022 0.631041 0.483217 0.631521 0.483800 0.632437 0.484796 0.633650 0.486056 0.634977 0.487389 0.636218 0.488593 0.637186 0.489487 0.637732 0.489935 0.642501 0.489670 0.646880 0.485591 0.655169 0.477830 0.656170 0.476842 0.665507 0.467208 0.664986 0.466195 0.663862 0.464775 0.661298 0.462095 0.658142 0.459022 0.656146 0.457197 0.654659 0.455975 0.654230 0.455739 0.626621 0.466157 0.626218 0.466593 0.625721 0.467412 0.625207 0.468488 0.624755 0.469656 0.624433 0.470739
0 0.698191 0.556975 0.698308 0.558969 0.698884 0.559148 0.705550 0.560386 0.730496 0.564579 0.734444 0.561982 0.734792 0.561698 0.735210 0.560729 0.735635 0.559222 0.736002 0.557409 0.736253 0.555567 0.736351 0.553979 0.736280 0.552888 0.736053 0.552460 0.733177 0.548709 0.712604 0.545219 0.709661 0.544745 0.700947 0.543345 0.700196 0.545110 0.699489 0.548401 0.698610 0.553608
