0 0.572754 0.702225 0.572769 0.703923 0.572799 0.705816 0.572840 0.707618 0.572884 0.709056 0.572925 0.709913 0.572957 0.710055 0.576478 0.713276 0.593902 0.713204 0.595307 0.713190 0.608668 0.712887 0.608872 0.712242 0.608974 0.710700 0.608960 0.707073 0.608843 0.702565 0.608716 0.699691 0.608562 0.697523 0.608466 0.696874 0.581671 0.684858 0.581471 0.684781 0.580852 0.684908 0.579910 0.685219 0.578786 0.685667 0.577653 0.686183 0.576685 0.686688 0.576030 0.687105 0.575786 0.687371 0.572773 0.700372 0.572755 0.700978
0 0.240684 0.101329 0.240786 0.101595 0.241302 0.102468 0.242152 0.103818 0.243207 0.105437 0.244305 0.107077 0.245276 0.108485 0.245972 0.109447 0.246290 0.109818 0.256510 0.119386 0.256812 0.119367 0.257551 0.119265 0.258613 0.119097 0.259838 0.118887 0.261040 0.118667 0.262037 0.118472 0.262678 0.118329 0.262864 0.118262 0.277662 0.092692 0.277214 0.091976 0.275889 0.089904 0.274210 0.087307 0.271654 0.083381 0.269653 0.080338 0.268874 0.079194 0.268657 0.078943 0.257361 0.086227 0.246708 0.093220 0.241675 0.096565
0 0.378880 0.829440 0.384113 0.841189 0.384692 0.842457 0.389829 0.853675 0.392329 0.859130 0.396658 0.860712 0.397333 0.860848 0.398565 0.860615 0.400167 0.860046 0.401893 0.859231 0.403478 0.858293 0.404679 0.857377 0.415730 0.847035 0.415909 0.846494 0.416006 0.845546 0.416004 0.844337 0.415905 0.843052 0.415724 0.841887 0.415488 0.841021 0.415233 0.840584 0.393531 0.823020 0.392632 0.822329 0.391483 0.822478 0.388860 0.823290 0.385950 0.824513 0.381963 0.826588 0.379291 0.828425
0 0.449958 0.721641 0.453747 0.734016 0.454183 0.735342 0.458140 0.746547 0.460254 0.752501 0.464313 0.754605 0.465096 0.754701 0.466440 0.754520 0.468138 0.754088 0.469932 0.753472 0.471544 0.752767 0.472728 0.752080 0.484385 0.743377 0.484693 0.742794 0.484936 0.741823 0.485076 0.740611 0.485092 0.739344 0.484980 0.738216 0.484759 0.737399 0.484463 0.737017 0.465276 0.716780 0.464102 0.716309 0.462824 0.716438 0.460008 0.717069 0.456955 0.717997 0.452857 0.719553 0.450207 0.720912
0 0.647530 0.347970 0.648963 0.350370 0.651624 0.353748 0.653796 0.356124 0.655981 0.358177 0.657101 0.359014 0.658613 0.359421 0.685597 0.351413 0.686263 0.350871 0.686977 0.349992 0.687629 0.348910 0.688120 0.347790 0.688374 0.346804 0.688354 0.346103 0.683108 0.332929 0.682521 0.331799 0.681543 0.330408 0.680325 0.328968 0.679052 0.327702 0.677922 0.326803 0.677106 0.326409 0.672597 0.326187 0.667660 0.330161 0.658408 0.337670 0.657358 0.338588 0.647886 0.347377
0 0.626359 0.579190 0.627237 0.581512 0.628992 0.585299 0.630469 0.588203 0.631994 0.590961 0.632800 0.592270 0.633972 0.593684 0.662320 0.592116 0.663061 0.591904 0.663946 0.591337 0.664841 0.590501 0.665608 0.589524 0.666130 0.588556 0.666327 0.587745 0.664394 0.574456 0.664059 0.573407 0.663436 0.571926 0.662621 0.570242 0.661738 0.568612 0.660924 0.567288 0.660303 0.566471 0.659968 0.566285 0.655355 0.565071 0.639450 0.572222 0.638198 0.572847 0.633359 0.575410
0 0.800634 0.410738 0.801224 0.411847 0.802954 0.414100 0.805137 0.416411 0.808455 0.419343 0.811043 0.421047 0.812038 0.420880 0.821235 0.411940 0.822217 0.410952 0.830569 0.402320 0.835016 0.397720 0.834994 0.393165 0.834836 0.392394 0.834147 0.391257 0.833033 0.389927 0.831664 0.388608 0.830250 0.387503 0.829009 0.386782 0.815593 0.380416 0.814996 0.380388 0.814059 0.380600 0.812925 0.381020 0.811766 0.381585 0.810762 0.382207 0.810064 0.382791 0.809779 0.383248 0.800832 0.409398
0 0.731971 0.825993 0.732196 0.826935 0.733345 0.829772 0.735413 0.834632 0.736908 0.838007 0.738177 0.840573 0.738884 0.841683 0.745267 0.840163 0.767357 0.830187 0.768239 0.829395 0.768710 0.828925 0.770524 0.824754 0.770398 0.824160 0.769973 0.822963 0.769313 0.821343 0.768521 0.819551 0.767717 0.817862 0.767025 0.816533 0.766550 0.815768 0.766364 0.815680 0.762104 0.814143 0.761820 0.814212 0.749096 0.818850 0.739462 0.822799
0 0.625687 0.682652 0.625929 0.682925 0.627689 0.684217 0.629700 0.685596 0.632984 0.687716 0.636501 0.689912 0.638448 0.691082 0.639581 0.691704 0.639635 0.691669 0.663158 0.674937 0.663664 0.674508 0.664115 0.673660 0.664442 0.672523 0.664594 0.671271 0.664548 0.670096 0.664312 0.669176 0.663922 0.668654 0.655942 0.659734 0.655580 0.659498 0.654649 0.658900 0.653290 0.658032 0.651711 0.657025 0.650148 0.656032 0.648839 0.655202 0.647981 0.654662 0.647706 0.654492 0.643152 0.655677 0.633246 0.670108 0.632498 0.671297 0.629708 0.675841
0 0.135493 0.167400 0.136121 0.171716 0.137292 0.172805 0.150754 0.183654 0.151868 0.184479 0.162243 0.191598 0.163297 0.192319 0.165644 0.190790 0.168514 0.187639 0.170333 0.184959 0.171698 0.182165 0.172100 0.180671 0.171650 0.178449 0.159078 0.155178 0.158715 0.154532 0.157926 0.153849 0.156832 0.153234 0.155600 0.152780 0.154418 0.152558 0.153468 0.152602 0.152893 0.152904 0.139331 0.160613 0.138083 0.161744 0.136918 0.163220 0.136017 0.164815 0.135516 0.166283
0 0.271408 0.169800 0.271417 0.174200 0.272167 0.175295 0.283820 0.188118 0.284796 0.189108 0.288946 0.193042 0.294784 0.198559 0.297184 0.197305 0.300440 0.194590 0.302674 0.192239 0.304545 0.189752 0.305264 0.188401 0.305433 0.186320 0.296044 0.160477 0.295431 0.159722 0.294488 0.158974 0.293359 0.158348 0.292217 0.157940 0.291237 0.157812 0.290569 0.157985 0.277534 0.163303 0.276394 0.163788 0.275034 0.164745 0.273663 0.166029 0.272492 0.167442 0.271700 0.168766
0 0.492562 0.253102 0.492588 0.253280 0.492841 0.254132 0.493284 0.255529 0.493848 0.257257 0.494449 0.259054 0.494995 0.260651 0.495405 0.261805 0.495616 0.262342 0.502791 0.273663 0.503104 0.273812 0.503856 0.273972 0.504934 0.274116 0.506173 0.274224 0.507384 0.274279 0.508380 0.274272 0.509010 0.274205 0.509178 0.274087 0.530432 0.253738 0.530297 0.253058 0.529710 0.250911 0.528865 0.248122 0.527473 0.243810 0.526286 0.240400 0.525692 0.239032 0.525308 0.238582 0.512614 0.242767 0.511284 0.243221 0.494809 0.248877
0 0.518616 0.611732 0.518687 0.612968 0.518882 0.614186 0.519172 0.615199 0.519511 0.615853 0.530926 0.623119 0.531518 0.623493 0.532724 0.623995 0.534362 0.624550 0.536180 0.625072 0.537900 0.625481 0.539256 0.625714 0.540043 0.625735 0.543998 0.623362 0.545849 0.617445 0.549310 0.606273 0.549686 0.604926 0.552905 0.592214 0.552642 0.591819 0.549947 0.590825 0.545789 0.589563 0.542695 0.588738 0.539846 0.588090 0.538555 0.587875 0.537380 0.587973 0.518870 0.609936 0.518681 0.610667
0 0.761926 0.295753 0.764742 0.303143 0.767326 0.309362 0.774554 0.325303 0.778934 0.327212 0.779098 0.327152 0.779928 0.326814 0.781296 0.326250 0.782996 0.325546 0.784770 0.324807 0.786351 0.324146 0.787500 0.323663 0.788040 0.323430 0.797039 0.316193 0.797602 0.315707 0.798066 0.314811 0.798359 0.313641 0.798436 0.312377 0.798286 0.311211 0.797931 0.310323 0.777665 0.289020 0.776667 0.289340 0.774702 0.290090 0.770951 0.291607 0.767279 0.293160 0.764832 0.294271 0.762483 0.295408
0 0.150696 0.211150 0.158235 0.222745 0.159029 0.223917 0.165328 0.232800 0.168630 0.237436 0.169503 0.238121 0.173650 0.239089 0.174520 0.239043 0.175840 0.238584 0.177410 0.237782 0.178992 0.236758 0.180348 0.235667 0.190766 0.224948 0.190848 0.224800 0.190833 0.224182 0.190725 0.223187 0.190540 0.221967 0.190305 0.220709 0.190057 0.219604 0.189833 0.218824 0.189669 0.218485 0.163892 0.201986 0.163138 0.201800 0.161034 0.202236 0.158439 0.203309 0.154574 0.205509 0.151663 0.207784 0.150696 0.209436
0 0.142921 0.924061 0.155764 0.949536 0.156433 0.950315 0.157452 0.950931 0.158666 0.951289 0.159888 0.951335 0.160931 0.951062 0.171439 0.945809 0.171988 0.945407 0.172974 0.944476 0.174246 0.943161 0.175608 0.941661 0.176851 0.940209 0.177785 0.939026 0.178268 0.938292 0.178121 0.933295 0.166341 0.921016 0.161013 0.916053 0.155151 0.910698 0.153878 0.911804 0.151187 0.914525 0.148876 0.916979 0.146449 0.919658 0.145139 0.921164 0.143155 0.923640
0 0.768015 0.164220 0.769257 0.165177 0.772397 0.165783 0.777649 0.166339 0.781223 0.166443 0.783772 0.165887 0.784672 0.164877 0.786111 0.157803 0.787984 0.133073 0.787733 0.131953 0.786542 0.129505 0.785862 0.128557 0.784825 0.127863 0.783590 0.127527 0.779404 0.127455 0.777634 0.127556 0.776283 0.127843 0.775555 0.128272 0.771979 0.131380 0.770032 0.145630
0 0.552566 0.429965 0.552725 0.431398 0.553202 0.434417 0.553810 0.437595 0.554742 0.441736 0.555475 0.444272 0.555768 0.444271 0.568724 0.442141 0.570097 0.441867 0.587051 0.437758 0.587441 0.437507 0.589962 0.434054 0.590117 0.433814 0.590113 0.432890 0.589950 0.431418 0.589653 0.429625 0.589267 0.427786 0.588852 0.426182 0.588471 0.425060 0.581854 0.413015 0.581204 0.412551 0.580200 0.412140 0.578996 0.411846 0.577776 0.411712 0.576727 0.411761 0.576008 0.411983 0.552640 0.428413
0 0.175010 0.163723 0.178562 0.167840 0.179562 0.168219 0.181114 0.168540 0.182983 0.168755 0.184886 0.168833 0.186537 0.168760 0.187686 0.168549 0.201485 0.165995 0.201705 0.165568 0.202085 0.164765 0.202570 0.163710 0.203085 0.162561 0.203552 0.161493 0.203901 0.160667 0.204078 0.160209 0.191837 0.132066 0.191023 0.131580 0.188621 0.130860 0.185585 0.130329 0.180982 0.129938 0.177430 0.130056 0.176128 0.130690 0.175893 0.131830 0.175451 0.145108 0.175120 0.157634
0 0.029195 0.673552 0.030463 0.678706 0.031239 0.679663 0.032548 0.680715 0.034192 0.681699 0.035916 0.682464 0.037456 0.682894 0.052643 0.686142 0.053118 0.686038 0.053914 0.685624 0.054911 0.684964 0.055954 0.684157 0.056885 0.683329 0.057562 0.682606 0.057881 0.682097 0.060505 0.653266 0.059874 0.652315 0.057878 0.650500 0.055284 0.648728 0.051260 0.646600 0.048038 0.645509 0.046681 0.645892 0.039347 0.657352 0.032352 0.668468
0 0.718919 0.178690 0.720994 0.180381 0.724784 0.182239 0.727854 0.183305 0.730923 0.183975 0.732484 0.184062 0.734546 0.183325 0.754122 0.164171 0.754580 0.163293 0.754889 0.162120 0.755001 0.160832 0.754900 0.159624 0.754600 0.158683 0.754149 0.158152 0.744057 0.148419 0.743175 0.147569 0.741760 0.146718 0.740029 0.145996 0.738247 0.145514 0.736689 0.145347 0.735592 0.145518 0.731605 0.147331 0.730831 0.148495 0.723953 0.164389 0.723454 0.165686 0.721552 0.171096
0 0.324820 0.180589 0.325322 0.181599 0.327738 0.183968 0.331225 0.186917 0.333718 0.188812 0.335913 0.190265 0.336837 0.190719 0.363353 0.178398 0.363588 0.178061 0.363923 0.177299 0.364307 0.176228 0.364681 0.175011 0.364988 0.173834 0.365180 0.172879 0.365229 0.172290 0.357028 0.160564 0.356419 0.159717 0.355334 0.158569 0.353937 0.157295 0.352444 0.156091 0.351084 0.155142 0.350065 0.154593 0.349542 0.154527 0.344863 0.155041 0.341104 0.159739 0.333099 0.169916
0 0.195031 0.632512 0.195343 0.633154 0.196660 0.633794 0.200135 0.634710 0.204600 0.635617 0.207524 0.636076 0.209816 0.636284 0.210576 0.636231 0.229051 0.612763 0.229112 0.612654 0.229085 0.612083 0.228973 0.611135 0.228793 0.609954 0.228574 0.608722 0.228348 0.607627 0.228150 0.606837 0.228011 0.606471 0.215454 0.600336 0.214307 0.599964 0.212685 0.599536 0.210834 0.599116 0.209033 0.598767 0.207553 0.598542 0.206620 0.598475 0.206378 0.598578 0.202350 0.601271 0.200933 0.607170 0.198003 0.619490
0 0.171034 0.326142 0.171193 0.326946 0.177083 0.354121 0.177201 0.354349 0.179547 0.355207 0.181254 0.355648 0.184557 0.356354 0.187819 0.356932 0.191789 0.357471 0.193890 0.357548 0.195414 0.349738 0.196529 0.342946 0.198814 0.325666 0.196129 0.321564 0.195592 0.321239 0.194396 0.320829 0.192721 0.320397 0.190823 0.320008 0.188994 0.319723 0.187514 0.319586 0.186611 0.319617 0.174149 0.321826 0.173299 0.322220 0.172442 0.322982 0.171710 0.323996 0.171216 0.325106
0 0.559021 0.386378 0.561849 0.390083 0.578924 0.393912 0.580306 0.394163 0.585588 0.394983 0.593417 0.396146 0.593505 0.396025 0.593938 0.394208 0.594403 0.392002 0.595123 0.388218 0.595871 0.384065 0.596271 0.381704 0.596485 0.380251 0.596476 0.380092 0.572279 0.364212 0.571670 0.363964 0.570699 0.363906 0.569516 0.364047 0.568301 0.364365 0.567240 0.364812 0.566496 0.365319 0.566181 0.365809 0.560780 0.376848 0.560691 0.377260 0.560481 0.378337 0.560181 0.379917 0.559839 0.381757 0.559506 0.383575 0.559233 0.385092 0.559063 0.386076
0 0.223017 0.465647 0.223028 0.470001 0.223248 0.472621 0.223654 0.474421 0.223978 0.474810 0.250923 0.487753 0.251413 0.487795 0.252277 0.487634 0.253384 0.487293 0.254563 0.486824 0.255635 0.486300 0.256435 0.485800 0.256842 0.485402 0.260438 0.472205 0.260668 0.470805 0.260825 0.469034 0.260886 0.467161 0.260842 0.465467 0.260699 0.464208 0.260479 0.463577 0.257344 0.460450 0.256760 0.460377 0.250929 0.459881 0.239822 0.458987 0.238412 0.458927 0.224803 0.458709 0.223906 0.459992 0.223332 0.461906
0 0.701715 0.110746 0.702888 0.113723 0.705264 0.117493 0.707272 0.119950 0.709355 0.121872 0.710462 0.122505 0.738845 0.117385 0.739406 0.117088 0.740142 0.116408 0.740940 0.115450 0.741678 0.114360 0.742243 0.113304 0.742549 0.112445 0.742549 0.111913 0.738442 0.097357 0.737982 0.095934 0.737133 0.094324 0.736024 0.092776 0.734828 0.091527 0.733726 0.090769 0.732888 0.090617 0.728436 0.089898 0.713350 0.100977 0.712239 0.101809 0.702224 0.109548
0 0.764807 0.351326 0.765012 0.354148 0.765297 0.355355 0.766283 0.356185 0.790531 0.369643 0.791034 0.369784 0.791930 0.369742 0.793084 0.369526 0.794317 0.369166 0.795443 0.368719 0.796289 0.368252 0.796724 0.367838 0.802342 0.354083 0.802762 0.352706 0.803060 0.350932 0.803191 0.349035 0.803133 0.347305 0.802898 0.346008 0.802520 0.345342 0.799472 0.341939 0.793106 0.341514 0.781150 0.340720 0.779759 0.340644 0.766917 0.340159 0.766111 0.340726 0.765366 0.343743 0.764884 0.348151
0 0.675760 0.455018 0.678516 0.472277 0.678794 0.473652 0.679935 0.478918 0.681726 0.486641 0.684056 0.486233 0.688110 0.485458 0.691320 0.484819 0.694464 0.484172 0.696021 0.483837 0.697936 0.483373 0.703580 0.455266 0.703624 0.454561 0.703348 0.453605 0.702793 0.452542 0.702044 0.451537 0.701215 0.450742 0.700435 0.450279 0.699821 0.450218 0.687759 0.449037 0.687409 0.449026 0.686382 0.449164 0.684835 0.449431 0.683003 0.449784 0.681168 0.450171 0.679613 0.450532 0.678574 0.450811 0.678209 0.450966
0 0.289108 0.315794 0.289306 0.316407 0.289846 0.317234 0.290648 0.318148 0.291587 0.319011 0.292521 0.319690 0.293306 0.320081 0.293823 0.320125 0.321509 0.319398 0.322783 0.318874 0.323589 0.317850 0.325054 0.315348 0.326423 0.312462 0.327980 0.308370 0.328667 0.305473 0.328189 0.304776 0.316522 0.299309 0.315247 0.298746 0.304213 0.294159 0.298337 0.291728 0.294084 0.293338 0.293439 0.293844 0.292637 0.294954 0.291802 0.296501 0.291062 0.298245 0.290530 0.299920 0.290288 0.301269
0 0.629796 0.765910 0.629886 0.766790 0.630174 0.767916 0.630616 0.769118 0.631146 0.770210 0.631681 0.771026 0.632139 0.771441 0.646175 0.775992 0.647557 0.776296 0.649334 0.776457 0.651234 0.776449 0.652964 0.776274 0.654260 0.775959 0.654922 0.775553 0.658082 0.772257 0.658069 0.765892 0.658035 0.753934 0.658010 0.752540 0.657540 0.739675 0.656970 0.738950 0.653948 0.738453 0.649535 0.738302 0.646356 0.738450 0.643533 0.738840 0.642326 0.739194 0.641498 0.740187 0.629918 0.765411
0 0.463970 0.089505 0.465199 0.091593 0.466449 0.092700 0.469156 0.094511 0.472060 0.096034 0.475914 0.097517 0.478358 0.097834 0.482082 0.090721 0.484646 0.085618 0.485256 0.084369 0.492221 0.068503 0.492224 0.067074 0.490903 0.062940 0.490151 0.061993 0.488870 0.060948 0.487257 0.059965 0.485558 0.059195 0.484036 0.058756 0.469370 0.058079 0.468600 0.058096 0.467663 0.058510 0.466700 0.059257 0.465859 0.060224 0.465270 0.061263 0.465021 0.062214
0 0.860751 0.293761 0.860767 0.293788 0.861150 0.294120 0.861842 0.294707 0.862738 0.295460 0.863702 0.296263 0.864588 0.296997 0.865262 0.297549 0.865621 0.297835 0.895824 0.293565 0.896449 0.292898 0.897700 0.290760 0.898967 0.287967 0.900544 0.283630 0.901414 0.280183 0.901241 0.278777 0.900358 0.278276 0.887668 0.274279 0.875657 0.270588 0.869828 0.268847 0.865380 0.270989 0.864992 0.271180 0.864412 0.272052 0.863727 0.273469 0.863043 0.275217 0.862461 0.277030 0.862070 0.278636 0.861929 0.279792
0 0.806091 0.124790 0.807619 0.127216 0.810765 0.130127 0.813440 0.131942 0.816227 0.133269 0.817718 0.133630 0.819932 0.133054 0.843246 0.120724 0.843891 0.120329 0.844574 0.119512 0.845191 0.118399 0.845646 0.117159 0.845871 0.115982 0.845831 0.115048 0.845532 0.114500 0.837844 0.100714 0.836714 0.099438 0.835241 0.098266 0.833650 0.097378 0.832185 0.096909 0.831071 0.096930 0.826751 0.097520 0.825666 0.098804 0.814783 0.112224 0.813955 0.113335 0.806808 0.123637
0 0.782082 0.273846 0.782800 0.278212 0.783640 0.281281 0.784713 0.283929 0.785407 0.285005 0.786828 0.285519 0.813546 0.291613 0.814129 0.291605 0.815031 0.291312 0.816115 0.290779 0.817214 0.290086 0.818161 0.289340 0.818810 0.288655 0.819063 0.288136 0.820881 0.273349 0.820970 0.271908 0.820800 0.270121 0.820398 0.268264 0.819826 0.266621 0.819172 0.265444 0.818536 0.264912 0.814703 0.262505 0.808404 0.263891 0.796595 0.266496 0.795241 0.266816 0.782882 0.269963 0.782086 0.270738
0 0.907824 0.809834 0.908871 0.810830 0.919108 0.817998 0.920265 0.818758 0.930832 0.825225 0.936503 0.828670 0.940771 0.827712 0.941817 0.827427 0.943027 0.826541 0.944218 0.825190 0.945205 0.823580 0.945838 0.821959 0.948416 0.806060 0.948506 0.805484 0.948222 0.804619 0.947609 0.803595 0.946760 0.802570 0.945806 0.801700 0.944891 0.801119 0.944157 0.800914 0.918003 0.797544 0.915750 0.797550 0.914480 0.798328 0.912319 0.800454 0.910424 0.803054 0.908450 0.806914
0 0.883323 0.855658 0.896567 0.883629 0.897512 0.884130 0.900098 0.884843 0.903260 0.885339 0.907940 0.885646 0.911435 0.885435 0.912551 0.884724 0.912699 0.870935 0.912765 0.857710 0.912728 0.851616 0.909329 0.847936 0.908921 0.847533 0.907811 0.847148 0.906170 0.846839 0.904249 0.846651 0.902336 0.846614 0.900721 0.846733 0.885744 0.849804 0.885474 0.850220 0.885069 0.851018 0.884590 0.852079 0.884109 0.853242 0.883699 0.854330 0.883423 0.855178
0 0.649751 0.056645 0.668936 0.079156 0.669095 0.079199 0.669720 0.079234 0.670714 0.079254 0.671927 0.079257 0.673176 0.079243 0.674270 0.079214 0.675044 0.079173 0.675380 0.079127 0.683711 0.067887 0.684010 0.067450 0.684569 0.066366 0.685302 0.064799 0.686098 0.062987 0.686834 0.061209 0.687397 0.059738 0.687701 0.058800 0.687701 0.058536 0.685876 0.054025 0.680336 0.051630 0.668669 0.046631 0.656297 0.041463 0.655973 0.041793 0.655313 0.043086 0.653835 0.046454 0.652023 0.050774 0.650873 0.053619 0.650008 0.055876
0 0.675737 0.071948 0.675754 0.073924 0.676067 0.087458 0.676375 0.088121 0.677038 0.088917 0.677956 0.089724 0.678988 0.090419 0.679977 0.090894 0.680772 0.091079 0.681251 0.090944 0.709698 0.079264 0.711326 0.078536 0.712656 0.076674 0.713880 0.072813 0.714022 0.068778 0.712932 0.065811 0.710751 0.062695 0.709061 0.061685 0.702379 0.062027 0.695585 0.062471 0.681273 0.064307 0.679339 0.065145 0.676678 0.068736 0.676061 0.070127
