0 0.895291 0.686183 0.895904 0.691199 0.909377 0.702609 0.910495 0.703480 0.914546 0.706431 0.920866 0.711019 0.921739 0.711615 0.924031 0.711160 0.926087 0.709978 0.928673 0.707133 0.931010 0.703574 0.932038 0.701291 0.932291 0.699555 0.916717 0.672732 0.916510 0.672425 0.915831 0.672062 0.914784 0.671698 0.913529 0.671390 0.912259 0.671184 0.911167 0.671111 0.910419 0.671183 0.910130 0.671388 0.898874 0.680819 0.897621 0.682158 0.896502 0.683647 0.895683 0.685060
0 0.729064 0.631084 0.729076 0.631424 0.729407 0.632380 0.730005 0.633806 0.730780 0.635486 0.731615 0.637167 0.732384 0.638595 0.732970 0.639554 0.740755 0.649086 0.741301 0.649511 0.742247 0.649839 0.743447 0.650020 0.744718 0.650026 0.745866 0.649856 0.746714 0.649536 0.747135 0.649116 0.767294 0.627696 0.767021 0.626419 0.766247 0.624286 0.764602 0.620486 0.762857 0.616981 0.761545 0.614885 0.760143 0.613104 0.759663 0.612918 0.752418 0.616023 0.747635 0.618176 0.746356 0.618766 0.730735 0.626753
0 0.913550 0.377944 0.914655 0.380117 0.917383 0.383196 0.919844 0.385371 0.922532 0.387259 0.924044 0.388036 0.926532 0.388445 0.951562 0.377787 0.952386 0.377218 0.953164 0.376299 0.953777 0.375170 0.954131 0.374004 0.954173 0.372981 0.953896 0.372256 0.948218 0.358783 0.947286 0.357515 0.945967 0.356199 0.944463 0.355039 0.943005 0.354212 0.941817 0.353844 0.937505 0.354075 0.936081 0.354584 0.923727 0.366721 0.922777 0.367735 0.918889 0.371941
0 0.398076 0.531074 0.398338 0.537223 0.399363 0.537351 0.401546 0.537466 0.403398 0.537517 0.408313 0.537553 0.410287 0.537532 0.412802 0.537452 0.414233 0.537342 0.414506 0.537166 0.414607 0.528458 0.414671 0.518677 0.414632 0.505116 0.411435 0.501643 0.411185 0.501614 0.410240 0.501585 0.408745 0.501559 0.406928 0.501540 0.405061 0.501531 0.403428 0.501534 0.402274 0.501548 0.401778 0.501571 0.398537 0.504996
0 0.341038 0.405550 0.357748 0.429908 0.358204 0.430236 0.359070 0.430559 0.360216 0.430826 0.361465 0.430998 0.362627 0.431047 0.363523 0.430967 0.364018 0.430769 0.373214 0.421825 0.373769 0.421172 0.374604 0.420015 0.375590 0.418529 0.376579 0.416939 0.377423 0.415485 0.377992 0.414386 0.378201 0.413811 0.376967 0.409481 0.371815 0.405932 0.362507 0.399543 0.361315 0.398793 0.349704 0.391943 0.348537 0.392848 0.347236 0.394362 0.345152 0.397498 0.342943 0.401227 0.341735 0.403519 0.341051 0.405147
0 0.608578 0.200817 0.609897 0.214358 0.610114 0.214561 0.610719 0.214983 0.611620 0.215560 0.612679 0.216204 0.613735 0.216816 0.614625 0.217301 0.615214 0.217587 0.615412 0.217631 0.643564 0.208580 0.643758 0.207786 0.644209 0.205425 0.644714 0.202431 0.645409 0.197879 0.645875 0.194356 0.645945 0.193048 0.645783 0.192785 0.632530 0.190806 0.619911 0.189012 0.613913 0.188205 0.610005 0.191033 0.609940 0.191317 0.609777 0.192301 0.609540 0.193834 0.609266 0.195683 0.608995 0.197567 0.608770 0.199204 0.608623 0.200345
0 0.592658 0.062101 0.595181 0.063244 0.599367 0.063975 0.602608 0.064081 0.605713 0.063752 0.607205 0.063306 0.608885 0.061775 0.622124 0.038008 0.622289 0.036985 0.622230 0.035738 0.621957 0.034457 0.621511 0.033338 0.620960 0.032554 0.620389 0.032222 0.606688 0.024946 0.605072 0.024503 0.603203 0.024309 0.601369 0.024396 0.599849 0.024749 0.598878 0.025313 0.595576 0.028161 0.595243 0.029699 0.593283 0.046881 0.593183 0.048264 0.592959 0.054052
0 0.782751 0.458098 0.782769 0.458527 0.784056 0.462909 0.799022 0.472121 0.800252 0.472811 0.804814 0.475271 0.811782 0.478913 0.812389 0.478946 0.814088 0.477541 0.815655 0.475708 0.817698 0.472398 0.819596 0.468675 0.820471 0.466507 0.820748 0.465105 0.802087 0.441793 0.801734 0.441395 0.800937 0.441048 0.799816 0.440805 0.798544 0.440705 0.797314 0.440761 0.796316 0.440965 0.795701 0.441287 0.787302 0.450353 0.786590 0.451177 0.785673 0.452478 0.784690 0.454059 0.783791 0.455681 0.783110 0.457099
0 0.633392 0.690012 0.635863 0.697616 0.637597 0.702944 0.638075 0.704254 0.644692 0.720325 0.645208 0.721102 0.649216 0.723081 0.650213 0.723111 0.651704 0.722853 0.653461 0.722347 0.655213 0.721670 0.656692 0.720927 0.657671 0.720232 0.668275 0.711252 0.668681 0.710637 0.668964 0.709644 0.669079 0.708425 0.669009 0.707165 0.668764 0.706059 0.668382 0.705274 0.648852 0.685243 0.647072 0.684922 0.645600 0.685133 0.642610 0.685901 0.639543 0.686947 0.635652 0.688621
0 0.043916 0.570961 0.044200 0.571985 0.044817 0.573046 0.045671 0.573981 0.046633 0.574648 0.047554 0.574944 0.074432 0.579863 0.076706 0.578587 0.077980 0.577380 0.080140 0.574818 0.082027 0.572107 0.083979 0.568557 0.084582 0.566361 0.078001 0.561781 0.072098 0.557898 0.057262 0.548916 0.055804 0.549017 0.052276 0.549578 0.051545 0.549728 0.050493 0.550469 0.049280 0.551691 0.048092 0.553205 0.047112 0.554781 0.046490 0.556176 0.044007 0.570130
0 0.089481 0.878467 0.089757 0.879325 0.114215 0.896764 0.115015 0.897062 0.116137 0.897102 0.117409 0.896878 0.118638 0.896424 0.119634 0.895811 0.120246 0.895131 0.126073 0.885021 0.126703 0.883731 0.127388 0.882017 0.128024 0.880139 0.128514 0.878380 0.128786 0.877007 0.128797 0.876226 0.126381 0.871939 0.110544 0.866619 0.103377 0.864584 0.095785 0.862574 0.094918 0.863369 0.093199 0.866122 0.091870 0.868847 0.090575 0.872721 0.089678 0.876546
0 0.594863 0.542809 0.595271 0.543763 0.596010 0.544792 0.597796 0.547052 0.599846 0.549500 0.602739 0.552780 0.604773 0.554896 0.605240 0.555085 0.615421 0.546755 0.616485 0.545845 0.625165 0.538079 0.629754 0.533958 0.630245 0.529338 0.629893 0.528689 0.629111 0.527597 0.628017 0.526228 0.626779 0.524793 0.625587 0.523512 0.624624 0.522582 0.624037 0.522144 0.612966 0.514896 0.612646 0.514710 0.611910 0.514708 0.610869 0.514891 0.609682 0.515231 0.608531 0.515676 0.607592 0.516158 0.607009 0.516602
0 0.655313 0.883242 0.655365 0.884362 0.655484 0.885145 0.655651 0.885472 0.677385 0.906834 0.677949 0.907236 0.679898 0.907319 0.682515 0.906839 0.686650 0.905471 0.690009 0.903768 0.691480 0.902229 0.692158 0.900366 0.687137 0.887463 0.686588 0.886157 0.681975 0.876302 0.679096 0.870177 0.675127 0.868471 0.674385 0.868284 0.673097 0.868430 0.671458 0.868884 0.669717 0.869577 0.668137 0.870406 0.655955 0.878850 0.655765 0.879022 0.655581 0.879672 0.655430 0.880703 0.655336 0.881956
0 0.604719 0.233119 0.605297 0.236239 0.606538 0.240534 0.607609 0.243511 0.608739 0.246036 0.609352 0.247030 0.610289 0.247370 0.638184 0.251088 0.638632 0.251016 0.639387 0.250633 0.640335 0.249996 0.641331 0.249204 0.642223 0.248377 0.642874 0.247642 0.643185 0.247111 0.643008 0.232165 0.642806 0.230709 0.642381 0.228937 0.641797 0.227122 0.641145 0.225543 0.640525 0.224441 0.640031 0.223985 0.635886 0.221924 0.618614 0.227569 0.617289 0.228009 0.605046 0.232242
0 0.029985 0.238105 0.030271 0.239147 0.031624 0.239940 0.035238 0.240701 0.039905 0.241223 0.042994 0.241335 0.045462 0.241169 0.046318 0.240905 0.061297 0.215812 0.061176 0.215318 0.060909 0.214427 0.060539 0.213276 0.060120 0.212040 0.059717 0.210908 0.059393 0.210055 0.059196 0.209610 0.044193 0.203880 0.042500 0.203453 0.040539 0.203141 0.038611 0.202992 0.037014 0.203027 0.035990 0.203242 0.032041 0.206622 0.031604 0.212610 0.030765 0.224955
0 0.305647 0.651028 0.306364 0.651742 0.307917 0.652426 0.311464 0.653364 0.315830 0.654268 0.318593 0.654706 0.320651 0.654880 0.321246 0.654800 0.339418 0.631200 0.339475 0.630643 0.339425 0.629704 0.339274 0.628528 0.339046 0.627293 0.338776 0.626189 0.338505 0.625385 0.338275 0.625003 0.326497 0.619139 0.325867 0.618856 0.324624 0.618465 0.322958 0.618025 0.321119 0.617601 0.319385 0.617259 0.318019 0.617049 0.317227 0.617005 0.313177 0.619829 0.311695 0.625573 0.308890 0.636490 0.308562 0.637860
0 0.544269 0.938413 0.544817 0.949560 0.544946 0.950383 0.545459 0.951345 0.546278 0.952297 0.547278 0.953095 0.548305 0.953615 0.549202 0.953779 0.578564 0.949812 0.579007 0.949022 0.579609 0.947127 0.580566 0.943270 0.581350 0.939302 0.581703 0.936444 0.581878 0.933496 0.581752 0.932586 0.574097 0.930693 0.566883 0.929091 0.550336 0.926103 0.546198 0.928737 0.545935 0.929509 0.545576 0.930893 0.545175 0.932680 0.544792 0.934600 0.544486 0.936363 0.544302 0.937702
0 0.151159 0.583698 0.152768 0.589520 0.156311 0.601836 0.160104 0.614727 0.161162 0.614505 0.164456 0.613625 0.168870 0.612390 0.171872 0.611524 0.174359 0.610777 0.175293 0.610475 0.175416 0.610333 0.180806 0.581548 0.180688 0.581296 0.180283 0.580698 0.179651 0.579845 0.178888 0.578866 0.178112 0.577911 0.177441 0.577128 0.176978 0.576635 0.176793 0.576507 0.162733 0.576879 0.161717 0.577081 0.160174 0.577452 0.158336 0.577935 0.156488 0.578456 0.154913 0.578935 0.153852 0.579299 0.153467 0.579492
0 0.537505 0.548493 0.538688 0.577666 0.539101 0.577848 0.540846 0.578573 0.543330 0.579587 0.547403 0.581234 0.550855 0.582613 0.552558 0.583273 0.553622 0.583659 0.558852 0.571431 0.559374 0.570128 0.563343 0.559349 0.565424 0.553650 0.563778 0.549318 0.563756 0.549273 0.563065 0.548962 0.561807 0.548433 0.560174 0.547766 0.558417 0.547063 0.556807 0.546432 0.555588 0.545970 0.554948 0.545748 0.542020 0.544167 0.541596 0.544221 0.540899 0.544618 0.540035 0.545300 0.539135 0.546162 0.538338 0.547072 0.537766 0.547890
0 0.185206 0.463030 0.185209 0.464044 0.185491 0.464749 0.196839 0.490607 0.196937 0.490703 0.199264 0.490849 0.200976 0.490867 0.204306 0.490830 0.207607 0.490736 0.211641 0.490541 0.213798 0.490338 0.213767 0.482400 0.213559 0.475579 0.212382 0.458159 0.208982 0.454731 0.208448 0.454611 0.207246 0.454528 0.205555 0.454495 0.203636 0.454517 0.201782 0.454591 0.200279 0.454705 0.199356 0.454841 0.187395 0.459168 0.186668 0.459770 0.185995 0.460715 0.185482 0.461861
0 0.081853 0.423161 0.083148 0.429038 0.086001 0.441214 0.086101 0.441639 0.089248 0.454773 0.090482 0.454967 0.093943 0.454534 0.098470 0.453651 0.101496 0.452902 0.103944 0.452124 0.104819 0.451710 0.111915 0.423303 0.111756 0.422924 0.111333 0.422199 0.110712 0.421238 0.109986 0.420188 0.109267 0.419210 0.108666 0.418453 0.108273 0.418033 0.108149 0.418014 0.093845 0.417124 0.092736 0.417092 0.091109 0.417236 0.089209 0.417537 0.087330 0.417947 0.085759 0.418403 0.084738 0.418836 0.084422 0.419180
0 0.725395 0.490252 0.725506 0.491441 0.725799 0.493067 0.726228 0.494884 0.726731 0.496619 0.727229 0.498010 0.727649 0.498844 0.733361 0.510151 0.733837 0.510522 0.734718 0.510903 0.735871 0.511237 0.737119 0.511471 0.738272 0.511571 0.739152 0.511520 0.739627 0.511328 0.763481 0.493605 0.763719 0.493268 0.763756 0.491576 0.763451 0.489068 0.762602 0.484861 0.761556 0.481206 0.760622 0.479289 0.759498 0.477942 0.746202 0.480736 0.744832 0.481071 0.727943 0.485932 0.725483 0.489683
0 0.366496 0.127454 0.366512 0.127843 0.366835 0.128573 0.367418 0.129532 0.368171 0.130574 0.368978 0.131539 0.369716 0.132279 0.370272 0.132683 0.370563 0.132688 0.383847 0.132777 0.385334 0.132768 0.387124 0.132540 0.388947 0.132127 0.390528 0.131591 0.391627 0.131013 0.392078 0.130481 0.394418 0.126794 0.391503 0.109397 0.391213 0.108011 0.387965 0.094584 0.386191 0.093557 0.384015 0.093196 0.380253 0.093722 0.376109 0.094913 0.373745 0.095954 0.372277 0.097059 0.372105 0.097660
0 0.350310 0.318399 0.350569 0.319376 0.351052 0.320498 0.351684 0.321594 0.352369 0.322495 0.353001 0.323064 0.353484 0.323214 0.380041 0.331260 0.381432 0.330958 0.382519 0.330163 0.384684 0.328164 0.386871 0.325818 0.389600 0.322447 0.391130 0.320011 0.390875 0.319348 0.381446 0.310494 0.380405 0.309565 0.371293 0.301916 0.366437 0.297863 0.361899 0.298054 0.361123 0.298408 0.360016 0.299271 0.358746 0.300512 0.357508 0.301941 0.356493 0.303338 0.355855 0.304489 0.350313 0.317716
0 0.362256 0.466351 0.363591 0.470736 0.368884 0.474014 0.378885 0.480158 0.380101 0.480850 0.391637 0.487011 0.392099 0.486957 0.393731 0.484667 0.395974 0.480977 0.397526 0.478166 0.398841 0.475513 0.399358 0.474266 0.399529 0.472962 0.382761 0.449820 0.382093 0.449427 0.381073 0.449084 0.379855 0.448841 0.378627 0.448738 0.377577 0.448790 0.376864 0.448988 0.366504 0.458597 0.365716 0.459601 0.364775 0.461029 0.363825 0.462662 0.363013 0.464247 0.362462 0.465543
0 0.273353 0.905380 0.273674 0.906502 0.274287 0.907609 0.275099 0.908530 0.275986 0.909125 0.276811 0.909303 0.290768 0.911370 0.292281 0.911221 0.294085 0.910791 0.295904 0.910145 0.297457 0.909383 0.298508 0.908622 0.298899 0.907977 0.300525 0.904807 0.301120 0.903460 0.297302 0.886540 0.295502 0.879711 0.293249 0.872018 0.290998 0.871894 0.287022 0.872621 0.283850 0.873551 0.280721 0.874785 0.279158 0.875609 0.277187 0.877359 0.273374 0.904413
0 0.337467 0.741645 0.337480 0.742493 0.337815 0.743539 0.338420 0.744622 0.339204 0.745578 0.340045 0.746260 0.340817 0.746563 0.354046 0.748101 0.355106 0.748117 0.356667 0.747906 0.358487 0.747500 0.360289 0.746962 0.361794 0.746374 0.362774 0.745826 0.363080 0.745403 0.364927 0.741946 0.365333 0.741082 0.361922 0.724019 0.361593 0.722662 0.360214 0.717282 0.358112 0.709584 0.355724 0.709716 0.351670 0.710488 0.348498 0.711303 0.345426 0.712288 0.343929 0.712898 0.342164 0.714072
0 0.027419 0.382480 0.027662 0.383718 0.029066 0.387712 0.029452 0.388102 0.030460 0.388804 0.031937 0.389712 0.033655 0.390686 0.035350 0.391576 0.036764 0.392247 0.037680 0.392596 0.037961 0.392572 0.042225 0.391263 0.042585 0.391072 0.050016 0.379773 0.053012 0.374900 0.055469 0.370883 0.059580 0.363860 0.058983 0.363264 0.056421 0.361673 0.051871 0.358993 0.048615 0.357156 0.045927 0.355817 0.044507 0.355308 0.041533 0.358679 0.040118 0.360292 0.027637 0.381315
0 0.478343 0.345992 0.478497 0.346683 0.478903 0.347639 0.479497 0.348717 0.480190 0.349749 0.480874 0.350579 0.481446 0.351079 0.481818 0.351175 0.509656 0.356930 0.510532 0.356458 0.511383 0.355555 0.513201 0.353357 0.515134 0.350825 0.517679 0.347240 0.519268 0.344707 0.519321 0.344105 0.508949 0.336092 0.507826 0.335258 0.498306 0.328459 0.493256 0.324862 0.488651 0.325440 0.488083 0.325878 0.487182 0.326847 0.486087 0.328201 0.484964 0.329732 0.483988 0.331204 0.483306 0.332391 0.483023 0.333113
0 0.799526 0.893885 0.799528 0.894474 0.799691 0.895448 0.799989 0.896657 0.800378 0.897918 0.800797 0.899037 0.801183 0.899843 0.801476 0.900212 0.815902 0.906381 0.817452 0.906918 0.819328 0.907294 0.821241 0.907452 0.822899 0.907367 0.824046 0.907052 0.828059 0.903610 0.828465 0.897638 0.829226 0.884538 0.829931 0.870957 0.828933 0.869885 0.825590 0.868915 0.821040 0.868307 0.817913 0.868231 0.815286 0.868527 0.814272 0.868918
0 0.852576 0.411263 0.852656 0.412968 0.852920 0.414825 0.853330 0.416554 0.853823 0.417894 0.858773 0.430622 0.859322 0.430948 0.860255 0.431334 0.861431 0.431720 0.862669 0.432047 0.863780 0.432264 0.864594 0.432340 0.864986 0.432262 0.890722 0.416197 0.891177 0.415733 0.891624 0.413842 0.891713 0.411175 0.891326 0.406826 0.890502 0.403163 0.889457 0.401387 0.887979 0.400315 0.874318 0.402135 0.872920 0.402359 0.862178 0.404483 0.856562 0.405621 0.855636 0.405841 0.852992 0.409283 0.852694 0.409970
0 0.936508 0.417906 0.936644 0.421139 0.937416 0.425340 0.938586 0.427899 0.939836 0.427872 0.952419 0.427272 0.953801 0.427157 0.970963 0.425025 0.972503 0.424751 0.975318 0.421405 0.975875 0.420458 0.976215 0.418957 0.976285 0.417132 0.976073 0.415263 0.975614 0.413636 0.968200 0.399875 0.967864 0.399324 0.967075 0.398792 0.965953 0.398359 0.964669 0.398092 0.963420 0.398032 0.962397 0.398188 0.961756 0.398536 0.938763 0.411747 0.937243 0.413358 0.936809 0.414826
0 0.519864 0.287375 0.519999 0.288197 0.520266 0.288595 0.536625 0.311195 0.537815 0.311738 0.539128 0.311746 0.542029 0.311451 0.545183 0.310910 0.549423 0.309903 0.552174 0.308931 0.552450 0.308295 0.550289 0.295509 0.550024 0.294139 0.547474 0.282557 0.546104 0.276406 0.542361 0.273791 0.541566 0.273623 0.540188 0.273653 0.538438 0.273876 0.536583 0.274258 0.534910 0.274741 0.533675 0.275250 0.521118 0.282321 0.520721 0.282874 0.520347 0.283816 0.520052 0.285003 0.519883 0.286253
0 0.479005 0.873717 0.479043 0.874484 0.479370 0.877238 0.479750 0.879995 0.480380 0.883963 0.481060 0.887912 0.481440 0.889914 0.481665 0.890839 0.510392 0.896599 0.511341 0.896454 0.512414 0.895976 0.513445 0.895238 0.514278 0.894353 0.514784 0.893457 0.514887 0.892686 0.516334 0.881383 0.516319 0.881279 0.516183 0.880445 0.515948 0.879007 0.515648 0.877184 0.515330 0.875258 0.515043 0.873523 0.514831 0.872245 0.514725 0.871617 0.510777 0.868866 0.494017 0.871027 0.486772 0.872218
0 0.434111 0.860342 0.434874 0.862693 0.436027 0.864992 0.438297 0.868211 0.440946 0.871360 0.442545 0.872920 0.443648 0.873588 0.472741 0.865082 0.473392 0.864519 0.474063 0.863598 0.474650 0.862460 0.475064 0.861279 0.475242 0.860236 0.475156 0.859490 0.470193 0.848367 0.469669 0.847311 0.468799 0.845901 0.467714 0.844351 0.466577 0.842895 0.465562 0.841752 0.464820 0.841096 0.464466 0.841027 0.459895 0.840435 0.445573 0.850622 0.444457 0.851486 0.440375 0.854664 0.434285 0.859632
0 0.519527 0.400072 0.519612 0.401715 0.519857 0.403171 0.520478 0.406201 0.521210 0.409362 0.522266 0.413443 0.523033 0.415900 0.530824 0.414338 0.536161 0.413258 0.537524 0.412935 0.554330 0.408223 0.554619 0.407879 0.557075 0.404390 0.557181 0.404110 0.557106 0.403154 0.556863 0.401666 0.556488 0.399874 0.556039 0.398053 0.555584 0.396481 0.555193 0.395401 0.548269 0.383715 0.547582 0.383257 0.546552 0.382872 0.545335 0.382619 0.544118 0.382536 0.543087 0.382637 0.542400 0.382905
0 0.178638 0.053455 0.179518 0.054786 0.182271 0.057335 0.185963 0.060287 0.188475 0.062067 0.190560 0.063301 0.191343 0.063576 0.217649 0.050618 0.217658 0.050593 0.217782 0.050091 0.218002 0.049188 0.218589 0.046768 0.218866 0.045617 0.219075 0.044744 0.219185 0.044282 0.210220 0.032450 0.209410 0.031453 0.208151 0.030203 0.206633 0.028893 0.205089 0.027722 0.203758 0.026871 0.202842 0.026471 0.197725 0.027147 0.194093 0.031940 0.186584 0.041885 0.178712 0.052526
0 0.891338 0.571050 0.902732 0.597626 0.903128 0.598064 0.903937 0.598592 0.905037 0.599128 0.906260 0.599591 0.907418 0.599910 0.908334 0.600036 0.908869 0.599950 0.922031 0.592473 0.923291 0.591654 0.924654 0.590435 0.925911 0.589003 0.926870 0.587577 0.927382 0.586377 0.927370 0.585585 0.927054 0.581051 0.912933 0.568965 0.911871 0.568067 0.902048 0.559976 0.900827 0.559875 0.898235 0.561782 0.895115 0.564985 0.893165 0.567480 0.891733 0.569886
