0 0.726779 0.566241 0.727609 0.583737 0.727733 0.585137 0.728238 0.590419 0.729143 0.598269 0.729549 0.598413 0.731800 0.598484 0.734276 0.598430 0.738186 0.598155 0.742299 0.597755 0.744531 0.597470 0.745769 0.597221 0.754329 0.569462 0.754487 0.568836 0.754344 0.567903 0.753922 0.566806 0.753285 0.565714 0.752531 0.564792 0.751775 0.564183 0.751132 0.563978 0.739454 0.561798 0.738998 0.561790 0.737872 0.561842 0.736249 0.561946 0.734374 0.562086 0.732531 0.562242 0.730998 0.562389 0.730006 0.562505 0.729708 0.562573
0 0.259300 0.774310 0.259520 0.774580 0.272025 0.779359 0.283938 0.783822 0.289629 0.785896 0.294075 0.783968 0.294242 0.783697 0.294654 0.782764 0.295247 0.781312 0.295931 0.779562 0.296602 0.777778 0.297160 0.776231 0.297520 0.775152 0.297627 0.774707 0.299321 0.761186 0.299126 0.760945 0.298603 0.760407 0.297833 0.759652 0.296933 0.758797 0.296041 0.757972 0.295293 0.757304 0.294803 0.756894 0.294646 0.756804 0.265056 0.759632 0.264649 0.760375 0.263634 0.762596 0.262452 0.765421 0.260769 0.769722 0.259580 0.773060
0 0.463810 0.750129 0.463965 0.762998 0.464020 0.764390 0.464874 0.776331 0.465350 0.782686 0.468627 0.785785 0.469442 0.786153 0.470848 0.786390 0.472630 0.786461 0.474516 0.786355 0.476216 0.786086 0.477468 0.785698 0.490758 0.780305 0.491263 0.779864 0.491794 0.779018 0.492268 0.777896 0.492613 0.776670 0.492776 0.775527 0.492732 0.774643 0.492490 0.774151 0.479916 0.749676 0.478672 0.748730 0.477325 0.748448 0.474362 0.748226 0.471150 0.748270 0.466845 0.748687 0.464064 0.749368
0 0.489641 0.509561 0.489985 0.510301 0.490623 0.511203 0.491457 0.512127 0.492361 0.512934 0.493195 0.513499 0.493833 0.513736 0.522810 0.513434 0.523395 0.512250 0.523958 0.510999 0.525159 0.508261 0.526435 0.505305 0.528112 0.501355 0.529155 0.498821 0.529186 0.498616 0.517163 0.493029 0.515874 0.492475 0.505103 0.488332 0.499399 0.486168 0.495144 0.487609 0.495024 0.487697 0.494630 0.488441 0.494022 0.489731 0.493293 0.491368 0.492554 0.493103 0.491920 0.494668 0.491487 0.495824 0.491321 0.496394 0.489644 0.509094
0 0.392226 0.088029 0.396958 0.101013 0.397487 0.102327 0.404727 0.118413 0.408745 0.120165 0.409384 0.120373 0.410594 0.120254 0.412191 0.119828 0.413933 0.119159 0.415558 0.118349 0.416821 0.117518 0.427763 0.110083 0.428022 0.109907 0.428280 0.109252 0.428499 0.108217 0.428643 0.106961 0.428692 0.105676 0.428638 0.104557 0.428488 0.103777 0.428266 0.103454 0.407133 0.081760 0.406692 0.081337 0.404910 0.081208 0.402401 0.081639 0.398315 0.082943 0.394880 0.084606 0.393220 0.086143
0 0.287487 0.039627 0.287731 0.040096 0.288423 0.041097 0.289455 0.042477 0.290672 0.044028 0.291890 0.045513 0.292924 0.046711 0.293618 0.047439 0.304906 0.056136 0.305126 0.056163 0.305780 0.056047 0.306768 0.055807 0.307939 0.055478 0.309117 0.055112 0.310124 0.054762 0.310805 0.054483 0.311058 0.054317 0.322930 0.027082 0.323046 0.026602 0.322503 0.025669 0.320939 0.023387 0.318981 0.020751 0.316034 0.017024 0.313781 0.014423 0.312986 0.013856 0.302514 0.022490 0.292613 0.030797 0.287986 0.034714
0 0.960231 0.219025 0.962791 0.222400 0.963297 0.222924 0.964484 0.223434 0.966171 0.223853 0.968104 0.224119 0.969990 0.224191 0.971547 0.224058 0.972534 0.223739 0.976318 0.220961 0.976637 0.219905 0.978645 0.213181 0.982642 0.194443 0.982640 0.192307 0.982511 0.189104 0.982336 0.188163 0.980874 0.187142 0.979304 0.186573 0.974474 0.185658 0.972286 0.185516 0.969131 0.185663 0.966892 0.186146 0.965396 0.187201 0.963846 0.195341 0.962125 0.205212
0 0.236448 0.649736 0.236784 0.651399 0.237485 0.652255 0.251018 0.653275 0.252426 0.653359 0.263591 0.653861 0.269456 0.654122 0.273460 0.651045 0.273726 0.650262 0.273985 0.648883 0.274198 0.647119 0.274333 0.645235 0.274370 0.643517 0.274302 0.642223 0.272098 0.628553 0.271748 0.628230 0.271015 0.627744 0.270012 0.627169 0.268890 0.626594 0.267822 0.626105 0.266971 0.625779 0.266468 0.625664 0.238369 0.636239 0.238028 0.636800 0.237468 0.638841 0.236996 0.641627 0.236539 0.646076
0 0.449330 0.207858 0.452397 0.221147 0.452758 0.222512 0.457932 0.239323 0.461705 0.241684 0.462306 0.241804 0.463517 0.241706 0.465152 0.241404 0.466963 0.240945 0.468679 0.240398 0.470039 0.239845 0.482097 0.233535 0.482439 0.233026 0.482788 0.232115 0.483091 0.230942 0.483300 0.229686 0.483384 0.228540 0.483331 0.227678 0.483148 0.227232 0.464905 0.203574 0.464528 0.203292 0.462786 0.203215 0.460250 0.203517 0.456038 0.204413 0.452419 0.205547 0.450569 0.206587
0 0.143214 0.545953 0.143837 0.547144 0.145297 0.548887 0.148247 0.551790 0.151266 0.554291 0.153425 0.555580 0.155636 0.556455 0.156306 0.556289 0.161738 0.550609 0.165242 0.546804 0.166190 0.545758 0.177455 0.532265 0.177240 0.527680 0.177173 0.527297 0.176556 0.526488 0.175484 0.525375 0.174118 0.524127 0.172666 0.522932 0.171346 0.521971 0.170358 0.521389 0.159607 0.515529 0.158887 0.515401 0.157847 0.515509 0.156646 0.515838 0.155468 0.516337 0.154493 0.516929 0.153870 0.517525
0 0.315052 0.834419 0.333075 0.857020 0.333939 0.857541 0.335087 0.857870 0.336344 0.857959 0.337516 0.857792 0.338425 0.857397 0.347729 0.849214 0.348239 0.848533 0.349026 0.847305 0.349970 0.845717 0.350926 0.844014 0.351746 0.842457 0.352306 0.841284 0.352521 0.840673 0.351175 0.835990 0.336838 0.826879 0.330552 0.823182 0.323603 0.819350 0.322490 0.821027 0.320436 0.824426 0.318766 0.827299 0.317089 0.830280 0.316232 0.831865 0.315087 0.834193
0 0.024491 0.468343 0.024856 0.472522 0.025278 0.473256 0.026254 0.474303 0.027635 0.475502 0.029210 0.476669 0.030735 0.477625 0.031978 0.478224 0.032750 0.478376 0.037524 0.477777 0.046880 0.467181 0.058782 0.452893 0.058084 0.451596 0.055670 0.449410 0.051467 0.446029 0.048508 0.443892 0.046172 0.442747 0.045057 0.442835 0.040108 0.447716 0.024695 0.467501
0 0.675269 0.342711 0.675460 0.344873 0.676349 0.348207 0.677939 0.353243 0.679083 0.356348 0.680040 0.357821 0.688470 0.355199 0.691316 0.354298 0.697806 0.352242 0.711188 0.347878 0.713518 0.343763 0.713666 0.343213 0.713571 0.342042 0.713245 0.340429 0.712739 0.338620 0.712129 0.336893 0.711510 0.335514 0.710976 0.334693 0.706342 0.332530 0.682172 0.339895 0.675774 0.342226
0 0.385022 0.328470 0.385434 0.328915 0.386298 0.329823 0.387483 0.331057 0.388807 0.332426 0.390067 0.333721 0.391069 0.334743 0.391661 0.335336 0.391754 0.335411 0.403104 0.342434 0.403448 0.342475 0.404195 0.342328 0.405230 0.342016 0.406395 0.341586 0.407511 0.341104 0.408409 0.340645 0.408951 0.340277 0.409054 0.340057 0.419488 0.312776 0.419071 0.312292 0.417613 0.310707 0.415649 0.308621 0.412537 0.305368 0.410001 0.302767 0.408881 0.301684 0.408350 0.301265 0.398690 0.310432 0.397684 0.311412 0.385233 0.323723
0 0.079659 0.346827 0.080220 0.351284 0.080899 0.354080 0.081775 0.356136 0.082345 0.356708 0.110974 0.367500 0.111361 0.367385 0.112130 0.367062 0.113166 0.366580 0.114308 0.366013 0.115383 0.365448 0.116225 0.364971 0.116707 0.364654 0.116757 0.364547 0.119034 0.349705 0.119075 0.347989 0.118937 0.346104 0.118642 0.344334 0.118234 0.342948 0.117774 0.342157 0.114477 0.339488 0.113471 0.339041 0.107760 0.339266 0.096840 0.339698 0.095426 0.339771 0.081664 0.340688 0.080382 0.341520 0.079699 0.343170
0 0.679178 0.812339 0.679249 0.812916 0.690187 0.823696 0.691452 0.824638 0.693052 0.825640 0.694742 0.826546 0.696261 0.827219 0.697377 0.827555 0.697920 0.827503 0.702411 0.826137 0.705228 0.820824 0.711210 0.809321 0.717364 0.797286 0.716718 0.796347 0.713931 0.794438 0.709968 0.792177 0.707162 0.790783 0.704719 0.789782 0.703710 0.789526 0.679971 0.806547 0.679791 0.806936 0.679593 0.807759 0.679408 0.808891 0.679264 0.810160 0.679183 0.811371
0 0.730390 0.042614 0.730457 0.043110 0.730626 0.044017 0.730872 0.045194 0.731157 0.046463 0.731437 0.047628 0.731669 0.048512 0.731819 0.048980 0.757679 0.062632 0.758541 0.062389 0.760729 0.061223 0.763307 0.059514 0.767024 0.056655 0.769723 0.054163 0.770479 0.052833 0.770200 0.051867 0.762682 0.041026 0.755531 0.030895 0.752039 0.026007 0.746911 0.025188 0.745930 0.025555 0.744549 0.026365 0.742981 0.027495 0.741466 0.028770 0.740237 0.029994
0 0.899095 0.550269 0.899273 0.551429 0.900249 0.553995 0.901720 0.556785 0.904217 0.560538 0.906429 0.562975 0.907652 0.563222 0.919490 0.556552 0.930842 0.550019 0.936029 0.547022 0.937150 0.542583 0.937305 0.541867 0.937018 0.540639 0.936331 0.539086 0.935351 0.537446 0.934227 0.535972 0.933132 0.534889 0.921516 0.524966 0.921006 0.524820 0.920083 0.524801 0.918887 0.524913 0.917601 0.525138 0.916422 0.525442 0.915530 0.525778 0.915061 0.526095
0 0.135138 0.709648 0.136053 0.714086 0.136286 0.714869 0.137127 0.715897 0.138448 0.717015 0.140046 0.718049 0.141675 0.718841 0.143086 0.719269 0.157687 0.722812 0.158241 0.722760 0.159099 0.722395 0.160129 0.721774 0.161173 0.720992 0.162073 0.720168 0.162690 0.719429 0.162931 0.718887 0.166556 0.691741 0.166683 0.690232 0.165958 0.689202 0.163898 0.687261 0.161336 0.685387 0.157481 0.683168 0.154513 0.682070 0.153427 0.682538 0.146147 0.692979 0.145370 0.694132
0 0.250059 0.171464 0.250122 0.173314 0.250336 0.175244 0.250667 0.176956 0.251066 0.178190 0.251470 0.178759 0.255336 0.181895 0.272722 0.181601 0.279684 0.181270 0.287646 0.180648 0.288015 0.178550 0.288023 0.174544 0.287793 0.171237 0.287348 0.167876 0.286986 0.166131 0.286045 0.163706 0.285675 0.163564 0.259918 0.154600 0.259058 0.154351 0.257952 0.154414 0.256769 0.154778 0.255689 0.155389 0.254879 0.156152 0.254462 0.156952 0.250399 0.169084 0.250156 0.169978
0 0.656676 0.438713 0.656693 0.438998 0.657052 0.439588 0.657700 0.440391 0.658538 0.441287 0.659437 0.442137 0.660260 0.442811 0.660881 0.443207 0.661205 0.443265 0.674559 0.441453 0.675350 0.441206 0.676684 0.440715 0.678359 0.440054 0.680118 0.439324 0.681690 0.438638 0.682834 0.438102 0.683376 0.437796 0.685065 0.433387 0.678468 0.417029 0.677932 0.415732 0.672696 0.403564 0.672057 0.403763 0.669182 0.404914 0.665072 0.406611 0.662152 0.407842 0.659598 0.408942 0.658534 0.409417 0.657920 0.409765
0 0.751637 0.910383 0.752188 0.911615 0.757849 0.922807 0.758516 0.924022 0.767448 0.938814 0.768346 0.940225 0.772543 0.941407 0.773644 0.941577 0.775159 0.941311 0.776858 0.940649 0.778479 0.939691 0.779773 0.938585 0.789286 0.926007 0.789657 0.925503 0.789825 0.924582 0.789765 0.923385 0.789484 0.922094 0.789026 0.920909 0.788462 0.920008 0.787878 0.919531 0.766484 0.904093 0.764370 0.903229 0.762844 0.903385 0.759900 0.904319 0.757001 0.905750 0.753484 0.908197
0 0.578390 0.828787 0.578609 0.829808 0.579053 0.830972 0.579652 0.832104 0.580317 0.833028 0.580944 0.833604 0.581439 0.833744 0.610326 0.841784 0.611534 0.841043 0.613197 0.839427 0.615871 0.836235 0.618087 0.833022 0.619115 0.830784 0.619675 0.828543 0.619366 0.827915 0.613258 0.822977 0.609201 0.819797 0.608078 0.818941 0.593672 0.808855 0.589153 0.809446 0.588733 0.809558 0.587944 0.810250 0.586904 0.811418 0.585772 0.812885 0.584718 0.814428 0.583901 0.815816 0.578428 0.828067
0 0.068271 0.624817 0.077454 0.652974 0.078322 0.653259 0.080303 0.653505 0.084274 0.653753 0.088314 0.653818 0.091177 0.653663 0.094086 0.653326 0.094945 0.653051 0.095439 0.645179 0.095721 0.637798 0.095706 0.620979 0.092372 0.617380 0.091560 0.617264 0.090131 0.617162 0.088301 0.617087 0.086346 0.617052 0.084561 0.617061 0.083218 0.617114 0.082520 0.617203 0.071630 0.619753 0.070848 0.620024 0.069998 0.620698 0.069210 0.621671 0.068604 0.622797 0.068275 0.623902
0 0.081974 0.588602 0.082200 0.589948 0.082649 0.590690 0.085352 0.594291 0.091768 0.595248 0.103790 0.597030 0.105168 0.597212 0.117788 0.598635 0.118899 0.598234 0.120076 0.595361 0.120986 0.591038 0.121280 0.587867 0.121176 0.584992 0.120868 0.583722 0.119602 0.582684 0.096960 0.567574 0.096381 0.567361 0.095406 0.567302 0.094185 0.567408 0.092903 0.567662 0.091757 0.568025 0.090922 0.568441 0.090526 0.568847 0.083424 0.581958 0.082793 0.583258 0.082295 0.584978 0.082007 0.586856
0 0.245331 0.694264 0.246166 0.695769 0.247771 0.697729 0.250805 0.700764 0.253752 0.703171 0.255690 0.704144 0.257527 0.704478 0.267004 0.694631 0.267949 0.693582 0.279194 0.680047 0.279080 0.675599 0.278884 0.675027 0.278165 0.674066 0.277033 0.672862 0.275659 0.671597 0.274251 0.670462 0.273021 0.669629 0.261170 0.662991 0.260535 0.662986 0.259564 0.663194 0.258406 0.663584 0.257238 0.664096 0.256238 0.664653 0.255560 0.665169 0.255307 0.665564 0.245399 0.693791
0 0.407445 0.926640 0.408517 0.928488 0.410249 0.929931 0.413778 0.931369 0.417951 0.932394 0.420500 0.932647 0.422296 0.932382 0.422726 0.931919 0.442432 0.908848 0.442623 0.908518 0.442714 0.907734 0.442692 0.906616 0.442560 0.905336 0.442338 0.904088 0.442060 0.903065 0.441769 0.902421 0.441509 0.902254 0.430077 0.895574 0.428773 0.894821 0.427103 0.894115 0.425319 0.893564 0.423690 0.893249 0.422463 0.893219 0.421824 0.893479 0.417941 0.895484 0.411771 0.912015 0.411329 0.913361
0 0.839213 0.609251 0.839265 0.611663 0.840196 0.615673 0.841248 0.618781 0.842568 0.621761 0.843411 0.623195 0.845103 0.624816 0.872455 0.627790 0.873391 0.627708 0.874477 0.627297 0.875547 0.626618 0.876437 0.625776 0.877011 0.624900 0.877182 0.624123 0.878366 0.610744 0.878437 0.609665 0.878200 0.608110 0.877689 0.606318 0.876984 0.604563 0.876193 0.603115 0.875437 0.602196 0.871511 0.600286 0.870262 0.599992 0.853504 0.604494 0.852176 0.604910 0.846792 0.606650
0 0.846158 0.890898 0.846500 0.893980 0.847435 0.898554 0.848582 0.902010 0.849612 0.903183 0.850866 0.903223 0.863860 0.901446 0.876027 0.899693 0.881954 0.898788 0.882759 0.897693 0.885036 0.894562 0.885215 0.893485 0.885146 0.891871 0.884838 0.889965 0.884340 0.888063 0.883727 0.886455 0.876606 0.872139 0.876182 0.871947 0.875328 0.871673 0.874174 0.871357 0.872896 0.871048 0.871692 0.870793 0.870743 0.870631 0.870196 0.870587 0.846442 0.887450 0.846188 0.888374
0 0.932717 0.435529 0.933269 0.438403 0.934318 0.441421 0.936297 0.445344 0.938227 0.447736 0.939517 0.447715 0.951341 0.443324 0.952631 0.442812 0.963922 0.438056 0.969954 0.435504 0.971662 0.431389 0.971970 0.430495 0.971899 0.429086 0.971458 0.427378 0.970715 0.425633 0.969784 0.424120 0.968808 0.423070 0.958527 0.412324 0.958074 0.411990 0.957181 0.411767 0.955986 0.411690 0.954671 0.411770 0.953437 0.411996 0.952473 0.412331 0.951925 0.412726 0.933880 0.432661 0.932756 0.434160
0 0.143438 0.174392 0.143647 0.176204 0.144831 0.177261 0.152298 0.181334 0.160885 0.185977 0.172133 0.191848 0.173630 0.191810 0.177307 0.190744 0.178182 0.190181 0.179178 0.189045 0.180144 0.187510 0.180934 0.185806 0.181429 0.184192 0.181554 0.182910 0.179804 0.177698 0.155831 0.164291 0.151223 0.162229 0.149843 0.162576 0.148071 0.164041 0.146921 0.165503 0.144579 0.169824 0.143905 0.171725
0 0.654196 0.837705 0.654366 0.838648 0.655002 0.841139 0.655878 0.844131 0.657288 0.848515 0.658468 0.851771 0.659035 0.852793 0.671961 0.849011 0.684295 0.845333 0.690052 0.843536 0.692291 0.839316 0.692330 0.838894 0.692125 0.837809 0.691706 0.836227 0.691137 0.834390 0.690506 0.832581 0.689910 0.831077 0.689439 0.830107 0.681878 0.818063 0.681730 0.817980 0.681113 0.817861 0.680122 0.817722 0.678907 0.817586 0.677654 0.817473 0.676557 0.817401 0.675780 0.817380 0.675444 0.817414
0 0.219547 0.819742 0.223197 0.832787 0.226780 0.845305 0.228493 0.851060 0.232632 0.853236 0.233143 0.853480 0.234296 0.853434 0.235915 0.853105 0.237751 0.852543 0.239523 0.851834 0.240958 0.851088 0.253847 0.842384 0.254025 0.841881 0.254208 0.840962 0.254367 0.839766 0.254478 0.838477 0.254525 0.837293 0.254500 0.836393 0.254408 0.835916 0.234490 0.814636 0.233460 0.814607 0.230877 0.815024 0.227853 0.815816 0.223514 0.817310 0.220388 0.818768
0 0.535126 0.024802 0.535712 0.029813 0.548207 0.041662 0.553577 0.046405 0.559711 0.051542 0.561463 0.050437 0.564277 0.047637 0.566419 0.045090 0.568436 0.042293 0.569382 0.040710 0.570365 0.038076 0.570182 0.037609 0.558075 0.013587 0.557625 0.012754 0.556784 0.011988 0.555680 0.011406 0.554482 0.011096 0.553374 0.011107 0.552525 0.011436 0.541094 0.016979 0.540284 0.017376 0.539169 0.018328 0.537921 0.019688 0.536731 0.021248 0.535782 0.022769 0.535219 0.024016
0 0.258054 0.337802 0.258095 0.337869 0.259808 0.339372 0.261098 0.340474 0.263629 0.342614 0.266158 0.344732 0.269274 0.347317 0.270973 0.348695 0.276238 0.342772 0.280613 0.337589 0.291362 0.323805 0.291094 0.319026 0.290746 0.318644 0.289878 0.317837 0.288620 0.316726 0.287166 0.315483 0.285738 0.314296 0.284556 0.313350 0.283800 0.312789 0.283585 0.312696 0.272097 0.307840 0.271138 0.307835 0.269997 0.308111 0.268848 0.308627 0.267868 0.309303 0.267206 0.310036 0.266963 0.310714
0 0.056760 0.382707 0.056781 0.383549 0.058177 0.397602 0.058690 0.399036 0.059542 0.400683 0.060604 0.402292 0.061711 0.403615 0.062693 0.404450 0.063403 0.404671 0.066887 0.405490 0.068315 0.405737 0.083820 0.397959 0.090008 0.394565 0.096930 0.390526 0.096493 0.388308 0.094824 0.384623 0.093160 0.381768 0.091217 0.379031 0.090050 0.377714 0.087903 0.376227 0.060697 0.379035 0.059760 0.379250 0.058751 0.379832 0.057827 0.380694 0.057127 0.381704
0 0.691789 0.283797 0.695750 0.301788 0.699004 0.314680 0.702987 0.317545 0.703785 0.317546 0.705162 0.317364 0.706909 0.317025 0.708762 0.316582 0.710442 0.316100 0.711695 0.315653 0.712328 0.315309 0.714732 0.311263 0.709831 0.285199 0.707923 0.279676 0.707147 0.279428 0.705199 0.279508 0.703456 0.279762 0.698653 0.280805 0.696657 0.281364 0.694013 0.282281 0.692390 0.283051
0 0.643906 0.801947 0.643914 0.802135 0.649806 0.814950 0.650332 0.815843 0.651244 0.817139 0.652403 0.818640 0.653631 0.820115 0.654739 0.821338 0.655558 0.822121 0.655963 0.822345 0.660705 0.822750 0.665344 0.818899 0.675168 0.810579 0.685392 0.801811 0.684905 0.800837 0.682864 0.798119 0.679976 0.794568 0.677937 0.792197 0.676168 0.790281 0.675442 0.789599 0.675065 0.789677 0.646883 0.796395 0.646651 0.796639 0.646228 0.797284 0.645678 0.798231 0.645085 0.799338 0.644539 0.800433 0.644125 0.801349
