0 0.417410 0.234433 0.417637 0.235313 0.419486 0.237955 0.422298 0.241466 0.424373 0.243841 0.426266 0.245793 0.427111 0.246514 0.427836 0.246557 0.455507 0.239578 0.455827 0.239364 0.456325 0.238745 0.456927 0.237815 0.457541 0.236715 0.458072 0.235614 0.458439 0.234681 0.458586 0.234057 0.458491 0.233839 0.452945 0.221177 0.452549 0.220332 0.451739 0.219076 0.450638 0.217601 0.449416 0.216133 0.448260 0.214899 0.447347 0.214086 0.446817 0.213819 0.442147 0.213454 0.437535 0.217326 0.427651 0.225648
0 0.020407 0.480016 0.020501 0.481205 0.020889 0.482407 0.021510 0.483435 0.022270 0.484133 0.032932 0.489805 0.033665 0.490034 0.035043 0.490319 0.036858 0.490615 0.038829 0.490879 0.040655 0.491068 0.042055 0.491155 0.042818 0.491126 0.046762 0.488155 0.050066 0.471473 0.051157 0.464270 0.052198 0.456400 0.050398 0.455972 0.046555 0.455304 0.043246 0.454804 0.039760 0.454341 0.037874 0.454128 0.034998 0.453927 0.034647 0.453983 0.020621 0.479019
0 0.491608 0.105235 0.491613 0.106263 0.494137 0.109756 0.494736 0.110271 0.495962 0.110781 0.497630 0.111207 0.499487 0.111487 0.501253 0.111577 0.516080 0.110428 0.516296 0.110390 0.516750 0.109935 0.517372 0.109133 0.518070 0.108106 0.518735 0.107010 0.519265 0.106014 0.519580 0.105269 0.519633 0.104890 0.511515 0.075536 0.511171 0.074929 0.509445 0.073905 0.506885 0.073021 0.502590 0.072126 0.498858 0.071886 0.496899 0.072436 0.495522 0.073642 0.493392 0.087290 0.493207 0.088694 0.492142 0.099555
0 0.623245 0.203042 0.623406 0.203250 0.623922 0.203737 0.624714 0.204429 0.625663 0.205220 0.626622 0.205990 0.627444 0.206620 0.628005 0.207014 0.628219 0.207113 0.657274 0.202224 0.657542 0.201422 0.658281 0.199089 0.659187 0.196159 0.660531 0.191736 0.661536 0.188343 0.661861 0.187127 0.661844 0.186957 0.649023 0.183005 0.636791 0.179320 0.630985 0.177630 0.626718 0.179865 0.626572 0.180278 0.626232 0.181356 0.625750 0.182936 0.625200 0.184775 0.624667 0.186590 0.624232 0.188102 0.623962 0.189083 0.623897 0.189383
0 0.904418 0.682604 0.904581 0.683180 0.904894 0.684118 0.905307 0.685272 0.905759 0.686469 0.906180 0.687523 0.906505 0.688273 0.906685 0.688606 0.935103 0.700327 0.935957 0.700328 0.938068 0.699464 0.940518 0.697912 0.943996 0.695054 0.946441 0.692340 0.946999 0.690625 0.946512 0.689068 0.937031 0.678980 0.936046 0.677961 0.928408 0.670226 0.924417 0.666185 0.923282 0.665766 0.919080 0.665486 0.918163 0.665725 0.916887 0.666440 0.915445 0.667520 0.914055 0.668802 0.912927 0.670093 0.904428 0.682474
0 0.708029 0.536950 0.710135 0.541189 0.710496 0.541374 0.711519 0.541739 0.713048 0.542229 0.714850 0.542768 0.716649 0.543275 0.718168 0.543670 0.719175 0.543894 0.719516 0.543913 0.731643 0.543750 0.732267 0.543741 0.733092 0.543346 0.733992 0.542624 0.734828 0.541685 0.735473 0.540674 0.735827 0.539745 0.735839 0.539039 0.732645 0.510564 0.730745 0.509942 0.729209 0.509478 0.726113 0.508569 0.722957 0.507665 0.718978 0.506553 0.716699 0.505952 0.714247 0.513497 0.712662 0.518647 0.712266 0.519994
0 0.378202 0.057369 0.378210 0.058661 0.378384 0.059945 0.378696 0.061024 0.379099 0.061734 0.389660 0.069822 0.391066 0.070758 0.392738 0.071669 0.394424 0.072417 0.395871 0.072890 0.396858 0.073014 0.401531 0.071265 0.409464 0.055532 0.412158 0.049624 0.415224 0.042419 0.415110 0.041434 0.413430 0.039309 0.411392 0.037579 0.407899 0.035716 0.404066 0.034259 0.401888 0.033782 0.400549 0.033934 0.378661 0.055522 0.378360 0.056266
0 0.412171 0.701390 0.412275 0.702290 0.412534 0.702789 0.430254 0.726270 0.430476 0.726449 0.432001 0.726388 0.434390 0.725997 0.438517 0.725062 0.442211 0.723994 0.444287 0.723114 0.445912 0.722107 0.445917 0.721701 0.444214 0.714008 0.443059 0.708901 0.442708 0.707537 0.437663 0.690727 0.433806 0.688282 0.433337 0.688248 0.432231 0.688411 0.430657 0.688747 0.428853 0.689204 0.427091 0.689713 0.425638 0.690197 0.424714 0.690584 0.413672 0.696528 0.413241 0.696978 0.412817 0.697839 0.412465 0.698981 0.412238 0.700228
0 0.406545 0.414075 0.407759 0.415323 0.408880 0.416340 0.411240 0.418396 0.413725 0.420496 0.416963 0.423150 0.418947 0.424678 0.424259 0.418783 0.427860 0.414740 0.428763 0.413669 0.439471 0.399867 0.439346 0.395159 0.439197 0.394879 0.438509 0.394163 0.437383 0.393118 0.435993 0.391905 0.434552 0.390709 0.433280 0.389715 0.432374 0.389074 0.431970 0.388884 0.420057 0.383791 0.419199 0.383836 0.418121 0.384143 0.416987 0.384666 0.415972 0.385323 0.415230 0.386015 0.414875 0.386635
0 0.688757 0.173093 0.690211 0.177224 0.690527 0.177827 0.691467 0.178624 0.692886 0.179493 0.694569 0.180304 0.696262 0.180934 0.697711 0.181289 0.710958 0.184231 0.711592 0.183974 0.712479 0.183428 0.713483 0.182674 0.714451 0.181830 0.715234 0.181023 0.715712 0.180377 0.715814 0.179992 0.717051 0.149750 0.717021 0.149145 0.715844 0.147766 0.713777 0.146239 0.710008 0.144159 0.706460 0.142792 0.704253 0.142627 0.702286 0.143181 0.696102 0.155517 0.695508 0.156802
0 0.258534 0.264441 0.258693 0.265092 0.279656 0.286820 0.280111 0.286937 0.280984 0.287013 0.282143 0.287038 0.283411 0.287007 0.284592 0.286925 0.285507 0.286805 0.286016 0.286665 0.293864 0.275312 0.294544 0.274175 0.295284 0.272611 0.295975 0.270856 0.296511 0.269175 0.296811 0.267822 0.296830 0.267003 0.294923 0.263112 0.294428 0.262495 0.289096 0.260179 0.278925 0.255778 0.277618 0.255242 0.264894 0.250282 0.263653 0.250753 0.262490 0.252109 0.260938 0.255446 0.259472 0.259650 0.258780 0.262362
0 0.196357 0.234955 0.196534 0.235902 0.196983 0.237023 0.197634 0.238147 0.198387 0.239102 0.199128 0.239741 0.199743 0.239969 0.225427 0.248051 0.227351 0.248043 0.228628 0.247358 0.231004 0.245486 0.233271 0.243197 0.235920 0.239801 0.237184 0.237232 0.236541 0.236358 0.227474 0.227471 0.226453 0.226529 0.217216 0.218608 0.212267 0.214397 0.207837 0.214574 0.206867 0.214818 0.205608 0.215592 0.204252 0.216778 0.203008 0.218196 0.202066 0.219626 0.201571 0.220850 0.196478 0.234327
0 0.397556 0.646071 0.397624 0.647330 0.397849 0.648491 0.398197 0.649376 0.398615 0.649851 0.421139 0.668209 0.421301 0.668229 0.422632 0.667665 0.424767 0.666622 0.428500 0.664678 0.431880 0.662812 0.433827 0.661611 0.435404 0.660499 0.435477 0.660276 0.431985 0.653185 0.429598 0.648439 0.428937 0.647198 0.420083 0.632087 0.415697 0.630561 0.415315 0.630726 0.414345 0.631215 0.412934 0.631955 0.411296 0.632832 0.409678 0.633715 0.408324 0.634470 0.407440 0.634983 0.407162 0.635175 0.398273 0.643535 0.397907 0.644017 0.397655 0.644908
0 0.133436 0.870220 0.133777 0.871539 0.135292 0.873145 0.136817 0.874143 0.141343 0.876059 0.143341 0.876552 0.146153 0.876779 0.148074 0.876417 0.149216 0.875167 0.152522 0.867339 0.156315 0.858344 0.160949 0.846563 0.160950 0.845104 0.159434 0.841531 0.158860 0.840725 0.157681 0.839850 0.156077 0.839039 0.154289 0.838414 0.152587 0.838069 0.151228 0.838057 0.150420 0.838382 0.146127 0.840288 0.134881 0.865409
0 0.620023 0.249034 0.621273 0.251799 0.623593 0.255541 0.625485 0.258104 0.627389 0.260248 0.628364 0.261069 0.629678 0.261247 0.657043 0.256794 0.657533 0.256629 0.658220 0.256074 0.659001 0.255215 0.659756 0.254182 0.660369 0.253134 0.660746 0.252230 0.660830 0.251610 0.656848 0.237464 0.656341 0.236159 0.655492 0.234600 0.654431 0.233026 0.653320 0.231680 0.652331 0.230767 0.651614 0.230427 0.647123 0.229642 0.641832 0.233178 0.631896 0.239834 0.630752 0.240630 0.620330 0.248189
0 0.677726 0.410999 0.680793 0.414856 0.681630 0.415054 0.683050 0.415256 0.684838 0.415430 0.686723 0.415550 0.688421 0.415598 0.689675 0.415568 0.690294 0.415462 0.693769 0.412285 0.696415 0.386018 0.696361 0.380099 0.695546 0.379703 0.693541 0.379270 0.691757 0.379028 0.686857 0.378635 0.684828 0.378572 0.682149 0.378629 0.680515 0.378830 0.679936 0.379272 0.679249 0.387908 0.678482 0.397655
0 0.596724 0.900564 0.596867 0.901405 0.598595 0.903308 0.600666 0.904899 0.604180 0.906694 0.608018 0.908166 0.610188 0.908706 0.611510 0.908661 0.633172 0.887142 0.633470 0.886365 0.633621 0.885248 0.633600 0.883962 0.633412 0.882704 0.633085 0.881666 0.632670 0.881006 0.622048 0.872944 0.620627 0.872068 0.618943 0.871195 0.617251 0.870457 0.615806 0.869963 0.614826 0.869790 0.610170 0.871560 0.602378 0.887339 0.601805 0.888630 0.599730 0.893317
0 0.321402 0.170033 0.321737 0.171195 0.322819 0.174548 0.324276 0.178956 0.325265 0.181894 0.326079 0.184253 0.326380 0.185081 0.355588 0.189368 0.355791 0.189246 0.356336 0.188822 0.357138 0.188161 0.358076 0.187364 0.359006 0.186552 0.359786 0.185851 0.360296 0.185366 0.360459 0.185172 0.359456 0.171482 0.359372 0.171155 0.359067 0.170154 0.358587 0.168630 0.358004 0.166816 0.357409 0.164989 0.356893 0.163431 0.356535 0.162379 0.356389 0.161996 0.352064 0.159850 0.346298 0.161676 0.334166 0.165672 0.321448 0.169941
0 0.265944 0.031322 0.266537 0.032719 0.268474 0.035901 0.271097 0.039825 0.272894 0.042327 0.274398 0.044223 0.274973 0.044797 0.304130 0.040791 0.304205 0.040724 0.304530 0.040248 0.305056 0.039438 0.305703 0.038416 0.306372 0.037337 0.306963 0.036364 0.307386 0.035645 0.307576 0.035290 0.302569 0.021435 0.302027 0.020305 0.301157 0.018778 0.300091 0.017087 0.298992 0.015493 0.298030 0.014239 0.297352 0.013519 0.297061 0.013440 0.292321 0.012506 0.287344 0.015905 0.276965 0.023027 0.266048 0.030672
0 0.752752 0.308390 0.760489 0.319716 0.761326 0.320820 0.762529 0.322103 0.763915 0.323372 0.765276 0.324436 0.766407 0.325133 0.767134 0.325357 0.771473 0.325043 0.772157 0.324598 0.776260 0.320526 0.784065 0.312731 0.785035 0.311703 0.794211 0.301521 0.794131 0.299940 0.793236 0.298218 0.790666 0.295523 0.787291 0.292701 0.785044 0.291179 0.783243 0.290346 0.782612 0.290363 0.754885 0.302364 0.754594 0.302694 0.754196 0.303445 0.753750 0.304502 0.753326 0.305702 0.752987 0.306863 0.752785 0.307807
0 0.154845 0.916024 0.177258 0.935177 0.178080 0.935582 0.179216 0.935736 0.180493 0.935615 0.181715 0.935239 0.182696 0.934664 0.183285 0.933979 0.189788 0.925312 0.190196 0.924588 0.190820 0.923269 0.191567 0.921556 0.192323 0.919710 0.192973 0.918008 0.193421 0.916707 0.193597 0.916005 0.191595 0.911551 0.176187 0.904809 0.169274 0.902199 0.161858 0.899518 0.161170 0.900423 0.159572 0.903286 0.158218 0.906043 0.156657 0.909839 0.155348 0.913509 0.154846 0.915299
0 0.371428 0.077607 0.384217 0.105384 0.384629 0.105549 0.385445 0.105836 0.386541 0.106203 0.387748 0.106593 0.388883 0.106947 0.389771 0.107210 0.390278 0.107342 0.390327 0.107324 0.401383 0.098961 0.402370 0.098208 0.403563 0.097015 0.404782 0.095562 0.405844 0.094068 0.406587 0.092759 0.406899 0.091833 0.406318 0.087649 0.406120 0.086543 0.401538 0.082528 0.392116 0.074286 0.382038 0.065639 0.380801 0.065239 0.379316 0.065888 0.376793 0.068468 0.374035 0.072086 0.372474 0.074609 0.371522 0.076757
0 0.315672 0.429680 0.315809 0.430904 0.316114 0.431927 0.316539 0.432594 0.337067 0.452084 0.338877 0.451877 0.340341 0.451442 0.343293 0.450373 0.346302 0.449133 0.350097 0.447369 0.352272 0.446112 0.349408 0.438682 0.347395 0.433563 0.346850 0.432275 0.339407 0.416517 0.338838 0.416154 0.335111 0.414412 0.334735 0.414294 0.333732 0.414473 0.332252 0.414922 0.330523 0.415574 0.328808 0.416327 0.327373 0.417067 0.326436 0.417680 0.316334 0.426658 0.315957 0.427381 0.315724 0.428442
0 0.250717 0.521685 0.252009 0.526098 0.257439 0.529279 0.267666 0.535256 0.268883 0.535939 0.280312 0.542082 0.281057 0.541887 0.282885 0.539479 0.285191 0.535725 0.286690 0.532916 0.287858 0.530314 0.288238 0.529125 0.288025 0.528001 0.271810 0.505121 0.271499 0.504787 0.270744 0.504440 0.269662 0.504133 0.268418 0.503914 0.267200 0.503815 0.266198 0.503852 0.265562 0.504019 0.254815 0.513938 0.253922 0.515005 0.252925 0.516474 0.251977 0.518119 0.251225 0.519688 0.250782 0.520941
0 0.728801 0.024748 0.728816 0.025860 0.729152 0.027428 0.729758 0.029216 0.730541 0.030953 0.731384 0.032377 0.740515 0.044506 0.740938 0.044538 0.741784 0.044535 0.742927 0.044499 0.744193 0.044435 0.745390 0.044353 0.746337 0.044265 0.746889 0.044184 0.746963 0.044123 0.766830 0.020364 0.767011 0.019360 0.766730 0.016812 0.765945 0.013808 0.764280 0.009493 0.762518 0.006403 0.761197 0.005610 0.759789 0.006057 0.747779 0.011647 0.736520 0.016981 0.731027 0.019640
0 0.310189 0.251803 0.310266 0.252783 0.310589 0.253417 0.316213 0.263672 0.316353 0.263829 0.317004 0.264491 0.318068 0.265560 0.319381 0.266870 0.320743 0.268221 0.321943 0.269406 0.322799 0.270242 0.323181 0.270605 0.327944 0.270473 0.340702 0.258498 0.345446 0.253701 0.350859 0.247929 0.350514 0.247491 0.348831 0.245679 0.347024 0.243799 0.344230 0.240990 0.341326 0.238128 0.339772 0.236633 0.338939 0.235880 0.312018 0.247696 0.311360 0.248402 0.310781 0.249431 0.310370 0.250626
0 0.567941 0.421373 0.567997 0.422922 0.568325 0.424319 0.569189 0.427243 0.570227 0.430305 0.571748 0.434275 0.572877 0.436684 0.573232 0.436641 0.585730 0.432727 0.587050 0.432264 0.603256 0.425834 0.603683 0.425530 0.605801 0.421500 0.605699 0.420585 0.605356 0.419150 0.604822 0.417416 0.604181 0.415648 0.603531 0.414118 0.602971 0.413061 0.594632 0.402056 0.593942 0.401687 0.592902 0.401420 0.591671 0.401296 0.590439 0.401334 0.589393 0.401528 0.588693 0.401849
0 0.812601 0.350617 0.814074 0.352658 0.817149 0.355461 0.819777 0.357401 0.822528 0.359045 0.824006 0.359690 0.826226 0.359903 0.850501 0.346928 0.851202 0.346292 0.851844 0.345311 0.852330 0.344133 0.852584 0.342938 0.852568 0.341911 0.852285 0.341207 0.845510 0.329348 0.844925 0.328374 0.843826 0.327205 0.842381 0.326019 0.840813 0.324998 0.839363 0.324301 0.838252 0.324031 0.833918 0.324668 0.832809 0.325276 0.821597 0.338510 0.820742 0.339608 0.817336 0.344147
0 0.130973 0.726682 0.131047 0.727340 0.134126 0.740252 0.137099 0.752405 0.138596 0.758234 0.142700 0.760629 0.143109 0.760794 0.144196 0.760722 0.145794 0.760422 0.147659 0.759940 0.149504 0.759352 0.151045 0.758746 0.152049 0.758216 0.164502 0.750969 0.164585 0.750897 0.164730 0.750346 0.164916 0.749399 0.165114 0.748202 0.165294 0.746938 0.165428 0.745799 0.165495 0.744961 0.165487 0.744550 0.146315 0.722393 0.145374 0.722416 0.142863 0.722824 0.139831 0.723520 0.135373 0.724773 0.132044 0.725949
0 0.286273 0.115919 0.287320 0.128077 0.287549 0.128846 0.288066 0.130180 0.288791 0.131873 0.289613 0.133667 0.290405 0.135285 0.291048 0.136480 0.291442 0.137071 0.296038 0.138783 0.311864 0.132605 0.318545 0.129681 0.325740 0.126334 0.325080 0.124530 0.323560 0.120905 0.322216 0.117851 0.320772 0.114691 0.319973 0.113016 0.318700 0.110574 0.318507 0.110349 0.289720 0.111798 0.288779 0.112166 0.287832 0.112890 0.287022 0.113858 0.286475 0.114922
0 0.040352 0.046899 0.040595 0.048572 0.043140 0.064292 0.043306 0.064654 0.043905 0.065235 0.044845 0.065947 0.045983 0.066680 0.047145 0.067323 0.048152 0.067777 0.048851 0.067974 0.076732 0.060753 0.077569 0.059928 0.078768 0.057528 0.079612 0.054513 0.080168 0.049946 0.079868 0.046398 0.078718 0.045053 0.065412 0.041915 0.052491 0.038954 0.046666 0.037678 0.044909 0.038535 0.042160 0.040551 0.041399 0.041534 0.040787 0.043087 0.040419 0.044972
0 0.788534 0.489438 0.788540 0.489909 0.788963 0.490914 0.789738 0.492301 0.790746 0.493861 0.791837 0.495357 0.792844 0.496563 0.793616 0.497298 0.802609 0.505843 0.803248 0.506094 0.804261 0.506207 0.805493 0.506165 0.806755 0.505974 0.807856 0.505662 0.808625 0.505278 0.808947 0.504881 0.825982 0.480168 0.825616 0.478720 0.824600 0.476570 0.822453 0.472959 0.820185 0.469819 0.818488 0.468167 0.816683 0.467001 0.816071 0.467159 0.809370 0.471263 0.804991 0.474002 0.803811 0.474776 0.789513 0.485008
0 0.842018 0.356614 0.842341 0.357786 0.843021 0.359295 0.843953 0.360913 0.844997 0.362395 0.845996 0.363518 0.855270 0.373402 0.855942 0.373560 0.856984 0.373619 0.858240 0.373570 0.859516 0.373420 0.860617 0.373192 0.861374 0.372921 0.861673 0.372649 0.879765 0.348434 0.880086 0.347941 0.879898 0.346170 0.879057 0.343765 0.877121 0.339934 0.874960 0.336794 0.873225 0.335381 0.871277 0.334673 0.859208 0.341348 0.857993 0.342074 0.843228 0.351712 0.842100 0.355957
0 0.685987 0.535051 0.688859 0.538746 0.689176 0.538881 0.690184 0.539070 0.691732 0.539286 0.693584 0.539494 0.695455 0.539664 0.697058 0.539768 0.698148 0.539791 0.710500 0.538021 0.711102 0.537794 0.711831 0.537171 0.712576 0.536246 0.713225 0.535161 0.713678 0.534079 0.713868 0.533164 0.713765 0.532556 0.705236 0.504592 0.705172 0.504522 0.703843 0.504299 0.701570 0.504008 0.697476 0.503558 0.693639 0.503199 0.691239 0.503046 0.689067 0.502982 0.688698 0.503054 0.687705 0.510909 0.687134 0.516186 0.686996 0.517583
0 0.730118 0.248380 0.730350 0.250074 0.731205 0.251154 0.733409 0.253124 0.736029 0.254972 0.739834 0.257083 0.742625 0.258029 0.743449 0.257405 0.750703 0.246927 0.751466 0.245763 0.757818 0.235454 0.761192 0.229946 0.760277 0.225562 0.759911 0.224717 0.758965 0.223654 0.757585 0.222535 0.755981 0.221532 0.754400 0.220799 0.753085 0.220449 0.738848 0.217366 0.738227 0.217391 0.737333 0.217745 0.736303 0.218377 0.735294 0.219188 0.734461 0.220055 0.733930 0.220845 0.733783 0.221438
0 0.206145 0.836910 0.206222 0.838836 0.206489 0.840672 0.206904 0.842135 0.213926 0.854361 0.214404 0.855059 0.215289 0.855661 0.216447 0.856074 0.217699 0.856235 0.218855 0.856120 0.219737 0.855747 0.243507 0.842181 0.244364 0.839717 0.244538 0.837965 0.244515 0.834607 0.244202 0.831317 0.243416 0.827350 0.242491 0.825296 0.234513 0.826047 0.227512 0.826897 0.210376 0.829610 0.209379 0.830647 0.207011 0.833340 0.206573 0.833935 0.206268 0.835188
0 0.236905 0.197350 0.237714 0.198270 0.240869 0.199476 0.245281 0.200608 0.248373 0.201141 0.251030 0.201330 0.252103 0.201206 0.270107 0.178341 0.270196 0.177851 0.270178 0.176946 0.270054 0.175766 0.269845 0.174489 0.269581 0.173312 0.269304 0.172415 0.269055 0.171934 0.255662 0.164310 0.254214 0.163678 0.252415 0.163116 0.250542 0.162709 0.248883 0.162521 0.247693 0.162579 0.247152 0.162875 0.243240 0.165385 0.242023 0.171262 0.239466 0.184042
0 0.378763 0.621798 0.378811 0.623642 0.378953 0.625510 0.379167 0.627115 0.379420 0.628210 0.384485 0.640750 0.385052 0.641340 0.385982 0.641908 0.387134 0.642366 0.388332 0.642644 0.389390 0.642700 0.390149 0.642525 0.415394 0.629578 0.415749 0.627830 0.415807 0.626314 0.415759 0.623184 0.415583 0.619936 0.415187 0.615764 0.414750 0.613279 0.406794 0.613519 0.401309 0.613716 0.399913 0.613804 0.382574 0.615612 0.382086 0.616004 0.379178 0.618960 0.378962 0.619265 0.378816 0.620261
0 0.497804 0.249639 0.497852 0.250243 0.498585 0.254567 0.499119 0.255138 0.500188 0.255988 0.501630 0.256991 0.503227 0.257993 0.504736 0.258844 0.505932 0.259416 0.519003 0.263869 0.519473 0.263733 0.520263 0.263333 0.521253 0.262728 0.522291 0.262011 0.523219 0.261292 0.523893 0.260682 0.524212 0.260272 0.528193 0.230600 0.527896 0.230074 0.526410 0.228673 0.524210 0.226984 0.520521 0.224510 0.517317 0.222691 0.515637 0.222151 0.514460 0.222272 0.507159 0.233700 0.506423 0.234903 0.500768 0.244560
0 0.893498 0.910946 0.902477 0.922916 0.903415 0.923873 0.904759 0.925114 0.906304 0.926450 0.907813 0.927675 0.909054 0.928601 0.909837 0.929087 0.914911 0.928641 0.925969 0.915472 0.926865 0.914384 0.935249 0.903894 0.934877 0.903173 0.933716 0.901951 0.930813 0.899402 0.927129 0.896354 0.924725 0.894460 0.922841 0.893081 0.922218 0.892712 0.895240 0.904694 0.895122 0.904764 0.894889 0.905299 0.894578 0.906216 0.894235 0.907376 0.893912 0.908604 0.893659 0.909713 0.893513 0.910536
