0 0.874927 0.504982 0.875127 0.506341 0.876280 0.507679 0.897755 0.524173 0.898308 0.524482 0.899268 0.524660 0.900489 0.524680 0.901785 0.524538 0.902956 0.524257 0.903824 0.523879 0.904256 0.523462 0.912293 0.511184 0.913011 0.509999 0.913632 0.508359 0.914061 0.506514 0.914231 0.504750 0.914116 0.503336 0.913735 0.502489 0.911307 0.498737 0.904991 0.497235 0.893153 0.494449 0.891793 0.494165 0.879304 0.491875 0.878190 0.492035 0.876816 0.494692 0.875588 0.498882 0.875052 0.502038
0 0.774354 0.922370 0.774672 0.923109 0.775786 0.925253 0.777287 0.927943 0.779672 0.932015 0.781637 0.935177 0.782542 0.936372 0.783024 0.936644 0.794654 0.930038 0.805595 0.923683 0.810806 0.920641 0.812024 0.915942 0.812029 0.915674 0.811633 0.914774 0.810896 0.913377 0.809931 0.911698 0.808886 0.909995 0.807921 0.908530 0.807185 0.907525 0.796967 0.896971 0.796599 0.896969 0.795798 0.897025 0.794688 0.897129 0.793435 0.897266 0.792230 0.897414 0.791256 0.897551 0.790659 0.897658 0.790532 0.897716
0 0.436696 0.347271 0.444056 0.375862 0.444416 0.376316 0.445154 0.376905 0.446156 0.377539 0.447270 0.378121 0.448324 0.378561 0.449158 0.378793 0.449645 0.378782 0.461439 0.373416 0.462116 0.372999 0.463243 0.372197 0.464647 0.371133 0.466118 0.369966 0.467434 0.368872 0.468394 0.368018 0.468854 0.367533 0.469092 0.363049 0.469057 0.362776 0.465537 0.357957 0.458824 0.348833 0.457955 0.347726 0.449391 0.337364 0.448190 0.337787 0.446573 0.338755 0.443594 0.341002 0.440215 0.343784 0.438229 0.345553 0.436924 0.346880
0 0.568035 0.830056 0.568051 0.830241 0.568337 0.831188 0.569112 0.833676 0.570054 0.836657 0.571449 0.841016 0.572499 0.844245 0.572850 0.845245 0.585680 0.841279 0.597885 0.837423 0.603629 0.835546 0.605873 0.831299 0.605797 0.830869 0.605496 0.829783 0.605016 0.828205 0.604431 0.826376 0.603830 0.824579 0.603305 0.823090 0.602937 0.822133 0.602782 0.821855 0.595547 0.810216 0.595322 0.810131 0.594642 0.810017 0.593610 0.809891 0.592384 0.809771 0.591151 0.809677 0.590101 0.809623 0.589393 0.809617 0.589135 0.809660
0 0.520248 0.766490 0.520316 0.766997 0.520838 0.768010 0.521736 0.769377 0.522872 0.770889 0.524073 0.772312 0.525154 0.773429 0.525949 0.774069 0.537178 0.780875 0.538016 0.781090 0.539124 0.781050 0.540332 0.780760 0.541455 0.780263 0.542321 0.779638 0.542799 0.778978 0.555921 0.754111 0.555024 0.752150 0.554131 0.750773 0.552209 0.748148 0.550155 0.745587 0.547439 0.742515 0.545728 0.740945 0.539423 0.745813 0.535127 0.749261 0.534044 0.750144 0.521004 0.761697
0 0.038247 0.665715 0.038283 0.667473 0.038616 0.669337 0.039196 0.671018 0.039933 0.672260 0.040715 0.672873 0.044381 0.675356 0.050851 0.674208 0.062944 0.672034 0.064302 0.671753 0.076559 0.668897 0.077717 0.668279 0.078072 0.665275 0.077596 0.660934 0.076810 0.657828 0.075663 0.655090 0.074849 0.653934 0.072995 0.653201 0.047100 0.646571 0.046402 0.646517 0.045391 0.646744 0.044222 0.647218 0.043071 0.647866 0.042117 0.648589 0.041505 0.649277 0.041328 0.649824 0.038515 0.664331
0 0.697591 0.557630 0.710665 0.570852 0.720808 0.580538 0.725470 0.580724 0.726146 0.580446 0.727232 0.579690 0.728561 0.578571 0.729930 0.577260 0.731129 0.575959 0.731974 0.574867 0.732336 0.574151 0.732149 0.569888 0.731962 0.569200 0.714779 0.550659 0.709562 0.546337 0.708599 0.546490 0.706569 0.547930 0.703991 0.550336 0.700321 0.554049 0.698209 0.556390
0 0.642646 0.180079 0.642810 0.180269 0.643318 0.180753 0.644094 0.181458 0.645019 0.182274 0.645952 0.183079 0.646749 0.183747 0.647290 0.184178 0.647492 0.184307 0.676731 0.180170 0.677039 0.179335 0.677870 0.176970 0.678880 0.174030 0.680365 0.169625 0.681465 0.166282 0.681804 0.165134 0.681753 0.165062 0.669062 0.160714 0.656956 0.156639 0.651201 0.154779 0.646862 0.156903 0.646716 0.157279 0.646353 0.158323 0.645828 0.159876 0.645222 0.161700 0.644628 0.163514 0.644137 0.165041 0.643823 0.166047 0.643735 0.166381
0 0.240649 0.889763 0.240849 0.892056 0.241807 0.894201 0.244378 0.897049 0.247695 0.899733 0.249875 0.900995 0.251592 0.901437 0.279861 0.888637 0.280182 0.888455 0.280606 0.887811 0.281070 0.886803 0.281502 0.885586 0.281836 0.884345 0.282021 0.883272 0.282029 0.882528 0.281859 0.882228 0.273578 0.870084 0.272372 0.868710 0.271001 0.867448 0.269672 0.866488 0.268585 0.865978 0.263531 0.866089 0.250843 0.878365 0.249865 0.879391 0.246534 0.883138 0.241346 0.888975
0 0.360889 0.157604 0.361074 0.158342 0.364336 0.169343 0.364647 0.169870 0.365315 0.170948 0.366236 0.172411 0.367272 0.174039 0.368266 0.175585 0.369068 0.176816 0.369557 0.177546 0.369657 0.177662 0.374344 0.178612 0.388848 0.169975 0.395044 0.166019 0.401573 0.161562 0.401312 0.160907 0.400032 0.158556 0.398656 0.156203 0.396527 0.152818 0.394312 0.149450 0.393126 0.147743 0.392489 0.146955 0.363690 0.152986 0.362892 0.153502 0.362104 0.154368 0.361446 0.155453 0.361019 0.156590
0 0.813846 0.047432 0.813935 0.047828 0.821064 0.060610 0.822106 0.062134 0.823354 0.063514 0.824620 0.064542 0.825712 0.065061 0.830774 0.065410 0.844620 0.054390 0.845696 0.053461 0.849324 0.050136 0.855039 0.044856 0.855961 0.043903 0.856206 0.041259 0.855589 0.038832 0.853348 0.035684 0.850256 0.032770 0.848123 0.031437 0.846331 0.031027 0.816338 0.041594 0.815884 0.042144 0.815338 0.043081 0.814784 0.044260 0.814305 0.045502 0.813976 0.046616
0 0.700099 0.533662 0.700142 0.534041 0.708248 0.544592 0.708694 0.545025 0.709647 0.545846 0.710961 0.546929 0.712438 0.548110 0.713856 0.549213 0.714999 0.550069 0.715695 0.550549 0.715835 0.550578 0.720567 0.549903 0.731610 0.536512 0.732496 0.535420 0.740798 0.524900 0.740460 0.524231 0.739354 0.523111 0.736557 0.520788 0.733005 0.518026 0.730700 0.516329 0.728916 0.515122 0.728345 0.514823 0.701779 0.527998 0.701488 0.528534 0.701130 0.529444 0.700759 0.530588 0.700433 0.531793 0.700201 0.532872
0 0.690677 0.490906 0.693831 0.503551 0.694036 0.504275 0.694553 0.505519 0.695302 0.507095 0.696172 0.508764 0.697030 0.510274 0.697748 0.511398 0.698215 0.511964 0.702512 0.513042 0.702973 0.513111 0.708315 0.510563 0.718458 0.505696 0.719713 0.505056 0.731612 0.498661 0.731656 0.497464 0.731149 0.495728 0.729556 0.492386 0.727419 0.488521 0.725974 0.486208 0.724792 0.484637 0.724359 0.484312 0.694646 0.485989 0.694178 0.486269 0.693491 0.486889 0.692692 0.487755 0.691901 0.488734 0.691240 0.489678 0.690810 0.490440
0 0.611151 0.568471 0.611160 0.571539 0.611260 0.572993 0.611718 0.574557 0.636974 0.587492 0.637754 0.587620 0.638826 0.587526 0.640027 0.587225 0.641172 0.586762 0.642087 0.586210 0.642631 0.585652 0.647695 0.572841 0.647965 0.571688 0.648180 0.570049 0.648309 0.568174 0.648329 0.566353 0.648240 0.564863 0.648054 0.563934 0.644920 0.560662 0.644352 0.560436 0.627008 0.558758 0.625612 0.558680 0.612554 0.558410 0.612139 0.558422 0.611674 0.561015 0.611292 0.565236
0 0.413625 0.379800 0.413747 0.381403 0.414230 0.383195 0.415000 0.384903 0.415939 0.386264 0.416902 0.387070 0.420401 0.388964 0.422176 0.388988 0.437494 0.384155 0.438713 0.383711 0.443867 0.381769 0.450947 0.378952 0.451260 0.376354 0.450494 0.372249 0.449396 0.369154 0.447869 0.366267 0.446818 0.364932 0.444503 0.363614 0.419912 0.361020 0.418896 0.361189 0.417794 0.361675 0.416776 0.362403 0.415996 0.363263 0.415576 0.364122
0 0.043488 0.837045 0.044114 0.838292 0.057813 0.840105 0.070970 0.841780 0.077029 0.842472 0.081586 0.839229 0.082132 0.838205 0.082659 0.836639 0.083089 0.834769 0.083356 0.832877 0.083420 0.831248 0.082181 0.816042 0.081819 0.815744 0.081088 0.815260 0.080097 0.814664 0.078997 0.814045 0.077955 0.813499 0.077129 0.813106 0.076644 0.812929 0.047179 0.822631 0.046533 0.823471 0.045465 0.825900 0.044561 0.828945 0.043678 0.833533
0 0.509309 0.668164 0.509618 0.668623 0.510915 0.670180 0.512760 0.672255 0.515782 0.675519 0.518340 0.678157 0.519599 0.679293 0.520381 0.679789 0.530223 0.670739 0.531240 0.669769 0.539352 0.661754 0.543625 0.657522 0.543929 0.652791 0.543921 0.652732 0.543416 0.652152 0.542494 0.651141 0.541295 0.649853 0.539999 0.648482 0.538802 0.647237 0.537886 0.646303 0.537389 0.645824 0.526271 0.638745 0.525869 0.638684 0.525074 0.638811 0.524006 0.639105 0.522830 0.639522 0.521725 0.639998 0.520860 0.640460 0.520367 0.640838
0 0.407970 0.672437 0.408648 0.676907 0.409204 0.677652 0.410277 0.678659 0.411702 0.679775 0.413262 0.680828 0.414716 0.681656 0.415842 0.682133 0.429259 0.685961 0.430000 0.685891 0.430978 0.685520 0.432043 0.684906 0.433032 0.684142 0.433794 0.683345 0.434212 0.682637 0.439412 0.654859 0.438632 0.653464 0.437607 0.652464 0.435254 0.650541 0.432634 0.648652 0.429034 0.646366 0.426608 0.645174 0.426215 0.645546 0.418445 0.655962 0.417647 0.657108 0.408291 0.671787
0 0.896467 0.590248 0.896867 0.593403 0.897941 0.597705 0.899246 0.600565 0.900409 0.600968 0.912950 0.599082 0.914320 0.598852 0.926296 0.596675 0.932690 0.595510 0.935255 0.591806 0.935696 0.591068 0.935888 0.589728 0.935800 0.587991 0.935445 0.586123 0.934878 0.584412 0.934187 0.583119 0.926569 0.570198 0.926169 0.569817 0.925327 0.569436 0.924170 0.569115 0.922876 0.568903 0.921644 0.568832 0.920661 0.568912 0.920077 0.569132 0.898047 0.585098 0.896767 0.586127 0.896487 0.587390
0 0.122757 0.260803 0.127820 0.291337 0.128295 0.291976 0.129127 0.292719 0.130189 0.293452 0.131318 0.294062 0.132341 0.294456 0.133102 0.294574 0.145830 0.290401 0.147345 0.289825 0.149018 0.288989 0.150597 0.288019 0.151844 0.287062 0.152570 0.286263 0.153805 0.281403 0.145379 0.265920 0.144653 0.264705 0.141992 0.260395 0.137783 0.253797 0.137067 0.253188 0.134594 0.253158 0.132147 0.253734 0.128673 0.255514 0.125244 0.257892 0.123524 0.259496
0 0.324983 0.186467 0.325527 0.187444 0.328275 0.189307 0.332266 0.191458 0.335130 0.192753 0.337663 0.193647 0.338739 0.193843 0.361839 0.176089 0.362051 0.175675 0.362261 0.174828 0.362437 0.173677 0.362551 0.172399 0.362587 0.171188 0.362539 0.170231 0.362413 0.169673 0.351347 0.159157 0.350105 0.158232 0.348505 0.157269 0.346791 0.156416 0.345229 0.155803 0.344057 0.155524 0.343453 0.155622 0.339046 0.157117 0.336411 0.162516 0.330764 0.174228
0 0.102225 0.790778 0.102437 0.795325 0.103118 0.798872 0.104099 0.800226 0.105542 0.800562 0.118712 0.799048 0.131089 0.797503 0.137142 0.796743 0.138084 0.795917 0.140860 0.792783 0.141188 0.791833 0.141359 0.790325 0.141349 0.788488 0.141158 0.786601 0.140816 0.784948 0.136009 0.770643 0.135933 0.770606 0.135395 0.770437 0.134475 0.770162 0.133315 0.769822 0.132090 0.769469 0.130989 0.769158 0.130181 0.768936 0.129787 0.768836 0.103426 0.784709 0.102949 0.785476 0.102423 0.787803
0 0.255118 0.708922 0.256424 0.715400 0.260750 0.727060 0.265399 0.739361 0.265732 0.739659 0.269573 0.741801 0.270304 0.741720 0.271617 0.741389 0.273314 0.740860 0.275133 0.740212 0.276795 0.739546 0.278045 0.738964 0.278694 0.738554 0.280661 0.734250 0.276766 0.720915 0.273498 0.711001 0.270940 0.703280 0.269711 0.703435 0.266701 0.704357 0.261694 0.706034 0.258301 0.707256 0.255915 0.708311
0 0.407367 0.013224 0.407482 0.014031 0.409290 0.018761 0.424320 0.027196 0.430685 0.030468 0.437894 0.033946 0.439341 0.032477 0.441390 0.029087 0.442839 0.026087 0.444096 0.022862 0.444614 0.021076 0.444887 0.018226 0.444580 0.017793 0.427191 0.000000 0.420797 0.000000 0.411327 0.004947 0.410629 0.005514 0.409776 0.006700 0.408899 0.008323 0.408132 0.010135 0.407594 0.011857
0 0.578464 0.766467 0.578528 0.767148 0.578920 0.768070 0.579581 0.769092 0.580409 0.770057 0.581279 0.770819 0.582056 0.771261 0.582623 0.771314 0.612194 0.772545 0.613057 0.771478 0.614218 0.769481 0.616054 0.765744 0.617549 0.762143 0.618207 0.759810 0.618515 0.757633 0.618255 0.757180 0.611183 0.753712 0.606461 0.751482 0.605178 0.750898 0.588920 0.744278 0.584579 0.745825 0.584285 0.746073 0.583741 0.746960 0.583030 0.748352 0.582259 0.750037 0.581544 0.751761 0.580994 0.753264 0.580692 0.754318
0 0.769016 0.538542 0.769096 0.538900 0.769477 0.539585 0.770101 0.540493 0.770872 0.541486 0.771672 0.542411 0.772380 0.543126 0.772886 0.543524 0.773114 0.543542 0.786982 0.543360 0.787931 0.543300 0.789417 0.543028 0.791214 0.542585 0.793047 0.542039 0.794633 0.541474 0.795729 0.540977 0.796169 0.540624 0.798356 0.536461 0.796623 0.530691 0.792871 0.518344 0.788839 0.505477 0.787909 0.505397 0.784728 0.506098 0.780381 0.507314 0.777384 0.508276 0.774857 0.509218 0.773874 0.509683 0.773591 0.510254
0 0.327177 0.652569 0.327191 0.653493 0.327424 0.654048 0.341608 0.679557 0.341717 0.679712 0.343112 0.679781 0.345446 0.679664 0.349611 0.679260 0.353454 0.678721 0.355756 0.678202 0.357716 0.677552 0.357926 0.677240 0.357254 0.669378 0.356743 0.664133 0.356581 0.662735 0.353859 0.645415 0.350310 0.642441 0.349925 0.642390 0.348866 0.642439 0.347297 0.642582 0.345454 0.642796 0.343616 0.643050 0.342059 0.643304 0.341021 0.643521 0.329422 0.648016 0.328886 0.648374 0.328311 0.649147 0.327783 0.650216 0.327385 0.651418
0 0.479500 0.795698 0.479506 0.796253 0.480065 0.798630 0.480777 0.801118 0.482039 0.804866 0.483446 0.808704 0.484259 0.810721 0.484777 0.811753 0.514364 0.812820 0.515239 0.812473 0.516198 0.811799 0.517094 0.810903 0.517788 0.809920 0.518176 0.809001 0.518199 0.808287 0.517433 0.796620 0.517303 0.796111 0.516949 0.794975 0.516425 0.793387 0.515811 0.791588 0.515199 0.789848 0.514681 0.788431 0.514336 0.787551 0.514216 0.787342 0.509913 0.785384 0.493196 0.790610 0.486874 0.792860
0 0.178337 0.452096 0.178835 0.453534 0.191453 0.458777 0.192770 0.459289 0.203214 0.462985 0.208698 0.464905 0.209419 0.464995 0.213499 0.463420 0.214022 0.462897 0.214713 0.461775 0.215467 0.460226 0.216170 0.458484 0.216717 0.456811 0.217025 0.455461 0.219110 0.441901 0.218855 0.441394 0.218287 0.440633 0.217495 0.439733 0.216599 0.438832 0.215736 0.438068 0.215038 0.437558 0.214611 0.437379 0.184532 0.438480 0.184000 0.438745 0.182794 0.440284 0.181461 0.442633 0.179652 0.446636 0.178470 0.450170
0 0.373095 0.515533 0.373399 0.516257 0.374034 0.517125 0.374905 0.518004 0.375878 0.518759 0.376804 0.519275 0.377542 0.519473 0.406007 0.517626 0.406921 0.516395 0.407548 0.515108 0.408733 0.512304 0.409880 0.509281 0.411241 0.505251 0.411919 0.502675 0.411640 0.502483 0.399498 0.497546 0.398185 0.497062 0.381590 0.491705 0.381092 0.491669 0.376888 0.493428 0.376393 0.494199 0.375753 0.495525 0.375063 0.497202 0.374432 0.498973 0.373954 0.500567 0.373704 0.501739
0 0.499824 0.213720 0.499935 0.214331 0.500275 0.215259 0.500791 0.216362 0.501404 0.217473 0.502021 0.218419 0.502547 0.219059 0.502903 0.219293 0.530300 0.226429 0.531173 0.226463 0.532075 0.225773 0.534036 0.223862 0.536145 0.221513 0.538952 0.218010 0.540740 0.215345 0.540863 0.214414 0.531083 0.205856 0.530023 0.204947 0.516271 0.193185 0.511629 0.193521 0.511043 0.193758 0.510084 0.194544 0.508897 0.195759 0.507666 0.197218 0.506579 0.198695 0.505803 0.199965
0 0.719585 0.918196 0.719960 0.918942 0.721125 0.921097 0.722629 0.923795 0.724951 0.927873 0.726801 0.931033 0.727565 0.932218 0.727852 0.932473 0.739563 0.925923 0.750606 0.919623 0.755838 0.916605 0.757113 0.911915 0.757055 0.911641 0.756617 0.910734 0.755864 0.909331 0.754911 0.907649 0.753906 0.905945 0.753002 0.904480 0.752338 0.903479 0.752013 0.903092 0.742364 0.892901 0.742041 0.892903 0.741280 0.892959 0.740197 0.893061 0.738956 0.893193 0.737745 0.893335 0.736747 0.893467 0.736115 0.893566 0.735944 0.893620
0 0.873877 0.385931 0.873912 0.385992 0.881967 0.397215 0.882715 0.398231 0.883888 0.399458 0.885309 0.400710 0.886765 0.401799 0.888034 0.402559 0.888925 0.402875 0.893141 0.402406 0.894189 0.402194 0.905559 0.389902 0.906515 0.388859 0.915682 0.378630 0.916033 0.377353 0.915374 0.375824 0.912840 0.373230 0.909307 0.370399 0.906852 0.368799 0.904773 0.367825 0.903957 0.367731 0.875967 0.379911 0.875776 0.380309 0.875458 0.381110 0.875060 0.382193 0.874644 0.383393 0.874273 0.384525 0.874004 0.385416
0 0.073033 0.626854 0.073279 0.627794 0.089006 0.652310 0.089834 0.652158 0.091756 0.651757 0.095629 0.650920 0.099585 0.650044 0.102404 0.649396 0.105284 0.648714 0.106148 0.648489 0.104654 0.640716 0.103108 0.633550 0.098863 0.617170 0.094796 0.614512 0.094101 0.614634 0.092769 0.614899 0.091003 0.615266 0.089072 0.615679 0.087274 0.616076 0.085883 0.616394 0.085114 0.616586 0.074597 0.622556 0.073915 0.623351 0.073377 0.624448 0.073068 0.625678
0 0.187281 0.194186 0.187399 0.194534 0.189524 0.196317 0.191058 0.197357 0.194017 0.199165 0.196932 0.200785 0.200468 0.202524 0.202327 0.203154 0.206280 0.196240 0.209720 0.189875 0.217256 0.174532 0.215991 0.169724 0.215516 0.169158 0.214451 0.168307 0.212958 0.167301 0.211265 0.166293 0.209631 0.165438 0.208309 0.164868 0.207500 0.164670 0.195220 0.162996 0.194250 0.163052 0.193170 0.163469 0.192144 0.164185 0.191330 0.165090 0.190852 0.166045
0 0.809652 0.855738 0.809821 0.856484 0.810223 0.857517 0.810797 0.858680 0.811456 0.859795 0.812099 0.860690 0.812627 0.861229 0.812960 0.861331 0.843276 0.868604 0.844925 0.867888 0.846856 0.866265 0.849618 0.863014 0.851581 0.859712 0.852063 0.857377 0.851737 0.855007 0.850845 0.854311 0.844642 0.849580 0.840676 0.846558 0.839518 0.845737 0.824707 0.836106 0.819718 0.836957 0.818726 0.837643 0.817591 0.838826 0.816484 0.840325 0.815573 0.841914 0.809741 0.855391
0 0.623587 0.819904 0.623984 0.821000 0.626779 0.824400 0.627777 0.824905 0.629315 0.825330 0.631160 0.825609 0.633027 0.825700 0.634631 0.825588 0.635725 0.825291 0.648726 0.821166 0.649404 0.820811 0.650102 0.820045 0.650712 0.818984 0.651143 0.817792 0.651327 0.816650 0.651237 0.815733 0.641887 0.789709 0.640118 0.788490 0.638596 0.788016 0.635460 0.787430 0.632210 0.787118 0.628044 0.787110 0.625571 0.787575 0.624749 0.795542 0.624230 0.801165 0.624130 0.802554
0 0.141044 0.676317 0.144142 0.705095 0.144577 0.705996 0.145361 0.706891 0.146373 0.707644 0.147460 0.708138 0.148455 0.708299 0.160607 0.706400 0.161380 0.706096 0.162692 0.705483 0.164340 0.704654 0.166073 0.703737 0.167624 0.702873 0.168755 0.702194 0.169296 0.701803 0.170709 0.697138 0.163568 0.681741 0.160255 0.675234 0.156475 0.668262 0.154678 0.669085 0.151135 0.670845 0.148172 0.672363 0.145127 0.673963 0.143525 0.674829 0.141229 0.676153
