0 0.463885 0.076961 0.463917 0.078233 0.464779 0.081651 0.466156 0.086071 0.467202 0.089000 0.468184 0.091345 0.468642 0.092161 0.497682 0.096308 0.498009 0.096102 0.498658 0.095600 0.499529 0.094877 0.500490 0.094045 0.501393 0.093231 0.502100 0.092559 0.502504 0.092132 0.502542 0.092014 0.501810 0.077658 0.501679 0.076539 0.501328 0.074925 0.500810 0.073061 0.500204 0.071232 0.499605 0.069721 0.499103 0.068759 0.498775 0.068492 0.494524 0.066339 0.488806 0.068231 0.476935 0.072308 0.464379 0.076704
0 0.575062 0.073309 0.598725 0.090889 0.599032 0.090819 0.599773 0.090647 0.600834 0.090400 0.602054 0.090115 0.603247 0.089836 0.604228 0.089606 0.604850 0.089459 0.605016 0.089419 0.610881 0.076255 0.611181 0.075141 0.611549 0.073500 0.611928 0.071582 0.612259 0.069681 0.612493 0.068090 0.612592 0.067052 0.612544 0.066725 0.609770 0.062766 0.603829 0.061691 0.591323 0.059533 0.578099 0.057348 0.577882 0.057534 0.577538 0.058803 0.576843 0.062321 0.576021 0.066908 0.575515 0.069966 0.575154 0.072434
0 0.198802 0.872429 0.199054 0.874726 0.199856 0.877539 0.201601 0.881706 0.203482 0.884822 0.204928 0.885824 0.206498 0.885760 0.218872 0.879580 0.220132 0.878931 0.234807 0.871233 0.235487 0.870229 0.236985 0.866299 0.237000 0.865336 0.236668 0.863894 0.236040 0.862194 0.235212 0.860492 0.234309 0.859044 0.224892 0.847316 0.224785 0.847280 0.224200 0.847280 0.223223 0.847317 0.222005 0.847385 0.220731 0.847473 0.219597 0.847568 0.218776 0.847656 0.218392 0.847723 0.199025 0.871592
0 0.800431 0.842315 0.800441 0.844018 0.801383 0.857268 0.801756 0.858007 0.802487 0.858872 0.803464 0.859730 0.804539 0.860449 0.805546 0.860920 0.806332 0.861070 0.836410 0.854738 0.837278 0.853735 0.838080 0.851676 0.838974 0.847687 0.839338 0.843735 0.839011 0.841049 0.838153 0.838421 0.837388 0.837745 0.829685 0.836346 0.823271 0.835358 0.805768 0.833321 0.801736 0.836257 0.801295 0.837134 0.800892 0.838593 0.800589 0.840411
0 0.465731 0.758458 0.465793 0.759450 0.465992 0.760067 0.475829 0.770842 0.476862 0.771753 0.478314 0.772754 0.479963 0.773692 0.481555 0.774421 0.482846 0.774831 0.483639 0.774859 0.488013 0.773551 0.491191 0.768070 0.497150 0.757755 0.497823 0.756533 0.503818 0.745092 0.503719 0.744284 0.501373 0.742425 0.497636 0.740127 0.494804 0.738657 0.492147 0.737540 0.490910 0.737198 0.489653 0.737506 0.467091 0.753780 0.466726 0.754117 0.466355 0.754893 0.466035 0.755991 0.465816 0.757243
0 0.336361 0.033078 0.336619 0.033908 0.341201 0.043915 0.341552 0.044594 0.342323 0.045758 0.343396 0.047230 0.344609 0.048785 0.345779 0.050189 0.346728 0.051231 0.347314 0.051753 0.352198 0.052203 0.365579 0.042066 0.371277 0.037337 0.377236 0.032185 0.376937 0.031200 0.375446 0.028487 0.373835 0.026003 0.371334 0.022795 0.368728 0.019834 0.367329 0.018485 0.366573 0.018079 0.338610 0.028099 0.337886 0.028628 0.337207 0.029548 0.336679 0.030717 0.336382 0.031957
0 0.040448 0.681458 0.040724 0.682085 0.043067 0.684754 0.044510 0.686332 0.061240 0.698347 0.066103 0.701019 0.066745 0.701336 0.071416 0.700832 0.072219 0.700287 0.073338 0.699239 0.074601 0.697848 0.075819 0.696324 0.076807 0.694897 0.077417 0.693783 0.077554 0.693150 0.076992 0.688796 0.066353 0.679963 0.058329 0.673778 0.051719 0.668848 0.050242 0.669353 0.048495 0.670693 0.046258 0.672867 0.044809 0.674506 0.041866 0.678443 0.041024 0.679868
0 0.016871 0.505750 0.016976 0.507393 0.017399 0.509219 0.018075 0.510947 0.018900 0.512311 0.019748 0.513104 0.023512 0.515272 0.025073 0.515229 0.041963 0.511496 0.043304 0.511141 0.048851 0.509518 0.056563 0.507206 0.056826 0.504541 0.056159 0.500383 0.055210 0.497270 0.053894 0.494385 0.052989 0.493065 0.050999 0.491814 0.024221 0.487174 0.023201 0.487314 0.022040 0.487749 0.020917 0.488411 0.020003 0.489201 0.019439 0.489996 0.019310 0.490676
0 0.424360 0.130400 0.424744 0.132949 0.425076 0.134715 0.425761 0.138060 0.426471 0.141306 0.427382 0.145175 0.427924 0.147122 0.435712 0.145607 0.442830 0.144011 0.459267 0.139738 0.461982 0.135698 0.461962 0.135057 0.461786 0.133776 0.461481 0.132047 0.461092 0.130135 0.460681 0.128334 0.460309 0.126920 0.460034 0.126110 0.453695 0.115448 0.452949 0.114796 0.451884 0.114280 0.450660 0.113980 0.449467 0.113941 0.448486 0.114169 0.424394 0.130182
0 0.475242 0.845628 0.475524 0.846314 0.476884 0.848082 0.478886 0.850182 0.482229 0.853217 0.485120 0.855410 0.486621 0.856003 0.487655 0.855743 0.496421 0.845329 0.497317 0.844238 0.508013 0.831062 0.507845 0.825904 0.507343 0.825159 0.506362 0.824084 0.505049 0.822840 0.503604 0.821616 0.502245 0.820597 0.501177 0.819937 0.488807 0.813604 0.488356 0.813741 0.487545 0.814084 0.486498 0.814580 0.485374 0.815153 0.484346 0.815717 0.483571 0.816183 0.483167 0.816482
0 0.200673 0.109679 0.201484 0.110871 0.204080 0.113447 0.207578 0.116568 0.209968 0.118529 0.211958 0.119982 0.212714 0.120393 0.239818 0.109071 0.239949 0.108687 0.240209 0.107887 0.240557 0.106795 0.240941 0.105577 0.241302 0.104418 0.241584 0.103498 0.241745 0.102955 0.241760 0.102873 0.233556 0.090767 0.232803 0.089817 0.231619 0.088566 0.230185 0.087206 0.228720 0.085945 0.227450 0.084977 0.226569 0.084451 0.226212 0.084446 0.221423 0.084755 0.217486 0.089313 0.209334 0.098853 0.200778 0.109036
0 0.696484 0.384949 0.699771 0.398209 0.700276 0.399550 0.701014 0.401175 0.701874 0.402838 0.702727 0.404289 0.703444 0.405308 0.703915 0.405740 0.708200 0.406942 0.714029 0.404285 0.724191 0.399648 0.725450 0.399011 0.737395 0.392535 0.737467 0.390944 0.736983 0.388975 0.735413 0.385551 0.733295 0.381767 0.731855 0.379601 0.730669 0.378249 0.730230 0.378081 0.700485 0.379999 0.700020 0.380195 0.699333 0.380754 0.698529 0.381590 0.697732 0.382577 0.697063 0.383562 0.696625 0.384395
0 0.649518 0.596750 0.650822 0.609899 0.650974 0.610548 0.651352 0.611781 0.651897 0.613411 0.652527 0.615191 0.653147 0.616852 0.653663 0.618145 0.653997 0.618871 0.654097 0.618919 0.658470 0.620819 0.664150 0.618944 0.674927 0.615379 0.676256 0.614919 0.688858 0.610318 0.688916 0.609432 0.688563 0.607815 0.687413 0.604340 0.685858 0.600151 0.684801 0.597547 0.683929 0.595661 0.683605 0.595161 0.654099 0.592463 0.653566 0.592736 0.652780 0.593299 0.651860 0.594066 0.650948 0.594920 0.650182 0.595731 0.649680 0.596373
0 0.808273 0.694355 0.815107 0.710578 0.815708 0.711857 0.817939 0.716460 0.821473 0.723461 0.822089 0.723992 0.824493 0.724056 0.826954 0.723603 0.830579 0.722139 0.834240 0.720165 0.836132 0.718825 0.837056 0.717721 0.835129 0.687101 0.834712 0.686386 0.833955 0.685551 0.832973 0.684722 0.831916 0.684028 0.830948 0.683573 0.830214 0.683427 0.817116 0.686241 0.815565 0.686714 0.813823 0.687403 0.812153 0.688205 0.810808 0.688998 0.809991 0.689662 0.809827 0.690097
0 0.200145 0.278814 0.200354 0.279418 0.218811 0.303409 0.219182 0.303613 0.219992 0.303820 0.221119 0.303997 0.222390 0.304119 0.223610 0.304166 0.224593 0.304131 0.225189 0.304020 0.234277 0.293777 0.235169 0.292695 0.236134 0.291217 0.237028 0.289566 0.237714 0.287989 0.238090 0.286727 0.238097 0.285971 0.236768 0.281834 0.236090 0.281286 0.231173 0.278287 0.221763 0.272594 0.220530 0.271901 0.208392 0.265464 0.206777 0.265934 0.205265 0.267225 0.203253 0.270373 0.201354 0.274327 0.200460 0.276871
0 0.415481 0.869137 0.419556 0.873641 0.428083 0.882950 0.437165 0.892714 0.437870 0.893061 0.439140 0.892474 0.441854 0.890164 0.445120 0.886930 0.447147 0.884677 0.448612 0.882762 0.448997 0.882006 0.440024 0.853207 0.439968 0.853152 0.439480 0.852902 0.438633 0.852495 0.437557 0.851994 0.436415 0.851474 0.435384 0.851015 0.434620 0.850688 0.434240 0.850542 0.422094 0.857538 0.421142 0.858218 0.419875 0.859289 0.418484 0.860588 0.417180 0.861919 0.416160 0.863082 0.415579 0.863899 0.415526 0.864246
0 0.436044 0.911931 0.436050 0.912930 0.436314 0.914121 0.436798 0.915321 0.437426 0.916348 0.438103 0.917043 0.438726 0.917301 0.453431 0.921877 0.455096 0.922010 0.456970 0.921877 0.458766 0.921499 0.460210 0.920933 0.461079 0.920267 0.463852 0.916880 0.463938 0.915446 0.462985 0.898232 0.462852 0.896856 0.462106 0.891175 0.461053 0.883233 0.458383 0.882626 0.454136 0.882658 0.450920 0.883092 0.447907 0.883893 0.446504 0.884535 0.445087 0.886175
0 0.327953 0.419060 0.328182 0.420732 0.341401 0.423377 0.342790 0.423606 0.360201 0.425763 0.364005 0.423280 0.364214 0.422788 0.364502 0.421649 0.364826 0.420037 0.365137 0.418197 0.365387 0.416405 0.365540 0.414932 0.365571 0.414002 0.364575 0.401356 0.364346 0.400830 0.363736 0.400135 0.362838 0.399377 0.361790 0.398671 0.360752 0.398127 0.359882 0.397827 0.359314 0.397816 0.330710 0.404763 0.330471 0.404983 0.329930 0.406529 0.329336 0.408958 0.328531 0.413163 0.328007 0.416933
0 0.094043 0.464540 0.094177 0.467202 0.096646 0.471122 0.097230 0.471256 0.098477 0.471499 0.100197 0.471815 0.102127 0.472154 0.103968 0.472466 0.105440 0.472702 0.106318 0.472826 0.106472 0.472821 0.110114 0.470002 0.110164 0.469948 0.113274 0.456699 0.115238 0.446540 0.116677 0.438500 0.115463 0.438248 0.113415 0.437856 0.110413 0.437298 0.108278 0.436907 0.103441 0.436038 0.101810 0.435753 0.100187 0.435480 0.099818 0.435437 0.097633 0.441409
0 0.586910 0.950799 0.587059 0.951754 0.588661 0.954063 0.590564 0.956059 0.593772 0.958437 0.597264 0.960488 0.599232 0.961321 0.600421 0.961411 0.625074 0.943583 0.625527 0.942887 0.625874 0.941820 0.626060 0.940544 0.626058 0.939255 0.625867 0.938150 0.625519 0.937397 0.616444 0.927739 0.615137 0.926606 0.613596 0.925450 0.612055 0.924446 0.610746 0.923745 0.609867 0.923453 0.605003 0.924443 0.595269 0.937969 0.594734 0.938734 0.591087 0.944160
0 0.797955 0.232350 0.798078 0.232820 0.798318 0.233683 0.798639 0.234807 0.798991 0.236020 0.799320 0.237136 0.799577 0.237985 0.799722 0.238437 0.812939 0.242972 0.814085 0.243322 0.815726 0.243617 0.817617 0.243814 0.819471 0.243883 0.821009 0.243813 0.821997 0.243614 0.826011 0.240100 0.826762 0.234061 0.828254 0.221594 0.829727 0.208376 0.829497 0.207312 0.828205 0.206555 0.824677 0.205952 0.820103 0.205660 0.817085 0.205715 0.814697 0.206029 0.813886 0.206354
0 0.256384 0.332920 0.257087 0.333533 0.259857 0.335305 0.263739 0.337639 0.266462 0.339207 0.268807 0.340486 0.269755 0.340950 0.270192 0.340938 0.294356 0.324922 0.294520 0.324662 0.294727 0.323955 0.294946 0.322907 0.295143 0.321679 0.295287 0.320459 0.295357 0.319433 0.295342 0.318758 0.295245 0.318537 0.285527 0.308637 0.284774 0.308042 0.283514 0.307183 0.281940 0.306190 0.280293 0.305215 0.278826 0.304410 0.277763 0.303896 0.277268 0.303752 0.272687 0.304995 0.269606 0.310184 0.263102 0.321263
0 0.035253 0.296101 0.035452 0.297227 0.035938 0.298415 0.036638 0.299482 0.037445 0.300266 0.038234 0.300648 0.048606 0.304218 0.049355 0.304428 0.050744 0.304666 0.052560 0.304896 0.054528 0.305085 0.056350 0.305203 0.057753 0.305233 0.058523 0.305170 0.062206 0.301936 0.064067 0.285249 0.064550 0.277860 0.064915 0.269991 0.063966 0.269537 0.060930 0.268763 0.057995 0.268229 0.053939 0.267838 0.050006 0.267690 0.048081 0.267773 0.047290 0.268037 0.035373 0.295210
0 0.928138 0.882326 0.928213 0.882447 0.947246 0.907155 0.948241 0.907612 0.950867 0.907981 0.954023 0.907926 0.958628 0.907273 0.962002 0.906193 0.962983 0.904984 0.962717 0.903356 0.959878 0.890439 0.957141 0.878328 0.955730 0.872383 0.954445 0.871406 0.951149 0.869016 0.950014 0.868735 0.948373 0.868680 0.946474 0.868858 0.944605 0.869242 0.943048 0.869775 0.929185 0.876011 0.929035 0.876384 0.928835 0.877189 0.928614 0.878303 0.928406 0.879557 0.928243 0.880761 0.928148 0.881734
0 0.650395 0.073149 0.650912 0.076108 0.652656 0.084865 0.652918 0.085435 0.653627 0.085966 0.654675 0.086378 0.655902 0.086607 0.657121 0.086618 0.658145 0.086410 0.658817 0.086015 0.664874 0.077480 0.666560 0.074738 0.667436 0.062313 0.667794 0.054852 0.668122 0.047779 0.666735 0.045165 0.663515 0.044021 0.658207 0.043500 0.654660 0.043977 0.652293 0.046223 0.651667 0.049441 0.650870 0.056726
0 0.578809 0.493598 0.578854 0.494406 0.579069 0.495492 0.579420 0.496689 0.579855 0.497814 0.580306 0.498694 0.580704 0.499195 0.607209 0.511650 0.607592 0.511383 0.609083 0.510192 0.611159 0.508471 0.614517 0.505626 0.617320 0.503194 0.618648 0.501966 0.619407 0.501163 0.610944 0.490865 0.610028 0.489800 0.602331 0.481320 0.598256 0.476853 0.593612 0.476294 0.593589 0.476306 0.593019 0.476788 0.591987 0.477668 0.590650 0.478813 0.589213 0.480046 0.587898 0.481178 0.586905 0.482035 0.586386 0.482487 0.578940 0.493189
0 0.747029 0.025516 0.747289 0.026570 0.763890 0.047737 0.769173 0.052527 0.771337 0.052577 0.774293 0.051245 0.777203 0.048806 0.780906 0.044968 0.782717 0.042512 0.782379 0.041130 0.777938 0.034902 0.775191 0.031269 0.771680 0.026737 0.763804 0.016838 0.762608 0.016103 0.758360 0.015741 0.757214 0.016031 0.755729 0.016810 0.749334 0.021251 0.748395 0.021960 0.747628 0.023020 0.747148 0.024269
0 0.250101 0.430405 0.250215 0.431346 0.250603 0.432457 0.251205 0.433569 0.251929 0.434510 0.252663 0.435138 0.253297 0.435357 0.264909 0.437933 0.265361 0.437946 0.266485 0.437921 0.268109 0.437862 0.269987 0.437779 0.271834 0.437683 0.273372 0.437589 0.274369 0.437511 0.274672 0.437462 0.277715 0.433882 0.277440 0.416371 0.277361 0.414968 0.277022 0.409667 0.276365 0.401790 0.275970 0.401652 0.273730 0.401536 0.271259 0.401527 0.267344 0.401683 0.263218 0.401946 0.260975 0.402150 0.259724 0.402344 0.250277 0.429778
0 0.677898 0.459506 0.682085 0.466266 0.685023 0.470871 0.685795 0.472039 0.695996 0.486188 0.700627 0.487407 0.701049 0.487365 0.702030 0.486924 0.703422 0.486152 0.705012 0.485166 0.706556 0.484117 0.707817 0.483167 0.708602 0.482460 0.716788 0.472058 0.717042 0.471233 0.717085 0.470119 0.716911 0.468886 0.716547 0.467723 0.716047 0.466808 0.715489 0.466281 0.691819 0.450636 0.690001 0.451395 0.688616 0.452166 0.685885 0.453835 0.683148 0.455625 0.679761 0.458000
0 0.829568 0.093935 0.829690 0.094822 0.852015 0.113679 0.852523 0.113639 0.853446 0.113522 0.854642 0.113343 0.855930 0.113131 0.857111 0.112917 0.858006 0.112736 0.858477 0.112613 0.866570 0.098742 0.867266 0.097141 0.867892 0.095257 0.868353 0.093380 0.868577 0.091797 0.868531 0.090752 0.865838 0.086306 0.860000 0.084902 0.847957 0.082070 0.835109 0.079163 0.834032 0.079276 0.833029 0.080481 0.831689 0.083923 0.830416 0.088442 0.829804 0.091472
0 0.879614 0.619578 0.879807 0.620120 0.880196 0.621004 0.880722 0.622097 0.881304 0.623232 0.881854 0.624233 0.882287 0.624949 0.882537 0.625270 0.911952 0.633567 0.912736 0.633447 0.914641 0.632314 0.916833 0.630467 0.919920 0.627212 0.922063 0.624244 0.922512 0.622508 0.922007 0.621073 0.911484 0.612170 0.910390 0.611272 0.901840 0.604449 0.897365 0.600882 0.896318 0.600642 0.892072 0.600836 0.891244 0.601199 0.890103 0.602071 0.888821 0.603320 0.887594 0.604756 0.886605 0.606163 0.879646 0.619461
0 0.664697 0.265503 0.668973 0.278344 0.669599 0.279734 0.670469 0.281340 0.671454 0.282922 0.672403 0.284240 0.673173 0.285094 0.673648 0.285354 0.678034 0.286319 0.693405 0.277769 0.694610 0.277033 0.698920 0.274206 0.705480 0.269884 0.705987 0.269505 0.705854 0.267529 0.705171 0.265379 0.703326 0.262016 0.700941 0.258498 0.699370 0.256601 0.698131 0.255564 0.697713 0.255587 0.668292 0.260203 0.667827 0.260356 0.667173 0.260911 0.666431 0.261783 0.665715 0.262839 0.665134 0.263917 0.664776 0.264853
0 0.909409 0.125585 0.909525 0.125934 0.909952 0.126586 0.910626 0.127443 0.911444 0.128375 0.912281 0.129241 0.913012 0.129909 0.913526 0.130278 0.913743 0.130291 0.927921 0.128566 0.928877 0.128380 0.930373 0.127927 0.932185 0.127275 0.934038 0.126521 0.935653 0.125781 0.936785 0.125165 0.937259 0.124768 0.939382 0.120239 0.937446 0.114482 0.933595 0.103051 0.933142 0.101707 0.928794 0.089236 0.927857 0.089117 0.924596 0.090119 0.920133 0.091866 0.917069 0.093244 0.914514 0.094581 0.913542 0.095233 0.913334 0.096009
0 0.897512 0.269889 0.905541 0.284812 0.909304 0.291088 0.913499 0.297808 0.915083 0.296897 0.918437 0.294926 0.921319 0.293219 0.924349 0.291414 0.925985 0.290433 0.928466 0.288924 0.928762 0.288730 0.923462 0.260265 0.923014 0.259387 0.922194 0.258540 0.921126 0.257855 0.919975 0.257437 0.918917 0.257348 0.907252 0.259965 0.906583 0.260305 0.905363 0.260993 0.903779 0.261923 0.902074 0.262954 0.900509 0.263926 0.899325 0.264691 0.898701 0.265132
0 0.060215 0.789657 0.060246 0.790861 0.060583 0.792077 0.061176 0.793117 0.061932 0.793823 0.087244 0.806948 0.087643 0.806785 0.090096 0.804988 0.091606 0.803754 0.094310 0.801425 0.096802 0.799173 0.099588 0.796498 0.100752 0.795165 0.095512 0.789192 0.090641 0.783793 0.078602 0.771745 0.073625 0.771466 0.072906 0.771879 0.071728 0.772740 0.070268 0.773918 0.068751 0.775234 0.067410 0.776485 0.066450 0.777479 0.066019 0.778064 0.060496 0.788647
0 0.278726 0.634528 0.278766 0.635768 0.279011 0.636979 0.279424 0.637976 0.279942 0.638607 0.291087 0.646098 0.292055 0.646600 0.293556 0.647135 0.295360 0.647622 0.297190 0.647986 0.298765 0.648170 0.299844 0.648148 0.300264 0.647923 0.303579 0.645711 0.304235 0.645152 0.309166 0.628458 0.309506 0.627103 0.310757 0.621704 0.312468 0.613913 0.310223 0.612930 0.306245 0.611733 0.303068 0.610977 0.299931 0.610414 0.298361 0.610251 0.296373 0.610451 0.279253 0.632698 0.278897 0.633450
0 0.344984 0.494007 0.348337 0.499202 0.354681 0.508997 0.355466 0.510157 0.363044 0.520882 0.363598 0.520834 0.366160 0.519342 0.369837 0.516949 0.372457 0.515131 0.374755 0.513420 0.375716 0.512620 0.376292 0.511793 0.371671 0.483690 0.371609 0.483321 0.371148 0.482735 0.370360 0.482019 0.369363 0.481284 0.368311 0.480642 0.367365 0.480191 0.366668 0.480000 0.366328 0.480099 0.353653 0.484136 0.352944 0.484398 0.351748 0.485035 0.350247 0.485951 0.348670 0.487006 0.347261 0.488038 0.346236 0.488888 0.345750 0.489426
0 0.285627 0.337282 0.285658 0.337743 0.298495 0.364646 0.298837 0.365011 0.299602 0.365447 0.300673 0.365886 0.301886 0.366261 0.303055 0.366516 0.304002 0.366611 0.304582 0.366531 0.315669 0.358583 0.316742 0.357614 0.317986 0.356324 0.319212 0.354911 0.320235 0.353586 0.320901 0.352550 0.321108 0.351961 0.320656 0.347528 0.307961 0.335369 0.306904 0.334434 0.296448 0.325739 0.294885 0.326284 0.293200 0.327475 0.290589 0.330204 0.287869 0.333566 0.286412 0.335694
0 0.736983 0.956722 0.737343 0.959505 0.754902 0.979943 0.755692 0.980625 0.756803 0.981142 0.758063 0.981414 0.759281 0.981400 0.760269 0.981101 0.772096 0.971603 0.773035 0.970390 0.773902 0.968750 0.774564 0.966934 0.774920 0.965223 0.774915 0.963877 0.773424 0.959885 0.772504 0.958422 0.757261 0.950237 0.750841 0.947086 0.743526 0.943736 0.741768 0.945270 0.739629 0.948712 0.738279 0.951730 0.737274 0.954952
0 0.066683 0.743580 0.073440 0.755168 0.079937 0.766089 0.083046 0.771266 0.087761 0.772454 0.088028 0.772402 0.088923 0.771955 0.090310 0.771181 0.091976 0.770199 0.093666 0.769159 0.095119 0.768221 0.096115 0.767529 0.096503 0.767187 0.106537 0.757343 0.106534 0.757014 0.106468 0.756247 0.106350 0.755162 0.106197 0.753921 0.106033 0.752714 0.105883 0.751722 0.105769 0.751097 0.105708 0.750934 0.080846 0.735015 0.080112 0.735393 0.077983 0.736586 0.075313 0.738134 0.071271 0.740534 0.068135 0.742453 0.066951 0.743259
