0 0.194525 0.954820 0.194784 0.956896 0.196006 0.958570 0.199275 0.960343 0.203491 0.961702 0.206261 0.962126 0.208441 0.961943 0.209171 0.961463 0.231534 0.940095 0.231622 0.939811 0.231690 0.939059 0.231728 0.937953 0.231729 0.936662 0.231694 0.935383 0.231627 0.934313 0.231540 0.933614 0.231446 0.933392 0.219217 0.924897 0.217690 0.924030 0.215945 0.923325 0.214245 0.922889 0.212847 0.922788 0.211964 0.923039 0.208081 0.924655 0.207303 0.925806 0.204925 0.930863 0.200390 0.940584 0.199825 0.941886
0 0.027641 0.665209 0.031871 0.677923 0.035981 0.689924 0.037960 0.695627 0.042329 0.697748 0.042603 0.697771 0.043572 0.697531 0.045089 0.697066 0.046922 0.696445 0.048788 0.695765 0.050401 0.695130 0.051516 0.694637 0.051963 0.694361 0.063802 0.686752 0.063865 0.686415 0.063957 0.685640 0.064064 0.684545 0.064169 0.683296 0.064257 0.682082 0.064314 0.681087 0.064332 0.680462 0.064308 0.680303 0.043251 0.659636 0.042453 0.659838 0.040122 0.660549 0.037190 0.661511 0.032743 0.663042 0.029283 0.664307 0.027963 0.664892
0 0.799479 0.450364 0.804769 0.456337 0.808546 0.460406 0.809497 0.461428 0.821859 0.473673 0.826750 0.474122 0.827335 0.474037 0.828386 0.473464 0.829746 0.472488 0.831205 0.471259 0.832540 0.469966 0.833546 0.468807 0.834068 0.467959 0.839858 0.456256 0.840060 0.455413 0.839973 0.454315 0.839610 0.453131 0.839027 0.452040 0.838312 0.451211 0.837576 0.450769 0.812138 0.439361 0.810031 0.440346 0.808646 0.441314 0.806082 0.443392 0.803645 0.445607 0.800812 0.448530
0 0.413681 0.915702 0.416532 0.919107 0.417274 0.919747 0.418623 0.920291 0.420374 0.920655 0.422260 0.920783 0.423989 0.920656 0.425296 0.920293 0.439242 0.916111 0.439791 0.915835 0.440422 0.915126 0.441038 0.914090 0.441545 0.912888 0.441864 0.911703 0.441949 0.910715 0.441786 0.910077 0.432474 0.884819 0.431414 0.883248 0.430133 0.882633 0.427242 0.881864 0.424057 0.881446 0.419721 0.881412 0.416847 0.881991 0.416456 0.883067 0.414937 0.895647 0.414809 0.897030 0.414061 0.909200
0 0.624775 0.311390 0.626484 0.315800 0.641947 0.323984 0.643214 0.324590 0.648056 0.326863 0.655286 0.330087 0.655500 0.329753 0.656538 0.327768 0.657653 0.325561 0.659376 0.322040 0.661166 0.318316 0.662123 0.316283 0.662636 0.315138 0.643349 0.293760 0.642855 0.293288 0.641955 0.292924 0.640786 0.292724 0.639526 0.292719 0.638369 0.292908 0.637491 0.293264 0.637025 0.293732 0.629032 0.302589 0.628885 0.302840 0.628435 0.303726 0.627751 0.305112 0.626936 0.306786 0.626117 0.308491 0.625418 0.309965 0.624947 0.310982
0 0.622503 0.750411 0.622690 0.752555 0.644142 0.770395 0.644894 0.770815 0.645976 0.771054 0.647221 0.771075 0.648439 0.770874 0.649443 0.770483 0.650081 0.769961 0.658105 0.759317 0.658667 0.758416 0.659276 0.756965 0.659838 0.755187 0.660267 0.753354 0.660498 0.751749 0.660495 0.750616 0.660259 0.750127 0.658226 0.746816 0.657632 0.746006 0.641162 0.740417 0.639823 0.740023 0.634461 0.738515 0.626741 0.736476 0.625627 0.738593 0.624251 0.742481 0.623373 0.745637 0.622706 0.748799
0 0.034482 0.616604 0.041924 0.627947 0.049086 0.638695 0.052486 0.643713 0.057293 0.644740 0.057734 0.644571 0.058756 0.644012 0.060199 0.643149 0.061847 0.642114 0.063449 0.641062 0.064765 0.640153 0.065595 0.639523 0.075391 0.629239 0.075408 0.629038 0.075334 0.628389 0.075180 0.627391 0.074969 0.626195 0.074733 0.624983 0.074507 0.623938 0.074327 0.623219 0.074219 0.622935 0.048103 0.608001 0.047174 0.608417 0.044818 0.609693 0.042044 0.611336 0.038059 0.613857 0.035210 0.615835
0 0.446131 0.685708 0.446714 0.687598 0.447564 0.689749 0.449205 0.693251 0.451105 0.696997 0.452243 0.699067 0.453018 0.700266 0.453179 0.700319 0.482234 0.698546 0.482842 0.698418 0.483636 0.697913 0.484495 0.697108 0.485288 0.696125 0.485893 0.695116 0.486218 0.694234 0.486214 0.693615 0.483852 0.681699 0.483756 0.681357 0.483354 0.680403 0.482709 0.678983 0.481919 0.677313 0.481103 0.675645 0.480384 0.674230 0.479871 0.673283 0.479642 0.672948 0.475204 0.671603 0.459176 0.678682 0.457914 0.679302 0.453212 0.681739 0.446233 0.685440
0 0.819064 0.805598 0.819732 0.806229 0.822341 0.807427 0.825012 0.808325 0.828948 0.809145 0.832924 0.809661 0.834979 0.809725 0.835983 0.809474 0.851000 0.783490 0.851161 0.782633 0.851056 0.781501 0.850702 0.780267 0.850152 0.779120 0.849490 0.778236 0.848819 0.777749 0.837918 0.772945 0.836669 0.772529 0.834965 0.772087 0.833064 0.771687 0.831254 0.771389 0.829806 0.771238 0.828942 0.771256 0.824920 0.774113 0.821471 0.790496 0.820197 0.797815
0 0.642528 0.586667 0.650090 0.597560 0.654075 0.603228 0.655719 0.605552 0.660736 0.612585 0.661282 0.612991 0.662669 0.612549 0.664905 0.611412 0.666583 0.610389 0.670599 0.607555 0.672046 0.606373 0.673651 0.604800 0.674270 0.603827 0.671157 0.598967 0.655679 0.577388 0.651067 0.576429 0.650555 0.576520 0.649522 0.577021 0.648127 0.577853 0.646581 0.578890 0.645116 0.579977 0.643956 0.580948 0.643274 0.581658 0.643176 0.581997
0 0.099658 0.902994 0.099712 0.904039 0.101711 0.907483 0.102349 0.908525 0.108160 0.910019 0.120121 0.913039 0.132895 0.916145 0.134069 0.916046 0.135157 0.914854 0.136600 0.911433 0.137964 0.906933 0.138615 0.903913 0.138859 0.901456 0.138721 0.900567 0.116725 0.881367 0.116194 0.881399 0.115250 0.881504 0.114038 0.881664 0.112741 0.881857 0.111559 0.882052 0.110673 0.882219 0.110218 0.882334 0.101806 0.896081 0.101059 0.897671 0.100388 0.899545 0.099895 0.901416
0 0.116096 0.141126 0.116200 0.142320 0.116577 0.143262 0.129392 0.167112 0.131951 0.168259 0.133738 0.168555 0.137135 0.168694 0.140442 0.168485 0.144398 0.167744 0.146406 0.166741 0.145851 0.158729 0.145153 0.151652 0.142895 0.134479 0.141779 0.133254 0.139220 0.130957 0.138589 0.130412 0.137302 0.129994 0.135554 0.129767 0.133611 0.129766 0.131773 0.129993 0.130321 0.130411 0.117367 0.137883 0.116728 0.138724 0.116281 0.139863
0 0.448134 0.893222 0.451266 0.923559 0.451553 0.924226 0.453154 0.925544 0.455576 0.926862 0.459686 0.928482 0.463299 0.929348 0.465248 0.929125 0.466681 0.928146 0.471057 0.915050 0.471477 0.913697 0.474433 0.903188 0.475963 0.897688 0.476028 0.896653 0.474169 0.892788 0.473622 0.892169 0.472465 0.891451 0.470873 0.890743 0.469087 0.890150 0.467377 0.889763 0.452529 0.888360 0.452340 0.888368 0.451845 0.888744 0.451119 0.889433 0.450271 0.890330 0.449433 0.891297 0.448732 0.892187 0.448276 0.892863
0 0.280617 0.000000 0.281335 0.005267 0.281801 0.008557 0.282307 0.011336 0.282590 0.012420 0.283050 0.012768 0.310611 0.023941 0.310918 0.023904 0.311608 0.023644 0.312577 0.023200 0.313676 0.022640 0.314739 0.022048 0.315607 0.021515 0.316146 0.021120 0.316273 0.020925 0.318231 0.006782 0.318228 0.005799 0.318133 0.004231 0.317961 0.002315 0.317738 0.000341 0.317538 0.000000
0 0.291974 0.392622 0.292255 0.393160 0.293006 0.394152 0.294113 0.395448 0.295406 0.396849 0.296687 0.398139 0.297760 0.399120 0.298460 0.399644 0.310057 0.406822 0.310318 0.406929 0.311002 0.406849 0.312004 0.406596 0.313171 0.406208 0.314324 0.405743 0.315286 0.405274 0.315912 0.404871 0.316106 0.404597 0.326868 0.377951 0.326687 0.377288 0.326001 0.376378 0.324227 0.374273 0.322116 0.371919 0.319049 0.368668 0.316796 0.366463 0.316127 0.366080 0.306343 0.374866 0.305312 0.375814 0.292255 0.387930
0 0.150668 0.562304 0.150825 0.562512 0.152076 0.562757 0.155595 0.563168 0.160192 0.563613 0.163241 0.563863 0.165674 0.564013 0.166515 0.564026 0.182269 0.538971 0.182262 0.538765 0.182117 0.538121 0.181856 0.537137 0.181519 0.535963 0.181157 0.534779 0.180825 0.533765 0.180574 0.533077 0.180444 0.532820 0.167603 0.528211 0.167153 0.528144 0.166024 0.528009 0.164389 0.527828 0.162494 0.527627 0.160625 0.527438 0.159065 0.527288 0.158051 0.527200 0.157739 0.527189 0.154027 0.530281 0.153336 0.536293 0.151992 0.548969
0 0.659834 0.350099 0.660123 0.350891 0.680727 0.370503 0.681063 0.370701 0.681839 0.370833 0.682938 0.370878 0.684192 0.370829 0.685409 0.370695 0.686402 0.370495 0.687021 0.370260 0.694939 0.358808 0.695427 0.358084 0.696049 0.356780 0.696711 0.355095 0.697312 0.353287 0.697758 0.351634 0.697983 0.350390 0.697950 0.349743 0.695785 0.345616 0.678739 0.339928 0.677409 0.339494 0.664934 0.335612 0.664350 0.336152 0.663114 0.339028 0.661628 0.343230 0.660700 0.346258 0.660021 0.348948
0 0.846512 0.080967 0.846573 0.081340 0.853504 0.094279 0.854508 0.095810 0.855734 0.097215 0.856997 0.098282 0.858105 0.098848 0.863168 0.099297 0.877217 0.088535 0.878310 0.087626 0.888778 0.078291 0.889160 0.075754 0.888639 0.073376 0.886471 0.070208 0.883410 0.067216 0.881265 0.065804 0.879428 0.065304 0.849413 0.075113 0.849138 0.075210 0.848689 0.075766 0.848132 0.076699 0.847554 0.077866 0.847043 0.079087 0.846677 0.080176
0 0.312212 0.078298 0.313500 0.105597 0.315300 0.107515 0.316779 0.108478 0.319779 0.109995 0.322851 0.111215 0.326743 0.112309 0.328996 0.112398 0.331953 0.104948 0.334380 0.098317 0.339751 0.081824 0.339285 0.080433 0.337959 0.077122 0.337630 0.076447 0.336655 0.075593 0.335179 0.074692 0.333429 0.073881 0.331672 0.073285 0.330179 0.072996 0.316088 0.073749 0.315250 0.073851 0.314313 0.074361 0.313419 0.075203 0.312706 0.076248 0.312282 0.077335
0 0.581440 0.660568 0.583593 0.664927 0.589046 0.667315 0.599410 0.671830 0.600713 0.672365 0.613265 0.677222 0.614058 0.676485 0.614960 0.674974 0.616430 0.671589 0.618001 0.667447 0.618870 0.664840 0.619372 0.662914 0.619394 0.662370 0.598903 0.640922 0.598356 0.640751 0.597418 0.640636 0.596231 0.640595 0.594976 0.640633 0.593847 0.640746 0.593015 0.640916 0.592607 0.641116 0.584982 0.651758 0.584613 0.652381 0.584040 0.653582 0.583351 0.655177 0.582648 0.656924 0.582038 0.658562 0.581614 0.659841
0 0.070897 0.512908 0.080574 0.520911 0.082858 0.522707 0.096459 0.532457 0.097096 0.532729 0.101456 0.532523 0.101977 0.532361 0.102910 0.531661 0.104111 0.530531 0.105399 0.529143 0.106578 0.527705 0.107472 0.526435 0.107944 0.525526 0.109525 0.514224 0.109320 0.513023 0.108744 0.511889 0.107884 0.510993 0.106870 0.510472 0.081846 0.499900 0.081041 0.500271 0.078134 0.502622 0.076674 0.504085 0.074381 0.506712 0.072556 0.509133 0.070958 0.511818
0 0.198142 0.457890 0.198161 0.458631 0.198991 0.459893 0.201459 0.462527 0.204728 0.465670 0.206918 0.467606 0.208689 0.468987 0.209320 0.469335 0.237342 0.459305 0.237474 0.459254 0.237775 0.458762 0.238201 0.457905 0.238685 0.456812 0.239154 0.455652 0.239536 0.454602 0.239772 0.453822 0.239828 0.453432 0.232828 0.442046 0.232513 0.441552 0.231718 0.440619 0.230564 0.439388 0.229225 0.438046 0.227904 0.436794 0.226800 0.435823 0.226081 0.435280 0.225857 0.435249 0.221032 0.435383 0.208695 0.447394 0.207688 0.448378
0 0.080915 0.491404 0.081378 0.492322 0.091568 0.500952 0.101264 0.509021 0.105965 0.512907 0.111244 0.512714 0.112062 0.512178 0.113199 0.511174 0.114482 0.509852 0.115718 0.508415 0.116719 0.507078 0.117334 0.506043 0.123782 0.493689 0.123599 0.493263 0.123221 0.492471 0.122704 0.491434 0.122128 0.490309 0.121580 0.489269 0.121145 0.488474 0.120889 0.488044 0.091511 0.480007 0.090740 0.480331 0.088847 0.481745 0.086657 0.483776 0.083558 0.487124 0.081392 0.489976
0 0.005335 0.793132 0.006719 0.796740 0.007291 0.797986 0.012808 0.800325 0.024133 0.805033 0.036263 0.809967 0.037576 0.810216 0.038925 0.809318 0.040936 0.806241 0.042991 0.802035 0.044076 0.799134 0.044642 0.796687 0.044597 0.795735 0.025769 0.773526 0.025207 0.773439 0.024230 0.773366 0.022987 0.773318 0.021667 0.773304 0.020473 0.773325 0.019588 0.773378 0.019146 0.773455 0.008613 0.785596 0.007598 0.787009 0.006631 0.788734 0.005860 0.790505 0.005405 0.792050
0 0.797744 0.255341 0.797748 0.255928 0.797838 0.256041 0.807543 0.265622 0.808495 0.266561 0.809878 0.267604 0.811483 0.268595 0.813068 0.269384 0.814394 0.269851 0.815258 0.269926 0.819386 0.268826 0.820229 0.268235 0.823426 0.263486 0.829526 0.254399 0.830293 0.253209 0.837554 0.241497 0.837496 0.239924 0.836480 0.238378 0.833514 0.236196 0.829604 0.234053 0.826992 0.232985 0.824889 0.232518 0.824146 0.232664 0.798778 0.249607 0.798618 0.249978 0.798410 0.250785 0.798186 0.251903 0.797981 0.253163 0.797826 0.254370
0 0.392546 0.408277 0.405205 0.412690 0.406549 0.413106 0.423480 0.417619 0.427637 0.415689 0.427845 0.415217 0.428233 0.414118 0.428743 0.412559 0.429297 0.410778 0.429812 0.409041 0.430209 0.407612 0.430430 0.406708 0.431048 0.394019 0.430936 0.393475 0.430462 0.392710 0.429698 0.391841 0.428762 0.391000 0.427796 0.390316 0.426948 0.389894 0.426347 0.389798 0.397263 0.392810 0.397073 0.393011 0.396436 0.394490 0.395590 0.396830 0.394263 0.400894 0.393194 0.404550 0.392738 0.406627
0 0.436775 0.064864 0.437047 0.067638 0.437293 0.069489 0.437807 0.072936 0.438346 0.076232 0.439044 0.080092 0.439467 0.081945 0.447323 0.080829 0.454520 0.079647 0.471154 0.076194 0.474072 0.072246 0.474077 0.071523 0.473960 0.070159 0.473741 0.068361 0.473452 0.066405 0.473137 0.064591 0.472845 0.063197 0.472621 0.062438 0.466888 0.051713 0.466174 0.050980 0.465134 0.050382 0.463927 0.050011 0.462739 0.049922 0.461752 0.050131 0.436809 0.064556
0 0.521045 0.226291 0.526473 0.232011 0.530158 0.235756 0.531155 0.236750 0.544066 0.248623 0.548712 0.248695 0.549020 0.248555 0.549797 0.247904 0.550923 0.246843 0.552229 0.245532 0.553518 0.244169 0.554595 0.242960 0.555296 0.242087 0.561521 0.231457 0.561734 0.230804 0.561717 0.229810 0.561473 0.228626 0.561037 0.227432 0.560479 0.226413 0.559881 0.225723 0.559338 0.225469 0.532279 0.214047 0.531187 0.214764 0.529464 0.216243 0.526476 0.219113 0.523791 0.221960 0.522270 0.223898 0.521066 0.225799
0 0.329422 0.826895 0.329947 0.829097 0.330936 0.831845 0.332791 0.835974 0.334583 0.839122 0.335749 0.840221 0.336841 0.840324 0.349034 0.834216 0.350290 0.833569 0.365306 0.825764 0.367219 0.820924 0.367068 0.820018 0.366605 0.818623 0.365900 0.816949 0.365060 0.815251 0.364212 0.813784 0.363484 0.812770 0.354653 0.802028 0.354176 0.801991 0.353288 0.801996 0.352126 0.802044 0.350866 0.802127 0.349701 0.802232 0.348810 0.802343 0.348329 0.802443 0.329452 0.826126
0 0.139089 0.446482 0.139653 0.447856 0.141807 0.450733 0.144805 0.454167 0.146887 0.456284 0.148648 0.457798 0.149337 0.458180 0.178515 0.450880 0.178597 0.450856 0.178897 0.450409 0.179371 0.449607 0.179946 0.448572 0.180534 0.447462 0.181044 0.446447 0.181400 0.445683 0.181547 0.445285 0.175362 0.432764 0.174719 0.431741 0.173718 0.430396 0.172512 0.428930 0.171282 0.427565 0.170214 0.426507 0.169469 0.425917 0.169164 0.425887 0.164304 0.425558 0.159556 0.429346 0.149707 0.437244 0.139379 0.445680
0 0.914999 0.571716 0.915047 0.573103 0.916140 0.574634 0.934719 0.594077 0.935259 0.594474 0.936216 0.594801 0.937445 0.595008 0.938757 0.595062 0.939953 0.594957 0.940848 0.594707 0.941307 0.594351 0.951263 0.583447 0.952196 0.582393 0.953081 0.580869 0.953783 0.579110 0.954193 0.577386 0.954249 0.575961 0.953944 0.575053 0.952131 0.570990 0.946062 0.568557 0.934697 0.564029 0.933395 0.563547 0.921448 0.559447 0.920207 0.559412 0.918368 0.561813 0.916494 0.565766 0.915508 0.568811
0 0.704036 0.197025 0.704196 0.202303 0.704446 0.205439 0.704949 0.206627 0.713050 0.206357 0.723560 0.205985 0.737610 0.205009 0.740971 0.201674 0.741255 0.200912 0.741473 0.199529 0.741594 0.197733 0.741597 0.195800 0.741482 0.194027 0.741267 0.192686 0.740985 0.191982 0.737788 0.189107 0.737123 0.188921 0.724286 0.188789 0.711838 0.188767 0.705066 0.189804 0.704470 0.190789 0.704082 0.193412
0 0.580174 0.196120 0.580501 0.196914 0.581255 0.198120 0.582320 0.199554 0.583537 0.201001 0.584720 0.202240 0.585693 0.203087 0.596789 0.211377 0.597284 0.211333 0.598164 0.211143 0.599294 0.210837 0.600501 0.210462 0.601601 0.210074 0.602425 0.209734 0.602848 0.209492 0.615666 0.182156 0.615553 0.181460 0.614578 0.179529 0.613005 0.177151 0.610245 0.173615 0.607739 0.170957 0.606286 0.170081 0.605101 0.170096 0.594668 0.178870 0.593601 0.179795 0.585296 0.187172 0.580939 0.191045 0.580780 0.191842
0 0.861292 0.488033 0.867552 0.503642 0.870512 0.510409 0.873896 0.517534 0.874646 0.517536 0.877257 0.516866 0.879848 0.516006 0.883538 0.514469 0.887187 0.512748 0.889022 0.511751 0.889848 0.511112 0.888243 0.481439 0.887870 0.480604 0.887142 0.479705 0.886170 0.478880 0.885103 0.478256 0.884104 0.477927 0.883326 0.477944 0.872044 0.479694 0.871443 0.479836 0.870245 0.480253 0.868635 0.480882 0.866857 0.481627 0.865178 0.482375 0.863852 0.483014 0.863080 0.483447 0.862981 0.483608
0 0.383528 0.753528 0.383686 0.754720 0.384047 0.755935 0.384554 0.756988 0.385131 0.757718 0.385688 0.758013 0.411823 0.770931 0.412873 0.770252 0.414623 0.768859 0.417740 0.766158 0.420613 0.763481 0.422329 0.761661 0.423785 0.759880 0.423934 0.759421 0.418839 0.753391 0.415346 0.749426 0.414410 0.748375 0.402231 0.735774 0.397560 0.735418 0.397294 0.735557 0.396521 0.736174 0.395358 0.737175 0.393981 0.738408 0.392598 0.739688 0.391419 0.740822 0.390621 0.741636 0.390327 0.742008 0.383879 0.751914 0.383596 0.752543
