0 0.779947 0.336556 0.780203 0.341845 0.783959 0.345455 0.784784 0.345866 0.785425 0.345997 0.786350 0.345871 0.796962 0.341207 0.804070 0.337991 0.804672 0.337360 0.804661 0.336504 0.800336 0.326954 0.799707 0.326396 0.798693 0.326110 0.797835 0.326181 0.790860 0.329736 0.780862 0.334991 0.780173 0.335641
0 0.486893 0.063536 0.487056 0.066556 0.488607 0.068813 0.489128 0.069147 0.501160 0.072277 0.502239 0.072403 0.503358 0.072254 0.509743 0.070095 0.510128 0.069728 0.510781 0.064855 0.510573 0.059872 0.510286 0.059518 0.503014 0.057452 0.501930 0.057329 0.500806 0.057477 0.489791 0.060911 0.489166 0.061253
0 0.131802 0.453416 0.132352 0.458438 0.132671 0.459221 0.133334 0.459607 0.135251 0.460208 0.145043 0.461985 0.151308 0.463066 0.152025 0.462857 0.152463 0.462133 0.154630 0.451829 0.154514 0.451027 0.153925 0.450632 0.150813 0.449601 0.144462 0.448877 0.135789 0.448020 0.135006 0.448199 0.134384 0.448846
0 0.264484 0.352132 0.267733 0.356351 0.269293 0.357571 0.276356 0.356607 0.277114 0.356210 0.278033 0.355574 0.278870 0.354868 0.279399 0.354282 0.285678 0.343664 0.286537 0.341881 0.284576 0.339335 0.282369 0.339872 0.270623 0.343031 0.269860 0.343422 0.268935 0.344058 0.268099 0.344767 0.267574 0.345360
0 0.653708 0.283914 0.653827 0.284824 0.655997 0.289552 0.660866 0.291583 0.661796 0.291683 0.662627 0.291260 0.670739 0.283750 0.676316 0.278449 0.676659 0.277673 0.676879 0.276448 0.676560 0.275671 0.669017 0.268393 0.668218 0.268092 0.667434 0.268439 0.662128 0.273984 0.654305 0.282341 0.653889 0.283162
0 0.149075 0.554102 0.149343 0.561093 0.150175 0.570903 0.150459 0.571745 0.151156 0.572377 0.155808 0.574865 0.160418 0.573896 0.161102 0.573491 0.162426 0.572187 0.162689 0.571434 0.163236 0.560877 0.163316 0.553952 0.163015 0.553184 0.162273 0.552759 0.152322 0.551151 0.151590 0.551337 0.149357 0.553428
0 0.162343 0.073530 0.162368 0.074396 0.163000 0.075055 0.170291 0.078548 0.181148 0.083426 0.182084 0.083584 0.182895 0.083197 0.186518 0.079681 0.187103 0.078944 0.187139 0.073604 0.186873 0.072671 0.186152 0.071989 0.175846 0.066131 0.168675 0.062296 0.167809 0.062195 0.167197 0.062740 0.166296 0.064018
0 0.329715 0.415592 0.329900 0.416379 0.336087 0.424720 0.336818 0.425169 0.337641 0.425014 0.343719 0.421015 0.352773 0.414787 0.353312 0.414116 0.353797 0.412961 0.353828 0.412095 0.352479 0.407256 0.348055 0.404337 0.347164 0.404046 0.346284 0.404260 0.337205 0.409319 0.330898 0.413036 0.330437 0.413681
0 0.924895 0.981549 0.925046 0.982531 0.925704 0.983313 0.935819 0.990326 0.942756 0.995109 0.943641 0.995317 0.943900 0.995291 0.944609 0.994810 0.949986 0.985579 0.950074 0.984692 0.949501 0.983941 0.942363 0.979467 0.931873 0.972939 0.930919 0.972660 0.930021 0.972952 0.929894 0.973015 0.925651 0.976132
0 0.178891 0.613394 0.179406 0.614068 0.188717 0.619290 0.189581 0.619390 0.190266 0.618870 0.194081 0.612283 0.199744 0.602420 0.199985 0.601735 0.200187 0.600845 0.199839 0.599996 0.196499 0.595942 0.191177 0.595120 0.190234 0.595242 0.189521 0.595845 0.183513 0.605033 0.179359 0.611465 0.179030 0.612567
0 0.831013 0.563658 0.831711 0.569859 0.832007 0.570464 0.832602 0.571332 0.833338 0.572229 0.834019 0.572917 0.834461 0.573211 0.840412 0.573847 0.843873 0.573611 0.846465 0.571656 0.846511 0.571468 0.845640 0.564665 0.845351 0.564054 0.844757 0.563183 0.844017 0.562285 0.843329 0.561601 0.842879 0.561316 0.835233 0.560264 0.831014 0.563446
0 0.438646 0.856363 0.439154 0.859566 0.439348 0.860247 0.443832 0.865133 0.450288 0.871647 0.451022 0.872064 0.451947 0.872046 0.457060 0.870676 0.460026 0.866831 0.460306 0.866070 0.459955 0.864123 0.459698 0.863399 0.453475 0.855342 0.449301 0.850268 0.448599 0.849918 0.447766 0.850115 0.439097 0.855729
0 0.544008 0.375891 0.544026 0.376746 0.544588 0.377343 0.551102 0.380163 0.561082 0.384258 0.561920 0.384333 0.563299 0.384230 0.564029 0.383774 0.567302 0.379967 0.567365 0.374676 0.567132 0.373775 0.566490 0.373163 0.557572 0.368487 0.551171 0.365321 0.550395 0.365297 0.548156 0.365534 0.547606 0.366125
0 0.669221 0.212473 0.669718 0.213113 0.675935 0.216389 0.685476 0.221255 0.686832 0.221470 0.687667 0.221600 0.688455 0.221187 0.692192 0.217547 0.692877 0.212189 0.692748 0.211260 0.692174 0.210599 0.683727 0.205355 0.677652 0.201729 0.675433 0.201442 0.674658 0.201369 0.674037 0.201934 0.669302 0.211605
0 0.634274 0.949886 0.634477 0.950762 0.635189 0.951251 0.645347 0.953135 0.646785 0.952851 0.647580 0.952641 0.647974 0.951874 0.648721 0.943901 0.649531 0.932301 0.649358 0.931340 0.648722 0.930617 0.644226 0.927761 0.639267 0.928845 0.638415 0.929068 0.637643 0.929526 0.637258 0.930382 0.635374 0.941999
0 0.534338 0.914174 0.534747 0.914844 0.538338 0.917958 0.543599 0.918356 0.544509 0.918210 0.545156 0.917687 0.550335 0.910488 0.553874 0.905086 0.553944 0.904408 0.553919 0.900853 0.553365 0.900332 0.543868 0.896540 0.543016 0.896500 0.542388 0.896954 0.539185 0.902483 0.534489 0.911277 0.534364 0.912007
0 0.013741 0.348491 0.014365 0.353718 0.017852 0.357678 0.018588 0.358173 0.019370 0.358152 0.021352 0.357587 0.030533 0.353939 0.036366 0.351572 0.036834 0.351019 0.036762 0.350177 0.032368 0.340300 0.031788 0.339680 0.031062 0.339653 0.027802 0.340530 0.022100 0.343249 0.014405 0.347052 0.013864 0.347615
0 0.550743 0.821633 0.550798 0.822449 0.552598 0.826960 0.557213 0.829578 0.558113 0.829826 0.558952 0.829600 0.567243 0.824782 0.573040 0.821108 0.573426 0.820488 0.574362 0.817670 0.574102 0.816935 0.567226 0.809268 0.566467 0.808867 0.565678 0.809036 0.560132 0.812972 0.551816 0.819283 0.551356 0.819929
0 0.889397 0.360136 0.889436 0.361342 0.889644 0.362180 0.895374 0.371554 0.899281 0.377690 0.899980 0.378162 0.900858 0.378038 0.910314 0.372766 0.910836 0.372109 0.910846 0.370142 0.910701 0.369358 0.906449 0.363381 0.900232 0.355030 0.899505 0.354481 0.898544 0.354396 0.893131 0.355353 0.889748 0.359318
0 0.510890 0.084274 0.513719 0.093739 0.515653 0.099733 0.516170 0.100282 0.517016 0.100370 0.527173 0.098033 0.527831 0.097598 0.527911 0.096913 0.527979 0.093419 0.525688 0.087497 0.522326 0.079527 0.521805 0.078908 0.520942 0.078625 0.515689 0.078226 0.511481 0.080787 0.510933 0.081393 0.510896 0.082140
0 0.155861 0.042847 0.157722 0.045495 0.159921 0.046400 0.160494 0.046382 0.172851 0.043242 0.173818 0.042776 0.174712 0.042083 0.175292 0.041347 0.178581 0.036541 0.178765 0.036063 0.177419 0.032032 0.174402 0.027631 0.174020 0.027512 0.166299 0.029126 0.165329 0.029596 0.164430 0.030292 0.163843 0.031027 0.157304 0.039354 0.156905 0.039938
0 0.256643 0.155289 0.256666 0.156467 0.256786 0.157461 0.256971 0.158005 0.261956 0.171180 0.265169 0.171275 0.266045 0.170397 0.271017 0.158365 0.271171 0.157732 0.271248 0.156689 0.271228 0.155515 0.271117 0.154521 0.270943 0.153976 0.267702 0.148947 0.265938 0.146526 0.260616 0.146368 0.260472 0.146526 0.256885 0.153612 0.256723 0.154243
0 0.524111 0.149578 0.524246 0.150509 0.524594 0.151050 0.525217 0.151737 0.529714 0.154392 0.534852 0.153193 0.535666 0.152723 0.536099 0.151877 0.538386 0.140730 0.539865 0.132995 0.539696 0.132144 0.539067 0.131313 0.538358 0.130855 0.528013 0.129267 0.527189 0.129491 0.526751 0.130247 0.525633 0.138022
0 0.285768 0.088283 0.285825 0.088859 0.286022 0.089866 0.286306 0.091035 0.286602 0.092050 0.286830 0.092638 0.294848 0.104233 0.297988 0.103544 0.298256 0.102947 0.300458 0.089677 0.300394 0.089102 0.300195 0.088098 0.299914 0.086932 0.299627 0.085916 0.299409 0.085322 0.293153 0.078791 0.287952 0.079932 0.287910 0.080046
0 0.882289 0.222063 0.882390 0.223118 0.882626 0.223788 0.886879 0.235207 0.887092 0.235662 0.888491 0.236768 0.891704 0.236690 0.893055 0.233935 0.897101 0.223064 0.897316 0.222108 0.897381 0.220945 0.897277 0.219887 0.897032 0.219218 0.894039 0.212347 0.893811 0.212152 0.888488 0.212281 0.885565 0.214209 0.882556 0.219948 0.882349 0.220903
0 0.863254 0.422175 0.863650 0.422802 0.869238 0.426148 0.877940 0.431331 0.879550 0.432205 0.880342 0.432360 0.881160 0.431999 0.885271 0.428691 0.886653 0.423636 0.886653 0.422750 0.886185 0.422100 0.878803 0.417005 0.873398 0.413333 0.870748 0.411948 0.870006 0.411849 0.869328 0.412361 0.863447 0.421356
0 0.825734 0.122583 0.826260 0.123198 0.833023 0.126655 0.843079 0.131222 0.844003 0.131411 0.844898 0.131111 0.849225 0.128174 0.849568 0.126595 0.850562 0.121841 0.850457 0.120994 0.849842 0.120351 0.840247 0.114341 0.833642 0.110598 0.832784 0.110471 0.832072 0.110931 0.826479 0.119230 0.825854 0.121814
0 0.170885 0.105101 0.171210 0.116572 0.171463 0.117515 0.172149 0.118203 0.176805 0.120837 0.181572 0.119555 0.182738 0.119205 0.183456 0.118719 0.183759 0.117857 0.184716 0.106263 0.185112 0.098419 0.184837 0.097561 0.184097 0.097108 0.173975 0.095673 0.172008 0.096172 0.171247 0.096413 0.170927 0.097188
0 0.162144 0.212412 0.162782 0.217591 0.163110 0.218407 0.163769 0.218831 0.165729 0.219386 0.175398 0.221563 0.181570 0.222927 0.182270 0.222742 0.182688 0.222017 0.184649 0.211524 0.184521 0.210694 0.183935 0.210263 0.180743 0.209309 0.174483 0.208305 0.165959 0.207025 0.165192 0.207177 0.164594 0.207818
0 0.764445 0.550357 0.764773 0.551699 0.765143 0.552464 0.768571 0.556018 0.773870 0.556458 0.774801 0.556288 0.775490 0.555688 0.781367 0.547054 0.785304 0.540856 0.785419 0.540080 0.784805 0.537898 0.784277 0.537304 0.774912 0.533000 0.774052 0.532957 0.773387 0.533479 0.769785 0.539815 0.764620 0.549522
0 0.829456 0.304390 0.830068 0.314753 0.830527 0.321475 0.830911 0.322148 0.831739 0.322387 0.842549 0.321625 0.843322 0.321273 0.843573 0.320555 0.843930 0.317928 0.843093 0.311206 0.841799 0.301894 0.841427 0.301144 0.840628 0.300697 0.835432 0.299393 0.830564 0.301428 0.829863 0.301983 0.829641 0.302775
0 0.262261 0.591766 0.262361 0.592860 0.262535 0.593634 0.266395 0.600014 0.271714 0.599758 0.273439 0.599241 0.276584 0.593215 0.276749 0.592870 0.276842 0.592026 0.276841 0.590910 0.276744 0.589819 0.276579 0.589044 0.271390 0.577849 0.270495 0.576094 0.267285 0.576248 0.262366 0.589802 0.262263 0.590646
0 0.229622 0.307089 0.231126 0.314542 0.233580 0.325171 0.234014 0.326002 0.234826 0.326500 0.239942 0.327959 0.244404 0.325712 0.245020 0.325096 0.245774 0.324229 0.245905 0.323352 0.244478 0.312142 0.243336 0.304674 0.242898 0.303928 0.242077 0.303663 0.231792 0.304527 0.231090 0.304918 0.229787 0.306289
0 0.896080 0.041464 0.896205 0.042484 0.900873 0.054976 0.901105 0.055338 0.902592 0.055814 0.905803 0.055673 0.907169 0.052276 0.910953 0.041772 0.911162 0.040710 0.911208 0.039505 0.911080 0.038483 0.907755 0.030473 0.907513 0.030379 0.902193 0.030611 0.899164 0.033903 0.896624 0.038566 0.896321 0.039202 0.896122 0.040263
0 0.882127 0.521249 0.882472 0.521897 0.887722 0.525580 0.895942 0.531301 0.897597 0.532319 0.898362 0.532524 0.899190 0.532218 0.903448 0.529196 0.905152 0.524266 0.905212 0.523386 0.904798 0.522711 0.897957 0.517193 0.892912 0.513201 0.890184 0.511579 0.889463 0.511433 0.888763 0.511897 0.882373 0.520448
0 0.510416 0.481480 0.510559 0.482279 0.514519 0.488178 0.520638 0.497077 0.521636 0.497891 0.522309 0.498414 0.523188 0.498441 0.528123 0.497111 0.531159 0.492798 0.531469 0.491929 0.531267 0.491074 0.526226 0.482375 0.522556 0.476254 0.520901 0.474980 0.520255 0.474536 0.519453 0.474720 0.510883 0.480767
0 0.413077 0.827828 0.415942 0.830846 0.417383 0.832272 0.418061 0.832585 0.418897 0.832396 0.429169 0.827707 0.435843 0.824201 0.436448 0.823577 0.436539 0.822796 0.433844 0.814459 0.431519 0.812068 0.431031 0.811613 0.430269 0.811744 0.423710 0.815509 0.414535 0.821511 0.413845 0.822158 0.413528 0.823010
0 0.202685 0.787231 0.203278 0.788258 0.203785 0.788917 0.213004 0.793761 0.213863 0.793819 0.214546 0.793253 0.218368 0.786333 0.223860 0.775996 0.224063 0.775080 0.223721 0.774236 0.223406 0.773587 0.220099 0.769639 0.214815 0.769092 0.213877 0.769267 0.213167 0.769919 0.206980 0.779611 0.202827 0.786379
0 0.167703 0.057152 0.168803 0.061558 0.169209 0.062182 0.171097 0.063618 0.171806 0.063790 0.181822 0.063226 0.188248 0.062523 0.188946 0.062140 0.189308 0.061366 0.190363 0.051436 0.190157 0.050740 0.187092 0.048315 0.186455 0.048114 0.179986 0.049168 0.171129 0.051185 0.170361 0.051559 0.169806 0.052313
0 0.436837 0.630831 0.437121 0.631702 0.439997 0.636126 0.444791 0.637748 0.445650 0.637778 0.446319 0.637309 0.447526 0.636311 0.453764 0.627894 0.457759 0.622365 0.457916 0.621590 0.457474 0.620862 0.449223 0.614387 0.448443 0.614157 0.447802 0.614551 0.445803 0.616129 0.442090 0.621892 0.437053 0.630006
