0 0.637143 0.366290 0.637680 0.366915 0.646969 0.371934 0.647808 0.372052 0.648434 0.371601 0.651684 0.365740 0.656656 0.356670 0.657320 0.355156 0.657456 0.354356 0.657065 0.353577 0.653584 0.349810 0.648409 0.348916 0.647510 0.349000 0.646863 0.349525 0.641835 0.357368 0.638257 0.363065 0.637224 0.365545
0 0.201388 0.090506 0.201629 0.095262 0.201904 0.095997 0.203635 0.097443 0.204285 0.097789 0.214076 0.099479 0.220382 0.100313 0.221125 0.100092 0.221616 0.099391 0.224477 0.089526 0.224408 0.088767 0.221609 0.086338 0.221034 0.085979 0.214618 0.085490 0.205788 0.085251 0.204980 0.085446 0.204306 0.086081
0 0.366228 0.730792 0.368318 0.735689 0.376185 0.736435 0.376877 0.736244 0.377877 0.735852 0.378916 0.735367 0.379716 0.734917 0.380061 0.734624 0.389909 0.724595 0.388647 0.721639 0.374423 0.721826 0.373734 0.722025 0.372738 0.722417 0.371701 0.722899 0.370898 0.723341 0.370546 0.723624 0.367019 0.729150
0 0.675046 0.965600 0.675121 0.966352 0.677559 0.968994 0.678155 0.969344 0.684767 0.969777 0.693956 0.969891 0.694786 0.969691 0.695475 0.969057 0.698448 0.964649 0.698164 0.959939 0.697875 0.959214 0.696361 0.957640 0.695689 0.957302 0.685683 0.955656 0.679182 0.954880 0.678419 0.955105 0.677917 0.955805
0 0.109875 0.860056 0.109963 0.861000 0.110487 0.861680 0.118192 0.867194 0.123853 0.870970 0.124593 0.871057 0.127502 0.871090 0.128117 0.870527 0.133000 0.860800 0.133109 0.859922 0.132659 0.859264 0.126847 0.855841 0.117766 0.850809 0.116975 0.850663 0.115202 0.850600 0.114435 0.851006 0.110731 0.854635
0 0.577664 0.149383 0.579938 0.154088 0.580551 0.154746 0.581562 0.155053 0.582424 0.155215 0.593432 0.153905 0.600729 0.152942 0.601455 0.152508 0.601703 0.151664 0.600727 0.140937 0.600334 0.140192 0.598719 0.139630 0.597933 0.139433 0.590641 0.140774 0.580298 0.142844 0.579489 0.143271 0.579014 0.144102
0 0.874119 0.300687 0.877018 0.310812 0.877487 0.311462 0.878171 0.311525 0.881652 0.310912 0.887397 0.308477 0.895114 0.305038 0.895698 0.304501 0.895931 0.303631 0.896030 0.298356 0.893251 0.294197 0.892619 0.293661 0.891875 0.293642 0.889751 0.294048 0.880514 0.297226 0.874674 0.299306 0.874159 0.299837
0 0.453008 0.633365 0.461135 0.644794 0.461334 0.645054 0.461981 0.645561 0.462904 0.646180 0.463853 0.646743 0.464575 0.647101 0.464873 0.647156 0.472089 0.647272 0.474922 0.642764 0.475307 0.641816 0.472251 0.635418 0.472043 0.635166 0.471391 0.634666 0.470469 0.634052 0.469523 0.633487 0.468807 0.633123 0.468511 0.633057 0.454718 0.630644
0 0.765207 0.233747 0.765341 0.241352 0.765912 0.252692 0.766183 0.253535 0.766877 0.254025 0.768037 0.254670 0.772707 0.256038 0.777393 0.253614 0.778093 0.252967 0.778374 0.252061 0.779077 0.241060 0.779295 0.233402 0.779004 0.232643 0.777045 0.231650 0.776304 0.231396 0.766253 0.232506 0.765506 0.232924
0 0.899262 0.676719 0.899302 0.677590 0.900548 0.683964 0.900695 0.684375 0.903784 0.685543 0.908943 0.686861 0.909258 0.686620 0.913388 0.681255 0.913826 0.680556 0.914182 0.679512 0.914359 0.678406 0.914310 0.677533 0.913110 0.666201 0.913028 0.665568 0.912011 0.663226 0.908897 0.662431 0.906976 0.663825 0.906621 0.664313 0.900224 0.673873 0.899794 0.674575 0.899442 0.675617
0 0.047707 0.419920 0.050031 0.421740 0.052242 0.423118 0.052790 0.423140 0.064633 0.416828 0.065505 0.416281 0.066279 0.415424 0.069025 0.410794 0.069146 0.410170 0.067383 0.404686 0.063597 0.401643 0.063218 0.401453 0.062576 0.401797 0.055705 0.405504 0.054831 0.406056 0.054053 0.406915 0.048679 0.415363 0.048366 0.416113
0 0.129808 0.358761 0.130121 0.360772 0.132800 0.362547 0.135193 0.361339 0.144775 0.354507 0.145431 0.353900 0.146113 0.353004 0.146638 0.352056 0.146866 0.351309 0.147903 0.344365 0.147881 0.344012 0.143475 0.341093 0.140649 0.340086 0.140253 0.340294 0.134715 0.343452 0.134051 0.344054 0.133365 0.344951 0.132842 0.345904 0.132621 0.346655 0.129920 0.358217
0 0.384547 0.500621 0.386797 0.506016 0.386942 0.506264 0.389908 0.507585 0.391651 0.508177 0.392174 0.508287 0.397231 0.506267 0.397432 0.505992 0.397821 0.505249 0.398292 0.504238 0.398720 0.503229 0.398990 0.502491 0.399031 0.502223 0.397335 0.496692 0.392507 0.494543 0.391848 0.494668 0.386347 0.496577 0.386137 0.496845 0.385740 0.497585 0.385266 0.498597 0.384839 0.499610 0.384576 0.500351
0 0.257855 0.357791 0.260306 0.366745 0.262115 0.373208 0.263095 0.375724 0.263599 0.376294 0.264440 0.376343 0.274617 0.373207 0.275283 0.372693 0.275377 0.371940 0.273223 0.365609 0.269884 0.355836 0.269308 0.354280 0.268801 0.353632 0.267947 0.353372 0.262717 0.353235 0.258467 0.356278 0.257908 0.356972
0 0.422576 0.713245 0.423023 0.725671 0.425002 0.732219 0.425342 0.732983 0.425892 0.733266 0.432521 0.732567 0.436544 0.731517 0.436976 0.731130 0.437026 0.730321 0.436309 0.722677 0.432462 0.711731 0.432116 0.710874 0.431548 0.710359 0.428104 0.708842 0.425663 0.709439 0.422944 0.711722 0.422593 0.712348
0 0.153190 0.327939 0.153610 0.333189 0.157051 0.337189 0.157792 0.337691 0.158603 0.337676 0.160304 0.337165 0.169848 0.333588 0.175992 0.331257 0.176500 0.330707 0.176462 0.329861 0.172336 0.319918 0.171762 0.319291 0.171011 0.319258 0.168222 0.320046 0.162198 0.322731 0.153939 0.326501 0.153355 0.327062
0 0.312057 0.104119 0.312996 0.109311 0.313382 0.110113 0.314094 0.110496 0.315765 0.111077 0.325866 0.112652 0.332397 0.113600 0.333121 0.113364 0.333521 0.112603 0.335034 0.101854 0.334857 0.101024 0.334221 0.100629 0.331509 0.099626 0.324900 0.099049 0.315771 0.098402 0.314976 0.098610 0.314383 0.099300
0 0.334848 0.323104 0.335209 0.323761 0.342211 0.328628 0.345344 0.329725 0.346019 0.329791 0.346599 0.329244 0.350114 0.322494 0.354658 0.312364 0.354887 0.311460 0.354679 0.310616 0.352357 0.306629 0.350444 0.305999 0.346288 0.305344 0.345529 0.305500 0.344917 0.306135 0.338776 0.315651 0.335017 0.322267
0 0.499915 0.388976 0.500911 0.394300 0.501154 0.394552 0.501820 0.395072 0.502729 0.395721 0.503639 0.396327 0.504308 0.396726 0.504556 0.396813 0.510364 0.396180 0.513364 0.391829 0.513297 0.391139 0.512436 0.385382 0.512202 0.385123 0.511541 0.384596 0.510630 0.383942 0.509716 0.383338 0.509042 0.382945 0.508791 0.382870 0.502704 0.384157 0.500861 0.386830 0.500054 0.388463
0 0.135521 0.662001 0.136968 0.667126 0.145298 0.669025 0.145894 0.668896 0.146897 0.668626 0.148036 0.668289 0.149006 0.667974 0.149546 0.667767 0.160637 0.659091 0.159764 0.655998 0.145749 0.654392 0.145154 0.654529 0.144155 0.654801 0.143018 0.655134 0.142047 0.655440 0.141502 0.655638
0 0.708402 0.490654 0.708436 0.491525 0.710165 0.496217 0.714847 0.498648 0.715769 0.498839 0.716640 0.498528 0.725488 0.492439 0.731566 0.488022 0.731981 0.487325 0.732173 0.485451 0.731927 0.484684 0.725059 0.477018 0.724288 0.476649 0.723470 0.476895 0.717643 0.481571 0.709060 0.488784 0.708567 0.489515
0 0.050002 0.288628 0.050175 0.289778 0.050493 0.290722 0.053872 0.296030 0.057240 0.297793 0.062509 0.297387 0.062730 0.297183 0.065017 0.290035 0.065213 0.289371 0.065228 0.288326 0.065059 0.287179 0.064749 0.286235 0.059860 0.276091 0.058169 0.273287 0.054964 0.273534 0.053520 0.274540 0.053324 0.274980 0.050021 0.287580
0 0.457130 0.574789 0.457377 0.576209 0.457556 0.577022 0.458212 0.577590 0.462848 0.579662 0.467947 0.578304 0.468742 0.577843 0.469136 0.577073 0.470869 0.567445 0.471992 0.560551 0.471533 0.558255 0.471323 0.557518 0.470592 0.557156 0.460139 0.556366 0.459323 0.556611 0.458918 0.557302 0.458160 0.564213
0 0.309705 0.947500 0.313845 0.950848 0.313966 0.950822 0.321701 0.947265 0.322121 0.946875 0.322786 0.946096 0.323518 0.945139 0.324121 0.944260 0.324431 0.943696 0.328472 0.930187 0.325973 0.928166 0.325307 0.928250 0.313596 0.934887 0.313182 0.935284 0.312521 0.936063 0.311788 0.937015 0.311180 0.937888 0.310860 0.938446
0 0.633388 0.951891 0.633465 0.952519 0.633989 0.953220 0.641536 0.963209 0.642224 0.964066 0.643201 0.964738 0.648260 0.967611 0.648897 0.967602 0.654109 0.964329 0.656498 0.960435 0.656633 0.959957 0.656190 0.959311 0.650676 0.952562 0.649702 0.951895 0.640430 0.946589 0.639638 0.946426 0.635802 0.946677 0.634328 0.949004
0 0.623434 0.141040 0.623649 0.149312 0.623991 0.150424 0.627636 0.160770 0.628165 0.161357 0.631417 0.163336 0.633959 0.162616 0.636625 0.160743 0.636979 0.160174 0.637021 0.159291 0.637251 0.147286 0.637265 0.146178 0.636924 0.145059 0.635303 0.140069 0.635000 0.139267 0.634482 0.138911 0.628122 0.138671 0.623929 0.139927 0.623504 0.140249
0 0.769501 0.686113 0.769903 0.686700 0.772282 0.688865 0.777945 0.691931 0.785757 0.695988 0.786556 0.696117 0.787380 0.695754 0.791509 0.692506 0.792880 0.687659 0.792876 0.686815 0.792401 0.686207 0.790922 0.684905 0.782466 0.679561 0.777017 0.676198 0.776268 0.676121 0.775587 0.676625 0.769693 0.685327
0 0.930063 0.625322 0.932773 0.629848 0.933476 0.630496 0.934433 0.630693 0.946087 0.630221 0.954096 0.629689 0.954877 0.629319 0.955114 0.628537 0.955392 0.626982 0.953850 0.616872 0.953385 0.616154 0.952514 0.615930 0.944575 0.616814 0.932886 0.618405 0.932016 0.618764 0.931531 0.619517 0.930282 0.624391
0 0.471076 0.523752 0.472524 0.537677 0.475607 0.538586 0.484373 0.527673 0.484475 0.527345 0.484718 0.526537 0.485034 0.525468 0.485341 0.524422 0.485556 0.523678 0.485621 0.523436 0.483329 0.516226 0.478260 0.514732 0.472324 0.519515 0.472211 0.519838 0.471961 0.520643 0.471641 0.521715 0.471337 0.522765 0.471130 0.523511
0 0.909832 0.613521 0.910039 0.614352 0.912584 0.618360 0.913958 0.619351 0.918777 0.620243 0.919667 0.620140 0.920407 0.619562 0.927689 0.610801 0.932343 0.604620 0.932575 0.603819 0.932180 0.603160 0.929950 0.601475 0.921981 0.596317 0.921196 0.596212 0.920497 0.596707 0.916121 0.603033 0.910136 0.612658
0 0.840962 0.804473 0.841231 0.806288 0.841371 0.807072 0.842013 0.807663 0.846657 0.809999 0.851967 0.809119 0.852809 0.808745 0.853256 0.808045 0.855578 0.799186 0.857099 0.792728 0.856598 0.789766 0.856422 0.789051 0.855688 0.788651 0.844995 0.787103 0.844145 0.787273 0.843694 0.787897 0.842550 0.794387
0 0.933402 0.583588 0.933591 0.584034 0.935623 0.588004 0.936329 0.588071 0.945575 0.587426 0.946689 0.587051 0.955012 0.583545 0.955695 0.582978 0.958430 0.579484 0.957490 0.576612 0.956217 0.574212 0.955798 0.573831 0.955001 0.573789 0.940966 0.574204 0.939857 0.574578 0.936473 0.575882 0.935657 0.576216 0.935200 0.576779
0 0.053202 0.581906 0.054447 0.593192 0.055637 0.600759 0.056062 0.601498 0.056837 0.601724 0.066447 0.600313 0.069037 0.599515 0.069687 0.599081 0.069829 0.598263 0.068329 0.590770 0.065614 0.579924 0.065197 0.579093 0.064430 0.578619 0.059609 0.577337 0.058051 0.577856 0.053883 0.580343 0.053312 0.581000
0 0.405565 0.276841 0.406068 0.278623 0.408492 0.283320 0.415929 0.283535 0.416681 0.283300 0.417674 0.282847 0.418644 0.282296 0.419333 0.281794 0.428640 0.270850 0.427166 0.267994 0.425292 0.268002 0.412887 0.269098 0.412131 0.269325 0.411133 0.269776 0.410162 0.270331 0.409477 0.270841 0.409263 0.271167
0 0.739008 0.835270 0.739110 0.836305 0.739311 0.837469 0.739557 0.838451 0.739783 0.838989 0.745768 0.845661 0.751046 0.844952 0.751138 0.844791 0.753680 0.837090 0.753713 0.836460 0.753614 0.835422 0.753410 0.834255 0.753154 0.833273 0.752917 0.832739 0.745865 0.820543 0.742680 0.820971 0.742105 0.821859 0.739033 0.834640
0 0.490567 0.517640 0.490800 0.518420 0.492724 0.519419 0.493429 0.519753 0.500558 0.519846 0.510604 0.519787 0.511448 0.519534 0.512054 0.518835 0.514329 0.514075 0.513075 0.509174 0.512621 0.508432 0.511418 0.507852 0.510634 0.507535 0.499881 0.506682 0.492799 0.506227 0.492032 0.506504 0.491640 0.507261
0 0.438409 0.138142 0.438437 0.139062 0.438863 0.139914 0.445227 0.148742 0.449999 0.154573 0.450645 0.154959 0.453911 0.153620 0.454489 0.153354 0.459438 0.146349 0.459593 0.145574 0.459236 0.144773 0.454282 0.139150 0.446356 0.131140 0.445660 0.130674 0.444954 0.130739 0.442952 0.131518 0.439458 0.133405
0 0.607761 0.531214 0.609960 0.541253 0.611582 0.548333 0.612458 0.549919 0.612941 0.550561 0.613773 0.550659 0.623942 0.547810 0.624617 0.547289 0.624730 0.546478 0.622758 0.539509 0.619707 0.528985 0.619194 0.527984 0.618708 0.527257 0.617868 0.526932 0.612688 0.526526 0.608405 0.529607 0.607834 0.530330
0 0.554164 0.249946 0.554350 0.250842 0.554690 0.251554 0.555350 0.252182 0.559994 0.254474 0.565072 0.252981 0.565861 0.252473 0.566249 0.251624 0.567919 0.240716 0.568980 0.233106 0.568764 0.232291 0.568152 0.231179 0.567418 0.230779 0.556977 0.229903 0.556165 0.230173 0.555768 0.230935 0.555072 0.238558
0 0.527858 0.871343 0.529572 0.873498 0.537208 0.882517 0.537934 0.883106 0.538920 0.883698 0.539902 0.884134 0.540615 0.884296 0.548023 0.884606 0.548312 0.884555 0.550753 0.879822 0.550578 0.877077 0.547222 0.871820 0.546944 0.871400 0.546214 0.870819 0.545229 0.870232 0.544251 0.869795 0.543542 0.869625 0.531026 0.868132 0.529331 0.868486
