0 0.611326 0.663510 0.611508 0.664407 0.612157 0.665035 0.612814 0.665642 0.622811 0.670767 0.629496 0.674134 0.630333 0.674187 0.630975 0.673626 0.635610 0.664148 0.635655 0.663306 0.635091 0.662697 0.634078 0.661680 0.627221 0.658636 0.617394 0.654386 0.616490 0.654278 0.615662 0.654696 0.611813 0.658304
0 0.929035 0.845148 0.929502 0.855363 0.929807 0.856051 0.933368 0.857639 0.934020 0.857778 0.940174 0.856043 0.948472 0.853194 0.949165 0.852735 0.949592 0.851910 0.950911 0.846769 0.949171 0.842397 0.948681 0.841803 0.946499 0.840878 0.945781 0.840775 0.936056 0.842488 0.929895 0.843862 0.929271 0.844323
0 0.224129 0.209604 0.224431 0.210398 0.231772 0.218441 0.232557 0.218839 0.233341 0.218609 0.238708 0.213983 0.246783 0.206850 0.247458 0.205732 0.247888 0.204995 0.247790 0.204102 0.245751 0.199236 0.240973 0.196599 0.240053 0.196374 0.239220 0.196669 0.231172 0.202686 0.225527 0.207052 0.224483 0.208902
0 0.187612 0.100720 0.187915 0.101568 0.193232 0.107732 0.201188 0.116686 0.201999 0.117220 0.202934 0.117221 0.207904 0.115646 0.208456 0.115436 0.210855 0.110737 0.211018 0.109801 0.210642 0.108896 0.203430 0.099439 0.198379 0.093028 0.197608 0.092574 0.196790 0.092795 0.195915 0.093223 0.187972 0.099945
0 0.224239 0.813011 0.224242 0.813898 0.225573 0.818958 0.229488 0.822259 0.230268 0.822618 0.231019 0.822458 0.232764 0.821349 0.241077 0.816027 0.246371 0.812636 0.246743 0.812005 0.246554 0.811184 0.240906 0.802213 0.240259 0.801705 0.239556 0.801809 0.236686 0.803578 0.231581 0.807285 0.224680 0.812357
0 0.924450 0.041861 0.926154 0.050738 0.926335 0.050798 0.931528 0.051777 0.938465 0.044838 0.938869 0.044165 0.939270 0.043094 0.939562 0.041911 0.939665 0.040935 0.937677 0.027307 0.937547 0.027008 0.934378 0.026411 0.933172 0.026311 0.925630 0.037960 0.925237 0.038637 0.924844 0.039709 0.924556 0.040888
0 0.545478 0.186256 0.545788 0.187038 0.552885 0.194992 0.553626 0.195388 0.554341 0.195167 0.559115 0.190650 0.566505 0.183624 0.567744 0.182348 0.568112 0.181627 0.567986 0.180747 0.565907 0.175951 0.561389 0.173332 0.560530 0.173106 0.559773 0.173390 0.552799 0.179199 0.547762 0.183456 0.545777 0.185568
0 0.678404 0.441105 0.678633 0.441879 0.679358 0.442333 0.689538 0.444369 0.690321 0.444216 0.691858 0.442128 0.692227 0.441472 0.692724 0.434529 0.693148 0.424790 0.692945 0.423943 0.692289 0.423286 0.687720 0.420617 0.682812 0.421376 0.682055 0.421748 0.681148 0.423052 0.680792 0.423786 0.679254 0.434247
0 0.778051 0.830641 0.778109 0.831338 0.779661 0.834500 0.783025 0.839738 0.787639 0.846777 0.788262 0.847250 0.789148 0.847302 0.794288 0.846308 0.797841 0.842669 0.798251 0.841927 0.798140 0.841179 0.797164 0.839256 0.792403 0.830723 0.789367 0.825318 0.788762 0.824914 0.787929 0.825049 0.778601 0.830038
0 0.585509 0.113899 0.585759 0.114396 0.586251 0.115192 0.590214 0.118641 0.595482 0.118360 0.596366 0.118036 0.596940 0.117270 0.601145 0.106523 0.603957 0.099070 0.603939 0.098191 0.603463 0.097424 0.602846 0.096841 0.592939 0.093415 0.592088 0.093491 0.591524 0.094167 0.589062 0.101725 0.585539 0.112946
0 0.815093 0.054834 0.815500 0.055672 0.819099 0.059406 0.819630 0.059727 0.824951 0.059744 0.825874 0.059465 0.826534 0.058717 0.832023 0.047941 0.835652 0.040508 0.835729 0.039611 0.835170 0.038980 0.834236 0.038520 0.824654 0.034466 0.823792 0.034495 0.823153 0.035152 0.819866 0.042707 0.815226 0.053865
0 0.279302 0.250725 0.279620 0.251503 0.287087 0.259250 0.287874 0.259620 0.288646 0.259368 0.293852 0.254613 0.301689 0.247275 0.302356 0.246109 0.302764 0.245366 0.302645 0.244483 0.300504 0.239722 0.295705 0.237259 0.294788 0.237066 0.293970 0.237384 0.286152 0.243589 0.280666 0.248092 0.279636 0.250018
0 0.617367 0.260614 0.617682 0.263479 0.617973 0.264153 0.618747 0.264424 0.629335 0.264181 0.630128 0.263873 0.630459 0.263184 0.630467 0.256604 0.630425 0.246401 0.630262 0.244637 0.629993 0.243889 0.629271 0.243416 0.624387 0.241903 0.619414 0.243664 0.618665 0.244173 0.618353 0.244935 0.617743 0.254017
0 0.858281 0.626773 0.858557 0.627579 0.859295 0.628029 0.869366 0.629765 0.870120 0.629572 0.872260 0.628119 0.872575 0.627413 0.872589 0.620074 0.872189 0.609630 0.871934 0.608746 0.871250 0.608080 0.866611 0.605451 0.861875 0.606449 0.861161 0.606872 0.859893 0.607793 0.859594 0.608581 0.858647 0.619510
0 0.311116 0.100781 0.311509 0.101480 0.319435 0.112991 0.320347 0.113721 0.323239 0.115990 0.323960 0.116494 0.324683 0.116567 0.331421 0.114284 0.331698 0.113874 0.333935 0.110089 0.333614 0.109453 0.328071 0.102101 0.327156 0.101366 0.319752 0.096110 0.318904 0.095848 0.314474 0.095483 0.312543 0.097887 0.311214 0.100212
0 0.406907 0.655747 0.407219 0.658277 0.407389 0.659013 0.411700 0.664490 0.417942 0.672002 0.418662 0.672492 0.419588 0.672534 0.424757 0.671411 0.427867 0.667522 0.428175 0.666732 0.427942 0.665188 0.427710 0.664402 0.421789 0.655625 0.417796 0.649969 0.417105 0.649552 0.416264 0.649707 0.407382 0.655103
0 0.209679 0.622830 0.210126 0.623641 0.213707 0.627516 0.218446 0.628288 0.219240 0.628168 0.220785 0.627015 0.221297 0.626436 0.225424 0.617046 0.227902 0.610886 0.227880 0.610093 0.227319 0.609450 0.218373 0.604481 0.217609 0.604388 0.215036 0.606222 0.214532 0.606724 0.212364 0.613065 0.209700 0.621976
0 0.489069 0.843949 0.490525 0.854624 0.490944 0.855353 0.492850 0.855821 0.493628 0.855989 0.500700 0.854381 0.510664 0.851939 0.511437 0.851482 0.511863 0.850635 0.512937 0.845312 0.510493 0.840698 0.509862 0.840064 0.508678 0.839815 0.507828 0.839685 0.497058 0.841406 0.489963 0.842637 0.489273 0.843097
0 0.266931 0.748603 0.269670 0.754840 0.273878 0.763367 0.274444 0.764026 0.275322 0.764343 0.280570 0.764891 0.284547 0.762323 0.285045 0.761704 0.285630 0.759859 0.285608 0.759081 0.282301 0.749256 0.279912 0.742950 0.279355 0.742366 0.278508 0.742252 0.268607 0.744444 0.267987 0.744882 0.266956 0.747889
0 0.166727 0.690709 0.167024 0.691273 0.169316 0.694029 0.176291 0.698078 0.177026 0.698115 0.177750 0.697619 0.182665 0.691612 0.189431 0.682246 0.189823 0.681449 0.189724 0.680717 0.187777 0.677301 0.186364 0.675663 0.181882 0.675213 0.181021 0.675371 0.180249 0.675944 0.172206 0.684075 0.167042 0.689972
0 0.317890 0.437922 0.317893 0.438603 0.319578 0.441670 0.323598 0.448591 0.324190 0.448937 0.325002 0.448754 0.331653 0.444910 0.341088 0.438660 0.341756 0.438040 0.341989 0.437278 0.341851 0.433096 0.340798 0.431257 0.337286 0.428928 0.336506 0.428722 0.335621 0.428961 0.325277 0.433699 0.318468 0.437330
0 0.714486 0.219846 0.715960 0.224912 0.716462 0.225677 0.717302 0.226003 0.718100 0.226211 0.729346 0.226946 0.736852 0.227403 0.737657 0.227117 0.738054 0.226334 0.738936 0.215592 0.738670 0.214783 0.737915 0.214439 0.736659 0.214053 0.729089 0.213968 0.718269 0.213918 0.717380 0.214183 0.716758 0.214909
0 0.782739 0.767998 0.783170 0.768841 0.791095 0.777514 0.796537 0.783294 0.797338 0.783670 0.798145 0.783391 0.805724 0.776259 0.806040 0.775482 0.806321 0.774417 0.805965 0.773620 0.800248 0.768077 0.791835 0.760182 0.790987 0.759729 0.790044 0.759800 0.785123 0.761703 0.782972 0.766423 0.782850 0.767083
0 0.567302 0.675887 0.567392 0.676740 0.572182 0.685929 0.572801 0.686438 0.575083 0.686601 0.575847 0.686466 0.581781 0.682395 0.590008 0.676411 0.590566 0.675711 0.590683 0.674782 0.589954 0.669531 0.586236 0.666218 0.585456 0.665871 0.584057 0.665816 0.583237 0.666011 0.573872 0.671471 0.567783 0.675213
0 0.484726 0.756669 0.488173 0.770296 0.488325 0.770729 0.488790 0.771525 0.489444 0.772471 0.490109 0.773311 0.490608 0.773821 0.497787 0.777167 0.502062 0.773993 0.502185 0.772122 0.501937 0.765598 0.501774 0.765170 0.501302 0.764379 0.500648 0.763438 0.499986 0.762598 0.499494 0.762083 0.488556 0.755490 0.487307 0.754753
0 0.475930 0.227215 0.475951 0.227928 0.476105 0.231029 0.476725 0.231508 0.486657 0.234393 0.487508 0.234341 0.488070 0.233798 0.490505 0.227697 0.494052 0.218152 0.494078 0.217380 0.494022 0.215481 0.493527 0.214830 0.489545 0.211993 0.484272 0.212165 0.483388 0.212418 0.482817 0.213033 0.478715 0.221207
0 0.495510 0.641182 0.498709 0.654847 0.498865 0.655191 0.499325 0.655927 0.499965 0.656858 0.500611 0.657733 0.501092 0.658318 0.501278 0.658454 0.508256 0.661439 0.512589 0.658343 0.512629 0.657343 0.512558 0.650394 0.512390 0.650055 0.511924 0.649323 0.511284 0.648397 0.510641 0.647523 0.510166 0.646934 0.509988 0.646788 0.498125 0.639313
0 0.809563 0.020023 0.809639 0.022112 0.809723 0.022872 0.810320 0.023419 0.819880 0.028539 0.826396 0.031575 0.827254 0.031645 0.827981 0.031191 0.833859 0.023343 0.834003 0.022636 0.833962 0.019172 0.833447 0.018641 0.826714 0.015878 0.816879 0.012518 0.815958 0.012401 0.815055 0.012728 0.810665 0.015654
0 0.758868 0.942661 0.759355 0.943366 0.767732 0.948698 0.768485 0.948783 0.771161 0.949053 0.771723 0.948479 0.774618 0.941332 0.778325 0.930830 0.778444 0.929876 0.778091 0.928979 0.774953 0.924737 0.770302 0.923995 0.768689 0.923884 0.767882 0.924037 0.767304 0.924697 0.762121 0.934828 0.758937 0.941775
0 0.395649 0.505680 0.396861 0.507762 0.399384 0.510297 0.400027 0.510566 0.400885 0.510422 0.413073 0.506936 0.418749 0.504196 0.419427 0.503690 0.419606 0.503046 0.417861 0.496116 0.415917 0.492654 0.415481 0.492271 0.414704 0.492368 0.407224 0.495001 0.397828 0.500485 0.397064 0.501010 0.396650 0.501709
0 0.382880 0.953938 0.382963 0.954828 0.383617 0.955378 0.393658 0.958162 0.394623 0.958045 0.395458 0.957907 0.395966 0.957179 0.397843 0.949316 0.400398 0.937843 0.400357 0.936871 0.399815 0.936094 0.395655 0.932848 0.390473 0.933480 0.389899 0.933602 0.389051 0.933988 0.388541 0.934805 0.385103 0.946188
0 0.748182 0.101403 0.750185 0.109658 0.750258 0.109749 0.755420 0.110881 0.761864 0.104318 0.762138 0.103695 0.762464 0.102662 0.762753 0.101497 0.762928 0.100514 0.762942 0.099977 0.760848 0.086622 0.760310 0.086319 0.757170 0.085632 0.749250 0.097063 0.748986 0.097691 0.748669 0.098725 0.748383 0.099886 0.748205 0.100866
0 0.180095 0.428997 0.180199 0.429842 0.183814 0.438447 0.186636 0.444550 0.187197 0.445002 0.189798 0.446620 0.190565 0.446459 0.199161 0.440709 0.199667 0.440019 0.199612 0.439230 0.196495 0.433338 0.191425 0.424383 0.190849 0.423854 0.189283 0.422831 0.188465 0.422784 0.183728 0.423978 0.180469 0.428150
0 0.905424 0.444612 0.905701 0.445047 0.908279 0.448450 0.908994 0.448411 0.917861 0.445968 0.918893 0.445405 0.925867 0.441370 0.926693 0.440885 0.927259 0.440188 0.929278 0.436126 0.927771 0.433279 0.926170 0.431230 0.925677 0.430898 0.924878 0.430979 0.911252 0.434004 0.906938 0.436112 0.906195 0.436586 0.905853 0.437244
0 0.358300 0.893012 0.361437 0.897315 0.361647 0.897326 0.369465 0.895849 0.370060 0.895585 0.370935 0.895006 0.371853 0.894267 0.372568 0.893568 0.372889 0.893096 0.380244 0.881083 0.378351 0.878486 0.377140 0.878362 0.364569 0.881784 0.363978 0.882055 0.363108 0.882635 0.362190 0.883368 0.361470 0.884060 0.361141 0.884525 0.359176 0.890199
0 0.284694 0.377283 0.284739 0.378137 0.285252 0.378746 0.286592 0.379888 0.295389 0.385129 0.301102 0.388458 0.301869 0.388525 0.302539 0.388005 0.308127 0.379100 0.308285 0.378301 0.307848 0.377712 0.305700 0.375811 0.299783 0.372787 0.291553 0.368738 0.290732 0.368618 0.289910 0.368999 0.285859 0.372350
0 0.241698 0.244817 0.242904 0.246254 0.244180 0.247750 0.247667 0.251722 0.252751 0.250925 0.253502 0.250535 0.254384 0.249858 0.255163 0.249076 0.255630 0.248397 0.257109 0.243697 0.257205 0.243348 0.253718 0.239377 0.252239 0.238059 0.250730 0.236887 0.250351 0.236911 0.246076 0.237557 0.245319 0.237941 0.244432 0.238616 0.243653 0.239403 0.243192 0.240089 0.241752 0.244461
0 0.063735 0.866060 0.063884 0.866986 0.067644 0.876879 0.070661 0.883622 0.071215 0.884133 0.074527 0.883956 0.075239 0.883802 0.082989 0.877777 0.083425 0.877039 0.083326 0.876176 0.080041 0.869656 0.074585 0.860131 0.074012 0.859537 0.073240 0.859463 0.071241 0.859518 0.066855 0.860686 0.064037 0.865146
0 0.280266 0.051952 0.281727 0.060107 0.282973 0.066128 0.284807 0.069416 0.285242 0.069930 0.286035 0.069934 0.295902 0.066448 0.296571 0.065928 0.296714 0.065209 0.295127 0.059318 0.292451 0.050040 0.291361 0.048015 0.290927 0.047429 0.290136 0.047228 0.285192 0.047379 0.280953 0.050487 0.280375 0.051173
0 0.867126 0.048980 0.867587 0.050163 0.869963 0.054461 0.870613 0.055039 0.871539 0.055127 0.883219 0.053330 0.891098 0.051843 0.891885 0.051373 0.892162 0.050549 0.891232 0.040415 0.890549 0.038416 0.890133 0.037738 0.889289 0.037613 0.881423 0.039459 0.870058 0.042552 0.869181 0.043021 0.868657 0.043848
