0 0.151118 0.516458 0.151540 0.526436 0.151965 0.533524 0.152986 0.535475 0.153362 0.536159 0.154179 0.536354 0.164837 0.534804 0.165599 0.534380 0.165848 0.533606 0.165054 0.526599 0.163701 0.515947 0.163339 0.515183 0.162746 0.513966 0.161962 0.513547 0.156849 0.512510 0.152036 0.514975 0.151341 0.515607
0 0.343167 0.140196 0.343450 0.141114 0.346307 0.145619 0.351069 0.146868 0.352365 0.146833 0.353218 0.146773 0.353881 0.146193 0.360106 0.136755 0.364074 0.130314 0.364229 0.129455 0.363791 0.128710 0.355597 0.122543 0.354823 0.122375 0.352681 0.122348 0.352044 0.122846 0.348354 0.129517 0.343381 0.139275
0 0.941884 0.891158 0.942404 0.896331 0.946504 0.900226 0.947387 0.900710 0.948349 0.900681 0.958949 0.897508 0.966253 0.895093 0.966854 0.894538 0.967254 0.892715 0.967202 0.891880 0.962224 0.882148 0.961539 0.881541 0.960648 0.881523 0.953547 0.884268 0.943058 0.888638 0.942370 0.889200 0.942077 0.890290
0 0.944619 0.070158 0.944774 0.071015 0.945365 0.071458 0.951541 0.072464 0.961277 0.073831 0.963421 0.073501 0.964170 0.073340 0.964740 0.072676 0.967009 0.067913 0.966220 0.062549 0.965871 0.061704 0.965209 0.061267 0.956917 0.059117 0.950773 0.057726 0.947258 0.058328 0.946575 0.058524 0.946187 0.059278
0 0.022220 0.585463 0.022285 0.585642 0.027944 0.591505 0.028446 0.591863 0.029389 0.592294 0.030518 0.592680 0.031531 0.592918 0.032155 0.592945 0.046254 0.592778 0.047444 0.589792 0.047139 0.588732 0.037354 0.579886 0.036848 0.579535 0.035907 0.579109 0.034782 0.578721 0.033773 0.578475 0.033151 0.578437 0.024192 0.580516
0 0.931604 0.337940 0.931987 0.338702 0.939244 0.345894 0.939936 0.346197 0.943375 0.344637 0.943953 0.344308 0.947351 0.338968 0.951644 0.331468 0.951849 0.330673 0.951609 0.329785 0.949114 0.325136 0.944865 0.323073 0.944099 0.322961 0.942021 0.323948 0.941418 0.324347 0.935405 0.332106 0.931756 0.337189
0 0.347834 0.526100 0.351758 0.535749 0.352357 0.536357 0.353196 0.536389 0.360120 0.533788 0.370477 0.529714 0.371170 0.529170 0.371862 0.528345 0.372110 0.527494 0.372010 0.522399 0.368436 0.518518 0.367640 0.518031 0.366730 0.518046 0.356600 0.521092 0.349528 0.523362 0.348918 0.523898 0.347852 0.525279
0 0.951761 0.329896 0.952095 0.330679 0.958506 0.339867 0.963167 0.345759 0.963895 0.346238 0.964689 0.346181 0.972543 0.341971 0.974735 0.339163 0.975106 0.338595 0.974839 0.337869 0.969903 0.332122 0.962249 0.324264 0.961482 0.323711 0.960578 0.323566 0.955715 0.324058 0.954430 0.325785 0.951951 0.329172
0 0.378254 0.855516 0.378256 0.856208 0.381228 0.862050 0.385672 0.869924 0.386262 0.870523 0.387153 0.870771 0.392426 0.870954 0.396313 0.868212 0.396787 0.867581 0.397049 0.865509 0.396998 0.864759 0.393241 0.855406 0.390615 0.849474 0.390037 0.848945 0.389185 0.848892 0.379355 0.851662 0.378751 0.852126
0 0.118463 0.340183 0.118728 0.340973 0.124437 0.350679 0.128588 0.356898 0.129276 0.357449 0.130079 0.357502 0.138325 0.354578 0.138746 0.354093 0.140776 0.351244 0.140576 0.350523 0.136171 0.344424 0.129301 0.336029 0.128582 0.335398 0.127687 0.335132 0.122745 0.334904 0.119926 0.337766 0.118722 0.339522
0 0.311502 0.862532 0.311802 0.868903 0.312498 0.877581 0.312796 0.878339 0.313522 0.878888 0.318365 0.880977 0.323151 0.879913 0.323861 0.879516 0.324131 0.878819 0.324893 0.876829 0.325228 0.866929 0.325289 0.860605 0.324973 0.859916 0.324201 0.859557 0.313859 0.858471 0.313099 0.858670 0.312808 0.859294
0 0.545604 0.481156 0.545979 0.481872 0.551482 0.486255 0.559951 0.492826 0.561233 0.493305 0.562024 0.493594 0.562861 0.493348 0.567113 0.490559 0.568681 0.485521 0.568712 0.484600 0.568265 0.483850 0.560936 0.477143 0.555640 0.472459 0.553538 0.471739 0.552796 0.471516 0.552095 0.471938 0.545831 0.480335
0 0.734499 0.920661 0.734601 0.921544 0.735274 0.922132 0.745491 0.925596 0.746332 0.925521 0.747314 0.924925 0.747813 0.924242 0.749542 0.916609 0.751877 0.905566 0.751814 0.904605 0.751246 0.903801 0.746958 0.900319 0.741728 0.900592 0.740877 0.900916 0.740299 0.901326 0.739801 0.902096 0.736575 0.913180
0 0.365016 0.775382 0.365073 0.776222 0.365692 0.776719 0.367303 0.777837 0.374305 0.779571 0.384224 0.781886 0.385111 0.781824 0.385859 0.781257 0.389130 0.776976 0.388957 0.771751 0.388671 0.770901 0.387968 0.770402 0.386953 0.769744 0.376584 0.766484 0.369726 0.764403 0.368911 0.764505 0.368359 0.765176
0 0.166440 0.221610 0.169034 0.226123 0.169660 0.226735 0.170450 0.226842 0.172286 0.226902 0.182256 0.224862 0.188661 0.223455 0.189258 0.222982 0.189379 0.222131 0.187224 0.211581 0.186784 0.210869 0.186060 0.210724 0.183059 0.210568 0.176707 0.212347 0.168010 0.214979 0.167339 0.215452 0.167013 0.216303
0 0.867915 0.351286 0.868079 0.352071 0.873635 0.361007 0.874294 0.361546 0.875037 0.361518 0.880544 0.358558 0.889146 0.353808 0.890818 0.352513 0.891307 0.351946 0.891338 0.351116 0.890134 0.346262 0.886147 0.342806 0.885343 0.342396 0.884548 0.342473 0.876736 0.345926 0.871031 0.348578 0.868332 0.350734
0 0.941800 0.441753 0.942204 0.442506 0.949640 0.449365 0.950337 0.449629 0.953783 0.448377 0.954349 0.448003 0.957568 0.442333 0.961597 0.434289 0.961777 0.433464 0.961512 0.432574 0.958889 0.427996 0.954601 0.426170 0.953835 0.426106 0.951754 0.426909 0.951167 0.427355 0.945405 0.435554 0.941928 0.440977
0 0.411652 0.408217 0.412945 0.413084 0.413400 0.413814 0.414771 0.414401 0.415542 0.414697 0.426133 0.415289 0.433066 0.415563 0.433813 0.415267 0.434187 0.414501 0.435102 0.404099 0.434864 0.403325 0.432659 0.402312 0.431965 0.401997 0.424987 0.402084 0.415219 0.402411 0.414396 0.402686 0.413813 0.403400
0 0.673561 0.323494 0.673741 0.324331 0.674381 0.324814 0.681000 0.326389 0.691226 0.328544 0.692022 0.328463 0.693679 0.327994 0.694273 0.327412 0.696595 0.323075 0.695638 0.317867 0.695248 0.317025 0.694532 0.316542 0.685441 0.313547 0.678861 0.311610 0.678133 0.311729 0.675442 0.312564 0.675043 0.313246
0 0.769233 0.926026 0.770224 0.931208 0.770654 0.932071 0.771466 0.932618 0.782232 0.936776 0.789746 0.939361 0.790585 0.939322 0.791060 0.938698 0.792174 0.936773 0.794097 0.926929 0.793907 0.926093 0.793183 0.925554 0.785617 0.923319 0.774312 0.920412 0.773396 0.920407 0.772703 0.920910 0.769951 0.924892
0 0.253468 0.402993 0.253915 0.404390 0.256293 0.411449 0.259681 0.421494 0.260214 0.422225 0.261089 0.422544 0.266402 0.422897 0.270619 0.419727 0.271165 0.418988 0.271194 0.418092 0.268337 0.407904 0.266318 0.400750 0.265828 0.399367 0.265301 0.398722 0.264447 0.398632 0.254204 0.401635 0.253541 0.402170
0 0.471915 0.963581 0.472175 0.964299 0.474061 0.966567 0.474781 0.966789 0.481952 0.965877 0.492065 0.964098 0.492906 0.963735 0.493491 0.962978 0.495619 0.958079 0.494194 0.953542 0.493713 0.952893 0.492533 0.951553 0.491735 0.951358 0.480916 0.951736 0.473785 0.952291 0.473023 0.952664 0.472654 0.953447
0 0.111302 0.825914 0.112362 0.835974 0.113098 0.837746 0.113523 0.838424 0.114368 0.838559 0.122206 0.836832 0.133520 0.833960 0.134391 0.833506 0.134905 0.832693 0.136373 0.827625 0.135880 0.826578 0.133453 0.822284 0.132797 0.821701 0.131869 0.821602 0.120209 0.823273 0.112350 0.824644 0.111569 0.825100
0 0.088836 0.903580 0.091570 0.913498 0.092225 0.914962 0.092766 0.915576 0.093644 0.915581 0.101288 0.912635 0.112334 0.908041 0.113140 0.907452 0.113525 0.906557 0.114168 0.901251 0.113728 0.900397 0.110560 0.896472 0.109799 0.895990 0.108845 0.896035 0.097406 0.899554 0.089686 0.902146 0.088971 0.902723
0 0.222068 0.448514 0.222272 0.453791 0.225439 0.457596 0.226135 0.458052 0.227954 0.457973 0.228737 0.457900 0.238139 0.453779 0.244161 0.450981 0.244671 0.450388 0.244664 0.449535 0.241029 0.439787 0.240498 0.439196 0.237524 0.439261 0.236799 0.439282 0.230894 0.442426 0.222845 0.447008 0.222261 0.447616
0 0.238470 0.643697 0.238855 0.654999 0.239059 0.655845 0.239641 0.656339 0.243619 0.657733 0.245539 0.658283 0.249649 0.655890 0.250271 0.655249 0.250542 0.654349 0.251821 0.643393 0.252266 0.635820 0.252043 0.635067 0.251418 0.634805 0.248241 0.633960 0.239578 0.634909 0.238919 0.635313 0.238631 0.636126
0 0.927544 0.617161 0.927550 0.617860 0.927812 0.618743 0.928549 0.619353 0.939343 0.624286 0.946717 0.627502 0.947612 0.627540 0.948251 0.626972 0.952455 0.617507 0.952532 0.616346 0.952515 0.615509 0.951865 0.614914 0.944330 0.612021 0.933298 0.608021 0.932328 0.607930 0.931479 0.608358 0.927661 0.611999
0 0.128816 0.888335 0.129316 0.893636 0.129465 0.893822 0.137118 0.896097 0.137737 0.896244 0.138775 0.896216 0.139952 0.896022 0.140953 0.895714 0.153977 0.888777 0.153676 0.885578 0.152866 0.884428 0.152457 0.884286 0.140170 0.881304 0.139551 0.881166 0.138516 0.881196 0.137342 0.881386 0.136341 0.881686 0.135782 0.882014 0.131372 0.885441
0 0.616895 0.124398 0.619416 0.126391 0.620255 0.126103 0.631746 0.119498 0.632183 0.119065 0.632846 0.118268 0.633556 0.117321 0.634125 0.116474 0.634400 0.115957 0.635260 0.107110 0.631082 0.103808 0.630934 0.103867 0.623421 0.107304 0.622978 0.107732 0.622311 0.108529 0.621601 0.109481 0.621039 0.110333 0.620774 0.110855
0 0.383491 0.256468 0.383833 0.257339 0.387089 0.261577 0.392254 0.262655 0.393168 0.262577 0.393858 0.262005 0.399567 0.253093 0.403577 0.246831 0.404351 0.245593 0.404485 0.244768 0.403986 0.244065 0.394953 0.238334 0.394114 0.238189 0.393450 0.238679 0.392637 0.239895 0.388936 0.246364 0.383684 0.255582
0 0.717424 0.214166 0.717861 0.214872 0.723557 0.218988 0.732447 0.224931 0.733224 0.225173 0.734929 0.224919 0.735688 0.224613 0.739356 0.221485 0.740234 0.216235 0.740154 0.215292 0.739645 0.214554 0.732101 0.207967 0.726566 0.203527 0.725839 0.203348 0.723046 0.203844 0.722436 0.204321 0.717540 0.213311
0 0.017509 0.345801 0.017716 0.346520 0.019026 0.349034 0.025532 0.356001 0.026288 0.356315 0.027129 0.356050 0.033315 0.351401 0.042140 0.344078 0.042691 0.343363 0.042720 0.342537 0.041317 0.338126 0.040491 0.336625 0.035923 0.334472 0.035002 0.334322 0.034096 0.334653 0.024393 0.340686 0.017970 0.345124
0 0.917953 0.657327 0.919209 0.662452 0.923741 0.665620 0.924665 0.665945 0.925592 0.665737 0.935292 0.660389 0.942004 0.656588 0.942504 0.655916 0.943072 0.654862 0.942899 0.654028 0.936661 0.645135 0.935910 0.644650 0.935047 0.644798 0.928581 0.648889 0.918990 0.655084 0.918406 0.655779 0.918013 0.656416
0 0.686297 0.651590 0.686352 0.652431 0.686949 0.653042 0.696262 0.657162 0.697043 0.657161 0.699231 0.656144 0.699723 0.655544 0.701674 0.648509 0.704098 0.638425 0.704084 0.637514 0.703597 0.636709 0.699792 0.633053 0.694935 0.632852 0.694130 0.633083 0.692820 0.633745 0.692323 0.634428 0.688571 0.644711
0 0.463996 0.316380 0.464044 0.323876 0.464316 0.334575 0.464586 0.335452 0.465295 0.336060 0.470089 0.338263 0.474954 0.336751 0.475685 0.336245 0.476281 0.335402 0.476581 0.334566 0.477231 0.323377 0.477544 0.315920 0.477253 0.315125 0.476490 0.314743 0.466114 0.314025 0.465340 0.314301 0.464314 0.315626
0 0.570803 0.594598 0.570870 0.595407 0.571475 0.595864 0.573520 0.597256 0.580303 0.598666 0.589818 0.600453 0.590674 0.600360 0.591391 0.599785 0.594506 0.595528 0.594283 0.590482 0.593997 0.589670 0.593311 0.589213 0.592034 0.588390 0.581868 0.585555 0.575205 0.583801 0.574419 0.583930 0.573894 0.584602
0 0.353992 0.438979 0.354225 0.439549 0.354973 0.439884 0.362166 0.441483 0.373958 0.441951 0.374872 0.441905 0.375530 0.441517 0.378012 0.438600 0.378370 0.436226 0.377045 0.432695 0.376561 0.432123 0.375720 0.431790 0.364160 0.428331 0.357141 0.427630 0.356317 0.427702 0.355883 0.428154 0.354523 0.435045
0 0.027166 0.454637 0.027897 0.467236 0.027995 0.467793 0.029170 0.469648 0.032259 0.470534 0.034442 0.468693 0.034844 0.468142 0.041301 0.459267 0.041788 0.458496 0.042182 0.457437 0.042380 0.456373 0.042328 0.455588 0.041486 0.448683 0.041317 0.448349 0.036237 0.446892 0.032664 0.446715 0.032306 0.447027 0.028254 0.451740 0.027759 0.452508 0.027361 0.453569
0 0.203453 0.112002 0.205791 0.119713 0.209214 0.130895 0.209746 0.131716 0.210627 0.132124 0.215991 0.132911 0.220283 0.129855 0.220841 0.129109 0.220879 0.128155 0.220865 0.127839 0.217978 0.116374 0.216010 0.108612 0.215483 0.107883 0.214621 0.107722 0.204246 0.110143 0.203572 0.110662 0.203490 0.111534
0 0.535736 0.583636 0.538845 0.587909 0.539196 0.588292 0.544934 0.589375 0.545209 0.589271 0.545892 0.588846 0.546798 0.588212 0.547684 0.587542 0.548312 0.587014 0.548514 0.586771 0.549241 0.580984 0.549109 0.580443 0.546000 0.576169 0.540346 0.575544 0.540075 0.575658 0.539397 0.576090 0.538495 0.576724 0.537610 0.577391 0.536976 0.577912 0.536766 0.578148
