0 0.098750 0.396870 0.100247 0.399385 0.100810 0.399883 0.110375 0.402786 0.111228 0.402717 0.111849 0.402135 0.114958 0.395641 0.119229 0.385636 0.119341 0.384818 0.118479 0.383271 0.118058 0.382590 0.114414 0.379647 0.109145 0.379908 0.108237 0.380189 0.107598 0.380849 0.102260 0.389714 0.098809 0.396117
0 0.630408 0.731940 0.630461 0.732790 0.631028 0.733307 0.637411 0.735231 0.647278 0.738195 0.648894 0.738652 0.649704 0.738612 0.650386 0.738059 0.653364 0.733825 0.653194 0.728551 0.652932 0.727687 0.652288 0.727166 0.643615 0.723969 0.637328 0.721689 0.634694 0.720992 0.633950 0.721073 0.633447 0.721736
0 0.944920 0.457769 0.945149 0.458633 0.945866 0.459229 0.956517 0.464144 0.963795 0.467298 0.964692 0.467336 0.965356 0.466783 0.969942 0.457534 0.970034 0.455996 0.970050 0.455177 0.969420 0.454595 0.961965 0.451757 0.951046 0.447910 0.950076 0.447821 0.949207 0.448238 0.945235 0.451795 0.944922 0.456843
0 0.802874 0.056770 0.803081 0.065641 0.803116 0.065684 0.807896 0.067938 0.815404 0.062677 0.815539 0.062575 0.815923 0.061942 0.816455 0.060945 0.816991 0.059853 0.817387 0.058959 0.817537 0.058503 0.818402 0.044735 0.815484 0.043360 0.815137 0.043342 0.804861 0.052697 0.804486 0.053337 0.803962 0.054336 0.803430 0.055426 0.803032 0.056317
0 0.555148 0.516599 0.555175 0.516908 0.558926 0.521191 0.564204 0.521479 0.564565 0.521427 0.569039 0.517663 0.569109 0.517381 0.569193 0.516581 0.569268 0.515477 0.569314 0.514368 0.569318 0.513549 0.569279 0.513243 0.565241 0.509024 0.564894 0.508806 0.559617 0.508518 0.555416 0.512487 0.555356 0.512773 0.555280 0.513574 0.555208 0.514674 0.555160 0.515781
0 0.440337 0.348070 0.440422 0.348916 0.441057 0.349431 0.442643 0.349970 0.449696 0.351892 0.459695 0.354596 0.460579 0.354557 0.461310 0.354008 0.464451 0.349793 0.464119 0.344534 0.463807 0.343671 0.463087 0.343151 0.453234 0.339920 0.446280 0.337643 0.444680 0.337146 0.443868 0.337228 0.443338 0.337891
0 0.187425 0.626427 0.188900 0.629283 0.202790 0.628094 0.203307 0.627846 0.204208 0.627395 0.205251 0.626861 0.206158 0.626387 0.206687 0.626099 0.211293 0.618993 0.208868 0.614297 0.200333 0.613757 0.199813 0.613993 0.198907 0.614438 0.197860 0.614971 0.196952 0.615449 0.196428 0.615744
0 0.018152 0.527885 0.027680 0.537303 0.028126 0.537645 0.029024 0.538098 0.030133 0.538540 0.031156 0.538852 0.031817 0.538951 0.040896 0.537400 0.043031 0.532565 0.042996 0.532419 0.037536 0.526138 0.037086 0.525804 0.036188 0.525355 0.035083 0.524912 0.034065 0.524592 0.033407 0.524482 0.019503 0.524114 0.018205 0.527054
0 0.385116 0.760177 0.385138 0.760285 0.387619 0.768054 0.392822 0.769186 0.398685 0.763232 0.398823 0.762759 0.399050 0.761832 0.399307 0.760701 0.399523 0.759667 0.399642 0.759006 0.399631 0.758896 0.397204 0.745055 0.394064 0.744372 0.386085 0.755949 0.385937 0.756418 0.385701 0.757344 0.385441 0.758477 0.385227 0.759515
0 0.112382 0.338213 0.112693 0.345641 0.113281 0.356205 0.113594 0.357069 0.114358 0.357656 0.119450 0.359731 0.124477 0.358127 0.125221 0.357610 0.125607 0.356666 0.125891 0.355833 0.126115 0.344729 0.126183 0.337351 0.125852 0.336571 0.125043 0.336206 0.114175 0.335676 0.113375 0.335962 0.112690 0.337460
0 0.513493 0.126779 0.513539 0.138460 0.513801 0.139366 0.514148 0.139821 0.514860 0.140417 0.519691 0.142429 0.524632 0.140522 0.525376 0.139942 0.525691 0.139041 0.526412 0.127633 0.526822 0.119738 0.526537 0.118917 0.525918 0.118236 0.525152 0.117880 0.514657 0.117750 0.513869 0.118087 0.513538 0.118899
0 0.819780 0.496128 0.819999 0.497012 0.824807 0.507293 0.828439 0.514078 0.829059 0.514659 0.829809 0.514666 0.837740 0.510756 0.840400 0.509153 0.840825 0.508565 0.840669 0.507751 0.836763 0.501069 0.830497 0.491556 0.829844 0.490888 0.829011 0.490662 0.824391 0.490856 0.822761 0.491794 0.820042 0.495346
0 0.485223 0.557475 0.486742 0.568315 0.487837 0.575465 0.488274 0.576164 0.489099 0.576378 0.499478 0.575032 0.500190 0.574618 0.500666 0.572762 0.500839 0.571983 0.499381 0.564868 0.497157 0.554830 0.496725 0.554049 0.495911 0.553609 0.490763 0.552453 0.486244 0.554841 0.485618 0.555465 0.485362 0.556622
0 0.876645 0.412854 0.878263 0.417749 0.878649 0.418344 0.879186 0.419082 0.880072 0.419393 0.891752 0.420183 0.899648 0.420592 0.900489 0.420310 0.900891 0.419550 0.901624 0.409158 0.901330 0.408379 0.900770 0.407357 0.899970 0.407028 0.892030 0.406980 0.880532 0.407112 0.879604 0.407371 0.878961 0.408075
0 0.054962 0.304050 0.055039 0.304858 0.055555 0.305370 0.057405 0.306702 0.066209 0.310668 0.071813 0.313084 0.072549 0.313047 0.073168 0.312463 0.078143 0.303248 0.078261 0.302467 0.077818 0.301964 0.074822 0.299740 0.069039 0.297643 0.061172 0.295014 0.060383 0.295008 0.059612 0.295478 0.055874 0.299202
0 0.818758 0.386255 0.820704 0.396568 0.821118 0.397254 0.821810 0.397374 0.825080 0.397277 0.831194 0.395337 0.839490 0.392520 0.840141 0.392036 0.840465 0.391189 0.841096 0.385951 0.838675 0.381582 0.838083 0.380996 0.837325 0.380914 0.835324 0.381007 0.825638 0.383349 0.819463 0.384928 0.818884 0.385413
0 0.475283 0.315498 0.475453 0.320780 0.481690 0.324200 0.481975 0.324331 0.482776 0.324409 0.483876 0.324414 0.484982 0.324344 0.485799 0.324219 0.498885 0.318369 0.498782 0.315157 0.485379 0.310073 0.484578 0.309986 0.483475 0.309978 0.482366 0.310051 0.481549 0.310185 0.481244 0.310344 0.475330 0.314095
0 0.528039 0.930592 0.528498 0.931315 0.536914 0.936973 0.538832 0.937267 0.539621 0.937383 0.540257 0.936836 0.543854 0.929843 0.548737 0.919562 0.548935 0.918617 0.548632 0.917710 0.545651 0.913356 0.540809 0.912422 0.539647 0.912297 0.538785 0.912416 0.538126 0.913048 0.532064 0.922932 0.528179 0.929714
0 0.167019 0.560343 0.167642 0.560734 0.179345 0.566989 0.179944 0.567106 0.180966 0.567228 0.182135 0.567322 0.183139 0.567365 0.183706 0.567343 0.191417 0.563450 0.191929 0.558190 0.185029 0.553476 0.184429 0.553367 0.183409 0.553249 0.182244 0.553152 0.181242 0.553102 0.180673 0.553112 0.167331 0.557144
0 0.393553 0.558051 0.393706 0.558907 0.394329 0.559587 0.398787 0.562417 0.403796 0.561823 0.404584 0.561476 0.405349 0.560226 0.405754 0.559503 0.407870 0.549078 0.409147 0.542233 0.408962 0.541449 0.408257 0.540969 0.398087 0.538584 0.397286 0.538710 0.395989 0.540708 0.395575 0.541352 0.394651 0.548294
0 0.185576 0.426674 0.188130 0.431347 0.190268 0.431974 0.196617 0.432508 0.197095 0.432432 0.197967 0.432093 0.198998 0.431582 0.199914 0.431037 0.200470 0.430601 0.208625 0.420773 0.209389 0.419524 0.207847 0.416704 0.193866 0.418230 0.193384 0.418295 0.192508 0.418627 0.191472 0.419136 0.190556 0.419685 0.190004 0.420128 0.185713 0.426463
0 0.372237 0.925679 0.372478 0.926427 0.375228 0.930328 0.380220 0.932037 0.381133 0.932126 0.381879 0.931787 0.388492 0.926183 0.393160 0.921880 0.393384 0.921245 0.394453 0.917743 0.394038 0.917102 0.385738 0.911059 0.384924 0.910805 0.384212 0.911084 0.379840 0.915595 0.373216 0.922884 0.372927 0.923555
0 0.136309 0.430219 0.138299 0.432743 0.152219 0.428747 0.153064 0.428276 0.154003 0.427603 0.154785 0.426907 0.155202 0.426375 0.158550 0.419492 0.158608 0.419250 0.155337 0.415100 0.152545 0.414603 0.146558 0.415261 0.146029 0.415393 0.145179 0.415858 0.144236 0.416531 0.143453 0.417230 0.143042 0.417770 0.136441 0.428845
0 0.535267 0.896744 0.535657 0.897428 0.539157 0.900649 0.544407 0.901178 0.545321 0.901053 0.545984 0.900543 0.551382 0.893407 0.555077 0.888058 0.555167 0.887377 0.555192 0.883886 0.554653 0.883348 0.545266 0.879301 0.544415 0.879239 0.543774 0.879681 0.540411 0.885167 0.535470 0.893885 0.535324 0.894616
0 0.902706 0.459494 0.902751 0.460414 0.904580 0.465339 0.909423 0.467807 0.910373 0.467989 0.911265 0.467639 0.920255 0.460739 0.926453 0.455913 0.926871 0.455165 0.927235 0.454381 0.926969 0.453576 0.919791 0.445647 0.918993 0.445278 0.918156 0.445557 0.912232 0.450637 0.903473 0.458228 0.902976 0.459012
0 0.247557 0.358408 0.247640 0.359259 0.250859 0.370084 0.253429 0.377175 0.253954 0.377864 0.254690 0.378069 0.262967 0.376645 0.265828 0.374642 0.266320 0.374229 0.266283 0.373459 0.263452 0.366441 0.258730 0.356530 0.258193 0.355754 0.257416 0.355316 0.252868 0.354160 0.251150 0.355408 0.247935 0.357785
0 0.242712 0.913585 0.242844 0.918357 0.246107 0.922534 0.246829 0.923112 0.247652 0.923239 0.256465 0.922248 0.262838 0.921221 0.263385 0.920814 0.265954 0.918217 0.265962 0.917453 0.262332 0.907838 0.261785 0.907178 0.261026 0.907019 0.254790 0.908381 0.245145 0.910877 0.244523 0.911278 0.242930 0.912828
0 0.110367 0.552165 0.113339 0.558832 0.117733 0.568198 0.118335 0.568874 0.119255 0.569138 0.124718 0.569214 0.128792 0.565956 0.129294 0.565218 0.129402 0.564024 0.129364 0.563162 0.125585 0.552881 0.122980 0.546122 0.122392 0.545527 0.121511 0.545484 0.111262 0.548886 0.110625 0.549434 0.110379 0.551367
0 0.593399 0.841860 0.593429 0.842879 0.593494 0.843468 0.598436 0.856494 0.601648 0.856583 0.602061 0.856036 0.607444 0.843855 0.607529 0.843267 0.607585 0.842246 0.607595 0.841067 0.607557 0.840047 0.607481 0.839460 0.602997 0.831932 0.597714 0.831785 0.593541 0.839077 0.593464 0.839667 0.593412 0.840685
0 0.382757 0.142999 0.383802 0.147702 0.385683 0.152615 0.386150 0.152899 0.392855 0.153072 0.393975 0.152940 0.394987 0.152532 0.405857 0.146728 0.406276 0.146246 0.407196 0.143495 0.406600 0.140636 0.403815 0.138838 0.403122 0.138641 0.391619 0.138439 0.390493 0.138573 0.389475 0.138980 0.382944 0.142556
0 0.803100 0.867179 0.803205 0.868136 0.803323 0.868433 0.803935 0.869195 0.813641 0.876113 0.820246 0.880773 0.821107 0.880977 0.821822 0.880512 0.827487 0.871556 0.827611 0.870696 0.827500 0.870211 0.826971 0.869480 0.820156 0.865121 0.810213 0.858842 0.809288 0.858571 0.808393 0.858854 0.804081 0.861894
0 0.142636 0.677360 0.143206 0.680523 0.143724 0.680844 0.156822 0.683599 0.157399 0.683567 0.158403 0.683414 0.159564 0.683181 0.160571 0.682931 0.161153 0.682731 0.167708 0.676771 0.166771 0.671570 0.158698 0.669001 0.158121 0.669041 0.157120 0.669197 0.155962 0.669427 0.154954 0.669669 0.154369 0.669859
0 0.721332 0.673149 0.724186 0.684126 0.726282 0.691420 0.726810 0.692107 0.727651 0.692261 0.737646 0.690041 0.738285 0.689557 0.739435 0.688072 0.739493 0.687253 0.737044 0.680024 0.733238 0.669745 0.732703 0.668974 0.731840 0.668585 0.726622 0.667803 0.722529 0.670630 0.722004 0.671325 0.721346 0.672257
0 0.666808 0.476553 0.669682 0.482058 0.669817 0.482194 0.670456 0.482539 0.671426 0.483000 0.672469 0.483454 0.673306 0.483779 0.673712 0.483889 0.679188 0.481633 0.680853 0.480418 0.682196 0.477462 0.679455 0.471248 0.679327 0.471103 0.678692 0.470751 0.677721 0.470286 0.676674 0.469834 0.675833 0.469516 0.675425 0.469417 0.668995 0.471741
0 0.347302 0.422246 0.347335 0.432136 0.347402 0.432221 0.349839 0.434311 0.357923 0.431481 0.358331 0.431182 0.359003 0.430512 0.359759 0.429652 0.360398 0.428830 0.360749 0.428266 0.361208 0.420230 0.357147 0.416746 0.357058 0.416696 0.350133 0.419032 0.349719 0.419322 0.349041 0.419987 0.348281 0.420849 0.347644 0.421676
0 0.256713 0.189182 0.257033 0.191123 0.258815 0.200935 0.259961 0.207208 0.260408 0.207805 0.261245 0.207952 0.271752 0.206231 0.272471 0.205829 0.272641 0.205133 0.272165 0.201964 0.270653 0.195743 0.268536 0.187270 0.268096 0.186601 0.267268 0.186253 0.262047 0.185491 0.257481 0.187834 0.256850 0.188418
0 0.233742 0.606598 0.239346 0.612182 0.239991 0.612484 0.241007 0.612827 0.242119 0.613118 0.243030 0.613280 0.243493 0.613268 0.257483 0.611881 0.258410 0.608803 0.257313 0.607843 0.247381 0.599823 0.246732 0.599528 0.245719 0.599189 0.244611 0.598896 0.243703 0.598726 0.243240 0.598727 0.237042 0.600670 0.235277 0.601499
0 0.627409 0.674555 0.627479 0.675959 0.627795 0.676731 0.628582 0.677062 0.639194 0.677104 0.639979 0.676779 0.640286 0.676008 0.640261 0.674604 0.640031 0.667128 0.639701 0.656474 0.639404 0.655617 0.638663 0.655059 0.633710 0.653194 0.628783 0.655036 0.628050 0.655590 0.627764 0.656444 0.627548 0.667087
0 0.600768 0.115416 0.603770 0.125755 0.604278 0.126450 0.605036 0.126591 0.611453 0.124842 0.621336 0.122001 0.622846 0.121132 0.623506 0.120668 0.623782 0.119834 0.624002 0.114630 0.621001 0.110204 0.620310 0.109603 0.619484 0.109499 0.610395 0.111249 0.603851 0.112644 0.601413 0.114115 0.600830 0.114581
0 0.449864 0.394785 0.449930 0.395470 0.450459 0.396157 0.459217 0.405382 0.464321 0.409020 0.465085 0.409384 0.465736 0.409250 0.471012 0.404582 0.473179 0.401190 0.473311 0.400634 0.472861 0.399997 0.467058 0.394536 0.457786 0.388905 0.456965 0.388473 0.456156 0.388427 0.452193 0.389347 0.450910 0.391426
