0 0.192841 0.525841 0.193203 0.526658 0.196542 0.530704 0.201674 0.531929 0.202574 0.531899 0.203239 0.531404 0.204161 0.530070 0.209974 0.521493 0.213742 0.515928 0.213850 0.515175 0.213337 0.514505 0.204251 0.508824 0.203418 0.508652 0.202776 0.509073 0.201239 0.511216 0.197772 0.517000 0.193005 0.525034
0 0.482139 0.275974 0.486700 0.289170 0.486922 0.289575 0.487475 0.290314 0.488211 0.291187 0.488933 0.291962 0.489449 0.292433 0.496935 0.295044 0.500902 0.291552 0.500754 0.289799 0.500025 0.283311 0.499813 0.282900 0.499266 0.282156 0.498530 0.281278 0.497804 0.280503 0.497282 0.280038 0.484551 0.273850
0 0.647828 0.967413 0.647836 0.968248 0.648375 0.968735 0.650965 0.970627 0.657260 0.972266 0.665955 0.974290 0.666767 0.974218 0.667479 0.973645 0.670690 0.969349 0.670808 0.964154 0.670592 0.963312 0.669977 0.962825 0.668376 0.961701 0.658855 0.958427 0.652706 0.956439 0.651957 0.956550 0.651418 0.957224
0 0.525444 0.390983 0.528321 0.395416 0.535949 0.395252 0.536148 0.395188 0.536789 0.394819 0.537701 0.394247 0.538639 0.393622 0.539354 0.393112 0.539654 0.392854 0.547615 0.381361 0.545865 0.378665 0.532109 0.381225 0.531906 0.381278 0.531261 0.381639 0.530345 0.382211 0.529406 0.382839 0.528695 0.383356 0.528403 0.383622
0 0.657631 0.297958 0.660241 0.302196 0.660906 0.302757 0.661849 0.303423 0.662734 0.303484 0.673783 0.301187 0.681124 0.299470 0.681831 0.298977 0.682025 0.298145 0.680298 0.288039 0.679849 0.287374 0.678347 0.286214 0.677538 0.286113 0.670244 0.288186 0.659875 0.291445 0.659083 0.291940 0.658656 0.292782
0 0.097673 0.365222 0.098115 0.366053 0.101833 0.370044 0.107038 0.370904 0.107927 0.370797 0.108534 0.370218 0.109564 0.369203 0.114530 0.359811 0.117695 0.353620 0.117726 0.352816 0.117150 0.352153 0.107577 0.346921 0.106735 0.346810 0.106142 0.347308 0.104419 0.348919 0.101575 0.355318 0.097755 0.364356
0 0.225667 0.553152 0.225855 0.553917 0.230349 0.559743 0.236995 0.567831 0.237737 0.568366 0.238679 0.568449 0.243911 0.567512 0.246993 0.563638 0.247290 0.562838 0.247477 0.561500 0.247226 0.560681 0.241178 0.551474 0.237004 0.545480 0.236294 0.545021 0.235442 0.545145 0.226523 0.550326 0.226053 0.550969
0 0.713380 0.617186 0.719833 0.622568 0.720324 0.622700 0.721272 0.622863 0.722421 0.623013 0.723463 0.623109 0.724117 0.623125 0.737634 0.619206 0.737997 0.616013 0.725774 0.609284 0.725279 0.609162 0.724331 0.609007 0.723186 0.608861 0.722147 0.608762 0.721492 0.608737 0.713977 0.611935
0 0.850505 0.736223 0.850506 0.737012 0.851306 0.738767 0.851825 0.739375 0.855907 0.741828 0.861178 0.741079 0.862054 0.740725 0.862605 0.740037 0.866643 0.731211 0.869219 0.724791 0.869173 0.724068 0.867786 0.721211 0.867148 0.720791 0.857107 0.718946 0.856257 0.719093 0.855714 0.719706 0.853495 0.726179
0 0.287161 0.399108 0.287760 0.401614 0.288294 0.402181 0.297661 0.406202 0.298515 0.406230 0.299166 0.405713 0.302628 0.399516 0.307592 0.389947 0.307750 0.389135 0.307431 0.387598 0.307050 0.386862 0.303583 0.383476 0.298318 0.383138 0.297397 0.383318 0.296724 0.383911 0.291058 0.392288 0.287262 0.398354
0 0.403791 0.360253 0.404050 0.360993 0.404807 0.361383 0.415302 0.362602 0.416099 0.362393 0.416456 0.361726 0.417097 0.359288 0.417391 0.352462 0.417693 0.342961 0.417460 0.342148 0.416768 0.341555 0.412004 0.339288 0.406999 0.340398 0.406234 0.340819 0.405891 0.341565 0.405527 0.343075 0.404448 0.353479
0 0.962672 0.976756 0.962912 0.977416 0.967127 0.981241 0.974012 0.987323 0.976225 0.988817 0.976869 0.989040 0.977612 0.988749 0.981560 0.985798 0.983467 0.980878 0.983597 0.979996 0.983299 0.979309 0.978173 0.973758 0.974175 0.969637 0.970520 0.967231 0.969910 0.967068 0.969263 0.967517 0.962959 0.975956
0 0.169595 0.030197 0.169627 0.030924 0.170571 0.033141 0.174463 0.041792 0.176913 0.047211 0.177471 0.047645 0.178310 0.047575 0.188066 0.043454 0.188672 0.042914 0.188687 0.042240 0.187186 0.038595 0.184395 0.033312 0.180608 0.026303 0.180040 0.025803 0.179168 0.025689 0.173973 0.026271 0.170078 0.029513
0 0.601284 0.321338 0.601386 0.322134 0.606425 0.331270 0.607070 0.331827 0.607857 0.331813 0.613938 0.328929 0.623227 0.324315 0.623796 0.323752 0.624992 0.322541 0.625101 0.321703 0.624281 0.316775 0.620396 0.313204 0.619585 0.312774 0.618739 0.312836 0.609950 0.316198 0.603682 0.318769 0.601775 0.320788
0 0.373804 0.345913 0.373906 0.346845 0.374128 0.347716 0.374817 0.348322 0.379590 0.350522 0.384654 0.349044 0.385432 0.348546 0.385790 0.347719 0.386977 0.337198 0.387760 0.329802 0.387543 0.328318 0.387296 0.327529 0.386541 0.327145 0.375977 0.326344 0.375167 0.326611 0.374795 0.327354 0.374379 0.334764
0 0.518001 0.865998 0.518054 0.866955 0.521608 0.877783 0.524202 0.885227 0.524769 0.885870 0.525976 0.886150 0.526806 0.886171 0.536381 0.882076 0.536970 0.881449 0.536966 0.880567 0.534045 0.873283 0.529538 0.862552 0.528960 0.861821 0.528238 0.861601 0.527368 0.861337 0.522227 0.861422 0.518459 0.865164
0 0.375042 0.395076 0.375303 0.395973 0.378042 0.400483 0.382724 0.402007 0.383569 0.402009 0.384928 0.401537 0.385594 0.401026 0.391948 0.392243 0.395988 0.386347 0.396158 0.385535 0.395738 0.384791 0.387753 0.378330 0.386991 0.378116 0.384745 0.378818 0.384105 0.379251 0.380338 0.385383 0.375270 0.394209
0 0.173132 0.569840 0.173350 0.570734 0.175816 0.575409 0.180266 0.577475 0.181080 0.577586 0.182801 0.576737 0.183462 0.576334 0.190043 0.568557 0.194158 0.563431 0.194352 0.562674 0.193977 0.561908 0.186538 0.554680 0.185812 0.554376 0.182967 0.555706 0.182335 0.556038 0.178473 0.561425 0.173385 0.569039
0 0.900256 0.808133 0.903408 0.815483 0.903478 0.815571 0.904046 0.815982 0.904962 0.816606 0.905979 0.817274 0.906824 0.817808 0.907269 0.818065 0.916771 0.818256 0.918534 0.815527 0.914810 0.806394 0.914731 0.806313 0.914155 0.805910 0.913235 0.805294 0.912220 0.804630 0.911379 0.804094 0.910937 0.803831 0.903157 0.803691 0.903124 0.803694
0 0.405240 0.636253 0.405323 0.637087 0.410352 0.646347 0.411014 0.646884 0.411842 0.646805 0.418322 0.643255 0.428036 0.637833 0.428742 0.637134 0.429358 0.636491 0.429497 0.635595 0.428778 0.630445 0.424795 0.626984 0.423955 0.626596 0.423063 0.626731 0.413532 0.631231 0.406866 0.634465 0.405772 0.635631
0 0.924211 0.577882 0.924213 0.578809 0.924753 0.579582 0.925002 0.579927 0.934166 0.587218 0.940372 0.592123 0.941226 0.592376 0.942008 0.591977 0.948807 0.583752 0.949033 0.582933 0.948703 0.582369 0.948245 0.581632 0.941777 0.576992 0.932387 0.570320 0.931473 0.569999 0.930529 0.570215 0.925795 0.572864
0 0.311864 0.171238 0.311948 0.171809 0.314237 0.177255 0.315586 0.179906 0.320765 0.180958 0.320929 0.180826 0.325726 0.174563 0.325986 0.173981 0.326245 0.172981 0.326432 0.171830 0.326499 0.170835 0.326426 0.170263 0.323825 0.156577 0.320676 0.155937 0.319675 0.156493 0.312639 0.167504 0.312370 0.168083 0.312108 0.169085 0.311923 0.170240
0 0.705004 0.769712 0.705181 0.770551 0.705767 0.771309 0.713610 0.779016 0.719933 0.784354 0.720669 0.784668 0.721220 0.784384 0.724026 0.781945 0.727865 0.775191 0.727884 0.774476 0.727377 0.773766 0.722513 0.769789 0.721316 0.768920 0.711864 0.762285 0.711066 0.761896 0.710344 0.761985 0.707011 0.763849 0.705343 0.765350
0 0.699704 0.857516 0.699788 0.858474 0.700374 0.859237 0.709611 0.866008 0.716014 0.870675 0.716647 0.870932 0.717487 0.871134 0.718198 0.870667 0.723939 0.861695 0.724079 0.860834 0.723576 0.860105 0.717001 0.855769 0.707248 0.849355 0.706847 0.849155 0.705945 0.848885 0.705062 0.849171 0.700772 0.852224
0 0.215482 0.035534 0.216644 0.045365 0.217067 0.046111 0.217894 0.046439 0.225528 0.046652 0.236898 0.046458 0.237742 0.046232 0.238231 0.045579 0.238839 0.044019 0.240190 0.039537 0.237735 0.034867 0.237081 0.034157 0.236171 0.033843 0.225113 0.032509 0.217425 0.031950 0.216664 0.032198 0.215733 0.034824
0 0.659010 0.922185 0.661488 0.932855 0.661966 0.933557 0.664364 0.933905 0.665129 0.934009 0.671768 0.931797 0.681002 0.928493 0.681698 0.927968 0.682022 0.927076 0.682514 0.921607 0.679694 0.917147 0.679023 0.916559 0.677548 0.916386 0.676717 0.916325 0.666435 0.918952 0.659737 0.920785 0.659120 0.921307
0 0.932445 0.697506 0.932588 0.698438 0.935229 0.709632 0.936499 0.712377 0.939689 0.712770 0.941476 0.711724 0.941781 0.711279 0.947396 0.699828 0.947633 0.698782 0.947682 0.697639 0.947530 0.696706 0.945624 0.690991 0.945420 0.690532 0.942105 0.688871 0.936859 0.688225 0.936575 0.688435 0.933082 0.694654 0.932730 0.695323 0.932497 0.696367
0 0.005615 0.035671 0.005941 0.038940 0.006573 0.039504 0.016916 0.043644 0.017816 0.043694 0.018436 0.043212 0.021316 0.037314 0.025481 0.028037 0.025549 0.027256 0.025394 0.025265 0.024906 0.024542 0.020860 0.021156 0.015284 0.020667 0.014337 0.020813 0.013701 0.021368 0.008882 0.029168 0.005629 0.034944
0 0.347535 0.393626 0.347632 0.394431 0.351386 0.400880 0.356945 0.409957 0.357613 0.410584 0.358532 0.410768 0.363792 0.410360 0.367274 0.406711 0.367659 0.405922 0.367835 0.404818 0.367682 0.403951 0.362732 0.393949 0.359312 0.387359 0.358665 0.386812 0.357812 0.386850 0.348433 0.391230 0.347897 0.391840
0 0.103578 0.500028 0.105825 0.507002 0.109424 0.516793 0.109939 0.517555 0.110795 0.517978 0.116019 0.519053 0.120217 0.516654 0.120766 0.516034 0.121695 0.514753 0.121736 0.513913 0.119273 0.503238 0.117385 0.496228 0.116874 0.495546 0.116034 0.495345 0.105918 0.496783 0.105260 0.497197 0.103661 0.499261
0 0.660838 0.956488 0.660972 0.957259 0.661596 0.957893 0.666118 0.960610 0.671305 0.960294 0.672129 0.960017 0.672568 0.959387 0.674678 0.951168 0.676190 0.945089 0.676694 0.941692 0.676525 0.940984 0.675809 0.940526 0.665376 0.937969 0.664546 0.938049 0.664103 0.938606 0.662959 0.944751 0.661174 0.954417
0 0.369607 0.179279 0.369681 0.180075 0.372429 0.187857 0.377544 0.197645 0.378065 0.198444 0.378777 0.198886 0.382837 0.199995 0.384897 0.198852 0.387545 0.196328 0.387833 0.195679 0.387708 0.194800 0.384306 0.182218 0.381795 0.176432 0.381295 0.175721 0.380640 0.175505 0.373405 0.176903 0.370023 0.178854
0 0.570065 0.888294 0.571940 0.890952 0.572473 0.891423 0.578966 0.893177 0.588090 0.895220 0.588948 0.895186 0.589736 0.894687 0.593414 0.890861 0.593909 0.886080 0.593742 0.885295 0.592564 0.883702 0.591953 0.883229 0.582313 0.879675 0.575988 0.877600 0.575193 0.877673 0.574580 0.878274 0.570114 0.887525
0 0.577594 0.249455 0.577842 0.250132 0.580283 0.252873 0.582371 0.254014 0.586347 0.253187 0.587056 0.252793 0.587597 0.252024 0.593249 0.242240 0.596070 0.234795 0.596179 0.233997 0.595796 0.233538 0.592370 0.231592 0.585443 0.229656 0.584799 0.229827 0.584283 0.230508 0.581383 0.236387 0.577756 0.248577
0 0.026333 0.538279 0.026350 0.539152 0.027785 0.544149 0.031824 0.547450 0.032623 0.547814 0.033385 0.547668 0.035247 0.546675 0.043665 0.541599 0.049005 0.538352 0.049376 0.537738 0.049172 0.536928 0.043306 0.528008 0.042641 0.527497 0.041925 0.527588 0.038857 0.529171 0.033704 0.532739 0.026773 0.537643
0 0.116295 0.963938 0.116443 0.964672 0.117080 0.965262 0.121662 0.967737 0.126848 0.967290 0.127666 0.967002 0.128095 0.966388 0.128878 0.964153 0.131188 0.954887 0.132593 0.949053 0.132412 0.948380 0.131690 0.947959 0.121203 0.945767 0.120372 0.945863 0.119937 0.946408 0.118605 0.950059 0.117561 0.955988
0 0.430960 0.361369 0.433239 0.365823 0.433838 0.366434 0.435222 0.366865 0.436047 0.366984 0.446628 0.365287 0.453551 0.364033 0.454230 0.363581 0.454444 0.362752 0.453220 0.352424 0.452826 0.351723 0.450592 0.350955 0.449839 0.350800 0.442945 0.352418 0.433304 0.354933 0.432546 0.355381 0.432115 0.356205
0 0.457273 0.288157 0.457325 0.288987 0.460789 0.297613 0.463352 0.303821 0.464794 0.306113 0.465353 0.306609 0.466173 0.306532 0.475640 0.301861 0.476221 0.301246 0.476217 0.300475 0.473331 0.294440 0.468828 0.285145 0.467966 0.283718 0.467394 0.283145 0.466534 0.283013 0.461451 0.283675 0.457726 0.287376
0 0.274008 0.469190 0.278101 0.478961 0.278708 0.479558 0.279545 0.479549 0.280837 0.479184 0.287707 0.476146 0.297498 0.471776 0.298180 0.471179 0.298414 0.470287 0.298240 0.465025 0.294619 0.461183 0.293818 0.460718 0.292911 0.460778 0.292105 0.461037 0.281604 0.465063 0.274607 0.467756 0.274010 0.468339
0 0.253285 0.613037 0.253354 0.614991 0.255391 0.627224 0.255660 0.627976 0.256177 0.628944 0.256804 0.629868 0.257373 0.630501 0.263576 0.634045 0.265472 0.633237 0.269982 0.630482 0.269603 0.623116 0.269327 0.622369 0.268809 0.621406 0.268185 0.620482 0.267624 0.619845 0.257930 0.612700 0.256028 0.611362
