0 0.785111 0.653465 0.786684 0.658285 0.788306 0.658990 0.791735 0.660348 0.794843 0.661285 0.795116 0.661108 0.798865 0.657719 0.799273 0.657033 0.799656 0.656005 0.799913 0.654911 0.799973 0.654045 0.799822 0.653639 0.798313 0.649777 0.796979 0.648631 0.795408 0.647658 0.790348 0.646133 0.790095 0.646347 0.786217 0.649797 0.785818 0.650485 0.785439 0.651511 0.785180 0.652602
0 0.270572 0.105656 0.271841 0.110777 0.275707 0.113361 0.277442 0.113856 0.278214 0.114049 0.278964 0.113691 0.287310 0.106586 0.292628 0.101622 0.293007 0.100850 0.292826 0.100013 0.287292 0.091752 0.286653 0.091366 0.283807 0.090467 0.283103 0.090754 0.277971 0.096017 0.271026 0.103888 0.270579 0.104701
0 0.941048 0.264319 0.941240 0.265202 0.941650 0.265912 0.942338 0.266506 0.947190 0.268579 0.952513 0.266864 0.953342 0.266321 0.953750 0.265457 0.955545 0.254512 0.956675 0.246876 0.956450 0.246074 0.955718 0.244965 0.954949 0.244603 0.944018 0.244244 0.943168 0.244553 0.942751 0.245330 0.942006 0.252945
0 0.216736 0.322604 0.216785 0.323657 0.216955 0.324798 0.217200 0.325720 0.217455 0.326176 0.221251 0.331008 0.223367 0.332508 0.228624 0.331962 0.228744 0.331740 0.231430 0.324613 0.231507 0.323930 0.231455 0.322880 0.231288 0.321742 0.231051 0.320819 0.230807 0.320360 0.224229 0.308064 0.221033 0.308396 0.220227 0.309521 0.216822 0.321921
0 0.488774 0.045732 0.489562 0.056555 0.489931 0.057360 0.490685 0.057689 0.497730 0.057613 0.508449 0.057267 0.509237 0.056983 0.510495 0.056256 0.510969 0.055514 0.512366 0.050505 0.510250 0.045436 0.509669 0.044676 0.508836 0.044365 0.498855 0.043679 0.491756 0.043377 0.491045 0.043684 0.489027 0.044934
0 0.783921 0.596973 0.784504 0.603933 0.784541 0.604284 0.789413 0.606333 0.791693 0.606921 0.797178 0.602459 0.797667 0.601754 0.798156 0.600748 0.798514 0.599711 0.798645 0.598922 0.798925 0.586546 0.798566 0.584570 0.795604 0.583324 0.793793 0.584898 0.785386 0.593441 0.784905 0.594150 0.784420 0.595155 0.784060 0.596187
0 0.502147 0.927493 0.502224 0.928275 0.502793 0.928953 0.507056 0.931983 0.512188 0.932017 0.513019 0.931796 0.513497 0.931194 0.516116 0.923082 0.518039 0.917096 0.519020 0.913843 0.518904 0.913122 0.518233 0.912614 0.508138 0.909337 0.507314 0.909360 0.506838 0.909888 0.505816 0.913125 0.504244 0.919219
0 0.279060 0.385663 0.279504 0.390849 0.283065 0.394742 0.283831 0.395225 0.284669 0.395196 0.293513 0.391860 0.299870 0.389435 0.302157 0.388359 0.302680 0.387805 0.302640 0.386969 0.298359 0.377209 0.297766 0.376599 0.296990 0.376581 0.290790 0.379341 0.281255 0.383587 0.279831 0.384226 0.279229 0.384792
0 0.209167 0.669956 0.209718 0.670603 0.219271 0.675302 0.220135 0.675351 0.220786 0.674786 0.224202 0.667927 0.229285 0.657688 0.229543 0.657076 0.229693 0.656168 0.229298 0.655334 0.225748 0.651453 0.220411 0.650945 0.219480 0.651125 0.218806 0.651774 0.213378 0.661414 0.209617 0.668139 0.209258 0.669115
0 0.609597 0.079055 0.610035 0.086540 0.610322 0.087209 0.613888 0.088305 0.614489 0.088384 0.622321 0.085032 0.622880 0.084454 0.623053 0.083583 0.622356 0.076180 0.620631 0.065073 0.620349 0.064308 0.619760 0.063991 0.617600 0.063286 0.613800 0.063049 0.610302 0.066530 0.609804 0.067327 0.609656 0.068279
0 0.298698 0.103524 0.298912 0.104288 0.299634 0.104789 0.307070 0.106945 0.318250 0.109571 0.319149 0.109592 0.319818 0.109146 0.322434 0.105555 0.323195 0.103886 0.322103 0.099122 0.321659 0.098323 0.320845 0.097810 0.310200 0.093655 0.302786 0.091196 0.301971 0.091223 0.301531 0.091791 0.300213 0.094527
0 0.221059 0.030756 0.221410 0.031599 0.227036 0.037549 0.235444 0.046150 0.236279 0.046647 0.237204 0.046597 0.242029 0.044728 0.242573 0.044392 0.244670 0.039499 0.244776 0.038541 0.244349 0.037644 0.236651 0.028428 0.231270 0.022210 0.230480 0.021792 0.229684 0.022062 0.228825 0.022697 0.221369 0.029951
0 0.661345 0.917206 0.661372 0.918097 0.662996 0.923117 0.667469 0.926251 0.668352 0.926575 0.669189 0.926379 0.677466 0.921443 0.683319 0.917782 0.684742 0.915669 0.685142 0.915018 0.684907 0.914202 0.678338 0.905458 0.677601 0.904979 0.676816 0.905116 0.671215 0.909066 0.662723 0.915259 0.661821 0.916530
0 0.435588 0.445273 0.435867 0.445990 0.438307 0.448948 0.440687 0.449541 0.444246 0.448833 0.444861 0.448449 0.445293 0.447667 0.450310 0.436549 0.451783 0.429790 0.451819 0.428962 0.451434 0.428467 0.444966 0.426170 0.441055 0.425132 0.440482 0.425285 0.440065 0.425976 0.437369 0.432913 0.435666 0.444363
0 0.200296 0.079558 0.203972 0.088744 0.204567 0.089361 0.205433 0.089481 0.212687 0.087873 0.223431 0.084953 0.224169 0.084535 0.224458 0.083790 0.224849 0.082041 0.224946 0.077407 0.221406 0.073496 0.220603 0.072967 0.219662 0.072881 0.208960 0.074190 0.201564 0.075477 0.200912 0.075897 0.200346 0.078815
0 0.781866 0.115535 0.783084 0.120127 0.783628 0.121565 0.784097 0.122248 0.784936 0.122519 0.796313 0.123229 0.803966 0.123397 0.804805 0.123107 0.805251 0.122375 0.806710 0.112510 0.806480 0.111781 0.805659 0.109363 0.804905 0.109074 0.797186 0.109253 0.786063 0.109989 0.785142 0.110260 0.784466 0.110944
0 0.837583 0.382163 0.837783 0.383029 0.838035 0.383951 0.840651 0.388280 0.845785 0.389681 0.846740 0.389668 0.847550 0.389162 0.855283 0.380989 0.860506 0.375199 0.860788 0.374406 0.860290 0.372912 0.859898 0.372197 0.851585 0.366029 0.850746 0.365831 0.849977 0.366259 0.845056 0.372252 0.837936 0.381320
0 0.237827 0.536009 0.241416 0.541511 0.244274 0.544601 0.244810 0.544800 0.245546 0.544466 0.252076 0.540305 0.259889 0.531776 0.260490 0.531072 0.260690 0.530333 0.260485 0.526597 0.258787 0.524704 0.255552 0.523378 0.254842 0.523361 0.254042 0.523765 0.243144 0.529910 0.238352 0.534738 0.237830 0.535394
0 0.552923 0.090829 0.553193 0.091165 0.557720 0.095851 0.558430 0.096355 0.559449 0.096816 0.560506 0.097111 0.561318 0.097161 0.572884 0.097109 0.573477 0.097101 0.575644 0.096378 0.576724 0.093351 0.575286 0.091292 0.566126 0.083476 0.565419 0.082963 0.564398 0.082497 0.563338 0.082204 0.562523 0.082162 0.555700 0.082685 0.555334 0.082797 0.553544 0.087812
0 0.590295 0.972037 0.590746 0.972900 0.598709 0.981253 0.604237 0.986999 0.605032 0.987342 0.605636 0.987588 0.606411 0.987235 0.613523 0.979156 0.613802 0.978313 0.613427 0.977498 0.607678 0.972058 0.599142 0.964030 0.598765 0.963832 0.597923 0.963413 0.597009 0.963555 0.592290 0.965916 0.590370 0.971060
0 0.288247 0.625697 0.288605 0.626540 0.291822 0.630722 0.296646 0.631993 0.297487 0.631963 0.298095 0.631451 0.299437 0.630319 0.304817 0.621528 0.308195 0.615772 0.308275 0.614994 0.307777 0.614303 0.299133 0.608460 0.298351 0.608285 0.297763 0.608720 0.295531 0.610522 0.292449 0.616491 0.288380 0.624864
0 0.039578 0.647324 0.040097 0.648302 0.040617 0.648965 0.047462 0.652642 0.057368 0.657824 0.058305 0.658014 0.059226 0.657672 0.063703 0.654415 0.064835 0.649262 0.064752 0.648350 0.064388 0.647761 0.063783 0.647076 0.053997 0.641071 0.047392 0.637098 0.046519 0.636967 0.045777 0.637466 0.039730 0.646487
0 0.278094 0.588119 0.278195 0.588914 0.279077 0.590630 0.282859 0.596723 0.288215 0.605294 0.288885 0.605856 0.289799 0.605945 0.295019 0.604991 0.298438 0.600974 0.298812 0.600143 0.298653 0.599290 0.298081 0.598238 0.292852 0.588746 0.289407 0.582494 0.288761 0.582012 0.287915 0.582134 0.278624 0.587453
0 0.285131 0.883077 0.287113 0.887966 0.287659 0.888730 0.288444 0.889111 0.297725 0.891157 0.304433 0.892264 0.305107 0.892067 0.307784 0.889897 0.308029 0.889198 0.307365 0.879187 0.307022 0.878404 0.306309 0.878014 0.299633 0.877260 0.289327 0.876570 0.288579 0.876739 0.286924 0.878019 0.286473 0.878645
0 0.566134 0.247199 0.566395 0.248092 0.569276 0.252518 0.574375 0.253861 0.575303 0.253829 0.576051 0.253288 0.582725 0.244569 0.587348 0.238468 0.587782 0.237435 0.587993 0.236612 0.587556 0.235880 0.578995 0.229669 0.578164 0.229482 0.577450 0.229941 0.573134 0.236244 0.566717 0.245677 0.566411 0.246317
0 0.765972 0.488944 0.766663 0.500942 0.766792 0.502041 0.767240 0.503072 0.769935 0.508458 0.770312 0.509188 0.770824 0.509421 0.776499 0.508169 0.780876 0.506957 0.781205 0.506540 0.781163 0.505739 0.780734 0.499412 0.780601 0.498308 0.780152 0.497272 0.774725 0.486956 0.774180 0.486479 0.771026 0.485154 0.768384 0.485925 0.766219 0.488307
0 0.524083 0.767993 0.525281 0.770784 0.525674 0.771387 0.531479 0.774869 0.539731 0.779411 0.540566 0.779613 0.541454 0.779344 0.545979 0.776632 0.547684 0.772121 0.547725 0.771312 0.546955 0.769626 0.546487 0.768998 0.538093 0.762965 0.532529 0.759216 0.531744 0.759070 0.530999 0.759487 0.524327 0.767259
0 0.683848 0.656859 0.683956 0.657754 0.686036 0.662560 0.690794 0.664999 0.691706 0.665183 0.692525 0.664850 0.700382 0.658367 0.705904 0.653723 0.706999 0.652168 0.707340 0.651446 0.707032 0.650660 0.699676 0.642891 0.698895 0.642526 0.698123 0.642791 0.692877 0.647686 0.684969 0.655156 0.684263 0.656099
0 0.873952 0.103496 0.874111 0.104353 0.874716 0.104814 0.881028 0.106043 0.890915 0.107718 0.891679 0.107586 0.893678 0.107205 0.894258 0.106567 0.896565 0.101924 0.895746 0.096573 0.895387 0.095722 0.894709 0.095264 0.886173 0.092778 0.879895 0.091170 0.876626 0.091858 0.875928 0.092027 0.875534 0.092760
0 0.328062 0.730648 0.329159 0.735859 0.336717 0.738029 0.337435 0.737993 0.338493 0.737810 0.339606 0.737529 0.340476 0.737226 0.340868 0.736982 0.352479 0.729057 0.351817 0.725912 0.350354 0.725543 0.337827 0.723307 0.337110 0.723351 0.336056 0.723536 0.334945 0.723813 0.334074 0.724108 0.333677 0.724342 0.329126 0.728964
0 0.944305 0.431943 0.944638 0.432932 0.954380 0.441857 0.954890 0.442198 0.955832 0.442622 0.956954 0.443017 0.957957 0.443277 0.958572 0.443333 0.967503 0.441353 0.969485 0.436411 0.969416 0.436243 0.963800 0.430292 0.963293 0.429944 0.962350 0.429517 0.961224 0.429123 0.960216 0.428870 0.959599 0.428826 0.945502 0.428960
0 0.396118 0.222150 0.396246 0.223082 0.396849 0.223814 0.401225 0.226822 0.406252 0.226079 0.407051 0.225684 0.407841 0.225158 0.408268 0.224360 0.410686 0.213210 0.412163 0.205707 0.412002 0.204855 0.411310 0.204344 0.401207 0.201928 0.400402 0.202081 0.399065 0.202873 0.398633 0.203585 0.397505 0.211189
0 0.383223 0.683788 0.383509 0.686481 0.383785 0.687175 0.388886 0.691987 0.396287 0.698494 0.397077 0.698886 0.398008 0.698820 0.403008 0.697136 0.405550 0.693006 0.405743 0.692205 0.405523 0.690567 0.405178 0.689832 0.398066 0.681948 0.393255 0.676923 0.392505 0.676598 0.391687 0.676846 0.383603 0.683108
0 0.188638 0.536722 0.191864 0.542314 0.194796 0.545438 0.195309 0.545649 0.196046 0.545329 0.202873 0.541256 0.203669 0.540426 0.210644 0.532884 0.211267 0.532190 0.211499 0.531451 0.211488 0.527698 0.209746 0.525785 0.206653 0.524390 0.205960 0.524360 0.205158 0.524749 0.193902 0.530732 0.189215 0.535457 0.188672 0.536104
0 0.834682 0.645270 0.838754 0.651505 0.839299 0.651731 0.840253 0.652109 0.841361 0.652537 0.842323 0.652901 0.842883 0.653102 0.851254 0.650717 0.852414 0.647684 0.847850 0.640120 0.847299 0.639904 0.846343 0.639534 0.845237 0.639109 0.844278 0.638744 0.843721 0.638535 0.836571 0.640334
0 0.666923 0.243593 0.666973 0.244455 0.667554 0.244996 0.674116 0.247143 0.684197 0.250324 0.685665 0.250437 0.686500 0.250422 0.687208 0.249885 0.690320 0.245695 0.690193 0.240344 0.689930 0.239458 0.689270 0.238909 0.680275 0.235261 0.673800 0.232749 0.671405 0.232623 0.670637 0.232683 0.670114 0.233340
0 0.420335 0.852251 0.421621 0.855197 0.423008 0.855735 0.435806 0.855141 0.436494 0.855034 0.437488 0.854675 0.438520 0.854161 0.439313 0.853630 0.439654 0.853225 0.443185 0.848264 0.443825 0.845556 0.441711 0.840713 0.441452 0.840649 0.433913 0.840356 0.433228 0.840472 0.432238 0.840833 0.431208 0.841342 0.430412 0.841866
0 0.350701 0.215298 0.350892 0.216054 0.356570 0.222971 0.359212 0.224669 0.359862 0.224939 0.360572 0.224578 0.365746 0.219009 0.372823 0.210497 0.373278 0.209677 0.373286 0.208784 0.372002 0.204156 0.370378 0.203157 0.366442 0.201249 0.365654 0.201171 0.364890 0.201609 0.356459 0.209165 0.351079 0.214527
0 0.038820 0.423126 0.039236 0.428277 0.042578 0.432360 0.043297 0.432888 0.044083 0.432915 0.052180 0.430254 0.058149 0.428283 0.061350 0.427163 0.061842 0.426650 0.061804 0.425822 0.057789 0.415897 0.057232 0.415255 0.056504 0.415185 0.053282 0.416265 0.047445 0.418583 0.039545 0.421759 0.038979 0.422278
0 0.493633 0.746023 0.494012 0.746836 0.497400 0.750835 0.502455 0.751960 0.503335 0.751911 0.503968 0.751398 0.508828 0.743520 0.512341 0.737819 0.513745 0.735496 0.513825 0.734736 0.513300 0.734075 0.504224 0.728585 0.503405 0.728433 0.502793 0.728871 0.501352 0.731168 0.498157 0.737054 0.493768 0.745209
