0 0.192817 0.078630 0.192885 0.079031 0.193735 0.079563 0.195236 0.080146 0.197156 0.080691 0.198384 0.080945 0.199961 0.081213 0.201082 0.081358 0.202493 0.081379 0.203230 0.081176 0.210134 0.049437 0.210503 0.047016 0.212595 0.033286 0.212539 0.032640 0.211394 0.031807 0.209328 0.030912 0.206656 0.030094 0.203787 0.029479 0.201164 0.029161 0.199192 0.029191 0.198172 0.029561 0.195713 0.045779
0 0.550936 0.256709 0.551409 0.258089 0.552518 0.260037 0.554092 0.262257 0.555894 0.264416 0.557654 0.266188 0.559107 0.267308 0.560032 0.267603 0.570461 0.259004 0.572300 0.257487 0.595567 0.235698 0.595802 0.235235 0.595519 0.234206 0.594760 0.232767 0.593639 0.231138 0.592329 0.229569 0.591031 0.228301 0.590381 0.227839 0.589658 0.227465 0.589234 0.227369 0.563470 0.245979 0.561626 0.247497 0.553017 0.254587 0.551172 0.256108
0 0.289110 0.957435 0.289382 0.960331 0.290744 0.962903 0.292985 0.964758 0.295766 0.965614 0.298662 0.965341 0.301234 0.963980 0.303089 0.961739 0.303438 0.960921 0.305392 0.956338 0.306238 0.953589 0.308678 0.943016 0.308487 0.940995 0.307538 0.939202 0.305975 0.937908 0.304815 0.937551 0.303223 0.937388 0.302015 0.937502 0.300222 0.938451 0.298928 0.940013 0.292422 0.949336 0.290338 0.953848 0.289966 0.954654
0 0.192610 0.843631 0.193345 0.846447 0.195100 0.848766 0.197611 0.850238 0.200493 0.850636 0.203308 0.849902 0.205628 0.848146 0.208560 0.844678 0.209071 0.844073 0.210525 0.841593 0.214840 0.833832 0.215365 0.832320 0.215531 0.831118 0.215018 0.829155 0.213794 0.827537 0.212044 0.826511 0.210034 0.826233 0.208070 0.826744 0.200346 0.832547 0.198054 0.834283 0.197523 0.834870 0.195021 0.837640 0.194480 0.838239 0.193009 0.840749
0 0.838817 0.786313 0.838911 0.788023 0.839161 0.789169 0.839530 0.789575 0.871777 0.795724 0.885575 0.797476 0.888012 0.797785 0.888702 0.797245 0.889367 0.795662 0.889905 0.793277 0.890233 0.790456 0.890299 0.787634 0.890093 0.785247 0.889650 0.783658 0.889037 0.783108 0.872834 0.781061 0.840340 0.779006 0.839909 0.779419 0.839483 0.780569 0.839126 0.782281 0.838986 0.783487 0.838862 0.785107
0 0.222459 0.903736 0.223929 0.905628 0.230787 0.914449 0.232256 0.916338 0.253443 0.940167 0.253806 0.940385 0.254378 0.940183 0.255328 0.939708 0.256169 0.939203 0.257808 0.937982 0.259428 0.936572 0.260780 0.935189 0.261659 0.934046 0.261930 0.933317 0.244063 0.906889 0.242599 0.905003 0.235761 0.896195 0.234294 0.894306 0.233829 0.894090 0.232539 0.894622 0.230622 0.895818 0.228368 0.897498 0.226114 0.899409 0.224199 0.901265 0.222915 0.902785
0 0.087460 0.306763 0.087766 0.308113 0.088430 0.308449 0.090779 0.309160 0.101735 0.312475 0.104082 0.313185 0.135804 0.320710 0.136164 0.320388 0.136687 0.319682 0.137105 0.318954 0.137799 0.317245 0.138381 0.315301 0.138764 0.313415 0.138890 0.311873 0.138739 0.310909 0.138334 0.310670 0.107526 0.299245 0.091845 0.294489 0.090925 0.295192 0.089882 0.296857 0.088875 0.299233 0.088060 0.301954 0.087563 0.304600
0 0.834035 0.141278 0.834290 0.142464 0.834926 0.143933 0.835616 0.144932 0.837320 0.146032 0.839316 0.146397 0.841300 0.145970 0.842970 0.144816 0.852463 0.137932 0.853083 0.137296 0.856003 0.134296 0.856635 0.133646 0.858213 0.131202 0.858737 0.128340 0.858124 0.125496 0.856471 0.123102 0.854026 0.121524 0.851164 0.121001 0.848320 0.121613 0.845926 0.123267 0.845313 0.123934 0.841880 0.127673 0.840320 0.130089 0.834400 0.139281
0 0.854864 0.682636 0.855434 0.696380 0.855535 0.698807 0.856246 0.699035 0.857990 0.699218 0.860505 0.699328 0.863406 0.699347 0.866245 0.699272 0.868585 0.699116 0.870066 0.698901 0.870464 0.698662 0.870362 0.696230 0.869782 0.682459 0.866347 0.650153 0.865820 0.650060 0.864556 0.649994 0.862750 0.649966 0.860676 0.649980 0.858648 0.650033 0.856970 0.650118 0.856328 0.650180 0.855774 0.650264 0.855591 0.650328
0 0.367274 0.349770 0.367506 0.349870 0.368457 0.350211 0.369979 0.350740 0.371843 0.351378 0.373765 0.352027 0.375457 0.352590 0.376179 0.352824 0.376879 0.353047 0.377200 0.353143 0.389196 0.323197 0.389954 0.320899 0.394252 0.307868 0.393984 0.307644 0.392708 0.307090 0.390614 0.306289 0.388022 0.305362 0.385331 0.304454 0.382957 0.303703 0.381264 0.303226 0.380509 0.303095 0.379750 0.305401 0.375453 0.318458
0 0.614422 0.049087 0.614612 0.052016 0.614984 0.054803 0.615481 0.057029 0.616029 0.058358 0.616545 0.058587 0.632360 0.056778 0.663732 0.051091 0.663948 0.050691 0.664187 0.049862 0.664326 0.049028 0.664391 0.047120 0.664281 0.044989 0.664011 0.042963 0.663623 0.041353 0.663177 0.040407 0.662740 0.040266 0.630921 0.041775 0.615073 0.043577 0.614670 0.044519 0.614442 0.046455
0 0.239636 0.819311 0.252470 0.824206 0.254734 0.825069 0.285636 0.834629 0.285746 0.834396 0.286145 0.833432 0.286774 0.831884 0.287229 0.830749 0.287847 0.829200 0.288312 0.828032 0.288984 0.826323 0.289451 0.825119 0.289641 0.824600 0.260347 0.811188 0.247545 0.806295 0.245284 0.805432 0.244931 0.806111 0.244200 0.807749 0.243201 0.810097 0.242087 0.812798 0.241029 0.815434 0.240192 0.817599 0.239703 0.818960
0 0.868871 0.182483 0.869203 0.183463 0.870594 0.184466 0.872829 0.185340 0.875573 0.185954 0.878412 0.186217 0.880921 0.186088 0.882720 0.185585 0.883530 0.184782 0.884017 0.182462 0.886771 0.169322 0.891200 0.138163 0.890990 0.137393 0.890400 0.136930 0.889354 0.136352 0.888388 0.135956 0.886394 0.135509 0.884326 0.135346 0.882503 0.135492 0.881202 0.135923 0.880621 0.136573 0.872116 0.167056 0.871629 0.169369
0 0.469033 0.858381 0.469139 0.859067 0.469474 0.860761 0.469987 0.863209 0.470600 0.866038 0.471218 0.868810 0.471746 0.871098 0.472103 0.872550 0.472234 0.872947 0.487938 0.869187 0.518821 0.859664 0.518789 0.859360 0.518581 0.858302 0.518227 0.856649 0.517782 0.854654 0.517315 0.852624 0.516896 0.850872 0.516714 0.850149 0.516533 0.849470 0.516446 0.849183 0.484707 0.854639 0.471385 0.857819
0 0.744089 0.989037 0.744616 0.989854 0.746168 0.990823 0.748513 0.991798 0.751292 0.992626 0.754077 0.993182 0.756439 0.993377 0.758013 0.993184 0.758562 0.992634 0.759007 0.990217 0.761079 0.978943 0.761522 0.976528 0.765417 0.943899 0.765172 0.943586 0.764549 0.943122 0.763867 0.942743 0.762172 0.942096 0.760178 0.941531 0.758188 0.941134 0.756501 0.940966 0.755373 0.941050 0.754974 0.941376 0.747053 0.972966
0 0.016259 0.163398 0.016586 0.164612 0.017321 0.166097 0.018088 0.167093 0.027900 0.176315 0.032495 0.179465 0.033296 0.180014 0.035732 0.181415 0.038518 0.181778 0.041231 0.181046 0.043457 0.179332 0.044858 0.176897 0.045221 0.174110 0.044489 0.171398 0.042775 0.169171 0.037489 0.165346 0.035025 0.163929 0.023355 0.157936 0.021272 0.157665 0.019243 0.158212 0.017577 0.159494 0.016530 0.161315
0 0.473602 0.950202 0.473718 0.952105 0.473958 0.954230 0.474285 0.956248 0.474648 0.957849 0.474992 0.958789 0.475155 0.958870 0.507240 0.956513 0.509620 0.956176 0.520735 0.954601 0.523118 0.954263 0.523243 0.953322 0.523184 0.951391 0.522954 0.948768 0.522586 0.945848 0.522136 0.943073 0.521672 0.940857 0.521264 0.939535 0.520974 0.939311 0.505128 0.941567 0.473897 0.948199 0.473723 0.948408 0.473626 0.948810
0 0.260967 0.236741 0.261310 0.237375 0.262276 0.238819 0.263715 0.240850 0.265409 0.243161 0.267104 0.245405 0.268545 0.247244 0.269515 0.248402 0.269865 0.248700 0.271810 0.247276 0.282823 0.239210 0.307464 0.218608 0.307284 0.218124 0.306646 0.217052 0.305647 0.215555 0.304925 0.214542 0.303943 0.213205 0.303206 0.212229 0.302140 0.210913 0.301403 0.210112 0.301108 0.209947 0.273957 0.227241
0 0.077004 0.348378 0.077029 0.349445 0.079029 0.350873 0.090354 0.358958 0.118372 0.376411 0.118643 0.376475 0.119515 0.375942 0.120674 0.374855 0.121943 0.373376 0.123131 0.371731 0.124059 0.370167 0.124587 0.368920 0.124614 0.368478 0.124454 0.368132 0.099341 0.347644 0.097349 0.346219 0.088044 0.339567 0.086049 0.338141 0.085355 0.337916 0.084076 0.338586 0.082406 0.340053 0.080600 0.342096 0.078937 0.344398 0.077674 0.346606
0 0.192069 0.739010 0.192293 0.739795 0.192844 0.740389 0.193810 0.741212 0.194695 0.741841 0.196506 0.742788 0.198370 0.743485 0.200001 0.743826 0.201149 0.743758 0.201640 0.743294 0.217922 0.716036 0.224074 0.704078 0.225160 0.701966 0.224789 0.700951 0.223474 0.699637 0.221415 0.698221 0.218923 0.696919 0.216373 0.695923 0.214148 0.695386 0.212584 0.695389 0.211923 0.695936 0.205766 0.707925 0.204681 0.710039
0 0.235807 0.681768 0.238012 0.682786 0.250501 0.688548 0.280716 0.700233 0.280922 0.699889 0.281445 0.698870 0.282207 0.697333 0.283090 0.695511 0.283962 0.693679 0.284692 0.692113 0.284977 0.691477 0.285230 0.690889 0.285320 0.690651 0.256944 0.675289 0.254747 0.674273 0.242284 0.668514 0.241920 0.668927 0.241118 0.670290 0.239995 0.672398 0.238726 0.674929 0.237505 0.677494 0.236521 0.679696 0.235925 0.681196
0 0.518000 0.864970 0.548494 0.875939 0.550825 0.876613 0.561709 0.879760 0.564043 0.880434 0.564293 0.880056 0.564794 0.878632 0.565471 0.876376 0.566218 0.873636 0.566920 0.870835 0.567470 0.868403 0.567784 0.866714 0.567814 0.866021 0.565485 0.865349 0.552295 0.861545 0.520786 0.854602 0.520664 0.854908 0.520350 0.855952 0.520076 0.856924 0.519677 0.858364 0.519358 0.859535 0.518829 0.861531 0.518385 0.863264 0.518094 0.864473
0 0.235665 0.766940 0.241407 0.779247 0.242420 0.781417 0.257758 0.809397 0.258193 0.809599 0.259298 0.809407 0.260907 0.808852 0.262023 0.808352 0.263511 0.807619 0.264608 0.807029 0.266131 0.806043 0.267109 0.805208 0.267396 0.804652 0.255811 0.774896 0.254802 0.772729 0.249079 0.760443 0.248495 0.760255 0.246986 0.760588 0.244782 0.761390 0.242216 0.762540 0.239673 0.763864 0.237535 0.765165 0.236126 0.766245
0 0.848692 0.087569 0.849015 0.090415 0.849725 0.093136 0.850712 0.095323 0.851831 0.096644 0.852912 0.096899 0.855204 0.096335 0.865894 0.093703 0.868183 0.093139 0.898299 0.083608 0.898998 0.082971 0.899449 0.081626 0.899582 0.079774 0.899375 0.077700 0.899066 0.076517 0.898560 0.075088 0.898114 0.074144 0.897256 0.073209 0.896414 0.073056 0.865508 0.078523 0.850205 0.082281 0.849333 0.083166 0.848802 0.085024
0 0.423805 0.287945 0.423822 0.288266 0.434673 0.296704 0.436587 0.298192 0.463272 0.316406 0.463704 0.315965 0.464547 0.314962 0.465672 0.313549 0.466412 0.312587 0.467377 0.311313 0.468072 0.310378 0.468985 0.309099 0.469510 0.308296 0.469564 0.308094 0.445260 0.286626 0.434394 0.278166 0.432475 0.276672 0.431815 0.277213 0.430591 0.278560 0.428990 0.280509 0.427258 0.282760 0.425663 0.284966 0.424451 0.286787
0 0.687455 0.082467 0.687969 0.083204 0.689144 0.084076 0.690135 0.084600 0.691559 0.085251 0.692688 0.085697 0.694522 0.086200 0.696025 0.086386 0.696971 0.086225 0.697212 0.085740 0.711176 0.055896 0.712084 0.053607 0.717231 0.040627 0.716569 0.039520 0.714968 0.038239 0.712670 0.036979 0.710028 0.035935 0.707451 0.035270 0.705335 0.035083 0.704004 0.035403 0.703656 0.036177 0.697623 0.051419
0 0.770269 0.192455 0.770293 0.192778 0.780052 0.223022 0.780940 0.225240 0.785977 0.237818 0.786511 0.238068 0.788007 0.237843 0.790236 0.237178 0.792863 0.236175 0.795493 0.234982 0.797730 0.233781 0.799235 0.232751 0.799776 0.232051 0.798884 0.229826 0.794721 0.219451 0.793829 0.217229 0.779890 0.188361 0.779654 0.188213 0.778560 0.188325 0.776935 0.188780 0.775025 0.189510 0.773125 0.190402 0.771529 0.191318 0.770477 0.192118
0 0.809555 0.139918 0.813800 0.171434 0.814270 0.173765 0.816466 0.184650 0.816937 0.186984 0.817438 0.187526 0.818966 0.187727 0.821287 0.187559 0.824052 0.187048 0.826845 0.186271 0.829247 0.185343 0.830893 0.184405 0.831529 0.183598 0.831056 0.181260 0.828848 0.170355 0.828375 0.168019 0.820057 0.137410 0.819699 0.136951 0.818592 0.136752 0.816904 0.136846 0.814894 0.137217 0.812871 0.137810 0.811146 0.138531 0.810450 0.138974 0.809810 0.139532
0 0.105897 0.201501 0.106519 0.201820 0.107806 0.202424 0.109560 0.203220 0.111514 0.204088 0.113375 0.204896 0.114264 0.205271 0.115219 0.205664 0.115750 0.205874 0.115903 0.205895 0.130063 0.176908 0.130983 0.174667 0.136196 0.161960 0.135393 0.161437 0.133653 0.160520 0.131238 0.159347 0.128519 0.158099 0.125914 0.156968 0.123826 0.156128 0.122575 0.155709 0.122350 0.155773 0.116214 0.170755
0 0.124987 0.153811 0.125111 0.155386 0.125707 0.156010 0.127957 0.157000 0.140695 0.162604 0.171318 0.173875 0.171703 0.173681 0.172292 0.173141 0.172785 0.172531 0.173665 0.170972 0.174469 0.169109 0.175075 0.167222 0.175391 0.165597 0.175370 0.164480 0.175013 0.164042 0.145758 0.148943 0.143507 0.147951 0.130743 0.142326 0.129771 0.142719 0.128559 0.144100 0.127293 0.146260 0.126168 0.148869 0.125358 0.151522
0 0.618945 0.508207 0.626279 0.539559 0.630912 0.554978 0.631128 0.554923 0.632369 0.554564 0.634449 0.553956 0.637051 0.553191 0.639775 0.552387 0.642200 0.551667 0.643953 0.551144 0.644767 0.550896 0.644069 0.548577 0.640115 0.535448 0.628910 0.505198 0.628303 0.505316 0.627539 0.505513 0.626320 0.505843 0.625271 0.506137 0.623311 0.506716 0.621446 0.507292 0.619961 0.507778 0.619084 0.508099
0 0.227425 0.401147 0.245896 0.426996 0.247404 0.428847 0.255958 0.439343 0.256559 0.439599 0.257943 0.439147 0.259898 0.438060 0.262127 0.436504 0.264295 0.434713 0.266076 0.432957 0.267203 0.431499 0.267501 0.430560 0.265993 0.428711 0.258958 0.420091 0.257451 0.418245 0.235788 0.394871 0.235325 0.394621 0.234294 0.394888 0.232850 0.395631 0.231872 0.396294 0.230581 0.397262 0.229638 0.398041 0.228364 0.399336 0.227587 0.400427
0 0.412501 0.093003 0.412569 0.093687 0.414097 0.095597 0.421224 0.104505 0.422751 0.106413 0.444597 0.130484 0.444960 0.130433 0.445651 0.130158 0.446318 0.129802 0.447772 0.128786 0.449346 0.127505 0.450803 0.126152 0.451922 0.124931 0.452534 0.124026 0.452543 0.123577 0.433727 0.096784 0.425063 0.085941 0.423532 0.084027 0.422649 0.084060 0.421058 0.084827 0.419003 0.086213 0.416800 0.088006 0.414789 0.089928 0.413279 0.091683
0 0.605602 0.239794 0.606210 0.240383 0.607429 0.241203 0.609072 0.242130 0.610162 0.242666 0.611587 0.243318 0.612618 0.243753 0.613984 0.244203 0.614784 0.244307 0.630841 0.216082 0.636936 0.203672 0.638012 0.201480 0.638214 0.201033 0.637427 0.200141 0.635768 0.198936 0.633489 0.197605 0.630940 0.196352 0.628515 0.195371 0.626587 0.194813 0.625451 0.194760 0.624373 0.196957 0.618274 0.209396 0.605700 0.239528
0 0.740842 0.480907 0.740960 0.483502 0.741358 0.486286 0.741976 0.488839 0.742723 0.490778 0.743485 0.491808 0.744147 0.491766 0.746509 0.491426 0.759883 0.489498 0.790904 0.483029 0.791299 0.482216 0.791482 0.480755 0.791425 0.478868 0.791252 0.477658 0.790944 0.476101 0.790658 0.474995 0.790068 0.473606 0.789454 0.472886 0.757872 0.475430 0.757182 0.475504 0.743833 0.477419 0.741476 0.477758 0.741023 0.478889
0 0.136051 0.411653 0.136338 0.412296 0.136921 0.413305 0.137500 0.414163 0.138807 0.415734 0.140251 0.417201 0.141613 0.418340 0.142682 0.418976 0.143296 0.419014 0.168831 0.399910 0.180935 0.389576 0.180961 0.388851 0.180235 0.387402 0.178870 0.385449 0.177072 0.383288 0.175111 0.381242 0.173282 0.379619 0.171860 0.378666 0.171065 0.378531 0.169245 0.380086 0.158943 0.388893 0.136130 0.411099
0 0.032725 0.866021 0.033515 0.867927 0.034993 0.870084 0.036932 0.872160 0.039032 0.873833 0.040969 0.874848 0.042447 0.875051 0.043243 0.874414 0.053477 0.864884 0.055282 0.863203 0.077867 0.839469 0.077818 0.838526 0.077452 0.837727 0.076771 0.836577 0.076125 0.835666 0.074741 0.834183 0.073260 0.832965 0.071905 0.832195 0.070883 0.831992 0.070350 0.832389 0.044811 0.853431 0.032740 0.864658
0 0.047186 0.535020 0.047406 0.535346 0.048664 0.536041 0.050770 0.536997 0.053400 0.538069 0.056149 0.539090 0.058592 0.539904 0.060357 0.540386 0.061176 0.540465 0.062131 0.538231 0.067536 0.525585 0.078298 0.495122 0.078098 0.494941 0.077167 0.494486 0.075647 0.493826 0.074523 0.493368 0.072982 0.492756 0.071812 0.492304 0.070076 0.491673 0.068822 0.491261 0.068243 0.491133 0.053568 0.520114
0 0.187299 0.159931 0.187878 0.160781 0.189441 0.161882 0.191747 0.163067 0.194445 0.164157 0.197130 0.164989 0.199400 0.165438 0.200912 0.165436 0.201433 0.164981 0.205647 0.152159 0.206390 0.149898 0.214332 0.119084 0.213954 0.118412 0.213298 0.117901 0.212194 0.117193 0.211206 0.116651 0.209256 0.115833 0.207304 0.115228 0.205650 0.114929 0.204549 0.114983 0.204167 0.115379 0.192276 0.144822
