0 0.432119 0.448156 0.442205 0.457445 0.443984 0.459083 0.468989 0.479430 0.469562 0.478906 0.470574 0.477882 0.471873 0.476513 0.472701 0.475614 0.473764 0.474444 0.474517 0.473603 0.475456 0.472510 0.475933 0.471895 0.453615 0.448632 0.443537 0.439340 0.441757 0.437699 0.441747 0.437707 0.441007 0.438508 0.439652 0.439976 0.435984 0.443956 0.434522 0.445543 0.432868 0.447339 0.432129 0.448144
0 0.250884 0.954451 0.250984 0.955704 0.251941 0.957575 0.253541 0.958937 0.255540 0.959584 0.257635 0.959416 0.259505 0.958459 0.260868 0.956860 0.268165 0.947281 0.270815 0.942169 0.271679 0.939495 0.271455 0.936695 0.270176 0.934193 0.268037 0.932371 0.265363 0.931506 0.262563 0.931731 0.260061 0.933010 0.258239 0.935149 0.255867 0.939418 0.255444 0.940180 0.251463 0.951609 0.251077 0.952805
0 0.261310 0.550987 0.261772 0.551056 0.263268 0.551243 0.265567 0.551518 0.268321 0.551840 0.271114 0.552160 0.273528 0.552431 0.275199 0.552611 0.275871 0.552673 0.276169 0.550277 0.277856 0.536704 0.279804 0.504585 0.279498 0.504468 0.278438 0.504270 0.276784 0.504022 0.274789 0.503762 0.272759 0.503529 0.271709 0.503428 0.270519 0.503327 0.269797 0.503279 0.269319 0.503301 0.263309 0.534987
0 0.552215 0.342448 0.552227 0.344221 0.552384 0.345022 0.554775 0.345260 0.565928 0.346366 0.568317 0.346602 0.600347 0.347757 0.600617 0.347548 0.600939 0.346577 0.601133 0.345627 0.601375 0.344200 0.601541 0.343025 0.601728 0.340990 0.601797 0.339195 0.601737 0.337915 0.601558 0.337344 0.569931 0.332158 0.567538 0.331919 0.556363 0.330804 0.553967 0.330565 0.553687 0.330889 0.553330 0.332261 0.552950 0.334469 0.552606 0.337176 0.552348 0.339976
0 0.740008 0.287250 0.754005 0.316093 0.760723 0.327938 0.761909 0.330029 0.762445 0.329965 0.763876 0.329355 0.765982 0.328293 0.768447 0.326939 0.770900 0.325497 0.772972 0.324183 0.774349 0.323196 0.774819 0.322688 0.773629 0.320593 0.768078 0.310821 0.766889 0.308728 0.749277 0.281899 0.748872 0.281881 0.747819 0.282274 0.746280 0.283020 0.745208 0.283609 0.743777 0.284435 0.742720 0.285076 0.741248 0.286068 0.740297 0.286832
0 0.397414 0.346428 0.397931 0.349291 0.399503 0.351739 0.399681 0.352002 0.400504 0.353216 0.400679 0.353474 0.403040 0.355114 0.406853 0.356766 0.408039 0.357024 0.410035 0.356664 0.411742 0.355568 0.412900 0.353901 0.413332 0.351917 0.413351 0.348490 0.412841 0.345661 0.412688 0.345389 0.411966 0.344110 0.411810 0.343834 0.410237 0.341386 0.407848 0.339726 0.405005 0.339107 0.402141 0.339623 0.399693 0.341195 0.398034 0.343585
0 0.143440 0.815468 0.157577 0.823332 0.186851 0.837217 0.187198 0.836666 0.187909 0.835486 0.188874 0.833858 0.189949 0.832029 0.190970 0.830275 0.191784 0.828861 0.192073 0.828346 0.192300 0.827929 0.192347 0.827823 0.165254 0.810338 0.163140 0.809160 0.151151 0.802481 0.150597 0.803177 0.149538 0.804760 0.148133 0.806992 0.146597 0.809531 0.145168 0.811985 0.144065 0.813977 0.143459 0.815199
0 0.617020 0.850359 0.617035 0.850658 0.617109 0.851725 0.617229 0.853396 0.617441 0.856252 0.617534 0.857491 0.617673 0.859297 0.617773 0.860563 0.617820 0.861096 0.650191 0.861309 0.663911 0.860519 0.666334 0.860379 0.666405 0.859982 0.666373 0.858504 0.666242 0.856169 0.666033 0.853337 0.665778 0.850443 0.665515 0.847935 0.665287 0.846196 0.665127 0.845487 0.649017 0.846425
0 0.594726 0.746423 0.594918 0.753396 0.595871 0.755941 0.596042 0.756395 0.597120 0.759098 0.599151 0.761181 0.601824 0.762329 0.604733 0.762367 0.607436 0.761288 0.609519 0.759258 0.610667 0.756584 0.610705 0.753675 0.609626 0.750973 0.609432 0.750528 0.608535 0.748473 0.608344 0.748037 0.604190 0.743456 0.602773 0.742004 0.600909 0.741203 0.598880 0.741176 0.596995 0.741929 0.595542 0.743345 0.594741 0.745209
0 0.828088 0.668150 0.828153 0.669834 0.828683 0.672183 0.829595 0.674842 0.830754 0.677414 0.831985 0.679511 0.833104 0.680814 0.833939 0.681122 0.846661 0.676582 0.848904 0.675781 0.878004 0.663221 0.878221 0.662888 0.878369 0.662170 0.878372 0.661435 0.878015 0.659723 0.877352 0.657790 0.876484 0.655932 0.875545 0.654435 0.874679 0.653528 0.874018 0.653346 0.843437 0.662068 0.828498 0.667388
0 0.838949 0.681581 0.838961 0.684391 0.840047 0.686982 0.842043 0.688960 0.842630 0.689285 0.845997 0.691145 0.848628 0.692222 0.857276 0.694739 0.859377 0.694730 0.861315 0.693918 0.862795 0.692426 0.863591 0.690480 0.863581 0.688380 0.862770 0.686442 0.861877 0.685557 0.854040 0.678998 0.853427 0.678688 0.849993 0.676952 0.847393 0.675887 0.844583 0.675900 0.841992 0.676985 0.840013 0.678981
0 0.864456 0.583886 0.864770 0.584185 0.866127 0.584740 0.868321 0.585467 0.871020 0.586255 0.873819 0.586987 0.876297 0.587552 0.878079 0.587865 0.878890 0.587876 0.882494 0.574711 0.883129 0.572390 0.889582 0.540941 0.889388 0.540666 0.888428 0.540218 0.887482 0.539888 0.886057 0.539435 0.884883 0.539092 0.882844 0.538587 0.881040 0.538227 0.879747 0.538068 0.879161 0.538132 0.868696 0.568433 0.865092 0.581566
0 0.496967 0.885964 0.497130 0.886778 0.499491 0.887234 0.510499 0.889360 0.512857 0.889815 0.544614 0.893832 0.544948 0.893621 0.545378 0.892631 0.545839 0.891011 0.546091 0.889815 0.546388 0.888176 0.546577 0.886936 0.546739 0.885109 0.546724 0.883805 0.546535 0.883223 0.515583 0.875116 0.499889 0.872075 0.499511 0.872408 0.498983 0.873802 0.498385 0.876044 0.497806 0.878795 0.497333 0.881644 0.497038 0.884160
0 0.363341 0.085300 0.363547 0.085977 0.369057 0.098729 0.370029 0.100978 0.384748 0.130053 0.385570 0.130133 0.386968 0.129860 0.388023 0.129510 0.389480 0.128950 0.390594 0.128466 0.392273 0.127557 0.393516 0.126684 0.394133 0.125979 0.394029 0.125550 0.382873 0.094674 0.377360 0.081894 0.376386 0.079638 0.375225 0.079432 0.373255 0.079741 0.370776 0.080522 0.368171 0.081653 0.365841 0.082960 0.364145 0.084241
0 0.574309 0.200934 0.574526 0.201627 0.575125 0.202887 0.576014 0.204522 0.576638 0.205578 0.577477 0.206940 0.578101 0.207913 0.578985 0.209156 0.579575 0.209827 0.579782 0.209823 0.608291 0.194258 0.619986 0.186900 0.622051 0.185600 0.621844 0.184606 0.621087 0.182817 0.619895 0.180505 0.618449 0.178026 0.616974 0.175761 0.615696 0.174061 0.614812 0.173185 0.614455 0.173264 0.602763 0.180631 0.600701 0.181931
0 0.842382 0.527811 0.842465 0.528577 0.843418 0.529915 0.845094 0.531621 0.847239 0.533439 0.849532 0.535095 0.851628 0.536340 0.853210 0.536984 0.854034 0.536927 0.855556 0.535083 0.864172 0.524640 0.882777 0.498861 0.882771 0.498268 0.882121 0.497265 0.880924 0.496006 0.879365 0.494685 0.877682 0.493505 0.876757 0.492990 0.875662 0.492482 0.874960 0.492238 0.874335 0.492344 0.852507 0.515555 0.850989 0.517392 0.843901 0.525971
0 0.502435 0.377120 0.502469 0.378691 0.502553 0.379638 0.502673 0.379818 0.534683 0.382801 0.537091 0.382875 0.550746 0.383294 0.550849 0.382439 0.550970 0.380622 0.551090 0.378120 0.551191 0.375310 0.551257 0.372614 0.551280 0.370437 0.551254 0.369110 0.551184 0.368840 0.548769 0.368767 0.535089 0.368356 0.502920 0.369399 0.502781 0.370000 0.502643 0.371305 0.502575 0.372390 0.502500 0.373941 0.502456 0.375163
0 0.514369 0.861377 0.514518 0.861981 0.515441 0.863290 0.516999 0.865106 0.518957 0.867153 0.521011 0.869114 0.522846 0.870687 0.524177 0.871629 0.524805 0.871800 0.526468 0.870016 0.535883 0.859915 0.556535 0.834758 0.556434 0.834521 0.556078 0.833999 0.555649 0.833460 0.554493 0.832191 0.553074 0.830747 0.551606 0.829346 0.550311 0.828198 0.549384 0.827479 0.548966 0.827297 0.525433 0.849523 0.523774 0.851300 0.516030 0.859597
0 0.017360 0.302005 0.017482 0.302554 0.038956 0.325426 0.040680 0.327040 0.050461 0.336196 0.051492 0.336643 0.053172 0.336262 0.055243 0.335113 0.057392 0.333374 0.059297 0.331305 0.060671 0.329219 0.061308 0.327427 0.061108 0.326203 0.051341 0.317072 0.049618 0.315462 0.025205 0.295399 0.024424 0.295017 0.023171 0.295237 0.021637 0.296029 0.020055 0.297272 0.018671 0.298775 0.017695 0.300308 0.017446 0.301102
0 0.279293 0.720196 0.285907 0.732089 0.287074 0.734186 0.304381 0.761078 0.304859 0.761160 0.305524 0.760958 0.306605 0.760537 0.307548 0.760113 0.309347 0.759144 0.311092 0.758062 0.312515 0.757033 0.313399 0.756217 0.313612 0.755735 0.299904 0.726834 0.293312 0.714963 0.292148 0.712867 0.291510 0.712843 0.289997 0.713378 0.287841 0.714388 0.285366 0.715722 0.282944 0.717179 0.280939 0.718541 0.279656 0.719601
0 0.822351 0.647935 0.822774 0.648043 0.824236 0.648371 0.826513 0.648869 0.829262 0.649460 0.832070 0.650058 0.834515 0.650571 0.836227 0.650922 0.836940 0.651057 0.837412 0.648684 0.839614 0.637613 0.840085 0.635242 0.844222 0.603201 0.844057 0.603118 0.843017 0.602834 0.841373 0.602447 0.839374 0.602017 0.837329 0.601609 0.835553 0.601288 0.834316 0.601100 0.834010 0.601085 0.833922 0.601132 0.825500 0.632154 0.825028 0.634519
0 0.289144 0.060492 0.289151 0.062374 0.289292 0.063197 0.289558 0.064014 0.289814 0.064408 0.320588 0.072433 0.322923 0.072882 0.333830 0.074977 0.336168 0.075426 0.336850 0.075192 0.337608 0.073873 0.338331 0.071671 0.338908 0.068919 0.339253 0.066031 0.339315 0.063439 0.339081 0.061536 0.338587 0.060616 0.336244 0.060167 0.322974 0.057627 0.291489 0.053721 0.290936 0.053862 0.290338 0.054798 0.289786 0.056388 0.289367 0.058389
0 0.275951 0.319634 0.276116 0.321328 0.276486 0.323758 0.277003 0.326551 0.277587 0.329275 0.278149 0.331512 0.278602 0.332919 0.278878 0.333286 0.281268 0.332866 0.294803 0.330485 0.326149 0.322793 0.326193 0.322701 0.326179 0.322398 0.326010 0.321184 0.325718 0.319448 0.325349 0.317452 0.324957 0.315498 0.324603 0.313881 0.324339 0.312845 0.324260 0.312669 0.291973 0.316138 0.289580 0.316557 0.278409 0.318515 0.276014 0.318935
0 0.032866 0.115506 0.032978 0.117144 0.033431 0.119137 0.033865 0.120359 0.034512 0.121894 0.035041 0.122957 0.035950 0.124197 0.036745 0.124714 0.067961 0.119103 0.070262 0.118530 0.081004 0.115854 0.083307 0.115280 0.083997 0.114906 0.084264 0.113484 0.084071 0.111233 0.083448 0.108491 0.082488 0.105670 0.081335 0.103194 0.080161 0.101439 0.079146 0.100674 0.066077 0.103939 0.063772 0.104515 0.033679 0.114205 0.033113 0.114474
0 0.621042 0.662270 0.621075 0.662393 0.651889 0.672580 0.654240 0.673199 0.667570 0.676708 0.667997 0.675948 0.668619 0.674226 0.669339 0.671803 0.670047 0.669052 0.670632 0.666399 0.671007 0.664250 0.671113 0.662935 0.670936 0.662650 0.668587 0.662033 0.657631 0.659156 0.655285 0.658540 0.623569 0.652279 0.623321 0.652857 0.622922 0.654113 0.622433 0.655855 0.621928 0.657820 0.621482 0.659712 0.621163 0.661246 0.621077 0.661809
0 0.762296 0.472278 0.771416 0.503170 0.772245 0.505439 0.776947 0.518306 0.777449 0.518180 0.778936 0.517701 0.781187 0.516943 0.783858 0.516020 0.786536 0.515075 0.788809 0.514253 0.790326 0.513682 0.790859 0.513447 0.790026 0.511171 0.786139 0.500557 0.785306 0.498284 0.772298 0.468710 0.771889 0.468819 0.770778 0.469184 0.769794 0.469523 0.768357 0.470024 0.767204 0.470431 0.765292 0.471120 0.763687 0.471713 0.762636 0.472120
0 0.538186 0.904049 0.538361 0.904721 0.539420 0.905954 0.541205 0.907562 0.543445 0.909299 0.545794 0.910895 0.547889 0.912106 0.549408 0.912745 0.550120 0.912716 0.551471 0.910678 0.559121 0.899137 0.575419 0.870845 0.575239 0.870410 0.574755 0.869908 0.573901 0.869123 0.573116 0.868458 0.571499 0.867239 0.569821 0.866099 0.568335 0.865207 0.567267 0.864701 0.566778 0.864658 0.547176 0.890503 0.545828 0.892534 0.539535 0.902016
0 0.875181 0.830900 0.875183 0.832581 0.875358 0.834602 0.875680 0.836661 0.876101 0.838444 0.876558 0.839683 0.876811 0.839985 0.877111 0.840063 0.909782 0.839958 0.926092 0.838811 0.926634 0.838377 0.926949 0.836871 0.926987 0.834524 0.926742 0.831694 0.926251 0.828819 0.925592 0.826342 0.924865 0.824642 0.924182 0.823975 0.921739 0.824148 0.907907 0.825130 0.875546 0.829620 0.875354 0.829814
0 0.111780 0.688838 0.111872 0.690807 0.112257 0.692814 0.112875 0.694552 0.113328 0.695270 0.113945 0.695947 0.114411 0.696235 0.145672 0.692457 0.161215 0.689564 0.162067 0.689150 0.162648 0.687711 0.162871 0.685469 0.162706 0.682763 0.162177 0.680001 0.161363 0.677598 0.160387 0.675916 0.159395 0.675211 0.143885 0.678108 0.113167 0.685879 0.112482 0.686172 0.111995 0.687210
0 0.349754 0.082481 0.349930 0.084575 0.351455 0.094741 0.351712 0.095443 0.353153 0.099373 0.354441 0.101870 0.356588 0.103684 0.359264 0.104539 0.362064 0.104303 0.364561 0.103015 0.366375 0.100869 0.367229 0.098193 0.366994 0.095393 0.366766 0.094698 0.365456 0.090714 0.364153 0.088189 0.359317 0.079731 0.357712 0.078375 0.355711 0.077736 0.354458 0.077841 0.352866 0.078299 0.351749 0.078875 0.350393 0.080480
0 0.033407 0.946691 0.035204 0.948312 0.043586 0.955873 0.045381 0.957492 0.070728 0.977411 0.071347 0.976919 0.072446 0.975852 0.073858 0.974373 0.075364 0.972711 0.076733 0.971120 0.077346 0.970356 0.077967 0.969534 0.078280 0.969075 0.078224 0.968931 0.055912 0.945857 0.045800 0.936722 0.044014 0.935109 0.043199 0.935847 0.041708 0.937346 0.039767 0.939379 0.037666 0.941642 0.035722 0.943795 0.034228 0.945512 0.033413 0.946531
0 0.912231 0.740554 0.934191 0.764742 0.944172 0.774467 0.945935 0.776184 0.946711 0.776619 0.948192 0.776250 0.950154 0.775128 0.952295 0.773425 0.954288 0.771400 0.955822 0.769367 0.956663 0.767641 0.956686 0.766483 0.944911 0.755024 0.919927 0.733512 0.919616 0.733362 0.918994 0.733391 0.918381 0.733584 0.917008 0.734430 0.915497 0.735669 0.914073 0.737116 0.912953 0.738551 0.912306 0.739758
0 0.419335 0.225048 0.421084 0.257591 0.421200 0.257819 0.422084 0.258037 0.423600 0.258212 0.424747 0.258277 0.426334 0.258329 0.427547 0.258342 0.429382 0.258277 0.430746 0.258133 0.431431 0.257933 0.433681 0.225586 0.433701 0.223152 0.433813 0.209346 0.433678 0.208933 0.432468 0.208538 0.430364 0.208221 0.427685 0.208032 0.424845 0.208001 0.422282 0.208131 0.420390 0.208403 0.419458 0.208774 0.419439 0.211217
0 0.914679 0.339924 0.914838 0.340468 0.915664 0.341342 0.917029 0.342415 0.918046 0.343079 0.919443 0.343918 0.920506 0.344504 0.922092 0.345204 0.923246 0.345518 0.923793 0.345398 0.943719 0.319327 0.952824 0.305736 0.952673 0.304914 0.951573 0.303640 0.949689 0.302109 0.947311 0.300556 0.944806 0.299221 0.942560 0.298310 0.940916 0.297960 0.940124 0.298222 0.938761 0.300259 0.932407 0.309757 0.931046 0.311792
0 0.539828 0.315453 0.541286 0.347748 0.542011 0.347848 0.543406 0.347937 0.545257 0.348000 0.547285 0.348030 0.548422 0.348024 0.549784 0.348001 0.550673 0.347973 0.551516 0.347896 0.551589 0.347799 0.554115 0.315460 0.554156 0.313030 0.554387 0.299251 0.553400 0.299021 0.551468 0.298827 0.548882 0.298699 0.546042 0.298658 0.543386 0.298710 0.541323 0.298846 0.540167 0.299045 0.540089 0.299277
0 0.202978 0.663034 0.203105 0.663942 0.203420 0.665289 0.203763 0.666384 0.204609 0.668244 0.205599 0.669848 0.206580 0.670951 0.207402 0.671385 0.236956 0.660169 0.239123 0.659188 0.249239 0.654605 0.251408 0.653622 0.252066 0.653242 0.252225 0.651911 0.251863 0.649834 0.251038 0.647328 0.249874 0.644769 0.248545 0.642540 0.247251 0.640979 0.246188 0.640323 0.244024 0.641305 0.233931 0.645886 0.231770 0.646867 0.231072 0.647234 0.203159 0.662058
0 0.665138 0.431311 0.665692 0.432107 0.667129 0.433288 0.669231 0.434673 0.671679 0.436056 0.674107 0.437228 0.676149 0.438012 0.677496 0.438289 0.677940 0.438014 0.679107 0.435921 0.685716 0.424065 0.699450 0.395307 0.699096 0.394682 0.698087 0.393786 0.697183 0.393171 0.695860 0.392352 0.694796 0.391751 0.693020 0.390925 0.691522 0.390405 0.690528 0.390269 0.690190 0.390536 0.672907 0.417394 0.666304 0.429222
0 0.027988 0.445165 0.029470 0.447111 0.036385 0.456186 0.037866 0.458129 0.059277 0.482819 0.059842 0.482744 0.060988 0.482212 0.062540 0.481308 0.063570 0.480624 0.064918 0.479681 0.065895 0.478960 0.067192 0.477872 0.067957 0.477066 0.068073 0.476665 0.050102 0.449649 0.040252 0.436705 0.039428 0.436716 0.037791 0.437371 0.035589 0.438572 0.033157 0.440137 0.030872 0.441824 0.029087 0.443374 0.028074 0.444547
0 0.540586 0.778200 0.540600 0.778488 0.550376 0.809634 0.551248 0.811916 0.556194 0.824857 0.557254 0.824923 0.559165 0.824552 0.561636 0.823797 0.564286 0.822776 0.566707 0.821645 0.568525 0.820579 0.569464 0.819742 0.569385 0.819260 0.563570 0.804071 0.550132 0.774521 0.549682 0.774532 0.548833 0.774668 0.548021 0.774858 0.546262 0.775424 0.544369 0.776154 0.542626 0.776937 0.541297 0.777656
