0 0.037483 0.810201 0.037632 0.812240 0.037897 0.813260 0.038344 0.814391 0.038743 0.815054 0.039534 0.815400 0.070931 0.815568 0.084305 0.814764 0.086667 0.814622 0.087671 0.813975 0.088517 0.812304 0.089077 0.809868 0.089269 0.807034 0.089064 0.804230 0.088494 0.801876 0.087643 0.800327 0.086638 0.799821 0.084281 0.799964 0.073288 0.800632 0.070934 0.800776 0.039582 0.804729 0.038789 0.805181 0.038110 0.806379 0.037652 0.808142
0 0.430882 0.395726 0.431672 0.398457 0.432337 0.399445 0.432453 0.399617 0.434207 0.401812 0.436668 0.403168 0.439461 0.403479 0.442160 0.402698 0.444354 0.400943 0.445710 0.398483 0.446021 0.395690 0.445240 0.392991 0.444703 0.391941 0.444607 0.391754 0.442832 0.389534 0.440343 0.388162 0.438304 0.387489 0.436216 0.387257 0.434198 0.387840 0.433216 0.388625 0.432149 0.389893 0.431542 0.390994 0.431196 0.392902
0 0.684755 0.804581 0.684864 0.804792 0.705770 0.830026 0.715269 0.840168 0.716947 0.841959 0.718031 0.841737 0.719718 0.840760 0.721752 0.839176 0.723819 0.837227 0.725599 0.835216 0.726819 0.833451 0.727294 0.832203 0.726956 0.831660 0.715795 0.819759 0.692126 0.797421 0.691382 0.797640 0.690202 0.798384 0.688765 0.799539 0.687288 0.800932 0.685995 0.802350 0.685079 0.803582 0.684841 0.804095
0 0.655511 0.479358 0.655512 0.492987 0.656301 0.493166 0.658067 0.493311 0.660543 0.493400 0.663355 0.493418 0.666080 0.493365 0.668310 0.493247 0.669705 0.493082 0.670049 0.492895 0.670039 0.479239 0.670037 0.476831 0.667996 0.444797 0.667442 0.444602 0.666171 0.444447 0.664376 0.444356 0.662332 0.444342 0.660354 0.444408 0.658745 0.444544 0.658150 0.444654 0.657658 0.444811 0.657520 0.444933 0.655511 0.476955
0 0.662905 0.658999 0.662989 0.659185 0.663617 0.660073 0.664639 0.661406 0.665899 0.662981 0.667203 0.664556 0.668351 0.665887 0.669166 0.666771 0.669382 0.666953 0.669466 0.666945 0.695801 0.648388 0.697678 0.646866 0.706443 0.639757 0.708322 0.638233 0.708036 0.637845 0.707085 0.636658 0.705616 0.634854 0.703851 0.632709 0.702057 0.630543 0.700503 0.628684 0.699423 0.627409 0.698981 0.626916 0.697106 0.628438 0.686492 0.637058
0 0.170869 0.763277 0.171301 0.764102 0.172688 0.765251 0.174821 0.766550 0.177373 0.767798 0.179949 0.768802 0.182152 0.769408 0.183645 0.769525 0.184206 0.769137 0.191474 0.754542 0.204140 0.724591 0.203928 0.724268 0.203373 0.723737 0.202760 0.723269 0.201219 0.722365 0.199397 0.721474 0.197566 0.720729 0.196004 0.720245 0.194948 0.720096 0.194560 0.720304 0.178161 0.748657
0 0.399503 0.559485 0.401368 0.561020 0.410069 0.568180 0.411932 0.569713 0.437998 0.588572 0.438300 0.588327 0.438876 0.587776 0.439431 0.587199 0.440641 0.585825 0.441947 0.584254 0.443149 0.582724 0.444062 0.581473 0.444547 0.580691 0.444531 0.580495 0.421041 0.558555 0.408643 0.548339 0.408000 0.548978 0.406765 0.550362 0.405125 0.552279 0.403328 0.554442 0.401643 0.556525 0.400324 0.558215 0.399572 0.559255
0 0.111513 0.181041 0.112055 0.181811 0.113119 0.183023 0.114542 0.184491 0.115477 0.185388 0.116694 0.186512 0.117568 0.187287 0.118706 0.188186 0.119348 0.188552 0.143340 0.167277 0.145030 0.165568 0.152921 0.157586 0.154613 0.155874 0.154618 0.155627 0.153809 0.154601 0.152314 0.152955 0.150357 0.150936 0.148232 0.148847 0.146258 0.147002 0.144734 0.145682 0.143894 0.145088 0.134298 0.154808 0.132606 0.156522 0.111574 0.180828
0 0.838319 0.492606 0.838636 0.492772 0.839669 0.493183 0.841261 0.493779 0.843169 0.494468 0.845107 0.495146 0.846109 0.495484 0.847249 0.495859 0.847942 0.496079 0.848406 0.496191 0.861753 0.466647 0.866609 0.453772 0.867466 0.451498 0.867079 0.451190 0.865676 0.450555 0.863469 0.449688 0.860797 0.448724 0.858074 0.447811 0.855719 0.447090 0.854091 0.446670 0.853436 0.446615 0.848597 0.459470 0.847744 0.461737
0 0.933004 0.483910 0.933206 0.484016 0.934175 0.484309 0.935760 0.484743 0.936935 0.485048 0.938547 0.485458 0.939771 0.485763 0.941590 0.486195 0.942907 0.486484 0.943519 0.486585 0.954254 0.455976 0.957963 0.442722 0.958618 0.440381 0.958384 0.440152 0.957066 0.439681 0.954864 0.439038 0.952114 0.438324 0.949243 0.437648 0.946693 0.437114 0.944853 0.436805 0.944002 0.436765 0.940308 0.449997 0.939657 0.452331
0 0.230577 0.547673 0.230585 0.549582 0.230718 0.550797 0.230970 0.552355 0.231211 0.553457 0.231733 0.554826 0.232292 0.555515 0.263979 0.554072 0.277424 0.552616 0.279798 0.552358 0.280413 0.552233 0.280861 0.551047 0.281076 0.548983 0.281027 0.546356 0.280720 0.543561 0.280203 0.541018 0.279552 0.539109 0.278866 0.538125 0.265446 0.539588 0.263080 0.539846 0.262431 0.539945 0.231176 0.545329 0.230785 0.546179
0 0.151465 0.697532 0.151740 0.699615 0.152791 0.701435 0.154458 0.702714 0.156488 0.703257 0.158571 0.702982 0.167117 0.700204 0.169578 0.698783 0.170150 0.698439 0.173355 0.696511 0.175065 0.694281 0.175792 0.691567 0.175425 0.688781 0.174019 0.686348 0.171790 0.684638 0.169076 0.683912 0.166290 0.684279 0.165717 0.684595 0.163016 0.686087 0.162432 0.686410 0.159970 0.687831 0.152773 0.694505 0.152008 0.695503
0 0.844674 0.099676 0.844789 0.101069 0.845317 0.101414 0.847613 0.102051 0.860614 0.105657 0.891763 0.112116 0.892453 0.111584 0.893285 0.110334 0.893792 0.109271 0.894427 0.107737 0.894866 0.106518 0.895371 0.104538 0.895571 0.102917 0.895436 0.101905 0.894986 0.101654 0.865022 0.091134 0.849697 0.086872 0.848826 0.087660 0.847758 0.089430 0.846655 0.091910 0.845683 0.094724 0.844988 0.097449
0 0.285255 0.284648 0.285588 0.284837 0.286661 0.285140 0.288310 0.285510 0.290284 0.285891 0.291481 0.286091 0.292980 0.286321 0.294013 0.286463 0.295205 0.286567 0.295679 0.286523 0.302681 0.254948 0.304810 0.241349 0.305186 0.238947 0.304764 0.238591 0.303303 0.238082 0.301022 0.237498 0.298269 0.236928 0.295467 0.236460 0.293050 0.236167 0.291390 0.236093 0.290738 0.236248 0.290362 0.238655 0.288237 0.252283
0 0.757924 0.424732 0.758155 0.427532 0.759439 0.430031 0.761583 0.431848 0.764258 0.432707 0.767058 0.432475 0.769679 0.431813 0.770146 0.431695 0.772674 0.430395 0.777840 0.427126 0.778653 0.426167 0.779457 0.424718 0.779841 0.423521 0.779668 0.421428 0.778708 0.419559 0.777104 0.418200 0.775103 0.417558 0.768972 0.417454 0.766140 0.417688 0.765679 0.417830 0.763550 0.418489 0.763098 0.418629 0.760599 0.419913 0.758782 0.422057
0 0.351123 0.138096 0.351309 0.138695 0.360330 0.149209 0.361921 0.151063 0.384572 0.174385 0.385239 0.174225 0.386382 0.173552 0.387249 0.172904 0.388447 0.171934 0.389364 0.171138 0.390750 0.169763 0.391782 0.168550 0.392301 0.167681 0.392226 0.167292 0.372492 0.141178 0.370899 0.139319 0.363461 0.130639 0.361866 0.128778 0.360894 0.128917 0.359259 0.129793 0.357212 0.131276 0.355066 0.133137 0.353154 0.135089 0.351769 0.136831
0 0.171805 0.052294 0.172324 0.052827 0.173048 0.053279 0.174223 0.053931 0.175248 0.054447 0.177206 0.055289 0.179113 0.055981 0.180682 0.056419 0.181676 0.056537 0.181941 0.056316 0.194386 0.026317 0.198857 0.013213 0.199646 0.010899 0.198981 0.010075 0.197344 0.008940 0.194982 0.007669 0.192256 0.006455 0.189586 0.005486 0.187385 0.004912 0.185991 0.004821 0.185614 0.005224 0.184824 0.007544 0.181141 0.018361 0.180353 0.020678
0 0.223297 0.354515 0.223382 0.357247 0.223607 0.359451 0.223936 0.360790 0.224319 0.361066 0.240545 0.361548 0.272936 0.360505 0.273144 0.359910 0.273323 0.358615 0.273446 0.356818 0.273494 0.354790 0.273475 0.353621 0.273417 0.352199 0.273351 0.351250 0.273181 0.350276 0.272976 0.350062 0.240535 0.347066 0.238098 0.346992 0.224277 0.346573 0.223896 0.347376 0.223576 0.349167 0.223365 0.351676
0 0.457098 0.049716 0.457121 0.051855 0.457177 0.052996 0.457276 0.054318 0.457367 0.055145 0.457554 0.055794 0.489542 0.058100 0.503170 0.058192 0.505577 0.058208 0.505754 0.057955 0.505919 0.056597 0.506049 0.054343 0.506122 0.051533 0.506129 0.048588 0.506067 0.045951 0.505947 0.044022 0.505786 0.043097 0.503375 0.043082 0.489719 0.042999 0.457635 0.044903 0.457442 0.045068 0.457272 0.046040 0.457151 0.047673
0 0.510783 0.543650 0.510923 0.544648 0.511368 0.546525 0.512049 0.548995 0.512864 0.551686 0.513690 0.554195 0.514404 0.556143 0.514896 0.557234 0.515091 0.557299 0.517398 0.556594 0.530461 0.552602 0.560523 0.541337 0.560489 0.540612 0.560217 0.539245 0.559749 0.537445 0.559156 0.535489 0.558782 0.534404 0.558304 0.533117 0.557968 0.532286 0.557554 0.531531 0.557352 0.531521 0.526124 0.538973
0 0.762185 0.683406 0.762386 0.685655 0.762874 0.687092 0.763576 0.687494 0.776931 0.689381 0.779286 0.689713 0.810820 0.692136 0.811466 0.691638 0.812085 0.690419 0.812583 0.688665 0.812762 0.687455 0.812904 0.685846 0.812937 0.684663 0.812738 0.683034 0.812319 0.682000 0.811742 0.681718 0.780629 0.675277 0.778278 0.674943 0.764950 0.673052 0.764143 0.673774 0.763357 0.675479 0.762710 0.677904 0.762298 0.680686
0 0.639367 0.262090 0.639949 0.264034 0.641231 0.265607 0.643017 0.266570 0.645036 0.266776 0.646980 0.266194 0.647921 0.265427 0.653606 0.260716 0.653876 0.260296 0.655149 0.258313 0.655424 0.257884 0.656805 0.255323 0.657100 0.252429 0.656266 0.249642 0.654428 0.247386 0.651867 0.246005 0.648972 0.245710 0.646185 0.246545 0.643930 0.248383 0.642496 0.250889 0.642246 0.251326 0.640881 0.253857 0.639573 0.260072
0 0.511193 0.478512 0.511228 0.478656 0.522476 0.508764 0.523455 0.510964 0.528028 0.521234 0.529009 0.523436 0.530006 0.523099 0.531832 0.522370 0.534208 0.521357 0.536777 0.520216 0.539154 0.519115 0.540981 0.518222 0.541978 0.517672 0.541992 0.517550 0.535437 0.502853 0.520556 0.474350 0.519823 0.474528 0.518486 0.475008 0.516752 0.475717 0.514884 0.476547 0.513859 0.477040 0.512649 0.477648 0.511874 0.478061
0 0.645390 0.188950 0.671620 0.207433 0.673671 0.208690 0.683247 0.214555 0.685300 0.215812 0.685668 0.215514 0.686572 0.214301 0.687874 0.212360 0.689378 0.209984 0.690858 0.207530 0.692092 0.205366 0.692892 0.203820 0.693135 0.203131 0.679422 0.194744 0.650977 0.179774 0.650665 0.179942 0.649972 0.180786 0.649005 0.182177 0.648351 0.183210 0.647489 0.184627 0.646860 0.185702 0.646012 0.187291 0.645496 0.188431
0 0.250613 0.174495 0.250712 0.177403 0.251915 0.180052 0.254817 0.183795 0.256918 0.185758 0.263530 0.191242 0.265429 0.191955 0.266642 0.191914 0.268200 0.191549 0.269305 0.191047 0.270690 0.189565 0.271403 0.187665 0.271335 0.185637 0.267978 0.177815 0.266789 0.175197 0.264447 0.171935 0.264029 0.171353 0.261903 0.169366 0.259179 0.168344 0.256271 0.168442 0.253622 0.169646 0.251636 0.171772
0 0.895419 0.844321 0.902577 0.876158 0.906477 0.889522 0.907166 0.891882 0.907941 0.892506 0.909705 0.892793 0.912192 0.892698 0.915021 0.892234 0.917757 0.891472 0.919977 0.890530 0.921340 0.889552 0.921640 0.888690 0.920949 0.886326 0.917033 0.872936 0.905830 0.841952 0.905498 0.841727 0.904767 0.841520 0.904013 0.841438 0.902240 0.841558 0.900224 0.841918 0.898269 0.842463 0.896670 0.843110 0.895669 0.843762
0 0.771080 0.659225 0.771166 0.662034 0.772320 0.664595 0.774367 0.666521 0.774838 0.666807 0.777539 0.668446 0.780197 0.669453 0.787172 0.671421 0.789272 0.671357 0.791188 0.670494 0.792627 0.668964 0.793073 0.667788 0.793346 0.666154 0.793308 0.664898 0.792445 0.662982 0.787329 0.658038 0.785259 0.656091 0.784766 0.655821 0.781999 0.654307 0.779371 0.653311 0.776563 0.653397 0.774001 0.654551 0.772076 0.656597
0 0.885967 0.078896 0.885978 0.081257 0.886032 0.092283 0.886044 0.094647 0.886404 0.095572 0.887844 0.096291 0.890144 0.096698 0.892955 0.096732 0.895857 0.096388 0.898413 0.095716 0.900236 0.094818 0.901045 0.093828 0.900957 0.078045 0.898700 0.046674 0.898456 0.045940 0.897422 0.045367 0.895757 0.045042 0.894534 0.045028 0.892865 0.045130 0.891604 0.045297 0.889758 0.045835 0.888454 0.046551 0.887889 0.047333
0 0.831448 0.849203 0.831518 0.850626 0.832057 0.852831 0.832983 0.855486 0.834157 0.858192 0.835403 0.860542 0.836533 0.862180 0.837375 0.862854 0.850072 0.858138 0.852311 0.857306 0.881340 0.844284 0.881704 0.843971 0.881705 0.842933 0.881341 0.841326 0.880668 0.839395 0.879789 0.837440 0.878840 0.835760 0.878317 0.835072 0.877697 0.834431 0.877299 0.834165 0.846768 0.843253 0.844533 0.844081 0.834097 0.847950 0.831859 0.848780
0 0.641324 0.583356 0.651371 0.614028 0.652270 0.616278 0.656468 0.626783 0.657368 0.629035 0.657622 0.629135 0.658866 0.628829 0.660914 0.628162 0.663455 0.627237 0.666098 0.626194 0.668432 0.625195 0.670101 0.624395 0.670850 0.623914 0.669947 0.621658 0.664831 0.608880 0.650881 0.579598 0.650777 0.579598 0.649894 0.579884 0.648438 0.580410 0.646630 0.581098 0.644742 0.581844 0.643060 0.582533 0.641837 0.583064 0.641492 0.583237
0 0.096104 0.636282 0.096218 0.639120 0.096569 0.641635 0.097104 0.643440 0.097738 0.644260 0.111628 0.643626 0.114077 0.643514 0.146683 0.640017 0.146915 0.639899 0.147203 0.639433 0.147398 0.638859 0.147613 0.637285 0.147686 0.635338 0.147604 0.633310 0.147381 0.631508 0.147050 0.630204 0.146661 0.629596 0.114112 0.629061 0.111667 0.629171 0.097805 0.629795 0.097167 0.630051 0.096619 0.631371 0.096245 0.633560
0 0.434221 0.113121 0.434375 0.113572 0.434872 0.114040 0.435758 0.114752 0.436581 0.115345 0.438294 0.116395 0.440086 0.117346 0.441687 0.118056 0.442855 0.118416 0.443411 0.118371 0.460144 0.090518 0.461268 0.088351 0.467644 0.076058 0.467497 0.075355 0.466402 0.074195 0.464524 0.072752 0.462147 0.071249 0.459639 0.069917 0.457386 0.068962 0.455735 0.068530 0.454937 0.068685 0.447431 0.083180
0 0.724880 0.101448 0.725292 0.102315 0.726309 0.103440 0.727774 0.104652 0.729467 0.105769 0.730464 0.106280 0.731692 0.106809 0.732522 0.107085 0.733419 0.107083 0.753007 0.080937 0.754359 0.078885 0.762025 0.067248 0.762457 0.066520 0.761953 0.065246 0.760585 0.063621 0.758559 0.061893 0.756189 0.060328 0.753839 0.059170 0.751871 0.058594 0.750588 0.058687 0.742913 0.070352 0.741560 0.072409 0.725137 0.100973
0 0.718066 0.271163 0.718727 0.271813 0.720395 0.272381 0.722814 0.272781 0.725621 0.272954 0.728393 0.272875 0.730714 0.272553 0.732231 0.272038 0.732711 0.271405 0.732835 0.269022 0.733537 0.255527 0.733152 0.223818 0.732693 0.223283 0.731498 0.222821 0.729745 0.222502 0.727705 0.222376 0.725691 0.222462 0.724013 0.222747 0.723362 0.223010 0.722793 0.223398 0.722594 0.223712 0.718901 0.255317 0.718191 0.268784
0 0.807439 0.768545 0.807451 0.769759 0.808247 0.771625 0.813768 0.779135 0.815822 0.781147 0.819560 0.784475 0.822260 0.785560 0.825169 0.785530 0.827845 0.784389 0.829882 0.782311 0.830967 0.779611 0.830937 0.776702 0.829796 0.774026 0.827718 0.771989 0.824454 0.769280 0.823884 0.768808 0.815386 0.764338 0.813504 0.763580 0.811475 0.763601 0.809608 0.764397 0.808188 0.765846 0.807735 0.766972
0 0.951768 0.410086 0.965482 0.439307 0.966651 0.441430 0.972112 0.451341 0.973283 0.453466 0.974156 0.453219 0.975925 0.452486 0.978325 0.451375 0.980987 0.450056 0.983500 0.448733 0.985478 0.447610 0.986616 0.446860 0.986742 0.446596 0.985568 0.444467 0.978916 0.432413 0.961435 0.405073 0.960823 0.405321 0.959573 0.405911 0.957873 0.406754 0.955982 0.407721 0.954187 0.408665 0.952756 0.409446 0.952248 0.409745 0.951851 0.410002
0 0.027823 0.671033 0.027920 0.671381 0.045665 0.697966 0.055401 0.710655 0.056404 0.710365 0.058169 0.709424 0.060424 0.707978 0.062830 0.706245 0.065024 0.704487 0.066677 0.702967 0.067540 0.701915 0.067479 0.701490 0.057755 0.688834 0.036667 0.664832 0.036218 0.664917 0.035391 0.665224 0.034610 0.665595 0.032948 0.666600 0.031184 0.667836 0.029589 0.669114 0.028409 0.670237
0 0.771498 0.157586 0.771550 0.159158 0.772325 0.161262 0.773704 0.163578 0.775479 0.165759 0.777382 0.167478 0.779128 0.168475 0.780453 0.168597 0.782291 0.167113 0.792696 0.158709 0.815997 0.137331 0.816553 0.136726 0.816575 0.135560 0.816266 0.134632 0.815665 0.133325 0.815080 0.132309 0.813791 0.130723 0.812388 0.129495 0.811087 0.128812 0.810087 0.128777 0.784453 0.146887 0.782613 0.148371 0.774022 0.155301 0.772180 0.156787
