0 0.535312 0.730768 0.535382 0.733545 0.535537 0.735870 0.535753 0.737389 0.535998 0.737868 0.538406 0.737865 0.549636 0.737847 0.552041 0.737843 0.584030 0.735755 0.584266 0.735291 0.584453 0.734089 0.584565 0.732331 0.584583 0.730288 0.584536 0.729081 0.584439 0.727596 0.584342 0.726593 0.584120 0.725509 0.583874 0.725181 0.551889 0.723181 0.549489 0.723183 0.535878 0.723196 0.535642 0.723860 0.535453 0.725531 0.535337 0.727956
0 0.394256 0.646578 0.394705 0.647735 0.395598 0.649664 0.396799 0.652071 0.398123 0.654584 0.399365 0.656815 0.400335 0.658422 0.400884 0.659160 0.403029 0.658019 0.413029 0.652698 0.415171 0.651558 0.442761 0.634616 0.442734 0.634479 0.442347 0.633666 0.441659 0.632300 0.440775 0.630590 0.439830 0.628795 0.438964 0.627185 0.438573 0.626477 0.438171 0.625771 0.437965 0.625427 0.408579 0.638786 0.396457 0.645226 0.394316 0.646364
0 0.473310 0.701874 0.480158 0.733643 0.484546 0.749274 0.485516 0.749288 0.487392 0.748978 0.489888 0.748388 0.492619 0.747611 0.495165 0.746765 0.497134 0.745982 0.498224 0.745381 0.498276 0.745053 0.494545 0.731795 0.493887 0.729457 0.483224 0.698900 0.482530 0.698957 0.481192 0.699231 0.480127 0.699499 0.478627 0.699903 0.477460 0.700235 0.475630 0.700814 0.474199 0.701329 0.473383 0.701701
0 0.068356 0.121029 0.068655 0.121450 0.069276 0.122205 0.069901 0.122908 0.071328 0.124370 0.072919 0.125896 0.074430 0.127253 0.075629 0.128231 0.076334 0.128684 0.100204 0.107257 0.111408 0.095771 0.111491 0.095640 0.110740 0.094705 0.109272 0.093111 0.107308 0.091100 0.105144 0.088971 0.103104 0.087046 0.101496 0.085616 0.100568 0.084901 0.098884 0.086629 0.091031 0.094690 0.089349 0.096417 0.089225 0.096550
0 0.874693 0.709770 0.875998 0.741610 0.876324 0.741894 0.877061 0.742265 0.877831 0.742532 0.879664 0.742881 0.881763 0.743079 0.883807 0.743094 0.885481 0.742925 0.886527 0.742597 0.886789 0.742162 0.889657 0.710472 0.889717 0.708084 0.890053 0.694540 0.889268 0.693976 0.887468 0.693448 0.884930 0.693037 0.882037 0.692804 0.879226 0.692783 0.876917 0.692977 0.875460 0.693358 0.875077 0.693869 0.875019 0.696256 0.874750 0.707386
0 0.097952 0.314318 0.097997 0.316774 0.098311 0.319597 0.098846 0.322350 0.099519 0.324610 0.100226 0.326030 0.100859 0.326400 0.117078 0.324748 0.149156 0.319441 0.149425 0.318923 0.149538 0.317692 0.149502 0.316641 0.149387 0.315124 0.149253 0.313917 0.148898 0.311945 0.148467 0.310315 0.148024 0.309273 0.147636 0.308982 0.114906 0.310251 0.098653 0.311897 0.098183 0.312605
0 0.892182 0.695830 0.892313 0.696137 0.893426 0.696947 0.895350 0.698135 0.897795 0.699523 0.900394 0.700902 0.902756 0.702066 0.904524 0.702836 0.905425 0.703095 0.906573 0.700976 0.913073 0.688977 0.926490 0.659804 0.926441 0.659533 0.925668 0.658908 0.924287 0.658023 0.922509 0.657013 0.920609 0.656036 0.918878 0.655240 0.918101 0.654944 0.917311 0.654699 0.916912 0.654630 0.899823 0.681746 0.898677 0.683857 0.893328 0.693716
0 0.061978 0.244676 0.072225 0.274487 0.073140 0.276674 0.078331 0.289077 0.079248 0.289660 0.081082 0.289767 0.083549 0.289385 0.086277 0.288572 0.088856 0.287451 0.090899 0.286192 0.092097 0.284982 0.092266 0.284006 0.091350 0.281821 0.086162 0.269448 0.072047 0.241085 0.071376 0.240594 0.070038 0.240451 0.068236 0.240677 0.067044 0.241015 0.065489 0.241569 0.064368 0.242056 0.062899 0.242996 0.062060 0.243916
0 0.835244 0.499476 0.835948 0.502196 0.837640 0.504440 0.840062 0.505864 0.842844 0.506254 0.843433 0.506265 0.846208 0.506316 0.846808 0.506327 0.854899 0.504408 0.856116 0.504093 0.857608 0.503373 0.858612 0.502616 0.859678 0.500805 0.859969 0.498724 0.859442 0.496690 0.858176 0.495012 0.856366 0.493947 0.848791 0.492176 0.845976 0.491782 0.845377 0.491796 0.842609 0.491862 0.842022 0.491876 0.839302 0.492580 0.837059 0.494272 0.835634 0.496694
0 0.098033 0.237338 0.098071 0.239004 0.098311 0.239679 0.098754 0.240299 0.099173 0.240548 0.128532 0.252320 0.130774 0.253058 0.143488 0.257243 0.144643 0.256722 0.145895 0.255220 0.147054 0.252965 0.147947 0.250299 0.148440 0.247622 0.148458 0.245335 0.147997 0.243786 0.147123 0.243213 0.144873 0.242474 0.134381 0.239028 0.132134 0.238290 0.101727 0.230416 0.100835 0.230757 0.099881 0.231821 0.099012 0.233447 0.098363 0.235386
0 0.777008 0.691791 0.777229 0.692238 0.778303 0.693314 0.780063 0.694854 0.782245 0.696627 0.784521 0.698367 0.786549 0.699811 0.788022 0.700740 0.788712 0.701011 0.790203 0.699118 0.798643 0.688399 0.816828 0.661957 0.816722 0.661593 0.815983 0.660780 0.814724 0.659642 0.813138 0.658353 0.811469 0.657112 0.810573 0.656511 0.809532 0.655862 0.808877 0.655496 0.808350 0.655366 0.786927 0.679210 0.785440 0.681096 0.778497 0.689902
0 0.642196 0.109541 0.658901 0.136678 0.668097 0.149652 0.668764 0.149823 0.670233 0.149295 0.672281 0.148148 0.674599 0.146556 0.676839 0.144759 0.678664 0.143026 0.679797 0.141619 0.680062 0.140753 0.678678 0.138803 0.672222 0.129707 0.670839 0.127759 0.650779 0.103072 0.650273 0.102885 0.649187 0.103220 0.648290 0.103704 0.647009 0.104494 0.646001 0.105186 0.644391 0.106513 0.643103 0.107808 0.642332 0.108871
0 0.657285 0.559503 0.676459 0.585517 0.678015 0.587377 0.686839 0.597921 0.687104 0.597986 0.688185 0.597353 0.689919 0.596115 0.692042 0.594462 0.694227 0.592647 0.696136 0.590950 0.697476 0.589634 0.698043 0.588898 0.696481 0.587033 0.687635 0.576475 0.665315 0.552946 0.665155 0.552965 0.664409 0.553479 0.663193 0.554409 0.662294 0.555129 0.661063 0.556135 0.660130 0.556910 0.658745 0.558104 0.657746 0.559014
0 0.308526 0.114075 0.308748 0.114907 0.309290 0.116696 0.310068 0.119167 0.310966 0.121947 0.311847 0.124617 0.312580 0.126777 0.313054 0.128100 0.313196 0.128384 0.315502 0.127669 0.326254 0.124333 0.328556 0.123618 0.358578 0.112123 0.358491 0.111520 0.358166 0.110220 0.357651 0.108419 0.357025 0.106393 0.356642 0.105231 0.356160 0.103825 0.355827 0.102894 0.355440 0.101961 0.355280 0.101791 0.323921 0.109310
0 0.845630 0.874780 0.846411 0.875782 0.847873 0.877433 0.849796 0.879484 0.851891 0.881627 0.853843 0.883540 0.855357 0.884932 0.856200 0.885591 0.857922 0.883901 0.867672 0.874329 0.889093 0.850332 0.889167 0.850155 0.888855 0.849705 0.888227 0.848913 0.887605 0.848186 0.886207 0.846696 0.884666 0.845158 0.883219 0.843810 0.882086 0.842858 0.881441 0.842446 0.857107 0.863348 0.847370 0.872894 0.845651 0.874580
0 0.668249 0.397097 0.668698 0.399114 0.669550 0.401597 0.670679 0.404172 0.671914 0.406454 0.673069 0.408098 0.673971 0.408853 0.676157 0.407897 0.688537 0.402480 0.689076 0.402215 0.717331 0.387706 0.717416 0.386794 0.717142 0.385320 0.716549 0.383507 0.715728 0.381635 0.714807 0.379991 0.714279 0.379294 0.713641 0.378623 0.713219 0.378321 0.683373 0.389198 0.681184 0.390154 0.668773 0.395575 0.668275 0.395854
0 0.033981 0.689636 0.034108 0.691733 0.035028 0.693622 0.036601 0.695016 0.038587 0.695701 0.040684 0.695574 0.051820 0.693008 0.052596 0.692674 0.056182 0.691130 0.056943 0.690802 0.059469 0.689572 0.061332 0.687469 0.062248 0.684813 0.062078 0.682008 0.060848 0.679482 0.058745 0.677619 0.056089 0.676702 0.053284 0.676873 0.052517 0.677176 0.048119 0.678918 0.045564 0.680162 0.036060 0.686076 0.035226 0.687017 0.034391 0.688448
0 0.087211 0.789904 0.087525 0.790266 0.114777 0.806698 0.126811 0.812912 0.128936 0.814009 0.129838 0.813453 0.131144 0.811973 0.132655 0.809798 0.134142 0.807258 0.135382 0.804735 0.136190 0.802608 0.136443 0.801197 0.136100 0.800718 0.121964 0.793430 0.092749 0.780718 0.092045 0.781071 0.091449 0.781686 0.090591 0.782722 0.089910 0.783648 0.088805 0.785480 0.087904 0.787314 0.087344 0.788868
0 0.168913 0.746545 0.169115 0.746965 0.196493 0.763344 0.208572 0.769542 0.210705 0.770636 0.211442 0.770168 0.212597 0.768770 0.213993 0.766658 0.215419 0.764153 0.216662 0.761630 0.217534 0.759470 0.217905 0.757997 0.217714 0.757436 0.203527 0.750168 0.174229 0.737483 0.173644 0.737773 0.172757 0.738742 0.171702 0.740244 0.171068 0.741325 0.170278 0.742789 0.169738 0.743886 0.169131 0.745463
0 0.107639 0.057726 0.108282 0.058267 0.109502 0.059224 0.111113 0.060451 0.112164 0.061235 0.113529 0.062243 0.114510 0.062958 0.115783 0.063861 0.116499 0.064333 0.116546 0.064301 0.136633 0.039049 0.145840 0.025764 0.145025 0.024947 0.143392 0.023550 0.141189 0.021785 0.138752 0.019920 0.136458 0.018245 0.134661 0.017018 0.133636 0.016427 0.133538 0.016561 0.124320 0.029879
0 0.029383 0.441121 0.029492 0.442360 0.029696 0.443412 0.030398 0.445331 0.031353 0.447117 0.032415 0.448497 0.033419 0.449260 0.034213 0.449291 0.064508 0.440050 0.066721 0.439217 0.077056 0.435326 0.079272 0.434491 0.079832 0.433547 0.079859 0.431731 0.079351 0.429322 0.078385 0.426682 0.077106 0.424206 0.075706 0.422269 0.074395 0.421164 0.073374 0.421064 0.071154 0.421901 0.058584 0.426643 0.029898 0.439638 0.029426 0.440329
0 0.301263 0.638781 0.309895 0.652300 0.328824 0.678214 0.328989 0.678372 0.329805 0.678086 0.331150 0.677397 0.332148 0.676807 0.333517 0.675956 0.334555 0.675279 0.336089 0.674176 0.337189 0.673270 0.337687 0.672699 0.322186 0.644652 0.320894 0.642625 0.313564 0.631127 0.313366 0.631001 0.312265 0.631476 0.310433 0.632475 0.308146 0.633849 0.305748 0.635390 0.303599 0.636868 0.302024 0.638059
0 0.269696 0.728777 0.270229 0.729730 0.271577 0.731169 0.273535 0.732875 0.275803 0.734585 0.278030 0.736035 0.279873 0.737002 0.281051 0.737340 0.281387 0.737000 0.289726 0.725973 0.291196 0.724029 0.309165 0.696994 0.308730 0.696353 0.307726 0.695358 0.306307 0.694159 0.305338 0.693428 0.304053 0.692511 0.303109 0.691877 0.301813 0.691138 0.300995 0.690834 0.300781 0.691011 0.279533 0.715786
0 0.541561 0.920321 0.541641 0.923129 0.542050 0.927281 0.542123 0.928022 0.545139 0.937692 0.545998 0.939609 0.546912 0.940472 0.548315 0.941353 0.549490 0.941801 0.551589 0.941741 0.553507 0.940882 0.554950 0.939355 0.555699 0.937391 0.556406 0.927615 0.556325 0.924774 0.555681 0.919918 0.554532 0.917354 0.552490 0.915425 0.549864 0.914424 0.547056 0.914504 0.544491 0.915653 0.542562 0.917695
0 0.947178 0.368534 0.947264 0.370561 0.948118 0.372401 0.949012 0.373222 0.950378 0.374055 0.951518 0.374472 0.953545 0.374386 0.964639 0.373437 0.969306 0.372166 0.970139 0.371939 0.972778 0.370714 0.974747 0.368572 0.975747 0.365839 0.975624 0.362933 0.974399 0.360294 0.972257 0.358325 0.969525 0.357325 0.966618 0.357447 0.961970 0.358867 0.961160 0.359115 0.958552 0.360325 0.949250 0.365133 0.947876 0.366627
0 0.287346 0.045525 0.287695 0.046286 0.288830 0.048469 0.295256 0.060826 0.312051 0.088841 0.312583 0.088894 0.313513 0.088801 0.314364 0.088609 0.316108 0.087927 0.317907 0.086989 0.319491 0.085935 0.320621 0.084925 0.321123 0.084111 0.320920 0.083618 0.307525 0.053525 0.299956 0.038950 0.298694 0.038734 0.296683 0.039111 0.294229 0.040026 0.291710 0.041339 0.289516 0.042847 0.287984 0.044318
0 0.858126 0.819475 0.858552 0.820020 0.859454 0.821120 0.860696 0.822606 0.862087 0.824252 0.862882 0.825181 0.863842 0.826297 0.864476 0.827028 0.865105 0.827730 0.865210 0.827808 0.891519 0.808993 0.893393 0.807460 0.904018 0.798762 0.903945 0.798599 0.903126 0.797582 0.901683 0.795861 0.899838 0.793702 0.897875 0.791438 0.896097 0.789419 0.894777 0.787953 0.894113 0.787260 0.881647 0.797480
0 0.583832 0.346684 0.584752 0.349339 0.586619 0.351439 0.589147 0.352665 0.591951 0.352831 0.594606 0.351910 0.596707 0.350044 0.596873 0.349787 0.597656 0.348573 0.597825 0.348310 0.599065 0.345753 0.599406 0.341579 0.599530 0.339482 0.599118 0.338294 0.598280 0.336864 0.597445 0.335925 0.595555 0.335008 0.593457 0.334884 0.591472 0.335573 0.588334 0.337629 0.586209 0.339517 0.585370 0.341079 0.585224 0.341351 0.583998 0.343879
0 0.082518 0.957441 0.082831 0.959154 0.083625 0.960996 0.084316 0.962005 0.085317 0.963195 0.086117 0.963956 0.087430 0.964619 0.088519 0.964574 0.115445 0.948855 0.117395 0.947541 0.126496 0.941407 0.128447 0.940092 0.129337 0.939108 0.129547 0.937313 0.129050 0.934981 0.127922 0.932466 0.126334 0.930146 0.124525 0.928368 0.122766 0.927401 0.121323 0.927394 0.119376 0.928708 0.108353 0.936149 0.083442 0.955385 0.082733 0.956118
0 0.958293 0.804767 0.959225 0.805208 0.961173 0.805665 0.963844 0.806068 0.966828 0.806353 0.969665 0.806477 0.971918 0.806420 0.973240 0.806192 0.973432 0.805829 0.973488 0.803387 0.973801 0.789560 0.972434 0.756956 0.971742 0.756708 0.970328 0.756445 0.968409 0.756207 0.966275 0.756031 0.965062 0.755978 0.963598 0.755948 0.962632 0.755955 0.961675 0.756067 0.961521 0.756261 0.958671 0.788531 0.958614 0.790965
0 0.205798 0.570460 0.205984 0.573364 0.207267 0.575975 0.209452 0.577897 0.212205 0.578836 0.215109 0.578650 0.218442 0.577730 0.221023 0.576462 0.226185 0.573125 0.227525 0.571601 0.228180 0.569681 0.228050 0.567656 0.227155 0.565835 0.225632 0.564494 0.223711 0.563839 0.217517 0.563303 0.214648 0.563487 0.211782 0.564125 0.211270 0.564239 0.208659 0.565522 0.206737 0.567707
0 0.788743 0.480125 0.795001 0.492157 0.796105 0.494279 0.812631 0.521628 0.813143 0.521770 0.814306 0.521533 0.815286 0.521186 0.816694 0.520616 0.817810 0.520115 0.819612 0.519151 0.821076 0.518208 0.821977 0.517430 0.822179 0.516937 0.809314 0.487717 0.808210 0.485590 0.801947 0.473529 0.801258 0.473430 0.799674 0.473847 0.797437 0.474715 0.794888 0.475902 0.792408 0.477228 0.790371 0.478495 0.789083 0.479512
0 0.952072 0.078410 0.952261 0.079556 0.953549 0.080654 0.955738 0.081539 0.958498 0.082079 0.961414 0.082193 0.964047 0.081862 0.966001 0.081135 0.966974 0.080121 0.969732 0.064646 0.973121 0.033180 0.973056 0.032647 0.972142 0.031801 0.970562 0.031131 0.968555 0.030738 0.966432 0.030684 0.964520 0.030977 0.963109 0.031570 0.962692 0.032050 0.962462 0.032729 0.954835 0.062968
0 0.878679 0.235412 0.884394 0.247840 0.885402 0.250031 0.900758 0.278253 0.900968 0.278228 0.901349 0.278102 0.902641 0.277567 0.904394 0.276789 0.906340 0.275884 0.908180 0.274993 0.909631 0.274253 0.910470 0.273777 0.910531 0.273693 0.899045 0.243490 0.893328 0.231035 0.892318 0.228836 0.891454 0.229226 0.889687 0.230055 0.887291 0.231195 0.884627 0.232475 0.882096 0.233700 0.880078 0.234688 0.878877 0.235289
0 0.312220 0.808835 0.312673 0.811175 0.314787 0.822088 0.315240 0.824425 0.323250 0.855064 0.323801 0.855514 0.325056 0.855708 0.326113 0.855652 0.327633 0.855466 0.328836 0.855247 0.330779 0.854663 0.332357 0.853952 0.333329 0.853223 0.333549 0.852588 0.329532 0.821055 0.329082 0.818722 0.326980 0.807829 0.326529 0.805494 0.325762 0.804964 0.324031 0.804769 0.321598 0.804937 0.318833 0.805442 0.316148 0.806208 0.313948 0.807121 0.312568 0.808043
0 0.838064 0.079773 0.838129 0.080756 0.838362 0.080950 0.870278 0.086778 0.884013 0.088379 0.886439 0.088661 0.887046 0.087809 0.887757 0.085944 0.888462 0.083347 0.889053 0.080415 0.889438 0.077601 0.889557 0.075338 0.889394 0.073976 0.888974 0.073717 0.875206 0.072122 0.872779 0.071841 0.840119 0.070172 0.839749 0.070812 0.839302 0.072172 0.839030 0.073292 0.838689 0.074889 0.838453 0.076144 0.838178 0.078155
0 0.292782 0.928296 0.307018 0.957697 0.313834 0.969750 0.315038 0.971879 0.315545 0.972072 0.316948 0.971625 0.319033 0.970603 0.321481 0.969162 0.323913 0.967527 0.325954 0.965948 0.327294 0.964668 0.327729 0.963881 0.326527 0.961758 0.320919 0.951855 0.319717 0.949734 0.301964 0.922593 0.301618 0.922521 0.300629 0.922892 0.299147 0.923649 0.297399 0.924678 0.295646 0.925823 0.294753 0.926474 0.293749 0.927262 0.293147 0.927781
0 0.190340 0.066794 0.190548 0.068681 0.190970 0.070048 0.191542 0.070689 0.222720 0.076558 0.236065 0.078175 0.238422 0.078460 0.239213 0.078196 0.239976 0.076840 0.240597 0.074600 0.240983 0.071815 0.241075 0.068902 0.240859 0.066299 0.240367 0.064401 0.239672 0.063499 0.223938 0.061603 0.192375 0.059898 0.191740 0.060065 0.191137 0.061031 0.190659 0.062650 0.190491 0.063861 0.190363 0.065527
0 0.585585 0.772474 0.585592 0.772680 0.614164 0.788209 0.616372 0.789236 0.628888 0.795057 0.629431 0.794555 0.630333 0.793098 0.631458 0.790909 0.632632 0.788322 0.633673 0.785739 0.634422 0.783556 0.634765 0.782108 0.634651 0.781611 0.632445 0.780586 0.622157 0.775809 0.619953 0.774786 0.589809 0.763019 0.589472 0.763423 0.588868 0.764496 0.588087 0.766076 0.587248 0.767925 0.586478 0.769761 0.585893 0.771310 0.585706 0.771923
0 0.006732 0.889649 0.006978 0.892499 0.007587 0.895274 0.008466 0.897543 0.009479 0.898959 0.010469 0.899308 0.024104 0.896138 0.026508 0.895579 0.058406 0.885894 0.058716 0.885575 0.059028 0.884324 0.059086 0.882547 0.058881 0.880515 0.058446 0.878533 0.057845 0.876900 0.057170 0.875864 0.056782 0.875695 0.024249 0.880968 0.021850 0.881524 0.010643 0.884122 0.008241 0.884679 0.007418 0.885417 0.006887 0.887161
