0 0.463610 0.643333 0.463676 0.643520 0.464377 0.644571 0.465606 0.646329 0.467178 0.648524 0.468849 0.650821 0.470363 0.652863 0.471485 0.654336 0.472046 0.655018 0.473999 0.653582 0.483107 0.646885 0.485057 0.645451 0.509843 0.624744 0.509490 0.624213 0.508721 0.623122 0.508083 0.622233 0.507170 0.620971 0.506450 0.619982 0.505297 0.618418 0.504371 0.617181 0.503812 0.616461 0.503706 0.616365 0.476601 0.633794 0.474653 0.635224 0.465559 0.641901
0 0.027894 0.458948 0.027895 0.459358 0.028645 0.460067 0.030031 0.460967 0.031839 0.461920 0.033792 0.462778 0.034868 0.463157 0.036141 0.463536 0.036958 0.463722 0.037688 0.463665 0.053868 0.436141 0.054942 0.434006 0.059957 0.424035 0.061032 0.421897 0.060968 0.421399 0.059888 0.420476 0.057959 0.419269 0.055471 0.417959 0.052799 0.416742 0.050344 0.415803 0.048476 0.415284 0.047485 0.415266 0.046408 0.417409 0.040315 0.429544
0 0.248318 0.858191 0.250420 0.859383 0.260221 0.864940 0.262320 0.866130 0.291307 0.880162 0.291524 0.880059 0.292122 0.879252 0.293010 0.877864 0.293633 0.876812 0.294469 0.875358 0.295088 0.874247 0.295958 0.872576 0.296531 0.871346 0.296719 0.870744 0.269879 0.853104 0.258008 0.846362 0.255911 0.845172 0.255677 0.845378 0.254905 0.846538 0.253712 0.848474 0.252278 0.850893 0.250820 0.853432 0.249555 0.855710 0.248676 0.857382
0 0.642066 0.543125 0.642797 0.543491 0.644477 0.544086 0.646849 0.544820 0.649555 0.545583 0.652190 0.546260 0.654357 0.546748 0.655727 0.546974 0.656087 0.546902 0.656725 0.544576 0.659699 0.533726 0.660336 0.531402 0.666754 0.500005 0.666666 0.499827 0.666368 0.499633 0.665173 0.499156 0.663461 0.498598 0.661493 0.498043 0.659574 0.497578 0.657997 0.497274 0.657003 0.497177 0.656846 0.497252 0.646316 0.527659 0.645679 0.529977
0 0.260893 0.814443 0.260924 0.815549 0.261195 0.815911 0.291785 0.825087 0.305025 0.828138 0.307364 0.828676 0.307920 0.828050 0.308658 0.826419 0.309464 0.824035 0.310218 0.821260 0.310805 0.818511 0.311139 0.816200 0.311167 0.814676 0.310886 0.814172 0.297667 0.811135 0.295336 0.810600 0.263801 0.805473 0.263336 0.805892 0.262980 0.806580 0.262487 0.807731 0.262108 0.808755 0.261534 0.810764 0.261107 0.812762
0 0.792498 0.688931 0.792611 0.690681 0.792758 0.691886 0.792995 0.693489 0.793200 0.694671 0.793588 0.696307 0.793962 0.697356 0.794265 0.697658 0.826878 0.696052 0.843070 0.694238 0.843420 0.693543 0.843545 0.691842 0.843427 0.689394 0.843082 0.686575 0.842564 0.683820 0.841953 0.681553 0.841343 0.680121 0.840828 0.679739 0.838403 0.680012 0.827092 0.681286 0.824670 0.681559 0.792719 0.687200 0.792536 0.687708
0 0.803433 0.614249 0.804133 0.616970 0.805821 0.619217 0.808240 0.620646 0.811264 0.621830 0.811804 0.622041 0.814618 0.622441 0.821950 0.623271 0.823168 0.622958 0.824661 0.622240 0.825666 0.621485 0.826735 0.619675 0.827030 0.617595 0.826506 0.615560 0.825244 0.613880 0.819073 0.609739 0.816626 0.608294 0.816077 0.608106 0.813006 0.607056 0.810225 0.606661 0.807503 0.607361 0.805257 0.609048 0.803828 0.611467
0 0.916331 0.275586 0.916606 0.277700 0.917497 0.280170 0.918869 0.282624 0.920517 0.284693 0.922194 0.286067 0.923646 0.286535 0.924652 0.286020 0.936319 0.279479 0.938377 0.278325 0.964656 0.261326 0.965000 0.260267 0.964851 0.258717 0.964480 0.257637 0.963829 0.256194 0.963232 0.255127 0.962011 0.253640 0.960755 0.252677 0.959654 0.252384 0.931439 0.265923 0.930421 0.266477 0.928366 0.267627 0.916717 0.274148
0 0.706721 0.216592 0.706952 0.219392 0.708237 0.221891 0.710380 0.223708 0.713056 0.224566 0.715856 0.224335 0.718355 0.223049 0.720171 0.220906 0.722717 0.217679 0.726178 0.209990 0.726820 0.207989 0.726647 0.205895 0.725685 0.204026 0.724082 0.202668 0.722082 0.202027 0.719988 0.202199 0.718870 0.202774 0.717573 0.203805 0.711816 0.208441 0.709978 0.210609 0.707578 0.213917
0 0.764855 0.482585 0.765082 0.483438 0.766143 0.484843 0.767874 0.486588 0.770016 0.488410 0.772246 0.490036 0.774230 0.491219 0.775666 0.491781 0.776333 0.491632 0.777867 0.489796 0.786551 0.479399 0.805341 0.453737 0.805231 0.453081 0.804503 0.452029 0.803265 0.450742 0.802334 0.449950 0.801049 0.448951 0.800070 0.448259 0.798606 0.447445 0.797537 0.447098 0.797024 0.447270 0.775060 0.470382
0 0.563064 0.544967 0.564604 0.577142 0.566364 0.593153 0.566480 0.593169 0.567665 0.593068 0.569745 0.592864 0.572401 0.592590 0.575225 0.592287 0.577781 0.592001 0.579675 0.591778 0.580619 0.591650 0.578847 0.575608 0.573330 0.543814 0.572640 0.543842 0.571270 0.543953 0.570168 0.544060 0.568610 0.544220 0.567394 0.544350 0.565485 0.544575 0.563993 0.544771 0.563143 0.544908
0 0.489384 0.302449 0.489408 0.302611 0.490207 0.302814 0.491655 0.303027 0.493533 0.303217 0.494744 0.303301 0.496308 0.303384 0.497424 0.303424 0.498849 0.303409 0.499616 0.303314 0.503787 0.271206 0.503953 0.268782 0.504893 0.255035 0.504890 0.254714 0.503806 0.254341 0.501800 0.253974 0.499179 0.253670 0.496346 0.253474 0.493737 0.253419 0.491756 0.253511 0.490703 0.253736 0.489604 0.269941
0 0.170652 0.117568 0.177234 0.132598 0.192259 0.161888 0.192658 0.162264 0.193739 0.162303 0.195337 0.162000 0.197209 0.161402 0.199072 0.160600 0.200014 0.160070 0.201068 0.159378 0.201695 0.158878 0.202055 0.158219 0.190843 0.127572 0.184283 0.112568 0.183714 0.111946 0.182189 0.111798 0.179939 0.112149 0.177307 0.112947 0.174698 0.114070 0.172516 0.115344 0.171095 0.116573
0 0.640332 0.274954 0.641232 0.277616 0.643081 0.279731 0.645599 0.280977 0.648403 0.281165 0.651065 0.280266 0.653180 0.278416 0.653443 0.278036 0.654683 0.276242 0.654951 0.275854 0.656211 0.273307 0.657966 0.266559 0.658050 0.265304 0.657377 0.263314 0.655994 0.261733 0.654110 0.260800 0.652013 0.260660 0.650023 0.261333 0.645545 0.265098 0.643405 0.266969 0.642009 0.269237 0.641766 0.269632 0.640520 0.272151
0 0.090353 0.895872 0.090371 0.898357 0.090752 0.901196 0.091439 0.903952 0.092324 0.906199 0.093272 0.907592 0.094136 0.907921 0.110015 0.903751 0.141306 0.893413 0.141705 0.892872 0.141813 0.892122 0.141859 0.890905 0.141820 0.889845 0.141519 0.887822 0.141029 0.885853 0.140423 0.884235 0.139792 0.883214 0.139233 0.882945 0.107204 0.889219 0.104828 0.889841 0.091355 0.893370 0.090699 0.894122
0 0.515377 0.371213 0.515402 0.371261 0.516105 0.371739 0.517361 0.372541 0.518979 0.373545 0.520713 0.374599 0.522302 0.375544 0.523508 0.376238 0.523889 0.376439 0.524134 0.376546 0.542525 0.350028 0.549633 0.338283 0.550888 0.336208 0.550902 0.336026 0.549987 0.335294 0.548280 0.334121 0.546040 0.332687 0.543613 0.331212 0.541373 0.329924 0.539665 0.329021 0.538748 0.328641 0.531631 0.340417 0.530376 0.342494
0 0.861253 0.286347 0.861656 0.289128 0.863093 0.291543 0.865344 0.293224 0.868067 0.293916 0.870848 0.293512 0.871485 0.293158 0.874486 0.291487 0.875136 0.291125 0.877578 0.289672 0.885130 0.283154 0.885882 0.282147 0.886596 0.280651 0.886905 0.279433 0.886604 0.277353 0.885529 0.275548 0.883846 0.274290 0.881809 0.273773 0.879730 0.274075 0.870273 0.277392 0.867831 0.278845 0.867194 0.279227 0.863626 0.281372 0.861945 0.283624
0 0.336641 0.269659 0.336761 0.272042 0.337444 0.285552 0.337782 0.286156 0.339170 0.286650 0.341392 0.286960 0.344111 0.287041 0.346918 0.286880 0.349392 0.286502 0.351159 0.285963 0.351951 0.285344 0.351261 0.271862 0.351139 0.269484 0.347511 0.237846 0.347282 0.237341 0.346689 0.237087 0.345644 0.236806 0.344683 0.236640 0.342709 0.236554 0.340668 0.236671 0.338875 0.236973 0.337606 0.237414 0.337053 0.237926
0 0.121343 0.603465 0.121803 0.605356 0.122735 0.607759 0.123997 0.610303 0.125394 0.612597 0.126710 0.614286 0.127744 0.615115 0.128338 0.614961 0.142966 0.607754 0.171216 0.591623 0.171207 0.590855 0.170828 0.589515 0.170134 0.587807 0.169233 0.585990 0.168259 0.584336 0.167721 0.583594 0.167082 0.582839 0.166670 0.582457 0.166297 0.582521 0.136087 0.595162 0.123626 0.601292 0.121425 0.602375
0 0.560096 0.527290 0.560627 0.527975 0.561614 0.529116 0.562906 0.530542 0.564306 0.532032 0.565597 0.533356 0.566583 0.534313 0.566899 0.534579 0.567109 0.534703 0.591981 0.514264 0.603765 0.503263 0.603683 0.503139 0.602868 0.502238 0.601449 0.500702 0.599640 0.498763 0.597715 0.496714 0.595962 0.494862 0.594644 0.493486 0.593964 0.492795 0.582211 0.503781 0.560098 0.527215
0 0.247301 0.314605 0.255943 0.325417 0.257467 0.327323 0.279346 0.351505 0.279588 0.351623 0.280421 0.351249 0.281715 0.350440 0.282649 0.349770 0.283915 0.348813 0.284866 0.348059 0.286245 0.346846 0.287207 0.345865 0.287604 0.345264 0.268958 0.318721 0.258821 0.306022 0.258442 0.305766 0.257241 0.306202 0.255399 0.307268 0.253195 0.308802 0.250970 0.310567 0.249067 0.312292 0.247779 0.313710
0 0.204508 0.827214 0.204526 0.828762 0.204997 0.831033 0.205850 0.833681 0.206955 0.836297 0.208140 0.838479 0.209224 0.839889 0.210040 0.840316 0.225047 0.833826 0.254280 0.818977 0.254522 0.818562 0.254442 0.817464 0.254054 0.815852 0.253673 0.814725 0.253100 0.813216 0.252628 0.812098 0.251805 0.810524 0.251072 0.809484 0.250542 0.809137 0.219925 0.820156 0.217679 0.821125 0.204944 0.826623
0 0.123348 0.732727 0.134012 0.741399 0.135893 0.742928 0.162278 0.761691 0.162673 0.761231 0.163539 0.760212 0.164742 0.758792 0.166100 0.757186 0.166883 0.756259 0.167836 0.755128 0.168471 0.754374 0.169125 0.753594 0.169272 0.753413 0.145641 0.731490 0.143765 0.729962 0.133128 0.721301 0.132520 0.721860 0.131257 0.723206 0.129528 0.725139 0.127600 0.727362 0.125768 0.729532 0.124316 0.731315 0.123467 0.732436
0 0.277626 0.517769 0.278567 0.520522 0.280490 0.522706 0.283103 0.523986 0.286006 0.524170 0.286386 0.524128 0.288138 0.523930 0.288509 0.523888 0.291230 0.522957 0.294999 0.520702 0.296522 0.519361 0.297415 0.517539 0.297543 0.515514 0.297151 0.514366 0.296347 0.512982 0.295545 0.512071 0.293723 0.511178 0.289423 0.509461 0.286553 0.509279 0.286178 0.509295 0.284410 0.509372 0.284027 0.509389 0.281274 0.510330 0.279090 0.512253 0.277810 0.514866
0 0.335773 0.871629 0.336018 0.873716 0.337043 0.875550 0.338692 0.876852 0.339901 0.877195 0.341553 0.877326 0.342801 0.877180 0.344636 0.876155 0.345938 0.874506 0.351303 0.866766 0.352750 0.863197 0.353002 0.862574 0.353767 0.859871 0.353440 0.857080 0.352069 0.854627 0.349865 0.852885 0.347161 0.852120 0.344371 0.852448 0.341918 0.853818 0.340176 0.856023 0.338328 0.860139 0.337554 0.862874
0 0.683253 0.837990 0.683299 0.840018 0.683357 0.841253 0.683449 0.842802 0.683528 0.843872 0.683677 0.845114 0.683819 0.845617 0.716280 0.847445 0.732509 0.847325 0.732758 0.846891 0.732923 0.845383 0.732977 0.843028 0.732913 0.840189 0.732739 0.837302 0.732484 0.834815 0.732186 0.833106 0.731891 0.832432 0.718123 0.832543 0.715696 0.832563 0.683444 0.834884 0.683331 0.835211 0.683264 0.836302
0 0.488544 0.215787 0.496909 0.229674 0.515299 0.256317 0.515882 0.256140 0.517046 0.255567 0.518611 0.254685 0.520343 0.253627 0.521980 0.252554 0.523275 0.251627 0.523727 0.251244 0.524072 0.250884 0.524132 0.250731 0.509123 0.221871 0.502007 0.210040 0.500750 0.207951 0.499909 0.208107 0.498261 0.208840 0.496055 0.210038 0.493630 0.211518 0.491363 0.213051 0.489600 0.214401 0.488612 0.215361
0 0.715141 0.569784 0.728944 0.599022 0.735580 0.611073 0.736752 0.613201 0.737147 0.613277 0.738467 0.612830 0.740515 0.611927 0.742976 0.610705 0.745474 0.609352 0.747620 0.608076 0.749086 0.607075 0.749650 0.606501 0.748475 0.604369 0.741818 0.592298 0.724402 0.564894 0.724136 0.564909 0.723206 0.565294 0.721757 0.565989 0.720009 0.566887 0.718942 0.567465 0.717602 0.568212 0.716674 0.568744 0.715590 0.569422
0 0.491227 0.661809 0.491288 0.661981 0.492309 0.662638 0.494138 0.663680 0.496496 0.664949 0.499022 0.666250 0.501323 0.667381 0.503047 0.668169 0.503930 0.668494 0.505035 0.666332 0.511287 0.654090 0.524198 0.624427 0.524106 0.624357 0.523330 0.623937 0.521990 0.623231 0.520973 0.622701 0.519564 0.621972 0.518485 0.621417 0.516849 0.620582 0.515629 0.619970 0.515010 0.619671 0.498577 0.647439 0.497475 0.649593 0.492330 0.659652
0 0.778608 0.593561 0.778699 0.594072 0.779159 0.595206 0.779917 0.596791 0.780481 0.597866 0.781256 0.599286 0.781846 0.600326 0.782724 0.601742 0.783363 0.602621 0.783664 0.602828 0.813497 0.589825 0.825786 0.583528 0.827956 0.582416 0.827922 0.581683 0.827350 0.580080 0.826325 0.577849 0.825005 0.575334 0.823594 0.572923 0.822309 0.570988 0.821347 0.569823 0.820854 0.569603 0.818688 0.570714 0.806428 0.577006
0 0.816829 0.874399 0.816880 0.876046 0.817655 0.876911 0.828242 0.885080 0.830109 0.886520 0.856058 0.904015 0.857107 0.904013 0.858432 0.903344 0.859268 0.902605 0.860336 0.901460 0.861087 0.900496 0.862007 0.898754 0.862452 0.897151 0.862355 0.895932 0.861731 0.895280 0.838025 0.874448 0.836163 0.873009 0.825601 0.864849 0.824209 0.864925 0.822431 0.865902 0.820535 0.867630 0.818807 0.869848 0.817506 0.872223
0 0.638252 0.588062 0.647888 0.618890 0.648752 0.621154 0.652788 0.631724 0.653654 0.633990 0.653903 0.634098 0.655149 0.633816 0.657206 0.633184 0.659760 0.632299 0.662417 0.631297 0.664768 0.630333 0.666451 0.629554 0.667210 0.629081 0.662291 0.616222 0.661423 0.613954 0.647997 0.584458 0.647826 0.584452 0.646940 0.584721 0.645477 0.585223 0.643660 0.585882 0.642524 0.586310 0.641080 0.586865 0.640067 0.587263 0.638835 0.587777
0 0.737750 0.261757 0.738196 0.262253 0.738869 0.262665 0.739975 0.263252 0.740950 0.263715 0.742837 0.264458 0.744700 0.265059 0.746256 0.265427 0.747270 0.265505 0.747584 0.265280 0.761601 0.235725 0.762512 0.233454 0.767676 0.220576 0.767109 0.219807 0.765579 0.218785 0.763319 0.217668 0.760677 0.216627 0.758059 0.215824 0.755870 0.215382 0.754444 0.215366 0.753994 0.215778 0.748849 0.228633 0.747942 0.230900
0 0.879269 0.651585 0.885266 0.663623 0.886324 0.665746 0.902279 0.693187 0.902920 0.693579 0.904209 0.693586 0.905950 0.693204 0.907879 0.692492 0.909698 0.691559 0.911127 0.690549 0.911618 0.689990 0.911984 0.689328 0.912037 0.688901 0.899826 0.659747 0.898768 0.657619 0.892766 0.645553 0.891897 0.645106 0.890138 0.645187 0.887760 0.645780 0.885121 0.646796 0.882619 0.648079 0.880629 0.649439 0.879452 0.650669
0 0.140233 0.624639 0.140460 0.625498 0.141489 0.626965 0.143165 0.628816 0.145231 0.630765 0.147368 0.632511 0.149246 0.633786 0.150578 0.634397 0.151163 0.634253 0.162412 0.622492 0.183359 0.597680 0.183139 0.597100 0.182359 0.596080 0.181138 0.594775 0.179663 0.593383 0.178153 0.592113 0.177367 0.591541 0.176468 0.590957 0.175916 0.590660 0.175531 0.590701 0.151512 0.612861 0.141926 0.622871
0 0.135766 0.315344 0.135964 0.316671 0.136533 0.316987 0.138865 0.317735 0.149743 0.321223 0.152073 0.321970 0.183480 0.329915 0.183838 0.329778 0.184167 0.329450 0.184841 0.328230 0.185537 0.326524 0.186151 0.324589 0.186591 0.322719 0.186788 0.321195 0.186714 0.320248 0.186512 0.320114 0.155837 0.308119 0.142605 0.303867 0.140268 0.303117 0.139421 0.303831 0.138415 0.305501 0.137404 0.307872 0.136544 0.310579 0.135969 0.313205
0 0.045154 0.671302 0.045302 0.671745 0.045872 0.672011 0.046904 0.672344 0.047870 0.672571 0.049897 0.672828 0.052026 0.672921 0.053930 0.672836 0.055318 0.672588 0.055980 0.672214 0.061460 0.640811 0.061716 0.638439 0.063165 0.624988 0.062927 0.624463 0.061589 0.623916 0.059358 0.623430 0.056568 0.623077 0.053640 0.622910 0.051014 0.622956 0.049086 0.623207 0.048154 0.623627 0.046711 0.637106 0.046457 0.639482
0 0.784108 0.017615 0.790530 0.048646 0.794107 0.061585 0.794739 0.063869 0.795275 0.064565 0.796813 0.064804 0.799116 0.064554 0.801839 0.063852 0.804572 0.062805 0.806904 0.061569 0.808482 0.060329 0.809061 0.059275 0.808427 0.056986 0.805468 0.046310 0.804834 0.044024 0.794412 0.014237 0.794023 0.013667 0.793355 0.013532 0.792231 0.013503 0.791228 0.013594 0.789249 0.014104 0.787273 0.014892 0.785601 0.015837 0.784490 0.016793
