0 0.533074 0.630645 0.533508 0.662922 0.534538 0.676621 0.534720 0.679040 0.534777 0.679229 0.535911 0.679323 0.537954 0.679309 0.540596 0.679187 0.543428 0.678977 0.546014 0.678710 0.547957 0.678429 0.548959 0.678176 0.547735 0.662025 0.543293 0.629900 0.543261 0.629861 0.542437 0.629860 0.540968 0.629921 0.539079 0.630035 0.537056 0.630185 0.535202 0.630349 0.533799 0.630501 0.533356 0.630572
0 0.922917 0.361806 0.932765 0.392413 0.938678 0.407374 0.938929 0.407318 0.940212 0.406869 0.942331 0.406094 0.944965 0.405112 0.947719 0.404069 0.950180 0.403122 0.951974 0.402414 0.952826 0.402055 0.947781 0.389315 0.946891 0.387068 0.933087 0.357908 0.932898 0.357882 0.932337 0.358046 0.931339 0.358373 0.930415 0.358693 0.928500 0.359407 0.926510 0.360190 0.924749 0.360921 0.923488 0.361489
0 0.758215 0.234389 0.758788 0.266451 0.758994 0.268825 0.759959 0.279913 0.760166 0.282290 0.760771 0.282773 0.762395 0.283054 0.764789 0.283092 0.767593 0.282882 0.770386 0.282456 0.772747 0.281877 0.774320 0.281232 0.774860 0.280618 0.773677 0.267127 0.773468 0.264748 0.768480 0.233153 0.768225 0.232904 0.767054 0.232649 0.765316 0.232593 0.763277 0.232745 0.761252 0.233083 0.759551 0.233553 0.758434 0.234084
0 0.697262 0.575327 0.697267 0.577157 0.697310 0.578370 0.697390 0.579957 0.697467 0.581106 0.697632 0.582627 0.697810 0.583520 0.697973 0.583646 0.730471 0.584621 0.744268 0.584187 0.746704 0.584110 0.746966 0.583189 0.747125 0.581306 0.747157 0.578749 0.747057 0.575910 0.746839 0.573229 0.746537 0.571118 0.746199 0.569898 0.745877 0.569752 0.732106 0.570193 0.729677 0.570271 0.697447 0.573295 0.697325 0.573971
0 0.493059 0.706069 0.493766 0.708891 0.495499 0.711228 0.497995 0.712723 0.500873 0.713151 0.503695 0.712444 0.506032 0.710710 0.507528 0.708215 0.507955 0.705337 0.507941 0.704973 0.507876 0.703292 0.507862 0.702935 0.507163 0.700146 0.505191 0.696425 0.503982 0.694795 0.502242 0.693752 0.500235 0.693455 0.499057 0.693749 0.497611 0.694434 0.496636 0.695157 0.495593 0.696897 0.493563 0.700814 0.493140 0.703658 0.493071 0.705703
0 0.829100 0.804880 0.829471 0.805260 0.856740 0.823709 0.870867 0.832064 0.871970 0.831666 0.873411 0.830346 0.874969 0.828304 0.876404 0.825853 0.877495 0.823371 0.878074 0.821242 0.878054 0.819792 0.877441 0.819236 0.875325 0.817986 0.865452 0.812155 0.863338 0.810907 0.834270 0.796051 0.833528 0.796385 0.832537 0.797365 0.831446 0.798842 0.830421 0.800593 0.829939 0.801646 0.829429 0.802959 0.829151 0.803860
0 0.413323 0.509987 0.413383 0.510771 0.413737 0.512160 0.414331 0.513944 0.415073 0.515848 0.415539 0.516884 0.416130 0.518101 0.416545 0.518874 0.417047 0.519533 0.417283 0.519459 0.447810 0.509651 0.462724 0.503826 0.462549 0.502756 0.461992 0.500853 0.461139 0.498408 0.460117 0.495789 0.459080 0.493388 0.458185 0.491567 0.457566 0.490604 0.457320 0.490649 0.455077 0.491526 0.444619 0.495618 0.442379 0.496495
0 0.350596 0.428191 0.351022 0.428575 0.352087 0.429282 0.353631 0.430204 0.354699 0.430799 0.356121 0.431567 0.357170 0.432115 0.358619 0.432809 0.359546 0.433179 0.359811 0.433167 0.376999 0.406012 0.384725 0.391928 0.384074 0.391464 0.382559 0.390543 0.380412 0.389305 0.377956 0.387936 0.375560 0.386642 0.373583 0.385618 0.372327 0.385019 0.371986 0.384939 0.370825 0.387057 0.364253 0.399056
0 0.480531 0.942404 0.480735 0.943139 0.481093 0.943785 0.482290 0.945026 0.483903 0.946241 0.485685 0.947243 0.487361 0.947876 0.488676 0.948046 0.489427 0.947726 0.506864 0.921452 0.508046 0.919395 0.513565 0.909790 0.514748 0.907731 0.514802 0.906759 0.513913 0.905337 0.512218 0.903681 0.509976 0.902041 0.507525 0.900664 0.505232 0.899755 0.503443 0.899453 0.502430 0.899806 0.501250 0.901862 0.495749 0.911452 0.494571 0.913506 0.480584 0.941955
0 0.265635 0.519359 0.265662 0.520220 0.265972 0.522068 0.266499 0.524043 0.267161 0.525840 0.267858 0.527185 0.268482 0.527872 0.268938 0.527799 0.300200 0.521464 0.302504 0.520847 0.315566 0.517345 0.315784 0.516229 0.315650 0.514251 0.315186 0.511713 0.314461 0.508996 0.313586 0.506509 0.312690 0.504625 0.311909 0.503631 0.311363 0.503684 0.309052 0.504305 0.298276 0.507201 0.295969 0.507821 0.265842 0.517972 0.265707 0.518455
0 0.362581 0.359911 0.362790 0.360352 0.363974 0.361180 0.365949 0.362268 0.368416 0.363452 0.371003 0.364554 0.373322 0.365408 0.375024 0.365885 0.375848 0.365912 0.376804 0.363712 0.382218 0.351251 0.393100 0.321148 0.392994 0.320774 0.392177 0.320121 0.390772 0.319289 0.389708 0.318760 0.388236 0.318082 0.387111 0.317603 0.385419 0.317009 0.384174 0.316713 0.383567 0.316760 0.368973 0.345225 0.368015 0.347426
0 0.808837 0.563909 0.808847 0.565381 0.809029 0.566220 0.809355 0.566296 0.841313 0.573266 0.843731 0.573642 0.855024 0.575398 0.857445 0.575774 0.858120 0.574819 0.858817 0.572923 0.859430 0.570376 0.859864 0.567569 0.860052 0.564935 0.859964 0.562881 0.859617 0.561720 0.859064 0.561623 0.842963 0.559129 0.810592 0.556108 0.810340 0.556534 0.809989 0.557373 0.809720 0.558195 0.809310 0.560023 0.809000 0.562028
0 0.101062 0.401743 0.101106 0.402493 0.120923 0.427135 0.122529 0.428889 0.130029 0.437076 0.131637 0.438831 0.132496 0.439081 0.134075 0.438574 0.136130 0.437392 0.138352 0.435714 0.140406 0.433794 0.141984 0.431919 0.142848 0.430373 0.142865 0.429389 0.132164 0.417723 0.109244 0.395738 0.108591 0.395495 0.107416 0.395804 0.105896 0.396618 0.104920 0.397334 0.103664 0.398376 0.102770 0.399211 0.101646 0.400591
0 0.267843 0.672598 0.268400 0.673389 0.269805 0.674650 0.271845 0.676188 0.274206 0.677767 0.276524 0.679141 0.278442 0.680101 0.279666 0.680500 0.280014 0.680281 0.281375 0.678261 0.287721 0.668839 0.289080 0.666821 0.305497 0.638884 0.305047 0.638362 0.304004 0.637495 0.302528 0.636417 0.300841 0.635289 0.299198 0.634283 0.297846 0.633548 0.297335 0.633339 0.296900 0.633235 0.296765 0.633289 0.276936 0.659116 0.275572 0.661137 0.269207 0.670574
0 0.498200 0.238622 0.498210 0.238775 0.498998 0.239097 0.500435 0.239435 0.502303 0.239739 0.504320 0.239964 0.506181 0.240074 0.507606 0.240054 0.508068 0.239966 0.508378 0.239805 0.513894 0.207931 0.514162 0.205509 0.515679 0.191775 0.515692 0.191326 0.514625 0.190789 0.512639 0.190247 0.510033 0.189783 0.507210 0.189469 0.504606 0.189353 0.502621 0.189453 0.501558 0.189753 0.501291 0.192183 0.500046 0.203515 0.499780 0.205942
0 0.549119 0.911809 0.549358 0.912537 0.550214 0.914093 0.551559 0.916241 0.553188 0.918653 0.554850 0.920957 0.556287 0.922797 0.557280 0.923890 0.557677 0.924072 0.559627 0.922617 0.568722 0.915828 0.570669 0.914374 0.595306 0.893254 0.595304 0.893123 0.595161 0.892825 0.594486 0.891736 0.593478 0.890222 0.592291 0.888513 0.591104 0.886867 0.590096 0.885533 0.589419 0.884711 0.589274 0.884601 0.562091 0.902138 0.551066 0.910357
0 0.507711 0.691282 0.507724 0.691611 0.507786 0.693159 0.507800 0.693494 0.508191 0.696309 0.510342 0.700276 0.511405 0.702088 0.512407 0.702846 0.513899 0.703568 0.515115 0.703885 0.517196 0.703596 0.519008 0.702533 0.520276 0.700856 0.521628 0.697093 0.522344 0.694343 0.522089 0.692121 0.521702 0.689338 0.520280 0.686915 0.518038 0.685221 0.515319 0.684513 0.512536 0.684900 0.510113 0.686322 0.508419 0.688563
0 0.467810 0.379008 0.467895 0.379161 0.491284 0.401220 0.503593 0.411441 0.504400 0.410879 0.505764 0.409557 0.507475 0.407675 0.509278 0.405517 0.510902 0.403407 0.512101 0.401663 0.512693 0.400549 0.512586 0.400238 0.510734 0.398702 0.502096 0.391539 0.500246 0.390005 0.474433 0.371252 0.474129 0.371287 0.473755 0.371498 0.472734 0.372417 0.471472 0.373764 0.470161 0.375333 0.469004 0.376882 0.468178 0.378172
0 0.148462 0.661452 0.148717 0.662363 0.149784 0.663853 0.151500 0.665694 0.153604 0.667603 0.155770 0.669284 0.157663 0.670479 0.158995 0.671007 0.159565 0.670791 0.170580 0.658794 0.190890 0.633589 0.190940 0.633300 0.190796 0.632931 0.189990 0.631895 0.188741 0.630598 0.187238 0.629234 0.185708 0.628010 0.184381 0.627111 0.183459 0.626673 0.183234 0.626728 0.159507 0.649437 0.157851 0.651238 0.150120 0.659648
0 0.052683 0.831015 0.054718 0.862553 0.054898 0.863172 0.055883 0.863666 0.057522 0.863957 0.059566 0.864000 0.060843 0.863874 0.062462 0.863616 0.063596 0.863358 0.064963 0.862772 0.065596 0.862121 0.067767 0.830480 0.067802 0.817041 0.067808 0.814668 0.067534 0.813901 0.066160 0.813292 0.063897 0.812930 0.061086 0.812870 0.058148 0.813120 0.055526 0.813644 0.053617 0.814364 0.052714 0.815171 0.052709 0.817549
0 0.805956 0.716578 0.805998 0.718606 0.806158 0.720603 0.806311 0.721599 0.806539 0.722702 0.806726 0.723348 0.807047 0.723676 0.839713 0.725364 0.856029 0.725192 0.856511 0.724532 0.856858 0.722850 0.857014 0.720401 0.856955 0.717562 0.856692 0.714770 0.856263 0.712457 0.855737 0.710974 0.855194 0.710545 0.838911 0.710728 0.806515 0.713119 0.806236 0.713609 0.806040 0.714823
0 0.610403 0.155763 0.610425 0.157547 0.610473 0.159609 0.610540 0.161637 0.610616 0.163326 0.610689 0.164420 0.610724 0.164619 0.643018 0.165283 0.656736 0.164632 0.659158 0.164517 0.659306 0.163847 0.659408 0.162141 0.659447 0.159656 0.659417 0.156772 0.659323 0.153933 0.659179 0.151578 0.659008 0.150068 0.658836 0.149633 0.645088 0.150294 0.642664 0.150411 0.610469 0.154158 0.610431 0.154230 0.610410 0.154527
0 0.844202 0.602580 0.844304 0.602991 0.844892 0.603974 0.845876 0.605378 0.847107 0.606990 0.848399 0.608569 0.849092 0.609351 0.849900 0.610213 0.850408 0.610714 0.850819 0.610951 0.878138 0.593225 0.880094 0.591773 0.891188 0.583536 0.891134 0.582928 0.890379 0.581526 0.889037 0.579544 0.887314 0.577286 0.885477 0.575101 0.883807 0.573326 0.882562 0.572231 0.881929 0.571980 0.870863 0.580207 0.868912 0.581658
0 0.669941 0.357580 0.672822 0.389466 0.675263 0.405268 0.676028 0.405445 0.677765 0.405412 0.680209 0.405174 0.682991 0.404768 0.685695 0.404254 0.687912 0.403709 0.689307 0.403216 0.689663 0.402850 0.689295 0.400474 0.687576 0.389391 0.687207 0.387018 0.680309 0.355769 0.679761 0.355574 0.678504 0.355546 0.676728 0.355691 0.675518 0.355868 0.673918 0.356148 0.672747 0.356387 0.671154 0.356831 0.670170 0.357250
0 0.871795 0.320689 0.872557 0.321738 0.874259 0.322935 0.876643 0.324103 0.879350 0.325064 0.881974 0.325675 0.884120 0.325843 0.885459 0.325539 0.885785 0.324808 0.890804 0.312312 0.891689 0.310108 0.901515 0.280229 0.900998 0.279420 0.899785 0.278516 0.898752 0.278000 0.897265 0.277379 0.896085 0.276969 0.894170 0.276565 0.892604 0.276503 0.891627 0.276792 0.877996 0.305283 0.876803 0.308245 0.872679 0.318492
0 0.179042 0.916625 0.179345 0.917472 0.180402 0.918312 0.182053 0.919015 0.184045 0.919473 0.186072 0.919616 0.187821 0.919422 0.188543 0.919123 0.189220 0.918628 0.189506 0.918192 0.198271 0.887823 0.201655 0.872456 0.201194 0.871368 0.199707 0.870276 0.197421 0.869346 0.194680 0.868715 0.191898 0.868480 0.189491 0.868675 0.187824 0.869274 0.187155 0.870187 0.183774 0.885587
0 0.223090 0.512004 0.223122 0.512976 0.223580 0.514815 0.224395 0.517242 0.225441 0.519882 0.226559 0.522329 0.227574 0.524204 0.228332 0.525224 0.228717 0.525237 0.241553 0.520198 0.243816 0.519309 0.273184 0.505642 0.273094 0.504954 0.272716 0.503646 0.272106 0.501919 0.271659 0.500791 0.271047 0.499325 0.270584 0.498271 0.269902 0.496901 0.269413 0.496131 0.269194 0.496080 0.238223 0.506074 0.225361 0.511114
0 0.203489 0.704692 0.203606 0.706465 0.203927 0.707698 0.204400 0.708204 0.235875 0.712150 0.251749 0.713112 0.252421 0.712691 0.253094 0.711227 0.253667 0.708946 0.254053 0.706194 0.254195 0.703386 0.254071 0.700943 0.253701 0.699233 0.253138 0.698517 0.250760 0.698374 0.239670 0.697709 0.237295 0.697567 0.205470 0.697690 0.205140 0.697858 0.204696 0.698389 0.204366 0.699012 0.203900 0.700655 0.203592 0.702650
0 0.381765 0.103835 0.381881 0.104755 0.382755 0.106360 0.384249 0.108404 0.386138 0.110578 0.388137 0.112556 0.389945 0.114040 0.391292 0.114807 0.391970 0.114738 0.393674 0.113068 0.403325 0.103609 0.424586 0.079879 0.424564 0.079180 0.423989 0.077984 0.422947 0.076470 0.422138 0.075514 0.421010 0.074293 0.420141 0.073433 0.418811 0.072378 0.417806 0.071865 0.417281 0.071973 0.393150 0.092691 0.383474 0.102162
0 0.068884 0.370904 0.069571 0.372249 0.070868 0.374206 0.072576 0.376476 0.074431 0.378707 0.076146 0.380555 0.077459 0.381739 0.078172 0.382082 0.089317 0.373955 0.091282 0.372522 0.116177 0.351814 0.116131 0.351460 0.115591 0.350519 0.114639 0.349132 0.113418 0.347510 0.112115 0.345899 0.110923 0.344540 0.110386 0.344001 0.109838 0.343518 0.109558 0.343337 0.082052 0.360805 0.080081 0.362240 0.068908 0.370376
0 0.889266 0.688275 0.889446 0.690296 0.890385 0.692095 0.891942 0.693397 0.900130 0.699718 0.900833 0.700069 0.904148 0.701724 0.904866 0.702082 0.907642 0.702953 0.910540 0.702695 0.913119 0.701347 0.914986 0.699116 0.915856 0.696339 0.915598 0.693441 0.914251 0.690863 0.912019 0.688996 0.907916 0.687113 0.907200 0.686785 0.904456 0.685925 0.895774 0.683907 0.894183 0.683735 0.892973 0.683843 0.891176 0.684783 0.889874 0.686339
0 0.513051 0.062676 0.513725 0.064326 0.515108 0.066361 0.516989 0.068475 0.519085 0.070349 0.521081 0.071702 0.522677 0.072330 0.523630 0.072136 0.532704 0.062229 0.534304 0.060482 0.554172 0.035765 0.554333 0.034998 0.554075 0.034261 0.553514 0.033159 0.552937 0.032256 0.551591 0.030701 0.550068 0.029339 0.548601 0.028379 0.547417 0.027968 0.546695 0.028168 0.523895 0.049995 0.514798 0.059913 0.513192 0.061665
0 0.661145 0.313529 0.661164 0.314528 0.661251 0.315482 0.661410 0.316905 0.661559 0.318069 0.661875 0.320073 0.662210 0.321834 0.662514 0.323086 0.662739 0.323636 0.694935 0.320383 0.710924 0.317756 0.711179 0.317416 0.711246 0.316030 0.711115 0.313804 0.710804 0.311078 0.710361 0.308273 0.709856 0.305820 0.709365 0.304098 0.708964 0.303368 0.695345 0.305614 0.692944 0.306010 0.661256 0.313278
0 0.026131 0.837499 0.028594 0.853189 0.035591 0.884111 0.035756 0.884638 0.036721 0.884930 0.038341 0.884942 0.040367 0.884671 0.042487 0.884159 0.044377 0.883485 0.045196 0.883047 0.046005 0.882480 0.046390 0.882074 0.043577 0.850428 0.041497 0.837118 0.041129 0.834768 0.040891 0.834131 0.039555 0.833800 0.037325 0.833823 0.034538 0.834196 0.031613 0.834862 0.028988 0.835723 0.027062 0.836648
0 0.915088 0.511253 0.915269 0.511510 0.915794 0.511869 0.916723 0.512452 0.917583 0.512961 0.919363 0.513934 0.921218 0.514883 0.922869 0.515665 0.924065 0.516161 0.924621 0.516294 0.942476 0.489091 0.949298 0.477093 0.950502 0.474974 0.950316 0.474548 0.949141 0.473657 0.947155 0.472436 0.944664 0.471074 0.942051 0.469780 0.939719 0.468754 0.938026 0.468152 0.937226 0.468064 0.930425 0.480045 0.929226 0.482158
0 0.569846 0.095287 0.586601 0.122598 0.595815 0.135515 0.596614 0.135707 0.598181 0.135188 0.600277 0.134041 0.602587 0.132437 0.604763 0.130618 0.606479 0.128857 0.607473 0.127419 0.607591 0.126526 0.606204 0.124584 0.598350 0.113590 0.578038 0.088949 0.577678 0.088828 0.576521 0.089156 0.574985 0.089965 0.573306 0.091131 0.571742 0.092475 0.570533 0.093789 0.569864 0.094874
0 0.301505 0.153570 0.301870 0.153975 0.302814 0.154833 0.304194 0.156012 0.305798 0.157334 0.307385 0.158598 0.308716 0.159615 0.309239 0.159983 0.309704 0.160279 0.309873 0.160351 0.331200 0.136092 0.332682 0.134172 0.341082 0.123285 0.340654 0.122661 0.339409 0.121406 0.337534 0.119710 0.335314 0.117832 0.333093 0.116063 0.331212 0.114673 0.329961 0.113879 0.329530 0.113798 0.328045 0.115725 0.321120 0.124713 0.319637 0.126638
0 0.020553 0.269485 0.020751 0.272319 0.021239 0.275115 0.021941 0.277445 0.022748 0.278951 0.023536 0.279408 0.025988 0.279263 0.039869 0.278441 0.072232 0.274484 0.072635 0.274019 0.072885 0.272825 0.072919 0.271783 0.072886 0.270270 0.072801 0.269059 0.072480 0.267057 0.072030 0.265378 0.071516 0.264278 0.071018 0.263927 0.038120 0.263806 0.021754 0.264764 0.021097 0.265396 0.020674 0.267053
0 0.696301 0.760748 0.696376 0.761263 0.697053 0.762643 0.698228 0.764677 0.699724 0.767058 0.701315 0.769429 0.702764 0.771434 0.703850 0.772768 0.704407 0.773226 0.715854 0.765798 0.717872 0.764488 0.743608 0.745323 0.743618 0.744930 0.743175 0.743911 0.742346 0.742422 0.741259 0.740691 0.740554 0.739670 0.739642 0.738413 0.738991 0.737563 0.738158 0.736646 0.737708 0.736369 0.709745 0.752037 0.707729 0.753343
0 0.865729 0.168471 0.886378 0.193090 0.888044 0.194831 0.897493 0.204705 0.897658 0.204641 0.898644 0.203805 0.900297 0.202326 0.902370 0.200425 0.904551 0.198390 0.906512 0.196526 0.907956 0.195114 0.908662 0.194372 0.906989 0.192626 0.897516 0.182741 0.873730 0.160973 0.873578 0.160960 0.872839 0.161522 0.871622 0.162574 0.870720 0.163401 0.869485 0.164558 0.868549 0.165454 0.867166 0.166838 0.866177 0.167897
