0 0.930065 0.518229 0.933274 0.533864 0.941726 0.564679 0.942396 0.564895 0.943778 0.564924 0.945664 0.564760 0.947766 0.564430 0.948959 0.564162 0.950396 0.563783 0.951341 0.563486 0.952265 0.563019 0.952393 0.562651 0.948052 0.530989 0.945328 0.517672 0.944847 0.515321 0.943913 0.515121 0.942002 0.515174 0.939406 0.515470 0.936520 0.515962 0.933777 0.516578 0.931588 0.517224 0.930284 0.517804
0 0.367645 0.617078 0.391101 0.639060 0.392960 0.640595 0.401642 0.647763 0.403504 0.649299 0.403831 0.649108 0.404813 0.648096 0.406297 0.646419 0.408058 0.644332 0.409831 0.642150 0.411351 0.640200 0.412387 0.638776 0.412782 0.638094 0.410924 0.636561 0.400398 0.627883 0.374387 0.609047 0.374108 0.609126 0.373357 0.609805 0.372247 0.610984 0.370947 0.612481 0.369659 0.614067 0.368578 0.615499 0.368155 0.616131 0.367780 0.616766
0 0.613375 0.265630 0.614319 0.267864 0.618721 0.278281 0.619664 0.280512 0.634070 0.309402 0.634557 0.309243 0.635242 0.308971 0.636356 0.308514 0.637329 0.308106 0.639191 0.307300 0.641009 0.306492 0.642507 0.305803 0.643459 0.305339 0.643717 0.305170 0.633017 0.274585 0.626724 0.259668 0.626029 0.259797 0.624417 0.260362 0.622132 0.261280 0.619526 0.262408 0.617000 0.263572 0.614945 0.264593 0.613673 0.265316
0 0.511409 0.841067 0.511512 0.841908 0.517836 0.853809 0.518951 0.855907 0.535525 0.882803 0.536317 0.883059 0.537676 0.882862 0.538702 0.882492 0.540121 0.881862 0.541204 0.881296 0.542831 0.880166 0.544025 0.879028 0.544604 0.878055 0.544482 0.877396 0.531402 0.848465 0.525099 0.836587 0.523986 0.834490 0.522912 0.834227 0.521060 0.834567 0.518712 0.835456 0.516220 0.836759 0.513960 0.838281 0.512270 0.839793
0 0.059958 0.212739 0.060744 0.213458 0.062354 0.214736 0.064540 0.216375 0.066971 0.218128 0.069281 0.219731 0.071123 0.220944 0.072221 0.221584 0.072404 0.221551 0.073822 0.219603 0.080433 0.210518 0.081849 0.208572 0.098983 0.181438 0.098472 0.180873 0.097356 0.179904 0.095806 0.178679 0.094760 0.177904 0.093381 0.176915 0.092376 0.176217 0.091026 0.175361 0.090211 0.174945 0.090054 0.175030 0.069430 0.199740 0.068010 0.201688 0.061379 0.210788
0 0.775595 0.784695 0.775825 0.785017 0.776955 0.785615 0.778661 0.786183 0.780683 0.786634 0.782710 0.786898 0.784430 0.786934 0.785581 0.786738 0.785823 0.786499 0.792570 0.755231 0.792912 0.752868 0.794509 0.741831 0.794851 0.739465 0.794281 0.738811 0.792686 0.738071 0.790314 0.737356 0.787524 0.736773 0.784735 0.736410 0.782367 0.736322 0.780776 0.736521 0.780206 0.736979 0.777940 0.752716 0.775609 0.784321
0 0.744348 0.763656 0.744555 0.763959 0.745136 0.764374 0.745795 0.764689 0.747482 0.765152 0.749500 0.765481 0.751539 0.765626 0.753285 0.765564 0.754470 0.765305 0.754914 0.764889 0.759589 0.733442 0.760911 0.717566 0.760397 0.716955 0.758849 0.716318 0.756506 0.715748 0.753722 0.715333 0.750918 0.715134 0.748513 0.715181 0.746870 0.715467 0.746241 0.715950 0.746044 0.718329 0.745128 0.729420 0.744932 0.731796
0 0.196080 0.911589 0.197153 0.914293 0.199180 0.916381 0.201851 0.917534 0.204760 0.917577 0.207465 0.916503 0.209552 0.914476 0.210067 0.913742 0.212445 0.910348 0.212949 0.909628 0.217865 0.899128 0.218669 0.897265 0.218699 0.895236 0.217951 0.893350 0.216537 0.891894 0.214674 0.891090 0.213461 0.891072 0.211887 0.891361 0.210758 0.891809 0.202880 0.899256 0.200817 0.901259 0.197812 0.905289 0.197276 0.906009 0.196123 0.908680
0 0.468839 0.576783 0.486077 0.604048 0.494106 0.615164 0.495524 0.617127 0.496298 0.616579 0.497843 0.615466 0.499924 0.613959 0.502221 0.612289 0.504380 0.610713 0.506067 0.609475 0.507026 0.608763 0.507114 0.608684 0.499092 0.597593 0.497677 0.595637 0.477233 0.570755 0.477126 0.570758 0.476395 0.571219 0.475150 0.572071 0.473581 0.573183 0.471928 0.574385 0.471041 0.575048 0.470009 0.575831 0.469360 0.576335
0 0.174326 0.689756 0.175289 0.692502 0.177228 0.694670 0.179851 0.695931 0.182756 0.696093 0.185501 0.695130 0.186059 0.694784 0.188634 0.693186 0.189180 0.692847 0.191323 0.690930 0.196780 0.685364 0.197660 0.683535 0.197773 0.681509 0.197102 0.679594 0.195749 0.678082 0.194655 0.677555 0.193105 0.677157 0.191893 0.677089 0.184398 0.679205 0.181684 0.680157 0.181125 0.680473 0.177917 0.682289 0.175748 0.684229 0.174487 0.686851
0 0.006703 0.899741 0.006720 0.900877 0.006909 0.901836 0.007763 0.903575 0.009026 0.905182 0.010503 0.906411 0.011967 0.907072 0.013194 0.907068 0.038849 0.889470 0.051171 0.879812 0.052210 0.878940 0.052499 0.877289 0.052000 0.875114 0.050790 0.872743 0.049053 0.870532 0.047049 0.868813 0.045080 0.867846 0.043441 0.867780 0.032992 0.875981 0.031150 0.877427 0.030069 0.878295 0.006865 0.899010
0 0.100132 0.344496 0.100647 0.345446 0.101686 0.346766 0.103090 0.348252 0.104642 0.349676 0.106103 0.350819 0.106791 0.351231 0.107518 0.351560 0.107913 0.351638 0.132160 0.330864 0.133871 0.329195 0.143569 0.319727 0.143606 0.319168 0.142835 0.317895 0.141373 0.316101 0.139443 0.314057 0.137333 0.312069 0.135361 0.310437 0.133825 0.309409 0.132960 0.309143 0.123248 0.318636 0.121536 0.320310 0.100217 0.344058
0 0.947115 0.921579 0.959566 0.951909 0.960643 0.954132 0.965674 0.964508 0.966753 0.966733 0.967620 0.967518 0.969404 0.967782 0.971837 0.967483 0.974546 0.966663 0.977114 0.965448 0.979143 0.964026 0.980323 0.962617 0.980475 0.961436 0.979393 0.959207 0.974345 0.948812 0.973264 0.946586 0.956973 0.917697 0.956364 0.917203 0.955099 0.917081 0.953374 0.917347 0.952222 0.917714 0.950711 0.918310 0.949613 0.918829 0.948147 0.919820 0.947269 0.920785
0 0.757044 0.350472 0.757168 0.351027 0.788983 0.357204 0.805084 0.359300 0.805528 0.358992 0.806088 0.357632 0.806679 0.355423 0.807210 0.352703 0.807598 0.349889 0.807785 0.347417 0.807740 0.345667 0.807474 0.344905 0.805052 0.344591 0.793758 0.343128 0.791339 0.342815 0.758820 0.340644 0.758568 0.340892 0.758229 0.341892 0.757855 0.343488 0.757503 0.345438 0.757337 0.346640 0.757160 0.348159 0.757064 0.349216
0 0.104104 0.546081 0.104514 0.548460 0.106837 0.561929 0.114346 0.593208 0.114617 0.593328 0.115662 0.593290 0.117322 0.593101 0.119342 0.592789 0.120580 0.592557 0.122137 0.592239 0.123214 0.591998 0.124472 0.591642 0.124998 0.591386 0.121618 0.559467 0.121211 0.557096 0.119309 0.546023 0.118901 0.543649 0.118517 0.543575 0.117072 0.543697 0.114788 0.543996 0.112009 0.544426 0.109152 0.544922 0.106647 0.545411 0.104873 0.545818
0 0.938063 0.220797 0.938113 0.221825 0.938271 0.222744 0.938898 0.224559 0.939793 0.226380 0.940821 0.227933 0.941827 0.228982 0.942659 0.229367 0.972835 0.216679 0.985360 0.210496 0.987571 0.209404 0.988399 0.208893 0.988688 0.207446 0.988392 0.205280 0.987553 0.202725 0.986301 0.200176 0.984827 0.198026 0.983361 0.196606 0.982127 0.196130 0.979912 0.197225 0.967365 0.203429 0.938671 0.219833 0.938147 0.220185
0 0.467824 0.075865 0.467912 0.076598 0.477015 0.106954 0.477836 0.109173 0.482493 0.121756 0.483593 0.122239 0.485526 0.122208 0.488000 0.121671 0.490642 0.120709 0.493055 0.119466 0.494877 0.118129 0.495828 0.116898 0.495761 0.115963 0.490263 0.101135 0.477451 0.072358 0.476648 0.071942 0.475804 0.071925 0.474512 0.072058 0.473432 0.072275 0.471512 0.072975 0.469771 0.073904 0.468475 0.074919
0 0.792487 0.308781 0.808563 0.336605 0.816142 0.347968 0.817481 0.349975 0.817884 0.349802 0.819172 0.349038 0.821145 0.347801 0.823508 0.346277 0.825905 0.344694 0.827976 0.343291 0.829407 0.342279 0.829977 0.341816 0.822373 0.330432 0.821032 0.328425 0.801454 0.302843 0.801140 0.302904 0.800188 0.303411 0.798743 0.304284 0.797715 0.304947 0.796331 0.305864 0.795299 0.306565 0.793831 0.307620 0.792844 0.308398
0 0.304993 0.937829 0.305005 0.940109 0.305107 0.941480 0.305280 0.941735 0.321481 0.941864 0.353884 0.940027 0.353971 0.939385 0.354073 0.938016 0.354174 0.936130 0.354259 0.934014 0.354292 0.932800 0.354321 0.931328 0.354332 0.930350 0.354310 0.929357 0.354251 0.929158 0.322055 0.926793 0.319632 0.926772 0.308314 0.926674 0.305888 0.926654 0.305669 0.927519 0.305437 0.929406 0.305227 0.932030 0.305070 0.934990
0 0.384887 0.826670 0.385630 0.827813 0.387131 0.829408 0.389165 0.831210 0.391417 0.832941 0.393539 0.834334 0.395206 0.835175 0.396162 0.835337 0.397643 0.833390 0.406028 0.822361 0.424164 0.795199 0.424198 0.794869 0.423613 0.794091 0.422500 0.792986 0.421619 0.792228 0.420381 0.791221 0.419418 0.790481 0.417916 0.789462 0.416746 0.788812 0.416086 0.788633 0.394868 0.813206 0.393391 0.815146 0.385014 0.826149
0 0.387163 0.662217 0.389572 0.662474 0.400803 0.663670 0.403208 0.663926 0.435448 0.665329 0.435565 0.664788 0.435750 0.663533 0.435976 0.661754 0.436208 0.659723 0.436410 0.657753 0.436551 0.656147 0.436587 0.655550 0.436598 0.655052 0.436579 0.654909 0.404840 0.649485 0.391232 0.648027 0.388829 0.647770 0.388776 0.648088 0.388605 0.649461 0.388340 0.651683 0.388022 0.654415 0.387700 0.657237 0.387423 0.659713 0.387235 0.661461
0 0.033202 0.308530 0.034057 0.309066 0.035782 0.310091 0.038113 0.311446 0.040695 0.312928 0.043142 0.314313 0.045086 0.315393 0.046233 0.316006 0.046408 0.316057 0.047642 0.313982 0.054626 0.302230 0.069208 0.273581 0.068871 0.273320 0.068160 0.272826 0.067440 0.272353 0.065781 0.271330 0.063920 0.270231 0.062140 0.269224 0.060718 0.268464 0.059872 0.268069 0.059727 0.268096 0.041447 0.294681 0.040211 0.296757
0 0.879818 0.188206 0.879829 0.189222 0.879940 0.190704 0.880094 0.191893 0.880549 0.193870 0.881135 0.195539 0.881763 0.196648 0.882338 0.197027 0.914487 0.191395 0.928026 0.188147 0.930417 0.187573 0.931116 0.186983 0.931522 0.185379 0.931569 0.183001 0.931250 0.180213 0.930612 0.177445 0.929754 0.175125 0.928810 0.173608 0.927923 0.173124 0.925528 0.173700 0.914356 0.176388 0.911963 0.176964 0.880471 0.186630 0.880040 0.187056
0 0.909999 0.794631 0.911386 0.796536 0.919243 0.807321 0.939411 0.831589 0.940124 0.832171 0.941412 0.832246 0.943081 0.831801 0.944876 0.830902 0.945859 0.830175 0.947018 0.829146 0.947760 0.828342 0.948407 0.827076 0.948364 0.826081 0.931619 0.799631 0.930232 0.797724 0.923754 0.788820 0.922365 0.786911 0.921412 0.786195 0.919667 0.786176 0.917399 0.786856 0.914951 0.788127 0.912690 0.789798 0.910956 0.791619 0.910010 0.793315
0 0.568944 0.864053 0.569202 0.864662 0.570232 0.865968 0.571881 0.867775 0.573897 0.869807 0.575969 0.871749 0.577777 0.873303 0.579043 0.874229 0.579576 0.874388 0.590511 0.862402 0.610850 0.837056 0.610603 0.836657 0.609808 0.835758 0.608588 0.834496 0.607128 0.833063 0.605648 0.831676 0.604884 0.830998 0.604017 0.830257 0.603490 0.829834 0.603140 0.829660 0.579864 0.852099 0.578227 0.853891
0 0.599124 0.131554 0.630693 0.137815 0.644262 0.139608 0.646658 0.139924 0.646783 0.139173 0.647058 0.137404 0.647442 0.134882 0.647877 0.131994 0.648296 0.129184 0.648633 0.126888 0.648837 0.125456 0.648877 0.125107 0.646476 0.124791 0.632879 0.123003 0.600654 0.120865 0.600560 0.121111 0.600363 0.122137 0.600094 0.123787 0.599914 0.124997 0.599677 0.126647 0.599506 0.127892 0.599279 0.129715 0.599145 0.131000
0 0.788635 0.857049 0.790719 0.889561 0.792471 0.903341 0.792781 0.905775 0.793351 0.906421 0.794956 0.906896 0.797357 0.907124 0.800186 0.907070 0.803007 0.906741 0.805385 0.906189 0.806954 0.905498 0.807477 0.904776 0.807166 0.902338 0.805401 0.888530 0.799218 0.856259 0.798798 0.855866 0.797640 0.855593 0.796611 0.855527 0.795107 0.855509 0.793899 0.855550 0.791883 0.855784 0.790176 0.856151 0.789035 0.856595
0 0.518887 0.631351 0.519838 0.647465 0.519868 0.647589 0.520978 0.647641 0.523004 0.647613 0.525637 0.647507 0.528473 0.647341 0.531072 0.647140 0.533036 0.646935 0.534065 0.646758 0.533246 0.633033 0.533101 0.630613 0.529190 0.598495 0.529170 0.598484 0.528361 0.598512 0.526904 0.598583 0.525020 0.598685 0.522995 0.598804 0.521132 0.598921 0.519714 0.599018 0.519261 0.599056 0.518964 0.599090
0 0.366069 0.128570 0.366260 0.129164 0.372545 0.141525 0.373653 0.143704 0.390140 0.171758 0.390927 0.171741 0.392276 0.171346 0.393984 0.170632 0.395791 0.169708 0.397425 0.168714 0.398639 0.167799 0.399004 0.167382 0.399214 0.166952 0.399160 0.166729 0.386132 0.136672 0.378733 0.122098 0.377614 0.122029 0.375708 0.122510 0.373305 0.123471 0.370776 0.124764 0.368511 0.126189 0.366858 0.127526
0 0.195963 0.458708 0.212784 0.485746 0.222060 0.498726 0.222722 0.498868 0.224202 0.498362 0.226273 0.497290 0.228620 0.495814 0.230892 0.494156 0.232746 0.492567 0.233903 0.491284 0.234186 0.490502 0.226310 0.479495 0.224921 0.477554 0.204743 0.452838 0.204240 0.452669 0.203143 0.452973 0.201618 0.453705 0.199898 0.454753 0.198247 0.455958 0.197452 0.456662 0.196596 0.457523 0.196117 0.458100
0 0.843835 0.859204 0.844246 0.859813 0.845173 0.860936 0.846475 0.862403 0.847954 0.863989 0.849383 0.865450 0.850076 0.866116 0.850828 0.866801 0.851253 0.867155 0.851408 0.867139 0.876344 0.846718 0.888107 0.835720 0.887448 0.834923 0.886089 0.833418 0.884237 0.831437 0.882173 0.829280 0.880208 0.827269 0.878635 0.825708 0.877694 0.824832 0.877528 0.824776 0.867554 0.834113 0.865796 0.835760
0 0.390559 0.850532 0.391372 0.851595 0.393011 0.853003 0.395228 0.854543 0.397680 0.855975 0.399991 0.857079 0.401803 0.857686 0.402840 0.857703 0.409786 0.845693 0.411011 0.843574 0.425644 0.814176 0.425671 0.813967 0.425041 0.813254 0.423834 0.812286 0.422233 0.811209 0.420480 0.810185 0.418841 0.809370 0.417561 0.808886 0.417127 0.808840 0.416812 0.808945 0.398856 0.835881 0.397632 0.837994 0.391918 0.847860 0.390693 0.849976
0 0.391160 0.703714 0.391937 0.704584 0.393496 0.705927 0.395601 0.707536 0.397928 0.709165 0.400118 0.710561 0.401832 0.711510 0.402812 0.711868 0.404205 0.709870 0.412094 0.698554 0.429010 0.670823 0.429042 0.670677 0.428435 0.670097 0.427745 0.669544 0.426669 0.668718 0.425758 0.668042 0.424096 0.666879 0.422544 0.665857 0.421337 0.665130 0.420659 0.664810 0.400552 0.690164 0.391281 0.703446
0 0.301336 0.091204 0.301659 0.092181 0.302918 0.093567 0.304918 0.095152 0.307355 0.096695 0.309864 0.097965 0.312066 0.098772 0.313631 0.098993 0.314319 0.098592 0.315427 0.096488 0.321696 0.084568 0.334629 0.055544 0.334445 0.054787 0.333577 0.053732 0.332157 0.052541 0.330400 0.051395 0.328577 0.050472 0.327614 0.050137 0.326505 0.049868 0.325818 0.049803 0.325305 0.050158 0.308737 0.077156 0.302447 0.089095
0 0.760340 0.480011 0.760458 0.482820 0.760833 0.485401 0.761409 0.487366 0.762100 0.488415 0.764478 0.488315 0.775565 0.487848 0.777939 0.487748 0.778672 0.487716 0.809921 0.484430 0.810353 0.484095 0.810651 0.483612 0.810999 0.482148 0.811140 0.480250 0.811054 0.478208 0.810754 0.476336 0.810285 0.474922 0.809721 0.474182 0.778074 0.473517 0.764585 0.474076 0.762203 0.474175 0.761503 0.474235 0.760904 0.475367 0.760496 0.477395
0 0.058110 0.826984 0.058157 0.827079 0.076955 0.853190 0.085654 0.863729 0.087191 0.865590 0.088134 0.864985 0.089817 0.863722 0.091982 0.861995 0.094301 0.860066 0.096425 0.858224 0.098038 0.856746 0.098893 0.855855 0.098860 0.855688 0.097326 0.853831 0.090170 0.845174 0.088637 0.843320 0.066611 0.819997 0.065900 0.820367 0.064652 0.821222 0.063054 0.822432 0.061352 0.823812 0.059807 0.825151 0.058657 0.826243 0.058311 0.826648
0 0.354834 0.493753 0.365768 0.502060 0.367697 0.503525 0.394575 0.521442 0.395000 0.520920 0.395840 0.519848 0.396968 0.518389 0.397711 0.517418 0.398680 0.516148 0.399377 0.515228 0.400287 0.514014 0.400803 0.513306 0.400848 0.513211 0.376446 0.492151 0.374523 0.490688 0.365542 0.483856 0.363616 0.482391 0.363479 0.482460 0.362692 0.483386 0.361374 0.485030 0.359724 0.487143 0.357997 0.489398 0.356461 0.491448 0.355350 0.492977
