0 0.303963 0.101070 0.312356 0.131366 0.313131 0.133603 0.316750 0.144049 0.317526 0.146288 0.317949 0.147164 0.319358 0.147613 0.321532 0.147573 0.324143 0.147049 0.326798 0.146122 0.329097 0.144931 0.330696 0.143655 0.331349 0.142485 0.326955 0.129828 0.326180 0.127596 0.313948 0.098394 0.313636 0.097692 0.312611 0.097300 0.311025 0.097278 0.309887 0.097489 0.308345 0.097901 0.307191 0.098304 0.305532 0.099196 0.304399 0.100167
0 0.920357 0.399349 0.927473 0.430668 0.928164 0.432978 0.931394 0.443764 0.932087 0.446077 0.932366 0.446040 0.933703 0.445699 0.935890 0.445106 0.938598 0.444350 0.941422 0.443545 0.943935 0.442812 0.945758 0.442262 0.946610 0.441979 0.942671 0.428856 0.941976 0.426541 0.930634 0.396298 0.930511 0.396274 0.929539 0.396470 0.927947 0.396874 0.925978 0.397423 0.923935 0.398034 0.922133 0.398612 0.920847 0.399068 0.920501 0.399228
0 0.806443 0.034806 0.806456 0.036418 0.806599 0.037373 0.806749 0.037464 0.839123 0.040840 0.841561 0.040932 0.852942 0.041361 0.855383 0.041453 0.855927 0.040518 0.856494 0.038569 0.856999 0.035898 0.857362 0.032915 0.857527 0.030080 0.857470 0.027830 0.857198 0.026510 0.856756 0.026321 0.854310 0.026230 0.842905 0.025808 0.840462 0.025718 0.807870 0.026671 0.807638 0.026895 0.807446 0.027310 0.807104 0.028726 0.806793 0.030647 0.806562 0.032781
0 0.898033 0.783979 0.898522 0.784479 0.900881 0.786887 0.903823 0.789890 0.904953 0.791043 0.905610 0.791713 0.905694 0.791798 0.930697 0.771223 0.932465 0.769564 0.942486 0.760159 0.942438 0.759982 0.941579 0.759006 0.940037 0.757379 0.938049 0.755350 0.935921 0.753233 0.933984 0.751354 0.932532 0.750001 0.931785 0.749377 0.921790 0.758770 0.920028 0.760426
0 0.632522 0.346810 0.634689 0.347844 0.646961 0.353699 0.676682 0.365639 0.677052 0.365496 0.677725 0.364656 0.678599 0.363245 0.679541 0.361478 0.680058 0.360370 0.680668 0.358961 0.681060 0.357972 0.681403 0.356774 0.681385 0.356211 0.653424 0.340599 0.641131 0.334724 0.638960 0.333687 0.638523 0.333949 0.637666 0.335167 0.636519 0.337153 0.635256 0.339604 0.634067 0.342152 0.633130 0.344414 0.632588 0.346050
0 0.945631 0.332122 0.945691 0.334505 0.945975 0.345635 0.946036 0.348021 0.946857 0.348426 0.948699 0.348692 0.951281 0.348777 0.954217 0.348670 0.957064 0.348387 0.959395 0.347970 0.960853 0.347481 0.961212 0.346994 0.960856 0.333425 0.960793 0.331033 0.957848 0.299353 0.957266 0.299000 0.955938 0.298768 0.954816 0.298722 0.953204 0.298728 0.951928 0.298783 0.949866 0.299029 0.948190 0.299390 0.947155 0.299812 0.946916 0.300229
0 0.455224 0.640668 0.478624 0.662909 0.480478 0.664464 0.490994 0.673280 0.491546 0.672665 0.492720 0.671288 0.494337 0.669357 0.496149 0.667169 0.497875 0.665063 0.499250 0.663362 0.500065 0.662327 0.500197 0.662111 0.498343 0.660558 0.487846 0.651768 0.461911 0.632663 0.461760 0.632776 0.461122 0.633482 0.460093 0.634675 0.458829 0.636174 0.457525 0.637748 0.456382 0.639156 0.455898 0.639770 0.455433 0.640377
0 0.793473 0.902135 0.793808 0.902804 0.794310 0.903518 0.795136 0.904617 0.795865 0.905538 0.797273 0.907186 0.798657 0.908689 0.799803 0.909818 0.800537 0.910398 0.800746 0.910343 0.826221 0.890741 0.838284 0.880127 0.837729 0.879244 0.836489 0.877638 0.834754 0.875556 0.832786 0.873312 0.830882 0.871243 0.829328 0.869660 0.828357 0.868802 0.828120 0.868802 0.826314 0.870393 0.817892 0.877813 0.816089 0.879403
0 0.678911 0.978749 0.679280 0.979542 0.680705 0.980318 0.682974 0.980958 0.685741 0.981363 0.688579 0.981470 0.691050 0.981262 0.692775 0.980772 0.693490 0.980077 0.693561 0.977616 0.693960 0.963681 0.692873 0.930789 0.692589 0.930288 0.691966 0.929995 0.690891 0.929634 0.689914 0.929391 0.687933 0.929131 0.685906 0.929054 0.684136 0.929174 0.682893 0.929472 0.682365 0.929903 0.679391 0.962388 0.679319 0.964840 0.678983 0.976294
0 0.261871 0.100088 0.262119 0.100374 0.262700 0.100916 0.263315 0.101438 0.264799 0.102573 0.266512 0.103798 0.268197 0.104928 0.269600 0.105794 0.270508 0.106263 0.270783 0.106265 0.290042 0.080263 0.297515 0.068685 0.298834 0.066640 0.298332 0.065910 0.296965 0.064628 0.294939 0.062989 0.292564 0.061244 0.290205 0.059662 0.288227 0.058487 0.286934 0.057900 0.286522 0.057988 0.277720 0.071644
0 0.929707 0.516407 0.930956 0.518434 0.938032 0.529915 0.956444 0.555851 0.957175 0.556037 0.958511 0.555789 0.960248 0.555144 0.962122 0.554199 0.963153 0.553542 0.964371 0.552663 0.965152 0.552014 0.965842 0.551110 0.965812 0.550525 0.950987 0.522476 0.949738 0.520446 0.943906 0.510968 0.942655 0.508936 0.941671 0.508772 0.939856 0.509202 0.937489 0.510157 0.934928 0.511491 0.932558 0.513003 0.930734 0.514467 0.929733 0.515662
0 0.766409 0.283591 0.778396 0.313307 0.785329 0.327741 0.785845 0.327753 0.787296 0.327273 0.789461 0.326375 0.792013 0.325194 0.794569 0.323909 0.796745 0.322712 0.798210 0.321783 0.798740 0.321267 0.797696 0.319097 0.792826 0.308975 0.791783 0.306808 0.776044 0.278862 0.775658 0.278788 0.774594 0.279086 0.773013 0.279712 0.771157 0.280570 0.769314 0.281528 0.767764 0.282439 0.767154 0.282872 0.766610 0.283335
0 0.847903 0.910237 0.848264 0.911456 0.849193 0.913447 0.850550 0.915909 0.852132 0.918473 0.853702 0.920754 0.855021 0.922405 0.855889 0.923174 0.869710 0.915118 0.896212 0.897212 0.896469 0.897007 0.896257 0.896109 0.895869 0.895238 0.895211 0.893933 0.894621 0.892862 0.893448 0.891014 0.892269 0.889391 0.891265 0.888240 0.890588 0.887737 0.861968 0.901946 0.859899 0.903150 0.848169 0.909977
0 0.810765 0.697020 0.832645 0.721129 0.844333 0.732525 0.844904 0.732873 0.846192 0.732422 0.848005 0.731237 0.850065 0.729497 0.852055 0.727470 0.853667 0.725468 0.854653 0.723801 0.854865 0.722723 0.853106 0.721010 0.843146 0.711311 0.818305 0.689907 0.817932 0.689718 0.817044 0.690099 0.816286 0.690632 0.815192 0.691499 0.814323 0.692256 0.812902 0.693704 0.811727 0.695117 0.810977 0.696281
0 0.791740 0.867256 0.792215 0.870026 0.793714 0.872402 0.794218 0.873042 0.797109 0.876708 0.806335 0.884688 0.807362 0.885414 0.809411 0.885877 0.811481 0.885523 0.813259 0.884402 0.814472 0.882685 0.814936 0.880637 0.814582 0.878566 0.809196 0.869087 0.807680 0.866683 0.804686 0.863114 0.804163 0.862491 0.801869 0.860869 0.799129 0.860248 0.796360 0.860723 0.793983 0.862222 0.792360 0.864516
0 0.582247 0.742128 0.582831 0.774463 0.583027 0.776890 0.584139 0.790655 0.584295 0.791069 0.585521 0.791368 0.587634 0.791507 0.590312 0.791462 0.593144 0.791241 0.595691 0.790877 0.597563 0.790428 0.598473 0.789962 0.598275 0.787527 0.597152 0.773737 0.592478 0.741376 0.592404 0.741240 0.591514 0.741092 0.589996 0.741045 0.588081 0.741105 0.586057 0.741263 0.584232 0.741495 0.582878 0.741767 0.582475 0.741928
0 0.735609 0.264397 0.736469 0.280265 0.737115 0.280785 0.738772 0.281132 0.741187 0.281253 0.743996 0.281131 0.746778 0.280784 0.749114 0.280265 0.750649 0.279650 0.751146 0.279033 0.751016 0.276647 0.750405 0.265517 0.750274 0.263134 0.746314 0.231410 0.746042 0.231146 0.744848 0.230843 0.743096 0.230727 0.741054 0.230815 0.739036 0.231095 0.737352 0.231522 0.736259 0.232032 0.736058 0.232339
0 0.388333 0.904492 0.400369 0.910833 0.402492 0.911951 0.431697 0.924982 0.431928 0.924948 0.432366 0.924608 0.432787 0.924138 0.433702 0.922742 0.434687 0.920952 0.435591 0.919040 0.436275 0.917302 0.436635 0.916004 0.436618 0.915340 0.409372 0.898612 0.407254 0.897494 0.395246 0.891158 0.394781 0.891301 0.393864 0.892431 0.392636 0.894375 0.391281 0.896839 0.390002 0.899453 0.388993 0.901825 0.388406 0.903595
0 0.943840 0.107342 0.954637 0.137365 0.955593 0.139554 0.960059 0.149778 0.961017 0.151970 0.961220 0.152356 0.962453 0.152211 0.964528 0.151558 0.967132 0.150496 0.969873 0.149185 0.972339 0.147822 0.974158 0.146611 0.975049 0.145738 0.968647 0.131108 0.968457 0.130680 0.953769 0.102440 0.952866 0.102495 0.951961 0.102762 0.950591 0.103252 0.949459 0.103714 0.947479 0.104691 0.945716 0.105725 0.944438 0.106655
0 0.874184 1.000000 0.893596 1.000000 0.894627 0.997858 0.906458 0.967429 0.905812 0.966862 0.904521 0.965994 0.902781 0.964957 0.900858 0.963908 0.899042 0.963006 0.898182 0.962635 0.897266 0.962288 0.896764 0.962142 0.896650 0.962312
0 0.755826 0.803546 0.756196 0.806331 0.757602 0.808763 0.758045 0.809294 0.760130 0.811793 0.760581 0.812333 0.768305 0.818360 0.769974 0.819638 0.772004 0.820180 0.774087 0.819904 0.775905 0.818852 0.776670 0.817854 0.777402 0.816368 0.777726 0.815153 0.777450 0.813070 0.772949 0.805179 0.771526 0.802719 0.771056 0.802194 0.768884 0.799772 0.768423 0.799258 0.766192 0.797550 0.763478 0.796825 0.760692 0.797194 0.758260 0.798601 0.756552 0.800831
0 0.189532 0.652053 0.189594 0.654217 0.189924 0.656899 0.190470 0.659686 0.191149 0.662148 0.191856 0.663906 0.192481 0.664693 0.208467 0.661486 0.240040 0.653113 0.240295 0.652914 0.240380 0.651968 0.240284 0.650419 0.240020 0.648506 0.239630 0.646515 0.239355 0.645457 0.238987 0.644233 0.238714 0.643467 0.238327 0.642875 0.206155 0.647276 0.203763 0.647754 0.192594 0.649988 0.190200 0.650467 0.189745 0.650737
0 0.675623 0.106106 0.675656 0.106425 0.677836 0.107446 0.690182 0.113227 0.720057 0.124909 0.720491 0.124415 0.721211 0.123243 0.722107 0.121571 0.723043 0.119655 0.723540 0.118538 0.724116 0.117172 0.724474 0.116257 0.724749 0.115298 0.724660 0.115055 0.696506 0.099536 0.684139 0.093735 0.681955 0.092711 0.681431 0.093461 0.680509 0.095136 0.679332 0.097479 0.678078 0.100133 0.676934 0.102702 0.676072 0.104798
0 0.775778 0.818128 0.776458 0.818890 0.778162 0.820534 0.786108 0.828200 0.787810 0.829841 0.811734 0.850167 0.812778 0.850157 0.814168 0.849542 0.815692 0.848413 0.817113 0.846945 0.818215 0.845362 0.818582 0.844492 0.818841 0.843464 0.818860 0.842805 0.797695 0.819631 0.796972 0.818868 0.795275 0.817228 0.787349 0.809572 0.785649 0.807931 0.784255 0.808022 0.782381 0.808930 0.780311 0.810513 0.778355 0.812533 0.776808 0.814687 0.775902 0.816651
0 0.217756 0.073845 0.227482 0.103641 0.228356 0.105835 0.232439 0.116076 0.233315 0.118272 0.233917 0.119200 0.235471 0.119650 0.237737 0.119556 0.240372 0.118935 0.242978 0.117882 0.245166 0.116553 0.246605 0.115149 0.247075 0.113881 0.246200 0.111690 0.241244 0.099283 0.227698 0.070744 0.227255 0.070005 0.226577 0.069771 0.225456 0.069619 0.224465 0.069629 0.222543 0.070053 0.220648 0.070819 0.219072 0.071809 0.218057 0.072872
0 0.883975 0.198223 0.884108 0.199871 0.884518 0.201805 0.885143 0.203736 0.885889 0.205372 0.886643 0.206464 0.887291 0.206846 0.918872 0.198508 0.921205 0.197736 0.932100 0.194129 0.934435 0.193355 0.935147 0.192789 0.935473 0.191233 0.935361 0.188919 0.934827 0.186202 0.933952 0.183500 0.932872 0.181230 0.931753 0.179742 0.930768 0.179259 0.917513 0.183657 0.915176 0.184433 0.884580 0.196710 0.884317 0.196951 0.884074 0.197559
0 0.668481 0.725598 0.668855 0.725884 0.670265 0.726373 0.672497 0.726992 0.675211 0.727646 0.677990 0.728233 0.680404 0.728664 0.682082 0.728872 0.682769 0.728826 0.683249 0.726442 0.685486 0.715324 0.685965 0.712943 0.690236 0.680754 0.690055 0.680670 0.689016 0.680379 0.687400 0.679984 0.685453 0.679543 0.683467 0.679123 0.681744 0.678788 0.680542 0.678587 0.680245 0.678567 0.680161 0.678608 0.671680 0.709750 0.671200 0.712126 0.668961 0.723219
0 0.887881 0.328982 0.906203 0.355516 0.907703 0.357415 0.914711 0.366279 0.916214 0.368180 0.916949 0.367776 0.918493 0.366745 0.920614 0.365240 0.922987 0.363492 0.925246 0.361771 0.927043 0.360342 0.928100 0.359425 0.928261 0.359158 0.919726 0.348376 0.918221 0.346475 0.896520 0.322425 0.896220 0.322639 0.895585 0.323104 0.894940 0.323583 0.893447 0.324703 0.891767 0.325974 0.890152 0.327204 0.888848 0.328207 0.888050 0.328832
0 0.544749 0.111354 0.545327 0.114104 0.546914 0.116423 0.549267 0.117958 0.552029 0.118476 0.554778 0.117897 0.557097 0.116310 0.558632 0.113957 0.559150 0.111196 0.559834 0.106700 0.559179 0.097413 0.558747 0.095357 0.558037 0.094319 0.556852 0.093161 0.555799 0.092474 0.553734 0.092087 0.551678 0.092520 0.549944 0.093706 0.548796 0.095467 0.545790 0.104067 0.545266 0.106861
0 0.288366 0.056231 0.288423 0.056456 0.288654 0.056783 0.289610 0.057783 0.290988 0.059083 0.292579 0.060484 0.294144 0.061776 0.295446 0.062765 0.296288 0.063300 0.296440 0.063300 0.318274 0.039315 0.319787 0.037412 0.328367 0.026619 0.327911 0.025798 0.326651 0.024346 0.324778 0.022482 0.322577 0.020492 0.320387 0.018683 0.318547 0.017334 0.317338 0.016653 0.316946 0.016740 0.308356 0.027561 0.306841 0.029470
0 0.705387 0.752167 0.712925 0.763293 0.714255 0.765255 0.733659 0.790372 0.734069 0.790896 0.735095 0.790944 0.736582 0.790504 0.738303 0.789644 0.739994 0.788495 0.740831 0.787741 0.741754 0.786760 0.742290 0.786054 0.742544 0.785138 0.726538 0.757945 0.725208 0.755978 0.717661 0.744825 0.717125 0.744190 0.715740 0.744212 0.713719 0.744883 0.711370 0.746101 0.709044 0.747682 0.707092 0.749387 0.705807 0.750962
0 0.280078 0.647051 0.281487 0.649010 0.288058 0.658144 0.289466 0.660100 0.309855 0.684937 0.310305 0.684831 0.311342 0.684264 0.312220 0.683700 0.313483 0.682849 0.314484 0.682146 0.316104 0.680921 0.317423 0.679834 0.318241 0.679050 0.318434 0.678688 0.301398 0.651487 0.299995 0.649534 0.293442 0.640414 0.292037 0.638459 0.291449 0.638691 0.290047 0.639538 0.288044 0.640869 0.285743 0.642485 0.283489 0.644142 0.281620 0.645591 0.280421 0.646614
0 0.421664 0.075413 0.421671 0.076223 0.421905 0.076871 0.452278 0.086704 0.454594 0.087291 0.465412 0.090031 0.467732 0.090618 0.468228 0.090380 0.468911 0.089074 0.469679 0.086900 0.470416 0.084187 0.471011 0.081341 0.471374 0.078791 0.471450 0.076923 0.471226 0.076024 0.455738 0.072112 0.424356 0.066335 0.423938 0.066475 0.423396 0.067399 0.422813 0.068967 0.422277 0.070939 0.421872 0.073013 0.421745 0.074123
0 0.136013 0.532897 0.136044 0.535311 0.136220 0.548995 0.136958 0.549069 0.138715 0.549106 0.141220 0.549100 0.144094 0.549053 0.146904 0.548973 0.149229 0.548869 0.150718 0.548760 0.151143 0.548660 0.150959 0.535003 0.150926 0.532595 0.148428 0.500567 0.147914 0.500443 0.146656 0.500351 0.144845 0.500304 0.142758 0.500311 0.140715 0.500370 0.139707 0.500431 0.138600 0.500524 0.137962 0.500601 0.137672 0.500738
0 0.106834 0.179621 0.106894 0.181273 0.107020 0.182509 0.107470 0.184280 0.108088 0.185486 0.108781 0.185946 0.140366 0.188522 0.153785 0.188744 0.156154 0.188783 0.156984 0.188287 0.157652 0.186744 0.158058 0.184389 0.158142 0.181579 0.157891 0.178734 0.157343 0.176283 0.156578 0.174596 0.155713 0.173935 0.139893 0.173684 0.108394 0.175244 0.107729 0.175586 0.107194 0.176693 0.106870 0.178398
0 0.591391 0.487480 0.595849 0.502875 0.606670 0.533078 0.606861 0.533245 0.607787 0.533180 0.609309 0.532892 0.611195 0.532423 0.613156 0.531847 0.614194 0.531490 0.615390 0.531040 0.616132 0.530727 0.616691 0.530356 0.609726 0.499039 0.609058 0.496726 0.605269 0.483610 0.605008 0.483478 0.603732 0.483660 0.601641 0.484127 0.599052 0.484809 0.596355 0.485602 0.593954 0.486387 0.592210 0.487046
0 0.629452 0.525746 0.630095 0.528059 0.633742 0.541155 0.644245 0.571413 0.644489 0.571637 0.645464 0.571631 0.647028 0.571395 0.648940 0.570965 0.650906 0.570407 0.652624 0.569806 0.653347 0.569476 0.654038 0.569087 0.654345 0.568838 0.647730 0.537522 0.644084 0.524397 0.643440 0.522080 0.643105 0.521869 0.641759 0.521969 0.639611 0.522364 0.636988 0.522994 0.634283 0.523762 0.631903 0.524554 0.630206 0.525250
0 0.703091 0.919735 0.703189 0.922543 0.704354 0.925100 0.706717 0.930015 0.713291 0.938984 0.714828 0.940417 0.716796 0.941153 0.718897 0.941080 0.720808 0.940208 0.722241 0.938672 0.722681 0.937495 0.722948 0.935859 0.722904 0.934603 0.719719 0.924089 0.718540 0.921503 0.718162 0.920773 0.716042 0.916685 0.713988 0.914769 0.711356 0.913785 0.708548 0.913883 0.705991 0.915048 0.704075 0.917103
0 0.869082 0.085714 0.869312 0.087441 0.869628 0.088610 0.870139 0.090155 0.870584 0.091284 0.871434 0.092820 0.872260 0.093772 0.872938 0.093995 0.903939 0.083594 0.916869 0.078341 0.919152 0.077413 0.919837 0.076625 0.920074 0.074885 0.919824 0.072455 0.919125 0.069707 0.918083 0.067064 0.916859 0.064936 0.915642 0.063648 0.914619 0.063395 0.899379 0.069598 0.869604 0.083919 0.869184 0.084477
