0 0.783813 0.876488 0.784015 0.879291 0.785274 0.881803 0.788073 0.885549 0.788573 0.886217 0.797039 0.894088 0.798628 0.895463 0.800622 0.896125 0.802718 0.895974 0.804597 0.895032 0.805971 0.893443 0.806634 0.891450 0.806543 0.890196 0.806104 0.888598 0.805540 0.887475 0.800072 0.877272 0.799553 0.876619 0.796643 0.872960 0.794518 0.871122 0.791851 0.870236 0.789049 0.870438 0.786537 0.871697 0.784699 0.873822
0 0.684998 0.320355 0.687045 0.321607 0.696596 0.327446 0.698641 0.328696 0.726963 0.343620 0.727224 0.343522 0.727723 0.343126 0.728205 0.342634 0.729256 0.341277 0.730392 0.339591 0.731439 0.337835 0.732236 0.336280 0.732660 0.335164 0.732648 0.334657 0.706469 0.316233 0.704421 0.314979 0.692804 0.307867 0.692267 0.308166 0.691221 0.309367 0.689826 0.311284 0.688293 0.313626 0.686853 0.316041 0.685721 0.318166 0.685070 0.319681
0 0.868254 0.447660 0.868428 0.450465 0.869660 0.452989 0.871766 0.454850 0.874423 0.455764 0.877227 0.455590 0.877875 0.455514 0.880928 0.455155 0.881589 0.455077 0.890094 0.452011 0.891981 0.451089 0.892814 0.450147 0.893648 0.448715 0.894056 0.447527 0.893927 0.445429 0.893005 0.443541 0.891430 0.442150 0.889443 0.441467 0.880709 0.440815 0.877873 0.440990 0.873554 0.441665 0.871029 0.442898 0.869168 0.445003
0 0.295159 0.340917 0.295812 0.343261 0.298860 0.354195 0.299513 0.356537 0.310152 0.387203 0.310395 0.387246 0.311369 0.387083 0.312924 0.386738 0.314061 0.386454 0.315612 0.386049 0.316783 0.385731 0.318504 0.385223 0.319728 0.384813 0.320269 0.384566 0.313558 0.352943 0.309873 0.339692 0.309222 0.337352 0.308884 0.337191 0.307522 0.337326 0.305343 0.337737 0.302677 0.338363 0.299936 0.339107 0.297543 0.339855 0.295865 0.340490
0 0.154526 0.281062 0.155107 0.281941 0.156188 0.283216 0.157602 0.284691 0.158518 0.285558 0.159702 0.286624 0.160547 0.287341 0.161625 0.288109 0.162205 0.288330 0.186359 0.267301 0.197723 0.256031 0.197651 0.255594 0.196791 0.254420 0.195272 0.252687 0.193326 0.250658 0.191244 0.248635 0.189339 0.246925 0.187899 0.245785 0.187145 0.245393 0.185437 0.247089 0.175766 0.256693 0.154533 0.280713
0 0.722165 0.686077 0.722194 0.686673 0.722295 0.687175 0.722414 0.687325 0.754074 0.695158 0.756475 0.695597 0.770090 0.698086 0.770624 0.697360 0.771239 0.695645 0.771839 0.693201 0.772332 0.690404 0.772642 0.687686 0.772721 0.685465 0.772558 0.684080 0.772180 0.683739 0.756195 0.680827 0.723990 0.676998 0.723668 0.677547 0.723277 0.678795 0.722875 0.680550 0.722522 0.682548 0.722273 0.684488
0 0.954492 0.213002 0.956166 0.244817 0.956448 0.247184 0.958048 0.260610 0.958288 0.261107 0.959631 0.261373 0.961871 0.261369 0.964669 0.261095 0.967607 0.260593 0.970242 0.259938 0.972175 0.259227 0.973110 0.258570 0.971498 0.245118 0.971213 0.242746 0.965339 0.211463 0.965175 0.211036 0.964207 0.210792 0.962582 0.210767 0.960547 0.210966 0.959272 0.211201 0.957652 0.211570 0.956517 0.211884 0.955140 0.212461
0 0.580844 0.181344 0.581246 0.183750 0.583522 0.197370 0.590835 0.228967 0.591460 0.229084 0.592766 0.229030 0.593835 0.228900 0.595357 0.228674 0.596554 0.228467 0.598464 0.228044 0.599995 0.227607 0.600917 0.227222 0.601085 0.226949 0.597724 0.194507 0.595050 0.178447 0.594186 0.178190 0.592365 0.178192 0.589863 0.178456 0.587064 0.178940 0.584401 0.179571 0.582285 0.180249 0.581037 0.180872
0 0.329753 0.297614 0.330036 0.297788 0.331042 0.298171 0.332617 0.298704 0.334520 0.299305 0.336464 0.299884 0.337477 0.300165 0.338634 0.300470 0.339344 0.300643 0.339842 0.300708 0.350711 0.270284 0.355187 0.254742 0.354845 0.254413 0.353488 0.253798 0.351319 0.252990 0.348670 0.252114 0.345948 0.251303 0.343573 0.250684 0.341912 0.250351 0.341216 0.250354 0.340544 0.252692 0.337411 0.263596 0.336741 0.265931
0 0.427652 0.926417 0.427872 0.927713 0.428490 0.929424 0.429412 0.931289 0.430498 0.933021 0.431581 0.934353 0.432493 0.935082 0.432854 0.935092 0.461238 0.920441 0.463276 0.919205 0.474834 0.912193 0.475031 0.911272 0.474640 0.909511 0.473722 0.907180 0.472418 0.904632 0.470924 0.902250 0.469464 0.900391 0.468259 0.899336 0.467490 0.899248 0.453927 0.907488 0.428107 0.925744 0.427778 0.926008
0 0.546866 0.824412 0.546885 0.824768 0.557554 0.855699 0.558491 0.857960 0.562869 0.868517 0.563808 0.870781 0.564866 0.870906 0.566761 0.870548 0.569208 0.869760 0.571827 0.868663 0.574216 0.867425 0.576006 0.866239 0.576925 0.865286 0.576837 0.864710 0.575899 0.862451 0.570586 0.849662 0.556302 0.820458 0.555554 0.820436 0.554208 0.820743 0.553166 0.821097 0.551714 0.821649 0.550595 0.822118 0.548875 0.822978 0.547565 0.823783
0 0.354074 0.161777 0.354266 0.162834 0.354697 0.164464 0.355301 0.166417 0.355985 0.168391 0.356644 0.170085 0.356964 0.170776 0.357309 0.171417 0.357504 0.171680 0.388590 0.163704 0.390876 0.162958 0.403842 0.158724 0.403854 0.158280 0.403519 0.156829 0.402888 0.154591 0.402057 0.151905 0.401150 0.149174 0.400304 0.146808 0.399647 0.145166 0.399279 0.144501 0.383999 0.149501 0.354149 0.161452
0 0.688655 0.668324 0.688730 0.670784 0.689039 0.673579 0.689535 0.676289 0.690144 0.678506 0.690775 0.679895 0.691332 0.680239 0.707169 0.678348 0.738471 0.672568 0.738820 0.672011 0.738995 0.670744 0.738980 0.669675 0.738879 0.668140 0.738744 0.666924 0.738357 0.664961 0.737865 0.663367 0.737346 0.662384 0.736878 0.662162 0.705024 0.663911 0.702654 0.664192 0.689217 0.665788 0.688826 0.666570
0 0.617617 0.113401 0.617976 0.114511 0.618704 0.116066 0.619294 0.117122 0.620131 0.118518 0.620786 0.119539 0.621826 0.120933 0.622653 0.121802 0.623141 0.122013 0.651360 0.105916 0.664975 0.096974 0.665162 0.096255 0.664750 0.094675 0.663799 0.092473 0.662453 0.089984 0.660920 0.087593 0.659436 0.085669 0.658229 0.084508 0.657484 0.084284 0.655437 0.085630 0.645891 0.091908 0.643847 0.093253 0.617683 0.112906
0 0.876190 0.826594 0.876357 0.827743 0.876784 0.828184 0.907564 0.839988 0.920881 0.844176 0.923233 0.844915 0.924186 0.844475 0.925261 0.843013 0.926292 0.840749 0.927120 0.838032 0.927617 0.835282 0.927708 0.832921 0.927380 0.831312 0.926685 0.830695 0.924337 0.829958 0.913389 0.826523 0.911045 0.825788 0.879340 0.817957 0.878715 0.818309 0.877993 0.819381 0.877568 0.820356 0.877045 0.821792 0.876691 0.822953 0.876307 0.824912
0 0.174859 0.500747 0.174964 0.501322 0.175708 0.502287 0.176980 0.503495 0.178585 0.504761 0.180275 0.505890 0.181792 0.506708 0.182457 0.506938 0.183120 0.507049 0.183441 0.506984 0.204510 0.483011 0.214241 0.470399 0.214024 0.469661 0.212943 0.468376 0.211165 0.466740 0.208957 0.464999 0.206652 0.463414 0.204595 0.462223 0.203099 0.461609 0.202392 0.461667 0.194110 0.472415 0.192650 0.474311
0 0.779321 0.054849 0.779353 0.054997 0.781296 0.056423 0.792300 0.064499 0.819375 0.081747 0.819941 0.081211 0.820913 0.080074 0.822144 0.078508 0.823445 0.076752 0.824616 0.075077 0.825132 0.074277 0.825646 0.073420 0.825897 0.072946 0.825812 0.072815 0.801173 0.052074 0.799229 0.050645 0.788206 0.042544 0.787484 0.043367 0.786202 0.045007 0.784556 0.047214 0.782795 0.049653 0.781184 0.051957 0.779965 0.053780
0 0.758589 0.327190 0.758625 0.327359 0.768634 0.357744 0.774683 0.372584 0.775236 0.372575 0.776743 0.372142 0.778973 0.371353 0.781590 0.370326 0.784203 0.369216 0.786416 0.368189 0.787896 0.367401 0.788413 0.366972 0.787502 0.364741 0.782342 0.352106 0.768161 0.323205 0.767916 0.323169 0.766815 0.323432 0.765188 0.323978 0.763285 0.324725 0.761399 0.325556 0.759819 0.326345 0.758786 0.326970
0 0.546253 0.818940 0.546334 0.819501 0.546717 0.822143 0.546800 0.822715 0.547237 0.825592 0.548740 0.828083 0.551083 0.829808 0.553907 0.830506 0.556784 0.830070 0.559275 0.828566 0.561000 0.826224 0.561699 0.823399 0.561262 0.820523 0.561154 0.819954 0.560546 0.816773 0.557281 0.810212 0.556232 0.808475 0.554598 0.807271 0.552628 0.806784 0.551428 0.806966 0.549923 0.807510 0.548884 0.808137 0.547681 0.809771 0.547194 0.811740
0 0.917978 0.222074 0.935709 0.248895 0.937168 0.250816 0.945442 0.261706 0.945581 0.261644 0.946630 0.260912 0.948429 0.259623 0.950704 0.257972 0.953115 0.256206 0.955300 0.254590 0.956927 0.253370 0.957748 0.252732 0.956283 0.250806 0.949450 0.241825 0.947986 0.239901 0.926804 0.215551 0.926678 0.215534 0.925897 0.216017 0.925109 0.216563 0.923913 0.217412 0.922924 0.218130 0.921189 0.219434 0.919640 0.220642 0.918513 0.221569
0 0.490748 0.310567 0.490818 0.310773 0.516367 0.330076 0.529706 0.338896 0.530384 0.338389 0.531550 0.337034 0.533028 0.335038 0.534594 0.332703 0.536014 0.330379 0.537074 0.328415 0.537612 0.327110 0.537545 0.326664 0.526178 0.319158 0.524173 0.317835 0.496409 0.301919 0.495873 0.302237 0.494992 0.303183 0.493897 0.304615 0.492758 0.306313 0.491750 0.308015 0.491028 0.309460 0.490833 0.310039
0 0.174938 0.809982 0.175294 0.811187 0.176066 0.812653 0.176857 0.813630 0.178703 0.814633 0.180792 0.814853 0.182808 0.814256 0.191085 0.808780 0.193294 0.806991 0.193825 0.806460 0.196279 0.804003 0.196799 0.803482 0.198140 0.801013 0.198434 0.798219 0.197636 0.795525 0.195868 0.793341 0.193399 0.792000 0.190605 0.791706 0.187911 0.792504 0.185727 0.794272 0.185187 0.794777 0.182093 0.797675 0.176160 0.806046 0.175158 0.807892
0 0.330183 0.646774 0.330682 0.647277 0.331885 0.647872 0.332916 0.648229 0.334405 0.648673 0.335590 0.648976 0.337521 0.649314 0.339108 0.649432 0.340109 0.649314 0.340372 0.648976 0.350055 0.618535 0.350636 0.616217 0.353346 0.605392 0.353927 0.603071 0.353193 0.602458 0.351504 0.601702 0.349118 0.600916 0.346394 0.600219 0.343741 0.599716 0.341558 0.599482 0.340177 0.599554 0.339811 0.599922 0.339230 0.602248 0.336522 0.613096 0.335942 0.615420
0 0.609294 0.350006 0.609436 0.352392 0.610246 0.365925 0.611127 0.366274 0.612964 0.366476 0.615474 0.366503 0.618282 0.366349 0.620965 0.366039 0.623119 0.365618 0.624418 0.365150 0.624659 0.364705 0.623839 0.351146 0.623694 0.348755 0.619701 0.317261 0.619517 0.316976 0.619143 0.316786 0.617818 0.316588 0.615996 0.316541 0.613954 0.316653 0.612008 0.316906 0.610458 0.317261 0.609537 0.317664 0.609446 0.317897
0 0.525368 0.933087 0.525431 0.934133 0.525591 0.936494 0.526340 0.947503 0.526501 0.949860 0.530593 0.980956 0.531421 0.981665 0.532900 0.982151 0.534806 0.982340 0.536846 0.982202 0.538705 0.981758 0.540099 0.981077 0.540528 0.980590 0.540789 0.979933 0.540679 0.948899 0.540521 0.946541 0.539779 0.935532 0.539619 0.933171 0.539529 0.932127 0.538369 0.931239 0.536321 0.930640 0.533697 0.930420 0.530892 0.930610 0.528327 0.931182 0.526387 0.932051
0 0.535379 0.762478 0.567021 0.769070 0.580611 0.771016 0.583011 0.771359 0.583149 0.770771 0.583408 0.769153 0.583749 0.766752 0.584120 0.763936 0.584463 0.761141 0.584726 0.758796 0.584868 0.757261 0.584868 0.756765 0.582473 0.756423 0.568909 0.754491 0.536787 0.751969 0.536717 0.752320 0.536617 0.752977 0.536454 0.754095 0.536311 0.755102 0.536037 0.757110 0.535771 0.759136 0.535552 0.760869 0.535414 0.762042
0 0.477896 0.951501 0.477961 0.952277 0.478859 0.953684 0.480458 0.955510 0.482515 0.957475 0.484711 0.959276 0.486709 0.960635 0.488201 0.961342 0.488960 0.961293 0.490490 0.959379 0.497626 0.950452 0.499154 0.948540 0.517954 0.921739 0.517849 0.921224 0.517152 0.920256 0.516444 0.919495 0.515370 0.918428 0.514479 0.917600 0.512910 0.916314 0.511496 0.915318 0.510452 0.914764 0.509936 0.914737 0.488077 0.938780
0 0.304319 0.741125 0.304484 0.742111 0.305169 0.743504 0.306270 0.745091 0.307618 0.746627 0.309006 0.747876 0.309733 0.748338 0.310566 0.748719 0.311078 0.748825 0.336195 0.729541 0.337990 0.727975 0.348165 0.719094 0.348600 0.718539 0.348291 0.717219 0.347285 0.715336 0.345738 0.713175 0.343883 0.711062 0.341999 0.709313 0.340368 0.708193 0.339238 0.707873 0.337446 0.709439 0.327299 0.718307 0.304696 0.740693
0 0.725967 0.373118 0.737743 0.383920 0.762650 0.404002 0.762934 0.403969 0.763511 0.403692 0.764086 0.403312 0.765389 0.402197 0.766834 0.400769 0.768199 0.399248 0.769275 0.397867 0.769896 0.396840 0.769969 0.396321 0.747844 0.373225 0.736051 0.362394 0.735447 0.362556 0.734171 0.363508 0.732419 0.365101 0.730457 0.367094 0.728579 0.369186 0.727067 0.371064 0.726149 0.372445
0 0.512851 0.163931 0.526267 0.166516 0.528632 0.166971 0.560512 0.171014 0.560638 0.170742 0.560856 0.170079 0.561055 0.169366 0.561457 0.167618 0.561869 0.165582 0.562226 0.163570 0.562474 0.161891 0.562576 0.160802 0.562514 0.160470 0.531345 0.152338 0.515534 0.149281 0.515333 0.149958 0.514959 0.151641 0.514470 0.154074 0.513940 0.156885 0.513448 0.159653 0.513069 0.161963 0.512859 0.163465
0 0.315598 0.498005 0.315704 0.498783 0.345161 0.510991 0.358008 0.515398 0.360276 0.516176 0.360721 0.516199 0.361478 0.515199 0.362430 0.513332 0.363435 0.510884 0.364340 0.508222 0.365011 0.505746 0.365345 0.503829 0.365291 0.502762 0.350203 0.497596 0.319383 0.489138 0.319003 0.489082 0.318398 0.489770 0.317663 0.491099 0.316908 0.492866 0.316514 0.494024 0.316065 0.495528 0.315789 0.496607
0 0.093665 0.738030 0.093929 0.738563 0.096260 0.739299 0.109463 0.743465 0.141166 0.751300 0.141407 0.751058 0.141816 0.750449 0.142185 0.749785 0.142920 0.748139 0.143665 0.746207 0.144305 0.744282 0.144744 0.742652 0.144917 0.741566 0.144796 0.741187 0.114559 0.729462 0.099059 0.724560 0.098415 0.725069 0.097475 0.726569 0.096382 0.728836 0.095305 0.731525 0.094409 0.734220 0.093833 0.736506
0 0.356821 0.884496 0.361280 0.916974 0.364020 0.930596 0.364504 0.933002 0.365279 0.933429 0.367025 0.933515 0.369476 0.933243 0.372255 0.932657 0.374933 0.931845 0.377098 0.930934 0.378419 0.930064 0.378698 0.929368 0.378214 0.926967 0.375472 0.913375 0.367065 0.881946 0.366505 0.881708 0.365255 0.881700 0.363505 0.881922 0.362318 0.882173 0.360747 0.882564 0.359597 0.882894 0.358029 0.883497 0.357054 0.884060
0 0.838949 0.665742 0.839235 0.667348 0.840060 0.669581 0.841298 0.672105 0.842764 0.674542 0.844238 0.676525 0.845497 0.677753 0.846349 0.678035 0.858407 0.671913 0.860533 0.670833 0.887956 0.654440 0.888124 0.654114 0.887966 0.652937 0.887394 0.651306 0.886494 0.649471 0.885405 0.647714 0.884293 0.646305 0.883331 0.645459 0.882931 0.645366 0.853407 0.657832 0.851284 0.658908 0.839247 0.665010
0 0.282982 0.248189 0.299137 0.275374 0.306740 0.286515 0.308083 0.288482 0.308566 0.289051 0.309901 0.288965 0.311881 0.288240 0.314205 0.286989 0.316525 0.285400 0.318492 0.283712 0.319809 0.282178 0.320276 0.281031 0.312679 0.269914 0.311339 0.267954 0.291809 0.242875 0.291436 0.242399 0.290446 0.242398 0.288989 0.242876 0.287971 0.243405 0.286608 0.244225 0.285599 0.244916 0.284189 0.246164 0.283270 0.247313
0 0.744420 0.510569 0.744837 0.511206 0.746179 0.512250 0.748240 0.513543 0.750708 0.514889 0.753214 0.516087 0.755381 0.516957 0.756880 0.517365 0.757480 0.517248 0.758608 0.515129 0.764995 0.503129 0.778172 0.474035 0.777915 0.473525 0.776975 0.472728 0.775494 0.471766 0.773699 0.470787 0.772603 0.470281 0.771228 0.469707 0.770278 0.469359 0.769176 0.469128 0.768726 0.469283 0.751928 0.496483 0.750802 0.498595
0 0.771591 0.952955 0.771889 0.954963 0.776323 0.966297 0.776808 0.967116 0.779593 0.971816 0.781090 0.974311 0.783427 0.976043 0.786250 0.976749 0.789128 0.976322 0.791623 0.974825 0.793355 0.972488 0.794061 0.969665 0.793634 0.966787 0.792137 0.964292 0.788720 0.958861 0.780638 0.949715 0.779008 0.948507 0.777830 0.948212 0.776232 0.948134 0.775031 0.948313 0.773292 0.949357 0.772083 0.950986
0 0.899543 0.722291 0.907149 0.753893 0.907870 0.756228 0.911959 0.769469 0.912741 0.769846 0.914507 0.769890 0.916992 0.769593 0.919814 0.768998 0.922539 0.768197 0.924746 0.767314 0.926096 0.766485 0.926385 0.765837 0.921556 0.750232 0.909919 0.719606 0.909359 0.719407 0.908096 0.719442 0.906326 0.719707 0.904316 0.720159 0.903152 0.720501 0.901730 0.720975 0.900779 0.721337 0.899786 0.721884
0 0.121621 0.661901 0.121643 0.663690 0.121940 0.664964 0.122464 0.665529 0.153441 0.671793 0.169151 0.673929 0.169988 0.673600 0.170894 0.672227 0.171731 0.670023 0.172373 0.667324 0.172726 0.664534 0.172734 0.662074 0.172398 0.660312 0.171766 0.659520 0.169412 0.659201 0.156086 0.657398 0.124417 0.655154 0.123747 0.655364 0.123318 0.655944 0.122765 0.656971 0.122372 0.657918 0.121877 0.659874
