0 0.518474 0.885474 0.518688 0.889931 0.521174 0.898821 0.521917 0.900786 0.523356 0.902318 0.525272 0.903182 0.527372 0.903246 0.529337 0.902503 0.530253 0.901643 0.531216 0.900294 0.531732 0.899148 0.532970 0.890375 0.533058 0.887534 0.533001 0.886863 0.532680 0.883104 0.531686 0.880476 0.529762 0.878429 0.527200 0.877273 0.524392 0.877187 0.521764 0.878180 0.519717 0.880105 0.518561 0.882666
0 0.654613 0.533409 0.654956 0.536197 0.656339 0.538643 0.658554 0.540372 0.661261 0.541123 0.661538 0.541194 0.662843 0.541527 0.663126 0.541599 0.665947 0.541252 0.669226 0.540261 0.671055 0.539227 0.671829 0.538236 0.672574 0.536757 0.672910 0.535545 0.672654 0.533460 0.671619 0.531632 0.669183 0.529579 0.666943 0.527829 0.664205 0.527070 0.662328 0.526760 0.659539 0.527103 0.657093 0.528487 0.655364 0.530701
0 0.392023 0.199249 0.392124 0.199436 0.393053 0.199802 0.394600 0.200166 0.396528 0.200472 0.398547 0.200675 0.400352 0.200745 0.401671 0.200670 0.402049 0.200545 0.402242 0.200336 0.407368 0.168385 0.408910 0.152184 0.408709 0.151655 0.407444 0.151055 0.405303 0.150477 0.402612 0.150010 0.399786 0.149725 0.397261 0.149668 0.395426 0.149845 0.394560 0.150230 0.394329 0.152667 0.393024 0.166465
0 0.485528 0.399674 0.486517 0.400370 0.488371 0.401289 0.490807 0.402292 0.493458 0.403229 0.495927 0.403959 0.497841 0.404371 0.498909 0.404404 0.503452 0.391607 0.504253 0.389350 0.513075 0.358588 0.513136 0.358265 0.512457 0.357706 0.511668 0.357281 0.510430 0.356692 0.509378 0.356241 0.507452 0.355560 0.505652 0.355057 0.504255 0.354808 0.503475 0.354851 0.490921 0.384229 0.490117 0.386489 0.485557 0.399309
0 0.133199 0.673469 0.133443 0.674376 0.134525 0.675837 0.136279 0.677629 0.138438 0.679475 0.140667 0.681090 0.142624 0.682227 0.144008 0.682712 0.144611 0.682475 0.155284 0.670159 0.175015 0.644323 0.174877 0.643957 0.174456 0.643303 0.173968 0.642697 0.172692 0.641436 0.171150 0.640117 0.169573 0.638939 0.168200 0.638081 0.167239 0.637673 0.166837 0.637779 0.143901 0.661135 0.134805 0.671618
0 0.583398 0.431899 0.583615 0.432330 0.584033 0.433137 0.584439 0.433907 0.585331 0.435568 0.586301 0.437350 0.587205 0.438985 0.587904 0.440226 0.588293 0.440884 0.617521 0.427191 0.631697 0.419462 0.631810 0.419382 0.631396 0.418355 0.630516 0.416534 0.629303 0.414196 0.627944 0.411702 0.626649 0.409437 0.625617 0.407748 0.625006 0.406894 0.610807 0.414647 0.583410 0.431859
0 0.126976 0.134911 0.127180 0.135859 0.127801 0.137354 0.128744 0.139167 0.129414 0.140276 0.130316 0.141668 0.130989 0.142630 0.131945 0.143748 0.132590 0.144207 0.161566 0.130751 0.163665 0.129603 0.173466 0.124241 0.175568 0.123091 0.175813 0.122759 0.175463 0.121472 0.174572 0.119426 0.173275 0.116931 0.171766 0.114361 0.170273 0.112102 0.169021 0.110496 0.168200 0.109791 0.156277 0.116325 0.154175 0.117477 0.127219 0.134656
0 0.480095 0.281017 0.480223 0.281260 0.480576 0.281764 0.481199 0.282630 0.481774 0.283414 0.482958 0.284996 0.484189 0.286610 0.485280 0.288012 0.486066 0.288990 0.486427 0.289395 0.513130 0.271261 0.525900 0.261368 0.525814 0.260991 0.525077 0.259779 0.523798 0.257914 0.522172 0.255680 0.520449 0.253421 0.518897 0.251487 0.517752 0.250175 0.517191 0.249684 0.515271 0.251173 0.506318 0.258117 0.504401 0.259604
0 0.748749 0.759403 0.748814 0.791752 0.748982 0.794184 0.749935 0.807977 0.750428 0.808426 0.751969 0.808777 0.754325 0.808978 0.757138 0.808997 0.759973 0.808829 0.762393 0.808502 0.764027 0.808065 0.764625 0.807587 0.764455 0.805147 0.763491 0.791329 0.759041 0.758849 0.758820 0.758698 0.757704 0.758513 0.756013 0.758420 0.754002 0.758435 0.751976 0.758555 0.750241 0.758761 0.749057 0.759024 0.748788 0.759190
0 0.352699 0.683060 0.352975 0.683467 0.353612 0.684094 0.354283 0.684621 0.355893 0.685565 0.357745 0.686429 0.359555 0.687079 0.361044 0.687416 0.361986 0.687390 0.362238 0.687005 0.377435 0.658957 0.384131 0.644524 0.383435 0.643655 0.381848 0.642500 0.379612 0.641233 0.377063 0.640045 0.374585 0.639114 0.372550 0.638580 0.371268 0.638527 0.370936 0.638963 0.369930 0.641134 0.365239 0.651260 0.364235 0.653429
0 0.350506 0.818786 0.359933 0.828567 0.361596 0.830291 0.385182 0.851789 0.385676 0.851813 0.386673 0.851252 0.387479 0.850619 0.388621 0.849631 0.389513 0.848795 0.390920 0.847276 0.392025 0.845868 0.392661 0.844786 0.392731 0.844194 0.372108 0.819807 0.370450 0.818084 0.362709 0.810042 0.361049 0.808318 0.360411 0.808366 0.359074 0.809199 0.357241 0.810689 0.355189 0.812611 0.353225 0.814676 0.351645 0.816574 0.350690 0.818018
0 0.842292 0.626399 0.842798 0.629163 0.844324 0.631523 0.846636 0.633119 0.847231 0.633348 0.850644 0.634658 0.853423 0.635255 0.861821 0.636385 0.863888 0.636007 0.865652 0.634866 0.866846 0.633137 0.867110 0.631908 0.867135 0.630251 0.866908 0.629015 0.865767 0.627250 0.864038 0.626057 0.856423 0.621284 0.855806 0.621074 0.852349 0.619898 0.849602 0.619308 0.846838 0.619814 0.844478 0.621340 0.842882 0.623652
0 0.711256 0.980038 0.711761 0.980852 0.713192 0.982106 0.715335 0.983609 0.717863 0.985132 0.720385 0.986438 0.722513 0.987326 0.723919 0.987660 0.724391 0.987392 0.731621 0.972779 0.744221 0.942605 0.743810 0.942074 0.742741 0.941227 0.741805 0.940608 0.740445 0.939766 0.739357 0.939129 0.737555 0.938197 0.736043 0.937534 0.735048 0.937244 0.734724 0.937369 0.718481 0.965460 0.717398 0.967645 0.712340 0.977850
0 0.760963 0.072249 0.761344 0.073113 0.762362 0.074196 0.763861 0.075333 0.764910 0.075944 0.766316 0.076655 0.767360 0.077104 0.768832 0.077469 0.769807 0.077393 0.787955 0.050165 0.788448 0.049407 0.789691 0.047276 0.795494 0.037325 0.796738 0.035191 0.796273 0.033916 0.794900 0.032346 0.792827 0.030722 0.790372 0.029293 0.787914 0.028282 0.785833 0.027842 0.784445 0.028040 0.783960 0.028841 0.776935 0.040905 0.775696 0.043033
0 0.359555 0.512823 0.359924 0.513744 0.360737 0.515501 0.361870 0.517826 0.363148 0.520363 0.364375 0.522718 0.365361 0.524530 0.365956 0.525523 0.366071 0.525549 0.368235 0.524463 0.378325 0.519398 0.380486 0.518313 0.408366 0.502106 0.408345 0.502053 0.407973 0.501307 0.407307 0.499979 0.406794 0.498958 0.405528 0.496445 0.404689 0.494783 0.404059 0.493540 0.403733 0.492903 0.374004 0.505582 0.361724 0.511736
0 0.510957 0.051422 0.511043 0.052003 0.511564 0.053179 0.512438 0.054769 0.513532 0.056533 0.514220 0.057533 0.515097 0.058739 0.515714 0.059534 0.516472 0.060316 0.516840 0.060433 0.544425 0.043377 0.555691 0.035377 0.557680 0.033964 0.557654 0.033122 0.557015 0.031447 0.555858 0.029192 0.554360 0.026703 0.552750 0.024363 0.551279 0.022533 0.550172 0.021495 0.549597 0.021404 0.547604 0.022821 0.538310 0.029429 0.536320 0.030844
0 0.190708 0.633649 0.190981 0.634211 0.191984 0.634942 0.192928 0.635411 0.194331 0.636017 0.195476 0.636448 0.197428 0.636993 0.199121 0.637278 0.200296 0.637261 0.200775 0.636945 0.213596 0.607756 0.214414 0.605516 0.219052 0.592813 0.218620 0.592112 0.217201 0.591166 0.215010 0.590119 0.212379 0.589128 0.209702 0.588342 0.207382 0.587879 0.205770 0.587810 0.205115 0.588149 0.204296 0.590397 0.199659 0.603125
0 0.907388 0.443642 0.907491 0.444163 0.908186 0.445132 0.909367 0.446402 0.910257 0.447228 0.911486 0.448298 0.912426 0.449065 0.913841 0.450054 0.914888 0.450601 0.915406 0.450620 0.939397 0.428337 0.950643 0.416498 0.950580 0.415722 0.949669 0.414326 0.948049 0.412523 0.945967 0.410591 0.943744 0.408829 0.941725 0.407506 0.940217 0.406825 0.939449 0.406887 0.937765 0.408661 0.929914 0.416936 0.928233 0.418709
0 0.551257 0.465393 0.551296 0.465495 0.579779 0.480494 0.581979 0.481485 0.594454 0.487102 0.594869 0.486209 0.595666 0.484465 0.596725 0.482138 0.597885 0.479577 0.598972 0.477166 0.599824 0.475269 0.600310 0.474174 0.600354 0.474051 0.587851 0.468430 0.585646 0.467439 0.555484 0.456060 0.555131 0.456665 0.554511 0.457901 0.553719 0.459578 0.552876 0.461440 0.552418 0.462493 0.551882 0.463759 0.551542 0.464589
0 0.788000 0.908927 0.804727 0.937048 0.806110 0.939085 0.812571 0.948593 0.813957 0.950632 0.814493 0.951397 0.815888 0.951498 0.817931 0.950914 0.820311 0.949735 0.822661 0.948139 0.824617 0.946374 0.825880 0.944712 0.826258 0.943407 0.817001 0.929802 0.816459 0.929080 0.796464 0.903179 0.795488 0.903172 0.794047 0.903639 0.792360 0.904507 0.791356 0.905189 0.790112 0.906146 0.789264 0.906887 0.788323 0.908038
0 0.118496 0.858155 0.119704 0.860228 0.125338 0.869893 0.126545 0.871963 0.144421 0.898434 0.144681 0.898694 0.145620 0.898483 0.147097 0.897834 0.148885 0.896844 0.150710 0.895668 0.151655 0.894960 0.152730 0.894078 0.153385 0.893475 0.153828 0.892795 0.139621 0.864199 0.138418 0.862132 0.131597 0.850413 0.131262 0.850144 0.129987 0.850504 0.127967 0.851434 0.125507 0.852795 0.122977 0.854382 0.120756 0.855957 0.119181 0.857282
0 0.934680 0.529607 0.939036 0.561565 0.939517 0.563938 0.941764 0.575017 0.942246 0.577393 0.943107 0.577378 0.944972 0.577169 0.947561 0.576796 0.950476 0.576315 0.953270 0.575802 0.955509 0.575334 0.956851 0.574985 0.957093 0.574807 0.956609 0.572427 0.954350 0.561327 0.953866 0.558950 0.945367 0.527675 0.944993 0.527724 0.944203 0.527844 0.943402 0.527974 0.941552 0.528291 0.939472 0.528661 0.937477 0.529028 0.935866 0.529337 0.934884 0.529540
0 0.671821 0.992113 0.672208 0.992937 0.673621 0.993961 0.675847 0.995029 0.678547 0.995976 0.681305 0.996656 0.683694 0.996963 0.685349 0.996852 0.686017 0.996341 0.689731 0.980389 0.695045 0.947767 0.694858 0.947450 0.693815 0.946777 0.692202 0.946061 0.690264 0.945412 0.688293 0.944926 0.686588 0.944677 0.685404 0.944704 0.685117 0.944882 0.675538 0.976196
0 0.858717 0.453221 0.858847 0.453779 0.859514 0.454825 0.860616 0.456200 0.861987 0.457695 0.863420 0.459087 0.864184 0.459731 0.865073 0.460405 0.865630 0.460763 0.866069 0.460791 0.891696 0.440482 0.902006 0.431212 0.903826 0.429575 0.903730 0.428753 0.902862 0.427255 0.901353 0.425309 0.899434 0.423215 0.897402 0.421297 0.895570 0.419848 0.894219 0.419091 0.893552 0.419136 0.881453 0.430029
0 0.290583 0.679555 0.316756 0.698069 0.328367 0.705217 0.330418 0.706479 0.330907 0.706152 0.331913 0.704925 0.333279 0.702990 0.334800 0.700641 0.336246 0.698229 0.337400 0.696119 0.338089 0.694626 0.338206 0.693981 0.336159 0.692722 0.324567 0.685596 0.296256 0.670584 0.295853 0.670769 0.295389 0.671271 0.294663 0.672160 0.294047 0.672980 0.292920 0.674671 0.291869 0.676424 0.291055 0.677969 0.290604 0.679069
0 0.091683 0.582416 0.102887 0.590519 0.104863 0.591948 0.132429 0.609347 0.132863 0.609114 0.133726 0.608275 0.134888 0.606960 0.136170 0.605368 0.136895 0.604394 0.137766 0.603169 0.138339 0.602320 0.138896 0.601325 0.138969 0.600905 0.113984 0.580280 0.102810 0.572188 0.100836 0.570759 0.100170 0.571005 0.098905 0.572104 0.097231 0.573891 0.095406 0.576093 0.093711 0.578372 0.092408 0.580376 0.091696 0.581795
0 0.679373 0.560299 0.679839 0.562072 0.680725 0.564412 0.681899 0.566967 0.683184 0.569353 0.684387 0.571212 0.685326 0.572259 0.685857 0.572333 0.688029 0.571319 0.700328 0.565574 0.728301 0.550287 0.728387 0.549597 0.728099 0.548300 0.727730 0.547277 0.727139 0.545843 0.726628 0.544732 0.725671 0.543013 0.724756 0.541694 0.724024 0.540977 0.723585 0.540969 0.693848 0.552626 0.691682 0.553636 0.679401 0.559363
0 0.563816 0.216931 0.571637 0.228239 0.573017 0.230233 0.593026 0.255600 0.593292 0.255471 0.593884 0.255123 0.594499 0.254735 0.595951 0.253751 0.597609 0.252581 0.599223 0.251401 0.600550 0.250390 0.601386 0.249701 0.601605 0.249440 0.584875 0.221638 0.575665 0.208302 0.575011 0.208515 0.573549 0.209355 0.571500 0.210698 0.569179 0.212335 0.566945 0.214015 0.565141 0.215479 0.564044 0.216502
0 0.101367 0.551991 0.101472 0.552783 0.102344 0.554260 0.103853 0.556198 0.105766 0.558298 0.107787 0.560235 0.109606 0.561713 0.110944 0.562505 0.111599 0.562495 0.113419 0.560868 0.123728 0.551652 0.146529 0.528550 0.146393 0.528014 0.145723 0.526982 0.144621 0.525613 0.143255 0.524113 0.142402 0.523273 0.141319 0.522267 0.140559 0.521610 0.139639 0.520986 0.139208 0.520933 0.113527 0.541134
0 0.802667 0.600151 0.812387 0.612671 0.833439 0.636498 0.834001 0.636794 0.834679 0.636668 0.835752 0.636309 0.836670 0.635899 0.838370 0.634842 0.839974 0.633576 0.841237 0.632295 0.841964 0.631196 0.842045 0.630447 0.824281 0.604231 0.816010 0.593563 0.814549 0.591680 0.813808 0.591360 0.812280 0.591734 0.810199 0.592741 0.807881 0.594228 0.805674 0.595969 0.803909 0.597705 0.802852 0.599173
0 0.957044 0.263636 0.957801 0.265518 0.959221 0.266967 0.961087 0.267763 0.963116 0.267784 0.974330 0.264363 0.976998 0.263290 0.981788 0.260913 0.982644 0.260488 0.984722 0.258452 0.985863 0.255776 0.985893 0.252866 0.984807 0.250167 0.982771 0.248089 0.980094 0.246948 0.977185 0.246918 0.974486 0.248004 0.968935 0.250952 0.959310 0.258320 0.957860 0.259739 0.957384 0.260856 0.957056 0.262422
0 0.329168 0.125755 0.331099 0.134537 0.331828 0.137284 0.332119 0.137912 0.333465 0.140814 0.333751 0.141430 0.335456 0.143663 0.337887 0.145073 0.340672 0.145445 0.343387 0.144724 0.345620 0.143018 0.347030 0.140588 0.347402 0.137803 0.346681 0.135087 0.345177 0.131507 0.344908 0.130868 0.339377 0.123042 0.338101 0.121372 0.336284 0.120318 0.334201 0.120040 0.332171 0.120579 0.331172 0.121342 0.330077 0.122585 0.329446 0.123673
0 0.103934 0.297449 0.120216 0.324455 0.127888 0.335503 0.129243 0.337454 0.130089 0.337923 0.131747 0.337730 0.133963 0.336910 0.136402 0.335588 0.138697 0.333963 0.140503 0.332279 0.141548 0.330789 0.141671 0.329720 0.140318 0.327774 0.134006 0.318696 0.132654 0.316752 0.112930 0.291931 0.112296 0.291527 0.111071 0.291604 0.109441 0.292152 0.108372 0.292712 0.106983 0.293563 0.105985 0.294270 0.104693 0.295514 0.103973 0.296631
0 0.506357 0.298925 0.506466 0.299257 0.536052 0.311652 0.551196 0.316901 0.551613 0.316277 0.552322 0.314704 0.553215 0.312420 0.554158 0.309771 0.555009 0.307154 0.555640 0.304962 0.555955 0.303529 0.555905 0.303076 0.553627 0.302288 0.540727 0.297826 0.509793 0.289271 0.509579 0.289519 0.509211 0.290134 0.508877 0.290801 0.508204 0.292448 0.507519 0.294373 0.506927 0.296282 0.506519 0.297880
0 0.049742 0.079593 0.049899 0.081842 0.050377 0.084641 0.051101 0.087559 0.051959 0.090145 0.052818 0.092003 0.053548 0.092854 0.055968 0.092492 0.067253 0.090803 0.069670 0.090441 0.101427 0.083565 0.101717 0.083377 0.101796 0.082403 0.101655 0.080794 0.101313 0.078795 0.100824 0.076705 0.100486 0.075589 0.100037 0.074293 0.099706 0.073481 0.099247 0.072839 0.066582 0.075579 0.050426 0.077986 0.049927 0.078239
0 0.076445 0.320923 0.077263 0.321453 0.079073 0.322159 0.081594 0.322933 0.084446 0.323659 0.087199 0.324228 0.089441 0.324554 0.090833 0.324588 0.091161 0.324324 0.094164 0.311078 0.094693 0.308742 0.099710 0.277161 0.099153 0.276715 0.097873 0.276144 0.096061 0.275534 0.093996 0.274980 0.091995 0.274566 0.091019 0.274441 0.089958 0.274368 0.089355 0.274384 0.089120 0.274642 0.079995 0.305313
0 0.784909 0.426702 0.784983 0.427441 0.785421 0.428756 0.786156 0.430445 0.787076 0.432253 0.787654 0.433243 0.788392 0.434412 0.788912 0.435162 0.789550 0.435820 0.789859 0.435783 0.819865 0.422869 0.832237 0.416624 0.834422 0.415521 0.834411 0.414469 0.833870 0.412613 0.832878 0.410236 0.831590 0.407705 0.830203 0.405410 0.828932 0.403704 0.827971 0.402847 0.827465 0.402965 0.812943 0.410306
