0 0.658895 0.215115 0.686533 0.231533 0.688679 0.232629 0.698703 0.237745 0.700853 0.238842 0.701125 0.238447 0.701877 0.237115 0.702994 0.235050 0.704308 0.232564 0.705621 0.230029 0.706736 0.227828 0.707484 0.226293 0.707749 0.225660 0.695547 0.219442 0.693395 0.218346 0.663802 0.205584 0.663655 0.205728 0.663320 0.206200 0.662970 0.206759 0.662137 0.208243 0.661182 0.210050 0.660252 0.211903 0.659491 0.213517 0.659015 0.214644
0 0.226804 0.338687 0.226826 0.340275 0.227118 0.341275 0.227635 0.341535 0.258026 0.350939 0.273439 0.354668 0.274272 0.353929 0.275186 0.352234 0.276043 0.349840 0.276715 0.347110 0.277101 0.344453 0.277142 0.342267 0.276831 0.340887 0.276213 0.340524 0.273894 0.339964 0.263082 0.337355 0.260766 0.336797 0.229566 0.331326 0.228904 0.331829 0.228194 0.333037 0.227806 0.334071 0.227348 0.335565 0.227056 0.336752
0 0.837335 0.309786 0.838112 0.311604 0.839561 0.313707 0.841462 0.315779 0.843530 0.317508 0.845455 0.318635 0.846946 0.318986 0.847774 0.318504 0.857630 0.309376 0.859368 0.307766 0.881051 0.284960 0.881120 0.284017 0.880601 0.282672 0.879572 0.281126 0.878189 0.279620 0.876667 0.278385 0.875239 0.277609 0.874571 0.277490 0.873867 0.277574 0.873488 0.277818 0.848928 0.297820 0.837350 0.308529
0 0.337178 0.916205 0.337966 0.919006 0.339765 0.921292 0.342303 0.922716 0.345192 0.923060 0.347993 0.922273 0.350279 0.920473 0.351703 0.917936 0.353180 0.913773 0.353437 0.913047 0.354982 0.902175 0.355126 0.900970 0.354576 0.899017 0.353322 0.897422 0.351552 0.896429 0.349536 0.896189 0.347584 0.896738 0.345989 0.897993 0.340830 0.905974 0.339423 0.908481 0.337523 0.913316
0 0.660442 0.777333 0.660593 0.777643 0.680917 0.803273 0.690183 0.813600 0.691819 0.815423 0.692876 0.815166 0.694560 0.814180 0.696614 0.812616 0.698722 0.810712 0.700559 0.808764 0.701842 0.807072 0.702375 0.805893 0.702083 0.805406 0.692828 0.795104 0.691196 0.793288 0.668037 0.770477 0.667311 0.770721 0.666133 0.771472 0.664681 0.772613 0.663175 0.773973 0.662377 0.774794 0.661456 0.775820 0.660881 0.776526
0 0.501991 0.611490 0.501994 0.611682 0.502014 0.612779 0.502927 0.615471 0.504802 0.617608 0.506934 0.619122 0.508061 0.619678 0.510158 0.619815 0.512148 0.619139 0.513728 0.617754 0.515015 0.616263 0.516272 0.613714 0.516458 0.610877 0.516298 0.609798 0.516270 0.609610 0.515367 0.606949 0.513514 0.604837 0.510994 0.603594 0.508190 0.603411 0.505530 0.604314 0.503417 0.606167 0.502174 0.608687
0 0.168015 0.899236 0.168306 0.900589 0.169403 0.902417 0.171137 0.904438 0.173245 0.906343 0.175399 0.907836 0.177268 0.908688 0.178566 0.908772 0.187916 0.898392 0.189565 0.896561 0.210121 0.870784 0.210458 0.870339 0.210192 0.869408 0.209697 0.868645 0.208858 0.867559 0.208103 0.866707 0.206598 0.865346 0.205075 0.864255 0.203765 0.863599 0.202867 0.863479 0.179552 0.886383 0.168568 0.898561
0 0.576230 0.032201 0.576239 0.032915 0.606576 0.043299 0.608896 0.043927 0.619730 0.046859 0.622053 0.047487 0.622282 0.047338 0.622784 0.046106 0.623483 0.043980 0.624273 0.041282 0.625036 0.038416 0.625656 0.035814 0.626041 0.033868 0.626129 0.032879 0.623801 0.032250 0.610618 0.028692 0.579109 0.022368 0.578886 0.022443 0.578641 0.022962 0.578262 0.023928 0.577944 0.024845 0.577370 0.026806 0.576842 0.028894 0.576442 0.030789
0 0.853461 0.077107 0.861116 0.088495 0.862466 0.090503 0.882165 0.116015 0.882222 0.115986 0.882952 0.115480 0.884244 0.114572 0.885900 0.113402 0.887673 0.112144 0.888643 0.111454 0.889788 0.110637 0.890521 0.110112 0.891160 0.109647 0.874903 0.081620 0.865888 0.068191 0.865779 0.068141 0.864735 0.068781 0.862913 0.070015 0.860594 0.071653 0.858134 0.073443 0.855915 0.075109 0.854275 0.076395
0 0.038510 0.284392 0.039163 0.287227 0.040853 0.289596 0.043320 0.291138 0.044129 0.291508 0.047868 0.293218 0.048662 0.293581 0.059689 0.296430 0.061690 0.296765 0.063667 0.296309 0.065319 0.295131 0.066395 0.293410 0.066731 0.291409 0.066275 0.289432 0.065570 0.288443 0.064405 0.287347 0.056325 0.281323 0.053886 0.279799 0.053102 0.279412 0.048606 0.277193 0.045737 0.276712 0.042902 0.277366 0.040533 0.279055 0.038990 0.281522
0 0.694351 0.917236 0.694514 0.917878 0.694890 0.919221 0.695424 0.921061 0.696033 0.923118 0.696386 0.924288 0.696817 0.925701 0.697105 0.926631 0.697403 0.927548 0.697474 0.927687 0.729122 0.921020 0.731454 0.920368 0.742344 0.917323 0.744679 0.916670 0.744669 0.916456 0.744322 0.915167 0.743689 0.912996 0.742869 0.910277 0.741987 0.907430 0.741179 0.904893 0.740570 0.903056 0.740251 0.902194 0.737921 0.902847 0.724729 0.906545
0 0.683383 0.536415 0.683912 0.536791 0.685039 0.537529 0.686593 0.538519 0.687636 0.539171 0.689006 0.540019 0.690002 0.540630 0.691331 0.541425 0.692124 0.541875 0.692259 0.541910 0.711162 0.515744 0.712454 0.513699 0.718487 0.504149 0.719780 0.502101 0.719647 0.501973 0.718593 0.501282 0.716775 0.500131 0.714472 0.498696 0.712039 0.497198 0.709851 0.495869 0.708245 0.494913 0.707463 0.494474 0.700144 0.506077 0.698854 0.508123
0 0.823730 0.655838 0.823785 0.657544 0.824296 0.659909 0.825185 0.662576 0.826320 0.665146 0.827529 0.667232 0.828631 0.668517 0.829458 0.668801 0.831711 0.668021 0.842220 0.664381 0.844471 0.663601 0.873683 0.651319 0.873901 0.650975 0.874052 0.650245 0.874059 0.649500 0.873716 0.647777 0.873070 0.645838 0.872219 0.643981 0.871296 0.642492 0.870442 0.641598 0.869787 0.641432 0.839128 0.649872 0.826391 0.654274 0.824142 0.655052
0 0.597037 0.965078 0.597377 0.966113 0.608630 0.973494 0.610614 0.974795 0.638368 0.990372 0.638798 0.990418 0.639824 0.989776 0.641000 0.988513 0.642147 0.986819 0.643086 0.984958 0.643675 0.983215 0.643824 0.981857 0.643637 0.981396 0.643221 0.981062 0.618200 0.962000 0.616221 0.960700 0.604995 0.953326 0.604064 0.953288 0.602700 0.954225 0.601110 0.955991 0.599533 0.958319 0.598206 0.960860 0.597330 0.963233
0 0.818965 0.191307 0.819256 0.192518 0.820512 0.193981 0.822540 0.195473 0.825034 0.196770 0.827621 0.197679 0.829910 0.198061 0.831556 0.197857 0.832305 0.197094 0.839487 0.183051 0.851961 0.154232 0.851795 0.153305 0.850917 0.152203 0.850045 0.151541 0.848730 0.150716 0.847645 0.150152 0.845756 0.149518 0.844079 0.149291 0.842871 0.149504 0.842316 0.150123 0.826142 0.177296 0.825066 0.179396 0.820042 0.189204
0 0.785140 0.652878 0.785375 0.653085 0.785990 0.653404 0.786670 0.653672 0.788376 0.654153 0.790391 0.654596 0.792408 0.654931 0.794115 0.655106 0.795250 0.655096 0.795641 0.654901 0.803347 0.623805 0.805766 0.610396 0.806193 0.608029 0.805605 0.607641 0.804000 0.607107 0.801625 0.606509 0.798842 0.605937 0.796068 0.605477 0.793720 0.605197 0.792153 0.605141 0.791604 0.605317 0.791179 0.607680 0.788773 0.621063
0 0.735524 0.596463 0.735631 0.597682 0.749877 0.604650 0.750536 0.604936 0.779789 0.617055 0.780280 0.616760 0.781014 0.616103 0.781614 0.615421 0.782642 0.613809 0.783539 0.611972 0.784166 0.610193 0.784427 0.608744 0.784283 0.607848 0.756770 0.592165 0.754631 0.591117 0.744643 0.586224 0.742501 0.585175 0.741857 0.584928 0.740792 0.585671 0.739468 0.587284 0.738085 0.589523 0.736852 0.592050 0.735953 0.594485
0 0.316438 0.770974 0.321532 0.783530 0.322431 0.785745 0.336263 0.814394 0.336813 0.814639 0.338023 0.814518 0.339708 0.814049 0.341611 0.813303 0.342705 0.812760 0.344031 0.812020 0.344912 0.811464 0.345803 0.810655 0.345981 0.810088 0.335930 0.779833 0.329959 0.765088 0.329211 0.764842 0.327556 0.765079 0.325245 0.765763 0.322627 0.766789 0.320095 0.768004 0.318029 0.769225 0.316744 0.770268
0 0.888551 0.620949 0.888783 0.622964 0.889768 0.624738 0.891357 0.626000 0.899578 0.630768 0.903591 0.632082 0.904308 0.632316 0.907105 0.633115 0.909996 0.632783 0.912539 0.631370 0.914348 0.629091 0.915147 0.626293 0.914814 0.623403 0.913401 0.620859 0.911122 0.619051 0.910394 0.618840 0.906313 0.617658 0.903548 0.616868 0.894159 0.616190 0.892144 0.616422 0.890370 0.617407 0.889615 0.618358 0.888884 0.619782
0 0.765728 0.536717 0.765933 0.536818 0.766979 0.537252 0.768573 0.537884 0.770473 0.538619 0.772385 0.539342 0.774015 0.539944 0.775114 0.540331 0.775355 0.540399 0.775373 0.540375 0.789194 0.511177 0.795090 0.496145 0.794569 0.495904 0.793070 0.495302 0.790819 0.494432 0.788162 0.493426 0.785510 0.492441 0.783272 0.491628 0.781789 0.491111 0.781283 0.490967 0.775409 0.505973
0 0.661168 0.739154 0.661171 0.739589 0.661289 0.740753 0.661416 0.741781 0.661612 0.743279 0.661777 0.744482 0.662075 0.746482 0.662349 0.748170 0.662559 0.749290 0.662672 0.749670 0.695031 0.747679 0.697440 0.747378 0.711099 0.745667 0.711187 0.745073 0.711095 0.743453 0.710836 0.741051 0.710450 0.738237 0.709996 0.735446 0.709545 0.733107 0.709166 0.731578 0.708916 0.731088 0.706509 0.731391 0.695285 0.732804 0.692881 0.733107
0 0.155134 0.083790 0.155325 0.083994 0.155668 0.084295 0.156824 0.085218 0.158385 0.086419 0.160116 0.087717 0.161754 0.088916 0.163052 0.089834 0.163814 0.090334 0.163880 0.090337 0.184094 0.065140 0.185482 0.063153 0.191962 0.053874 0.193351 0.051884 0.192631 0.051121 0.191087 0.049771 0.188954 0.048041 0.186556 0.046195 0.184264 0.044517 0.182432 0.043267 0.181340 0.042637 0.181155 0.042720 0.173277 0.054017 0.171888 0.056009
0 0.370529 0.678440 0.371382 0.678827 0.373189 0.679352 0.375678 0.679937 0.378463 0.680489 0.381117 0.680925 0.383229 0.681176 0.384479 0.681206 0.384678 0.681011 0.385159 0.678631 0.387879 0.665153 0.392311 0.633135 0.391671 0.632919 0.390356 0.632590 0.388569 0.632198 0.386579 0.631804 0.384686 0.631465 0.383782 0.631327 0.382813 0.631198 0.382275 0.631145 0.382127 0.631213 0.373746 0.662552
0 0.431392 0.205084 0.433635 0.206007 0.446336 0.211233 0.476905 0.221610 0.477117 0.221218 0.477591 0.220137 0.478254 0.218534 0.479005 0.216649 0.479733 0.214768 0.480088 0.213814 0.480475 0.212744 0.480696 0.212107 0.480784 0.211734 0.451654 0.197515 0.438931 0.192270 0.436684 0.191344 0.436313 0.191834 0.435593 0.193302 0.434632 0.195525 0.433580 0.198163 0.432598 0.200808 0.431838 0.203052 0.431415 0.204552
0 0.359665 0.872426 0.359703 0.874175 0.359886 0.876683 0.360185 0.879568 0.360556 0.882384 0.360940 0.884697 0.361278 0.886151 0.361520 0.886527 0.363926 0.886172 0.377549 0.884159 0.409285 0.877376 0.409293 0.876845 0.409199 0.875585 0.409018 0.873789 0.408777 0.871730 0.408512 0.869718 0.408264 0.868057 0.408148 0.867423 0.408025 0.866878 0.407959 0.866701 0.375775 0.869347 0.359776 0.871700
0 0.066683 0.703562 0.067148 0.705611 0.067875 0.706637 0.069078 0.707777 0.070141 0.708446 0.072212 0.708800 0.074261 0.708335 0.084931 0.705365 0.085649 0.705010 0.089675 0.703018 0.091968 0.701394 0.093466 0.699017 0.093939 0.696247 0.093317 0.693507 0.091693 0.691214 0.089316 0.689716 0.086546 0.689243 0.083806 0.689865 0.083091 0.690191 0.079723 0.691728 0.078994 0.692061 0.069871 0.698499 0.068157 0.699713 0.067037 0.701492
0 0.168013 0.711371 0.168152 0.712556 0.168940 0.714425 0.170257 0.716691 0.171903 0.719006 0.173622 0.721012 0.175149 0.722402 0.176252 0.722962 0.176763 0.722614 0.188068 0.714583 0.190061 0.713167 0.215403 0.692748 0.215239 0.691923 0.214628 0.690608 0.214050 0.689647 0.213188 0.688337 0.212485 0.687347 0.211278 0.685895 0.210221 0.684863 0.209475 0.684409 0.209155 0.684605 0.181344 0.701912 0.170014 0.709951
0 0.550747 0.848381 0.550877 0.848913 0.552068 0.849581 0.554142 0.850285 0.556785 0.850915 0.559588 0.851375 0.562118 0.851593 0.563988 0.851536 0.564911 0.851214 0.565295 0.848796 0.567465 0.835109 0.570593 0.802587 0.570471 0.802271 0.569591 0.801854 0.568089 0.801400 0.566955 0.801146 0.565389 0.800844 0.564191 0.800648 0.562383 0.800464 0.561043 0.800453 0.560374 0.800616 0.553306 0.832311 0.552922 0.834720 0.551131 0.845969
0 0.436796 0.795304 0.437731 0.798060 0.439649 0.800247 0.442258 0.801535 0.445161 0.801725 0.447917 0.800791 0.450104 0.798873 0.451392 0.796264 0.451876 0.793313 0.451960 0.792798 0.452149 0.789929 0.451259 0.783562 0.450608 0.781640 0.449808 0.780727 0.448538 0.779753 0.447450 0.779216 0.445425 0.779083 0.443504 0.779735 0.441978 0.781072 0.438996 0.786402 0.437724 0.788981 0.437614 0.789489 0.436987 0.792401
0 0.872763 0.801068 0.872902 0.803453 0.873474 0.805103 0.874395 0.805761 0.887380 0.809063 0.889669 0.809645 0.920222 0.815199 0.920868 0.815274 0.921392 0.815093 0.922280 0.814043 0.923043 0.812405 0.923564 0.810428 0.923763 0.808417 0.923610 0.806683 0.923129 0.805488 0.922689 0.805204 0.892335 0.795265 0.890050 0.794682 0.879381 0.791962 0.877094 0.791379 0.875965 0.791840 0.874806 0.793320 0.873792 0.795590 0.873075 0.798309
0 0.156777 0.278073 0.157070 0.279295 0.157764 0.280800 0.158502 0.281817 0.165025 0.288348 0.168285 0.290408 0.168854 0.290767 0.171249 0.292236 0.174024 0.292676 0.176756 0.292021 0.179030 0.290370 0.180499 0.287975 0.180939 0.285200 0.180284 0.282468 0.178633 0.280194 0.178081 0.279816 0.175480 0.278037 0.174917 0.277652 0.172494 0.276167 0.164024 0.272811 0.161948 0.272482 0.159905 0.272972 0.158205 0.274207 0.157107 0.275998
0 0.805296 0.712930 0.805386 0.713405 0.806284 0.714587 0.807853 0.716292 0.809856 0.718266 0.811992 0.720212 0.813939 0.721836 0.815404 0.722893 0.816162 0.723219 0.825562 0.713356 0.827219 0.711617 0.847770 0.687044 0.847762 0.686664 0.847153 0.685780 0.846036 0.684524 0.845165 0.683665 0.843948 0.682528 0.843009 0.681695 0.841567 0.680559 0.840473 0.679851 0.839891 0.679679 0.816339 0.701359 0.814683 0.703093 0.806953 0.711193
0 0.154820 0.194519 0.154906 0.196008 0.155305 0.198312 0.155956 0.201076 0.156759 0.203875 0.157590 0.206277 0.158320 0.207914 0.158840 0.208541 0.161219 0.208020 0.172313 0.205589 0.174689 0.205068 0.205852 0.196002 0.205914 0.195808 0.205801 0.194742 0.205487 0.193097 0.205022 0.191121 0.204474 0.189113 0.203928 0.187376 0.203464 0.186173 0.203279 0.185884 0.203112 0.185814 0.170943 0.190602 0.168561 0.191122 0.157443 0.193550 0.155059 0.194071
0 0.194548 0.460474 0.195108 0.460717 0.196647 0.461283 0.198926 0.462084 0.201600 0.462998 0.204267 0.463889 0.206526 0.464622 0.208037 0.465087 0.208569 0.465213 0.209363 0.462934 0.213855 0.450027 0.222467 0.419049 0.222103 0.418813 0.221024 0.418347 0.219395 0.417721 0.217463 0.417032 0.216303 0.416645 0.214861 0.416181 0.213877 0.415878 0.212775 0.415592 0.212384 0.415567 0.199853 0.445260 0.195344 0.458190
0 0.756456 0.286823 0.757157 0.289544 0.758846 0.291789 0.761265 0.293218 0.764047 0.293611 0.766768 0.292910 0.769014 0.291221 0.769476 0.290863 0.771653 0.289173 0.772124 0.288807 0.777022 0.282427 0.778090 0.280618 0.778266 0.279374 0.778174 0.277719 0.777860 0.276502 0.776597 0.274823 0.774787 0.273755 0.772707 0.273460 0.770672 0.273985 0.763536 0.277388 0.761264 0.279096 0.758278 0.281621 0.756849 0.284041
0 0.501409 0.367354 0.502386 0.370058 0.504044 0.371995 0.505412 0.373495 0.507248 0.374357 0.509275 0.374451 0.510417 0.374039 0.511787 0.373212 0.512503 0.372561 0.514628 0.370624 0.515850 0.368021 0.515878 0.367789 0.516009 0.366696 0.516037 0.366459 0.516172 0.363553 0.515184 0.360816 0.513224 0.358666 0.510590 0.357430 0.507683 0.357295 0.504947 0.358283 0.502797 0.360243 0.501561 0.362877 0.501426 0.365784 0.501423 0.366022
0 0.305127 0.215064 0.305369 0.215722 0.306124 0.217266 0.307276 0.219457 0.308649 0.221964 0.310038 0.224409 0.311233 0.226425 0.312056 0.227709 0.312379 0.228064 0.326455 0.220335 0.353442 0.203014 0.353516 0.202906 0.353453 0.202611 0.352971 0.201475 0.352183 0.199869 0.351210 0.198035 0.350200 0.196258 0.349310 0.194810 0.348675 0.193912 0.348506 0.193786 0.319238 0.207328 0.317122 0.208488
0 0.499471 0.846633 0.500059 0.847625 0.501216 0.848851 0.502144 0.849612 0.503454 0.850577 0.504475 0.851249 0.506074 0.852052 0.507322 0.852410 0.508027 0.852270 0.527355 0.827131 0.536220 0.813932 0.536242 0.813156 0.535362 0.811849 0.533718 0.810210 0.531559 0.808489 0.529211 0.806942 0.527026 0.805802 0.525333 0.805242 0.524390 0.805348 0.523063 0.807326 0.516876 0.816551 0.515551 0.818527 0.499540 0.846026
0 0.019999 0.709272 0.020184 0.711383 0.020865 0.713951 0.021938 0.716581 0.023237 0.718866 0.024561 0.720456 0.025708 0.721108 0.027991 0.720174 0.040921 0.714883 0.041684 0.714517 0.071143 0.700343 0.071317 0.699399 0.071133 0.697899 0.070825 0.696806 0.070310 0.695316 0.069851 0.694192 0.068949 0.692545 0.068046 0.691378 0.067279 0.690870 0.036328 0.701384 0.023422 0.706656 0.021143 0.707587 0.020337 0.707940
0 0.319858 0.596733 0.321514 0.598494 0.329238 0.606707 0.330892 0.608465 0.354436 0.630377 0.354568 0.630381 0.354842 0.630219 0.355813 0.629438 0.357152 0.628264 0.358653 0.626876 0.360086 0.625488 0.361229 0.624316 0.361910 0.623535 0.361979 0.623373 0.341530 0.598494 0.339881 0.596738 0.330526 0.586778 0.329940 0.587232 0.328637 0.588370 0.326817 0.590017 0.324752 0.591925 0.322753 0.593809 0.321121 0.595384 0.320103 0.596412
