0 0.668721 0.521853 0.672957 0.544140 0.686219 0.553165 0.688814 0.553908 0.697965 0.540461 0.693669 0.517864 0.680223 0.508713 0.677746 0.508591
0 0.699252 0.713958 0.702028 0.716940 0.718218 0.718503 0.730986 0.707983 0.735970 0.703876 0.737533 0.687686 0.734269 0.685106 0.718301 0.683564 0.700793 0.697990
0 0.644819 0.059255 0.658066 0.073371 0.665040 0.069077 0.681542 0.053591 0.691340 0.042147 0.678093 0.028030 0.670915 0.029654 0.670340 0.029845 0.669320 0.030570 0.668009 0.031718 0.651315 0.047384 0.649920 0.048775 0.648659 0.050191 0.647726 0.051415 0.647262 0.052260
0 0.722006 0.542036 0.724096 0.552324 0.729684 0.567611 0.731866 0.573579 0.737671 0.584893 0.755854 0.578246 0.757032 0.570648 0.756960 0.569740 0.756613 0.568313 0.756042 0.566585 0.748182 0.545083 0.747479 0.543326 0.746753 0.541815 0.746115 0.540781 0.740188 0.535390
0 0.087045 0.783529 0.102585 0.795073 0.109254 0.791845 0.109989 0.791165 0.111050 0.789999 0.112273 0.788526 0.113476 0.786968 0.127034 0.768717 0.128037 0.767305 0.128693 0.766248 0.128902 0.765705 0.129795 0.758444 0.114255 0.746900 0.104227 0.758160 0.090511 0.776626
0 0.613718 0.562934 0.615299 0.563809 0.629625 0.571427 0.651568 0.564718 0.659185 0.550392 0.644859 0.542775 0.642872 0.542189 0.621230 0.548805
0 0.652165 0.318545 0.670793 0.323817 0.675880 0.318432 0.676213 0.317836 0.676698 0.316619 0.677260 0.314966 0.677813 0.313129 0.684048 0.291100 0.684506 0.289367 0.684796 0.288011 0.684874 0.287238 0.683220 0.279912 0.664593 0.274640 0.660181 0.287349 0.654017 0.309124
0 0.010264 0.281289 0.025996 0.292570 0.036421 0.285051 0.049609 0.266661 0.052587 0.255489 0.036854 0.244207 0.029404 0.247512 0.028262 0.248083 0.026989 0.249174 0.025781 0.250618 0.012440 0.269223 0.011486 0.270794 0.010936 0.272245
0 0.376443 0.267760 0.384136 0.289438 0.385730 0.292331 0.400213 0.299228 0.407109 0.284744 0.399522 0.263364 0.398120 0.260067 0.383435 0.253075
0 0.114312 0.802719 0.127763 0.821378 0.143818 0.823982 0.148716 0.819525 0.151284 0.803692 0.138017 0.785289 0.122183 0.782721 0.116915 0.786664
0 0.880266 0.649641 0.880593 0.657126 0.880730 0.657833 0.881285 0.659036 0.882176 0.660551 0.894382 0.679734 0.895476 0.681338 0.896613 0.682795 0.897620 0.683884 0.898343 0.684438 0.904761 0.688139 0.921095 0.677747 0.918380 0.669503 0.909499 0.655546 0.906031 0.650096 0.896599 0.639249
0 0.639962 0.588657 0.651210 0.594889 0.671408 0.605897 0.680027 0.610494 0.689292 0.593495 0.685166 0.587342 0.685087 0.587281 0.684372 0.586876 0.683127 0.586188 0.681544 0.585321 0.661441 0.574365 0.659767 0.573456 0.658265 0.572647 0.657165 0.572063 0.656634 0.571791 0.649226 0.571659
0 0.878154 0.097135 0.879560 0.110789 0.888484 0.131586 0.896149 0.139067 0.913939 0.131433 0.914903 0.123208 0.914955 0.121818 0.914645 0.120086 0.914022 0.118278 0.904993 0.097239 0.904154 0.095638 0.903229 0.094496 0.895944 0.089501
0 0.183264 0.673578 0.195240 0.688788 0.202417 0.687439 0.202521 0.687419 0.203203 0.686944 0.204358 0.686087 0.205808 0.684980 0.207336 0.683790 0.225200 0.669725 0.226578 0.668627 0.227604 0.667785 0.228123 0.667324 0.231092 0.660561 0.219116 0.645351 0.207772 0.653660 0.189699 0.667889
0 0.870194 0.607388 0.870322 0.608869 0.870695 0.610649 0.876437 0.632775 0.876999 0.634594 0.877667 0.636180 0.878340 0.637295 0.883906 0.643332 0.902706 0.638636 0.902991 0.628142 0.897165 0.605761 0.891152 0.594239 0.872376 0.598929 0.870329 0.606431
0 0.401977 0.966141 0.417840 0.969733 0.423303 0.966287 0.431832 0.960907 0.437294 0.957461 0.440886 0.941598 0.441700 0.935526 0.426055 0.931984 0.406868 0.944087 0.403326 0.959733
0 0.945155 0.254261 0.947229 0.270405 0.948039 0.276708 0.960703 0.286489 0.967110 0.283520 0.977028 0.270679 0.974104 0.247920 0.961263 0.238003 0.954937 0.241596
0 0.123162 0.452220 0.127155 0.460885 0.141332 0.478999 0.151286 0.488153 0.166531 0.476222 0.165398 0.468688 0.165127 0.467899 0.164413 0.466690 0.163363 0.465246 0.149350 0.447341 0.148120 0.445873 0.146892 0.444599 0.145850 0.443712 0.145155 0.443348 0.138407 0.440289
0 0.806594 0.244797 0.820176 0.253332 0.842293 0.248283 0.847066 0.244775 0.855720 0.231003 0.841948 0.222350 0.835651 0.223787 0.819523 0.227468 0.815128 0.231215
0 0.078383 0.634893 0.083522 0.640322 0.084063 0.640776 0.085262 0.641325 0.086936 0.641886 0.108904 0.648333 0.110790 0.648817 0.112592 0.649148 0.114036 0.649277 0.114900 0.649183 0.122167 0.647743 0.127618 0.629167 0.119771 0.624937 0.098056 0.618564 0.083835 0.616318
0 0.504038 0.643222 0.504111 0.643774 0.504308 0.644970 0.504599 0.646628 0.504941 0.648494 0.509128 0.671002 0.509466 0.672783 0.509747 0.674201 0.509928 0.675038 0.509982 0.675169 0.514554 0.680998 0.533586 0.677457 0.531758 0.667608 0.530577 0.661258 0.527551 0.644994 0.525240 0.632597 0.506207 0.636138
0 0.912920 0.120194 0.913962 0.136437 0.914369 0.142779 0.926385 0.153346 0.932315 0.148526 0.943029 0.136342 0.941561 0.113444 0.929377 0.102729 0.923488 0.108178
0 0.818980 0.046715 0.831427 0.061542 0.837415 0.057810 0.842282 0.053724 0.854747 0.043259 0.866375 0.032203 0.853927 0.017376 0.846870 0.018573 0.846454 0.018708 0.845508 0.019359 0.844176 0.020427 0.826642 0.035148 0.825132 0.036465 0.823683 0.037825 0.822514 0.039020 0.821806 0.039866
0 0.966413 0.432922 0.969396 0.452050 0.984616 0.449884 0.990998 0.448889 0.999730 0.447464 1.000000 0.447335 1.000000 0.423471 0.972113 0.428560
0 0.577027 0.060439 0.577035 0.061371 0.577261 0.062860 0.577670 0.064681 0.578200 0.066557 0.584984 0.088257 0.585558 0.089912 0.586089 0.091100 0.586498 0.091642 0.591954 0.096699 0.610431 0.090923 0.607907 0.076585 0.605980 0.070420 0.602971 0.060795 0.601043 0.054630 0.596816 0.047371 0.578339 0.053147
0 0.761220 0.400324 0.764043 0.407503 0.764555 0.408272 0.765565 0.409336 0.766920 0.410534 0.784464 0.424995 0.785964 0.426150 0.787386 0.427091 0.788517 0.427676 0.796431 0.429346 0.808744 0.414407 0.802406 0.406389 0.784656 0.391759 0.773534 0.385385
0 0.605422 0.851419 0.611237 0.857159 0.612370 0.857861 0.613964 0.858580 0.615775 0.859206 0.637714 0.865749 0.639458 0.866184 0.640862 0.866358 0.641710 0.866247 0.649149 0.864460 0.654682 0.845908 0.642589 0.839878 0.620902 0.833410 0.610955 0.832867
0 0.484158 0.095157 0.492347 0.112699 0.500082 0.113383 0.501030 0.113373 0.502447 0.113000 0.504119 0.112320 0.524722 0.102703 0.526401 0.101818 0.527840 0.100858 0.528821 0.099968 0.533694 0.093398 0.525505 0.075856 0.515293 0.077237 0.500302 0.084234 0.494450 0.086966
0 0.047847 0.354861 0.060489 0.365096 0.066530 0.366949 0.089092 0.364576 0.099186 0.352109 0.086718 0.342015 0.080958 0.339814 0.074535 0.340489 0.064506 0.341544 0.058082 0.342220
0 0.424314 0.805187 0.430332 0.820254 0.451418 0.829303 0.466485 0.823285 0.466945 0.818851 0.461009 0.803990 0.446052 0.797571 0.440212 0.795065 0.425352 0.801001
0 0.534578 0.407610 0.546982 0.422473 0.555290 0.415849 0.572665 0.401349 0.582015 0.393235 0.569610 0.378372 0.562371 0.379949 0.562171 0.380026 0.561433 0.380565 0.560270 0.381485 0.558859 0.382644 0.541282 0.397314 0.539845 0.398532 0.538606 0.399616 0.537756 0.400402 0.537424 0.400770
0 0.496013 0.424991 0.496068 0.426021 0.511550 0.442603 0.527581 0.443153 0.527966 0.442362 0.528524 0.426107 0.517234 0.414015 0.512826 0.409294 0.496571 0.408736
0 0.252968 0.127881 0.271178 0.134452 0.277052 0.129582 0.277657 0.129012 0.278354 0.127816 0.279039 0.126178 0.286756 0.104791 0.287327 0.102951 0.287700 0.101181 0.287818 0.099749 0.286667 0.091531 0.268457 0.084960 0.262651 0.092369 0.260458 0.098444 0.257035 0.107930 0.254843 0.114006
0 0.726641 0.448669 0.728517 0.456176 0.747255 0.461038 0.752175 0.449585 0.753798 0.443333 0.757953 0.427320 0.758716 0.416870 0.739977 0.412008 0.735009 0.417504 0.734607 0.417969 0.734081 0.419074 0.733513 0.420650 0.732988 0.422457 0.727278 0.444465 0.726874 0.446237 0.726650 0.447713
0 0.479410 0.275939 0.484309 0.294668 0.491898 0.296498 0.492920 0.296461 0.494439 0.296217 0.496226 0.295803 0.518223 0.290050 0.520013 0.289527 0.521544 0.288974 0.522582 0.288472 0.528454 0.283120 0.523555 0.264391 0.512622 0.265366 0.490368 0.271187
0 0.208172 0.495897 0.209371 0.512078 0.213357 0.511912 0.229315 0.510730 0.233465 0.505917 0.244092 0.493589 0.242909 0.477630 0.239334 0.477319 0.223153 0.478518
0 0.807281 0.474584 0.816685 0.495229 0.831710 0.500849 0.836333 0.500862 0.842032 0.485628 0.839355 0.479751 0.832497 0.464696 0.817263 0.458998 0.812901 0.459560
0 0.790302 0.563966 0.790743 0.583320 0.797388 0.586598 0.798150 0.586704 0.799537 0.586778 0.801337 0.586807 0.803275 0.586787 0.826163 0.586265 0.827934 0.586200 0.829261 0.586099 0.829942 0.585978 0.836362 0.582279 0.835920 0.562925 0.821892 0.562675 0.805620 0.563046 0.799268 0.563191
0 0.223242 0.726289 0.226025 0.738477 0.233299 0.753336 0.236140 0.759137 0.243306 0.767271 0.260693 0.758758 0.261038 0.750690 0.260845 0.749469 0.260336 0.747877 0.259587 0.746155 0.249589 0.725734 0.248712 0.724135 0.247835 0.722896 0.247092 0.722204 0.240629 0.717776
0 0.871808 0.910896 0.890133 0.917137 0.896923 0.911690 0.897729 0.910509 0.898434 0.908858 0.905814 0.887186 0.906306 0.885325 0.906508 0.883545 0.906390 0.882120 0.904844 0.873944 0.886518 0.867703 0.879746 0.875442 0.874499 0.890849 0.872451 0.896864
