0 0.217073 0.480193 0.224046 0.486802 0.237419 0.496541 0.242640 0.500343 0.253958 0.507056 0.265355 0.491407 0.262081 0.484573 0.261501 0.483974 0.260414 0.483065 0.258985 0.481982 0.240606 0.468597 0.239045 0.467502 0.237584 0.466556 0.236443 0.465902 0.235797 0.465640 0.228470 0.464544
0 0.285812 0.547647 0.290804 0.563126 0.293678 0.562259 0.308946 0.557336 0.319290 0.537145 0.314366 0.521878 0.311780 0.522183 0.296300 0.527175 0.293355 0.532923 0.288757 0.541898
0 0.199011 0.275013 0.199350 0.284317 0.204971 0.306622 0.210163 0.319259 0.228935 0.314528 0.230920 0.307219 0.230966 0.306420 0.230784 0.305047 0.230404 0.303308 0.224847 0.281261 0.224324 0.279414 0.223735 0.277730 0.223169 0.276465 0.222713 0.275812 0.217784 0.270281
0 0.487352 0.076491 0.487525 0.082316 0.496954 0.095293 0.509931 0.085864 0.513479 0.063458 0.513669 0.057371 0.504108 0.044213 0.490950 0.053773
0 0.332410 0.661844 0.334190 0.674233 0.340505 0.696351 0.344936 0.705721 0.363551 0.700406 0.365045 0.693150 0.365122 0.692541 0.364986 0.691319 0.364657 0.689671 0.364186 0.687847 0.357944 0.665984 0.357400 0.664252 0.356864 0.662869 0.356416 0.662043 0.351025 0.656529
0 0.869375 0.756198 0.870273 0.772449 0.870624 0.778794 0.882546 0.789468 0.887866 0.793494 0.898689 0.781405 0.897423 0.758495 0.885334 0.747673 0.880049 0.744276
0 0.104103 0.306977 0.119082 0.319241 0.126623 0.316289 0.127703 0.315685 0.128973 0.314612 0.130240 0.313232 0.144643 0.295640 0.145720 0.294158 0.146447 0.292792 0.146715 0.291749 0.147989 0.283936 0.133010 0.271671 0.122709 0.278695 0.108137 0.296492
0 0.892737 0.580553 0.892976 0.582346 0.897191 0.604688 0.897638 0.606530 0.898225 0.608148 0.898865 0.609299 0.904048 0.615624 0.923071 0.612036 0.924415 0.601654 0.923218 0.595307 0.920151 0.579050 0.914613 0.567196 0.895589 0.570785 0.892986 0.578133 0.892740 0.579074
0 0.521115 0.251491 0.522374 0.258792 0.540809 0.264703 0.543934 0.255830 0.548904 0.240331 0.550844 0.234280 0.554742 0.221252 0.536307 0.215341 0.530966 0.220529 0.530679 0.221216 0.530221 0.222507 0.529662 0.224203 0.522671 0.246004 0.522098 0.247840 0.521601 0.249529 0.521255 0.250810
0 0.653841 0.781381 0.655980 0.785294 0.669998 0.803460 0.686090 0.805534 0.688164 0.789442 0.685583 0.785472 0.671757 0.767555 0.655886 0.765510
0 0.191702 0.609583 0.195668 0.628532 0.202766 0.630639 0.203461 0.630571 0.204780 0.630346 0.206521 0.630000 0.228930 0.625310 0.230820 0.624897 0.232563 0.624480 0.233891 0.624125 0.234604 0.623886 0.240330 0.619185 0.236365 0.600236 0.227420 0.601744 0.205269 0.606380
0 0.939592 0.166390 0.953364 0.174539 0.975285 0.168916 0.981894 0.164311 0.990156 0.150347 0.976193 0.142085 0.953967 0.147787 0.947740 0.152618
0 0.662012 0.398571 0.669416 0.416458 0.676796 0.417114 0.676902 0.417082 0.677671 0.416775 0.678984 0.416238 0.680643 0.415554 0.701651 0.406858 0.703409 0.406128 0.705009 0.405458 0.706206 0.404952 0.706819 0.404685 0.711577 0.399006 0.704172 0.381118 0.695223 0.384541 0.689255 0.387011 0.679937 0.390868 0.673969 0.393339
0 0.765464 0.905875 0.768360 0.912725 0.771191 0.918414 0.778443 0.932985 0.785794 0.946726 0.803126 0.938101 0.803506 0.930934 0.803379 0.930477 0.802905 0.929390 0.802157 0.927840 0.791957 0.907343 0.791052 0.905572 0.790132 0.903859 0.789338 0.902464 0.788791 0.901602 0.788574 0.901401 0.782796 0.897250
0 0.347274 0.452892 0.353009 0.475168 0.367014 0.483438 0.368843 0.483664 0.377000 0.469852 0.371344 0.447882 0.357531 0.439726 0.355544 0.438887
0 0.570265 0.922867 0.571245 0.928760 0.579557 0.943064 0.582803 0.948649 0.598525 0.952814 0.602690 0.937090 0.601278 0.931083 0.589879 0.911468 0.574373 0.907360
0 0.529093 0.694067 0.535311 0.705487 0.538668 0.711005 0.543910 0.719620 0.547268 0.725138 0.552812 0.733048 0.569350 0.722985 0.568865 0.715592 0.568583 0.714993 0.567962 0.713859 0.567098 0.712362 0.566121 0.710729 0.554302 0.691306 0.553357 0.689779 0.552582 0.688583 0.552097 0.687899 0.545631 0.684004
0 0.372227 0.874268 0.372436 0.875680 0.372869 0.877446 0.373459 0.879296 0.381145 0.900862 0.381800 0.902507 0.382417 0.903687 0.382902 0.904223 0.388614 0.909071 0.406850 0.902573 0.403805 0.888660 0.396208 0.867343 0.391533 0.859590 0.373297 0.866089 0.372272 0.873426
0 0.806602 0.232508 0.821900 0.249260 0.837925 0.249986 0.842636 0.246502 0.843373 0.230254 0.832217 0.218038 0.827861 0.213269 0.811613 0.212533 0.807328 0.216483
0 0.231122 0.155675 0.243008 0.170956 0.250917 0.169841 0.252022 0.169567 0.253443 0.168853 0.254964 0.167807 0.272911 0.153847 0.274309 0.152623 0.275376 0.151402 0.275952 0.150368 0.279026 0.142941 0.267140 0.127660 0.256148 0.131663 0.251050 0.135628 0.237992 0.145785
0 0.897054 0.725915 0.902637 0.730786 0.903529 0.731178 0.905005 0.731685 0.906841 0.732228 0.908755 0.732724 0.931012 0.738086 0.932705 0.738458 0.933910 0.738647 0.934444 0.738625 0.941416 0.736601 0.945949 0.717780 0.931344 0.713370 0.909343 0.708070 0.901588 0.707094
0 0.176791 0.889783 0.182354 0.896697 0.183596 0.897532 0.185260 0.898270 0.206784 0.906071 0.208608 0.906597 0.210307 0.906828 0.211620 0.906729 0.219690 0.905331 0.226287 0.887130 0.217861 0.880146 0.196584 0.872435 0.183387 0.871583
0 0.474827 0.402430 0.475175 0.403773 0.485741 0.415842 0.508377 0.417346 0.520446 0.406780 0.520730 0.405479 0.510017 0.393241 0.487065 0.391716
0 0.411806 0.034563 0.413020 0.040961 0.422728 0.061465 0.437834 0.066862 0.443231 0.051756 0.442439 0.045509 0.435360 0.030557 0.432595 0.024719 0.417279 0.019246
0 0.957193 0.509377 0.957257 0.510881 0.957614 0.512661 0.963498 0.534623 0.964097 0.536416 0.964850 0.537956 0.965641 0.539011 0.971364 0.544875 0.990063 0.539865 0.991113 0.529083 0.989442 0.522844 0.985161 0.506864 0.978256 0.495789 0.959556 0.500799 0.957434 0.508375
0 0.677155 0.500580 0.681494 0.506807 0.682220 0.507281 0.683473 0.507996 0.685064 0.508844 0.705247 0.519312 0.706940 0.520167 0.708485 0.520903 0.709649 0.521409 0.710253 0.521606 0.717662 0.521587 0.726574 0.504401 0.718226 0.499142 0.697806 0.488553 0.686068 0.483394
0 0.391514 0.678613 0.399193 0.687750 0.404006 0.692058 0.411521 0.698783 0.416334 0.703090 0.425516 0.709042 0.438426 0.694616 0.435818 0.687682 0.435629 0.687189 0.434921 0.686281 0.433804 0.685098 0.432445 0.683819 0.415503 0.668657 0.414105 0.667470 0.412874 0.666550 0.411995 0.666038 0.404424 0.664187
0 0.706546 0.749856 0.715641 0.766946 0.727565 0.763735 0.747871 0.752929 0.755922 0.745509 0.746827 0.728419 0.738777 0.728349 0.737586 0.728585 0.736027 0.729150 0.734336 0.729957 0.714265 0.740638 0.712691 0.741569 0.711467 0.742485 0.710779 0.743249
0 0.748301 0.492014 0.756734 0.509441 0.769196 0.504509 0.789901 0.494489 0.797808 0.489565 0.789375 0.472139 0.781970 0.471914 0.781267 0.472111 0.780010 0.472598 0.778392 0.473301 0.776657 0.474112 0.756191 0.484015 0.754596 0.484815 0.753377 0.485486 0.752717 0.485926
0 0.014376 0.065584 0.018128 0.084576 0.033123 0.085741 0.049091 0.082587 0.055325 0.081355 0.062893 0.075733 0.059141 0.056741 0.051078 0.054132 0.049542 0.053835 0.047658 0.053804 0.045715 0.054047 0.023255 0.058483 0.021558 0.058960 0.020373 0.059596
0 0.254754 0.654644 0.258522 0.659889 0.268174 0.673324 0.284225 0.675954 0.287192 0.673537 0.289786 0.657707 0.276550 0.639283 0.260719 0.636689 0.257384 0.638593
0 0.012750 0.891019 0.013198 0.892662 0.014029 0.894357 0.025858 0.913959 0.026943 0.915440 0.028112 0.916476 0.036326 0.920523 0.052901 0.910521 0.050669 0.897515 0.038976 0.878139 0.029326 0.871453 0.012751 0.881455
0 0.535476 0.442216 0.541792 0.451873 0.545499 0.457034 0.554996 0.470252 0.562099 0.479274 0.577822 0.467979 0.576774 0.460645 0.576661 0.460293 0.576133 0.459394 0.575271 0.458085 0.574207 0.456564 0.560849 0.437971 0.559749 0.436478 0.558786 0.435247 0.558107 0.434467 0.557815 0.434255 0.551199 0.430921
0 0.090945 0.051848 0.102731 0.062961 0.107493 0.067169 0.119691 0.077945 0.125142 0.082058 0.137959 0.067550 0.135513 0.060969 0.135307 0.060632 0.134547 0.059806 0.133348 0.058615 0.131892 0.057240 0.130402 0.055893 0.113244 0.040735 0.111954 0.039626 0.111066 0.038930 0.110715 0.038752 0.103762 0.037339
0 0.207978 0.678580 0.213970 0.683212 0.214690 0.683569 0.216034 0.683934 0.217798 0.684249 0.240455 0.687540 0.242362 0.687758 0.244113 0.687843 0.245440 0.687783 0.246141 0.687588 0.253134 0.685139 0.255917 0.665981 0.246692 0.663013 0.240403 0.662099 0.230585 0.660673 0.224296 0.659760 0.210760 0.659422
0 0.903834 0.675722 0.904439 0.683132 0.904584 0.683787 0.905174 0.684935 0.906121 0.686403 0.919090 0.705077 0.920253 0.706648 0.921461 0.708088 0.922531 0.709182 0.923300 0.709761 0.929862 0.713200 0.945763 0.702157 0.942864 0.694372 0.929743 0.675478 0.919734 0.664679
