0 0.389719 0.203957 0.389806 0.204712 0.392133 0.211746 0.411240 0.214859 0.413777 0.205995 0.416395 0.189931 0.417417 0.183659 0.418578 0.169823 0.399471 0.166709 0.394833 0.172571 0.394545 0.173241 0.394213 0.174550 0.393886 0.176298 0.390204 0.198894 0.389935 0.200808 0.389764 0.202586
0 0.399765 0.136963 0.407546 0.147433 0.422356 0.144563 0.437799 0.127788 0.438316 0.114009 0.430915 0.103126 0.415946 0.106177 0.400430 0.123031
0 0.851092 0.172612 0.852547 0.188549 0.868483 0.187093 0.873607 0.182742 0.888289 0.165109 0.886814 0.148951 0.870657 0.150427 0.865573 0.155221 0.861506 0.160105
0 0.460291 0.388025 0.463187 0.410844 0.463694 0.412068 0.476375 0.421893 0.486199 0.409212 0.483344 0.386707 0.483110 0.385129 0.470253 0.375167
0 0.916492 0.611110 0.922284 0.612655 0.938160 0.616005 0.957385 0.603479 0.960734 0.587604 0.944859 0.584254 0.938757 0.583099 0.919796 0.595452
0 0.908366 0.306252 0.923596 0.323065 0.939617 0.323856 0.945746 0.321403 0.946549 0.305157 0.942213 0.300370 0.931107 0.288110 0.914862 0.287307 0.909158 0.290230
0 0.087731 0.032781 0.087941 0.034489 0.091858 0.057046 0.092283 0.058993 0.092859 0.060876 0.093496 0.062404 0.094097 0.063346 0.098598 0.069230 0.117672 0.065918 0.118826 0.058278 0.117739 0.052017 0.114954 0.035981 0.109865 0.020961 0.090791 0.024273 0.087772 0.031582
0 0.701269 0.602318 0.702097 0.609832 0.702463 0.610572 0.703197 0.611780 0.704187 0.613273 0.717045 0.632025 0.718146 0.633582 0.719195 0.634974 0.720033 0.635989 0.720532 0.636473 0.727074 0.639951 0.743040 0.629003 0.738532 0.620577 0.734880 0.615250 0.729177 0.606933 0.725524 0.601606 0.717235 0.591370
0 0.698702 0.176875 0.708362 0.180539 0.730894 0.182644 0.744134 0.181119 0.745934 0.161844 0.739664 0.157332 0.738887 0.156849 0.737498 0.156444 0.735710 0.156181 0.712915 0.154051 0.711009 0.153970 0.709283 0.154083 0.708002 0.154374 0.700502 0.157599
0 0.175389 0.933304 0.177037 0.956247 0.180485 0.963908 0.199795 0.962521 0.202744 0.955725 0.203110 0.954756 0.203367 0.953203 0.203477 0.951304 0.203422 0.949344 0.201794 0.926666 0.201584 0.924937 0.201248 0.923692 0.196527 0.917008 0.177217 0.918395
0 0.134284 0.039206 0.137404 0.045156 0.140843 0.050623 0.146213 0.059159 0.149653 0.064626 0.158582 0.077829 0.174968 0.067521 0.174607 0.060406 0.174414 0.060012 0.173823 0.059016 0.172926 0.057569 0.160819 0.038324 0.159747 0.036640 0.158659 0.034968 0.157718 0.033560 0.157069 0.032632 0.156811 0.032325 0.150670 0.028898
0 0.735694 0.360123 0.736420 0.372258 0.740205 0.388088 0.741683 0.394269 0.746305 0.404502 0.765133 0.400000 0.767208 0.392314 0.767264 0.391170 0.767099 0.389556 0.766737 0.387720 0.761413 0.365453 0.760912 0.363682 0.760350 0.362253 0.759813 0.361386 0.754522 0.355621
0 0.302692 0.314479 0.307727 0.319915 0.308327 0.320276 0.309527 0.320829 0.311144 0.321489 0.312932 0.322156 0.334346 0.329795 0.336042 0.330370 0.337395 0.330770 0.338199 0.330932 0.345670 0.329810 0.352174 0.311576 0.340127 0.306164 0.318462 0.298436 0.309197 0.296246
0 0.759028 0.813115 0.759720 0.820359 0.760014 0.820869 0.760695 0.821927 0.761658 0.823373 0.774368 0.842225 0.775472 0.843845 0.776554 0.845401 0.777449 0.846657 0.778022 0.847421 0.778184 0.847575 0.784536 0.850950 0.800588 0.840128 0.796628 0.833386 0.783769 0.814313 0.775080 0.802293
0 0.674685 0.357437 0.689743 0.362965 0.710330 0.353435 0.713264 0.351392 0.718869 0.336124 0.703601 0.330518 0.688588 0.337468 0.682727 0.340182 0.680213 0.342378
0 0.037348 0.149025 0.043708 0.153850 0.059308 0.157587 0.078645 0.145725 0.082382 0.130125 0.076562 0.124969 0.060744 0.121180 0.041137 0.133207
0 0.939748 0.416065 0.940931 0.423698 0.941104 0.424591 0.941770 0.425855 0.942828 0.427299 0.957291 0.444842 0.958586 0.446252 0.959925 0.447421 0.961107 0.448170 0.968774 0.451273 0.983711 0.438958 0.980369 0.429582 0.965737 0.411834 0.954685 0.403750
0 0.933274 0.884206 0.938792 0.906153 0.945149 0.920526 0.963924 0.915805 0.966442 0.908223 0.966408 0.907002 0.966078 0.905307 0.960495 0.883104 0.959921 0.881201 0.959191 0.879388 0.958420 0.877943 0.957723 0.877086 0.952797 0.871553 0.934022 0.876273
0 0.138776 0.327024 0.155266 0.337167 0.162266 0.333275 0.163192 0.332570 0.164264 0.331362 0.165319 0.329834 0.177230 0.310468 0.178113 0.308845 0.178693 0.307368 0.178882 0.306260 0.179171 0.298300 0.162681 0.288158 0.153885 0.296214 0.141834 0.315807
0 0.149563 0.385205 0.161314 0.404913 0.165959 0.406217 0.181473 0.410141 0.185397 0.394627 0.173807 0.375189 0.169271 0.373454 0.153541 0.369475
0 0.921110 0.240840 0.922996 0.248513 0.923260 0.249538 0.924045 0.250837 0.925233 0.252213 0.941235 0.268365 0.942650 0.269616 0.944083 0.270556 0.945318 0.271044 0.953224 0.273256 0.966977 0.259631 0.962719 0.249485 0.951075 0.237733 0.946529 0.233145 0.934862 0.227215
0 0.490948 0.715050 0.499743 0.732296 0.509987 0.728979 0.530478 0.718528 0.540392 0.711564 0.531596 0.694319 0.523829 0.694159 0.522869 0.694417 0.521458 0.694983 0.519808 0.695771 0.499554 0.706101 0.497909 0.706994 0.496512 0.707860 0.495575 0.708569 0.495241 0.709012
0 0.820708 0.423200 0.826972 0.430865 0.844683 0.444953 0.856419 0.451606 0.868470 0.436455 0.865660 0.429361 0.865248 0.428627 0.864290 0.427593 0.862931 0.426416 0.845014 0.412164 0.843469 0.411031 0.841979 0.410118 0.840773 0.409565 0.832760 0.408050
0 0.538332 0.947050 0.556983 0.952238 0.562227 0.947065 0.562579 0.946555 0.563048 0.945373 0.563563 0.943700 0.569697 0.921643 0.570177 0.919741 0.570546 0.917910 0.570748 0.916428 0.570753 0.915522 0.569210 0.908276 0.550559 0.903089 0.547118 0.910732 0.545415 0.916855 0.541054 0.932536
0 0.721318 0.314186 0.729831 0.327736 0.743381 0.319223 0.746765 0.316709 0.751873 0.294339 0.743242 0.280601 0.729503 0.289232 0.726355 0.292123 0.722732 0.307990
0 0.515732 0.223620 0.524013 0.233426 0.528735 0.237679 0.540830 0.248571 0.549640 0.254156 0.562595 0.239770 0.559814 0.232227 0.559099 0.231222 0.557973 0.229966 0.556608 0.228651 0.539595 0.213330 0.538204 0.212162 0.537006 0.211325 0.536183 0.210946 0.528687 0.209235
0 0.181928 0.627262 0.188758 0.634873 0.194061 0.638561 0.202340 0.644318 0.207643 0.648005 0.219391 0.653312 0.230444 0.637418 0.227067 0.630471 0.226513 0.629727 0.225433 0.628737 0.223989 0.627649 0.205322 0.614669 0.203729 0.613645 0.202222 0.612836 0.201028 0.612364 0.192980 0.611368
0 0.046126 0.820660 0.047239 0.837166 0.047674 0.843610 0.052127 0.852192 0.071442 0.850890 0.074958 0.843285 0.075363 0.841856 0.075575 0.840039 0.075562 0.838109 0.074033 0.815424 0.073797 0.813664 0.073373 0.812336 0.068372 0.805363 0.049057 0.806665
0 0.000000 0.955327 0.003294 0.973462 0.010778 0.975040 0.011886 0.974846 0.013498 0.974321 0.034944 0.966308 0.036807 0.965535 0.038630 0.964634 0.040132 0.963745 0.041086 0.963003 0.046038 0.957493 0.039263 0.939358 0.032387 0.939767 0.017140 0.945463 0.011188 0.947687 0.000793 0.953730
0 0.434773 0.602063 0.447103 0.616988 0.454350 0.615448 0.454574 0.615366 0.455334 0.614826 0.456514 0.613909 0.457936 0.612755 0.475586 0.598174 0.477025 0.596964 0.478256 0.595889 0.479090 0.595112 0.479402 0.594752 0.482282 0.587926 0.469952 0.573001 0.461471 0.579618 0.456572 0.583665 0.444024 0.594031
0 0.831609 0.227240 0.837261 0.242252 0.852273 0.236600 0.857186 0.232927 0.866676 0.211974 0.860945 0.196753 0.845723 0.202484 0.840968 0.206575
0 0.203769 0.553781 0.209532 0.568991 0.230505 0.578438 0.234209 0.577357 0.249210 0.571674 0.243526 0.556673 0.222842 0.547356 0.218978 0.548018
0 0.484082 0.064043 0.490977 0.068148 0.492033 0.068647 0.493604 0.068993 0.495451 0.069134 0.518185 0.069480 0.520036 0.069395 0.521617 0.069097 0.522689 0.068631 0.529706 0.064738 0.530001 0.045381 0.518748 0.041471 0.495748 0.041121 0.484376 0.044686
0 0.924190 0.359027 0.925345 0.375027 0.941344 0.373871 0.947499 0.372112 0.962550 0.354718 0.961378 0.338495 0.945156 0.339667 0.939033 0.341872
0 0.241404 0.934799 0.246393 0.950279 0.261874 0.945289 0.265146 0.939167 0.275493 0.918978 0.270572 0.903710 0.255304 0.908632 0.251895 0.914328 0.248949 0.920076
0 0.708484 0.135529 0.717675 0.148675 0.740013 0.152631 0.753161 0.143441 0.756689 0.138468 0.747370 0.125138 0.724720 0.121127 0.711389 0.130446
0 0.421451 0.035813 0.422531 0.042194 0.427306 0.057508 0.447395 0.068048 0.462709 0.063272 0.462190 0.057186 0.457348 0.041658 0.451629 0.038657 0.436979 0.030971
