0 0.469487 0.107762 0.475561 0.113106 0.476611 0.113763 0.478157 0.114387 0.479966 0.114883 0.502176 0.119747 0.503980 0.120043 0.505513 0.120094 0.506543 0.119892 0.514060 0.117525 0.518202 0.098614 0.507117 0.092856 0.484647 0.087934 0.473629 0.088851
0 0.129439 0.945274 0.138097 0.959042 0.160525 0.964154 0.174294 0.955496 0.178771 0.949231 0.170232 0.935652 0.148113 0.930611 0.134533 0.939150
0 0.290173 0.729313 0.298652 0.736506 0.319057 0.747124 0.330651 0.750377 0.339588 0.733204 0.335235 0.726661 0.334491 0.725924 0.333226 0.725033 0.331633 0.724122 0.311464 0.713626 0.309777 0.712830 0.308245 0.712266 0.307101 0.712020 0.299110 0.712140
0 0.106696 0.098081 0.118890 0.108167 0.136921 0.121844 0.143051 0.125657 0.154750 0.110232 0.151757 0.103834 0.151589 0.103532 0.150834 0.102784 0.149603 0.101702 0.148085 0.100450 0.146511 0.099222 0.128271 0.085386 0.126888 0.084372 0.125915 0.083733 0.125498 0.083566 0.118395 0.082657
0 0.760538 0.769814 0.778816 0.776193 0.784715 0.771133 0.785382 0.770445 0.786115 0.769161 0.786803 0.767477 0.794347 0.745862 0.794882 0.744042 0.795179 0.742373 0.795194 0.741109 0.793852 0.733112 0.775574 0.726732 0.769618 0.735583 0.767524 0.741583 0.762161 0.756950
0 0.626969 0.782395 0.628980 0.801650 0.641478 0.802934 0.664356 0.800546 0.674363 0.796912 0.672353 0.777658 0.664880 0.774605 0.663655 0.774406 0.661976 0.774364 0.660098 0.774483 0.637484 0.776844 0.635684 0.777109 0.634227 0.777478 0.633336 0.777898
0 0.538373 0.741954 0.538498 0.742635 0.538756 0.743938 0.539106 0.745663 0.539495 0.747548 0.544156 0.769962 0.544523 0.771710 0.544810 0.773047 0.544973 0.773769 0.549683 0.779500 0.568636 0.775558 0.566858 0.766561 0.563490 0.750364 0.562175 0.744041 0.559345 0.730884 0.540392 0.734825
0 0.743552 0.539128 0.758645 0.551252 0.767973 0.542707 0.782378 0.524773 0.787221 0.515678 0.772128 0.503554 0.765343 0.506528 0.764762 0.506806 0.763810 0.507614 0.762633 0.508829 0.761408 0.510265 0.747169 0.527991 0.746078 0.529438 0.745281 0.530681 0.744900 0.531532
0 0.102468 0.421853 0.110005 0.425159 0.131610 0.433054 0.145326 0.437515 0.151971 0.419332 0.147100 0.413845 0.146511 0.413582 0.145305 0.413109 0.143665 0.412499 0.122309 0.404695 0.120476 0.404036 0.118721 0.403427 0.117310 0.402959 0.116458 0.402704 0.116296 0.402702 0.109113 0.403670
0 0.333620 0.633976 0.340384 0.642199 0.357657 0.657325 0.367889 0.663980 0.380534 0.649285 0.377793 0.642001 0.377210 0.641212 0.376169 0.640117 0.374829 0.638880 0.357738 0.623946 0.356299 0.622753 0.354970 0.621778 0.353954 0.621168 0.353405 0.621018 0.346241 0.619308
0 0.204904 0.254704 0.206629 0.263416 0.214929 0.284869 0.221368 0.297261 0.239423 0.290275 0.240461 0.282857 0.240374 0.282124 0.240003 0.280827 0.239405 0.279163 0.231201 0.257958 0.230465 0.256173 0.229698 0.254530 0.229017 0.253277 0.228526 0.252608 0.222959 0.247719
0 0.034323 0.361126 0.049318 0.378569 0.055515 0.380236 0.071510 0.381444 0.072717 0.365448 0.057928 0.348244 0.051765 0.346131 0.035546 0.344907
0 0.785094 0.406695 0.787610 0.422498 0.805930 0.435785 0.821733 0.433269 0.826208 0.432341 0.823656 0.416318 0.805082 0.402846 0.789059 0.405398
0 0.014452 0.758254 0.032304 0.765742 0.038006 0.761011 0.038759 0.760327 0.039680 0.759070 0.040629 0.757434 0.041463 0.755664 0.050257 0.734697 0.050853 0.733056 0.051124 0.731786 0.051026 0.731079 0.049954 0.723663 0.032101 0.716175 0.023809 0.728557 0.014912 0.749769
0 0.647473 0.667185 0.650156 0.676465 0.657907 0.697727 0.663100 0.710056 0.681289 0.703425 0.682375 0.695994 0.682220 0.695226 0.681818 0.693893 0.681229 0.692198 0.673388 0.670688 0.672706 0.668898 0.672037 0.667292 0.671484 0.666117 0.671131 0.665551 0.665661 0.660555
0 0.914401 0.807414 0.914826 0.815596 0.922375 0.836931 0.929622 0.850430 0.947872 0.843972 0.949539 0.836123 0.949352 0.834890 0.948851 0.833227 0.941214 0.811644 0.940477 0.809810 0.939622 0.808093 0.938777 0.806757 0.938074 0.806004 0.932651 0.800956
0 0.450744 0.274426 0.451422 0.277525 0.466161 0.294771 0.482153 0.296024 0.483406 0.280031 0.483174 0.276967 0.478978 0.272057 0.468230 0.259481 0.452014 0.258210
0 0.425567 0.211042 0.426589 0.215017 0.433167 0.236728 0.447311 0.244294 0.454878 0.230150 0.454250 0.226386 0.447581 0.204373 0.433239 0.196701
0 0.565605 0.176074 0.572193 0.194278 0.582250 0.192899 0.603530 0.185198 0.615100 0.178751 0.608513 0.160547 0.600957 0.159233 0.600082 0.159208 0.598676 0.159487 0.596954 0.160030 0.575426 0.167820 0.573659 0.168540 0.572124 0.169325 0.571055 0.170054
0 0.813895 0.600373 0.818734 0.615667 0.838868 0.626121 0.843592 0.627881 0.859099 0.622974 0.854192 0.607467 0.833779 0.596867 0.829189 0.595534
0 0.899230 0.154450 0.912785 0.162955 0.934845 0.157907 0.940892 0.153149 0.949516 0.139406 0.935773 0.130782 0.913406 0.135901 0.907736 0.140895
0 0.112746 0.043288 0.116690 0.049560 0.117514 0.050340 0.118846 0.051371 0.120482 0.052495 0.122176 0.053543 0.141812 0.065005 0.143312 0.065821 0.144398 0.066286 0.144905 0.066329 0.152154 0.066291 0.161913 0.049572 0.149203 0.040073 0.143625 0.036817 0.129337 0.028477 0.122505 0.026569
0 0.361387 0.685022 0.377572 0.695644 0.382876 0.687635 0.395497 0.668404 0.402607 0.657494 0.386422 0.646873 0.379952 0.650483 0.379591 0.650991 0.378878 0.652040 0.377923 0.653471 0.376871 0.655065 0.364310 0.674206 0.363327 0.675714 0.362566 0.676898 0.362144 0.677577 0.362124 0.677650
0 0.294952 0.082711 0.307056 0.090431 0.327950 0.099126 0.337080 0.100243 0.344518 0.082370 0.339219 0.075979 0.338067 0.075098 0.336491 0.074173 0.334732 0.073347 0.313595 0.064550 0.311929 0.063951 0.310617 0.063674 0.309859 0.063760 0.302390 0.064837
0 0.804866 0.164991 0.812141 0.182931 0.819435 0.183920 0.820047 0.183880 0.821259 0.183528 0.822885 0.182918 0.843955 0.174374 0.845756 0.173594 0.847466 0.172762 0.848826 0.172001 0.849629 0.171429 0.854427 0.165784 0.847152 0.147844 0.839346 0.149273 0.818029 0.157917
0 0.886032 0.113030 0.887059 0.129274 0.887461 0.135616 0.899468 0.146194 0.905023 0.141273 0.915749 0.129099 0.914300 0.106200 0.902125 0.095474 0.896610 0.101023
0 0.156128 0.418909 0.158518 0.426007 0.158914 0.426630 0.159826 0.427632 0.161114 0.428860 0.178087 0.444223 0.179550 0.445485 0.180958 0.446582 0.182095 0.447347 0.182789 0.447664 0.189958 0.449530 0.202950 0.435177 0.196961 0.428107 0.192250 0.423843 0.180183 0.412921 0.169120 0.404556
0 0.238655 0.428762 0.240078 0.436518 0.258459 0.442595 0.263963 0.432315 0.271066 0.410828 0.272782 0.399271 0.254401 0.393194 0.248636 0.398569 0.248024 0.399454 0.247340 0.400874 0.246690 0.402612 0.239503 0.424350 0.238989 0.426134 0.238691 0.427684
0 0.186131 0.016356 0.187898 0.023149 0.188061 0.023509 0.188723 0.024409 0.189781 0.025711 0.191073 0.027216 0.192405 0.028697 0.207815 0.045415 0.208990 0.046653 0.209834 0.047466 0.210219 0.047729 0.217057 0.049907 0.231292 0.036786 0.221289 0.024524 0.205699 0.007611 0.200365 0.003235
0 0.019494 0.076177 0.030350 0.092207 0.043515 0.089158 0.062253 0.076468 0.068131 0.066620 0.057276 0.050591 0.049014 0.051047 0.047636 0.051133 0.045991 0.051678 0.044333 0.052602 0.025377 0.065440 0.023963 0.066596 0.023018 0.067805
0 0.623282 0.098464 0.627774 0.117295 0.637748 0.117763 0.643929 0.116289 0.659761 0.112513 0.672159 0.106709 0.667668 0.087878 0.660338 0.085605 0.659495 0.085383 0.658082 0.085436 0.656316 0.085758 0.634047 0.091070 0.632204 0.091609 0.630574 0.092281 0.629405 0.092982
0 0.475670 0.672056 0.484644 0.685572 0.498161 0.676598 0.502704 0.654107 0.502666 0.651993 0.493815 0.638662 0.480484 0.647513 0.479226 0.653742 0.476004 0.669696
0 0.080237 0.819527 0.086747 0.827906 0.106664 0.839413 0.119747 0.842355 0.129432 0.825592 0.125636 0.818732 0.125149 0.817852 0.124074 0.816832 0.122574 0.815825 0.102887 0.804451 0.101184 0.803607 0.099530 0.803050 0.098174 0.802865 0.089922 0.802765
0 0.726380 0.471267 0.737516 0.487103 0.748875 0.480381 0.767691 0.467149 0.774841 0.460854 0.763705 0.445019 0.756360 0.445993 0.755721 0.446276 0.754578 0.446938 0.753108 0.447878 0.751532 0.448953 0.732934 0.462032 0.731485 0.463084 0.730376 0.463957 0.729777 0.464520
0 0.515888 0.132710 0.517948 0.139826 0.536924 0.143659 0.538866 0.135448 0.540124 0.129219 0.543346 0.113265 0.545958 0.098932 0.526982 0.095099 0.522278 0.100691 0.522095 0.101273 0.521800 0.102517 0.521437 0.104234 0.516904 0.126675 0.516532 0.128595 0.516208 0.130417 0.515982 0.131862
0 0.325584 0.763787 0.331527 0.778928 0.346667 0.772985 0.348777 0.769231 0.357848 0.748438 0.351986 0.733506 0.337054 0.739367 0.334781 0.742704
0 0.044661 0.485955 0.046719 0.495773 0.049975 0.501351 0.058315 0.515638 0.067665 0.525363 0.084384 0.515603 0.084398 0.507874 0.084335 0.506962 0.083856 0.505605 0.083035 0.504009 0.071573 0.484373 0.070530 0.482775 0.069419 0.481409 0.068408 0.480483 0.061380 0.476196
0 0.378549 0.776311 0.384441 0.791428 0.399558 0.785536 0.408783 0.764527 0.410034 0.760899 0.404223 0.745989 0.389313 0.751800 0.387774 0.755302
0 0.631221 0.033102 0.631769 0.052454 0.638616 0.056271 0.639507 0.056738 0.640968 0.057024 0.642776 0.057088 0.665503 0.056444 0.667392 0.056275 0.669083 0.055899 0.670320 0.055372 0.677381 0.051161 0.676832 0.031809 0.666789 0.028289 0.660332 0.028472 0.643795 0.028941
