0 0.115483 0.589483 0.115717 0.591036 0.116231 0.592814 0.123822 0.614413 0.124538 0.616136 0.125342 0.617533 0.126111 0.618393 0.132140 0.623643 0.150404 0.617224 0.149477 0.605601 0.144081 0.590246 0.141974 0.584251 0.135274 0.574175 0.117010 0.580594 0.115567 0.588391
0 0.634196 0.395939 0.640259 0.400633 0.641134 0.400923 0.642570 0.401264 0.644352 0.401605 0.666754 0.405488 0.668617 0.405779 0.670286 0.405976 0.671509 0.406049 0.672099 0.405988 0.679156 0.403732 0.682462 0.384657 0.672629 0.381745 0.649964 0.377817 0.637503 0.376864
0 0.024312 0.215953 0.028752 0.221531 0.045447 0.237354 0.057431 0.247341 0.070748 0.233289 0.068642 0.226392 0.068365 0.225978 0.067552 0.225106 0.066325 0.223909 0.049823 0.208269 0.048365 0.206922 0.046890 0.205626 0.045622 0.204575 0.044754 0.203931 0.044418 0.203792 0.037628 0.201901
0 0.669049 0.730756 0.680637 0.746264 0.691334 0.741402 0.696508 0.737536 0.709760 0.727633 0.717189 0.718950 0.705601 0.703442 0.697731 0.704577 0.696671 0.704975 0.695271 0.705758 0.693741 0.706809 0.675528 0.720419 0.674095 0.721582 0.672970 0.722686 0.672325 0.723562
0 0.036674 0.657785 0.043868 0.672373 0.059532 0.677691 0.065648 0.679767 0.071621 0.677297 0.086008 0.670202 0.078914 0.655815 0.057433 0.648523 0.051262 0.650592
0 0.078408 0.872173 0.078663 0.873920 0.079227 0.875750 0.087540 0.897082 0.088323 0.898708 0.089204 0.899875 0.096302 0.905093 0.114340 0.898063 0.113348 0.884303 0.111041 0.878382 0.105131 0.863217 0.097771 0.855548 0.079733 0.862578 0.078500 0.870776
0 0.803279 0.143326 0.818802 0.159869 0.834835 0.160379 0.839503 0.155643 0.840021 0.139386 0.824281 0.122613 0.808025 0.122095 0.803789 0.127293
0 0.716275 0.281691 0.716453 0.283382 0.716797 0.285240 0.721735 0.307434 0.722194 0.309186 0.722701 0.310572 0.723178 0.311383 0.728326 0.317159 0.747223 0.312954 0.746756 0.300191 0.741760 0.277738 0.737312 0.268413 0.718415 0.272618 0.716289 0.280424
0 0.837416 0.347425 0.852712 0.364178 0.868737 0.364907 0.873878 0.363021 0.874616 0.346773 0.859106 0.329787 0.842858 0.329048 0.838144 0.331401
0 0.260844 0.826182 0.266967 0.841250 0.272918 0.843762 0.288159 0.850195 0.303227 0.844071 0.305933 0.839342 0.299894 0.824481 0.278994 0.815659 0.264133 0.821699
0 0.360467 0.051383 0.362387 0.057552 0.377374 0.063272 0.398080 0.054004 0.403800 0.039017 0.402457 0.032590 0.387261 0.026791 0.366266 0.036187
0 0.309432 0.302430 0.311777 0.311623 0.319597 0.333255 0.324946 0.345342 0.343152 0.338760 0.344223 0.331295 0.344042 0.330499 0.343626 0.329154 0.343040 0.327463 0.335310 0.306081 0.334639 0.304294 0.333983 0.302675 0.333440 0.301468 0.333095 0.300859 0.327638 0.295848
0 0.077151 0.580147 0.080207 0.596405 0.081401 0.602753 0.086919 0.613127 0.105945 0.609551 0.108551 0.601966 0.108795 0.600823 0.108798 0.599210 0.108560 0.597370 0.104360 0.575025 0.103915 0.573230 0.103330 0.571745 0.102692 0.570796 0.097516 0.564706 0.078490 0.568282
0 0.512035 0.049592 0.516566 0.068413 0.527433 0.069253 0.533611 0.067766 0.549435 0.063957 0.560928 0.057734 0.556398 0.038913 0.548917 0.036590 0.547949 0.036315 0.546454 0.036335 0.544659 0.036648 0.522401 0.042006 0.520588 0.042561 0.519043 0.043274 0.518000 0.044032
0 0.288217 0.234808 0.291122 0.238445 0.302514 0.249683 0.325144 0.249530 0.336382 0.238138 0.334107 0.234497 0.322557 0.223102 0.299612 0.223257
0 0.373317 0.362689 0.374208 0.378929 0.375935 0.380594 0.391953 0.379716 0.407091 0.362820 0.406212 0.346803 0.404907 0.344667 0.388666 0.345558 0.384356 0.350368
0 0.401475 0.691126 0.407953 0.713196 0.422227 0.720993 0.430024 0.706719 0.430987 0.703875 0.424598 0.682107 0.410520 0.674418 0.402830 0.688496
0 0.206517 0.814501 0.208277 0.822361 0.208658 0.823500 0.209502 0.824906 0.210678 0.826364 0.226117 0.843270 0.227442 0.844551 0.228708 0.845455 0.229721 0.845842 0.237288 0.848195 0.251583 0.835140 0.245960 0.824076 0.230699 0.807365 0.220812 0.801446
0 0.311824 0.161095 0.327771 0.172072 0.334746 0.168741 0.335524 0.168249 0.336535 0.167208 0.337624 0.165775 0.350516 0.147047 0.351524 0.145433 0.352301 0.143878 0.352729 0.142616 0.353644 0.134486 0.337697 0.123509 0.329842 0.129890 0.326180 0.135210 0.316800 0.148837
0 0.370881 0.241191 0.378280 0.259080 0.386151 0.259915 0.387245 0.259783 0.388776 0.259364 0.390510 0.258722 0.411521 0.250031 0.413203 0.249260 0.414586 0.248474 0.415459 0.247792 0.420446 0.241639 0.413046 0.223750 0.401704 0.225877 0.380448 0.234669
0 0.329470 0.015813 0.331144 0.022918 0.337292 0.045083 0.341667 0.059782 0.360322 0.054608 0.361954 0.047606 0.361829 0.047104 0.361514 0.045934 0.361057 0.044274 0.354979 0.022365 0.354448 0.020461 0.353920 0.018593 0.353477 0.017044 0.353184 0.016050 0.353088 0.015765 0.348125 0.010638
0 0.019096 0.718377 0.033819 0.730947 0.040690 0.728178 0.041536 0.727597 0.042729 0.726546 0.044086 0.725187 0.045404 0.723724 0.060168 0.706432 0.061251 0.705082 0.061940 0.704044 0.062130 0.703476 0.063447 0.696244 0.048724 0.683674 0.037549 0.693930 0.033355 0.698842 0.026807 0.706511 0.022613 0.711424
0 0.292602 0.336654 0.295344 0.345920 0.301739 0.361177 0.304236 0.367134 0.310241 0.378737 0.328095 0.371254 0.328802 0.363712 0.328589 0.362899 0.328112 0.361558 0.327444 0.359892 0.318655 0.338923 0.317893 0.337178 0.317152 0.335612 0.316542 0.334462 0.316157 0.333903 0.310456 0.329171
0 0.352791 0.679337 0.361534 0.686575 0.367123 0.689813 0.381438 0.698105 0.392276 0.702209 0.401979 0.685457 0.397831 0.678777 0.397039 0.678053 0.395762 0.677135 0.394192 0.676164 0.374518 0.664767 0.372888 0.663885 0.371437 0.663222 0.370387 0.662880 0.362495 0.662585
0 0.520279 0.079509 0.523242 0.087189 0.524007 0.088336 0.525172 0.089669 0.526560 0.090986 0.543737 0.105882 0.545143 0.106988 0.546361 0.107720 0.547204 0.107967 0.554753 0.109403 0.567436 0.094777 0.559300 0.083913 0.554421 0.079681 0.546802 0.073074 0.541922 0.068843 0.532962 0.064883
0 0.631851 0.105590 0.633236 0.113678 0.633731 0.114936 0.634593 0.116458 0.635693 0.118014 0.649673 0.135944 0.650848 0.137305 0.651924 0.138269 0.652738 0.138690 0.659909 0.141574 0.675176 0.129670 0.669543 0.117558 0.659370 0.104511 0.655398 0.099418 0.647118 0.093686
0 0.467843 0.466562 0.472093 0.482221 0.472476 0.482464 0.477989 0.485624 0.492111 0.493716 0.507555 0.489524 0.507660 0.489378 0.503409 0.473720 0.483501 0.462312
0 0.703096 0.934126 0.706033 0.940927 0.706592 0.941744 0.707640 0.942904 0.709019 0.944230 0.710517 0.945519 0.728288 0.959953 0.729670 0.961003 0.730719 0.961649 0.731275 0.961793 0.738515 0.962894 0.750720 0.947867 0.739911 0.937114 0.734978 0.933107 0.727277 0.926852 0.722344 0.922846 0.715301 0.919099
0 0.016430 0.125991 0.016606 0.127190 0.017115 0.128838 0.024956 0.150347 0.025718 0.152185 0.026613 0.153925 0.027504 0.155301 0.028256 0.156103 0.033726 0.161099 0.051914 0.154469 0.051661 0.146631 0.043910 0.125369 0.036287 0.111599 0.018098 0.118229
0 0.461434 0.417720 0.463093 0.423156 0.481624 0.428963 0.482928 0.426243 0.487552 0.411148 0.488509 0.407595 0.490018 0.401991 0.490994 0.398366 0.472365 0.392528 0.467393 0.395767 0.467114 0.396397 0.466664 0.397640 0.466110 0.399306 0.465538 0.401142 0.465036 0.402863 0.464681 0.404206 0.461583 0.416985
0 0.201299 0.929123 0.201858 0.936879 0.220954 0.940061 0.225415 0.934146 0.225838 0.933209 0.226317 0.931692 0.226779 0.929826 0.227154 0.927892 0.230891 0.905465 0.231124 0.903750 0.231180 0.902507 0.231051 0.901924 0.228454 0.895051 0.209358 0.891869 0.205080 0.906433 0.204018 0.912804
0 0.137800 0.317686 0.145619 0.331903 0.150480 0.334208 0.164501 0.326496 0.170811 0.304763 0.163099 0.290742 0.158414 0.287832 0.144197 0.295651
0 0.864509 0.875091 0.867111 0.890921 0.872229 0.896369 0.890917 0.909780 0.906967 0.907142 0.904328 0.891092 0.898769 0.885716 0.880338 0.872489
0 0.458457 0.370863 0.459027 0.372641 0.469538 0.392745 0.484845 0.397541 0.489642 0.382234 0.489498 0.380590 0.478841 0.360206 0.463320 0.355343
0 0.752218 0.713360 0.754217 0.735957 0.757760 0.739248 0.770230 0.749691 0.780673 0.737221 0.780104 0.730787 0.778646 0.714309 0.766176 0.703866 0.762517 0.701061
0 0.750328 0.593907 0.765673 0.605710 0.774867 0.597462 0.784953 0.584349 0.788891 0.579229 0.793492 0.569541 0.778147 0.557739 0.770843 0.561065 0.769902 0.561827 0.768746 0.563021 0.767550 0.564468 0.753688 0.582490 0.752629 0.583975 0.751863 0.585279 0.751506 0.586205
0 0.151738 0.168424 0.164185 0.177041 0.178041 0.185581 0.183451 0.188915 0.190582 0.192366 0.200740 0.175885 0.196948 0.169521 0.196233 0.168890 0.194996 0.167965 0.193425 0.166889 0.191762 0.165826 0.172273 0.153814 0.170777 0.152930 0.169685 0.152365 0.169161 0.152204 0.161896 0.151943
