0 0.377110 0.914648 0.389934 0.924587 0.412697 0.921703 0.422637 0.908879 0.423698 0.903271 0.411050 0.893468 0.388599 0.896312 0.378796 0.908960
0 0.886446 0.333984 0.886946 0.350018 0.902979 0.349518 0.908599 0.347420 0.924349 0.330656 0.923841 0.314399 0.907585 0.314906 0.901979 0.317451
0 0.105053 0.679535 0.116695 0.695002 0.128834 0.686621 0.133911 0.682800 0.141838 0.676833 0.146915 0.673011 0.153152 0.667561 0.141509 0.652094 0.134200 0.653304 0.133421 0.653729 0.132168 0.654535 0.130633 0.655598 0.129051 0.656757 0.110760 0.670525 0.109378 0.671598 0.108414 0.672415 0.108014 0.672854
0 0.124130 0.807867 0.130068 0.813991 0.131313 0.814630 0.133012 0.815189 0.155145 0.821046 0.157032 0.821436 0.158811 0.821598 0.160210 0.821505 0.168242 0.819540 0.173194 0.800825 0.164897 0.795499 0.143019 0.789709 0.129083 0.789152
0 0.303924 0.684637 0.310024 0.699714 0.325101 0.693615 0.327508 0.690952 0.336362 0.670066 0.330346 0.655195 0.315476 0.661211 0.312901 0.663459
0 0.092083 0.502218 0.095481 0.524968 0.100463 0.536047 0.119610 0.533187 0.122475 0.525786 0.122743 0.524722 0.122793 0.523156 0.122619 0.521324 0.119260 0.498837 0.118888 0.497011 0.118371 0.495460 0.117789 0.494418 0.112868 0.488057 0.093721 0.490918
0 0.565517 0.535170 0.577455 0.550410 0.587145 0.543732 0.605254 0.529548 0.613377 0.522273 0.601439 0.507033 0.594155 0.508384 0.593741 0.508599 0.592812 0.509235 0.591511 0.510193 0.590034 0.511329 0.572134 0.525349 0.570700 0.526494 0.569520 0.527480 0.568772 0.528157 0.568574 0.528421
0 0.056311 0.199398 0.059589 0.205714 0.059865 0.205899 0.059968 0.205968 0.081407 0.220304 0.084684 0.222495 0.086877 0.223961 0.087118 0.224121 0.094243 0.224762 0.105004 0.208669 0.092198 0.199883 0.086829 0.196292 0.073077 0.187097 0.067072 0.183305
0 0.859417 0.720646 0.860126 0.729586 0.862155 0.735608 0.867352 0.751032 0.873989 0.763887 0.892334 0.757705 0.893889 0.750369 0.893996 0.749653 0.893789 0.748348 0.893300 0.746653 0.885989 0.724957 0.885293 0.723137 0.884501 0.721478 0.883734 0.720234 0.883109 0.719593 0.877763 0.714464
0 0.200240 0.489669 0.203941 0.496230 0.204502 0.496780 0.205619 0.497607 0.207122 0.498585 0.226586 0.510638 0.228238 0.511613 0.229780 0.512433 0.230977 0.512973 0.231646 0.513149 0.239034 0.513693 0.249227 0.497234 0.241633 0.491299 0.222393 0.479384 0.210433 0.473210
0 0.725896 0.375599 0.725959 0.377069 0.726142 0.377977 0.729395 0.384966 0.748711 0.386268 0.751527 0.373858 0.751962 0.367414 0.752640 0.357352 0.753074 0.350908 0.751779 0.340741 0.732463 0.339439 0.728601 0.345762 0.728275 0.346333 0.727949 0.347549 0.727673 0.349224 0.727489 0.351105 0.725961 0.373790
0 0.663300 0.660879 0.669432 0.679242 0.677332 0.680535 0.678529 0.680405 0.680157 0.680042 0.681967 0.679501 0.703683 0.672249 0.705391 0.671615 0.706730 0.670987 0.707494 0.670462 0.712713 0.664788 0.706581 0.646426 0.694178 0.648827 0.672713 0.655995
0 0.112327 0.276992 0.128494 0.287642 0.137721 0.279909 0.150170 0.261010 0.153595 0.249537 0.137429 0.238887 0.130261 0.242452 0.129267 0.243041 0.128121 0.244163 0.127001 0.245648 0.114407 0.264767 0.113486 0.266380 0.112911 0.267870 0.112767 0.269008
0 0.720752 0.201268 0.723762 0.213932 0.726454 0.219688 0.733350 0.234431 0.740085 0.242600 0.757621 0.234398 0.758129 0.226300 0.757973 0.225040 0.757500 0.223406 0.756780 0.221650 0.747080 0.200912 0.746228 0.199308 0.745376 0.198108 0.744655 0.197496 0.738287 0.193066
0 0.382161 0.071831 0.382427 0.079235 0.382765 0.080111 0.383413 0.081490 0.384274 0.083164 0.385216 0.084877 0.396455 0.104642 0.397340 0.106144 0.398037 0.107211 0.398441 0.107682 0.404715 0.111498 0.421544 0.101929 0.415215 0.088661 0.403845 0.068664 0.398990 0.062262
0 0.606192 0.326678 0.607105 0.342693 0.623120 0.341780 0.638222 0.324851 0.640147 0.322410 0.639221 0.306171 0.622983 0.307097 0.607670 0.324262
0 0.508755 0.333657 0.517402 0.350978 0.527385 0.347129 0.533071 0.344291 0.547633 0.337021 0.558228 0.330598 0.549581 0.313277 0.541900 0.313061 0.541006 0.313320 0.539627 0.313883 0.537975 0.314664 0.517491 0.324890 0.515824 0.325766 0.514404 0.326600 0.513448 0.327264 0.513100 0.327657
0 0.015349 0.902047 0.015570 0.903812 0.016133 0.905644 0.024637 0.926900 0.025452 0.928512 0.026393 0.929652 0.033700 0.934742 0.051674 0.927551 0.051095 0.913590 0.042689 0.892578 0.034725 0.885186 0.016751 0.892377 0.015503 0.900620
0 0.630839 0.787253 0.641279 0.796290 0.654748 0.805895 0.660007 0.809645 0.667992 0.813744 0.679231 0.797982 0.675874 0.791377 0.675342 0.790779 0.674294 0.789846 0.672889 0.788721 0.671341 0.787574 0.652829 0.774374 0.651365 0.773374 0.650203 0.772669 0.649518 0.772366 0.642078 0.771491
0 0.474811 0.900940 0.484367 0.917776 0.492081 0.917887 0.492987 0.917837 0.494352 0.917374 0.495967 0.916566 0.515877 0.905265 0.517489 0.904241 0.518844 0.903160 0.519737 0.902189 0.524051 0.895252 0.514494 0.878415 0.504536 0.880943 0.484855 0.892114
0 0.233248 0.283682 0.241638 0.295013 0.253686 0.298113 0.263606 0.286652 0.265129 0.263902 0.256722 0.252784 0.244711 0.249124 0.234779 0.260824 0.234349 0.267243
0 0.277999 0.462615 0.286623 0.476406 0.289555 0.476732 0.303156 0.468227 0.308253 0.446121 0.299748 0.432520 0.296958 0.431578 0.283167 0.440201
0 0.472457 0.605327 0.481970 0.612310 0.501449 0.624545 0.511097 0.629598 0.521394 0.613205 0.517656 0.606808 0.517322 0.606472 0.516416 0.605796 0.515078 0.604884 0.513511 0.603875 0.494258 0.591781 0.492693 0.590823 0.491361 0.590058 0.490464 0.589602 0.490140 0.589524 0.482755 0.588934
0 0.471625 0.736842 0.476923 0.752219 0.492301 0.746921 0.495131 0.741116 0.499550 0.732051 0.502380 0.726245 0.502350 0.723134 0.497124 0.707968 0.481958 0.713193 0.472017 0.733584
0 0.290054 0.752689 0.300773 0.764922 0.313006 0.754203 0.315576 0.750709 0.317069 0.728072 0.306497 0.716007 0.294432 0.726579 0.291568 0.729737 0.290479 0.746244
0 0.229368 0.710132 0.247156 0.717773 0.252898 0.713092 0.253370 0.712473 0.254059 0.711273 0.254860 0.709677 0.255653 0.707927 0.264628 0.687036 0.265295 0.685389 0.265737 0.684089 0.265889 0.683332 0.265167 0.675848 0.247380 0.668207 0.240765 0.680156 0.231685 0.701291
0 0.158548 0.934298 0.161075 0.948056 0.171740 0.968438 0.179703 0.974728 0.196856 0.965753 0.197079 0.957413 0.196932 0.955974 0.196433 0.954246 0.195657 0.952492 0.185116 0.932346 0.184178 0.930824 0.183215 0.929758 0.175701 0.925323
0 0.586903 0.216584 0.594644 0.230634 0.608694 0.222894 0.610211 0.219030 0.616609 0.196936 0.608761 0.182690 0.594515 0.190538 0.593213 0.194794
0 0.149934 0.434753 0.166639 0.444538 0.175052 0.435222 0.178264 0.429739 0.186490 0.415695 0.189701 0.405164 0.172996 0.395380 0.166091 0.399499 0.165184 0.400294 0.164136 0.401578 0.163108 0.403156 0.151537 0.422911 0.150690 0.424534 0.150157 0.425949 0.150019 0.426939
0 0.593893 0.359607 0.599320 0.378190 0.606797 0.379696 0.607683 0.379537 0.609105 0.379188 0.610848 0.378702 0.632673 0.372329 0.634480 0.371778 0.636084 0.371243 0.637242 0.370805 0.637777 0.370531 0.643120 0.365399 0.637694 0.346816 0.627785 0.348782 0.605704 0.355230
0 0.908539 0.282009 0.908907 0.283584 0.909594 0.285307 0.919379 0.305830 0.920283 0.307446 0.921272 0.308716 0.922194 0.309448 0.928832 0.313981 0.946307 0.305650 0.945024 0.293672 0.942245 0.287841 0.937905 0.278738 0.935125 0.272908 0.926671 0.264461 0.909196 0.272792 0.908546 0.280819
0 0.849199 0.672587 0.860552 0.688268 0.868668 0.687226 0.869935 0.686819 0.871489 0.686036 0.873092 0.684995 0.891637 0.671569 0.893038 0.670435 0.894018 0.669384 0.894427 0.668577 0.897512 0.661510 0.886160 0.645829 0.873873 0.651286 0.868726 0.655012 0.855542 0.664557
0 0.039753 0.909053 0.054784 0.915267 0.076028 0.906448 0.081859 0.900860 0.087986 0.886036 0.073162 0.879908 0.052210 0.888605 0.045965 0.894022
0 0.528136 0.951007 0.528530 0.957295 0.544037 0.962202 0.564451 0.951601 0.569358 0.936094 0.568402 0.930097 0.553108 0.925258 0.532975 0.935713
0 0.112615 0.331637 0.112642 0.332794 0.113624 0.340738 0.131468 0.348247 0.138836 0.339044 0.147613 0.318186 0.149167 0.306190 0.131323 0.298681 0.124977 0.303484 0.124147 0.304232 0.123254 0.305537 0.122434 0.307199 0.113553 0.328301 0.112935 0.330058
0 0.750461 0.444589 0.750468 0.445657 0.750709 0.447203 0.751148 0.448993 0.757370 0.470861 0.757943 0.472629 0.758564 0.474115 0.759141 0.475094 0.764679 0.480794 0.783299 0.475497 0.782479 0.464233 0.780712 0.458021 0.777952 0.448321 0.776184 0.442109 0.770812 0.431608 0.752192 0.436906
0 0.224384 0.220313 0.227133 0.236304 0.230876 0.239921 0.249358 0.252980 0.265129 0.250269 0.262418 0.234498 0.259113 0.230805 0.240374 0.217564
