0 0.251827 0.852927 0.265156 0.866968 0.271568 0.862064 0.283566 0.850674 0.288250 0.846227 0.298249 0.835552 0.284920 0.821511 0.277823 0.823373 0.277313 0.823732 0.276344 0.824567 0.275064 0.825753 0.258575 0.841407 0.257172 0.842768 0.255855 0.844102 0.254821 0.845209 0.254230 0.845919
0 0.671696 0.576304 0.674407 0.586234 0.680302 0.601405 0.682604 0.607328 0.688224 0.618835 0.706268 0.611823 0.707226 0.604254 0.707078 0.603391 0.706663 0.602001 0.706044 0.600295 0.697752 0.578956 0.697026 0.577203 0.696308 0.575678 0.695707 0.574614 0.695315 0.574172 0.689741 0.569292
0 0.145428 0.875085 0.147294 0.888628 0.154168 0.903675 0.156852 0.909550 0.164388 0.916589 0.181997 0.908545 0.182653 0.900282 0.182573 0.898882 0.182160 0.897161 0.181476 0.895378 0.172029 0.874697 0.171176 0.873116 0.170279 0.871970 0.163037 0.867041
0 0.015253 0.738367 0.028910 0.747201 0.045085 0.743731 0.051400 0.742376 0.057570 0.739045 0.066281 0.725575 0.052812 0.716863 0.030632 0.721621 0.024086 0.724710
0 0.030177 0.874552 0.031720 0.890744 0.044475 0.901279 0.049455 0.905392 0.065646 0.903848 0.071619 0.898297 0.070097 0.882328 0.052606 0.867881 0.036637 0.869404
0 0.186894 0.137739 0.195803 0.154926 0.208308 0.152507 0.222758 0.145016 0.228399 0.142091 0.236314 0.133925 0.227404 0.116738 0.219297 0.116379 0.218047 0.116432 0.216437 0.116868 0.214712 0.117623 0.194387 0.128159 0.192818 0.129113 0.191651 0.130116 0.191065 0.131015
0 0.169092 0.543479 0.185001 0.560092 0.201262 0.560444 0.205370 0.559611 0.205717 0.543574 0.190027 0.527189 0.173989 0.526841 0.169444 0.527218
0 0.381045 0.450248 0.387918 0.468346 0.395275 0.469219 0.395758 0.469129 0.396853 0.468792 0.398393 0.468259 0.400145 0.467613 0.421400 0.459540 0.423106 0.458874 0.424513 0.458288 0.425408 0.457869 0.425653 0.457682 0.430576 0.452146 0.423703 0.434048 0.412324 0.437589 0.396858 0.443462 0.390820 0.445756
0 0.597364 0.697598 0.616607 0.699713 0.620932 0.693448 0.621183 0.692620 0.621446 0.691199 0.621681 0.689402 0.624182 0.666645 0.624352 0.664754 0.624430 0.663066 0.624405 0.661838 0.624281 0.661258 0.621590 0.654355 0.602347 0.652241 0.600284 0.662258 0.598506 0.678437 0.597812 0.684754
0 0.784658 0.366714 0.792576 0.380665 0.796653 0.379002 0.810799 0.370974 0.812517 0.364748 0.816917 0.348801 0.808889 0.334655 0.804643 0.336927 0.790692 0.344845
0 0.616580 0.060219 0.616617 0.061744 0.616780 0.063616 0.617045 0.065553 0.620686 0.087996 0.621013 0.089710 0.621354 0.090950 0.621658 0.091526 0.626313 0.097283 0.645423 0.094183 0.644776 0.079497 0.641093 0.056791 0.638117 0.049142 0.619007 0.052242 0.616675 0.059274
0 0.174810 0.927188 0.178611 0.942961 0.198186 0.954933 0.213959 0.951132 0.217882 0.944944 0.214133 0.929387 0.194827 0.917579 0.179270 0.921329
0 0.333328 0.760157 0.345425 0.775271 0.352788 0.773975 0.353444 0.773626 0.354563 0.772847 0.355976 0.771758 0.373849 0.757451 0.375333 0.756222 0.376656 0.755046 0.377614 0.754103 0.378064 0.753537 0.381049 0.746756 0.368952 0.731643 0.361177 0.736841 0.343509 0.750983
0 0.330129 0.635635 0.333491 0.654701 0.340706 0.657080 0.341563 0.657074 0.342995 0.656918 0.344784 0.656637 0.367330 0.652661 0.369195 0.652298 0.370843 0.651910 0.372023 0.651557 0.372555 0.651293 0.378428 0.646776 0.375066 0.627711 0.364932 0.628644 0.342645 0.632574
0 0.440726 0.870753 0.441233 0.890106 0.452248 0.893009 0.458705 0.892840 0.475242 0.892406 0.486848 0.888910 0.486340 0.869557 0.479344 0.865828 0.478321 0.865446 0.476773 0.865214 0.474934 0.865167 0.452205 0.865763 0.450347 0.865907 0.448744 0.866221 0.447639 0.866659
0 0.407402 0.191804 0.416654 0.208809 0.424485 0.208891 0.425489 0.208717 0.426919 0.208187 0.428560 0.207381 0.448532 0.196516 0.450140 0.195554 0.451479 0.194578 0.452345 0.193735 0.456736 0.187004 0.447485 0.169998 0.436951 0.172783 0.416745 0.183776
0 0.197908 0.740504 0.211127 0.749912 0.233754 0.746100 0.237406 0.742725 0.246684 0.729687 0.233647 0.720409 0.227380 0.721464 0.217597 0.723112 0.211331 0.724168 0.207316 0.727285
0 0.797563 0.826431 0.801277 0.832842 0.801987 0.833480 0.803215 0.834418 0.804774 0.835512 0.806424 0.836595 0.825764 0.848847 0.827248 0.849749 0.828332 0.850329 0.828851 0.850498 0.836110 0.850850 0.846469 0.834496 0.834110 0.825737 0.828742 0.822336 0.814993 0.813626 0.807923 0.810077
0 0.571019 0.482942 0.583784 0.497496 0.590982 0.495743 0.591380 0.495494 0.592274 0.494796 0.593527 0.493753 0.594949 0.492526 0.612162 0.477430 0.613529 0.476211 0.614627 0.475191 0.615288 0.474526 0.615412 0.474317 0.618090 0.467409 0.605325 0.452855 0.595966 0.460697 0.578952 0.475619
0 0.832173 0.350862 0.840601 0.354198 0.862827 0.358459 0.876987 0.359454 0.880632 0.340441 0.874961 0.335550 0.874350 0.335167 0.873084 0.334747 0.871358 0.334353 0.848873 0.330043 0.846956 0.329738 0.845150 0.329569 0.843730 0.329563 0.842914 0.329719 0.835818 0.331849
0 0.082763 0.863597 0.096273 0.872653 0.118839 0.868197 0.124082 0.863135 0.133012 0.849810 0.119687 0.840879 0.097432 0.845273 0.091818 0.850086
0 0.713292 0.446614 0.714286 0.454248 0.732357 0.461193 0.738392 0.450138 0.746644 0.428667 0.748726 0.418600 0.730656 0.411655 0.725100 0.416556 0.724670 0.417009 0.724043 0.418079 0.723314 0.419601 0.722594 0.421345 0.714437 0.442568 0.713831 0.444277 0.713429 0.445697
0 0.934412 0.705359 0.937582 0.712831 0.950945 0.731095 0.961355 0.742185 0.976979 0.730754 0.976280 0.723428 0.976195 0.722830 0.975623 0.721726 0.974651 0.720285 0.961133 0.701808 0.959914 0.700255 0.958639 0.698834 0.957503 0.697763 0.956681 0.697204 0.950036 0.693928
0 0.125148 0.745259 0.141077 0.748347 0.160093 0.735506 0.164755 0.732276 0.167800 0.716566 0.152090 0.713521 0.147252 0.716490 0.128236 0.729331
0 0.535877 0.941994 0.555225 0.942657 0.558966 0.936420 0.559069 0.935859 0.559167 0.934612 0.559246 0.932870 0.560030 0.909989 0.560078 0.908024 0.560086 0.906144 0.560055 0.904638 0.559988 0.903735 0.556787 0.897053 0.537439 0.896391 0.536749 0.904496 0.535974 0.927113
0 0.462653 0.307092 0.463165 0.309745 0.469099 0.324648 0.484002 0.318714 0.492971 0.297877 0.492875 0.295058 0.486859 0.279947 0.471748 0.285964 0.469194 0.291897
0 0.617782 0.525765 0.630233 0.526617 0.636682 0.526978 0.653200 0.527900 0.663341 0.528309 0.664420 0.508979 0.658054 0.505190 0.657895 0.505177 0.657023 0.505124 0.655568 0.505040 0.653753 0.504938 0.630895 0.503661 0.629005 0.503557 0.627337 0.503466 0.626145 0.503404 0.625610 0.503379 0.618861 0.506435
0 0.712085 0.187347 0.712125 0.189272 0.713292 0.211978 0.713443 0.213747 0.713683 0.215097 0.713976 0.215824 0.718039 0.222199 0.737373 0.221205 0.738732 0.207428 0.738401 0.200978 0.737883 0.190907 0.737551 0.184456 0.735029 0.175635 0.715696 0.176629 0.712609 0.183364 0.712347 0.184150 0.712163 0.185549
0 0.284016 0.894264 0.291677 0.896815 0.306007 0.900231 0.324840 0.887376 0.329201 0.871202 0.322004 0.868335 0.307491 0.865011 0.302178 0.868637 0.288569 0.877926
0 0.639255 0.161144 0.648549 0.178127 0.656073 0.178230 0.656816 0.178087 0.658072 0.177576 0.659650 0.176775 0.679595 0.165860 0.681262 0.164886 0.682771 0.163883 0.683895 0.163004 0.684461 0.162381 0.688577 0.156221 0.679283 0.139239 0.670667 0.141796 0.656154 0.149738 0.650488 0.152839
0 0.201024 0.572258 0.206331 0.581337 0.221859 0.598308 0.231825 0.605923 0.246108 0.592855 0.244294 0.585311 0.243873 0.584443 0.243008 0.583225 0.241830 0.581842 0.226482 0.565067 0.225164 0.563722 0.223901 0.562614 0.222885 0.561911 0.215307 0.559190
0 0.317979 0.205520 0.320480 0.209567 0.333200 0.219342 0.355693 0.216397 0.365468 0.203677 0.363594 0.199547 0.350697 0.189636 0.334293 0.191784 0.327889 0.192623
0 0.701137 0.673739 0.701284 0.674523 0.701691 0.675855 0.702295 0.677534 0.710389 0.698781 0.711101 0.700559 0.711816 0.702172 0.712427 0.703378 0.712839 0.703991 0.718380 0.708908 0.736471 0.702017 0.734320 0.692929 0.726132 0.671433 0.720229 0.659376 0.702137 0.666267
0 0.294092 0.731955 0.308252 0.750082 0.324395 0.752066 0.326810 0.748598 0.328766 0.732677 0.314801 0.714799 0.298880 0.712842 0.296075 0.715812
0 0.325969 0.407761 0.335855 0.424406 0.343252 0.424000 0.343776 0.423912 0.344850 0.423463 0.346312 0.422721 0.347939 0.421799 0.367488 0.410188 0.369040 0.409222 0.370289 0.408354 0.371045 0.407716 0.375087 0.401105 0.365201 0.384460 0.354205 0.389384 0.348652 0.392682 0.334428 0.401130
0 0.757854 0.584533 0.761730 0.590896 0.762338 0.591328 0.763489 0.592057 0.765009 0.592973 0.784575 0.604553 0.786238 0.605521 0.787800 0.606398 0.789024 0.607051 0.789723 0.607380 0.797121 0.607775 0.806982 0.591115 0.799607 0.586006 0.779812 0.574289 0.767715 0.567874
