0 0.295623 0.586889 0.312945 0.595534 0.318945 0.591188 0.319348 0.590739 0.320018 0.589701 0.320851 0.588233 0.321722 0.586559 0.331876 0.566215 0.332656 0.564581 0.333230 0.563228 0.333511 0.562361 0.333321 0.554706 0.315999 0.546061 0.309352 0.556731 0.299080 0.577312
0 0.301009 0.886686 0.302778 0.902855 0.307814 0.906898 0.320715 0.917255 0.336883 0.915486 0.339126 0.909775 0.337382 0.893829 0.319692 0.879626 0.303746 0.881371
0 0.077626 0.453693 0.077803 0.464220 0.085097 0.486035 0.092095 0.496968 0.110455 0.490829 0.112020 0.483186 0.112122 0.482212 0.111916 0.480741 0.111432 0.478996 0.104223 0.457433 0.103533 0.455671 0.102740 0.454152 0.101963 0.453107 0.095986 0.447554
0 0.071544 0.118698 0.074993 0.124716 0.088930 0.143016 0.099191 0.155000 0.114592 0.143270 0.113628 0.136156 0.113426 0.135731 0.112767 0.134758 0.111750 0.133385 0.097974 0.115297 0.096750 0.113727 0.095500 0.112193 0.094412 0.110925 0.093652 0.110117 0.093337 0.109894 0.086945 0.106969
0 0.121961 0.632289 0.123525 0.638556 0.127531 0.654607 0.141475 0.662980 0.146403 0.660741 0.154662 0.646989 0.149169 0.624978 0.135417 0.616720 0.130335 0.618345
0 0.274928 0.842238 0.283898 0.848949 0.299462 0.854559 0.305538 0.856749 0.317854 0.857710 0.324419 0.839498 0.319295 0.833480 0.318513 0.832752 0.317176 0.831972 0.315487 0.831259 0.294098 0.823550 0.292307 0.823009 0.290678 0.822719 0.289458 0.822725 0.281492 0.824026
0 0.799894 0.091720 0.810611 0.107843 0.817524 0.104749 0.836371 0.092222 0.848612 0.082585 0.837896 0.066462 0.830659 0.066873 0.830155 0.066969 0.829091 0.067515 0.827630 0.068430 0.808564 0.081103 0.806935 0.082242 0.805393 0.083427 0.804176 0.084476 0.803466 0.085230
0 0.294080 0.245600 0.295260 0.254647 0.301004 0.276921 0.305474 0.289785 0.324220 0.284951 0.326038 0.277673 0.325971 0.276908 0.325710 0.275559 0.325295 0.273831 0.319618 0.251814 0.319109 0.249961 0.318583 0.248258 0.318118 0.246961 0.317786 0.246270 0.312826 0.240766
0 0.888842 0.157575 0.895246 0.179338 0.909329 0.187017 0.915035 0.182656 0.922822 0.168375 0.920999 0.162179 0.916329 0.146309 0.902049 0.138522 0.896522 0.143491
0 0.113394 0.513881 0.121306 0.528092 0.126514 0.527705 0.140529 0.519902 0.146741 0.498083 0.138938 0.484068 0.133903 0.483847 0.119692 0.491759
0 0.946255 0.702302 0.955465 0.715437 0.961814 0.718439 0.984469 0.722419 0.997787 0.713081 0.988449 0.699764 0.981734 0.697019 0.959390 0.693093
0 0.439518 0.520115 0.439544 0.521185 0.439641 0.522770 0.439792 0.524627 0.441849 0.547429 0.442031 0.549267 0.442216 0.550797 0.442376 0.551787 0.442485 0.552085 0.446490 0.558318 0.465771 0.556578 0.465030 0.544851 0.463568 0.528641 0.462997 0.522312 0.461670 0.511133 0.442389 0.512872 0.439565 0.519722
0 0.699173 0.806573 0.701492 0.825793 0.714566 0.827091 0.737403 0.824335 0.746794 0.820326 0.744474 0.801106 0.736864 0.798139 0.735560 0.797931 0.733830 0.797896 0.731936 0.798039 0.709364 0.800763 0.707586 0.801063 0.706186 0.801476 0.705376 0.801939
0 0.473101 0.512628 0.479173 0.527717 0.494262 0.521645 0.503280 0.500485 0.497208 0.485396 0.482119 0.491467 0.475633 0.506686
0 0.894033 0.824679 0.903287 0.837783 0.908908 0.842490 0.931577 0.846394 0.944863 0.837011 0.935480 0.823725 0.929493 0.819275 0.907136 0.815425
0 0.742578 0.179329 0.750042 0.188184 0.763597 0.197193 0.768890 0.200710 0.780581 0.204585 0.791297 0.188462 0.787798 0.181346 0.787246 0.180405 0.786150 0.179293 0.784677 0.178180 0.765610 0.165508 0.763992 0.164568 0.762483 0.163949 0.761313 0.163745 0.753293 0.163206
0 0.149488 0.580996 0.158040 0.582928 0.180903 0.585461 0.194841 0.586020 0.196972 0.566779 0.190865 0.562525 0.190170 0.562340 0.188846 0.562121 0.187093 0.561901 0.164495 0.559398 0.162572 0.559210 0.160763 0.559082 0.159342 0.559033 0.158525 0.559070 0.151620 0.561755
0 0.607229 0.834536 0.608724 0.839202 0.622316 0.857758 0.638391 0.860239 0.640872 0.844165 0.638936 0.839431 0.625530 0.821131 0.609676 0.818683
0 0.505140 0.662158 0.515666 0.678406 0.523382 0.677747 0.524291 0.677375 0.525631 0.676652 0.527198 0.675688 0.546412 0.663240 0.547959 0.662187 0.549244 0.661209 0.550071 0.660457 0.550314 0.660044 0.553962 0.653596 0.543436 0.637348 0.533588 0.642391 0.519928 0.651240 0.514595 0.654695
0 0.166998 0.079796 0.171408 0.095453 0.175925 0.101013 0.195714 0.112106 0.211155 0.107758 0.206806 0.092317 0.202719 0.086635 0.182654 0.075387
0 0.651394 0.468525 0.658264 0.486624 0.665620 0.487499 0.666185 0.487351 0.667355 0.486964 0.668953 0.486395 0.670735 0.485732 0.692140 0.477608 0.693826 0.476954 0.695152 0.476413 0.695915 0.476067 0.700924 0.470432 0.694054 0.452333 0.681907 0.456733 0.675966 0.458988 0.660749 0.464764
0 0.432771 0.100544 0.444038 0.107384 0.465485 0.114606 0.476015 0.115106 0.482193 0.096759 0.476683 0.090755 0.475660 0.089959 0.474149 0.089148 0.472381 0.088447 0.450683 0.081141 0.448935 0.080658 0.447482 0.080471 0.446545 0.080607 0.438949 0.082197
0 0.509754 0.501961 0.523583 0.515509 0.530628 0.513217 0.530926 0.512971 0.531697 0.512234 0.532823 0.511118 0.534133 0.509793 0.550155 0.493440 0.551442 0.492114 0.552504 0.490996 0.553181 0.490255 0.553368 0.490005 0.555516 0.482915 0.541687 0.469367 0.533431 0.477697 0.528984 0.482236 0.517594 0.493862
0 0.465279 0.907801 0.465383 0.908678 0.465771 0.910098 0.466386 0.911845 0.467134 0.913652 0.476446 0.934567 0.477208 0.936149 0.477865 0.937260 0.478317 0.937728 0.484299 0.942091 0.501985 0.934217 0.497366 0.920370 0.488161 0.899696 0.483424 0.892532 0.465739 0.900406
0 0.343608 0.560658 0.345934 0.568019 0.364974 0.571516 0.368110 0.559809 0.372197 0.537550 0.373216 0.526636 0.354176 0.523139 0.349618 0.528980 0.349352 0.529381 0.348992 0.530449 0.348594 0.532021 0.348219 0.533857 0.344083 0.556375 0.343789 0.558187 0.343622 0.559692
0 0.305148 0.409264 0.307355 0.425660 0.308217 0.432061 0.311302 0.443920 0.330488 0.441337 0.333181 0.434093 0.333228 0.433129 0.333143 0.431628 0.332941 0.429817 0.329908 0.407284 0.329617 0.405430 0.329280 0.403807 0.328949 0.402660 0.328674 0.402167 0.324400 0.396115 0.305214 0.398698
0 0.578537 0.636697 0.585794 0.658191 0.586991 0.660394 0.601567 0.667612 0.608784 0.653036 0.601426 0.631243 0.600031 0.629440 0.585656 0.622321
0 0.054050 0.569649 0.061757 0.591321 0.076446 0.598304 0.082271 0.596951 0.089157 0.582463 0.081556 0.561089 0.067069 0.554202 0.061032 0.554959
0 0.460472 0.208767 0.461018 0.212771 0.463428 0.228630 0.479288 0.226219 0.492736 0.207949 0.492633 0.203877 0.490189 0.187797 0.474108 0.190242
0 0.677040 0.931041 0.679535 0.938017 0.680043 0.938847 0.681018 0.940055 0.682311 0.941455 0.683723 0.942833 0.700533 0.958376 0.701845 0.959516 0.702849 0.960239 0.703392 0.960436 0.710543 0.962018 0.723686 0.947804 0.713570 0.936503 0.696954 0.921139 0.690182 0.916826
0 0.295843 0.798265 0.302688 0.816373 0.311825 0.814905 0.317867 0.812621 0.333342 0.806771 0.345370 0.800238 0.338525 0.782129 0.331048 0.781003 0.330258 0.781059 0.328921 0.781403 0.327239 0.781982 0.305972 0.790021 0.304194 0.790750 0.302582 0.791522 0.301381 0.792219 0.300774 0.792735
0 0.152349 0.961252 0.156498 0.969515 0.157580 0.970697 0.159070 0.971798 0.178543 0.983838 0.180208 0.984688 0.181787 0.985151 0.191160 0.985249 0.201341 0.968783 0.194130 0.959043 0.174882 0.947142 0.162530 0.944786
0 0.730901 0.907993 0.731003 0.909229 0.731267 0.910938 0.735265 0.933321 0.735651 0.935252 0.736103 0.937119 0.736552 0.938640 0.736929 0.939583 0.741459 0.945446 0.760517 0.942042 0.760634 0.934351 0.756590 0.911707 0.752493 0.897122 0.733436 0.900526 0.730975 0.907418
0 0.103856 0.333674 0.117954 0.341784 0.123209 0.343961 0.145112 0.338056 0.153111 0.324151 0.139208 0.316152 0.134176 0.313588 0.111967 0.319575
