0 0.096832 0.408682 0.112046 0.414435 0.117378 0.415611 0.138057 0.406282 0.143731 0.391278 0.128727 0.385603 0.123553 0.384009 0.117665 0.386665 0.102585 0.393468
0 0.829993 0.062084 0.830267 0.063888 0.830795 0.065743 0.838357 0.087185 0.839059 0.088817 0.839834 0.089987 0.846553 0.095375 0.864810 0.088937 0.863982 0.074713 0.856332 0.053020 0.849634 0.045904 0.831377 0.052343 0.830014 0.060606
0 0.110239 0.460456 0.110312 0.461331 0.110785 0.462678 0.111587 0.464292 0.122724 0.484295 0.123728 0.485922 0.124776 0.487308 0.125708 0.488240 0.132573 0.492648 0.149487 0.483230 0.146816 0.473480 0.138898 0.459259 0.135806 0.453707 0.127290 0.443363 0.110375 0.452781
0 0.000000 0.254515 0.000279 0.255692 0.001081 0.257235 0.002146 0.258906 0.003311 0.260448 0.004397 0.261625 0.005237 0.262258 0.011501 0.266215 0.028240 0.256489 0.026366 0.248671 0.014995 0.229103 0.005313 0.217034 0.000000 0.226760
0 0.751378 0.197777 0.752639 0.220428 0.764594 0.231123 0.768285 0.227373 0.779129 0.215251 0.777850 0.192285 0.765728 0.181440 0.754884 0.193562
0 0.369398 0.352586 0.380394 0.368520 0.390674 0.363156 0.409300 0.350302 0.417950 0.342603 0.406954 0.326669 0.399165 0.327559 0.398186 0.327963 0.396813 0.328728 0.395256 0.329738 0.376413 0.342742 0.374916 0.343839 0.373715 0.344850 0.372992 0.345621
0 0.696320 0.310280 0.697175 0.332950 0.708937 0.343857 0.711852 0.341679 0.722911 0.329753 0.722044 0.306767 0.710117 0.295708 0.707227 0.298518
0 0.185900 0.023661 0.193945 0.037797 0.198154 0.044154 0.220029 0.050161 0.233971 0.042227 0.226037 0.028286 0.222217 0.021708 0.200037 0.015617
0 0.614565 0.059315 0.617741 0.066871 0.618432 0.068002 0.619574 0.069293 0.620993 0.070547 0.638863 0.084605 0.640350 0.085638 0.641686 0.086296 0.642668 0.086481 0.650428 0.087528 0.662398 0.072313 0.654693 0.061688 0.636614 0.047466 0.626535 0.044100
0 0.630234 0.197739 0.636696 0.202100 0.637586 0.202516 0.639044 0.202862 0.640847 0.203087 0.663512 0.204889 0.665395 0.204958 0.667080 0.204861 0.668312 0.204614 0.675721 0.201355 0.677255 0.182057 0.667246 0.178534 0.644316 0.176710 0.631769 0.178440
0 0.411961 0.313288 0.416846 0.328802 0.417991 0.331155 0.433292 0.326337 0.443774 0.306218 0.442988 0.303517 0.438103 0.288003 0.422589 0.292889
0 0.675003 0.204565 0.689714 0.221835 0.705704 0.223114 0.708571 0.219256 0.709869 0.203043 0.705681 0.198126 0.694954 0.185532 0.678741 0.184235 0.676283 0.188574
0 0.333476 0.373849 0.342523 0.387366 0.344687 0.388915 0.358017 0.379992 0.362425 0.357739 0.353502 0.344409 0.351461 0.342238 0.337945 0.351286 0.336690 0.357621
0 0.852351 0.037448 0.852441 0.053450 0.868533 0.069361 0.884535 0.069271 0.889883 0.063281 0.889792 0.047056 0.873475 0.030923 0.857251 0.031015
0 0.460689 0.300409 0.464352 0.319418 0.471849 0.321708 0.472908 0.321709 0.474465 0.321546 0.476284 0.321244 0.498610 0.316941 0.500422 0.316544 0.501961 0.316110 0.502992 0.315706 0.509158 0.310783 0.505494 0.291774 0.494246 0.292240 0.471659 0.296593
0 0.622018 0.349561 0.623878 0.357218 0.624433 0.358162 0.625376 0.359440 0.626566 0.360860 0.641623 0.377896 0.642883 0.379248 0.644027 0.380331 0.644882 0.380982 0.652236 0.383751 0.666742 0.370931 0.660495 0.361253 0.649539 0.348857 0.645261 0.344017 0.636523 0.336741
0 0.238376 0.341982 0.241975 0.344156 0.256927 0.349966 0.277689 0.340825 0.283500 0.325873 0.280479 0.323444 0.265319 0.317553 0.244268 0.326822
0 0.319705 0.515411 0.322966 0.526016 0.332451 0.546972 0.338520 0.556982 0.356156 0.548999 0.356609 0.541212 0.356338 0.540213 0.355800 0.538757 0.355077 0.537065 0.345702 0.516351 0.344900 0.514674 0.344138 0.513258 0.343532 0.512318 0.343173 0.511999 0.337341 0.507429
0 0.838508 0.564428 0.850724 0.574824 0.855615 0.575869 0.878542 0.574024 0.889084 0.561638 0.876698 0.551097 0.871517 0.550393 0.848905 0.552212
0 0.085864 0.123276 0.092090 0.127290 0.092996 0.127816 0.094493 0.128329 0.096355 0.128750 0.098299 0.129016 0.120940 0.131096 0.122679 0.131169 0.123956 0.131036 0.131303 0.127451 0.133074 0.108173 0.118607 0.103902 0.102133 0.102388 0.095701 0.101797 0.087636 0.103998
0 0.412237 0.443428 0.413442 0.444205 0.427164 0.452513 0.449194 0.447100 0.457503 0.433378 0.456912 0.432451 0.442999 0.424026 0.436727 0.425567 0.420662 0.429515
0 0.753025 0.634054 0.758048 0.652751 0.771275 0.651021 0.777513 0.649345 0.793490 0.645052 0.802115 0.640911 0.797092 0.622214 0.789860 0.620608 0.789122 0.620544 0.787787 0.620681 0.786061 0.620997 0.784203 0.621444 0.762245 0.627343 0.760531 0.627856 0.759213 0.628358 0.758492 0.628774
0 0.859292 0.454271 0.869090 0.470968 0.882041 0.464908 0.887612 0.461639 0.896310 0.456535 0.901880 0.453266 0.908444 0.447873 0.898646 0.431177 0.891247 0.431544 0.890413 0.431821 0.889073 0.432427 0.887433 0.433269 0.885739 0.434221 0.866130 0.445728 0.864633 0.446648 0.863555 0.447401 0.863059 0.447873
0 0.939851 0.281430 0.941200 0.293394 0.951008 0.313789 0.959627 0.322552 0.977074 0.314162 0.977789 0.306169 0.977871 0.305003 0.977547 0.303437 0.976868 0.301710 0.966946 0.281078 0.966017 0.279461 0.964985 0.278208 0.964007 0.277510 0.957298 0.273040
0 0.041681 0.944554 0.044455 0.963714 0.052095 0.965875 0.074860 0.962579 0.089614 0.957175 0.086840 0.938016 0.079474 0.934705 0.078239 0.934604 0.076523 0.934755 0.054021 0.938012 0.052077 0.938392 0.050192 0.938944 0.048651 0.939586 0.047690 0.940220
0 0.595825 0.157047 0.595859 0.157708 0.598923 0.164413 0.618235 0.165760 0.620007 0.151541 0.621608 0.128595 0.621411 0.120241 0.602099 0.118894 0.598222 0.125207 0.598066 0.126069 0.597884 0.127532 0.597702 0.129371 0.597548 0.131310 0.595965 0.153991 0.595862 0.155742
0 0.169371 0.606592 0.171337 0.617107 0.190657 0.618343 0.194924 0.611493 0.195332 0.610324 0.195660 0.608679 0.195858 0.606809 0.197309 0.584119 0.197348 0.582298 0.197221 0.580797 0.196949 0.579842 0.193570 0.572806 0.174250 0.571570 0.170840 0.583636
0 0.474204 0.143938 0.474558 0.148822 0.477374 0.154518 0.484588 0.169109 0.499746 0.174237 0.504874 0.159078 0.504942 0.154337 0.494773 0.133769 0.479403 0.128569
0 0.918997 0.375891 0.920335 0.391877 0.937658 0.406524 0.953644 0.405185 0.959968 0.403866 0.958612 0.387657 0.953680 0.383487 0.941047 0.372806 0.924839 0.374163
0 0.113961 0.337363 0.116470 0.346028 0.127831 0.366029 0.136498 0.377040 0.153331 0.367478 0.153345 0.359940 0.153216 0.359186 0.152702 0.357930 0.151881 0.356363 0.140652 0.336593 0.139646 0.334945 0.138603 0.333459 0.137680 0.332362 0.137019 0.331820 0.130795 0.327802
0 0.498319 0.330052 0.513292 0.342324 0.520357 0.334847 0.524386 0.329932 0.530675 0.322259 0.534703 0.317344 0.542217 0.307033 0.527244 0.294761 0.520223 0.297685 0.519579 0.298271 0.518595 0.299337 0.517422 0.300722 0.502909 0.318428 0.501731 0.319913 0.500732 0.321266 0.500065 0.322279 0.499831 0.322799
0 0.977971 0.469251 0.978323 0.476955 0.978368 0.477853 0.978877 0.479173 0.979773 0.480715 0.992360 0.499650 0.993511 0.501187 0.994747 0.502493 1.000000 0.507251 1.000000 0.467771 0.996619 0.462334 0.994093 0.458534
0 0.045183 0.279209 0.046130 0.302192 0.058094 0.313210 0.064172 0.315777 0.075038 0.303977 0.074104 0.281310 0.062304 0.270444 0.056201 0.267245
0 0.526293 0.598609 0.542234 0.609593 0.549107 0.601023 0.558494 0.587400 0.562158 0.582082 0.568125 0.572020 0.552183 0.561035 0.545634 0.564498 0.545365 0.564716 0.544720 0.565505 0.543799 0.566745 0.542740 0.568248 0.529839 0.586970 0.528800 0.588513 0.527933 0.589869 0.527369 0.590832 0.527197 0.591256
0 0.144854 0.487436 0.145764 0.506773 0.159929 0.506187 0.182535 0.505124 0.191343 0.504630 0.190434 0.485292 0.183712 0.482176 0.182925 0.482170 0.181518 0.482199 0.179705 0.482260 0.177764 0.482342 0.154895 0.483418 0.153130 0.483510 0.151818 0.483596 0.151160 0.483664
0 0.930629 0.768184 0.933057 0.781725 0.952329 0.783561 0.957617 0.776612 0.958110 0.775252 0.958407 0.773475 0.960578 0.750684 0.960632 0.748768 0.960435 0.747014 0.960018 0.745691 0.956654 0.738136 0.937382 0.736301 0.932774 0.745655
0 0.835263 0.273595 0.841665 0.277479 0.842329 0.277753 0.843638 0.277955 0.845393 0.278057 0.868123 0.278589 0.870065 0.278575 0.871908 0.278446 0.873372 0.278222 0.874234 0.277937 0.880880 0.274664 0.881334 0.255310 0.872969 0.253030 0.849972 0.252491 0.835716 0.254241
