0 0.446381 0.351391 0.461302 0.363725 0.468824 0.356105 0.483243 0.338662 0.490374 0.328555 0.475453 0.316221 0.468350 0.319143 0.467644 0.319751 0.466616 0.320829 0.465423 0.322214 0.450837 0.339860 0.449666 0.341335 0.448701 0.342667 0.448089 0.343654 0.447923 0.344144
0 0.174470 0.481868 0.188412 0.482318 0.211035 0.482925 0.220083 0.483092 0.220603 0.463740 0.214129 0.460136 0.213382 0.460074 0.212008 0.460001 0.210217 0.459928 0.208283 0.459868 0.185397 0.459254 0.183623 0.459214 0.182287 0.459203 0.181593 0.459221 0.174989 0.462515
0 0.230082 0.728482 0.231143 0.736401 0.231472 0.737509 0.232214 0.738948 0.233258 0.740498 0.246989 0.758818 0.248170 0.760237 0.249303 0.761301 0.250214 0.761848 0.257448 0.764996 0.272939 0.753386 0.267988 0.742283 0.254416 0.724174 0.245574 0.716872
0 0.188290 0.447717 0.200380 0.458537 0.204489 0.459106 0.220741 0.458205 0.227085 0.457853 0.237757 0.445928 0.225833 0.435257 0.222020 0.434356 0.199109 0.435627
0 0.953307 0.237799 0.957575 0.260024 0.970822 0.269002 0.977369 0.265790 0.986472 0.252359 0.982145 0.229825 0.968714 0.220722 0.962285 0.224553
0 0.209757 0.397306 0.210632 0.403706 0.212874 0.420096 0.216760 0.432050 0.235941 0.429426 0.238743 0.422193 0.238893 0.421243 0.238876 0.419751 0.238695 0.417943 0.235613 0.395416 0.235294 0.393560 0.234884 0.391928 0.234445 0.390769 0.229757 0.384217 0.210576 0.386841
0 0.228313 0.802606 0.233367 0.808549 0.234059 0.809245 0.235345 0.810000 0.237029 0.810698 0.258627 0.818292 0.260443 0.818824 0.262108 0.819107 0.263367 0.819097 0.271360 0.817741 0.277781 0.799478 0.268903 0.793304 0.247553 0.785798 0.234734 0.784343
0 0.333164 0.727490 0.343186 0.730940 0.365970 0.734101 0.378361 0.733761 0.381022 0.714586 0.374789 0.709959 0.373892 0.709580 0.372436 0.709209 0.370641 0.708900 0.348120 0.705775 0.346252 0.705576 0.344585 0.705514 0.343373 0.705600 0.335825 0.708315
0 0.248724 0.061881 0.252979 0.067945 0.253632 0.068685 0.254837 0.069649 0.256410 0.070691 0.258113 0.071652 0.278302 0.082109 0.279883 0.082849 0.281109 0.083257 0.281795 0.083273 0.289241 0.082867 0.298145 0.065677 0.286274 0.056819 0.265849 0.046240 0.257628 0.044690
0 0.180247 0.558456 0.182283 0.569451 0.191607 0.590478 0.198744 0.600170 0.216441 0.592322 0.217138 0.584480 0.217030 0.583429 0.216607 0.581936 0.215933 0.580227 0.206717 0.559442 0.205891 0.557770 0.205036 0.556381 0.204281 0.555487 0.197945 0.550609
0 0.365050 0.688848 0.374783 0.701879 0.387814 0.692147 0.389355 0.689506 0.392609 0.667054 0.383010 0.654202 0.370157 0.663801 0.368349 0.666083 0.365976 0.682456
0 0.823416 0.259827 0.825140 0.282392 0.837284 0.292813 0.841974 0.289931 0.852540 0.277618 0.850793 0.254740 0.838480 0.244174 0.833837 0.247683
0 0.113461 0.630927 0.127589 0.644162 0.138335 0.634739 0.153807 0.618224 0.158785 0.610862 0.144657 0.597626 0.137665 0.600076 0.136933 0.600477 0.135805 0.601358 0.134455 0.602584 0.133087 0.603967 0.117435 0.620675 0.116266 0.621999 0.115478 0.623056 0.115192 0.623685
0 0.518016 0.586300 0.525818 0.595594 0.541125 0.612763 0.548381 0.620359 0.562832 0.607476 0.561020 0.600293 0.560694 0.599885 0.559930 0.598992 0.558844 0.597750 0.557600 0.596347 0.542469 0.579376 0.541252 0.578019 0.540240 0.576908 0.539588 0.576212 0.539395 0.576038 0.532466 0.573417
0 0.072522 0.963816 0.072565 0.965697 0.072881 0.967628 0.078170 0.989903 0.078710 0.991582 0.079390 0.992744 0.085599 0.998517 0.104434 0.994045 0.105017 0.979042 0.103550 0.972860 0.099790 0.957024 0.093893 0.949649 0.075058 0.954121 0.072759 0.962273
0 0.271638 0.740937 0.289374 0.748697 0.295147 0.744054 0.295565 0.743395 0.296213 0.742163 0.296993 0.740549 0.297786 0.738795 0.306899 0.717965 0.307589 0.716330 0.308073 0.715057 0.308278 0.714338 0.307664 0.706893 0.289928 0.699133 0.283592 0.711306 0.274372 0.732380
0 0.784758 0.306587 0.799865 0.318693 0.809520 0.308229 0.823905 0.290279 0.828399 0.283085 0.813292 0.270979 0.806510 0.273961 0.805875 0.274546 0.804878 0.275615 0.803672 0.277004 0.802438 0.278503 0.788220 0.296246 0.787141 0.297633 0.786376 0.298704 0.786041 0.299296
0 0.778871 0.504317 0.786571 0.509663 0.806480 0.520424 0.819012 0.526015 0.828218 0.508984 0.824175 0.502674 0.823614 0.502177 0.822472 0.501429 0.820922 0.500546 0.800782 0.489660 0.799068 0.488779 0.797459 0.488039 0.796200 0.487553 0.795484 0.487394 0.788077 0.487287
0 0.797158 0.040858 0.804414 0.050465 0.823730 0.062257 0.836104 0.064634 0.846192 0.048110 0.841999 0.039899 0.840911 0.038732 0.839415 0.037642 0.819874 0.025713 0.818204 0.024870 0.816622 0.024406 0.815369 0.024393 0.807246 0.024334
0 0.024077 0.789071 0.026105 0.805209 0.042244 0.803181 0.048536 0.799013 0.062452 0.781096 0.060452 0.765180 0.044536 0.767180 0.038188 0.770905 0.028039 0.783970
0 0.472520 0.784187 0.482708 0.796492 0.505387 0.798855 0.517706 0.788894 0.518862 0.783488 0.508449 0.771127 0.492062 0.769420 0.485663 0.768754 0.473117 0.778723
0 0.771919 0.909764 0.772906 0.925775 0.776709 0.931711 0.792943 0.930710 0.797221 0.925871 0.808177 0.913475 0.807176 0.897241 0.802954 0.891779 0.786943 0.892766
0 0.146664 0.036365 0.158256 0.047304 0.175728 0.061687 0.181892 0.065366 0.194196 0.050420 0.191305 0.043599 0.190611 0.042760 0.189451 0.041577 0.188002 0.040231 0.186484 0.038929 0.168809 0.024378 0.167462 0.023323 0.166496 0.022680 0.166060 0.022549 0.158968 0.021419
0 0.444458 0.012586 0.450111 0.026573 0.460518 0.046668 0.465443 0.053104 0.482634 0.044201 0.482657 0.036792 0.482465 0.035851 0.481961 0.034395 0.481223 0.032647 0.480364 0.030873 0.469835 0.010544 0.468988 0.009023 0.468288 0.007994 0.467840 0.007613 0.461649 0.003682
0 0.566781 0.363068 0.571877 0.368979 0.572770 0.369510 0.574171 0.370182 0.575868 0.370895 0.597014 0.379249 0.598757 0.379896 0.600287 0.380382 0.601374 0.380633 0.601851 0.380610 0.609219 0.379835 0.616332 0.361830 0.606591 0.356469 0.585198 0.348017 0.573895 0.345063
0 0.877500 0.600608 0.884613 0.614986 0.889973 0.616590 0.904552 0.609378 0.906621 0.603259 0.911919 0.587587 0.904706 0.573009 0.899144 0.572004 0.884765 0.579117
0 0.282718 0.244458 0.287939 0.263100 0.295813 0.264842 0.297049 0.264823 0.298708 0.264576 0.300538 0.264140 0.322432 0.258008 0.324163 0.257446 0.325540 0.256843 0.326354 0.256288 0.331878 0.250793 0.326657 0.232152 0.314158 0.233053 0.292008 0.239257
0 0.668261 0.473253 0.681369 0.487500 0.688523 0.485576 0.689044 0.485307 0.690031 0.484578 0.691333 0.483500 0.692751 0.482237 0.709600 0.466736 0.710912 0.465487 0.711911 0.464447 0.712447 0.463776 0.714949 0.456605 0.701841 0.442358 0.691883 0.450485 0.679905 0.461505 0.675228 0.465808
0 0.013964 1.000000 0.038837 1.000000 0.046052 0.998065 0.052278 0.991234 0.049895 0.975410 0.034071 0.977793 0.027592 0.984437
0 0.379624 0.275036 0.381281 0.278128 0.391540 0.290460 0.403872 0.280200 0.405944 0.257609 0.404631 0.254231 0.394229 0.241728 0.381726 0.252130
0 0.642793 0.428007 0.649257 0.432033 0.650133 0.432187 0.651582 0.432355 0.653383 0.432510 0.676056 0.434207 0.677943 0.434327 0.679638 0.434395 0.680884 0.434400 0.681491 0.434341 0.688296 0.431412 0.689741 0.412107 0.679830 0.410527 0.656892 0.408810 0.644238 0.408702
0 0.552730 0.336382 0.552773 0.336533 0.555716 0.343332 0.575024 0.344737 0.576475 0.331991 0.578145 0.309049 0.578336 0.299228 0.559028 0.297822 0.555132 0.304124 0.555032 0.304750 0.554895 0.306012 0.554740 0.307718 0.554592 0.309609 0.552942 0.332286 0.552822 0.334083 0.552747 0.335521
0 0.090735 0.737731 0.097675 0.759601 0.112080 0.767067 0.117401 0.763404 0.124764 0.749196 0.122842 0.743139 0.117919 0.727625 0.103711 0.720262 0.098200 0.723325
0 0.915261 0.092328 0.918521 0.100864 0.919455 0.102109 0.920814 0.103331 0.938917 0.117088 0.940502 0.118104 0.942078 0.118766 0.943407 0.118973 0.951591 0.119937 0.963304 0.104523 0.957953 0.094315 0.939639 0.080397 0.926975 0.076914
0 0.101100 0.706497 0.102585 0.714252 0.102833 0.715282 0.103575 0.716626 0.104699 0.718078 0.119829 0.735261 0.121157 0.736593 0.122482 0.737597 0.123600 0.738118 0.131255 0.740743 0.145784 0.727950 0.141169 0.717615 0.126214 0.700630 0.115629 0.693704
0 0.017404 0.824876 0.017425 0.847770 0.017554 0.849537 0.017918 0.850848 0.022533 0.857972 0.041892 0.857954 0.045584 0.843746 0.045578 0.837391 0.045562 0.821115 0.041849 0.812324 0.022489 0.812342 0.018431 0.819704 0.017890 0.821116 0.017529 0.822932
0 0.199594 0.775235 0.212522 0.789645 0.218721 0.784344 0.231035 0.773296 0.235843 0.768982 0.246486 0.759172 0.233557 0.744763 0.226467 0.746517 0.225994 0.746940 0.225034 0.747801 0.223732 0.748969 0.206809 0.764152 0.203972 0.766699 0.202860 0.767698 0.202193 0.768298 0.202073 0.768407
0 0.251906 0.376906 0.255309 0.378594 0.271207 0.380419 0.288930 0.366346 0.290754 0.350448 0.287844 0.348368 0.271725 0.346518 0.253756 0.360787
0 0.091044 0.922516 0.097416 0.932118 0.102880 0.935562 0.116877 0.944381 0.129650 0.946841 0.139970 0.930462 0.135932 0.922272 0.134880 0.921123 0.133414 0.920028 0.114177 0.907908 0.112514 0.907030 0.110899 0.906500 0.109577 0.906396 0.101365 0.906137
