0 0.247753 0.265084 0.266036 0.271447 0.271856 0.266333 0.272455 0.265606 0.273140 0.264302 0.273806 0.262621 0.281280 0.241148 0.281829 0.239337 0.282181 0.237663 0.282281 0.236379 0.281036 0.228353 0.262752 0.221989 0.257023 0.230567 0.249461 0.252292
0 0.719573 0.618494 0.723257 0.634066 0.742514 0.645955 0.745886 0.647984 0.761675 0.644249 0.757940 0.628460 0.738416 0.616406 0.735146 0.614810
0 0.634321 0.673473 0.639509 0.687026 0.659993 0.697283 0.675447 0.694064 0.677296 0.683724 0.672295 0.670274 0.651907 0.660065 0.636673 0.663384
0 0.325031 0.123124 0.339435 0.136059 0.346822 0.133674 0.347693 0.133305 0.348853 0.132414 0.350125 0.131138 0.365317 0.114221 0.366515 0.112746 0.367462 0.111291 0.368014 0.110076 0.369923 0.102109 0.355519 0.089175 0.346647 0.094357 0.331278 0.111471
0 0.505658 0.175575 0.519022 0.184448 0.541259 0.179956 0.550132 0.166592 0.550829 0.161943 0.537279 0.152947 0.514732 0.157501 0.505735 0.171051
0 0.583981 0.539647 0.589950 0.561476 0.591201 0.562331 0.605294 0.570372 0.613334 0.556279 0.607282 0.534146 0.593189 0.526106 0.591911 0.525748
0 0.839966 0.934213 0.844704 0.940266 0.857674 0.950082 0.864072 0.949197 0.880459 0.946930 0.890275 0.933961 0.884911 0.927995 0.872119 0.918314 0.849647 0.921423
0 0.566627 0.923757 0.579343 0.938355 0.588667 0.934401 0.606012 0.919292 0.613749 0.908383 0.601033 0.893785 0.593428 0.895233 0.592534 0.895479 0.591285 0.896211 0.589869 0.897320 0.572725 0.912254 0.571352 0.913575 0.570225 0.914913 0.569513 0.916066
0 0.894217 0.592425 0.894426 0.593550 0.896748 0.601198 0.915623 0.605503 0.921594 0.595156 0.925273 0.579027 0.926709 0.572729 0.925768 0.561015 0.906893 0.556710 0.901478 0.562628 0.900796 0.563578 0.900149 0.565057 0.899633 0.566839 0.894578 0.589006 0.894271 0.590830
0 0.147444 0.390772 0.153357 0.405924 0.158121 0.407219 0.173065 0.401388 0.182179 0.380613 0.176347 0.365669 0.171837 0.363795 0.156685 0.369708 0.154090 0.375622
0 0.227139 0.802589 0.232587 0.808116 0.233302 0.808736 0.234622 0.809379 0.236346 0.809946 0.258447 0.815918 0.260305 0.816319 0.262004 0.816492 0.263286 0.816411 0.271189 0.814492 0.276239 0.795803 0.267124 0.790460 0.245277 0.784557 0.232189 0.783900
0 0.659362 0.923962 0.661586 0.929873 0.676730 0.935806 0.697807 0.926595 0.703740 0.911451 0.700937 0.905793 0.686001 0.899942 0.665214 0.909026
0 0.480179 0.779243 0.499387 0.781661 0.503659 0.775572 0.503795 0.774838 0.503994 0.773482 0.504227 0.771710 0.507087 0.748995 0.507317 0.747086 0.507508 0.745339 0.507631 0.744021 0.507666 0.743333 0.505085 0.736388 0.485878 0.733971 0.484579 0.743306 0.481752 0.765760
0 0.377480 0.572667 0.379006 0.580187 0.397601 0.585573 0.401576 0.574013 0.407872 0.552276 0.410295 0.541744 0.391701 0.536358 0.386580 0.541713 0.386328 0.542123 0.385907 0.543180 0.385383 0.544726 0.384836 0.546523 0.378466 0.568513 0.377982 0.570280 0.377635 0.571739
0 0.233887 0.823737 0.238025 0.836003 0.250675 0.855215 0.258980 0.861848 0.275149 0.851202 0.274496 0.843070 0.274173 0.841812 0.273481 0.840250 0.272525 0.838619 0.260022 0.819629 0.258944 0.818171 0.257902 0.817100 0.257055 0.816580 0.250056 0.813091
0 0.187622 0.934961 0.188372 0.943196 0.188625 0.944557 0.189293 0.946182 0.190275 0.947823 0.203388 0.966590 0.204531 0.967990 0.205654 0.968929 0.213757 0.972365 0.229627 0.961277 0.225331 0.948273 0.212369 0.929722 0.203491 0.923873
0 0.536519 0.747181 0.539017 0.754156 0.539339 0.754743 0.540156 0.755743 0.541343 0.757005 0.542719 0.758334 0.559535 0.773870 0.560884 0.775059 0.561994 0.775921 0.562696 0.776324 0.570034 0.778147 0.583172 0.763928 0.574188 0.754116 0.557567 0.738758 0.549657 0.732962
0 0.901049 0.539383 0.907341 0.542958 0.907512 0.543004 0.908421 0.543072 0.909931 0.543152 0.911814 0.543231 0.913780 0.543297 0.936664 0.543975 0.938407 0.544019 0.939650 0.544032 0.940207 0.544014 0.946659 0.540735 0.947233 0.521384 0.932307 0.520876 0.909687 0.520205 0.901622 0.520032
0 0.028702 0.216942 0.032544 0.235916 0.047412 0.235806 0.053641 0.234545 0.069593 0.231315 0.077267 0.226862 0.073425 0.207888 0.065372 0.205515 0.063852 0.205392 0.061981 0.205483 0.060043 0.205774 0.037604 0.210317 0.035905 0.210762 0.034711 0.211292
0 0.247670 0.623185 0.256714 0.627145 0.278948 0.633041 0.291776 0.634881 0.296738 0.616168 0.291188 0.610930 0.290410 0.610537 0.289054 0.610054 0.287325 0.609552 0.265348 0.603724 0.263502 0.603278 0.261811 0.602954 0.260532 0.602801 0.259859 0.602842 0.252632 0.604473
0 0.937488 0.960704 0.942726 0.979341 0.950928 0.981402 0.952448 0.981658 0.954304 0.981594 0.956213 0.981218 0.978253 0.975023 0.979916 0.974395 0.981070 0.973613 0.986654 0.966994 0.981415 0.948357 0.966631 0.947795 0.950962 0.952199 0.944845 0.953919
0 0.884998 0.771277 0.888431 0.778315 0.892106 0.783499 0.901520 0.796776 0.911390 0.808500 0.927182 0.797303 0.926532 0.790046 0.926403 0.789514 0.925812 0.788446 0.924850 0.787006 0.911608 0.768330 0.910425 0.766744 0.909206 0.765259 0.908139 0.764104 0.907386 0.763454 0.900791 0.760080
0 0.365437 0.451199 0.377189 0.455378 0.383177 0.457504 0.392527 0.460823 0.398515 0.462948 0.408439 0.466462 0.414915 0.448218 0.409872 0.442791 0.409405 0.442592 0.408312 0.442175 0.406759 0.441605 0.404983 0.440968 0.383407 0.433309 0.381687 0.432705 0.380293 0.432229 0.379437 0.431954 0.379250 0.431921 0.371913 0.432955
0 0.456702 0.096082 0.458250 0.103327 0.476905 0.108501 0.480116 0.100762 0.486164 0.078954 0.489100 0.064531 0.470445 0.059357 0.465242 0.064548 0.464921 0.065072 0.464474 0.066263 0.463968 0.067940 0.457850 0.090001 0.457364 0.091900 0.456976 0.093723 0.456743 0.095192
0 0.289295 0.655184 0.294811 0.665390 0.298880 0.670406 0.309303 0.683253 0.318044 0.690618 0.333078 0.678421 0.331593 0.670650 0.331122 0.669646 0.330262 0.668304 0.329143 0.666826 0.314819 0.649170 0.313607 0.647775 0.312481 0.646669 0.311611 0.646020 0.304329 0.642987
0 0.755306 0.405212 0.758984 0.424219 0.768000 0.422682 0.774239 0.421475 0.790219 0.418383 0.803783 0.415551 0.800106 0.396544 0.793032 0.394356 0.792329 0.394437 0.791002 0.394657 0.789254 0.394982 0.766777 0.399331 0.764883 0.399711 0.763138 0.400085 0.761811 0.400397 0.761103 0.400599
0 0.261181 0.006278 0.261256 0.006717 0.261591 0.007835 0.262135 0.009461 0.269617 0.031099 0.270285 0.032978 0.270972 0.034817 0.271572 0.036332 0.271995 0.037294 0.272176 0.037557 0.277381 0.042381 0.295678 0.036054 0.293631 0.029110 0.286236 0.007722 0.285543 0.006125 0.283435 0.001272 0.282724 0.000000 0.262470 0.000000
0 0.530567 0.929275 0.530656 0.930210 0.530828 0.931736 0.531056 0.933622 0.531307 0.935580 0.534292 0.958278 0.534525 0.960000 0.534704 0.961215 0.534802 0.961738 0.539059 0.967557 0.558253 0.965033 0.556307 0.950056 0.553357 0.927618 0.552304 0.919793 0.533110 0.922317 0.530575 0.929073
0 0.415556 0.367541 0.415569 0.367712 0.415832 0.368553 0.416305 0.369935 0.416916 0.371648 0.424709 0.393175 0.425362 0.394950 0.425954 0.396509 0.426394 0.397613 0.426617 0.398095 0.432076 0.403104 0.450279 0.396514 0.446829 0.386710 0.441289 0.371406 0.439126 0.365431 0.434746 0.353609 0.416543 0.360199
0 0.154662 0.788748 0.167197 0.808034 0.183108 0.811410 0.187465 0.807127 0.190795 0.791435 0.178432 0.772414 0.162740 0.769084 0.158038 0.772838
0 0.206695 0.311907 0.211049 0.327536 0.215012 0.329902 0.230428 0.325607 0.238426 0.311432 0.241548 0.305898 0.237254 0.290482 0.233600 0.287569 0.217970 0.291923
0 0.813794 0.449727 0.814619 0.469068 0.823381 0.468836 0.845991 0.467873 0.860207 0.467125 0.859383 0.447784 0.852774 0.444581 0.852120 0.444563 0.850811 0.444588 0.849046 0.444653 0.826173 0.445628 0.824231 0.445721 0.822414 0.445829 0.821003 0.445935 0.820210 0.446022
0 0.317181 0.909668 0.331791 0.916816 0.353550 0.909355 0.360699 0.894745 0.362612 0.889317 0.348203 0.882267 0.326744 0.889625 0.319693 0.904034
0 0.695308 0.329756 0.695428 0.337699 0.695718 0.338795 0.696334 0.340283 0.697180 0.341937 0.708240 0.361802 0.709193 0.363379 0.710111 0.364646 0.710856 0.365409 0.717504 0.369624 0.734418 0.360207 0.730750 0.349010 0.719560 0.328912 0.712222 0.320339
0 0.452218 0.613984 0.453951 0.633265 0.465028 0.633330 0.487938 0.631271 0.499398 0.629180 0.497665 0.609899 0.490817 0.607072 0.490462 0.606964 0.489431 0.606938 0.487880 0.606998 0.486044 0.607135 0.463399 0.609171 0.461551 0.609365 0.459962 0.609587 0.458874 0.609803 0.458452 0.609981
0 0.469677 0.055440 0.480259 0.063635 0.500934 0.072838 0.511364 0.073996 0.519236 0.056310 0.514313 0.049762 0.513368 0.048828 0.511939 0.047848 0.510244 0.046973 0.489328 0.037663 0.487633 0.037029 0.486205 0.036737 0.485260 0.036830 0.477549 0.037754
