0 0.388170 0.431739 0.389747 0.438978 0.389837 0.439180 0.390387 0.439919 0.391314 0.441083 0.392477 0.442495 0.407148 0.460070 0.408363 0.461507 0.409441 0.462744 0.410216 0.463593 0.410570 0.463923 0.417411 0.466768 0.432273 0.454362 0.425569 0.446045 0.411066 0.428672 0.403031 0.419333
0 0.411601 0.783339 0.420870 0.796705 0.443504 0.800801 0.456869 0.791533 0.457461 0.787523 0.448320 0.774341 0.425997 0.770301 0.412815 0.779442
0 0.143273 0.076306 0.155050 0.096066 0.159793 0.101618 0.175344 0.105554 0.179280 0.090003 0.167665 0.070515 0.163031 0.064529 0.147263 0.060538
0 0.531347 0.814552 0.536265 0.827651 0.545584 0.848681 0.549834 0.856270 0.567533 0.848426 0.568007 0.841033 0.567768 0.840246 0.567268 0.838908 0.566584 0.837224 0.565818 0.835448 0.556607 0.814662 0.555874 0.813056 0.555281 0.811858 0.554918 0.811249 0.549046 0.806709
0 0.412893 0.356515 0.413882 0.362898 0.415427 0.372863 0.416417 0.379246 0.417565 0.380908 0.430512 0.390379 0.439983 0.377432 0.436507 0.355015 0.435623 0.352992 0.422496 0.343388
0 0.411389 0.564760 0.414658 0.571408 0.414843 0.571721 0.415595 0.572424 0.416802 0.573410 0.418279 0.574528 0.436741 0.588066 0.438256 0.589142 0.439572 0.590006 0.440487 0.590526 0.440863 0.590624 0.448186 0.591743 0.459634 0.576131 0.450836 0.568825 0.432586 0.555442 0.422837 0.549148
0 0.078271 0.450834 0.078443 0.458481 0.078522 0.459329 0.079033 0.460639 0.079899 0.462210 0.091934 0.481685 0.093018 0.483271 0.094152 0.484622 0.095160 0.485533 0.102258 0.489651 0.118726 0.479474 0.115860 0.470014 0.103964 0.450763 0.094740 0.440657
0 0.060522 0.592990 0.070661 0.606062 0.074620 0.611166 0.090756 0.613204 0.096383 0.611650 0.098394 0.595735 0.084491 0.577809 0.068576 0.575799 0.062561 0.576853
0 0.947440 0.348731 0.957431 0.369098 0.972610 0.374286 0.979199 0.372536 0.984459 0.357145 0.981615 0.351346 0.977174 0.342292 0.974329 0.336493 0.958938 0.331233 0.952629 0.333552
0 0.072054 0.368066 0.072152 0.369723 0.072483 0.370909 0.075456 0.378433 0.094618 0.381186 0.099504 0.370946 0.102722 0.348545 0.101106 0.336019 0.081944 0.333267 0.077005 0.339432 0.076380 0.340293 0.075837 0.341732 0.075461 0.343530 0.072206 0.366192
0 0.304860 0.681234 0.309042 0.696952 0.314630 0.700192 0.328941 0.708489 0.344660 0.704307 0.346796 0.701500 0.342672 0.685998 0.323046 0.674620 0.307544 0.678744
0 0.885059 0.882339 0.887710 0.896852 0.907052 0.897677 0.911824 0.890801 0.912201 0.889521 0.912389 0.887767 0.913365 0.864893 0.913335 0.862941 0.913092 0.861095 0.912673 0.859640 0.908997 0.852088 0.889656 0.851263 0.886024 0.859729
0 0.488147 0.121789 0.507478 0.122822 0.511257 0.116586 0.511300 0.115970 0.511375 0.114693 0.511470 0.112951 0.512684 0.090247 0.512785 0.088296 0.512879 0.086424 0.512949 0.084915 0.512986 0.083998 0.512983 0.083815 0.509913 0.077257 0.490581 0.076224 0.489890 0.084227 0.488663 0.107197
0 0.671225 0.440207 0.679751 0.453794 0.701865 0.458855 0.704680 0.458283 0.718457 0.449638 0.709812 0.435861 0.693686 0.432170 0.687390 0.430729 0.684812 0.431680
0 0.090859 0.170611 0.091035 0.178849 0.096121 0.194591 0.098107 0.200737 0.104890 0.214031 0.123311 0.208078 0.124937 0.200820 0.125034 0.200159 0.124833 0.198893 0.124364 0.197216 0.117373 0.175581 0.116705 0.173739 0.115937 0.172005 0.115185 0.170640 0.114562 0.169854 0.109281 0.164659
0 0.603108 0.158978 0.603983 0.166229 0.622079 0.173109 0.625114 0.165175 0.630899 0.149962 0.633157 0.144022 0.638297 0.130459 0.620202 0.123578 0.614684 0.128351 0.614439 0.128916 0.613965 0.130110 0.613335 0.131749 0.605197 0.153148 0.604509 0.154977 0.603871 0.156707 0.603381 0.158075 0.603113 0.158871
0 0.376619 0.579747 0.385724 0.593225 0.408306 0.597597 0.421784 0.588493 0.422858 0.587274 0.413879 0.573982 0.391607 0.569669 0.390097 0.570642
0 0.895157 0.187975 0.896268 0.195939 0.896476 0.197099 0.897155 0.198550 0.898200 0.200073 0.912354 0.217867 0.913612 0.219237 0.914896 0.220253 0.916013 0.220760 0.923564 0.223684 0.938714 0.211632 0.935158 0.200263 0.920838 0.182261 0.910308 0.175923
0 0.789299 0.364562 0.792646 0.387000 0.805537 0.396545 0.809798 0.395101 0.819477 0.382030 0.816084 0.359280 0.803012 0.349601 0.798845 0.351671
0 0.238247 0.585892 0.246755 0.599754 0.250239 0.598381 0.263910 0.589990 0.269191 0.567928 0.260800 0.554256 0.257463 0.555014 0.243601 0.563522
0 0.437570 0.213373 0.447333 0.230090 0.457530 0.226566 0.477072 0.215154 0.486736 0.207080 0.476974 0.190363 0.469215 0.190491 0.468272 0.190673 0.466888 0.191235 0.465274 0.192091 0.445504 0.203636 0.443914 0.204651 0.442597 0.205666 0.441754 0.206527
0 0.354005 0.322078 0.364845 0.329409 0.384164 0.341195 0.392959 0.345842 0.403041 0.329316 0.399220 0.322969 0.398772 0.322542 0.397760 0.321795 0.396338 0.320841 0.394724 0.319825 0.375180 0.307902 0.373627 0.306985 0.372378 0.306310 0.371625 0.305981 0.364088 0.305552
0 0.648022 0.835524 0.650086 0.840200 0.662284 0.859702 0.678134 0.863354 0.681786 0.847504 0.679286 0.842728 0.667256 0.823494 0.651624 0.819892
0 0.306069 0.602324 0.314825 0.614797 0.325984 0.613926 0.336097 0.603575 0.337453 0.580814 0.328685 0.568575 0.317560 0.568886 0.307431 0.579455
0 0.008890 0.116727 0.024080 0.133924 0.030608 0.138945 0.046580 0.139935 0.047570 0.123964 0.032588 0.107002 0.026088 0.101537 0.009894 0.100533
0 0.464944 0.816067 0.465957 0.823406 0.484182 0.829935 0.487931 0.821818 0.493510 0.806244 0.495688 0.800163 0.499571 0.786978 0.481346 0.780449 0.475811 0.785445 0.475485 0.786111 0.474976 0.787371 0.474360 0.789033 0.466692 0.810438 0.466060 0.812257 0.465507 0.813965 0.465115 0.815303
0 0.824190 0.579084 0.840841 0.588959 0.847788 0.584854 0.848715 0.584045 0.849781 0.582753 0.850821 0.581177 0.862499 0.561485 0.863351 0.559871 0.863881 0.558472 0.864009 0.557502 0.864116 0.549712 0.847465 0.539837 0.838885 0.549247 0.835643 0.554713 0.827341 0.568713
0 0.136470 0.531131 0.142235 0.535755 0.142869 0.535977 0.144152 0.536277 0.145888 0.536608 0.168437 0.540568 0.170355 0.540879 0.172153 0.541120 0.173556 0.541256 0.174351 0.541265 0.181412 0.539024 0.184761 0.519957 0.176164 0.517838 0.153875 0.513924 0.139819 0.512064
0 0.055192 0.070471 0.059063 0.086267 0.065127 0.091958 0.084525 0.103718 0.100105 0.099899 0.096286 0.084320 0.090658 0.078523 0.070989 0.066598
0 0.440836 0.563398 0.456650 0.575065 0.461620 0.574062 0.461789 0.573862 0.462376 0.573091 0.463292 0.571867 0.464395 0.570377 0.465518 0.568849 0.466487 0.567519 0.476452 0.553758 0.477100 0.552854 0.477349 0.552489 0.476642 0.547595 0.461189 0.536194 0.460741 0.536613 0.457905 0.540402 0.450559 0.550220
0 0.938819 0.105735 0.939529 0.121760 0.956264 0.137077 0.972289 0.136368 0.978873 0.131296 0.978154 0.115048 0.961186 0.099518 0.944937 0.100237
0 0.189419 0.093247 0.189796 0.109508 0.194061 0.114875 0.210470 0.130541 0.226507 0.130169 0.226135 0.114132 0.222317 0.108754 0.205679 0.092870
0 0.751086 0.433161 0.763676 0.443102 0.786207 0.440453 0.790195 0.439621 0.800275 0.426856 0.787509 0.416777 0.764664 0.419463 0.761027 0.420571
0 0.171015 0.258051 0.171729 0.277397 0.178418 0.280581 0.179211 0.280858 0.180615 0.281064 0.182418 0.281170 0.184346 0.281160 0.207067 0.280322 0.208835 0.280196 0.210183 0.279974 0.210905 0.279689 0.217328 0.275716 0.216614 0.256370 0.202793 0.254793 0.179806 0.255640
0 0.370631 0.950908 0.374091 0.966801 0.379525 0.970292 0.393444 0.979234 0.409337 0.975773 0.410584 0.969233 0.407171 0.953559 0.388084 0.941297 0.372410 0.944711
0 0.818151 0.328319 0.820087 0.340085 0.822618 0.345914 0.826570 0.355015 0.829102 0.360843 0.836327 0.370173 0.854084 0.362462 0.854935 0.354542 0.854916 0.353413 0.854555 0.351858 0.853908 0.350114 0.844789 0.329115 0.843958 0.327456 0.843072 0.326142 0.842269 0.325373 0.835909 0.320608
0 0.788924 0.546273 0.803174 0.559377 0.813449 0.551399 0.817822 0.546644 0.829020 0.534467 0.834060 0.525789 0.819810 0.512685 0.812841 0.515199 0.812179 0.515450 0.811121 0.516203 0.809829 0.517343 0.808499 0.518697 0.793109 0.535433 0.791936 0.536801 0.791094 0.537982 0.790711 0.538796
0 0.382160 0.646182 0.392457 0.649701 0.414988 0.654338 0.426854 0.655380 0.430756 0.636418 0.424753 0.631488 0.423812 0.631130 0.422336 0.630717 0.420549 0.630310 0.398279 0.625727 0.396444 0.625388 0.394832 0.625166 0.393688 0.625095 0.393187 0.625186 0.386063 0.627220
0 0.347001 0.278917 0.349100 0.281949 0.358768 0.294701 0.371520 0.285033 0.372386 0.278738 0.374603 0.262613 0.372860 0.259312 0.363057 0.246383 0.350128 0.256185
