0 0.898232 0.688548 0.911410 0.707015 0.917146 0.709899 0.933188 0.712580 0.935869 0.696538 0.922508 0.677814 0.916698 0.675371 0.900877 0.672726
0 0.486428 0.016745 0.486614 0.023373 0.495358 0.036776 0.511285 0.040127 0.517503 0.041435 0.530906 0.032692 0.531336 0.026193 0.522471 0.012604 0.500017 0.007880
0 0.880946 0.264421 0.881472 0.287151 0.881614 0.288941 0.881936 0.290349 0.882388 0.291162 0.886481 0.297741 0.905835 0.297293 0.908903 0.284129 0.908371 0.261133 0.904780 0.251675 0.885426 0.252123 0.881654 0.259454 0.881251 0.260770 0.881003 0.262513
0 0.782944 0.437829 0.795668 0.447597 0.818160 0.444642 0.822597 0.443871 0.832502 0.430970 0.819601 0.421065 0.813197 0.421906 0.803199 0.423220 0.796795 0.424062 0.792713 0.425105
0 0.312936 0.572149 0.318003 0.577881 0.318784 0.578335 0.320125 0.578942 0.321819 0.579610 0.343280 0.587584 0.345063 0.588208 0.346655 0.588690 0.347812 0.588957 0.348359 0.588967 0.355709 0.588041 0.362452 0.569894 0.352957 0.565388 0.337700 0.559719 0.331743 0.557506 0.319679 0.554001
0 0.903299 0.446768 0.903435 0.469504 0.903552 0.471342 0.903863 0.472887 0.904321 0.473904 0.908326 0.480785 0.927685 0.480669 0.931129 0.469010 0.931091 0.462551 0.930992 0.446007 0.927412 0.435040 0.908053 0.435156 0.904131 0.442189 0.903686 0.443300 0.903393 0.444908
0 0.441554 0.723347 0.458688 0.732357 0.463702 0.724087 0.474408 0.703728 0.479926 0.691971 0.462792 0.682960 0.456587 0.687256 0.456148 0.687973 0.455453 0.689218 0.454605 0.690802 0.444023 0.710925 0.443149 0.712615 0.442377 0.714160 0.441825 0.715327 0.441576 0.715938
0 0.419736 0.613274 0.424518 0.628778 0.440022 0.623996 0.450744 0.603710 0.451419 0.602287 0.446702 0.586996 0.431411 0.591713 0.430457 0.592988
0 0.271631 0.894890 0.276987 0.910248 0.292344 0.904892 0.295201 0.899325 0.305066 0.878896 0.299783 0.863750 0.284637 0.869031 0.281633 0.874177
0 0.109225 0.320352 0.118716 0.333560 0.123960 0.335850 0.146347 0.339515 0.159374 0.330154 0.150013 0.317128 0.145133 0.314577 0.122434 0.310860
0 0.918218 0.652650 0.918375 0.654436 0.921661 0.676934 0.922039 0.678807 0.922581 0.680490 0.923205 0.681729 0.928160 0.688338 0.947316 0.685540 0.949328 0.675683 0.948395 0.669292 0.946004 0.652922 0.940721 0.640389 0.921565 0.643187 0.918621 0.650346 0.918304 0.651214
0 0.460605 0.329688 0.477445 0.339238 0.483209 0.330694 0.494372 0.311008 0.499954 0.299545 0.483113 0.289996 0.476679 0.294066 0.476134 0.294749 0.475339 0.295965 0.474416 0.297528 0.463123 0.317443 0.462216 0.319107 0.461468 0.320613 0.460993 0.321728 0.460863 0.322284
0 0.000000 0.627810 0.004498 0.637634 0.022937 0.631735 0.024717 0.623920 0.024930 0.622785 0.024808 0.621202 0.024370 0.619413 0.017442 0.597757 0.016753 0.596025 0.015914 0.594605 0.015053 0.593712 0.009033 0.588275 0.000000 0.594174
0 0.903290 0.264256 0.913695 0.276465 0.936308 0.278268 0.942392 0.275178 0.954771 0.264628 0.944221 0.252249 0.921292 0.250420 0.915498 0.253850
0 0.036319 0.221880 0.037113 0.230135 0.039697 0.236055 0.046318 0.251215 0.054580 0.263697 0.072321 0.255949 0.073252 0.248554 0.073310 0.247876 0.073003 0.246630 0.072376 0.245005 0.063277 0.224168 0.062424 0.222404 0.061470 0.220761 0.060559 0.219488 0.059831 0.218780 0.054060 0.214133
0 0.522569 0.836688 0.524458 0.855955 0.536106 0.857757 0.558998 0.855512 0.569871 0.851502 0.567981 0.832235 0.560664 0.829065 0.559554 0.828799 0.557952 0.828706 0.556100 0.828800 0.533472 0.831019 0.531643 0.831286 0.530108 0.831686 0.529099 0.832160
0 0.548180 0.295151 0.557180 0.303122 0.562452 0.306669 0.570685 0.312207 0.575957 0.315753 0.586042 0.320619 0.596847 0.304556 0.593128 0.297572 0.592360 0.296758 0.591123 0.295726 0.589605 0.294635 0.570609 0.281856 0.569048 0.280877 0.567690 0.280163 0.566743 0.279823 0.558986 0.279088
0 0.597172 0.246789 0.600391 0.262504 0.616106 0.259285 0.628603 0.240351 0.630394 0.236731 0.627130 0.220797 0.611196 0.224061 0.598525 0.243259
0 0.405804 0.536256 0.408972 0.552209 0.424926 0.549041 0.425956 0.548367 0.438566 0.529509 0.435441 0.513775 0.419707 0.516899 0.418590 0.517134 0.409394 0.530887
0 0.593904 0.158054 0.613193 0.159693 0.617165 0.153438 0.617352 0.152612 0.617572 0.151173 0.617794 0.149342 0.617983 0.147397 0.619920 0.124585 0.620045 0.122833 0.620089 0.121548 0.620043 0.120926 0.617055 0.114226 0.597765 0.112588 0.596017 0.126994 0.594102 0.149543
0 0.816957 0.343196 0.818941 0.362453 0.827619 0.362405 0.850131 0.360085 0.864331 0.357775 0.862346 0.338518 0.855566 0.335601 0.854919 0.335524 0.853619 0.335562 0.851864 0.335709 0.829090 0.338057 0.827155 0.338290 0.825344 0.338573 0.823933 0.338862 0.823138 0.339113
0 0.942033 0.786752 0.956819 0.791911 0.979128 0.797515 0.986288 0.797871 0.991005 0.779095 0.985471 0.774170 0.984473 0.773718 0.982915 0.773157 0.981037 0.772571 0.979120 0.772050 0.957069 0.766510 0.955399 0.766130 0.954220 0.765947 0.953712 0.765990 0.946750 0.767977
0 0.020121 0.117146 0.020371 0.118586 0.022396 0.126702 0.041010 0.132022 0.047829 0.124117 0.052302 0.108467 0.054048 0.102357 0.053549 0.088149 0.034935 0.082829 0.028292 0.088559 0.027504 0.089764 0.026869 0.091443 0.020577 0.113455 0.020193 0.115344
0 0.795760 0.772694 0.807127 0.792327 0.811409 0.796400 0.827125 0.800591 0.831315 0.784874 0.819789 0.764968 0.815392 0.761327 0.799892 0.757194
0 0.765702 0.251318 0.772205 0.260623 0.789505 0.275212 0.800585 0.280735 0.813065 0.265936 0.810383 0.258524 0.809928 0.257574 0.808957 0.256377 0.807618 0.255114 0.790116 0.240355 0.788620 0.239225 0.787199 0.238407 0.786074 0.238023 0.778183 0.236519
0 0.659837 0.043749 0.661637 0.063024 0.671596 0.065504 0.694129 0.063401 0.707069 0.058783 0.705270 0.039508 0.697483 0.035702 0.696063 0.035499 0.694265 0.035549 0.671470 0.037677 0.669574 0.037971 0.667880 0.038465 0.666645 0.039081
0 0.831382 0.289965 0.846887 0.301556 0.853566 0.298348 0.854255 0.297785 0.855283 0.296716 0.856493 0.295301 0.857700 0.293758 0.871407 0.275421 0.872422 0.273992 0.873084 0.272901 0.873294 0.272315 0.874207 0.265008 0.858701 0.253417 0.849028 0.264473 0.835478 0.282599
0 0.801037 0.465591 0.802148 0.476615 0.804138 0.482650 0.807245 0.492072 0.809236 0.498107 0.815328 0.508925 0.833713 0.502862 0.835240 0.495195 0.835288 0.494191 0.835046 0.492690 0.834553 0.490923 0.827382 0.469181 0.826714 0.467425 0.825976 0.465954 0.825280 0.464995 0.819422 0.459528
0 0.758784 0.599305 0.770414 0.610353 0.774183 0.611890 0.780640 0.611725 0.790721 0.611466 0.797178 0.611300 0.808380 0.599508 0.796587 0.588306 0.792510 0.587093 0.769832 0.587675
0 0.511020 0.674085 0.511175 0.676510 0.514539 0.682024 0.523156 0.696145 0.538965 0.699972 0.542791 0.684163 0.542202 0.681633 0.530385 0.662268 0.514794 0.658494
0 0.115146 0.620419 0.130719 0.625115 0.135794 0.623395 0.155785 0.612669 0.160417 0.597311 0.145059 0.592679 0.140113 0.593972 0.134421 0.597025 0.119843 0.604847
0 0.080632 0.223803 0.087546 0.245742 0.093218 0.249236 0.107446 0.256645 0.114855 0.242417 0.108036 0.220780 0.102570 0.216889 0.088144 0.209377
0 0.842169 0.427538 0.845704 0.434252 0.846199 0.434889 0.847259 0.435782 0.848722 0.436794 0.867870 0.449053 0.869522 0.450035 0.871117 0.450843 0.872415 0.451352 0.873218 0.451487 0.880598 0.452141 0.891036 0.435837 0.884562 0.429108 0.865190 0.416706 0.852607 0.411234
0 0.913959 0.294071 0.921957 0.311701 0.935897 0.305403 0.956845 0.295900 0.963511 0.292850 0.955513 0.275220 0.948374 0.274665 0.947920 0.274847 0.946822 0.275328 0.945247 0.276037 0.924398 0.285495 0.922594 0.286319 0.920844 0.287130 0.919414 0.287803 0.918524 0.288236 0.918306 0.288364
0 0.177533 0.478089 0.180394 0.488005 0.183488 0.493674 0.191414 0.508196 0.199394 0.518142 0.216387 0.508867 0.216448 0.501135 0.216264 0.500215 0.215726 0.498841 0.214916 0.497221 0.204024 0.477264 0.203061 0.475638 0.202089 0.474244 0.201253 0.473296 0.194526 0.468815
0 0.561539 0.237161 0.574744 0.246200 0.580990 0.245030 0.596988 0.242033 0.606026 0.228828 0.607500 0.225056 0.594112 0.215892 0.571558 0.220117 0.562394 0.233506
0 0.283009 0.962836 0.286799 0.981821 0.294800 0.984804 0.296190 0.984860 0.297959 0.984624 0.320410 0.980141 0.322279 0.979651 0.323956 0.978982 0.325184 0.978239 0.331546 0.972886 0.327755 0.953902 0.318051 0.952449 0.311820 0.953693 0.295859 0.956880
0 0.611712 0.698417 0.613268 0.701184 0.629533 0.701193 0.641237 0.689502 0.645807 0.684937 0.645815 0.668672 0.643813 0.666353 0.627771 0.666344 0.611721 0.682376
0 0.676822 0.377114 0.676854 0.399800 0.688212 0.411127 0.690838 0.409887 0.702322 0.398370 0.702290 0.375368 0.690773 0.363883 0.688149 0.365756
