0 0.473034 0.680137 0.476690 0.686581 0.476969 0.687029 0.477826 0.687810 0.479132 0.688806 0.480688 0.689864 0.499916 0.702291 0.501477 0.703246 0.502798 0.703948 0.503677 0.704289 0.511358 0.704904 0.521866 0.688645 0.512186 0.680978 0.493179 0.668695 0.483542 0.663878
0 0.093648 0.843412 0.111724 0.850341 0.117276 0.845435 0.117913 0.844636 0.118715 0.843273 0.119561 0.841555 0.120321 0.839742 0.128458 0.818511 0.129022 0.816871 0.129305 0.815645 0.129265 0.815020 0.128056 0.807734 0.109979 0.800805 0.102659 0.814015 0.094426 0.835494
0 0.714688 0.629651 0.715765 0.642096 0.735091 0.643237 0.739238 0.636695 0.739569 0.635799 0.739842 0.634329 0.740015 0.632509 0.741364 0.609655 0.741410 0.607771 0.741321 0.606119 0.741112 0.604951 0.737780 0.597686 0.718454 0.596545 0.716022 0.607060 0.715647 0.613404 0.715062 0.623308
0 0.955438 0.793540 0.971085 0.804939 0.981727 0.798148 0.995272 0.779556 0.997953 0.768058 0.982306 0.756659 0.974823 0.759902 0.973675 0.760458 0.972400 0.761528 0.971189 0.762951 0.957801 0.781328 0.956834 0.782894 0.956253 0.784372 0.956147 0.785537
0 0.230822 0.300718 0.248302 0.309038 0.254703 0.304507 0.255427 0.303781 0.256283 0.302514 0.257140 0.300900 0.266912 0.280370 0.267644 0.278646 0.268144 0.277066 0.268334 0.275870 0.267914 0.267837 0.250434 0.259517 0.243440 0.267926 0.240664 0.273758 0.233554 0.288696
0 0.159845 0.270773 0.177861 0.277858 0.184008 0.272959 0.184744 0.272238 0.185553 0.270952 0.186311 0.269295 0.194632 0.248136 0.195228 0.246352 0.195573 0.244704 0.195616 0.243443 0.194562 0.235394 0.176546 0.228309 0.169679 0.236780 0.163624 0.252175 0.161260 0.258186
0 0.138649 0.601283 0.143563 0.606979 0.144154 0.607452 0.145370 0.608061 0.147028 0.608712 0.168598 0.616386 0.170436 0.616978 0.172166 0.617417 0.173524 0.617638 0.174303 0.617606 0.181640 0.616577 0.188128 0.598337 0.179988 0.593750 0.158667 0.586165 0.145138 0.583044
0 0.081037 0.618048 0.081084 0.619096 0.081543 0.620557 0.082347 0.622207 0.093608 0.642140 0.094629 0.643720 0.095708 0.644983 0.096679 0.645735 0.103609 0.649895 0.120464 0.640372 0.117966 0.629386 0.114841 0.623853 0.106835 0.609682 0.098020 0.600644 0.081165 0.610166
0 0.919378 0.727597 0.932554 0.738337 0.955350 0.737891 0.960823 0.731785 0.970368 0.720487 0.956937 0.709723 0.950506 0.709848 0.934033 0.710171 0.924386 0.721386
0 0.161345 0.863850 0.171535 0.880311 0.178811 0.880078 0.179345 0.879952 0.180443 0.879408 0.181939 0.878530 0.201405 0.866480 0.203064 0.865405 0.204625 0.864302 0.205850 0.863340 0.206552 0.862665 0.210332 0.856293 0.200142 0.839833 0.192945 0.843042 0.173703 0.854954
0 0.854406 0.373721 0.854525 0.375332 0.854884 0.377155 0.860450 0.399199 0.860996 0.400963 0.861649 0.402408 0.862311 0.403314 0.867812 0.409072 0.886582 0.404333 0.886943 0.392396 0.881312 0.370093 0.875412 0.360091 0.856642 0.364830 0.854547 0.372563
0 0.494223 0.427952 0.508782 0.440712 0.516169 0.432681 0.520358 0.427902 0.526897 0.420441 0.531085 0.415662 0.538858 0.406396 0.524299 0.393636 0.517392 0.396316 0.517172 0.396456 0.516498 0.397130 0.515472 0.398237 0.514251 0.399608 0.499161 0.416826 0.497937 0.418245 0.496901 0.419490 0.496212 0.420371 0.495974 0.420753
0 0.191481 0.360475 0.202120 0.376649 0.213981 0.371428 0.232888 0.358992 0.240243 0.351574 0.229604 0.335400 0.221557 0.336130 0.220365 0.336524 0.218839 0.337267 0.217212 0.338245 0.198084 0.350826 0.196612 0.351887 0.195525 0.352863 0.194989 0.353606
0 0.564912 0.936520 0.565818 0.942604 0.568620 0.948424 0.572995 0.957510 0.575797 0.963329 0.591149 0.968702 0.596522 0.953350 0.595194 0.947119 0.585352 0.926678 0.570211 0.921379
0 0.082032 0.490472 0.087963 0.494698 0.088544 0.494818 0.089799 0.495002 0.091536 0.495223 0.114266 0.497959 0.116212 0.498182 0.118063 0.498372 0.119535 0.498499 0.120404 0.498545 0.120541 0.498503 0.127335 0.495926 0.129649 0.476706 0.121408 0.475542 0.115099 0.474782 0.105248 0.473596 0.098939 0.472837 0.084346 0.471252
0 0.314882 0.918617 0.324638 0.924316 0.347192 0.928836 0.359623 0.927583 0.363427 0.908601 0.357488 0.903343 0.356621 0.902686 0.355194 0.902078 0.353422 0.901610 0.331129 0.897142 0.329274 0.896884 0.327611 0.896873 0.326390 0.897111 0.318686 0.899635
0 0.102722 0.878238 0.105877 0.886836 0.106813 0.888107 0.108164 0.889366 0.126086 0.903612 0.127639 0.904662 0.129151 0.905337 0.130390 0.905536 0.138442 0.906632 0.150488 0.891477 0.144456 0.881272 0.126740 0.867190 0.114769 0.863083
0 0.550288 0.544354 0.550991 0.544973 0.566664 0.549318 0.586684 0.537991 0.591030 0.522317 0.575356 0.517971 0.574318 0.517724 0.554574 0.528896
0 0.878889 0.685147 0.893774 0.697525 0.901376 0.694642 0.902500 0.694052 0.903810 0.692987 0.905104 0.691609 0.919743 0.674006 0.920821 0.672532 0.921511 0.671192 0.921709 0.670192 0.922950 0.662442 0.908066 0.650063 0.897533 0.657550 0.883062 0.674950
0 0.400766 0.849018 0.401699 0.857154 0.402180 0.858425 0.402992 0.859998 0.404011 0.861630 0.416879 0.880565 0.417945 0.882002 0.418891 0.883016 0.419573 0.883455 0.426413 0.886758 0.442425 0.875877 0.436531 0.863480 0.423811 0.844762 0.416778 0.838136
0 0.794430 0.837641 0.809549 0.844902 0.831182 0.837699 0.837534 0.823290 0.838856 0.818722 0.823498 0.811498 0.817394 0.813530 0.801762 0.818735 0.795219 0.833250
0 0.705708 0.966230 0.707931 0.985461 0.721064 0.988128 0.743914 0.985487 0.753259 0.980222 0.751036 0.960990 0.743430 0.957776 0.742118 0.957384 0.740383 0.957222 0.738486 0.957314 0.715900 0.959924 0.714123 0.960257 0.712727 0.960781
0 0.097366 0.958815 0.102806 0.965820 0.103994 0.966689 0.105645 0.967424 0.127262 0.974963 0.129115 0.975450 0.130880 0.975611 0.132286 0.975423 0.140451 0.973841 0.146826 0.955562 0.138996 0.948153 0.117628 0.940701 0.103741 0.940535
0 0.182000 0.166293 0.189168 0.181128 0.191967 0.186920 0.204978 0.191648 0.216607 0.191534 0.219680 0.175710 0.209760 0.155180 0.196841 0.150630 0.184969 0.150237
0 0.189342 0.108229 0.193612 0.113615 0.207211 0.122124 0.229318 0.117033 0.237827 0.103434 0.234173 0.097907 0.220384 0.089279 0.197969 0.094441
0 0.876842 0.371657 0.887848 0.383327 0.910525 0.383992 0.916247 0.382373 0.928080 0.371214 0.916920 0.359381 0.893928 0.358707 0.888513 0.360652
0 0.578809 0.818081 0.579906 0.822516 0.585067 0.837940 0.600491 0.832779 0.607872 0.817974 0.610754 0.812193 0.605592 0.796769 0.604142 0.792688 0.588930 0.797778
0 0.876754 0.312128 0.877336 0.319616 0.894782 0.328006 0.903010 0.316228 0.912980 0.295499 0.914559 0.286885 0.897113 0.278494 0.891177 0.282927 0.890500 0.283545 0.889610 0.284731 0.888641 0.286302 0.887739 0.288022 0.877884 0.308511 0.877183 0.310125 0.876786 0.311395
0 0.329137 0.586245 0.344403 0.598150 0.352619 0.588434 0.366536 0.570588 0.372463 0.562167 0.357197 0.550262 0.350455 0.553333 0.350030 0.553695 0.349214 0.554585 0.348132 0.555868 0.346950 0.557348 0.332871 0.575402 0.331772 0.576847 0.330931 0.578031 0.330475 0.578771
0 0.071757 0.402372 0.075939 0.408364 0.076409 0.408720 0.077507 0.409340 0.079068 0.410127 0.099664 0.420124 0.101441 0.420957 0.103156 0.421704 0.104547 0.422250 0.105402 0.422514 0.112807 0.422298 0.121261 0.404882 0.114142 0.400710 0.108426 0.397935 0.099500 0.393602 0.093783 0.390827 0.080211 0.384956
0 0.560279 0.464710 0.568649 0.478394 0.590703 0.483710 0.591966 0.483481 0.605842 0.474995 0.597356 0.461119 0.574994 0.455730 0.573964 0.456340
0 0.803992 0.231334 0.812909 0.252194 0.827798 0.258165 0.832368 0.254792 0.838423 0.239696 0.829381 0.218546 0.814285 0.212491 0.809963 0.216446
0 0.471745 0.665102 0.490942 0.669305 0.495071 0.665879 0.495144 0.665738 0.495366 0.664889 0.495702 0.663461 0.496102 0.661672 0.496504 0.659797 0.496847 0.658124 0.500333 0.640542 0.500557 0.639360 0.500635 0.638817 0.497994 0.634170 0.479235 0.630064 0.475813 0.645696 0.474771 0.650569 0.473131 0.658239 0.472072 0.663193
0 0.761834 0.349283 0.776641 0.361754 0.783494 0.358939 0.784107 0.358470 0.785104 0.357506 0.786334 0.356194 0.787606 0.354734 0.802354 0.337223 0.803471 0.335845 0.804257 0.334764 0.804592 0.334146 0.806035 0.326852 0.791228 0.314381 0.781585 0.324537 0.767007 0.341846
0 0.257916 0.562671 0.261756 0.573100 0.273415 0.592929 0.281044 0.602005 0.297732 0.592193 0.297440 0.584365 0.297136 0.583368 0.296494 0.581957 0.295612 0.580344 0.284088 0.560745 0.283095 0.559169 0.282139 0.557863 0.281364 0.557025 0.274604 0.552858
