0 0.530652 0.123158 0.536934 0.137918 0.551694 0.131637 0.560172 0.110595 0.561013 0.105166 0.554644 0.090200 0.539678 0.096569 0.537264 0.102559 0.531081 0.117903
0 0.376482 0.339521 0.380370 0.355314 0.382017 0.357303 0.397593 0.353468 0.409334 0.334057 0.405499 0.318481 0.404179 0.315950 0.388386 0.319839
0 0.930915 0.065696 0.932186 0.081687 0.949447 0.096407 0.965438 0.095136 0.971927 0.089494 0.970639 0.073280 0.953137 0.058354 0.936923 0.059643
0 0.847840 0.754497 0.854633 0.772626 0.868316 0.770830 0.889856 0.762759 0.897362 0.756615 0.890569 0.738487 0.882366 0.737396 0.880958 0.737498 0.879208 0.737870 0.877380 0.738455 0.856089 0.746432 0.854453 0.747145 0.853252 0.747879 0.852666 0.748524
0 0.725908 0.768529 0.731166 0.773749 0.731825 0.774220 0.733090 0.774840 0.734770 0.775514 0.736607 0.776137 0.758473 0.782918 0.760180 0.783394 0.761488 0.783647 0.762198 0.783640 0.769491 0.782044 0.775225 0.763554 0.762193 0.758072 0.746647 0.753251 0.740578 0.751369 0.731643 0.750038
0 0.216908 0.657860 0.226253 0.674815 0.234076 0.670699 0.254222 0.659596 0.266215 0.652790 0.256871 0.635835 0.249473 0.636001 0.249464 0.636003 0.248809 0.636361 0.247606 0.637022 0.246036 0.637885 0.224291 0.649869 0.221566 0.651373 0.220959 0.651710
0 0.715734 0.061822 0.731941 0.072411 0.738290 0.069050 0.738595 0.068655 0.739273 0.067667 0.740220 0.066236 0.752656 0.047201 0.753732 0.045537 0.754778 0.043886 0.755637 0.042498 0.756176 0.041584 0.756314 0.041286 0.756899 0.034211 0.740692 0.023622 0.736379 0.029337 0.723797 0.048594
0 0.380330 0.278025 0.390726 0.298544 0.392229 0.301312 0.407473 0.306303 0.412465 0.291058 0.411244 0.288147 0.400848 0.267628 0.385391 0.262567
0 0.844948 0.346961 0.847959 0.357914 0.851216 0.363371 0.859558 0.377347 0.868335 0.386142 0.884958 0.376220 0.884856 0.368333 0.884749 0.367282 0.884231 0.365830 0.883380 0.364198 0.871646 0.344540 0.870596 0.342985 0.869510 0.341752 0.868557 0.341027 0.861571 0.337039
0 0.568783 0.279681 0.577588 0.293043 0.590950 0.284238 0.592215 0.281237 0.596835 0.258762 0.587907 0.245214 0.574359 0.254142 0.573340 0.257514
0 0.688857 0.571121 0.707319 0.576947 0.712958 0.571460 0.713514 0.570537 0.714148 0.569088 0.714764 0.567334 0.721655 0.545501 0.722156 0.543717 0.722463 0.542183 0.722529 0.541134 0.721053 0.533433 0.702592 0.527606 0.697548 0.538174 0.690737 0.559755
0 0.343221 0.477348 0.359038 0.494048 0.360976 0.494128 0.377012 0.494564 0.377447 0.478528 0.361847 0.462057 0.359921 0.461531 0.343662 0.461089
0 0.574426 0.847176 0.581339 0.859240 0.591127 0.865753 0.603298 0.855553 0.607082 0.839517 0.608559 0.833257 0.601690 0.820991 0.591773 0.815024 0.579662 0.824985
0 0.679237 0.362570 0.688626 0.366936 0.710299 0.373447 0.722938 0.375697 0.728508 0.357157 0.723147 0.351682 0.722390 0.351212 0.721049 0.350647 0.719327 0.350073 0.697401 0.343486 0.695569 0.342993 0.693915 0.342658 0.692691 0.342533 0.692083 0.342635 0.684807 0.344029
0 0.627643 0.272608 0.627782 0.273871 0.628109 0.275547 0.628573 0.277383 0.634706 0.299277 0.635239 0.301002 0.635763 0.302361 0.636197 0.303149 0.641549 0.308643 0.660191 0.303421 0.658405 0.290732 0.656663 0.284512 0.653943 0.274801 0.652201 0.268582 0.647884 0.259482 0.629242 0.264704 0.627712 0.271953
0 0.753515 0.173896 0.759084 0.179312 0.759810 0.179922 0.761136 0.180537 0.762859 0.181063 0.784932 0.186516 0.786799 0.186877 0.788534 0.187018 0.789875 0.186919 0.797814 0.184840 0.802457 0.166046 0.793776 0.160544 0.777715 0.156576 0.771445 0.155027 0.758158 0.155102
0 0.911128 0.812561 0.915850 0.827892 0.921646 0.832461 0.936269 0.840199 0.941978 0.843220 0.957523 0.838433 0.952736 0.822888 0.946511 0.818450 0.926459 0.807840
0 0.879839 0.663753 0.885132 0.666036 0.901387 0.666634 0.913507 0.655375 0.918239 0.650979 0.918837 0.634725 0.913080 0.632872 0.897049 0.632283 0.880429 0.647723
0 0.192002 0.399610 0.196463 0.405503 0.197077 0.405837 0.198280 0.406426 0.199888 0.407180 0.220678 0.416767 0.222439 0.417567 0.224077 0.418288 0.225341 0.418820 0.226038 0.419082 0.233438 0.418719 0.241545 0.401139 0.233359 0.397200 0.212808 0.387723 0.200109 0.382030
0 0.573441 0.776423 0.574467 0.780278 0.585477 0.792249 0.608459 0.793210 0.620430 0.782200 0.618773 0.778318 0.607914 0.766511 0.585248 0.765564
0 0.793099 0.523437 0.800080 0.536198 0.812692 0.538119 0.823398 0.528331 0.827138 0.505729 0.820200 0.492743 0.807496 0.491377 0.796821 0.500942
0 0.839990 0.881714 0.843139 0.900815 0.857306 0.902238 0.880002 0.898496 0.888162 0.893394 0.885013 0.874293 0.877113 0.871547 0.875658 0.871301 0.873833 0.871278 0.871914 0.871481 0.849480 0.875179 0.847750 0.875578 0.846465 0.876113
0 0.349969 0.876930 0.351657 0.891150 0.357498 0.913399 0.361556 0.921064 0.380280 0.916148 0.381929 0.908925 0.381991 0.908029 0.381857 0.906561 0.381548 0.904743 0.381111 0.902852 0.375337 0.880860 0.374836 0.879175 0.374345 0.877943 0.373938 0.877353 0.368694 0.872014
0 0.103018 0.650775 0.114007 0.670982 0.129606 0.675590 0.134698 0.673178 0.139244 0.657794 0.128405 0.637865 0.113022 0.633320 0.107627 0.635176
0 0.142663 0.851798 0.142776 0.852413 0.144641 0.859558 0.163257 0.864872 0.169085 0.851042 0.175297 0.829281 0.175782 0.820995 0.157167 0.815681 0.152067 0.821055 0.151505 0.821835 0.150825 0.823208 0.150130 0.824966 0.149527 0.826839 0.143243 0.848853 0.142827 0.850548
0 0.323724 0.587277 0.330379 0.605456 0.339786 0.602369 0.361386 0.594461 0.373228 0.589770 0.366573 0.571590 0.359227 0.570629 0.359067 0.570662 0.358242 0.570943 0.356878 0.571428 0.355183 0.572044 0.333832 0.579860 0.332055 0.580516 0.330458 0.581114 0.329284 0.581565 0.328713 0.581800
0 0.897559 0.332163 0.904678 0.346495 0.910306 0.344360 0.924837 0.337143 0.932151 0.315394 0.924933 0.300863 0.919105 0.303595 0.904773 0.310713
0 0.240447 0.880965 0.247331 0.899059 0.254708 0.900327 0.255416 0.900403 0.256704 0.900144 0.258377 0.899588 0.279775 0.891447 0.281569 0.890683 0.283205 0.889830 0.284430 0.889019 0.285060 0.888373 0.289979 0.882834 0.283095 0.864740 0.274272 0.865815 0.253121 0.873863
0 0.279670 0.265560 0.288757 0.282655 0.296760 0.282713 0.297911 0.282465 0.299444 0.281893 0.301127 0.281084 0.321203 0.270412 0.322786 0.269485 0.324037 0.268578 0.324765 0.267827 0.329048 0.261237 0.319962 0.244143 0.308327 0.247439 0.288016 0.258236
0 0.331456 0.543143 0.334576 0.550189 0.335217 0.550895 0.336332 0.551906 0.337751 0.553067 0.355758 0.567205 0.357258 0.568334 0.358603 0.569255 0.359588 0.569826 0.360064 0.569961 0.367347 0.571320 0.379301 0.556093 0.371377 0.548652 0.353576 0.534677 0.343410 0.527916
0 0.279761 0.049703 0.281340 0.068997 0.288812 0.072414 0.290091 0.072807 0.291808 0.072998 0.293702 0.072960 0.316363 0.071106 0.318155 0.070843 0.319580 0.070394 0.320422 0.069827 0.326818 0.065276 0.325239 0.045981 0.312340 0.043189 0.295852 0.044538 0.289414 0.045065
0 0.220620 0.299670 0.233900 0.303847 0.255945 0.308963 0.265069 0.309985 0.269445 0.291127 0.263822 0.286303 0.263150 0.285936 0.261859 0.285458 0.260146 0.284941 0.258272 0.284464 0.235970 0.279289 0.234230 0.278927 0.232897 0.278737 0.232173 0.278748 0.224996 0.280812
0 0.625570 0.041612 0.632988 0.063050 0.647417 0.070061 0.654427 0.055633 0.656581 0.049436 0.649059 0.027699 0.634429 0.020591 0.627321 0.035220
0 0.682577 0.237237 0.699255 0.247067 0.706732 0.235080 0.715132 0.220828 0.718411 0.215264 0.722424 0.207756 0.705746 0.197927 0.699535 0.201767 0.699458 0.201844 0.699008 0.202555 0.698253 0.203789 0.697311 0.205359 0.696322 0.207026 0.684777 0.226614 0.683888 0.228132 0.683230 0.229279 0.682903 0.229878
0 0.928335 0.630310 0.941373 0.644620 0.949403 0.642672 0.950686 0.642124 0.952189 0.641170 0.953683 0.639955 0.970606 0.624536 0.971855 0.623252 0.972664 0.622099 0.975103 0.613889 0.962065 0.599579 0.949966 0.606394 0.933237 0.621636
0 0.664987 0.648066 0.666159 0.660679 0.685516 0.660972 0.689299 0.654293 0.689528 0.653414 0.689694 0.651955 0.689772 0.650136 0.690118 0.627245 0.690096 0.625353 0.689977 0.623686 0.689780 0.622496 0.689534 0.621966 0.686206 0.615347 0.666849 0.615054 0.665329 0.625438
0 0.713314 0.484832 0.722530 0.487846 0.744409 0.493629 0.757430 0.496492 0.762376 0.477775 0.756886 0.472652 0.756158 0.472353 0.754828 0.471929 0.753098 0.471447 0.730964 0.465597 0.729107 0.465132 0.727413 0.464756 0.726142 0.464527 0.725487 0.464480 0.718261 0.466116
0 0.255255 0.757703 0.273948 0.762739 0.278967 0.757290 0.279354 0.756595 0.279873 0.755297 0.280445 0.753595 0.280983 0.751746 0.286897 0.729793 0.287322 0.728070 0.287570 0.726728 0.287605 0.725970 0.285818 0.718680 0.267125 0.713644 0.262220 0.726505 0.260540 0.732741 0.256237 0.748715
