0 0.634539 0.297945 0.634991 0.299763 0.636104 0.301269 0.637709 0.302235 0.645184 0.305600 0.652767 0.307651 0.654619 0.307929 0.656437 0.307477 0.657943 0.306363 0.658328 0.305892 0.659296 0.304283 0.663517 0.296677 0.664725 0.289188 0.665004 0.287332 0.664551 0.285509 0.663435 0.283999 0.659745 0.281507 0.655041 0.278677 0.649612 0.277863 0.644875 0.277323 0.643052 0.277776 0.641542 0.278892 0.641198 0.279429 0.640233 0.281034 0.636727 0.287642 0.634817 0.296092
0 0.673965 0.363911 0.673990 0.365784 0.674731 0.367504 0.676073 0.368810 0.677814 0.369503 0.685915 0.371825 0.693550 0.372409 0.695423 0.372384 0.697143 0.371643 0.697595 0.371349 0.697623 0.371330 0.698933 0.369985 0.699627 0.368240 0.702731 0.360251 0.702656 0.354762 0.702515 0.350588 0.701772 0.348863 0.700427 0.347554 0.696552 0.345892 0.691452 0.343862 0.682907 0.343946 0.681030 0.343972 0.679305 0.344714 0.678870 0.345092 0.677564 0.346434 0.676871 0.348174 0.674661 0.355474
0 0.165391 0.468744 0.166828 0.474042 0.168399 0.478548 0.169546 0.480034 0.171175 0.480968 0.173038 0.481207 0.180389 0.481817 0.181122 0.481858 0.189797 0.480157 0.191605 0.479667 0.193087 0.478522 0.194019 0.476897 0.194257 0.475039 0.194164 0.466895 0.193162 0.459075 0.192672 0.457267 0.191527 0.455784 0.189902 0.454853 0.189192 0.454749 0.189147 0.454743 0.187285 0.454503 0.178464 0.453746 0.171281 0.455601 0.169469 0.456093 0.167983 0.457240 0.167049 0.458869 0.166091 0.463300
0 0.835481 0.412920 0.836433 0.418313 0.837610 0.422635 0.838622 0.424222 0.840163 0.425301 0.842001 0.425708 0.849209 0.427254 0.858073 0.426055 0.859926 0.425728 0.860806 0.425546 0.862397 0.424532 0.863479 0.422987 0.863886 0.421145 0.864377 0.413328 0.864234 0.405034 0.863906 0.403176 0.862892 0.401586 0.861347 0.400504 0.859505 0.400096 0.850618 0.398961 0.843394 0.399748 0.841536 0.400076 0.840752 0.400305 0.840703 0.400320 0.839116 0.401331 0.838037 0.402873 0.836664 0.407574
0 0.144375 0.394425 0.144399 0.396302 0.145139 0.398028 0.147824 0.400667 0.151755 0.404499 0.159934 0.408080 0.161678 0.408777 0.161726 0.408790 0.162499 0.408998 0.164372 0.408974 0.166094 0.408236 0.167401 0.406894 0.171971 0.400598 0.176122 0.393477 0.176817 0.391737 0.176793 0.389864 0.176054 0.388143 0.174713 0.386836 0.167851 0.381180 0.161295 0.378115 0.159556 0.377420 0.158776 0.377139 0.158727 0.377122 0.156849 0.377146 0.155124 0.377886 0.151458 0.381106 0.147626 0.385037 0.145590 0.390135
0 0.286845 0.276872 0.286976 0.278762 0.289068 0.287218 0.291051 0.294328 0.291856 0.296013 0.293214 0.297239 0.294919 0.297818 0.296065 0.298129 0.297853 0.297973 0.306605 0.297208 0.311285 0.294684 0.314266 0.292646 0.315446 0.291197 0.316015 0.289389 0.316370 0.285208 0.315994 0.279702 0.313644 0.274793 0.310998 0.270225 0.309636 0.269003 0.308518 0.268621 0.306806 0.268047 0.305007 0.268211 0.298424 0.269687 0.290186 0.272738 0.288582 0.273612 0.287409 0.275063
0 0.465525 0.596181 0.465730 0.598048 0.466919 0.606302 0.470555 0.613346 0.471458 0.614992 0.472923 0.616167 0.474726 0.616693 0.476592 0.616488 0.484568 0.615487 0.491890 0.611662 0.493536 0.610759 0.494712 0.609295 0.495237 0.607492 0.495238 0.607477 0.495249 0.607231 0.495044 0.605369 0.493767 0.597614 0.490231 0.590108 0.489330 0.588465 0.487869 0.587293 0.486070 0.586769 0.484208 0.586973 0.476159 0.588451 0.468947 0.591787 0.467305 0.592688 0.466133 0.594149 0.466055 0.594365 0.466050 0.594379
0 0.566680 0.390546 0.566949 0.392400 0.567907 0.394010 0.569407 0.395131 0.576297 0.399415 0.583850 0.402021 0.585666 0.402483 0.587520 0.402214 0.589129 0.401256 0.589346 0.401016 0.590470 0.399511 0.595227 0.392544 0.597377 0.385033 0.597840 0.383214 0.597570 0.381355 0.596610 0.379741 0.595106 0.378618 0.588588 0.373789 0.580628 0.371711 0.578808 0.371248 0.576950 0.371517 0.575336 0.372477 0.574212 0.373982 0.569833 0.380429 0.569673 0.380703 0.567142 0.388731
0 0.078467 0.453371 0.078674 0.455237 0.080220 0.458902 0.082867 0.463711 0.087152 0.467141 0.091373 0.470330 0.093177 0.470853 0.094165 0.470923 0.096027 0.470717 0.097668 0.469814 0.103599 0.465497 0.109912 0.459511 0.111082 0.458049 0.111604 0.456250 0.111398 0.454388 0.110494 0.452747 0.105303 0.445720 0.100192 0.440502 0.098729 0.439332 0.096930 0.438810 0.095949 0.438661 0.094083 0.438868 0.089383 0.441241 0.084574 0.443889 0.081144 0.448174 0.078990 0.451567
0 0.336824 0.916682 0.338201 0.921816 0.339885 0.927041 0.343440 0.931223 0.346422 0.933914 0.348093 0.934771 0.349965 0.934922 0.353796 0.934170 0.359021 0.932486 0.363203 0.928931 0.367196 0.925325 0.368053 0.923654 0.368072 0.923593 0.368373 0.922625 0.368525 0.920758 0.367950 0.918975 0.364777 0.912403 0.360164 0.904995 0.358950 0.903568 0.357283 0.902714 0.355416 0.902562 0.353634 0.903137 0.345685 0.906970 0.339654 0.910923 0.338226 0.912136 0.337372 0.913803 0.336999 0.914751 0.336976 0.914811
0 0.927645 0.146945 0.927680 0.152157 0.928453 0.157578 0.931241 0.162291 0.934196 0.165595 0.935701 0.166725 0.937524 0.167193 0.940924 0.166940 0.946345 0.166167 0.954554 0.161599 0.956174 0.160641 0.957290 0.159811 0.958422 0.158302 0.958891 0.156475 0.958625 0.154608 0.953284 0.139404 0.952324 0.137780 0.950815 0.136648 0.948988 0.136179 0.947120 0.136445 0.938046 0.138858 0.931916 0.141786 0.930292 0.142746 0.929242 0.143618 0.928113 0.145123
0 0.043400 0.588324 0.043755 0.590176 0.046771 0.597858 0.049811 0.605110 0.050847 0.606687 0.052408 0.607746 0.054255 0.608128 0.056108 0.607774 0.065093 0.605607 0.066089 0.605365 0.072088 0.601469 0.073661 0.600436 0.074718 0.598879 0.075099 0.597036 0.074849 0.592464 0.073821 0.587086 0.070812 0.582510 0.067670 0.578718 0.066113 0.577661 0.064270 0.577280 0.064208 0.577291 0.063205 0.577469 0.061352 0.577823 0.054520 0.579537 0.046418 0.583879 0.044842 0.584916 0.043782 0.586476
0 0.826259 0.708247 0.827807 0.709097 0.837129 0.713042 0.838006 0.713293 0.839235 0.713542 0.840069 0.713668 0.841170 0.713807 0.841974 0.713890 0.843063 0.713934 0.843730 0.713878 0.854546 0.712478 0.855088 0.711890 0.855437 0.708672 0.855406 0.706145 0.853741 0.704059 0.853177 0.703776 0.851953 0.703442 0.850255 0.703109 0.848340 0.702827 0.832016 0.700778 0.830177 0.700589 0.828680 0.700521 0.827750 0.700583 0.827532 0.700768 0.826607 0.705038
0 0.540604 0.730327 0.540679 0.732207 0.540684 0.732240 0.540778 0.732775 0.541568 0.734488 0.545217 0.741127 0.551043 0.747524 0.552428 0.748804 0.554198 0.749456 0.556083 0.749382 0.557796 0.748592 0.564866 0.744235 0.570832 0.739118 0.572112 0.737732 0.572764 0.735962 0.572690 0.734077 0.572513 0.733506 0.571724 0.731798 0.567818 0.724072 0.562273 0.718794 0.560891 0.717516 0.559125 0.716866 0.557245 0.716940 0.553187 0.718677 0.548215 0.720971 0.544498 0.724992 0.541255 0.728561
0 0.166582 0.581808 0.166949 0.583659 0.167995 0.585228 0.169563 0.586277 0.177330 0.590262 0.184446 0.592456 0.186296 0.592826 0.188147 0.592459 0.188863 0.592247 0.188908 0.592233 0.190473 0.591189 0.193367 0.587026 0.196412 0.582475 0.197485 0.577105 0.198052 0.572933 0.197686 0.571087 0.196642 0.569522 0.193383 0.567178 0.188832 0.564132 0.180231 0.562311 0.178386 0.561942 0.177599 0.562094 0.175749 0.562461 0.174180 0.563507 0.173130 0.565075 0.169733 0.571877 0.166952 0.579958
0 0.852223 0.519962 0.853166 0.524081 0.854851 0.529292 0.858401 0.533461 0.861856 0.537223 0.863531 0.538080 0.864421 0.538173 0.866301 0.538324 0.868096 0.537743 0.874804 0.534787 0.882168 0.529890 0.883604 0.528667 0.884463 0.526987 0.884614 0.525107 0.884033 0.523312 0.880232 0.515649 0.876180 0.509240 0.874957 0.507804 0.873277 0.506945 0.871397 0.506794 0.870491 0.506778 0.868700 0.507357 0.860267 0.510198 0.856097 0.513748 0.853230 0.516411 0.852373 0.518086
0 0.359766 0.388860 0.360339 0.390657 0.361557 0.392097 0.367429 0.398313 0.367733 0.398546 0.374467 0.402379 0.376139 0.403242 0.378014 0.403399 0.379807 0.402827 0.381244 0.401613 0.387455 0.396316 0.391262 0.389040 0.392125 0.387368 0.392283 0.385493 0.391711 0.383700 0.390496 0.382263 0.385225 0.376594 0.384961 0.376311 0.377625 0.371932 0.375949 0.371067 0.374069 0.370909 0.372272 0.371483 0.370831 0.372700 0.365194 0.378546 0.360788 0.385304 0.359923 0.386980
0 0.466842 0.422395 0.467445 0.424182 0.470484 0.431937 0.470552 0.432093 0.475534 0.438305 0.476772 0.439723 0.478458 0.440558 0.480336 0.440685 0.482119 0.440084 0.489712 0.437268 0.496057 0.432074 0.497474 0.430836 0.498310 0.429150 0.498437 0.427273 0.498437 0.427262 0.498433 0.427095 0.497830 0.425308 0.494876 0.417920 0.489801 0.411335 0.488560 0.409914 0.486870 0.409077 0.484988 0.408949 0.483200 0.409552 0.475671 0.412732 0.469228 0.417582 0.467807 0.418822 0.466970 0.420513
0 0.316659 0.794478 0.317217 0.796270 0.318420 0.797713 0.322177 0.800152 0.327038 0.802703 0.332505 0.803200 0.337337 0.803296 0.339130 0.802737 0.340573 0.801535 0.340596 0.801492 0.340960 0.800803 0.341830 0.799144 0.344869 0.792520 0.346360 0.783796 0.346529 0.781930 0.345972 0.780142 0.344773 0.778703 0.343114 0.777833 0.335380 0.775085 0.327766 0.773303 0.325901 0.773134 0.324112 0.773691 0.322673 0.774890 0.322267 0.775520 0.322242 0.775559 0.321369 0.777222 0.317527 0.785228 0.316829 0.792608
0 0.561189 0.506857 0.561222 0.508738 0.561973 0.510464 0.563327 0.511771 0.569276 0.517094 0.576847 0.520467 0.578598 0.521156 0.578791 0.521208 0.580677 0.521175 0.582406 0.520423 0.583717 0.519066 0.588874 0.512911 0.592434 0.505512 0.593125 0.503756 0.593092 0.501870 0.592340 0.500141 0.590983 0.498830 0.584652 0.493471 0.577429 0.490113 0.575674 0.489422 0.573788 0.489455 0.573618 0.489479 0.573608 0.489481 0.571882 0.490231 0.570575 0.491585 0.565063 0.497698 0.561879 0.505106
0 0.531838 0.194178 0.532527 0.195929 0.533834 0.197284 0.538037 0.199422 0.543057 0.201608 0.548533 0.201707 0.553148 0.201488 0.554899 0.200799 0.556254 0.199493 0.557005 0.197768 0.559756 0.190880 0.559893 0.190170 0.560572 0.181282 0.560606 0.179396 0.559916 0.177641 0.558606 0.176283 0.556877 0.175530 0.549141 0.173434 0.541130 0.172102 0.539244 0.172068 0.537489 0.172758 0.536131 0.174068 0.535378 0.175797 0.532404 0.184186 0.532330 0.184910 0.531872 0.192296
0 0.246406 0.226858 0.246692 0.228714 0.247666 0.230319 0.247702 0.230358 0.248279 0.230974 0.249790 0.232081 0.255942 0.235908 0.264294 0.238842 0.266113 0.239287 0.267965 0.239002 0.269566 0.238030 0.270673 0.236520 0.274594 0.229117 0.277434 0.222015 0.277879 0.220196 0.277594 0.218345 0.276622 0.216743 0.276110 0.216094 0.276078 0.216054 0.274564 0.214944 0.267269 0.209800 0.261937 0.208495 0.258200 0.207720 0.256345 0.208006 0.254739 0.208980 0.251819 0.212179 0.248574 0.216607 0.247270 0.221939
0 0.436110 0.798732 0.436806 0.800485 0.438120 0.801839 0.439851 0.802587 0.447604 0.804714 0.455608 0.805968 0.457494 0.805996 0.459247 0.805300 0.460601 0.803987 0.461349 0.802255 0.464308 0.793911 0.464390 0.793238 0.464816 0.785799 0.464844 0.783918 0.464150 0.782169 0.462840 0.780818 0.458640 0.778743 0.453612 0.776572 0.448137 0.776489 0.443512 0.776671 0.441763 0.777366 0.440413 0.778676 0.439667 0.780404 0.436947 0.787350 0.436802 0.788010 0.436139 0.796846
0 0.792475 0.721582 0.792685 0.723452 0.793595 0.725100 0.797174 0.731489 0.803961 0.737387 0.805432 0.738561 0.806179 0.739144 0.807991 0.739667 0.809866 0.739457 0.811517 0.738545 0.817678 0.733701 0.823834 0.728153 0.825011 0.726679 0.825534 0.724867 0.825324 0.722992 0.824412 0.721341 0.819359 0.713879 0.814020 0.709024 0.812546 0.707847 0.811783 0.707339 0.809975 0.706818 0.808105 0.707028 0.803644 0.709066 0.798851 0.711713 0.795434 0.715992 0.792997 0.719774
0 0.810799 0.894827 0.810855 0.896699 0.811623 0.898408 0.812336 0.899321 0.812381 0.899378 0.813748 0.900666 0.820642 0.906874 0.825774 0.908824 0.829099 0.909846 0.830976 0.909790 0.832689 0.909020 0.836267 0.906411 0.840032 0.902416 0.841982 0.897285 0.843157 0.892303 0.843101 0.890426 0.842331 0.888713 0.842282 0.888657 0.841500 0.887769 0.840137 0.886484 0.834805 0.882149 0.826573 0.877992 0.824822 0.877326 0.822950 0.877382 0.821241 0.878150 0.819957 0.879513 0.815460 0.886596 0.811465 0.893076
0 0.140364 0.148582 0.140695 0.150439 0.141712 0.152028 0.147288 0.159507 0.148096 0.160287 0.153727 0.164466 0.155271 0.165542 0.157109 0.165946 0.158962 0.165615 0.163327 0.163631 0.167939 0.160679 0.171071 0.156187 0.173212 0.151916 0.173615 0.150078 0.173285 0.148226 0.172270 0.146641 0.168330 0.140835 0.167569 0.140011 0.160300 0.134159 0.158753 0.133080 0.156910 0.132676 0.155053 0.133007 0.153464 0.134024 0.141847 0.145192 0.140768 0.146740
0 0.119243 0.824490 0.119464 0.826354 0.121130 0.830853 0.123812 0.835643 0.128122 0.839042 0.132272 0.841355 0.134079 0.841865 0.135944 0.841644 0.137582 0.840727 0.143646 0.837207 0.144463 0.836434 0.150632 0.829508 0.151792 0.828037 0.152300 0.826235 0.152081 0.824374 0.151166 0.822740 0.146023 0.816645 0.140774 0.810571 0.139304 0.809411 0.137501 0.808902 0.135641 0.809122 0.134006 0.810037 0.126234 0.815085 0.125376 0.815809 0.120916 0.821208 0.119753 0.822683
0 0.085233 0.791521 0.085642 0.793354 0.087601 0.797498 0.090757 0.801989 0.095391 0.804931 0.099913 0.806970 0.101763 0.807293 0.103595 0.806884 0.105132 0.805804 0.105188 0.805761 0.106091 0.805062 0.111539 0.800832 0.117138 0.793484 0.118142 0.791903 0.118464 0.790057 0.118056 0.788229 0.116979 0.786697 0.111074 0.780987 0.105401 0.775650 0.103820 0.774646 0.101975 0.774324 0.100147 0.774732 0.099231 0.775361 0.099173 0.775401 0.097637 0.776480 0.090291 0.782099 0.087348 0.786733 0.085556 0.789671
0 0.880545 0.793465 0.881244 0.795203 0.882554 0.796542 0.883486 0.797264 0.885213 0.798000 0.893717 0.801516 0.899206 0.801574 0.902790 0.801315 0.904532 0.800615 0.905873 0.799301 0.908222 0.795686 0.910375 0.790637 0.910433 0.785148 0.909925 0.779997 0.909224 0.778255 0.907911 0.776913 0.906920 0.776241 0.905197 0.775506 0.898581 0.773351 0.889536 0.772219 0.887663 0.772199 0.885925 0.772897 0.884586 0.774208 0.883851 0.775931 0.881961 0.784205 0.880565 0.791592
0 0.452477 0.377691 0.453062 0.379475 0.455850 0.386794 0.455951 0.387054 0.461031 0.393710 0.462251 0.395131 0.463922 0.395977 0.465790 0.396120 0.467570 0.395536 0.475069 0.392393 0.481512 0.387682 0.482933 0.386462 0.483779 0.384790 0.483921 0.382923 0.483885 0.382655 0.483882 0.382638 0.483297 0.380854 0.480364 0.372984 0.475424 0.366877 0.474201 0.365453 0.472526 0.364604 0.470653 0.364462 0.468869 0.365047 0.461202 0.367632 0.454893 0.372920 0.453468 0.374143 0.452620 0.375818
0 0.147699 0.319125 0.147983 0.320990 0.148958 0.322605 0.150477 0.323723 0.158096 0.328657 0.158879 0.329049 0.165885 0.330977 0.167712 0.331428 0.169573 0.331146 0.171183 0.330173 0.174296 0.326709 0.177543 0.322299 0.178856 0.316983 0.179574 0.312275 0.179291 0.310414 0.178319 0.308804 0.176803 0.307688 0.170793 0.303635 0.170037 0.303184 0.161421 0.300377 0.159590 0.299925 0.157725 0.300208 0.156110 0.301183 0.154992 0.302702 0.151330 0.309950 0.148152 0.317294
0 0.517254 0.497024 0.517351 0.498904 0.518160 0.500603 0.519557 0.501863 0.525786 0.506997 0.533367 0.510092 0.533372 0.510094 0.535145 0.510724 0.535226 0.510748 0.537110 0.510651 0.538813 0.509840 0.540076 0.508439 0.545129 0.502131 0.548326 0.494596 0.548957 0.492818 0.548860 0.490934 0.548049 0.489231 0.546648 0.487968 0.540246 0.482847 0.532805 0.479718 0.531027 0.479087 0.529143 0.479184 0.527440 0.479995 0.527377 0.480041 0.527373 0.480044 0.526113 0.481442 0.520914 0.487757 0.517883 0.495251
0 0.300896 0.919974 0.301082 0.921851 0.301973 0.923514 0.303432 0.924709 0.310435 0.928521 0.317650 0.932295 0.319455 0.932842 0.321332 0.932655 0.322995 0.931765 0.324191 0.930306 0.329467 0.922732 0.329858 0.921763 0.332187 0.915073 0.332732 0.913272 0.332547 0.911399 0.331658 0.909740 0.328319 0.906246 0.324083 0.902775 0.318842 0.901189 0.314219 0.900435 0.312346 0.900621 0.310687 0.901509 0.309494 0.902965 0.305094 0.908550 0.304647 0.909489 0.301442 0.918168
0 0.038260 0.911422 0.038623 0.916667 0.039900 0.922005 0.043122 0.926450 0.046500 0.929343 0.048100 0.930326 0.049954 0.930621 0.053220 0.930187 0.058559 0.928910 0.066355 0.923484 0.067875 0.922382 0.068925 0.921356 0.069905 0.919760 0.070200 0.917910 0.069765 0.916088 0.063080 0.901549 0.061980 0.900032 0.060384 0.899052 0.058534 0.898757 0.056712 0.899193 0.047843 0.902422 0.042173 0.905877 0.040656 0.906977 0.039604 0.907909 0.039538 0.907968 0.038556 0.909568
0 0.857621 0.426992 0.857647 0.434880 0.858333 0.442978 0.858780 0.444798 0.859889 0.446307 0.861492 0.447277 0.863343 0.447560 0.872294 0.448277 0.873149 0.448159 0.880253 0.446718 0.882077 0.446270 0.883590 0.445159 0.884562 0.443552 0.885747 0.438904 0.886577 0.433478 0.885267 0.428147 0.883684 0.423847 0.882572 0.422334 0.880966 0.421362 0.879110 0.421078 0.871896 0.420050 0.863085 0.421792 0.863033 0.421803 0.862203 0.421982 0.860383 0.422429 0.858874 0.423538 0.857904 0.425140
0 0.286261 0.030448 0.286660 0.032292 0.289274 0.041287 0.289757 0.042338 0.293579 0.048181 0.294650 0.049728 0.296232 0.050747 0.298084 0.051084 0.302865 0.050785 0.308217 0.049627 0.312719 0.046510 0.316218 0.043216 0.317237 0.041634 0.317573 0.039783 0.317175 0.037944 0.315506 0.031167 0.315082 0.030090 0.310314 0.022030 0.309240 0.020479 0.307655 0.019457 0.305799 0.019120 0.303955 0.019519 0.289171 0.025933 0.287620 0.027007 0.286599 0.028592
0 0.909826 0.560082 0.910452 0.561847 0.911707 0.563238 0.918422 0.569149 0.924538 0.572800 0.926229 0.573605 0.927206 0.573774 0.927267 0.573784 0.929142 0.573881 0.930912 0.573252 0.934994 0.570112 0.939070 0.566435 0.941429 0.561478 0.942699 0.557437 0.942795 0.555562 0.942167 0.553792 0.939874 0.550824 0.936197 0.546748 0.928047 0.542812 0.926352 0.542006 0.926291 0.541999 0.925316 0.541903 0.923445 0.541807 0.921680 0.542434 0.920290 0.543689 0.915555 0.549507 0.910727 0.556520 0.909922 0.558211
0 0.348226 0.417810 0.348674 0.419642 0.351345 0.427634 0.355480 0.434250 0.356594 0.435772 0.358207 0.436751 0.358553 0.436905 0.360413 0.437192 0.362241 0.436745 0.370333 0.434594 0.376813 0.429957 0.378331 0.428845 0.379307 0.427236 0.379594 0.425376 0.379147 0.423548 0.377128 0.415946 0.372359 0.408976 0.371247 0.407458 0.370932 0.407232 0.369319 0.406253 0.367455 0.405965 0.365623 0.406413 0.358155 0.408943 0.351015 0.413219 0.349493 0.414333 0.348514 0.415946
0 0.165299 0.246433 0.165458 0.253902 0.165773 0.255762 0.166775 0.257359 0.167541 0.257917 0.169075 0.259007 0.169123 0.259041 0.170957 0.259461 0.179693 0.261444 0.185092 0.260530 0.188881 0.259607 0.190475 0.258606 0.191565 0.257072 0.192901 0.253155 0.194122 0.247817 0.193209 0.242418 0.192131 0.237314 0.191130 0.235720 0.191086 0.235682 0.190375 0.235073 0.188837 0.233981 0.186998 0.233560 0.179762 0.232775 0.170890 0.233099 0.169030 0.233414 0.167432 0.234417 0.166340 0.235954 0.165919 0.237793
0 0.258438 0.283127 0.258941 0.284940 0.265885 0.299196 0.266977 0.300657 0.268494 0.301544 0.269916 0.301727 0.270005 0.301738 0.271712 0.301915 0.276950 0.300387 0.281738 0.298755 0.285610 0.295220 0.287640 0.292405 0.288452 0.290719 0.288619 0.288822 0.288456 0.284795 0.286987 0.279500 0.283791 0.275245 0.280038 0.271251 0.278515 0.270371 0.277018 0.270103 0.275300 0.269937 0.273650 0.270512 0.268171 0.273617 0.260721 0.278331 0.259401 0.279551 0.258600 0.281235
