0 0.555554 0.575819 0.555666 0.577689 0.556667 0.585942 0.559715 0.593171 0.560533 0.594856 0.560680 0.595087 0.562085 0.596333 0.563859 0.596947 0.565733 0.596836 0.573967 0.596190 0.581253 0.592777 0.582942 0.591956 0.584188 0.590552 0.584803 0.588778 0.584691 0.586903 0.584018 0.579020 0.580632 0.571384 0.579812 0.569695 0.578407 0.568448 0.578217 0.568282 0.576447 0.567670 0.574577 0.567781 0.566694 0.568811 0.559095 0.571830 0.557410 0.572648 0.556167 0.574049
0 0.901895 0.937629 0.903540 0.942852 0.905454 0.948288 0.906664 0.949730 0.907658 0.950830 0.909331 0.951701 0.911211 0.951866 0.918328 0.951089 0.927230 0.950116 0.929030 0.949549 0.930475 0.948337 0.931346 0.946664 0.931511 0.944785 0.930784 0.935578 0.929761 0.928765 0.929194 0.926966 0.927982 0.925521 0.926938 0.924482 0.925269 0.923613 0.919777 0.922632 0.914322 0.922153 0.909099 0.923798 0.905619 0.925760 0.904177 0.926969 0.903308 0.928638 0.902373 0.932174
0 0.277314 0.271656 0.277451 0.273537 0.278298 0.275223 0.282827 0.282853 0.283325 0.283351 0.288718 0.288453 0.290142 0.289683 0.291928 0.290275 0.293805 0.290138 0.298128 0.288255 0.303021 0.285797 0.306601 0.281654 0.309399 0.277990 0.309990 0.276204 0.309854 0.274327 0.309009 0.272646 0.305467 0.266101 0.305020 0.265564 0.298638 0.259377 0.297211 0.258143 0.295420 0.257550 0.293539 0.257687 0.291853 0.258534 0.285279 0.263112 0.279140 0.268438 0.277907 0.269865
0 0.128156 0.536881 0.128298 0.538762 0.130200 0.546734 0.132622 0.554287 0.133473 0.555970 0.134903 0.557200 0.136695 0.557789 0.138576 0.557647 0.147525 0.556511 0.148333 0.556381 0.154945 0.553193 0.156624 0.552344 0.157851 0.550917 0.158438 0.549129 0.158499 0.544557 0.158087 0.539096 0.155617 0.534209 0.153134 0.530087 0.151707 0.528860 0.149920 0.528273 0.148043 0.528415 0.147993 0.528419 0.147182 0.528484 0.139977 0.529410 0.131658 0.532808 0.129975 0.533659 0.128745 0.535089
0 0.931936 0.720045 0.932259 0.723445 0.934137 0.727363 0.935589 0.728284 0.939082 0.728957 0.946754 0.730415 0.947994 0.730495 0.949414 0.730473 0.950797 0.730354 0.951931 0.730156 0.960099 0.727897 0.962960 0.726900 0.963651 0.725865 0.965030 0.723351 0.965011 0.723148 0.964703 0.719912 0.964162 0.719605 0.956529 0.717342 0.955321 0.717128 0.953615 0.717032 0.951669 0.717069 0.949778 0.717233 0.934762 0.719105 0.933200 0.719372 0.932208 0.719702
0 0.829906 0.331985 0.830918 0.337367 0.832133 0.341499 0.833162 0.343074 0.834715 0.344136 0.838433 0.345041 0.843792 0.346166 0.852632 0.344691 0.854481 0.344343 0.854532 0.344321 0.855348 0.343962 0.856928 0.342931 0.857992 0.341373 0.858379 0.339527 0.858795 0.331894 0.858548 0.323413 0.858199 0.321559 0.857168 0.319980 0.855610 0.318915 0.853764 0.318528 0.844876 0.317681 0.837650 0.318359 0.835796 0.318708 0.835025 0.319124 0.834977 0.319150 0.833401 0.320180 0.832339 0.321733 0.831030 0.326626
0 0.778656 0.901279 0.779145 0.903096 0.779185 0.903154 0.779828 0.904082 0.780977 0.905578 0.785545 0.910790 0.793103 0.916193 0.794737 0.917135 0.796607 0.917379 0.798429 0.916889 0.799925 0.915740 0.810540 0.903614 0.811481 0.901980 0.811726 0.900110 0.811236 0.898288 0.810086 0.896792 0.809330 0.895824 0.803380 0.888730 0.798635 0.885996 0.795604 0.884296 0.793738 0.884052 0.791921 0.884540 0.787917 0.886707 0.783576 0.890045 0.780842 0.894790 0.778900 0.899413
0 0.261031 0.366125 0.261739 0.367873 0.263062 0.369217 0.263641 0.369537 0.265373 0.370270 0.273520 0.373372 0.281115 0.373530 0.282997 0.373545 0.284741 0.372839 0.286082 0.371519 0.287973 0.367518 0.290108 0.362475 0.290152 0.356999 0.290091 0.352162 0.289384 0.350418 0.288064 0.349077 0.288034 0.349055 0.287546 0.348708 0.285809 0.347972 0.278705 0.345533 0.270028 0.344705 0.268142 0.344690 0.266394 0.345398 0.265049 0.346721 0.264314 0.348458 0.262078 0.356454 0.261046 0.364238
0 0.427755 0.927778 0.427884 0.929651 0.428656 0.938713 0.431098 0.943629 0.432914 0.946816 0.434329 0.948050 0.436109 0.948649 0.440438 0.948987 0.445914 0.948612 0.450831 0.946171 0.455147 0.943491 0.456381 0.942075 0.456980 0.940295 0.457084 0.939226 0.456956 0.937357 0.455915 0.930366 0.452771 0.921912 0.451938 0.920234 0.450526 0.919003 0.448751 0.918406 0.446882 0.918534 0.438697 0.920489 0.431437 0.922719 0.429759 0.923552 0.428528 0.924964 0.427931 0.926739
0 0.604314 0.199471 0.604344 0.201353 0.606248 0.206015 0.608425 0.211039 0.612359 0.214849 0.615590 0.217609 0.617340 0.218301 0.619222 0.218271 0.622926 0.216774 0.627951 0.214597 0.634169 0.208377 0.635478 0.207025 0.635809 0.206308 0.636503 0.204554 0.636473 0.202668 0.635723 0.200937 0.631810 0.194370 0.626554 0.187684 0.625199 0.186372 0.623445 0.185678 0.621559 0.185708 0.619828 0.186459 0.612239 0.190805 0.606575 0.195627 0.605263 0.196982 0.604569 0.198736
0 0.414224 0.841912 0.414515 0.843776 0.416358 0.850899 0.420062 0.858907 0.421044 0.860517 0.422568 0.861629 0.424401 0.862073 0.426265 0.861782 0.434407 0.859265 0.441395 0.856236 0.443006 0.855253 0.444118 0.853729 0.444562 0.851896 0.444697 0.851038 0.444407 0.849178 0.442904 0.840435 0.440052 0.835760 0.437894 0.832478 0.436374 0.831369 0.434545 0.830926 0.430307 0.831242 0.424897 0.832088 0.420222 0.834939 0.415986 0.837729 0.414877 0.839249 0.414864 0.839298 0.414669 0.840079
0 0.592145 0.180043 0.592907 0.185306 0.593287 0.186911 0.593786 0.188641 0.594838 0.189929 0.596403 0.190707 0.601339 0.192339 0.606704 0.192772 0.612054 0.191301 0.616114 0.188792 0.617665 0.187709 0.618689 0.186214 0.619543 0.183803 0.620535 0.178929 0.618807 0.170286 0.618416 0.168693 0.617974 0.166918 0.616909 0.165640 0.615335 0.164873 0.613491 0.164734 0.597514 0.166343 0.595687 0.166851 0.594146 0.167928 0.593123 0.169410 0.592775 0.171075
0 0.670694 0.842652 0.671403 0.844395 0.671822 0.845237 0.673148 0.846579 0.674886 0.847312 0.682090 0.849263 0.690671 0.850555 0.692558 0.850567 0.694305 0.849856 0.695647 0.848531 0.696380 0.846793 0.698699 0.838316 0.699623 0.831007 0.699635 0.829121 0.698924 0.827374 0.698439 0.826575 0.697117 0.825236 0.692368 0.823096 0.687322 0.820969 0.681846 0.820934 0.677754 0.821258 0.676011 0.821967 0.674672 0.823289 0.672877 0.826846 0.670750 0.831892 0.670716 0.837367
0 0.541214 0.530740 0.541459 0.532597 0.542396 0.534219 0.542499 0.534302 0.543989 0.535445 0.550767 0.540162 0.558377 0.542537 0.560191 0.543022 0.562053 0.542777 0.563679 0.541838 0.564821 0.540348 0.569606 0.533763 0.571913 0.525959 0.572399 0.524145 0.572153 0.522284 0.571214 0.520658 0.569724 0.519515 0.563206 0.514924 0.555336 0.512423 0.553522 0.511938 0.553514 0.511936 0.553392 0.511909 0.551535 0.512154 0.549913 0.513090 0.548773 0.514577 0.544267 0.521275 0.541698 0.528930
0 0.410900 0.426628 0.411401 0.428446 0.412560 0.429935 0.412773 0.430106 0.414410 0.431035 0.421839 0.434859 0.429668 0.436096 0.431535 0.436328 0.433349 0.435829 0.434834 0.434673 0.435764 0.433036 0.439577 0.425957 0.440824 0.417778 0.441057 0.415911 0.440557 0.414096 0.440412 0.413886 0.439253 0.412398 0.437613 0.411466 0.430515 0.408008 0.422317 0.406393 0.420445 0.406160 0.418626 0.406661 0.417138 0.407820 0.416206 0.409460 0.412736 0.416931 0.411133 0.424756
0 0.925095 0.961653 0.926951 0.966804 0.929099 0.972251 0.930149 0.973407 0.931419 0.974801 0.933126 0.975604 0.935011 0.975692 0.950946 0.973290 0.952720 0.972650 0.954115 0.971380 0.954917 0.969673 0.955006 0.967789 0.953889 0.958519 0.952603 0.951854 0.951964 0.950079 0.950694 0.948684 0.949594 0.947589 0.947891 0.946789 0.942350 0.945939 0.936880 0.945683 0.931728 0.947540 0.928345 0.949735 0.926954 0.951002 0.926153 0.952705 0.925350 0.956183
0 0.152491 0.801331 0.153677 0.806691 0.155068 0.810467 0.156144 0.812005 0.157728 0.813015 0.161452 0.814139 0.166858 0.815094 0.172218 0.813908 0.177448 0.812591 0.178986 0.811515 0.179766 0.810758 0.180773 0.809179 0.181099 0.807334 0.181353 0.800037 0.180755 0.791335 0.180350 0.789506 0.179276 0.787972 0.177697 0.786965 0.175852 0.786639 0.167018 0.786306 0.159854 0.786983 0.158025 0.787387 0.156490 0.788461 0.155703 0.789122 0.155654 0.789164 0.154644 0.790747 0.153445 0.795925
0 0.435733 0.187358 0.436069 0.189215 0.436225 0.189973 0.438192 0.198585 0.442118 0.204930 0.443136 0.206512 0.444682 0.207585 0.446521 0.207984 0.451005 0.207473 0.456393 0.206498 0.460999 0.203535 0.464912 0.200738 0.465985 0.199191 0.466384 0.197352 0.466302 0.196612 0.465966 0.194756 0.464224 0.187580 0.460058 0.179762 0.459038 0.178176 0.457488 0.177101 0.455644 0.176701 0.453788 0.177037 0.445980 0.179650 0.438795 0.182944 0.437208 0.183965 0.436133 0.185515
0 0.018374 0.926459 0.020334 0.931587 0.022682 0.934940 0.023973 0.936304 0.025687 0.937070 0.029119 0.937813 0.034606 0.937964 0.039733 0.936004 0.045131 0.933757 0.046495 0.932466 0.047596 0.931416 0.048361 0.929705 0.048412 0.927833 0.045724 0.912058 0.045055 0.910308 0.043767 0.908948 0.042057 0.908184 0.040185 0.908132 0.030956 0.909287 0.024410 0.910820 0.022661 0.911489 0.021498 0.912491 0.020134 0.913782 0.019368 0.915496 0.018525 0.920972
0 0.462528 0.248753 0.462605 0.250629 0.463236 0.258153 0.463320 0.258707 0.466456 0.266788 0.467243 0.268488 0.468621 0.269758 0.470379 0.270403 0.472251 0.270326 0.480262 0.269052 0.487805 0.266566 0.489505 0.265779 0.490774 0.264401 0.491420 0.262643 0.491399 0.262065 0.491322 0.260189 0.490585 0.251541 0.487552 0.244597 0.486763 0.242893 0.485382 0.241621 0.483620 0.240973 0.479089 0.240948 0.473604 0.241173 0.468623 0.243479 0.464447 0.245609 0.463175 0.246990
0 0.415550 0.518506 0.415797 0.520376 0.416741 0.522009 0.421342 0.528791 0.427373 0.534120 0.428871 0.535267 0.430693 0.535754 0.432563 0.535507 0.432728 0.535421 0.434357 0.534479 0.441327 0.530013 0.446437 0.523873 0.447582 0.522379 0.448068 0.520561 0.447822 0.518696 0.446880 0.517067 0.442615 0.510207 0.436274 0.504986 0.434780 0.503841 0.432962 0.503355 0.432798 0.503363 0.430928 0.503611 0.429295 0.504555 0.422632 0.508941 0.417185 0.515187 0.416037 0.516684
0 0.195201 0.319432 0.196030 0.323280 0.197438 0.328586 0.202740 0.335652 0.203879 0.337144 0.205503 0.338087 0.205545 0.338111 0.206218 0.338481 0.208075 0.338730 0.209885 0.338250 0.216911 0.335408 0.224256 0.331209 0.225745 0.330073 0.226685 0.328453 0.226935 0.326597 0.226455 0.324786 0.223340 0.316628 0.219414 0.310416 0.218277 0.308927 0.217632 0.308489 0.217592 0.308462 0.215968 0.307519 0.214107 0.307269 0.209188 0.308355 0.203882 0.309762 0.199518 0.313093 0.196394 0.315947 0.195451 0.317571
0 0.555703 0.051582 0.555815 0.053451 0.556634 0.055136 0.558035 0.056379 0.559805 0.056991 0.567733 0.058197 0.575658 0.059171 0.577528 0.059060 0.579213 0.058241 0.580456 0.056839 0.581068 0.055069 0.583550 0.046204 0.583742 0.045162 0.583450 0.038094 0.583338 0.036220 0.582518 0.034531 0.581113 0.033285 0.576909 0.031102 0.571721 0.029308 0.566241 0.029635 0.561572 0.030598 0.559883 0.031419 0.558637 0.032823 0.558024 0.034598 0.555868 0.041329 0.555739 0.042380
0 0.538133 0.490915 0.538149 0.492797 0.538883 0.494529 0.542308 0.501850 0.547922 0.507823 0.549263 0.509143 0.551007 0.509849 0.551132 0.509873 0.553018 0.509858 0.554755 0.509122 0.561947 0.505577 0.568082 0.500061 0.569405 0.498716 0.570112 0.496967 0.570097 0.495081 0.569361 0.493344 0.565669 0.486036 0.560300 0.480018 0.558956 0.478695 0.557207 0.477987 0.555321 0.478002 0.555186 0.478056 0.553453 0.478790 0.546023 0.482353 0.540159 0.487829 0.538839 0.489170
0 0.424224 0.632984 0.424582 0.641439 0.424797 0.643313 0.425713 0.644962 0.427190 0.646135 0.429003 0.646654 0.437088 0.648157 0.445064 0.647976 0.446938 0.647761 0.448587 0.646846 0.449761 0.645369 0.449876 0.645035 0.449883 0.645014 0.450400 0.643204 0.452371 0.634983 0.451719 0.627183 0.451505 0.625313 0.450592 0.623668 0.449118 0.622498 0.447309 0.621981 0.439536 0.619844 0.431287 0.620662 0.429418 0.620876 0.427773 0.621789 0.426602 0.623263 0.426423 0.623564 0.425904 0.625378
0 0.751193 0.929573 0.751475 0.931425 0.752087 0.932476 0.753057 0.934083 0.757501 0.937445 0.761922 0.940699 0.767251 0.942015 0.770918 0.942454 0.772774 0.942172 0.774382 0.941201 0.777377 0.938352 0.780631 0.933931 0.781946 0.928602 0.782753 0.923341 0.782470 0.921485 0.781499 0.919877 0.781459 0.919817 0.780816 0.918858 0.779307 0.917747 0.773235 0.914271 0.764818 0.910955 0.762999 0.910507 0.761147 0.910788 0.759544 0.911756 0.758433 0.913265 0.754569 0.921023 0.751642 0.927755
0 0.491357 0.069669 0.491358 0.069730 0.491378 0.070714 0.491524 0.072581 0.492518 0.079587 0.495859 0.087985 0.496709 0.089655 0.498133 0.090872 0.499914 0.091452 0.501781 0.091306 0.509832 0.089296 0.517185 0.086970 0.518855 0.086120 0.520072 0.084697 0.520652 0.082916 0.520702 0.081900 0.520555 0.080028 0.519585 0.070998 0.517096 0.066106 0.515358 0.062913 0.513931 0.061693 0.512145 0.061112 0.507704 0.060840 0.502232 0.061268 0.497339 0.063757 0.493158 0.066456 0.491938 0.067883
0 0.718777 0.762897 0.719099 0.764742 0.720104 0.766323 0.720640 0.766972 0.722176 0.768051 0.729553 0.773017 0.734910 0.774213 0.738682 0.774941 0.740532 0.774618 0.742117 0.773611 0.744951 0.770325 0.748106 0.765833 0.749302 0.760475 0.750086 0.755568 0.749763 0.753718 0.748756 0.752133 0.748721 0.752097 0.748152 0.751521 0.746619 0.750445 0.740369 0.746713 0.731981 0.743979 0.730153 0.743571 0.728308 0.743894 0.726727 0.744898 0.725650 0.746431 0.721859 0.753881 0.719185 0.761069
0 0.698767 0.357854 0.698829 0.365607 0.700314 0.373781 0.700855 0.375574 0.702042 0.377024 0.703693 0.377909 0.705557 0.378095 0.714156 0.378220 0.721484 0.376548 0.723277 0.376007 0.723789 0.375723 0.723821 0.375705 0.725274 0.374515 0.726161 0.372861 0.726746 0.368040 0.727291 0.362578 0.725704 0.357323 0.724254 0.353229 0.723065 0.351776 0.721410 0.350888 0.717390 0.350481 0.711928 0.349936 0.703576 0.352252 0.701778 0.352795 0.701749 0.352816 0.701288 0.353153 0.699838 0.354339 0.698953 0.355990
0 0.490309 0.665519 0.490924 0.667293 0.492171 0.668697 0.497834 0.674899 0.504960 0.678381 0.506649 0.679201 0.508524 0.679311 0.510298 0.678696 0.511701 0.677449 0.517543 0.672176 0.521385 0.664661 0.522205 0.662972 0.522316 0.661097 0.522313 0.661074 0.522262 0.660706 0.521649 0.658936 0.520404 0.657536 0.514786 0.652118 0.507647 0.647875 0.505962 0.647057 0.504092 0.646947 0.502322 0.647560 0.500922 0.648804 0.495123 0.654835 0.491261 0.661562 0.490443 0.663247
0 0.321365 0.373320 0.322122 0.381069 0.322487 0.382920 0.323532 0.384490 0.325098 0.385541 0.325525 0.385821 0.327370 0.386191 0.335783 0.387669 0.343446 0.386219 0.345292 0.385856 0.346859 0.384813 0.347907 0.383250 0.348765 0.379029 0.349842 0.373660 0.348306 0.365330 0.347942 0.363483 0.346899 0.361917 0.346877 0.361897 0.346525 0.361579 0.344958 0.360528 0.343109 0.360157 0.335456 0.359278 0.326994 0.360128 0.325143 0.360493 0.323573 0.361538 0.322522 0.363105 0.322151 0.364954
0 0.591586 0.824499 0.591599 0.824546 0.591810 0.825293 0.592414 0.827080 0.593656 0.828500 0.595347 0.829337 0.602562 0.831788 0.610907 0.833529 0.612789 0.833655 0.614576 0.833051 0.615996 0.831809 0.616833 0.830118 0.619803 0.821865 0.621025 0.814558 0.621151 0.812676 0.620547 0.810889 0.620253 0.810130 0.619014 0.808713 0.614536 0.806354 0.609628 0.803926 0.604164 0.803560 0.599927 0.803572 0.598145 0.804174 0.596728 0.805413 0.594855 0.808918 0.592426 0.813826 0.591712 0.822622
0 0.892886 0.338847 0.893027 0.340723 0.894500 0.344932 0.896971 0.349819 0.901123 0.353389 0.905215 0.356286 0.907003 0.356873 0.908879 0.356731 0.908938 0.356711 0.909879 0.356381 0.911563 0.355530 0.917630 0.351876 0.924250 0.345594 0.925480 0.344163 0.926068 0.342371 0.925927 0.340490 0.925076 0.338807 0.920032 0.332128 0.915140 0.326119 0.913709 0.324889 0.911917 0.324301 0.910036 0.324443 0.909035 0.324871 0.907356 0.325720 0.899367 0.330117 0.895797 0.334269 0.893473 0.337059
0 0.217414 0.190770 0.217906 0.192582 0.219053 0.194069 0.219735 0.194812 0.221360 0.195743 0.227902 0.198699 0.236529 0.200843 0.238387 0.201082 0.240195 0.200592 0.241677 0.199447 0.242609 0.197822 0.245679 0.189867 0.247708 0.182654 0.247947 0.180796 0.247457 0.178988 0.246312 0.177505 0.245695 0.176720 0.244066 0.175786 0.236242 0.171337 0.230798 0.170636 0.226998 0.170435 0.225186 0.170926 0.223699 0.172074 0.221155 0.175427 0.218424 0.180189 0.217724 0.185633
0 0.853382 0.152302 0.854013 0.154065 0.855270 0.155454 0.856964 0.156255 0.865320 0.158535 0.872486 0.160146 0.874357 0.160238 0.876120 0.159607 0.876982 0.158828 0.878374 0.157567 0.878428 0.157518 0.880879 0.152488 0.883226 0.147526 0.883497 0.142043 0.883224 0.138385 0.882592 0.136617 0.881331 0.135225 0.877963 0.132806 0.873001 0.130459 0.867518 0.130188 0.862199 0.130429 0.860430 0.131062 0.859039 0.132322 0.858987 0.132375 0.858167 0.133215 0.857366 0.134909 0.855118 0.141507 0.853474 0.150431
0 0.288726 0.039547 0.289485 0.046468 0.289869 0.048315 0.290381 0.049417 0.291440 0.050973 0.293013 0.052005 0.297982 0.053495 0.303361 0.054518 0.308723 0.053405 0.312780 0.051839 0.314335 0.050780 0.315368 0.049207 0.316254 0.045746 0.317277 0.040366 0.315584 0.031283 0.315202 0.029441 0.314750 0.028290 0.313688 0.026730 0.312111 0.025695 0.310258 0.025343 0.302673 0.025363 0.294144 0.025478 0.292296 0.025862 0.290737 0.026923 0.289702 0.028500 0.289350 0.030353
0 0.605117 0.711637 0.606124 0.720215 0.606390 0.722078 0.606405 0.722110 0.606650 0.722621 0.607611 0.724244 0.609120 0.725377 0.610947 0.725845 0.618637 0.726936 0.627038 0.726723 0.628906 0.726457 0.630529 0.725496 0.631661 0.723987 0.632129 0.722159 0.633449 0.713657 0.633008 0.706068 0.632741 0.704201 0.631780 0.702578 0.631459 0.702083 0.629953 0.700954 0.628130 0.700487 0.619895 0.698389 0.614474 0.699163 0.610216 0.699876 0.608597 0.700835 0.607467 0.702340 0.607000 0.704163
0 0.769643 0.371153 0.769952 0.373009 0.772042 0.376916 0.774940 0.381562 0.779395 0.384746 0.783484 0.387418 0.785317 0.387842 0.787173 0.387533 0.787215 0.387517 0.787876 0.387258 0.789476 0.386260 0.795454 0.381914 0.801223 0.375228 0.802320 0.373693 0.802746 0.371855 0.802436 0.369995 0.801438 0.368394 0.796078 0.362031 0.790405 0.356647 0.788871 0.355550 0.787033 0.355125 0.785172 0.355434 0.784517 0.355766 0.784476 0.355787 0.782880 0.356783 0.775562 0.361724 0.771162 0.367788 0.770068 0.369319
0 0.566469 0.060493 0.566749 0.066206 0.569038 0.071270 0.571386 0.075921 0.572738 0.077172 0.572789 0.077192 0.573603 0.077509 0.575321 0.078091 0.577143 0.077912 0.584086 0.076409 0.592235 0.073172 0.593881 0.072262 0.595107 0.070757 0.595728 0.068886 0.595647 0.066931 0.594012 0.058215 0.591925 0.050761 0.591148 0.049003 0.589796 0.047728 0.588073 0.047131 0.587171 0.046859 0.585344 0.047032 0.576646 0.047924 0.571824 0.050589 0.568506 0.052688 0.567278 0.054206 0.566666 0.056094
0 0.198653 0.878773 0.198992 0.884252 0.201402 0.889184 0.203717 0.892507 0.205124 0.893750 0.206900 0.894360 0.210707 0.894603 0.216186 0.894263 0.221118 0.891854 0.225971 0.889325 0.227214 0.887918 0.227877 0.886976 0.228486 0.885204 0.228370 0.883335 0.226824 0.876206 0.224285 0.867862 0.223463 0.866179 0.222059 0.864939 0.220288 0.864330 0.218418 0.864446 0.209670 0.866217 0.202946 0.868531 0.201263 0.869353 0.200023 0.870757 0.199292 0.871660 0.198682 0.873435
