0 0.854113 0.350112 0.854653 0.351915 0.855841 0.353374 0.859170 0.355509 0.863990 0.358108 0.869437 0.358666 0.874735 0.359184 0.876538 0.358644 0.876592 0.358624 0.877459 0.358298 0.878921 0.357107 0.879817 0.355447 0.882405 0.348471 0.884553 0.340044 0.884745 0.338167 0.884204 0.336360 0.883013 0.334897 0.881353 0.334002 0.873094 0.330892 0.865950 0.329265 0.864073 0.329073 0.862266 0.329614 0.861382 0.330030 0.859923 0.331218 0.857299 0.335749 0.854700 0.340569 0.854142 0.346017
0 0.422404 0.589128 0.422986 0.590914 0.424206 0.592341 0.425879 0.593193 0.433120 0.596746 0.441320 0.597540 0.443192 0.597687 0.444978 0.597106 0.446405 0.595885 0.446413 0.595872 0.446535 0.595653 0.447384 0.593983 0.450588 0.586818 0.451721 0.578580 0.451868 0.576712 0.451288 0.574931 0.450071 0.573507 0.448401 0.572658 0.440882 0.569503 0.432998 0.568321 0.431130 0.568175 0.429349 0.568754 0.427925 0.569971 0.427760 0.570132 0.427750 0.570142 0.426899 0.571815 0.423391 0.579392 0.422551 0.587256
0 0.688197 0.156570 0.689401 0.165323 0.689872 0.167136 0.691001 0.168630 0.692616 0.169580 0.694471 0.169838 0.703021 0.169772 0.710447 0.168913 0.712260 0.168442 0.713754 0.167313 0.714275 0.166503 0.715226 0.164884 0.715485 0.163024 0.716719 0.154155 0.715339 0.148842 0.714086 0.145193 0.712954 0.143694 0.711335 0.142743 0.707298 0.141681 0.701861 0.140924 0.696548 0.142303 0.691644 0.143883 0.690145 0.145015 0.689194 0.146634 0.689167 0.146684 0.688735 0.147492 0.688476 0.149347
0 0.215059 0.662988 0.215403 0.664842 0.216431 0.666424 0.221871 0.672615 0.227681 0.677962 0.229236 0.679030 0.231081 0.679422 0.232936 0.679077 0.234518 0.678049 0.235165 0.677615 0.242354 0.672471 0.246676 0.666392 0.247741 0.664841 0.248131 0.663000 0.247788 0.661150 0.245590 0.657216 0.242605 0.652625 0.238091 0.649525 0.233989 0.646997 0.232148 0.646606 0.230298 0.646950 0.230259 0.646971 0.229638 0.647309 0.228056 0.648338 0.222123 0.652723 0.216518 0.659587 0.215450 0.661142
0 0.278893 0.128045 0.279128 0.129917 0.280060 0.131557 0.280565 0.132403 0.280597 0.132456 0.282083 0.133611 0.289213 0.139118 0.294493 0.140569 0.298270 0.141311 0.300137 0.141077 0.301773 0.140146 0.304686 0.137181 0.308047 0.132858 0.309498 0.127578 0.310628 0.122474 0.310394 0.120607 0.309930 0.119679 0.308997 0.118039 0.307508 0.116881 0.301331 0.113137 0.293100 0.109662 0.291281 0.109162 0.289409 0.109397 0.287770 0.110329 0.286612 0.111819 0.282454 0.119412 0.279393 0.126226
0 0.353566 0.919823 0.353893 0.921681 0.354908 0.923271 0.359951 0.928877 0.366055 0.934909 0.367600 0.935991 0.369442 0.936398 0.371300 0.936070 0.372890 0.935056 0.379839 0.929305 0.384528 0.923909 0.385610 0.922363 0.385889 0.921333 0.386295 0.919495 0.385968 0.917642 0.383485 0.913096 0.380541 0.908479 0.376055 0.905339 0.372295 0.903367 0.370457 0.902961 0.368604 0.903288 0.365316 0.905108 0.360699 0.908052 0.355408 0.915420 0.354329 0.916961 0.354308 0.917021 0.353973 0.917981
0 0.051267 0.328626 0.051321 0.337105 0.051597 0.344738 0.052003 0.346580 0.053083 0.348127 0.054672 0.349143 0.055759 0.349511 0.057612 0.349840 0.066668 0.351222 0.072016 0.350045 0.075522 0.349106 0.077065 0.348029 0.078078 0.346443 0.079454 0.342295 0.080412 0.336904 0.079234 0.331556 0.077673 0.326680 0.076596 0.325137 0.075010 0.324124 0.073971 0.323694 0.072113 0.323364 0.065096 0.322754 0.056002 0.323694 0.054159 0.324100 0.052613 0.325180 0.051597 0.326769
0 0.431894 0.845920 0.432451 0.847722 0.435381 0.854517 0.440121 0.861895 0.441325 0.863348 0.442993 0.864228 0.444871 0.864404 0.446674 0.863847 0.454447 0.860194 0.460847 0.856177 0.462299 0.854973 0.463179 0.853305 0.463264 0.852493 0.463269 0.852443 0.463444 0.850569 0.462888 0.848771 0.460215 0.840347 0.456720 0.836131 0.454037 0.833184 0.452373 0.832306 0.450499 0.832131 0.446425 0.833066 0.441193 0.834683 0.436978 0.838178 0.433114 0.841538 0.432236 0.843202 0.432226 0.843252 0.432070 0.844042
0 0.067352 0.553027 0.067415 0.557328 0.067918 0.559137 0.069075 0.560616 0.072203 0.562640 0.076982 0.565340 0.085946 0.566556 0.087810 0.566784 0.088811 0.566622 0.090616 0.566120 0.092091 0.564966 0.093013 0.563335 0.095673 0.556247 0.098017 0.548136 0.098245 0.546276 0.097743 0.544472 0.096589 0.542996 0.094958 0.542075 0.086730 0.538526 0.079759 0.537071 0.077899 0.536843 0.076932 0.536927 0.076872 0.536933 0.075063 0.537435 0.073583 0.538592 0.070719 0.542799 0.068019 0.547578
0 0.191114 0.363386 0.191332 0.367505 0.191995 0.372954 0.194693 0.377735 0.197270 0.382125 0.198748 0.383283 0.199480 0.383566 0.201285 0.384069 0.203144 0.383842 0.210417 0.382199 0.218347 0.378848 0.219978 0.377928 0.221133 0.376453 0.221636 0.374649 0.221410 0.372789 0.219371 0.364484 0.216416 0.357586 0.215495 0.355955 0.214020 0.354800 0.213324 0.354446 0.211515 0.353942 0.206419 0.354534 0.200970 0.355198 0.196189 0.357895 0.192776 0.360098 0.191618 0.361577
0 0.844061 0.223466 0.844488 0.230893 0.845630 0.239391 0.846173 0.241184 0.847362 0.242632 0.849013 0.243515 0.850878 0.243698 0.859832 0.243486 0.866803 0.242130 0.868595 0.241587 0.869493 0.240957 0.870944 0.239766 0.871829 0.238110 0.872742 0.232980 0.873280 0.227517 0.871687 0.222264 0.869896 0.218481 0.868705 0.217029 0.867049 0.216144 0.863364 0.215433 0.857901 0.214895 0.852648 0.216488 0.847420 0.218077 0.847370 0.218117 0.846575 0.218762 0.845128 0.219950 0.844245 0.221602
0 0.526619 0.101921 0.527161 0.103714 0.528347 0.105163 0.529998 0.106049 0.537392 0.108579 0.545305 0.110715 0.547168 0.110901 0.548962 0.110360 0.550411 0.109173 0.551296 0.107522 0.554911 0.099246 0.555962 0.092216 0.556091 0.091281 0.556099 0.091223 0.556286 0.089354 0.555743 0.087557 0.554554 0.086104 0.550520 0.083360 0.545682 0.080766 0.540220 0.080220 0.535686 0.080352 0.533889 0.080895 0.532435 0.082084 0.530717 0.085283 0.528123 0.090121 0.526871 0.099083 0.526684 0.100951 0.526680 0.101008
0 0.463441 0.240839 0.463523 0.242724 0.464346 0.251446 0.464428 0.252016 0.467423 0.258969 0.468217 0.260675 0.469604 0.261947 0.471371 0.262592 0.475918 0.262558 0.481389 0.262323 0.486353 0.260012 0.490575 0.257906 0.491847 0.256519 0.492492 0.254751 0.492491 0.254716 0.492473 0.254152 0.492392 0.252267 0.491677 0.244777 0.488572 0.236611 0.487776 0.234901 0.486386 0.233626 0.484614 0.232979 0.482729 0.233061 0.474677 0.234446 0.467073 0.236881 0.465363 0.237677 0.464088 0.239067
0 0.588179 0.478018 0.588820 0.479778 0.590086 0.481159 0.596063 0.486825 0.602993 0.490618 0.604691 0.491410 0.606562 0.491491 0.606822 0.491470 0.608586 0.490828 0.609970 0.489559 0.615948 0.483764 0.619453 0.476621 0.620246 0.474919 0.620327 0.473043 0.619685 0.471278 0.618416 0.469894 0.612917 0.464100 0.605478 0.460412 0.603776 0.459618 0.601900 0.459537 0.600136 0.460179 0.599892 0.460276 0.598512 0.461542 0.593040 0.467206 0.589052 0.474449 0.588260 0.476146
0 0.918026 0.364202 0.919071 0.368563 0.921073 0.373660 0.924872 0.377603 0.928701 0.380838 0.930426 0.381591 0.932308 0.381626 0.932370 0.381609 0.933365 0.381336 0.935121 0.380646 0.941475 0.377611 0.948684 0.371943 0.950042 0.370634 0.950796 0.368905 0.950831 0.367019 0.950142 0.365264 0.945717 0.358176 0.941439 0.351701 0.940130 0.350342 0.938401 0.349588 0.936515 0.349553 0.935449 0.349920 0.933698 0.350608 0.925305 0.354269 0.921362 0.358068 0.918813 0.360596 0.918061 0.362320
0 0.936505 0.724265 0.937018 0.732903 0.937800 0.740215 0.938313 0.742017 0.939477 0.743485 0.941113 0.744396 0.942187 0.744991 0.947729 0.745690 0.953182 0.746321 0.958462 0.744818 0.961847 0.743394 0.963319 0.742228 0.964232 0.740588 0.965435 0.736613 0.966066 0.731160 0.964563 0.725881 0.962636 0.720928 0.961469 0.719456 0.959829 0.718543 0.959763 0.718511 0.958712 0.718012 0.956851 0.717796 0.949872 0.717777 0.940901 0.719092 0.939099 0.719605 0.937632 0.720768 0.936720 0.722405
0 0.221599 0.469837 0.222129 0.471648 0.225454 0.479401 0.229580 0.485937 0.230762 0.487407 0.232416 0.488313 0.234291 0.488517 0.234902 0.488544 0.234940 0.488545 0.236746 0.488017 0.245016 0.485403 0.249285 0.481973 0.252467 0.479405 0.253371 0.477755 0.253574 0.475884 0.252507 0.471726 0.250971 0.466470 0.247541 0.462202 0.244435 0.458357 0.242784 0.457453 0.242155 0.457349 0.240280 0.457145 0.238469 0.457674 0.231423 0.460425 0.224180 0.465126 0.222710 0.466307 0.221804 0.467962
0 0.761252 0.810263 0.761957 0.811998 0.762557 0.812713 0.762595 0.812758 0.763914 0.814095 0.770496 0.820327 0.775553 0.822462 0.778919 0.823829 0.780797 0.823842 0.782536 0.823136 0.786128 0.820435 0.790036 0.816580 0.792172 0.811523 0.793608 0.806811 0.793621 0.804934 0.792914 0.803194 0.792203 0.802457 0.790887 0.801124 0.785633 0.796360 0.777644 0.792142 0.775918 0.791413 0.774045 0.791400 0.772310 0.792105 0.770976 0.793420 0.766138 0.800098 0.761994 0.806664 0.761265 0.808390
0 0.476025 0.607295 0.476296 0.609162 0.477261 0.610783 0.478773 0.611911 0.485562 0.616184 0.493321 0.618844 0.495149 0.619307 0.497016 0.619036 0.498637 0.618071 0.499765 0.616559 0.504312 0.609537 0.506697 0.602011 0.507161 0.600183 0.507145 0.599953 0.507144 0.599939 0.506873 0.598076 0.505910 0.596459 0.504402 0.595334 0.497670 0.590580 0.489890 0.588418 0.488066 0.587956 0.486204 0.588226 0.484587 0.589189 0.483462 0.590697 0.478964 0.597211 0.476546 0.605209 0.476083 0.607033
0 0.021808 0.560775 0.021873 0.562660 0.022655 0.564376 0.027536 0.571448 0.032068 0.577457 0.033447 0.578744 0.035214 0.579405 0.037099 0.579340 0.038228 0.579146 0.039941 0.578366 0.048207 0.574479 0.051943 0.570475 0.054273 0.567600 0.054933 0.565838 0.054867 0.563957 0.053672 0.559874 0.051401 0.554890 0.047398 0.551155 0.043322 0.547912 0.041559 0.547253 0.039679 0.547318 0.038553 0.547434 0.036836 0.548216 0.030738 0.551815 0.023756 0.557629 0.022469 0.559008
0 0.415886 0.338573 0.417630 0.346090 0.418167 0.347898 0.418355 0.348247 0.418367 0.348269 0.419553 0.349730 0.421207 0.350626 0.423079 0.350821 0.431352 0.351618 0.439086 0.349333 0.440889 0.348797 0.442351 0.347611 0.443247 0.345956 0.443441 0.344085 0.444027 0.336345 0.441954 0.328078 0.441417 0.326274 0.441409 0.326249 0.441274 0.325849 0.440085 0.324384 0.438427 0.323486 0.436550 0.323291 0.428590 0.323265 0.420504 0.324782 0.418696 0.325320 0.417232 0.326509 0.416333 0.328167 0.416138 0.330044
0 0.773565 0.415715 0.774012 0.420297 0.774857 0.425707 0.777708 0.430383 0.780365 0.434276 0.781885 0.435385 0.783714 0.435829 0.785573 0.435538 0.792863 0.434057 0.793535 0.433905 0.801403 0.429837 0.803014 0.428855 0.804126 0.427331 0.804571 0.425498 0.804280 0.423634 0.801904 0.415859 0.798736 0.408503 0.797754 0.406892 0.796230 0.405780 0.794397 0.405335 0.792533 0.405626 0.783857 0.407490 0.783207 0.407702 0.776725 0.411387 0.775118 0.412367 0.774009 0.413886
0 0.460889 0.903161 0.460998 0.905036 0.461815 0.906726 0.465354 0.910374 0.469454 0.914024 0.474638 0.915828 0.478822 0.916718 0.480697 0.916609 0.482387 0.915791 0.485059 0.913120 0.488710 0.909021 0.491761 0.900558 0.492378 0.898785 0.492397 0.897816 0.492288 0.895946 0.491473 0.894260 0.490074 0.893014 0.483743 0.888871 0.476276 0.884908 0.474507 0.884293 0.472637 0.884401 0.470951 0.885217 0.469705 0.886616 0.464531 0.893863 0.461600 0.900413 0.460984 0.902182 0.460894 0.903104
0 0.486346 0.570098 0.486989 0.571872 0.488261 0.573264 0.489970 0.574063 0.497512 0.576973 0.505619 0.577912 0.507504 0.577996 0.509277 0.577353 0.510669 0.576080 0.511468 0.574372 0.514531 0.566673 0.515317 0.558723 0.515401 0.556838 0.515364 0.556700 0.514722 0.554931 0.513452 0.553542 0.511748 0.552745 0.504221 0.549540 0.496137 0.548905 0.494257 0.548821 0.492488 0.549463 0.491099 0.550732 0.490302 0.552437 0.487241 0.559817 0.487212 0.559954 0.486430 0.568214
0 0.414114 0.819124 0.414438 0.820983 0.416423 0.828131 0.420254 0.836012 0.421264 0.837605 0.422808 0.838689 0.424649 0.839101 0.426507 0.838776 0.434618 0.836174 0.441536 0.832961 0.443129 0.831951 0.444213 0.830407 0.444625 0.828566 0.444760 0.827765 0.444436 0.825911 0.442792 0.817251 0.439858 0.812627 0.437627 0.809329 0.436088 0.808247 0.434251 0.807837 0.430034 0.808284 0.424639 0.809226 0.420016 0.812160 0.415816 0.814970 0.414734 0.816509 0.414526 0.817284
0 0.581428 0.429561 0.581948 0.431370 0.584367 0.439206 0.589317 0.445657 0.590489 0.447129 0.592135 0.448041 0.594005 0.448253 0.595814 0.447733 0.603273 0.445246 0.603510 0.445120 0.610371 0.440218 0.611846 0.439043 0.612760 0.437393 0.612972 0.435519 0.612451 0.433706 0.609564 0.426171 0.605065 0.419383 0.603890 0.417907 0.602239 0.416994 0.600365 0.416781 0.598552 0.417302 0.590615 0.420117 0.584229 0.424689 0.582754 0.425864 0.582564 0.426034 0.582552 0.426045 0.581640 0.427691
0 0.484607 0.850650 0.484893 0.852514 0.485872 0.854127 0.490448 0.860003 0.496759 0.866008 0.498280 0.867124 0.500112 0.867572 0.501977 0.867285 0.503590 0.866306 0.510322 0.860871 0.515471 0.855420 0.516587 0.853898 0.517035 0.852066 0.516996 0.851257 0.516993 0.851207 0.516707 0.849347 0.515731 0.847738 0.511164 0.840216 0.506748 0.836978 0.503353 0.834773 0.501525 0.834326 0.499665 0.834612 0.496017 0.836509 0.491336 0.839350 0.488097 0.843766 0.485091 0.847966 0.484644 0.849794
0 0.332874 0.211617 0.333500 0.213397 0.333906 0.214096 0.335163 0.215497 0.341236 0.221921 0.346174 0.224288 0.349723 0.225952 0.351602 0.226054 0.353377 0.225429 0.356807 0.222766 0.360883 0.219110 0.363250 0.214172 0.365233 0.209613 0.365335 0.207734 0.364710 0.205959 0.364691 0.205917 0.364380 0.205240 0.363120 0.203836 0.357746 0.198772 0.350225 0.194170 0.348524 0.193354 0.346641 0.193252 0.344861 0.193878 0.343457 0.195138 0.338053 0.201590 0.333791 0.208033 0.332976 0.209734
0 0.044990 0.792389 0.045157 0.794259 0.046027 0.795924 0.048693 0.799202 0.052905 0.802723 0.058143 0.804365 0.063336 0.805382 0.065206 0.805215 0.066871 0.804345 0.067922 0.803606 0.069124 0.802169 0.072977 0.796443 0.076798 0.788126 0.077358 0.786339 0.077191 0.784473 0.076324 0.782813 0.074887 0.781611 0.067390 0.777395 0.060844 0.773938 0.059057 0.773378 0.057191 0.773544 0.055531 0.774412 0.054513 0.775040 0.054449 0.775080 0.053244 0.776520 0.047305 0.783632 0.045663 0.788870
0 0.603786 0.714673 0.604199 0.716500 0.604438 0.716997 0.604453 0.717028 0.605536 0.718561 0.607124 0.719563 0.614443 0.724075 0.619853 0.725005 0.623950 0.725631 0.625782 0.725217 0.627315 0.724133 0.629690 0.720626 0.632619 0.715984 0.634067 0.707570 0.634385 0.705719 0.633971 0.703888 0.633952 0.703859 0.633645 0.703392 0.632565 0.701863 0.630980 0.700863 0.624243 0.697354 0.616041 0.695127 0.614195 0.694810 0.612368 0.695223 0.610838 0.696304 0.609839 0.697888 0.606108 0.705427 0.604103 0.712827
0 0.176555 0.763609 0.176628 0.765493 0.177417 0.767207 0.178802 0.768488 0.185806 0.773064 0.192538 0.776916 0.194307 0.777569 0.196192 0.777496 0.197905 0.776708 0.198643 0.776032 0.199921 0.774651 0.205827 0.767815 0.207726 0.762679 0.208980 0.759184 0.208907 0.757303 0.208120 0.755594 0.205224 0.752233 0.201204 0.748514 0.196068 0.746616 0.191271 0.745257 0.189391 0.745330 0.187682 0.746117 0.187637 0.746152 0.186918 0.746719 0.185637 0.748103 0.181173 0.753718 0.177209 0.761839
0 0.418534 0.299589 0.418692 0.301469 0.419953 0.310011 0.420136 0.310447 0.423333 0.317403 0.424195 0.319075 0.425633 0.320290 0.427425 0.320862 0.432045 0.320514 0.437502 0.320056 0.442369 0.317545 0.446422 0.315400 0.447637 0.313963 0.448210 0.312170 0.448052 0.310295 0.447111 0.302690 0.446990 0.302237 0.443472 0.294343 0.442607 0.292667 0.441166 0.291449 0.439369 0.290875 0.437490 0.291033 0.429584 0.292606 0.422002 0.295487 0.420326 0.296351 0.419108 0.297792
0 0.510891 0.720086 0.510918 0.720625 0.511053 0.722506 0.511898 0.724193 0.513324 0.725427 0.519682 0.729900 0.527331 0.733397 0.529121 0.733992 0.531002 0.733857 0.532689 0.733012 0.533924 0.731586 0.538864 0.724631 0.541893 0.717579 0.542488 0.715789 0.542353 0.713908 0.542250 0.713386 0.541407 0.711703 0.539984 0.710472 0.533517 0.704978 0.528321 0.703250 0.524226 0.701928 0.522349 0.702063 0.520667 0.702906 0.519435 0.704328 0.514379 0.710235 0.511485 0.718301
0 0.534945 0.865086 0.535025 0.865923 0.535030 0.865975 0.535536 0.867784 0.536695 0.869261 0.540901 0.871987 0.545685 0.874679 0.551134 0.875336 0.555441 0.875396 0.557249 0.874890 0.558727 0.873731 0.560739 0.870468 0.563431 0.865685 0.564637 0.856850 0.564862 0.854985 0.564853 0.854934 0.564705 0.854123 0.564200 0.852319 0.563043 0.850846 0.561411 0.849927 0.554312 0.847141 0.546203 0.844949 0.544343 0.844725 0.542539 0.845230 0.541066 0.846386 0.540147 0.848018 0.536606 0.856114 0.535169 0.863227
0 0.834690 0.940340 0.834725 0.947317 0.835009 0.949168 0.835981 0.950770 0.836750 0.951803 0.836799 0.951867 0.838313 0.952978 0.843564 0.954718 0.848896 0.956024 0.854322 0.955191 0.858018 0.953845 0.859624 0.952871 0.860734 0.951357 0.862262 0.947919 0.863568 0.942587 0.862735 0.937161 0.861601 0.931651 0.860627 0.930045 0.859751 0.929001 0.858241 0.927893 0.856421 0.927447 0.849329 0.926934 0.840434 0.926744 0.838583 0.927029 0.836981 0.928000 0.835873 0.929510 0.835428 0.931330
0 0.155185 0.681829 0.156679 0.687111 0.158321 0.691119 0.159485 0.692593 0.161124 0.693509 0.164873 0.694097 0.170325 0.694738 0.178980 0.692456 0.180787 0.691945 0.180833 0.691918 0.181562 0.691479 0.183032 0.690318 0.183946 0.688683 0.184165 0.686823 0.183959 0.679187 0.182896 0.670871 0.182386 0.669068 0.181225 0.667598 0.179590 0.666684 0.177730 0.666466 0.168855 0.666308 0.161778 0.667734 0.159975 0.668244 0.159196 0.668630 0.159148 0.668654 0.157674 0.669818 0.156758 0.671457 0.155826 0.676377
0 0.535393 0.479157 0.536715 0.487174 0.537128 0.489001 0.538209 0.490531 0.539793 0.491531 0.541639 0.491848 0.549790 0.492823 0.549904 0.492806 0.557776 0.491411 0.559608 0.490997 0.561141 0.489914 0.562144 0.488326 0.562462 0.486475 0.563601 0.478377 0.562044 0.470439 0.561630 0.468608 0.560547 0.467074 0.558959 0.466072 0.557108 0.465754 0.549172 0.464679 0.541072 0.466172 0.539241 0.466586 0.539235 0.466590 0.537707 0.467669 0.537616 0.467747 0.536616 0.469331 0.536298 0.471178
0 0.312444 0.107348 0.312860 0.109188 0.313316 0.110142 0.314402 0.111679 0.318838 0.114648 0.323468 0.117572 0.328864 0.118503 0.332852 0.118773 0.334687 0.118359 0.336225 0.117274 0.338679 0.114139 0.341603 0.109510 0.342534 0.104113 0.343319 0.098823 0.342904 0.096988 0.342882 0.096930 0.342520 0.096002 0.341432 0.094461 0.339838 0.093454 0.333159 0.090435 0.324796 0.087670 0.322937 0.087349 0.321097 0.087765 0.319556 0.088853 0.318549 0.090447 0.314981 0.098516 0.312765 0.105489
0 0.192709 0.525216 0.192871 0.527087 0.193737 0.528753 0.196736 0.531428 0.200938 0.534959 0.209232 0.537688 0.211022 0.538255 0.212893 0.538093 0.213590 0.538000 0.215253 0.537136 0.216458 0.535702 0.220685 0.529340 0.224166 0.521679 0.224731 0.519893 0.224569 0.518027 0.223706 0.516365 0.222272 0.515160 0.215146 0.510279 0.208249 0.507451 0.206463 0.506886 0.205790 0.506902 0.205748 0.506903 0.203877 0.507065 0.202211 0.507931 0.198918 0.511652 0.195387 0.515854 0.193731 0.521088
0 0.401729 0.869561 0.402093 0.871412 0.404275 0.878398 0.408224 0.886315 0.409269 0.887886 0.410835 0.888937 0.412684 0.889310 0.414535 0.888946 0.422635 0.886054 0.429438 0.882815 0.431009 0.881771 0.432061 0.880205 0.432433 0.878356 0.432598 0.877432 0.432235 0.875586 0.430452 0.866851 0.427421 0.862291 0.425077 0.859152 0.423515 0.858103 0.421670 0.857731 0.417507 0.858157 0.412134 0.859212 0.407573 0.862243 0.403390 0.865252 0.402341 0.866814 0.402102 0.867711
