0 0.410298 0.929169 0.410687 0.936294 0.410818 0.938167 0.411657 0.939847 0.413074 0.941079 0.417276 0.943157 0.422483 0.944897 0.427959 0.944513 0.432642 0.943563 0.434322 0.942724 0.435553 0.941307 0.436149 0.939526 0.438211 0.932712 0.438352 0.931720 0.438319 0.922583 0.438188 0.920714 0.437351 0.919038 0.435937 0.917810 0.434161 0.917216 0.426195 0.916028 0.418286 0.915201 0.416417 0.915332 0.414741 0.916169 0.413513 0.917583 0.412919 0.919359 0.410503 0.928186
0 0.058801 0.976118 0.058830 0.978004 0.059578 0.979736 0.060932 0.981049 0.074466 0.989798 0.076219 0.990493 0.078106 0.990465 0.079837 0.989716 0.081151 0.988362 0.087549 0.981075 0.088494 0.979973 0.090513 0.974882 0.091593 0.971921 0.091565 0.970039 0.090818 0.968312 0.088257 0.964381 0.084326 0.960568 0.079236 0.958549 0.074218 0.957581 0.072336 0.957610 0.070609 0.958356 0.069299 0.959707 0.069237 0.959773 0.068245 0.960831 0.063923 0.965802 0.059497 0.974365
0 0.086666 0.137345 0.087027 0.144489 0.087432 0.146331 0.088512 0.147878 0.089457 0.148687 0.089516 0.148737 0.091101 0.149751 0.096537 0.150964 0.101929 0.151922 0.107277 0.150746 0.110864 0.149350 0.112407 0.148273 0.113421 0.146688 0.114716 0.142998 0.115675 0.137607 0.114499 0.132259 0.113020 0.126925 0.111943 0.125382 0.110994 0.124465 0.109404 0.123449 0.107547 0.123119 0.100444 0.122996 0.091435 0.123446 0.089593 0.123851 0.088046 0.124931 0.087030 0.126520 0.086700 0.128377
0 0.865494 0.357551 0.865794 0.359409 0.866781 0.361011 0.869815 0.363654 0.874254 0.366860 0.879582 0.368125 0.884754 0.369238 0.886612 0.368939 0.886668 0.368920 0.887558 0.368618 0.889164 0.367629 0.890268 0.366100 0.893758 0.359620 0.896976 0.351447 0.897412 0.349611 0.897112 0.347749 0.896122 0.346143 0.894593 0.345039 0.886823 0.340975 0.879940 0.338331 0.878105 0.337895 0.876242 0.338196 0.875324 0.338590 0.873722 0.339578 0.870541 0.343819 0.867335 0.348258 0.866070 0.353586
0 0.688812 0.603237 0.689143 0.605089 0.689550 0.607364 0.690515 0.612754 0.695007 0.620058 0.696022 0.621642 0.697566 0.622718 0.698049 0.623018 0.699892 0.623422 0.701749 0.623089 0.709180 0.620980 0.716754 0.617212 0.718342 0.616194 0.719420 0.614646 0.719824 0.612804 0.719492 0.610947 0.717147 0.602752 0.713614 0.595942 0.712597 0.594353 0.711049 0.593275 0.710564 0.593061 0.710534 0.593048 0.708696 0.592645 0.706843 0.592976 0.698463 0.594568 0.693852 0.597522 0.690290 0.599855 0.689215 0.601399
0 0.080258 0.421933 0.080748 0.430234 0.081597 0.437992 0.082118 0.439806 0.083293 0.441281 0.084943 0.442195 0.085955 0.442337 0.087825 0.442549 0.096861 0.443213 0.103845 0.441212 0.105654 0.440693 0.107126 0.439521 0.108038 0.437875 0.109062 0.433501 0.109680 0.428060 0.108169 0.422797 0.106395 0.418177 0.105223 0.416704 0.103577 0.415792 0.102607 0.415586 0.100733 0.415374 0.093597 0.415047 0.084673 0.416713 0.082860 0.417234 0.081384 0.418409 0.080470 0.420059
0 0.075455 0.620394 0.076268 0.624832 0.077999 0.630041 0.081591 0.634192 0.085206 0.637540 0.086884 0.638382 0.088757 0.638517 0.090539 0.637925 0.091534 0.637590 0.098106 0.635006 0.105444 0.629679 0.106860 0.628453 0.107700 0.626779 0.107834 0.624911 0.107244 0.623133 0.103368 0.615866 0.099333 0.609223 0.098107 0.607806 0.096433 0.606967 0.094565 0.606832 0.093577 0.607092 0.091795 0.607684 0.083274 0.610857 0.079123 0.614450 0.076432 0.616843 0.075590 0.618521
0 0.416679 0.715467 0.416849 0.717345 0.417725 0.719016 0.422036 0.725493 0.427848 0.731555 0.429296 0.732763 0.431097 0.733325 0.432976 0.733156 0.434646 0.732280 0.441817 0.727602 0.447185 0.722157 0.448394 0.720708 0.448955 0.718908 0.449073 0.718405 0.449080 0.718373 0.448911 0.716499 0.448037 0.714833 0.444054 0.707345 0.439850 0.703837 0.436494 0.701119 0.434698 0.700558 0.432823 0.700728 0.431157 0.701602 0.424319 0.705241 0.418649 0.711700 0.417443 0.713145 0.417431 0.713175 0.417241 0.713666
0 0.898375 0.779467 0.899314 0.782947 0.901126 0.788115 0.907173 0.795084 0.908428 0.796486 0.908487 0.796529 0.909427 0.797212 0.911127 0.798029 0.913011 0.798134 0.914791 0.797510 0.921313 0.793734 0.928666 0.789314 0.930072 0.788056 0.930889 0.786356 0.930994 0.784473 0.930370 0.782693 0.926270 0.774469 0.922174 0.768817 0.920916 0.767411 0.919950 0.766797 0.919889 0.766759 0.918194 0.765943 0.916315 0.765839 0.911240 0.767082 0.906072 0.768894 0.901991 0.772545 0.899295 0.775892 0.898480 0.777588
0 0.655217 0.250222 0.655288 0.252102 0.655620 0.260750 0.657903 0.265727 0.659797 0.269451 0.661177 0.270730 0.662941 0.271385 0.667052 0.271356 0.672524 0.271151 0.680460 0.267590 0.682170 0.266805 0.683450 0.265426 0.683899 0.264852 0.684555 0.263083 0.684484 0.261198 0.683345 0.253682 0.680750 0.245522 0.679964 0.243807 0.678581 0.242524 0.676812 0.241868 0.674927 0.241939 0.666402 0.243258 0.659251 0.245673 0.657536 0.246459 0.656253 0.247842 0.655894 0.248421 0.655872 0.248457
0 0.066219 0.938715 0.066521 0.940578 0.067512 0.942182 0.069042 0.943286 0.070878 0.943720 0.079915 0.944130 0.086983 0.944296 0.088845 0.943995 0.090450 0.943004 0.091449 0.941923 0.092550 0.940397 0.094145 0.934918 0.095404 0.929589 0.094529 0.924183 0.093257 0.920642 0.092268 0.919041 0.090742 0.917940 0.087211 0.916321 0.081881 0.915062 0.076476 0.915937 0.070988 0.917233 0.069387 0.918222 0.069325 0.918282 0.068334 0.919245 0.067230 0.920775 0.066796 0.922611 0.066361 0.929569
0 0.355159 0.103398 0.355216 0.105275 0.355236 0.105332 0.355567 0.106234 0.356336 0.107942 0.359662 0.114217 0.365625 0.120972 0.366989 0.122256 0.368741 0.122920 0.370613 0.122864 0.372321 0.122095 0.379239 0.117498 0.385351 0.112805 0.386635 0.111441 0.387299 0.109690 0.387243 0.107818 0.386968 0.106863 0.386197 0.105151 0.382251 0.096998 0.378254 0.093235 0.375518 0.090801 0.373763 0.090136 0.371886 0.090193 0.367635 0.091455 0.362629 0.093709 0.358867 0.097706 0.355824 0.101642
0 0.151209 0.790354 0.151336 0.792236 0.152174 0.793926 0.153595 0.795167 0.160809 0.799496 0.167568 0.803195 0.169355 0.803798 0.171237 0.803670 0.172927 0.802833 0.173726 0.802094 0.174963 0.800676 0.180746 0.793633 0.182496 0.788444 0.183573 0.784955 0.183446 0.783077 0.182610 0.781391 0.179694 0.778075 0.175569 0.774473 0.170380 0.772723 0.165471 0.771543 0.163594 0.771670 0.161908 0.772506 0.161859 0.772545 0.161081 0.773173 0.159840 0.774594 0.155620 0.780292 0.151812 0.788566
0 0.542423 0.947718 0.542537 0.949596 0.542543 0.949661 0.542641 0.950696 0.543466 0.952392 0.544879 0.953643 0.551102 0.957630 0.558795 0.961769 0.560578 0.962385 0.562461 0.962270 0.564157 0.961445 0.565407 0.960032 0.570342 0.952577 0.573534 0.946116 0.574149 0.944333 0.574035 0.942450 0.573865 0.941434 0.573854 0.941371 0.573031 0.939679 0.569239 0.935974 0.565139 0.932344 0.559963 0.930558 0.555961 0.929711 0.554083 0.929825 0.552391 0.930649 0.549574 0.933286 0.545943 0.937386 0.544157 0.942562
0 0.911608 0.329517 0.911791 0.331381 0.912674 0.333033 0.914121 0.334222 0.915914 0.334766 0.924790 0.336349 0.931839 0.336338 0.933703 0.336155 0.934697 0.335780 0.934759 0.335756 0.936415 0.334871 0.937607 0.333420 0.939554 0.328608 0.941148 0.323355 0.940612 0.317892 0.939545 0.313791 0.938660 0.312135 0.937209 0.310943 0.933783 0.309567 0.928530 0.307972 0.919448 0.308822 0.917580 0.309005 0.916565 0.309469 0.914913 0.310352 0.913725 0.311799 0.913180 0.313592 0.912201 0.321002
0 0.195636 0.476409 0.195724 0.478285 0.196522 0.479984 0.199421 0.482692 0.203479 0.486388 0.211649 0.489530 0.213415 0.490167 0.214111 0.490191 0.215982 0.490104 0.217678 0.489307 0.218939 0.487922 0.223426 0.481645 0.227201 0.474217 0.227836 0.472455 0.227749 0.470584 0.226952 0.468889 0.225567 0.467627 0.218651 0.462377 0.211862 0.459366 0.210100 0.458731 0.209395 0.458630 0.207519 0.458718 0.205819 0.459516 0.202390 0.463018 0.198694 0.467077 0.196831 0.472240
0 0.207833 0.966224 0.208136 0.971705 0.208669 0.975141 0.209483 0.976833 0.210882 0.978086 0.214604 0.980314 0.219784 0.982130 0.225265 0.981827 0.230411 0.980858 0.232103 0.980044 0.233356 0.978645 0.233394 0.978577 0.234003 0.977483 0.234623 0.975715 0.236296 0.969101 0.236872 0.959871 0.236769 0.958001 0.235957 0.956313 0.234562 0.955064 0.232794 0.954444 0.224372 0.953232 0.216951 0.952195 0.215080 0.952298 0.213392 0.953110 0.212143 0.954505 0.211483 0.955547 0.211442 0.955612 0.210820 0.957384
0 0.552377 0.100324 0.554262 0.107340 0.554758 0.109156 0.555910 0.110643 0.557544 0.111577 0.561926 0.112652 0.567359 0.113342 0.572642 0.111900 0.577263 0.110193 0.578750 0.109040 0.579684 0.107406 0.579879 0.106446 0.580116 0.104575 0.580561 0.097437 0.578988 0.088499 0.578491 0.086679 0.577336 0.085188 0.575698 0.084252 0.573827 0.084015 0.565544 0.084390 0.557751 0.085143 0.555931 0.085640 0.554440 0.086795 0.553504 0.088433 0.553381 0.089378 0.553137 0.091304
0 0.934709 0.595202 0.935068 0.600667 0.937490 0.605578 0.940145 0.610037 0.941560 0.611278 0.943342 0.611883 0.943405 0.611899 0.944426 0.612156 0.946309 0.612033 0.953296 0.610843 0.961874 0.607860 0.963566 0.607026 0.964809 0.605607 0.965416 0.603821 0.965292 0.601939 0.963240 0.593614 0.961120 0.586373 0.960286 0.584681 0.958867 0.583438 0.957081 0.582832 0.956031 0.582641 0.955966 0.582630 0.954088 0.582753 0.944990 0.583478 0.940079 0.585900 0.936873 0.587747 0.935632 0.589162 0.935027 0.590944
0 0.842212 0.907982 0.842768 0.913430 0.843629 0.918907 0.844522 0.920564 0.845365 0.921592 0.846828 0.922784 0.848635 0.923325 0.855672 0.924252 0.864678 0.924848 0.866554 0.924657 0.868215 0.923761 0.869406 0.922299 0.869947 0.920492 0.871005 0.911578 0.871470 0.904449 0.871279 0.902572 0.870384 0.900912 0.869533 0.899991 0.869480 0.899934 0.868021 0.898745 0.862755 0.896908 0.857509 0.895337 0.852062 0.895893 0.848343 0.896877 0.846686 0.897770 0.845497 0.899229 0.843783 0.902736
0 0.256986 0.461351 0.257523 0.463151 0.258707 0.464608 0.263572 0.470585 0.271057 0.474845 0.272708 0.475738 0.272741 0.475742 0.273261 0.475797 0.275124 0.475989 0.276919 0.475455 0.278373 0.474273 0.283878 0.468804 0.288585 0.461953 0.289476 0.460306 0.289669 0.458443 0.289134 0.456647 0.287952 0.455194 0.282029 0.449040 0.275632 0.444981 0.273985 0.444090 0.273467 0.443962 0.273434 0.443954 0.271567 0.443761 0.269767 0.444297 0.265979 0.447314 0.261719 0.450776 0.259107 0.455604 0.257180 0.459483
0 0.768860 0.598153 0.769576 0.599893 0.770904 0.601226 0.776271 0.606463 0.784251 0.610186 0.785988 0.610910 0.786029 0.610926 0.786687 0.611181 0.788574 0.611185 0.790318 0.610467 0.791655 0.609136 0.796424 0.602868 0.800637 0.595756 0.801362 0.594015 0.801366 0.592129 0.800648 0.590384 0.799317 0.589048 0.792585 0.583349 0.785937 0.580066 0.784196 0.579340 0.783503 0.579146 0.781621 0.579143 0.779881 0.579859 0.776321 0.583124 0.772441 0.586988 0.770334 0.592043 0.768863 0.596271
0 0.599141 0.290666 0.599506 0.292503 0.600546 0.294061 0.602103 0.295102 0.609300 0.298787 0.616885 0.301232 0.618722 0.301598 0.620559 0.301233 0.622117 0.300193 0.623158 0.298636 0.623441 0.298175 0.627935 0.290719 0.629603 0.283328 0.629970 0.281487 0.629605 0.279645 0.628562 0.278083 0.624892 0.275386 0.620329 0.272334 0.614946 0.271261 0.610342 0.270528 0.608500 0.270893 0.606939 0.271936 0.605895 0.273497 0.601945 0.279941 0.601711 0.280445 0.599508 0.288828
0 0.646228 0.669417 0.646751 0.671225 0.649033 0.678507 0.654141 0.685501 0.655315 0.686971 0.655337 0.686998 0.655695 0.687429 0.657347 0.688340 0.659221 0.688550 0.661034 0.688026 0.668333 0.684943 0.675345 0.680618 0.676819 0.679440 0.677730 0.677789 0.677940 0.675914 0.677416 0.674102 0.674359 0.665984 0.670008 0.659790 0.668830 0.658316 0.668419 0.657930 0.666771 0.657021 0.664901 0.656812 0.660305 0.658072 0.655044 0.659592 0.650766 0.663010 0.647346 0.665899 0.646437 0.667547
0 0.381733 0.756634 0.382660 0.765318 0.383029 0.767168 0.384079 0.768735 0.385648 0.769782 0.387499 0.770148 0.395812 0.770687 0.403614 0.770133 0.405464 0.769763 0.407031 0.768714 0.408078 0.767145 0.408289 0.766531 0.408302 0.766493 0.408667 0.764647 0.410072 0.756020 0.408652 0.748571 0.408284 0.746726 0.407236 0.745162 0.405671 0.744118 0.401397 0.743062 0.396025 0.741999 0.390655 0.743072 0.385904 0.744136 0.384340 0.745184 0.383296 0.746749 0.383279 0.746784 0.383011 0.747353 0.382645 0.749203
0 0.338766 0.058393 0.338789 0.058457 0.339158 0.059466 0.339807 0.061223 0.342585 0.067621 0.348174 0.074863 0.349447 0.076238 0.351148 0.077021 0.353020 0.077094 0.354777 0.076445 0.361889 0.072245 0.368417 0.068077 0.369792 0.066805 0.370575 0.065104 0.370648 0.063232 0.370352 0.062231 0.370333 0.062168 0.369682 0.060407 0.366207 0.051915 0.362479 0.047885 0.360019 0.045355 0.358313 0.044570 0.356437 0.044497 0.352008 0.045376 0.346859 0.047279 0.342830 0.051007 0.339624 0.054811 0.338839 0.056517
0 0.070292 0.582183 0.070430 0.584065 0.071277 0.585750 0.072705 0.586983 0.074495 0.587576 0.083362 0.589548 0.090488 0.589559 0.092369 0.589421 0.093306 0.589216 0.093364 0.589203 0.095045 0.588358 0.096275 0.586934 0.098250 0.582341 0.099971 0.577142 0.099572 0.571681 0.098708 0.567317 0.097863 0.565636 0.096439 0.564406 0.092969 0.563208 0.087770 0.561488 0.078699 0.561837 0.076822 0.561974 0.076761 0.561982 0.075787 0.562125 0.074101 0.562972 0.072868 0.564400 0.072275 0.566191 0.071134 0.573858
0 0.288721 0.348639 0.288965 0.350510 0.289906 0.352144 0.291401 0.353294 0.291880 0.353631 0.291910 0.353652 0.299042 0.358621 0.306320 0.360779 0.308137 0.361268 0.310003 0.361025 0.311634 0.360086 0.314505 0.356604 0.317843 0.352263 0.319267 0.346976 0.320397 0.342368 0.320153 0.340502 0.319214 0.338871 0.319189 0.338848 0.318772 0.338477 0.317277 0.337327 0.311053 0.333080 0.302832 0.330182 0.301011 0.329692 0.299140 0.329936 0.297505 0.330877 0.296355 0.332373 0.292208 0.339452 0.289211 0.346818
0 0.853766 0.713631 0.853772 0.714044 0.854207 0.715016 0.855006 0.716401 0.863003 0.729318 0.864042 0.730904 0.865171 0.732459 0.866220 0.733749 0.867027 0.734578 0.872545 0.739291 0.873002 0.739540 0.875731 0.737774 0.875902 0.737663 0.877304 0.734983 0.877372 0.733841 0.873726 0.723830 0.873421 0.723127 0.873076 0.722524 0.872539 0.721653 0.872084 0.720959 0.871256 0.719828 0.870487 0.718896 0.869895 0.718306 0.861870 0.711466 0.860590 0.710854 0.856633 0.711775
0 0.099141 0.323037 0.099257 0.324919 0.101117 0.333426 0.103363 0.340503 0.104190 0.342198 0.105603 0.343448 0.106566 0.343830 0.108345 0.344442 0.113712 0.344139 0.119177 0.343803 0.124099 0.341402 0.127460 0.339406 0.128706 0.337996 0.129319 0.336217 0.129508 0.332123 0.129173 0.326657 0.126772 0.321735 0.124282 0.317102 0.122873 0.315856 0.122818 0.315829 0.121950 0.315405 0.120166 0.314791 0.118284 0.314907 0.111135 0.316240 0.102700 0.319013 0.101005 0.319840 0.099755 0.321253
0 0.945242 0.204110 0.945909 0.208979 0.947515 0.214215 0.951002 0.218437 0.954613 0.221515 0.956276 0.222397 0.958149 0.222576 0.959948 0.222024 0.966525 0.219918 0.967597 0.219275 0.975262 0.213704 0.976717 0.212503 0.977601 0.210837 0.977780 0.208959 0.977227 0.207155 0.969587 0.192966 0.968386 0.191512 0.966719 0.190628 0.964842 0.190448 0.963038 0.191001 0.954259 0.194504 0.953219 0.195204 0.947754 0.199377 0.946303 0.200575 0.945421 0.202237
0 0.022387 0.937875 0.022837 0.939698 0.024728 0.944112 0.027985 0.948531 0.032684 0.951369 0.037410 0.952990 0.039267 0.953272 0.041090 0.952821 0.042601 0.951708 0.047860 0.947619 0.048896 0.946593 0.054497 0.938788 0.055465 0.937185 0.055746 0.935333 0.055296 0.933514 0.054185 0.932006 0.042363 0.921222 0.040759 0.920254 0.038907 0.919973 0.037089 0.920422 0.035581 0.921533 0.028156 0.927674 0.027072 0.928657 0.024235 0.933356 0.022668 0.936018
0 0.892894 0.115291 0.893569 0.117038 0.894862 0.118394 0.907953 0.127597 0.909666 0.128354 0.911539 0.128398 0.913286 0.127723 0.914293 0.126817 0.915651 0.125520 0.922216 0.118777 0.924436 0.113757 0.925636 0.110680 0.925680 0.108803 0.925003 0.107051 0.922586 0.103149 0.918797 0.099177 0.913776 0.096957 0.908866 0.095708 0.906989 0.095664 0.905238 0.096341 0.903879 0.097637 0.902898 0.098614 0.898282 0.103507 0.893695 0.111706 0.892938 0.113419
0 0.891065 0.273346 0.891448 0.275189 0.893401 0.279209 0.896482 0.283737 0.901060 0.286741 0.905542 0.289048 0.907391 0.289400 0.909233 0.289017 0.909292 0.288987 0.910234 0.288501 0.911794 0.287440 0.917284 0.283072 0.923093 0.275949 0.924127 0.274372 0.924480 0.272519 0.924096 0.270672 0.923035 0.269112 0.917117 0.263180 0.911544 0.257814 0.909967 0.256779 0.908114 0.256426 0.906267 0.256810 0.905334 0.257368 0.905276 0.257403 0.903720 0.258462 0.896315 0.263890 0.893310 0.268468 0.891416 0.271498
0 0.821241 0.534946 0.821485 0.540416 0.822039 0.545034 0.822836 0.546738 0.824225 0.548008 0.825994 0.548650 0.832992 0.550940 0.833757 0.551057 0.842721 0.551206 0.844606 0.551122 0.846314 0.550323 0.847587 0.548931 0.848231 0.547157 0.849788 0.539279 0.850667 0.531228 0.850583 0.529343 0.849784 0.527634 0.848392 0.526361 0.846619 0.525718 0.838010 0.523248 0.837236 0.523195 0.829882 0.523225 0.828002 0.523308 0.826298 0.524105 0.825028 0.525494 0.823109 0.529798
0 0.260961 0.167135 0.261372 0.168976 0.262456 0.170520 0.263035 0.171324 0.264624 0.172332 0.272207 0.177101 0.277601 0.178044 0.281468 0.178462 0.283305 0.178052 0.284845 0.176970 0.287427 0.173705 0.290362 0.169082 0.291306 0.163688 0.291983 0.158537 0.291573 0.156701 0.291543 0.156651 0.291063 0.155861 0.289979 0.154317 0.288387 0.153306 0.281843 0.150125 0.273359 0.147487 0.271501 0.147162 0.269660 0.147573 0.268116 0.148657 0.267105 0.150249 0.263646 0.158163 0.261286 0.165277
0 0.842957 0.942069 0.843690 0.945311 0.845085 0.950607 0.850486 0.958337 0.850536 0.958403 0.851675 0.959901 0.852485 0.960960 0.854114 0.961910 0.855984 0.962164 0.857808 0.961683 0.872291 0.954617 0.873793 0.953475 0.874743 0.951846 0.874997 0.949977 0.874516 0.948153 0.871162 0.939306 0.867450 0.933669 0.866308 0.932168 0.865415 0.931113 0.863789 0.930165 0.861924 0.929912 0.856840 0.930445 0.851545 0.931840 0.847186 0.935155 0.844159 0.938579 0.843211 0.940205
0 0.232120 0.142886 0.232123 0.144773 0.232848 0.146514 0.236976 0.154724 0.237579 0.155515 0.242455 0.160727 0.243788 0.162055 0.245528 0.162772 0.247410 0.162769 0.251997 0.161456 0.257052 0.159351 0.260917 0.155472 0.263826 0.151757 0.264542 0.150017 0.264539 0.148135 0.263816 0.146398 0.260888 0.139878 0.260339 0.139051 0.254261 0.132150 0.252924 0.130819 0.251180 0.130100 0.249294 0.130103 0.247552 0.130829 0.240822 0.135206 0.234170 0.139806 0.232838 0.141142
0 0.674660 0.849919 0.677589 0.858447 0.678258 0.860206 0.678283 0.860258 0.678694 0.861087 0.679989 0.862459 0.681710 0.863231 0.683595 0.863286 0.691274 0.862250 0.699485 0.860602 0.701248 0.859931 0.702620 0.858636 0.703392 0.856915 0.703447 0.855030 0.702801 0.846037 0.700763 0.839140 0.700092 0.837377 0.699604 0.836553 0.698312 0.835185 0.696595 0.834415 0.691634 0.833902 0.686161 0.833743 0.681043 0.835691 0.677104 0.837707 0.675736 0.838998 0.674966 0.840715 0.674818 0.844445
0 0.647162 0.074993 0.648126 0.080293 0.649252 0.085652 0.652342 0.090173 0.654920 0.093174 0.656496 0.094203 0.658345 0.094550 0.662309 0.094178 0.667668 0.093053 0.672189 0.089962 0.676526 0.086793 0.677555 0.085217 0.677989 0.084202 0.678338 0.082348 0.677950 0.080502 0.675470 0.073660 0.671626 0.065680 0.670561 0.064123 0.668982 0.063092 0.667128 0.062743 0.665282 0.063131 0.657012 0.066242 0.650459 0.069455 0.648902 0.070520 0.647871 0.072099 0.647531 0.073082 0.647510 0.073143
