0 0.091698 0.150931 0.091911 0.152805 0.092825 0.154455 0.093818 0.155299 0.095291 0.156471 0.100651 0.158131 0.105914 0.159642 0.111355 0.159024 0.114989 0.158115 0.116635 0.157203 0.117807 0.155731 0.119556 0.152087 0.121067 0.146824 0.120449 0.141383 0.119452 0.136033 0.118540 0.134386 0.117607 0.133492 0.116131 0.132317 0.114318 0.131797 0.107349 0.130825 0.098259 0.130456 0.096384 0.130669 0.094734 0.131583 0.093559 0.133058 0.093039 0.134872 0.092162 0.143672
0 0.799017 0.362463 0.799144 0.364341 0.799979 0.366027 0.802935 0.369006 0.807059 0.372609 0.812247 0.374360 0.817116 0.375879 0.818994 0.375753 0.819774 0.375449 0.821464 0.374612 0.822705 0.373191 0.826969 0.367133 0.830737 0.359220 0.831341 0.357433 0.831214 0.355551 0.830377 0.353860 0.828956 0.352619 0.821786 0.347928 0.814985 0.344587 0.813198 0.343984 0.811316 0.344111 0.809625 0.344948 0.808914 0.345304 0.808870 0.345327 0.807632 0.346744 0.801887 0.353448 0.800136 0.358636
0 0.574249 0.148024 0.574908 0.149777 0.576189 0.151144 0.582194 0.155943 0.589197 0.160463 0.590904 0.161236 0.592776 0.161297 0.594529 0.160638 0.595896 0.159357 0.601778 0.152708 0.605216 0.146349 0.605989 0.144643 0.606247 0.143777 0.606308 0.141900 0.605646 0.140143 0.602523 0.136287 0.598769 0.132281 0.593769 0.130016 0.589612 0.128656 0.587736 0.128595 0.585978 0.129256 0.583146 0.131771 0.579140 0.135524 0.575265 0.143580 0.574490 0.145290 0.574310 0.146152
0 0.804507 0.830502 0.804899 0.832341 0.805981 0.833947 0.807588 0.835074 0.814977 0.838645 0.822856 0.842084 0.824755 0.842566 0.826650 0.842322 0.828251 0.841390 0.829314 0.839910 0.833760 0.832299 0.835536 0.825595 0.835900 0.823789 0.836080 0.822823 0.835686 0.820976 0.834596 0.819365 0.830674 0.816077 0.825967 0.812803 0.820446 0.811435 0.815778 0.810821 0.813893 0.811076 0.812304 0.812015 0.811250 0.813495 0.807271 0.819208 0.807040 0.820102 0.804864 0.828707
0 0.767277 0.856163 0.767906 0.861603 0.768657 0.866960 0.769572 0.868604 0.770231 0.869506 0.771710 0.870678 0.773524 0.871194 0.780770 0.872143 0.789586 0.872502 0.791460 0.872285 0.793108 0.871368 0.794280 0.869890 0.794797 0.868076 0.795931 0.859264 0.796104 0.852014 0.795888 0.850140 0.794970 0.848492 0.794293 0.847691 0.794250 0.847641 0.792776 0.846472 0.787670 0.844815 0.782404 0.843314 0.776964 0.843943 0.773074 0.844868 0.771430 0.845783 0.770261 0.847258 0.768778 0.850897
0 0.871713 0.319460 0.872180 0.321274 0.875479 0.328588 0.879117 0.335694 0.880243 0.337192 0.881856 0.338144 0.883711 0.338407 0.885525 0.337939 0.894213 0.335152 0.895118 0.334773 0.900919 0.330591 0.902420 0.329463 0.903375 0.327846 0.903638 0.325987 0.903067 0.321313 0.901697 0.315997 0.898399 0.311609 0.895087 0.308212 0.893470 0.307257 0.891611 0.306994 0.889793 0.307462 0.882921 0.309418 0.882043 0.309855 0.874426 0.314867 0.872928 0.315992 0.871976 0.317605
0 0.860752 0.177543 0.860842 0.179423 0.861644 0.181125 0.864406 0.184598 0.868459 0.188280 0.873612 0.190132 0.878586 0.191308 0.880466 0.191218 0.882168 0.190416 0.883103 0.189659 0.884371 0.188262 0.888608 0.182755 0.892673 0.174450 0.893311 0.172675 0.893221 0.170791 0.892416 0.169085 0.891020 0.167816 0.883798 0.163452 0.877208 0.159514 0.875433 0.158876 0.873549 0.158967 0.871842 0.159771 0.870988 0.160552 0.870935 0.160601 0.869670 0.161994 0.863660 0.169022 0.861809 0.174175
0 0.860490 0.821468 0.860960 0.823281 0.864243 0.831814 0.867919 0.837691 0.869047 0.839187 0.869892 0.839964 0.869945 0.840012 0.871564 0.840965 0.873423 0.841225 0.878552 0.840504 0.883866 0.839127 0.888249 0.835822 0.891185 0.832648 0.892138 0.831030 0.892398 0.829170 0.891794 0.825655 0.890417 0.820341 0.884951 0.812907 0.883821 0.811408 0.882889 0.810652 0.881274 0.809702 0.879419 0.809442 0.877606 0.809912 0.870779 0.813071 0.863196 0.816870 0.861700 0.817998 0.860750 0.819613
0 0.128470 0.906634 0.128945 0.913758 0.130011 0.922675 0.130554 0.924481 0.131747 0.925942 0.133409 0.926836 0.135285 0.927025 0.144292 0.926415 0.151327 0.925484 0.153133 0.924941 0.154594 0.923748 0.155437 0.922714 0.156328 0.921056 0.157185 0.915574 0.157735 0.910126 0.156158 0.904882 0.154438 0.901380 0.153248 0.899922 0.151590 0.899031 0.147871 0.898048 0.142423 0.897498 0.137179 0.899075 0.131914 0.900921 0.130456 0.902112 0.129552 0.903095 0.128659 0.904757
0 0.436505 0.635802 0.444167 0.643318 0.444630 0.643722 0.445484 0.644299 0.446600 0.644961 0.447805 0.645605 0.448916 0.646135 0.449762 0.646467 0.459171 0.648552 0.460967 0.648891 0.462509 0.646044 0.464356 0.642189 0.464326 0.641956 0.463665 0.641402 0.462477 0.640613 0.460941 0.639709 0.447092 0.631935 0.445444 0.631052 0.443922 0.630319 0.442756 0.629847 0.442124 0.629708 0.439342 0.630048 0.438063 0.632306 0.436526 0.635144
0 0.708371 0.612085 0.708823 0.619846 0.709133 0.621693 0.710126 0.623281 0.711652 0.624369 0.712167 0.624672 0.713997 0.625093 0.722487 0.626828 0.730031 0.625576 0.731882 0.625266 0.733474 0.624270 0.734564 0.622741 0.735741 0.618539 0.736973 0.613190 0.736065 0.607776 0.735159 0.603026 0.734163 0.601434 0.732634 0.600344 0.732601 0.600329 0.732069 0.600100 0.730244 0.599679 0.722823 0.598478 0.714249 0.599197 0.712401 0.599507 0.710813 0.600500 0.709726 0.602026 0.709305 0.603851
0 0.472531 0.589446 0.473342 0.597765 0.473634 0.599629 0.474617 0.601239 0.476142 0.602350 0.477975 0.602793 0.486011 0.604075 0.494077 0.603451 0.495941 0.603159 0.497550 0.602176 0.498662 0.600651 0.499105 0.598818 0.500640 0.590595 0.500638 0.590387 0.499763 0.582514 0.499472 0.580655 0.498491 0.579049 0.496970 0.577941 0.495141 0.577499 0.487189 0.575792 0.479079 0.576843 0.477220 0.577134 0.475614 0.578115 0.474505 0.579635 0.474443 0.579830 0.474000 0.581664
0 0.547517 0.656923 0.547590 0.657522 0.547774 0.658749 0.548042 0.660419 0.550550 0.675759 0.550860 0.677616 0.551166 0.679390 0.551424 0.680813 0.551593 0.681669 0.552579 0.686129 0.552635 0.686293 0.555842 0.685761 0.556043 0.685727 0.559029 0.684422 0.560420 0.673361 0.560378 0.672939 0.560252 0.672054 0.560138 0.671328 0.559970 0.670293 0.559834 0.669481 0.559606 0.668189 0.559413 0.667159 0.559282 0.666549 0.559235 0.666451 0.554260 0.656512 0.550885 0.656364 0.550687 0.656396
0 0.376260 0.593595 0.376798 0.595394 0.379212 0.603281 0.384306 0.609569 0.385491 0.611026 0.387144 0.611917 0.389012 0.612108 0.390811 0.611570 0.398229 0.609129 0.404987 0.604062 0.406443 0.602877 0.406670 0.602627 0.407559 0.600978 0.407750 0.599115 0.407213 0.597320 0.404297 0.589906 0.399724 0.583179 0.398541 0.581726 0.396893 0.580837 0.395029 0.580646 0.393235 0.581183 0.385324 0.584071 0.385060 0.584264 0.378799 0.588888 0.377343 0.590074 0.376451 0.591727
0 0.755545 0.748796 0.756507 0.754187 0.757509 0.759280 0.758524 0.760865 0.759156 0.761503 0.760704 0.762581 0.762546 0.762986 0.769918 0.763708 0.778658 0.763303 0.780515 0.762972 0.782104 0.761955 0.783183 0.760408 0.783587 0.758565 0.784259 0.749922 0.783905 0.742453 0.783573 0.740596 0.782556 0.739007 0.781867 0.738424 0.780323 0.737348 0.775202 0.736215 0.769853 0.735041 0.764462 0.736003 0.760560 0.736958 0.758975 0.737973 0.757899 0.739516 0.756719 0.743447
0 0.230516 0.371569 0.230652 0.373450 0.232279 0.381829 0.234927 0.388988 0.235772 0.390674 0.237199 0.391909 0.237802 0.392157 0.237840 0.392172 0.239626 0.392765 0.241503 0.392630 0.250146 0.391908 0.255042 0.389454 0.258685 0.387522 0.259916 0.386099 0.260509 0.384313 0.260350 0.380116 0.259955 0.374654 0.256109 0.366936 0.255266 0.365254 0.253843 0.364023 0.253807 0.364003 0.253240 0.363690 0.251450 0.363096 0.249569 0.363232 0.242110 0.364535 0.234031 0.367507 0.232345 0.368352 0.231111 0.369779
0 0.823816 0.164382 0.825592 0.169562 0.827438 0.173196 0.828683 0.174608 0.830373 0.175435 0.834132 0.176076 0.839598 0.176418 0.844778 0.174643 0.849963 0.172797 0.851374 0.171552 0.852233 0.170749 0.853063 0.169055 0.853181 0.167172 0.852441 0.159857 0.851030 0.151201 0.850419 0.149417 0.849171 0.148002 0.847477 0.147173 0.845594 0.147055 0.836624 0.147794 0.829623 0.149205 0.827838 0.149817 0.826424 0.151065 0.825627 0.151916 0.824800 0.153606 0.824158 0.158917
0 0.232548 0.984953 0.233084 0.986752 0.234268 0.988210 0.237810 0.991138 0.242639 0.993749 0.248099 0.994314 0.253116 0.994026 0.254915 0.993490 0.256372 0.992306 0.257265 0.990654 0.257300 0.990584 0.257855 0.989462 0.260780 0.983345 0.262574 0.974172 0.262766 0.972308 0.262231 0.970513 0.261050 0.969059 0.259402 0.968169 0.244112 0.963449 0.242248 0.963257 0.240453 0.963792 0.239000 0.964973 0.238401 0.966039 0.238364 0.966105 0.237471 0.967757 0.233345 0.976157 0.232780 0.981618
0 0.282584 0.947459 0.282911 0.949317 0.283924 0.950909 0.289135 0.956451 0.295061 0.962556 0.296606 0.963639 0.298447 0.964048 0.300305 0.963722 0.301896 0.962709 0.309022 0.956896 0.313543 0.951571 0.314626 0.950027 0.315079 0.948929 0.315487 0.947092 0.315161 0.945238 0.312844 0.940627 0.309904 0.936007 0.305420 0.932863 0.301500 0.930952 0.299663 0.930544 0.297809 0.930869 0.294681 0.932623 0.290061 0.935563 0.284603 0.942990 0.283523 0.944531 0.282993 0.945618
0 0.022048 0.708389 0.022571 0.710192 0.024595 0.713957 0.028025 0.718243 0.032834 0.720890 0.037664 0.722891 0.039530 0.723098 0.041333 0.722575 0.041399 0.722544 0.042447 0.722035 0.043910 0.720864 0.048883 0.716040 0.054212 0.708620 0.055115 0.706979 0.055322 0.705117 0.054800 0.703318 0.053630 0.701856 0.047180 0.696263 0.041385 0.691553 0.039744 0.690650 0.037882 0.690443 0.036083 0.690965 0.034954 0.691430 0.033488 0.692603 0.026318 0.698421 0.023671 0.703230 0.022255 0.706523
0 0.179580 0.631891 0.181085 0.637170 0.182681 0.641290 0.183848 0.642762 0.185489 0.643674 0.189293 0.644139 0.194746 0.644768 0.203342 0.642585 0.205148 0.642070 0.205190 0.642050 0.205864 0.641725 0.207332 0.640561 0.208242 0.638924 0.208457 0.637063 0.208294 0.629305 0.207155 0.621114 0.206642 0.619312 0.205478 0.617845 0.203841 0.616934 0.201980 0.616720 0.193163 0.616457 0.186031 0.618021 0.184229 0.618535 0.183506 0.618806 0.183461 0.618823 0.181989 0.619990 0.181077 0.621631 0.180210 0.626437
0 0.134122 0.513887 0.136802 0.515726 0.136970 0.515841 0.140921 0.517481 0.142186 0.517627 0.144557 0.516031 0.150981 0.510414 0.151752 0.509650 0.152594 0.508629 0.153381 0.507506 0.153993 0.506451 0.156663 0.500112 0.158054 0.496767 0.158165 0.494822 0.156717 0.492878 0.153901 0.490946 0.153486 0.490860 0.148135 0.492747 0.147318 0.493270 0.146235 0.494323 0.145051 0.495744 0.143948 0.497318 0.135441 0.510609 0.134594 0.512084 0.134131 0.513234
0 0.681344 0.287237 0.682028 0.288981 0.685790 0.295868 0.690669 0.302450 0.691968 0.303799 0.693685 0.304548 0.695558 0.304583 0.697302 0.303898 0.705182 0.300103 0.710770 0.295258 0.712120 0.293958 0.712636 0.293457 0.713387 0.291736 0.713422 0.289858 0.711905 0.285316 0.709899 0.280206 0.706091 0.276253 0.702772 0.273256 0.701050 0.272505 0.699173 0.272470 0.697425 0.273156 0.690461 0.275961 0.683923 0.281818 0.682571 0.283121 0.682128 0.283648 0.681379 0.285364
0 0.765230 0.390959 0.765357 0.392828 0.766189 0.394506 0.770779 0.401337 0.775955 0.407182 0.777366 0.408414 0.779141 0.409013 0.781010 0.408887 0.781654 0.408678 0.781694 0.408665 0.783377 0.407831 0.791132 0.403668 0.796083 0.398040 0.797319 0.396626 0.797919 0.394846 0.797792 0.392973 0.796127 0.388855 0.793689 0.383937 0.789555 0.380326 0.785753 0.377349 0.783974 0.376749 0.782100 0.376875 0.781415 0.377174 0.779737 0.378006 0.773331 0.381652 0.767061 0.387773 0.765829 0.389184
0 0.738406 0.289458 0.739295 0.297050 0.741381 0.305181 0.742081 0.306919 0.743393 0.308255 0.745117 0.308988 0.746990 0.309006 0.755696 0.308232 0.762713 0.306031 0.764450 0.305330 0.765057 0.304884 0.765095 0.304856 0.766435 0.303541 0.767169 0.301813 0.767440 0.296842 0.767491 0.291353 0.765438 0.286262 0.763502 0.282432 0.762187 0.281092 0.760459 0.280357 0.756541 0.280196 0.751052 0.280145 0.742820 0.283322 0.741078 0.284024 0.740493 0.284549 0.739156 0.285861 0.738423 0.287585
0 0.833485 0.824408 0.835545 0.829481 0.837657 0.834563 0.837705 0.834612 0.838978 0.835903 0.839807 0.836725 0.841545 0.837459 0.843431 0.837472 0.850715 0.836319 0.859258 0.834437 0.861006 0.833728 0.862349 0.832403 0.863083 0.830665 0.863096 0.828779 0.861881 0.819856 0.860061 0.812952 0.859352 0.811204 0.858027 0.809861 0.857153 0.809105 0.855420 0.808373 0.850102 0.808020 0.844626 0.807982 0.839552 0.810042 0.836007 0.812095 0.834667 0.813417 0.833935 0.815150 0.833523 0.818932
0 0.496154 0.746892 0.496650 0.755628 0.496856 0.757503 0.497764 0.759156 0.499236 0.760337 0.501047 0.760863 0.508948 0.762125 0.517102 0.762260 0.518977 0.762054 0.520630 0.761146 0.521810 0.759675 0.522337 0.757863 0.524181 0.749331 0.523734 0.741809 0.523680 0.741253 0.523471 0.739348 0.522565 0.737699 0.521097 0.736522 0.516619 0.735091 0.511361 0.733562 0.505917 0.734160 0.501404 0.734808 0.499755 0.735714 0.498578 0.737182 0.498052 0.738989 0.496163 0.746326
0 0.793317 0.720590 0.793608 0.726059 0.794137 0.731104 0.794949 0.732801 0.796348 0.734059 0.796391 0.734093 0.797073 0.734632 0.798852 0.735260 0.805906 0.737026 0.814802 0.737559 0.816686 0.737458 0.818388 0.736645 0.819649 0.735242 0.820277 0.733463 0.821835 0.725110 0.822575 0.717513 0.822475 0.715629 0.821661 0.713927 0.820259 0.712666 0.819477 0.712147 0.817703 0.711521 0.809209 0.708701 0.803741 0.708992 0.799912 0.709328 0.798214 0.710139 0.796956 0.711539 0.795140 0.715427
0 0.954882 0.389986 0.955329 0.391814 0.956440 0.393332 0.959441 0.395586 0.964121 0.398429 0.969532 0.399266 0.975011 0.400105 0.975079 0.400091 0.976173 0.399861 0.978005 0.399413 0.979527 0.398299 0.980507 0.396687 0.983221 0.389801 0.986028 0.381547 0.986317 0.379683 0.985869 0.377851 0.984755 0.376329 0.983143 0.375349 0.974826 0.371766 0.968003 0.369827 0.966139 0.369539 0.964307 0.369986 0.963240 0.370285 0.963174 0.370304 0.961655 0.371415 0.958588 0.375756 0.955745 0.380436 0.954908 0.385848
0 0.289144 0.557499 0.289217 0.559384 0.290431 0.567336 0.292971 0.575055 0.293760 0.576769 0.295145 0.578050 0.296914 0.578704 0.298799 0.578631 0.307387 0.577739 0.307829 0.577561 0.314923 0.574694 0.316633 0.573907 0.317911 0.572525 0.318563 0.570760 0.318420 0.566115 0.318207 0.560643 0.315917 0.555669 0.313958 0.551537 0.312577 0.550259 0.310811 0.549607 0.308931 0.549680 0.301290 0.550265 0.300834 0.550380 0.292792 0.553556 0.291079 0.554345 0.289798 0.555729
0 0.307939 0.108004 0.308430 0.109825 0.308870 0.110721 0.308898 0.110777 0.310046 0.112268 0.314575 0.115067 0.319323 0.117796 0.324753 0.118501 0.328775 0.118588 0.330592 0.118098 0.332083 0.116950 0.334378 0.113733 0.337107 0.108986 0.337813 0.103555 0.338403 0.098220 0.337913 0.096403 0.337516 0.095416 0.336365 0.093922 0.334730 0.092982 0.327903 0.090262 0.319461 0.087829 0.317590 0.087586 0.315769 0.088078 0.314274 0.089229 0.313334 0.090864 0.310077 0.099093 0.308182 0.106133
0 0.275852 0.520375 0.275976 0.522257 0.276811 0.523948 0.281295 0.530999 0.286627 0.536729 0.288046 0.537972 0.289832 0.538578 0.291714 0.538453 0.292223 0.538360 0.293910 0.537526 0.301475 0.533510 0.306659 0.527734 0.307899 0.526319 0.308503 0.524537 0.308380 0.522659 0.306481 0.518741 0.304057 0.513831 0.297754 0.508223 0.296339 0.506982 0.294557 0.506379 0.294527 0.506379 0.294054 0.506394 0.292172 0.506518 0.290481 0.507353 0.283883 0.511275 0.277700 0.517169 0.276457 0.518588
0 0.713371 0.235418 0.713868 0.240433 0.714603 0.245859 0.717358 0.250592 0.719795 0.254112 0.721292 0.255252 0.723112 0.255732 0.727010 0.255306 0.732436 0.254571 0.740180 0.250255 0.741806 0.249308 0.741841 0.249272 0.742397 0.248695 0.743540 0.247194 0.744022 0.245370 0.743768 0.243501 0.741701 0.236133 0.738531 0.228260 0.737582 0.226630 0.736081 0.225487 0.734257 0.225006 0.732388 0.225259 0.723827 0.227402 0.717147 0.230496 0.715517 0.231446 0.715022 0.232062 0.714991 0.232101 0.713852 0.233598
0 0.372799 0.449077 0.373118 0.450927 0.374586 0.458751 0.378875 0.465900 0.379877 0.467488 0.381411 0.468570 0.381428 0.468575 0.381699 0.468647 0.383526 0.469059 0.385372 0.468741 0.393011 0.466910 0.400309 0.462999 0.401893 0.461998 0.402973 0.460468 0.403385 0.458641 0.403067 0.456795 0.401076 0.448772 0.397325 0.441858 0.396325 0.440275 0.394794 0.439195 0.394553 0.439055 0.394538 0.439047 0.392707 0.438633 0.390856 0.438952 0.382669 0.440571 0.375883 0.444708 0.374296 0.445711 0.373213 0.447245
0 0.589819 0.859588 0.589841 0.861469 0.589853 0.861521 0.590060 0.862353 0.590803 0.864087 0.592152 0.865406 0.593903 0.866107 0.601354 0.867874 0.609744 0.869065 0.611631 0.869043 0.613365 0.868301 0.614683 0.866951 0.615384 0.865200 0.617763 0.856629 0.618343 0.849359 0.618320 0.847473 0.618049 0.846675 0.618032 0.846625 0.617291 0.844895 0.615945 0.843580 0.611358 0.841476 0.606274 0.839440 0.600799 0.839504 0.596514 0.839951 0.594784 0.840692 0.593469 0.842038 0.591938 0.845576 0.589902 0.850660
0 0.927430 0.760111 0.927960 0.765561 0.930535 0.770394 0.933306 0.775178 0.934759 0.776373 0.935823 0.777049 0.937627 0.777599 0.939505 0.777416 0.946476 0.775570 0.954932 0.772757 0.956596 0.771870 0.957795 0.770413 0.958345 0.768609 0.958162 0.766731 0.955874 0.758037 0.953502 0.751304 0.952615 0.749639 0.951158 0.748441 0.950058 0.747835 0.948258 0.747286 0.942787 0.747538 0.937337 0.748069 0.932504 0.750644 0.929335 0.753002 0.928139 0.754455 0.927591 0.756255
0 0.058817 0.503038 0.059053 0.504910 0.059988 0.506548 0.061479 0.507704 0.063299 0.508202 0.072297 0.509951 0.073277 0.509928 0.080400 0.509314 0.082267 0.509078 0.083901 0.508146 0.085055 0.506658 0.086822 0.502200 0.088265 0.496917 0.087578 0.491485 0.086447 0.486941 0.085515 0.485306 0.084028 0.484153 0.082212 0.483657 0.075255 0.481929 0.074280 0.481888 0.065115 0.482481 0.063244 0.482718 0.061606 0.483653 0.060450 0.485144 0.059952 0.486963 0.059257 0.494928
0 0.120057 0.380086 0.121418 0.385404 0.123029 0.390123 0.124156 0.391625 0.125771 0.392583 0.126680 0.392843 0.128534 0.393109 0.135704 0.393616 0.144513 0.392242 0.146328 0.391778 0.147826 0.390654 0.148781 0.389043 0.149047 0.387188 0.148959 0.378840 0.148180 0.371210 0.147715 0.369395 0.146592 0.367896 0.144980 0.366941 0.144116 0.366617 0.142257 0.366351 0.133343 0.365276 0.128025 0.366637 0.124420 0.367686 0.122918 0.368812 0.121961 0.370427 0.120835 0.374651
0 0.511160 0.107306 0.512923 0.114344 0.513412 0.116161 0.514559 0.117652 0.516190 0.118592 0.520666 0.119667 0.526096 0.120375 0.531384 0.118953 0.535913 0.117277 0.537404 0.116130 0.538344 0.114499 0.538587 0.112633 0.538593 0.112578 0.538681 0.111686 0.539255 0.104533 0.537610 0.095606 0.537120 0.093785 0.535970 0.092290 0.534335 0.091348 0.532464 0.091104 0.524285 0.091433 0.516385 0.092176 0.514563 0.092666 0.513068 0.093816 0.512127 0.095450 0.511883 0.097321 0.511185 0.106404
0 0.608029 0.903621 0.608277 0.904546 0.608293 0.904604 0.608848 0.906398 0.611868 0.914974 0.615374 0.919198 0.617690 0.921946 0.619351 0.922822 0.621220 0.922995 0.625696 0.922264 0.630939 0.920640 0.635163 0.917134 0.638563 0.913598 0.639438 0.911937 0.639612 0.910067 0.639056 0.908274 0.639036 0.908215 0.638718 0.907282 0.636293 0.900649 0.631095 0.893213 0.629898 0.891771 0.628241 0.890898 0.626376 0.890725 0.624587 0.891279 0.617265 0.894995 0.610517 0.898903 0.609076 0.900099 0.608203 0.901756
