0 0.648799 0.841741 0.649502 0.843477 0.649866 0.844313 0.653614 0.852486 0.658670 0.857723 0.659987 0.859062 0.661716 0.859794 0.663593 0.859810 0.668007 0.858586 0.673096 0.856526 0.677009 0.852676 0.680082 0.848985 0.680815 0.847256 0.680830 0.845378 0.680125 0.843637 0.677135 0.837044 0.676729 0.836272 0.670906 0.829426 0.669592 0.828090 0.667867 0.827360 0.665994 0.827344 0.664258 0.828047 0.657293 0.832242 0.650881 0.836829 0.649545 0.838143 0.648815 0.839868
0 0.523210 0.220922 0.523582 0.229679 0.523769 0.231543 0.524656 0.233193 0.526106 0.234378 0.527900 0.234918 0.535836 0.236239 0.543829 0.236452 0.545692 0.236264 0.547342 0.235378 0.548528 0.233927 0.549067 0.232133 0.551153 0.223613 0.551271 0.222978 0.550725 0.215514 0.550537 0.213646 0.549648 0.211992 0.548194 0.210803 0.543872 0.209208 0.538616 0.207626 0.533154 0.208176 0.528560 0.208913 0.526906 0.209801 0.525718 0.211255 0.525177 0.213054 0.523264 0.220281
0 0.923359 0.337657 0.923687 0.343123 0.926081 0.348048 0.928686 0.351925 0.930094 0.353173 0.931873 0.353788 0.933751 0.353675 0.940820 0.353142 0.941832 0.352804 0.950401 0.349233 0.952098 0.348408 0.953349 0.346997 0.953965 0.345214 0.953852 0.343331 0.951874 0.335632 0.949768 0.327742 0.948943 0.326045 0.947532 0.324794 0.945749 0.324178 0.943866 0.324291 0.934702 0.325590 0.933706 0.325990 0.927232 0.328794 0.925540 0.329617 0.924291 0.331025 0.923676 0.332803
0 0.806221 0.255814 0.806743 0.257622 0.809150 0.261454 0.812568 0.265733 0.817363 0.268378 0.821856 0.270363 0.823727 0.270572 0.825535 0.270049 0.826331 0.269487 0.827805 0.268310 0.833107 0.263507 0.838191 0.255988 0.839103 0.254337 0.839312 0.252462 0.838789 0.250650 0.837611 0.249176 0.831419 0.243686 0.825290 0.238789 0.823638 0.237878 0.821764 0.237668 0.819952 0.238192 0.818478 0.239369 0.817746 0.239968 0.817701 0.240005 0.810884 0.245957 0.807339 0.252296 0.806430 0.253944
0 0.540189 0.677320 0.540514 0.679165 0.540607 0.679575 0.540613 0.679601 0.541622 0.681185 0.546404 0.688242 0.552713 0.692773 0.554251 0.693851 0.556084 0.694257 0.557934 0.693931 0.561666 0.691628 0.566295 0.688678 0.571106 0.681831 0.572183 0.680293 0.572590 0.678460 0.572264 0.676610 0.572254 0.676585 0.572089 0.676181 0.571082 0.674602 0.566578 0.668401 0.560017 0.663041 0.558483 0.661966 0.556654 0.661561 0.554810 0.661886 0.553230 0.662892 0.546733 0.667966 0.541669 0.673957 0.540595 0.675491
0 0.444048 0.269865 0.445135 0.277357 0.445507 0.279207 0.445632 0.279714 0.445640 0.279746 0.446688 0.281308 0.448255 0.282351 0.452864 0.283342 0.458237 0.284400 0.463606 0.283322 0.468022 0.282314 0.469584 0.281265 0.470627 0.279699 0.470990 0.277853 0.472245 0.270340 0.472181 0.269812 0.470889 0.261194 0.470518 0.259345 0.469467 0.257778 0.467897 0.256733 0.466046 0.256369 0.458088 0.255773 0.449931 0.256399 0.448081 0.256770 0.446515 0.257821 0.445470 0.259392 0.445105 0.261242
0 0.824195 0.043419 0.824629 0.045241 0.825727 0.046759 0.837456 0.057645 0.839051 0.058627 0.840900 0.058924 0.842723 0.058490 0.844240 0.057392 0.851416 0.051254 0.852223 0.050224 0.855991 0.044557 0.856975 0.042958 0.857273 0.041104 0.856838 0.039277 0.854701 0.034789 0.851483 0.030341 0.846808 0.027464 0.842381 0.025859 0.840527 0.025561 0.838700 0.025996 0.836048 0.027865 0.831601 0.031083 0.830841 0.032157 0.825474 0.039974 0.824492 0.041570
0 0.517959 0.465043 0.518379 0.466878 0.519469 0.468411 0.524431 0.474863 0.531160 0.479446 0.532754 0.480446 0.534609 0.480760 0.536444 0.480339 0.536449 0.480337 0.536533 0.480291 0.538070 0.479199 0.544371 0.474232 0.549132 0.467479 0.550134 0.465881 0.550448 0.464021 0.550027 0.462183 0.548934 0.460645 0.543797 0.454347 0.537215 0.449584 0.535617 0.448581 0.533757 0.448267 0.531919 0.448688 0.530381 0.449781 0.523913 0.454921 0.519319 0.461500 0.518317 0.463098 0.518272 0.463188
0 0.629617 0.286604 0.630156 0.294238 0.630301 0.296115 0.631153 0.297792 0.632582 0.299017 0.636677 0.300509 0.641882 0.302208 0.647342 0.301787 0.652209 0.301368 0.653887 0.300516 0.655111 0.299087 0.655490 0.298595 0.656076 0.296802 0.657848 0.289461 0.657992 0.280801 0.657847 0.278921 0.656993 0.277239 0.655561 0.276012 0.653767 0.275426 0.645555 0.273821 0.637767 0.273509 0.635886 0.273654 0.634204 0.274509 0.632977 0.275941 0.632671 0.276456 0.632652 0.276488 0.632068 0.278277
0 0.458196 0.654377 0.458804 0.656162 0.460050 0.657579 0.465799 0.663036 0.472849 0.667371 0.474542 0.668203 0.476424 0.668323 0.478210 0.667715 0.479626 0.666469 0.485518 0.660412 0.489419 0.653670 0.490251 0.651977 0.490395 0.649729 0.489787 0.647947 0.488545 0.646535 0.482933 0.640370 0.475777 0.636766 0.474088 0.635936 0.472210 0.635816 0.470429 0.636423 0.469016 0.637666 0.463259 0.642989 0.459248 0.650433 0.458418 0.652122 0.458316 0.652494
0 0.019155 0.672254 0.019340 0.674122 0.020705 0.678319 0.023295 0.683159 0.027540 0.686639 0.031861 0.689363 0.033658 0.689907 0.035527 0.689722 0.036655 0.689262 0.038306 0.688378 0.044143 0.684674 0.050671 0.678219 0.051859 0.676771 0.052401 0.674978 0.052217 0.673114 0.051333 0.671463 0.046079 0.664919 0.041175 0.659098 0.039726 0.657910 0.037934 0.657368 0.036070 0.657552 0.034940 0.657935 0.033284 0.658822 0.025235 0.663358 0.021755 0.667603 0.019699 0.670456
0 0.020332 0.608707 0.020520 0.610584 0.022883 0.618354 0.025223 0.625997 0.026115 0.627660 0.027575 0.628854 0.029381 0.629399 0.031258 0.629210 0.040442 0.627703 0.041495 0.627410 0.047778 0.624204 0.049436 0.623314 0.050628 0.621857 0.051171 0.620056 0.051368 0.615340 0.050823 0.609891 0.048234 0.605066 0.045402 0.601149 0.043946 0.599958 0.042144 0.599415 0.040272 0.599602 0.033304 0.600564 0.032232 0.600795 0.023734 0.604549 0.022071 0.605441 0.020877 0.606901
0 0.505574 0.186023 0.505752 0.187896 0.506887 0.196639 0.510365 0.203296 0.511246 0.204958 0.512696 0.206157 0.514495 0.206710 0.518907 0.206573 0.524358 0.206055 0.529197 0.203491 0.533431 0.201038 0.534630 0.199587 0.535182 0.197788 0.535268 0.197049 0.535090 0.195171 0.533853 0.187869 0.530465 0.179734 0.529582 0.178067 0.528128 0.176865 0.526325 0.176311 0.524447 0.176490 0.516341 0.178431 0.509010 0.181114 0.507343 0.181997 0.506141 0.183452 0.505587 0.185255 0.505574 0.185978
0 0.757879 0.228705 0.757912 0.230578 0.758659 0.232296 0.760006 0.233597 0.761749 0.234284 0.770065 0.236248 0.777496 0.237131 0.779369 0.237098 0.781086 0.236351 0.781731 0.235747 0.781771 0.235709 0.783075 0.234359 0.783763 0.232612 0.787032 0.224301 0.786937 0.218813 0.786585 0.214949 0.785836 0.213227 0.784485 0.211923 0.780799 0.209966 0.775692 0.207954 0.770203 0.208050 0.765076 0.208413 0.763354 0.209162 0.762049 0.210512 0.761413 0.211215 0.760726 0.212958 0.758750 0.219938
0 0.022476 0.144172 0.022962 0.145986 0.024105 0.147475 0.028263 0.152871 0.029344 0.153667 0.037295 0.158880 0.038917 0.159816 0.040774 0.160060 0.042584 0.159575 0.044070 0.158434 0.054618 0.146401 0.055554 0.144778 0.055798 0.142921 0.055313 0.141112 0.054172 0.139626 0.047849 0.132557 0.046810 0.131713 0.041024 0.128175 0.039398 0.127236 0.037536 0.126992 0.035722 0.127478 0.031311 0.129676 0.026957 0.133019 0.024213 0.137773 0.022720 0.142311
0 0.761336 0.903229 0.761933 0.905014 0.762574 0.906004 0.763812 0.907428 0.765500 0.908269 0.772290 0.910549 0.781048 0.912505 0.782930 0.912636 0.784719 0.912037 0.786142 0.910800 0.786984 0.909111 0.789560 0.900675 0.791220 0.893563 0.791351 0.891681 0.790752 0.889892 0.790043 0.888941 0.788808 0.887521 0.783946 0.884969 0.779044 0.882527 0.773582 0.882146 0.769736 0.882325 0.767951 0.882923 0.766531 0.884157 0.764257 0.887478 0.761815 0.892379 0.761434 0.897841
0 0.909590 0.100232 0.909981 0.105466 0.911142 0.110818 0.914262 0.115318 0.917467 0.118362 0.919050 0.119380 0.920901 0.119716 0.924255 0.119257 0.929606 0.118096 0.937485 0.112910 0.939031 0.111838 0.940105 0.110889 0.941126 0.109303 0.941462 0.107446 0.941062 0.105603 0.934640 0.090823 0.933565 0.089272 0.931979 0.088252 0.930123 0.087915 0.928279 0.088315 0.919382 0.091417 0.913499 0.094737 0.911949 0.095812 0.911003 0.096740 0.910944 0.096798 0.909925 0.098381
0 0.443156 0.942219 0.443826 0.943982 0.447206 0.950351 0.452377 0.957641 0.453671 0.959014 0.455391 0.959787 0.457277 0.959843 0.459040 0.959173 0.466593 0.954810 0.472699 0.950622 0.474072 0.949328 0.474845 0.947608 0.474907 0.946516 0.474963 0.944635 0.473062 0.939544 0.471118 0.934425 0.467362 0.930440 0.464474 0.927880 0.462757 0.927109 0.460876 0.927053 0.456894 0.928032 0.451775 0.929977 0.447790 0.933732 0.444122 0.937542 0.443350 0.939259 0.443212 0.940333
0 0.366046 0.289352 0.366070 0.291238 0.366883 0.299860 0.369410 0.307003 0.370153 0.308737 0.370451 0.309176 0.370470 0.309203 0.371817 0.310517 0.373564 0.311216 0.378350 0.311208 0.383826 0.311140 0.388859 0.308982 0.392902 0.307119 0.394216 0.305772 0.394915 0.304025 0.394891 0.302143 0.394647 0.294502 0.391559 0.286417 0.390818 0.284687 0.390551 0.284160 0.389200 0.282843 0.387449 0.282143 0.385563 0.282166 0.377729 0.283184 0.369797 0.285506 0.368064 0.286250 0.366747 0.287600
0 0.841615 0.263913 0.841955 0.265764 0.842977 0.267344 0.846115 0.270117 0.850622 0.273226 0.855977 0.274374 0.861125 0.275179 0.862976 0.274839 0.863028 0.274807 0.863864 0.274288 0.865448 0.273264 0.866519 0.271711 0.869917 0.265366 0.872906 0.256916 0.873302 0.255071 0.872961 0.253216 0.871937 0.251632 0.870384 0.250561 0.862578 0.246877 0.855588 0.244174 0.853744 0.243778 0.851889 0.244119 0.850305 0.245143 0.849450 0.245765 0.848382 0.247314 0.843300 0.254779 0.842152 0.260133
0 0.606203 0.385576 0.606826 0.387352 0.608082 0.388754 0.609778 0.389569 0.616994 0.392983 0.625348 0.393569 0.627227 0.393673 0.629002 0.393050 0.629021 0.393035 0.629318 0.392788 0.630723 0.391530 0.631540 0.389830 0.634387 0.382614 0.635551 0.374222 0.635655 0.372338 0.635030 0.370558 0.633772 0.369153 0.632071 0.368336 0.624264 0.365489 0.616463 0.364326 0.614580 0.364222 0.612800 0.364846 0.611394 0.366104 0.611123 0.366431 0.610308 0.368127 0.606894 0.375897 0.606307 0.383697
0 0.080129 0.288359 0.080392 0.290227 0.081350 0.291852 0.082857 0.292986 0.083815 0.293462 0.083875 0.293491 0.085697 0.293962 0.094586 0.296086 0.100008 0.295321 0.103611 0.294603 0.105232 0.293647 0.106364 0.292143 0.108018 0.288165 0.109387 0.282863 0.108622 0.277440 0.107475 0.272408 0.106519 0.270787 0.105016 0.269655 0.104049 0.269091 0.102223 0.268620 0.095236 0.267529 0.086133 0.267714 0.084265 0.267978 0.082641 0.268936 0.081506 0.270443 0.081035 0.272269 0.080401 0.280782
0 0.443602 0.348419 0.444065 0.350239 0.446311 0.357669 0.446434 0.357995 0.451094 0.365044 0.452215 0.366545 0.453825 0.367502 0.455679 0.367770 0.457494 0.367309 0.465147 0.364616 0.471936 0.360415 0.473436 0.359294 0.474393 0.357684 0.474662 0.355830 0.474604 0.355500 0.474600 0.355479 0.474137 0.353660 0.471703 0.345549 0.467227 0.339183 0.466104 0.337679 0.464490 0.336719 0.462631 0.336450 0.452947 0.338913 0.446335 0.343823 0.444831 0.344947 0.443871 0.346561
0 0.113805 0.154626 0.114347 0.156433 0.117990 0.164936 0.121900 0.170668 0.123092 0.172130 0.123957 0.172883 0.124011 0.172930 0.125668 0.173823 0.127540 0.174013 0.132595 0.173098 0.137840 0.171525 0.142084 0.168064 0.145002 0.164749 0.145894 0.163092 0.146085 0.161220 0.145234 0.157795 0.143661 0.152550 0.138010 0.145217 0.136821 0.143758 0.135933 0.142887 0.134272 0.141993 0.132395 0.141802 0.130588 0.142344 0.123824 0.145918 0.116353 0.149896 0.114891 0.151088 0.113996 0.152749
0 0.511720 0.296580 0.512814 0.304170 0.513149 0.306022 0.514167 0.307604 0.515713 0.308677 0.520158 0.309693 0.525510 0.310854 0.530898 0.309878 0.535477 0.309017 0.537060 0.307999 0.538132 0.306452 0.538138 0.306425 0.538531 0.304613 0.538625 0.304135 0.539875 0.296597 0.538903 0.288023 0.538567 0.286166 0.537546 0.284580 0.535996 0.283505 0.534152 0.283106 0.526053 0.282291 0.518040 0.282828 0.516183 0.283164 0.514597 0.284185 0.513522 0.285735 0.513122 0.287578 0.511746 0.296113
0 0.711431 0.496685 0.711807 0.502149 0.712219 0.506681 0.713057 0.508366 0.714476 0.509602 0.716260 0.510201 0.723566 0.512391 0.724079 0.512420 0.732773 0.512277 0.734655 0.512147 0.736344 0.511307 0.737583 0.509885 0.738183 0.508097 0.739821 0.500258 0.740234 0.492112 0.740104 0.490231 0.739264 0.488542 0.737842 0.487302 0.736054 0.486702 0.727659 0.484516 0.720070 0.484651 0.718188 0.484781 0.717656 0.484818 0.715971 0.485656 0.714734 0.487075 0.713174 0.491494
0 0.349961 0.272194 0.350569 0.273980 0.350933 0.274531 0.352174 0.275946 0.353862 0.276777 0.361633 0.280523 0.367098 0.280880 0.371270 0.281054 0.373051 0.280449 0.374466 0.279207 0.376398 0.275505 0.378818 0.270593 0.379452 0.261990 0.379574 0.260112 0.378969 0.258330 0.378673 0.257739 0.377428 0.256321 0.375736 0.255488 0.368586 0.252842 0.360169 0.251323 0.358286 0.251200 0.356500 0.251807 0.355082 0.253052 0.354249 0.254744 0.351362 0.262796 0.350084 0.270312
0 0.861764 0.351843 0.862355 0.353630 0.864758 0.357120 0.868338 0.361264 0.873231 0.363724 0.877946 0.365781 0.879823 0.365919 0.881609 0.365327 0.881664 0.365308 0.882543 0.364998 0.883970 0.363765 0.888926 0.358499 0.893877 0.351054 0.894724 0.349369 0.894862 0.347488 0.894269 0.345697 0.893036 0.344269 0.886478 0.338757 0.880326 0.334363 0.878640 0.333515 0.876759 0.333378 0.874968 0.333970 0.874107 0.334352 0.874053 0.334376 0.872629 0.335606 0.865896 0.341568 0.863437 0.346461 0.861901 0.349966
0 0.602460 0.911784 0.602902 0.913605 0.603138 0.914552 0.603153 0.914612 0.604260 0.916128 0.608554 0.919102 0.613242 0.921958 0.618666 0.922803 0.622784 0.922907 0.624608 0.922464 0.626125 0.921356 0.628433 0.918269 0.631288 0.913581 0.632133 0.908157 0.632903 0.902833 0.632460 0.901008 0.632138 0.900034 0.631033 0.898522 0.629434 0.897547 0.622630 0.894629 0.614406 0.892047 0.612555 0.891759 0.610735 0.892201 0.609222 0.893306 0.608248 0.894906 0.604625 0.902986 0.602749 0.909933
0 0.782709 0.915949 0.783002 0.919415 0.783682 0.924848 0.788012 0.933072 0.788942 0.934708 0.789649 0.935771 0.791138 0.936929 0.792957 0.937429 0.794829 0.937194 0.810122 0.932113 0.811762 0.931180 0.812919 0.929691 0.813420 0.927872 0.813185 0.926000 0.811031 0.916953 0.808104 0.910708 0.807171 0.909068 0.806466 0.908128 0.806422 0.908070 0.804936 0.906915 0.803122 0.906416 0.798008 0.906425 0.792574 0.907105 0.787814 0.909812 0.784363 0.912649 0.783208 0.914135
0 0.512066 0.399862 0.513168 0.408117 0.513517 0.409957 0.514545 0.411523 0.516093 0.412577 0.517927 0.412958 0.525981 0.414019 0.533929 0.413096 0.535769 0.412746 0.537335 0.411719 0.538389 0.410171 0.538483 0.409952 0.538865 0.408114 0.540229 0.399874 0.539003 0.392073 0.538652 0.390228 0.537623 0.388658 0.536070 0.387601 0.534232 0.387219 0.526282 0.385685 0.518191 0.387082 0.516347 0.387432 0.514776 0.388462 0.513720 0.390014 0.513338 0.391852 0.512094 0.399632
0 0.316533 0.161712 0.316719 0.167198 0.316908 0.172473 0.317685 0.174183 0.318128 0.174974 0.319496 0.176253 0.321250 0.176911 0.328535 0.178608 0.337042 0.179498 0.338914 0.179435 0.340619 0.178659 0.341898 0.177291 0.342556 0.175537 0.344656 0.167026 0.345143 0.159745 0.345080 0.157873 0.344703 0.157040 0.343948 0.155380 0.343925 0.155331 0.342553 0.154049 0.337831 0.152031 0.332691 0.150104 0.327205 0.150290 0.323088 0.150860 0.321379 0.151637 0.320097 0.153009 0.318460 0.156572
0 0.146106 0.107092 0.146379 0.108959 0.148797 0.117891 0.151775 0.124144 0.152741 0.125764 0.153538 0.126624 0.153588 0.126677 0.155097 0.127801 0.156922 0.128263 0.162106 0.128083 0.167525 0.127291 0.172228 0.124486 0.175547 0.121644 0.176672 0.120135 0.177133 0.118310 0.176841 0.114786 0.176049 0.109368 0.171478 0.101301 0.170514 0.099684 0.169708 0.098705 0.168195 0.097578 0.166367 0.097116 0.164500 0.097389 0.157341 0.099926 0.149315 0.102785 0.147695 0.103751 0.146568 0.105264
0 0.615693 0.748969 0.616069 0.750812 0.617800 0.758097 0.618071 0.758690 0.622595 0.766283 0.623650 0.767847 0.625224 0.768887 0.627076 0.769246 0.628924 0.768868 0.636487 0.766211 0.643782 0.762627 0.645345 0.761571 0.646385 0.759998 0.646744 0.758146 0.646366 0.756298 0.644008 0.747795 0.643678 0.747227 0.639783 0.740851 0.638730 0.739291 0.637160 0.738254 0.635313 0.737896 0.630669 0.738628 0.625304 0.739723 0.620766 0.742788 0.617089 0.745551 0.616051 0.747121
0 0.210631 0.899631 0.211204 0.901419 0.212417 0.902852 0.215945 0.905501 0.220826 0.908013 0.226296 0.908467 0.231379 0.908286 0.233167 0.907713 0.234600 0.906500 0.234638 0.906442 0.235244 0.905513 0.236102 0.903847 0.238825 0.897452 0.240510 0.888464 0.240665 0.886598 0.240094 0.884814 0.238883 0.883384 0.237218 0.882527 0.229199 0.880092 0.221835 0.878118 0.219968 0.877963 0.218184 0.878535 0.216755 0.879745 0.216065 0.880670 0.215206 0.882340 0.211178 0.890613 0.210724 0.896084
0 0.914962 0.643768 0.915306 0.648585 0.915939 0.650357 0.917202 0.651753 0.918903 0.652558 0.925428 0.655328 0.926405 0.655685 0.935558 0.656856 0.937442 0.656950 0.939218 0.656315 0.940616 0.655049 0.941424 0.653344 0.943474 0.645468 0.945349 0.637714 0.945442 0.635830 0.944808 0.634054 0.943542 0.632655 0.941837 0.631848 0.933257 0.628399 0.932264 0.628105 0.925167 0.627611 0.923288 0.627518 0.921516 0.628151 0.920120 0.629414 0.917578 0.633350 0.915235 0.638299
0 0.238599 0.051770 0.239320 0.057212 0.240128 0.062740 0.241068 0.064365 0.241697 0.065423 0.243184 0.066562 0.244994 0.067045 0.252299 0.067710 0.260963 0.068078 0.262820 0.067832 0.264441 0.066894 0.265580 0.065407 0.266063 0.063597 0.267212 0.054608 0.267096 0.047628 0.266850 0.045771 0.266316 0.044730 0.266282 0.044665 0.265342 0.043040 0.263851 0.041898 0.258850 0.040054 0.253546 0.038638 0.248104 0.039359 0.244168 0.040625 0.242542 0.041565 0.241401 0.043056 0.240015 0.046466
0 0.621686 0.355695 0.622265 0.357486 0.625196 0.360990 0.628747 0.365159 0.633622 0.367653 0.637771 0.369746 0.639647 0.369896 0.641437 0.369317 0.642870 0.368097 0.643219 0.367774 0.648801 0.362540 0.653214 0.355133 0.654073 0.353454 0.654224 0.351574 0.653643 0.349779 0.652420 0.348343 0.646491 0.342782 0.639779 0.338348 0.638099 0.337489 0.636219 0.337338 0.634424 0.337918 0.632988 0.339142 0.626733 0.345091 0.626442 0.345446 0.622693 0.352144 0.621836 0.353820
