0 0.409543 0.586215 0.410233 0.594114 0.410434 0.595981 0.411333 0.597629 0.412795 0.598807 0.414597 0.599336 0.422300 0.601483 0.430574 0.600768 0.432441 0.600568 0.434089 0.599668 0.435268 0.598206 0.435425 0.597967 0.435953 0.596170 0.437711 0.588523 0.437381 0.580232 0.437181 0.578369 0.436283 0.576725 0.434825 0.575550 0.433028 0.575022 0.424983 0.573290 0.417090 0.573594 0.415227 0.573793 0.413583 0.574691 0.413372 0.574873 0.412194 0.576335 0.411665 0.578136
0 0.297135 0.355720 0.297823 0.357476 0.299131 0.358836 0.305527 0.364764 0.305972 0.365074 0.312811 0.368370 0.314535 0.369124 0.316416 0.369161 0.318169 0.368475 0.321563 0.365378 0.325510 0.361582 0.327704 0.356565 0.329469 0.352256 0.329505 0.350375 0.328819 0.348622 0.327515 0.347266 0.322018 0.342045 0.321609 0.341682 0.313871 0.337680 0.312142 0.336924 0.310256 0.336888 0.308500 0.337575 0.307140 0.338883 0.302027 0.345182 0.297928 0.352105 0.297172 0.353834
0 0.613703 0.411074 0.613903 0.412945 0.614888 0.421157 0.618702 0.428288 0.619603 0.429940 0.621068 0.431121 0.622874 0.431652 0.624744 0.431451 0.632472 0.430362 0.640087 0.426652 0.640107 0.426642 0.640430 0.426473 0.642086 0.425569 0.643270 0.424101 0.643802 0.422291 0.643601 0.420416 0.642002 0.412578 0.638790 0.405035 0.637887 0.403379 0.636419 0.402195 0.634609 0.401663 0.632733 0.401864 0.624378 0.403352 0.617353 0.406675 0.615697 0.407578 0.615431 0.407790 0.615415 0.407804 0.614233 0.409269
0 0.607481 0.275257 0.607992 0.277059 0.609154 0.278528 0.614748 0.284103 0.621341 0.288899 0.622977 0.289812 0.624837 0.290029 0.626639 0.289517 0.628108 0.288355 0.634535 0.282511 0.638480 0.276168 0.638817 0.275623 0.639731 0.273983 0.639949 0.272118 0.639436 0.270312 0.636654 0.266485 0.633248 0.262180 0.628454 0.259506 0.624415 0.257528 0.622550 0.257311 0.620743 0.257824 0.619271 0.258989 0.613416 0.263776 0.608874 0.271205 0.607959 0.272845 0.607697 0.273397
0 0.066497 0.653934 0.066970 0.655752 0.068102 0.657250 0.071196 0.659564 0.075930 0.662344 0.081367 0.663101 0.086732 0.663729 0.088549 0.663257 0.089548 0.662860 0.091043 0.661731 0.091992 0.660116 0.094770 0.653325 0.097248 0.645002 0.097507 0.643146 0.097035 0.641333 0.095906 0.639839 0.094291 0.638890 0.086123 0.635457 0.079177 0.633634 0.077321 0.633375 0.075508 0.633847 0.074536 0.634153 0.074475 0.634173 0.072977 0.635304 0.070043 0.639701 0.067263 0.644435 0.066506 0.649872
0 0.041300 0.810808 0.041959 0.812575 0.043244 0.813956 0.056315 0.823381 0.058031 0.824165 0.059916 0.824232 0.061684 0.823573 0.062753 0.822784 0.064130 0.821501 0.070795 0.814964 0.073070 0.809983 0.074315 0.806751 0.074382 0.804870 0.073724 0.803107 0.071352 0.799380 0.067621 0.795372 0.062640 0.793097 0.057691 0.791545 0.055811 0.791478 0.054048 0.792135 0.052957 0.792850 0.051576 0.794135 0.046991 0.799232 0.042151 0.807207 0.041367 0.808922
0 0.324768 0.451513 0.324868 0.453396 0.325682 0.455098 0.327084 0.456359 0.328863 0.456988 0.337064 0.459433 0.337438 0.459526 0.345192 0.459387 0.347071 0.459287 0.348769 0.458475 0.350027 0.457076 0.350654 0.455301 0.353331 0.447638 0.352948 0.439390 0.352848 0.437511 0.352036 0.435813 0.350637 0.434555 0.350272 0.434395 0.348493 0.433767 0.341079 0.431588 0.332543 0.431467 0.330659 0.431567 0.328957 0.432381 0.327696 0.433784 0.327068 0.435562 0.325149 0.443503
0 0.506932 0.534943 0.507167 0.536810 0.507168 0.536815 0.507185 0.536900 0.508119 0.538539 0.512456 0.545306 0.518680 0.550711 0.520170 0.551868 0.521990 0.552365 0.523861 0.552129 0.525500 0.551195 0.532299 0.546713 0.537672 0.540634 0.538829 0.539144 0.539327 0.537324 0.539091 0.535453 0.538156 0.533814 0.533706 0.526870 0.527596 0.521642 0.527532 0.521592 0.526042 0.520435 0.524226 0.519939 0.522359 0.520174 0.520725 0.521106 0.513832 0.525405 0.508582 0.531641 0.507428 0.533128
0 0.498075 0.310708 0.498079 0.311170 0.498653 0.312962 0.499868 0.314399 0.501541 0.315260 0.508915 0.319051 0.514372 0.319506 0.518869 0.319849 0.520661 0.319276 0.522098 0.318060 0.522959 0.316387 0.526274 0.309431 0.526335 0.308993 0.527459 0.300448 0.527616 0.298568 0.527041 0.296771 0.525822 0.295331 0.524145 0.294468 0.516693 0.291594 0.508655 0.290024 0.506775 0.289867 0.504979 0.290442 0.503539 0.291661 0.502675 0.293338 0.499293 0.301236 0.498231 0.308828
0 0.926360 0.592598 0.926525 0.594472 0.927970 0.598069 0.930502 0.602925 0.934699 0.606442 0.938908 0.609880 0.940704 0.610444 0.940767 0.610460 0.941782 0.610714 0.943661 0.610549 0.945333 0.609677 0.951267 0.605314 0.957894 0.599581 0.959106 0.598136 0.959672 0.596336 0.959506 0.594457 0.958634 0.592784 0.953419 0.585538 0.948539 0.580223 0.947093 0.579012 0.945293 0.578446 0.944207 0.578254 0.942332 0.578420 0.937505 0.580662 0.932650 0.583194 0.929132 0.587391 0.926925 0.590803
0 0.465562 0.604064 0.465952 0.605910 0.468090 0.613515 0.472294 0.620725 0.473360 0.622281 0.474941 0.623310 0.476795 0.623656 0.478641 0.623266 0.486557 0.620911 0.493456 0.616924 0.495012 0.615858 0.496041 0.614277 0.496387 0.612423 0.496396 0.612148 0.496007 0.610307 0.493966 0.602209 0.489680 0.595529 0.488616 0.593977 0.487040 0.592950 0.485190 0.592604 0.483349 0.592993 0.475541 0.594831 0.468570 0.599320 0.467018 0.600384 0.465991 0.601961 0.465986 0.601975 0.465908 0.602210
0 0.566968 0.125726 0.567093 0.127604 0.569278 0.132322 0.571704 0.137231 0.575824 0.140839 0.579139 0.143276 0.580922 0.143879 0.582799 0.143755 0.586475 0.142232 0.591384 0.139805 0.594991 0.135686 0.598471 0.131708 0.599075 0.129926 0.599317 0.129020 0.599192 0.127138 0.598356 0.125447 0.594174 0.119254 0.588535 0.112670 0.587116 0.111428 0.585329 0.110823 0.583447 0.110948 0.581756 0.111784 0.574449 0.116673 0.568979 0.121604 0.567737 0.123024 0.567132 0.124811
0 0.928647 0.294751 0.929242 0.296528 0.930471 0.297941 0.932148 0.298776 0.940622 0.301555 0.947587 0.302982 0.949456 0.303113 0.951232 0.302518 0.952331 0.302037 0.953748 0.300805 0.956458 0.296137 0.958906 0.291223 0.959288 0.285747 0.958932 0.281774 0.958336 0.279994 0.957103 0.278577 0.953943 0.276400 0.949030 0.273952 0.943553 0.273570 0.938073 0.273392 0.936292 0.273988 0.935232 0.274538 0.933819 0.275767 0.932983 0.277443 0.930769 0.284323 0.928778 0.292883
0 0.462242 0.340084 0.462334 0.340473 0.462933 0.342247 0.465797 0.349416 0.470909 0.356120 0.472142 0.357531 0.473820 0.358362 0.475689 0.358488 0.477464 0.357889 0.484962 0.354589 0.491337 0.349913 0.492747 0.348681 0.493579 0.347002 0.493705 0.345133 0.493690 0.344779 0.493689 0.344756 0.493089 0.342977 0.490111 0.335046 0.485093 0.329071 0.483858 0.327657 0.482175 0.326823 0.480302 0.326697 0.476104 0.328107 0.470903 0.329862 0.464616 0.335293 0.463202 0.336528 0.462369 0.338211
0 0.380636 0.619270 0.380702 0.621146 0.381481 0.622854 0.384929 0.630364 0.388945 0.634107 0.392231 0.637150 0.393990 0.637807 0.395867 0.637741 0.397575 0.636962 0.404567 0.633556 0.410591 0.627585 0.411871 0.626212 0.412085 0.625905 0.412740 0.624151 0.412674 0.622279 0.411897 0.620574 0.407970 0.613657 0.402543 0.607590 0.401173 0.606313 0.399418 0.605658 0.397546 0.605724 0.395842 0.606501 0.388377 0.610472 0.382858 0.615855 0.382590 0.616120 0.382573 0.616137 0.381293 0.617510
0 0.038038 0.322764 0.039852 0.327945 0.042032 0.332716 0.043283 0.334116 0.044975 0.334930 0.045040 0.334954 0.046080 0.335331 0.047951 0.335436 0.054960 0.335103 0.063795 0.333195 0.065563 0.332576 0.066960 0.331327 0.067772 0.329639 0.067876 0.327769 0.066892 0.319240 0.065636 0.311925 0.065017 0.310157 0.063768 0.308760 0.062081 0.307948 0.061014 0.307480 0.049998 0.306865 0.044817 0.308679 0.041484 0.310242 0.040084 0.311494 0.039270 0.313186 0.038344 0.317284
0 0.281735 0.598515 0.282993 0.603859 0.284148 0.608091 0.285246 0.609615 0.286842 0.610603 0.288696 0.610905 0.296286 0.612084 0.304727 0.610345 0.306555 0.609914 0.306582 0.609899 0.307025 0.609647 0.308545 0.608553 0.309531 0.606960 0.309832 0.605111 0.310291 0.597309 0.309273 0.589119 0.308844 0.587295 0.307749 0.585775 0.306156 0.584790 0.304307 0.584489 0.295773 0.583772 0.288315 0.585047 0.286492 0.585476 0.286002 0.585672 0.285972 0.585685 0.284448 0.586782 0.283460 0.588378 0.282617 0.593097
0 0.654877 0.072353 0.654961 0.074225 0.655755 0.075921 0.657137 0.077185 0.658898 0.077824 0.667032 0.079196 0.674717 0.080239 0.676588 0.080156 0.678285 0.079362 0.679549 0.077980 0.679986 0.076952 0.680626 0.075187 0.683447 0.066446 0.683201 0.060962 0.682964 0.057453 0.682168 0.055752 0.680783 0.054485 0.676824 0.052286 0.671664 0.050415 0.666180 0.050661 0.661284 0.051508 0.659583 0.052303 0.658316 0.053689 0.657676 0.055455 0.657293 0.056534 0.655276 0.063202
0 0.115612 0.720532 0.116412 0.725962 0.117567 0.729954 0.118532 0.731566 0.120039 0.732686 0.123636 0.733947 0.128960 0.735285 0.134391 0.734485 0.139739 0.733671 0.141350 0.732707 0.142221 0.732141 0.143338 0.730638 0.143795 0.728821 0.144530 0.721428 0.144594 0.712839 0.144321 0.710986 0.143359 0.709379 0.141855 0.708261 0.140039 0.707805 0.131212 0.706709 0.124056 0.707006 0.122203 0.707279 0.121283 0.707784 0.119672 0.708748 0.118552 0.710255 0.116950 0.715208
0 0.369591 0.787152 0.369893 0.789005 0.370881 0.790602 0.374472 0.793593 0.378927 0.796800 0.384270 0.798059 0.388830 0.798782 0.390683 0.798480 0.392280 0.797492 0.393377 0.795968 0.397563 0.789833 0.397798 0.789169 0.400272 0.780688 0.400702 0.778865 0.400400 0.777016 0.399415 0.775423 0.397895 0.774329 0.390847 0.770576 0.383333 0.767692 0.381510 0.767263 0.379661 0.767564 0.378068 0.768550 0.376974 0.770070 0.372254 0.777527 0.371960 0.778164 0.370022 0.785324
0 0.540404 0.430052 0.540840 0.431882 0.541945 0.433406 0.546912 0.439892 0.553735 0.444334 0.555338 0.445320 0.557196 0.445616 0.559026 0.445180 0.560550 0.444075 0.566745 0.439140 0.566898 0.439000 0.571653 0.432120 0.572641 0.430513 0.572938 0.428650 0.572501 0.426815 0.571394 0.425288 0.566144 0.419122 0.559575 0.414333 0.557968 0.413345 0.556105 0.413047 0.554270 0.413485 0.552743 0.414592 0.546266 0.419876 0.541788 0.426411 0.540800 0.428018 0.540700 0.428193
0 0.718466 0.249951 0.718744 0.251803 0.720855 0.259154 0.724153 0.266863 0.725118 0.268469 0.726624 0.269582 0.728442 0.270036 0.730294 0.269758 0.738810 0.267618 0.745354 0.264349 0.746960 0.263384 0.747526 0.262841 0.747561 0.262807 0.748678 0.261298 0.749132 0.259476 0.748655 0.254517 0.747843 0.249089 0.745015 0.244384 0.742464 0.240913 0.740954 0.239796 0.739132 0.239342 0.735275 0.239792 0.729847 0.240605 0.722178 0.245043 0.720569 0.246010 0.720537 0.246046 0.720033 0.246627 0.718919 0.248133
0 0.406641 0.798100 0.407100 0.799921 0.409243 0.808390 0.412518 0.812795 0.415096 0.815921 0.416708 0.816884 0.418566 0.817158 0.422660 0.816410 0.427984 0.815070 0.432389 0.811795 0.436386 0.808703 0.437350 0.807091 0.437359 0.807047 0.437502 0.806345 0.437775 0.804492 0.437317 0.802676 0.434813 0.795650 0.430458 0.788218 0.429340 0.786715 0.427733 0.785754 0.425879 0.785481 0.424063 0.785938 0.416116 0.788985 0.409605 0.792798 0.408102 0.793915 0.407141 0.795523 0.406928 0.796200 0.406915 0.796242
0 0.037915 0.263343 0.038872 0.272046 0.039970 0.279326 0.040571 0.281115 0.041811 0.282536 0.043500 0.283376 0.044548 0.283873 0.044614 0.283904 0.050174 0.284324 0.055638 0.284698 0.060828 0.282954 0.064219 0.281383 0.065638 0.280147 0.066475 0.278462 0.067393 0.274452 0.067767 0.268989 0.066023 0.263798 0.063954 0.258856 0.062718 0.257438 0.062655 0.257403 0.061648 0.256844 0.059959 0.256005 0.058077 0.255876 0.051029 0.256301 0.042093 0.257931 0.040305 0.258532 0.038883 0.259772 0.038044 0.261461
0 0.049402 0.010581 0.049449 0.016071 0.050135 0.021685 0.050869 0.023413 0.050933 0.023482 0.051959 0.024571 0.053295 0.025884 0.055032 0.026586 0.061604 0.028113 0.070753 0.029573 0.072626 0.029557 0.074351 0.028826 0.075664 0.027490 0.076366 0.025753 0.079353 0.010032 0.079337 0.008159 0.078605 0.006435 0.077640 0.005304 0.077579 0.005233 0.076240 0.003917 0.070939 0.001444 0.065849 0.000000 0.060360 0.000000 0.056862 0.000234 0.055133 0.000968 0.053817 0.002307 0.051459 0.005492
0 0.672571 0.933173 0.673210 0.934943 0.673235 0.935006 0.673634 0.936007 0.674904 0.937402 0.676611 0.938204 0.683692 0.940238 0.692254 0.942079 0.694138 0.942167 0.695912 0.941527 0.697307 0.940256 0.698109 0.938549 0.700729 0.929967 0.701984 0.922907 0.702072 0.921022 0.701432 0.919248 0.700969 0.918285 0.700940 0.918225 0.699673 0.916834 0.694978 0.914313 0.690022 0.911984 0.684551 0.911729 0.680486 0.912080 0.678716 0.912719 0.677325 0.913986 0.675353 0.917275 0.673024 0.922232 0.672769 0.927702
0 0.651994 0.106926 0.652652 0.108680 0.653930 0.110049 0.655635 0.110825 0.663548 0.112880 0.671215 0.114479 0.673087 0.114543 0.674841 0.113886 0.676210 0.112607 0.676639 0.111664 0.677416 0.109955 0.680833 0.101508 0.681080 0.094338 0.681144 0.092461 0.680485 0.090703 0.679203 0.089330 0.675347 0.086870 0.670350 0.084598 0.664864 0.084411 0.660000 0.084825 0.658242 0.085485 0.656869 0.086766 0.656092 0.088476 0.653440 0.095081 0.653089 0.096009 0.652058 0.105054
0 0.091812 0.537487 0.092050 0.545488 0.092707 0.553577 0.093177 0.555404 0.094311 0.556912 0.095935 0.557871 0.097803 0.558136 0.106877 0.558751 0.107777 0.558617 0.114835 0.557101 0.116657 0.556632 0.118161 0.555501 0.119118 0.553881 0.120242 0.549246 0.121010 0.543824 0.119645 0.538521 0.118020 0.534144 0.116889 0.532640 0.115269 0.531683 0.113406 0.531419 0.106218 0.530592 0.105313 0.530662 0.096370 0.532392 0.094543 0.532862 0.093036 0.533995 0.092076 0.535619
0 0.874070 0.258841 0.874357 0.260692 0.875330 0.262292 0.876842 0.263398 0.878662 0.263842 0.887546 0.264810 0.894649 0.264523 0.896500 0.264237 0.897466 0.263663 0.899070 0.262687 0.900179 0.261171 0.901792 0.256147 0.903091 0.250814 0.902250 0.245389 0.901019 0.241465 0.900043 0.239860 0.898528 0.238752 0.894968 0.237458 0.889634 0.236159 0.884210 0.236999 0.878821 0.237911 0.877217 0.238887 0.876301 0.239521 0.875195 0.241033 0.874751 0.242853 0.874120 0.250189
0 0.356601 0.316652 0.356853 0.318521 0.358665 0.326959 0.362074 0.333767 0.363021 0.335398 0.363356 0.335800 0.364852 0.336941 0.366671 0.337424 0.371386 0.336815 0.376813 0.336086 0.381549 0.333335 0.385371 0.331019 0.386513 0.329523 0.386995 0.327704 0.386744 0.325839 0.385543 0.318262 0.381536 0.310630 0.380590 0.309003 0.380298 0.308536 0.378799 0.307392 0.376975 0.306908 0.375106 0.307160 0.367415 0.309094 0.359860 0.312381 0.358229 0.313329 0.357085 0.314829
0 0.078686 0.356903 0.079377 0.358658 0.083736 0.366416 0.088092 0.372213 0.089403 0.373571 0.091132 0.374323 0.092130 0.374630 0.094012 0.374663 0.098989 0.372943 0.104085 0.370937 0.108025 0.367134 0.110638 0.363972 0.111389 0.362247 0.111422 0.360365 0.110306 0.356637 0.108299 0.351542 0.104496 0.347602 0.100731 0.343738 0.099006 0.342988 0.098948 0.342965 0.098025 0.342604 0.096139 0.342570 0.094384 0.343262 0.087960 0.346977 0.080829 0.351977 0.079472 0.353287 0.078719 0.355017
0 0.853380 0.145162 0.853489 0.147032 0.854306 0.148717 0.855705 0.149963 0.857475 0.150577 0.866124 0.152021 0.873325 0.152779 0.875195 0.152669 0.876881 0.151853 0.877744 0.151055 0.877798 0.151005 0.879047 0.149602 0.881034 0.144408 0.882835 0.139223 0.882515 0.133743 0.881760 0.130065 0.880941 0.128376 0.879538 0.127127 0.876021 0.125154 0.870835 0.123353 0.865355 0.123673 0.860001 0.124414 0.858311 0.125232 0.857441 0.126143 0.856196 0.127542 0.855581 0.129312 0.854152 0.136188
0 0.132589 0.619232 0.132872 0.621097 0.135365 0.628771 0.138348 0.636253 0.139323 0.637868 0.140842 0.638987 0.142673 0.639440 0.144538 0.639157 0.153375 0.637220 0.154169 0.636905 0.160524 0.633354 0.162135 0.632382 0.163252 0.630867 0.163703 0.629040 0.163419 0.624351 0.162598 0.618937 0.159769 0.614249 0.156985 0.610450 0.155470 0.609333 0.153644 0.608882 0.151783 0.609164 0.144630 0.610508 0.143814 0.610762 0.135775 0.614908 0.134160 0.615882 0.133042 0.617401
0 0.522156 0.456357 0.522602 0.458185 0.523713 0.459703 0.528752 0.466106 0.535554 0.470576 0.537162 0.471554 0.539022 0.471842 0.540850 0.471397 0.540856 0.471393 0.540950 0.471327 0.542472 0.470213 0.548693 0.465180 0.553371 0.458343 0.554352 0.456731 0.554640 0.454867 0.554194 0.453034 0.553080 0.451512 0.547845 0.445306 0.541210 0.440612 0.539598 0.439632 0.537734 0.439343 0.535901 0.439790 0.534379 0.440904 0.527971 0.446153 0.523480 0.452774 0.522499 0.454386 0.522448 0.454490 0.522445 0.454497
0 0.333269 0.371005 0.333858 0.372797 0.335087 0.374227 0.335466 0.374516 0.335490 0.374534 0.337169 0.375383 0.344944 0.378980 0.352655 0.379698 0.354531 0.379839 0.356319 0.379252 0.357746 0.378025 0.359760 0.374114 0.362230 0.369227 0.362909 0.360860 0.363051 0.358984 0.362464 0.357196 0.361237 0.355769 0.361218 0.355748 0.360898 0.355416 0.359215 0.354565 0.352139 0.351601 0.343691 0.350240 0.341810 0.350098 0.340018 0.350687 0.338587 0.351916 0.337736 0.353600 0.334813 0.361376 0.333411 0.369124
0 0.031307 0.484212 0.031366 0.488560 0.032284 0.493972 0.035204 0.498621 0.038337 0.502642 0.039869 0.503728 0.041699 0.504147 0.042812 0.504137 0.044659 0.503823 0.051473 0.502098 0.059611 0.498120 0.061197 0.497124 0.062281 0.495596 0.062698 0.493770 0.062385 0.491923 0.059585 0.483981 0.056682 0.476972 0.055685 0.475386 0.054158 0.474302 0.052332 0.473884 0.051306 0.473824 0.051242 0.473821 0.049391 0.474135 0.040415 0.475814 0.035766 0.478733 0.032812 0.480851 0.031726 0.482382
0 0.569300 0.674410 0.569811 0.676221 0.572218 0.683509 0.572384 0.683930 0.577295 0.691011 0.578463 0.692493 0.580109 0.693415 0.581982 0.693637 0.583798 0.693125 0.591303 0.690080 0.598157 0.685811 0.599639 0.684643 0.600561 0.682998 0.600783 0.681124 0.600271 0.679309 0.597452 0.671162 0.597229 0.670770 0.592730 0.664547 0.591565 0.663069 0.589924 0.662149 0.588055 0.661927 0.583625 0.663148 0.578354 0.664634 0.574053 0.668023 0.570441 0.670899 0.569521 0.672541
0 0.048961 0.600402 0.049691 0.604803 0.051394 0.610021 0.054964 0.614191 0.058620 0.617599 0.060294 0.618450 0.062166 0.618595 0.062229 0.618578 0.063229 0.618307 0.065010 0.617726 0.071533 0.615134 0.078963 0.609890 0.080386 0.608672 0.081234 0.607002 0.081379 0.605134 0.080798 0.603353 0.076898 0.596023 0.072961 0.589401 0.071743 0.587978 0.070073 0.587130 0.068206 0.586985 0.067216 0.587184 0.067154 0.587197 0.065369 0.587779 0.056771 0.590866 0.052601 0.594436 0.049956 0.596855 0.049106 0.598529
0 0.520351 0.803934 0.520398 0.804630 0.520401 0.804674 0.520992 0.806456 0.522220 0.807877 0.526478 0.810263 0.531384 0.812725 0.536859 0.813122 0.541237 0.813114 0.543019 0.812523 0.544439 0.811294 0.546221 0.807803 0.548683 0.802897 0.549541 0.794151 0.549677 0.792278 0.549670 0.792236 0.549556 0.791568 0.548966 0.789790 0.547741 0.788373 0.546067 0.787533 0.538766 0.784944 0.530639 0.783284 0.528771 0.783149 0.526993 0.783738 0.525576 0.784964 0.524736 0.786638 0.521507 0.794749 0.520487 0.802066
0 0.244392 0.262974 0.244864 0.264800 0.246000 0.266307 0.251813 0.273129 0.252382 0.273649 0.258612 0.277582 0.260234 0.278537 0.262097 0.278799 0.263919 0.278328 0.267824 0.275820 0.272197 0.272524 0.274977 0.267806 0.277082 0.263581 0.277344 0.261718 0.276873 0.259896 0.275740 0.258393 0.271073 0.252709 0.270547 0.252141 0.263170 0.247071 0.261544 0.246113 0.259676 0.245851 0.257850 0.246323 0.256344 0.247458 0.250686 0.253268 0.245612 0.259481 0.244655 0.261106
