0 0.109207 0.108083 0.110056 0.111360 0.111735 0.116587 0.117572 0.123892 0.118787 0.125324 0.118841 0.125378 0.119713 0.126234 0.121379 0.127090 0.123246 0.127244 0.125029 0.126671 0.139017 0.118899 0.140446 0.117687 0.141302 0.116021 0.141455 0.114154 0.140882 0.112371 0.137164 0.103831 0.133111 0.098383 0.131899 0.096954 0.131003 0.095973 0.129332 0.095115 0.127461 0.094961 0.122427 0.095778 0.117201 0.097457 0.113014 0.101007 0.110219 0.104541 0.109361 0.106211
0 0.251711 0.706281 0.252292 0.714826 0.252467 0.716705 0.252701 0.717145 0.253593 0.718793 0.255065 0.719954 0.256894 0.720451 0.264624 0.721768 0.273112 0.721562 0.275007 0.721321 0.276689 0.720380 0.277905 0.718884 0.278468 0.717060 0.280225 0.708672 0.280159 0.700956 0.279985 0.699081 0.279101 0.697439 0.278806 0.697048 0.277348 0.695889 0.275537 0.695388 0.267344 0.693233 0.261828 0.693908 0.257479 0.694442 0.255790 0.695375 0.254568 0.696867 0.254002 0.698692
0 0.380511 0.347043 0.380599 0.355542 0.382501 0.363035 0.383094 0.364826 0.384328 0.366253 0.384610 0.366579 0.386292 0.367423 0.388169 0.367560 0.396532 0.368067 0.404122 0.365575 0.405908 0.364983 0.407331 0.363752 0.408176 0.362070 0.408312 0.360194 0.408726 0.352407 0.406327 0.344241 0.405735 0.342455 0.405722 0.342432 0.405505 0.342069 0.404271 0.340642 0.402585 0.339796 0.400704 0.339659 0.392821 0.339846 0.384712 0.341649 0.382921 0.342242 0.381494 0.343476 0.380648 0.345162
0 0.235289 0.638873 0.235798 0.643580 0.236695 0.648996 0.239596 0.653656 0.242246 0.657329 0.243773 0.658422 0.245602 0.658848 0.247454 0.658541 0.254822 0.657198 0.262464 0.652882 0.262498 0.652861 0.264058 0.651890 0.264632 0.651521 0.265722 0.649998 0.266146 0.648174 0.265840 0.646326 0.263567 0.638752 0.260196 0.631352 0.259206 0.629762 0.257683 0.628672 0.255858 0.628247 0.254010 0.628553 0.245482 0.630570 0.244897 0.630869 0.238401 0.634524 0.236807 0.635517 0.235714 0.637044
0 0.254622 0.521063 0.255801 0.526424 0.256952 0.530844 0.258026 0.532384 0.259608 0.533395 0.261457 0.533724 0.268971 0.534846 0.269500 0.534766 0.278035 0.533321 0.279865 0.532919 0.281401 0.531847 0.282410 0.530269 0.282739 0.528425 0.283251 0.520450 0.282417 0.512426 0.282015 0.510596 0.280943 0.509060 0.279365 0.508051 0.277521 0.507722 0.268936 0.506700 0.268405 0.506715 0.260941 0.508064 0.259107 0.508467 0.257567 0.509541 0.256555 0.511123 0.255585 0.515659
0 0.875074 0.424394 0.875847 0.432319 0.877174 0.440258 0.877778 0.442032 0.879014 0.443439 0.880694 0.444266 0.882563 0.444387 0.891604 0.444392 0.892503 0.444264 0.899397 0.442147 0.901175 0.441542 0.902586 0.440303 0.903415 0.438618 0.904249 0.433949 0.904604 0.428471 0.902836 0.423274 0.900827 0.419064 0.899587 0.417654 0.897903 0.416824 0.896029 0.416703 0.888811 0.416371 0.887920 0.416563 0.879203 0.419005 0.877430 0.419608 0.876022 0.420845 0.875195 0.422525
0 0.480344 0.979908 0.480879 0.981717 0.482065 0.983184 0.483722 0.984085 0.491078 0.986444 0.499109 0.988875 0.500984 0.989073 0.502793 0.988539 0.504260 0.987353 0.505162 0.985696 0.508689 0.977194 0.509952 0.970309 0.510150 0.968433 0.510127 0.967357 0.510125 0.967290 0.509592 0.965485 0.508409 0.964022 0.504252 0.961146 0.499441 0.958530 0.493995 0.957953 0.489535 0.958147 0.487731 0.958680 0.486267 0.959863 0.484486 0.962948 0.481870 0.967758 0.480590 0.976865 0.480392 0.978737 0.480389 0.978806
0 0.482330 0.228988 0.482370 0.229609 0.483750 0.236991 0.484166 0.238826 0.485253 0.240362 0.486845 0.241365 0.491377 0.242339 0.496774 0.243263 0.502114 0.242052 0.506605 0.240838 0.508141 0.239751 0.509144 0.238159 0.509462 0.236304 0.510428 0.228860 0.510452 0.228237 0.509055 0.219550 0.508638 0.217710 0.507548 0.216170 0.505952 0.215164 0.504093 0.214846 0.496016 0.214551 0.487984 0.215276 0.486144 0.215693 0.484604 0.216783 0.483598 0.218379 0.483280 0.220238
0 0.064512 0.594003 0.064679 0.595882 0.066845 0.603701 0.069211 0.611347 0.070085 0.613019 0.071532 0.614229 0.073332 0.614794 0.075211 0.614626 0.084300 0.613243 0.085252 0.612984 0.091674 0.609825 0.093342 0.608954 0.094549 0.607511 0.095112 0.605715 0.095258 0.601023 0.094772 0.595569 0.092237 0.590715 0.089553 0.586746 0.088109 0.585539 0.086314 0.584975 0.084440 0.585142 0.077358 0.586048 0.076387 0.586246 0.067958 0.589883 0.066286 0.590757 0.065076 0.592203
0 0.710554 0.827045 0.710654 0.828915 0.711462 0.830605 0.711977 0.831410 0.713374 0.832665 0.718248 0.834567 0.723424 0.836393 0.728906 0.836100 0.732897 0.835473 0.734591 0.834662 0.735846 0.833265 0.737526 0.829648 0.739352 0.824471 0.739059 0.818989 0.738654 0.813742 0.737844 0.812048 0.737266 0.811290 0.735873 0.810038 0.734106 0.809415 0.726909 0.807836 0.718267 0.807137 0.716397 0.807237 0.714707 0.808046 0.713455 0.809439 0.712832 0.811206 0.711017 0.819731
0 0.750515 0.366594 0.751220 0.368330 0.752536 0.369662 0.759117 0.374840 0.765785 0.378638 0.767510 0.379366 0.769383 0.379378 0.771119 0.378672 0.771779 0.378377 0.773115 0.377058 0.779250 0.370796 0.781383 0.365738 0.782842 0.362047 0.782854 0.360170 0.782147 0.358430 0.779350 0.355164 0.775494 0.351258 0.770436 0.349125 0.765817 0.347367 0.763939 0.347355 0.762200 0.348062 0.762162 0.348084 0.761563 0.348431 0.760230 0.349747 0.755369 0.355347 0.751255 0.362995 0.750527 0.364721
0 0.048010 0.126461 0.049520 0.131738 0.051422 0.137016 0.052590 0.138486 0.052654 0.138538 0.053677 0.139365 0.055315 0.140274 0.057176 0.140486 0.064190 0.140149 0.073124 0.139168 0.074925 0.138652 0.076391 0.137487 0.077300 0.135849 0.077513 0.133988 0.077022 0.125004 0.076194 0.118040 0.075679 0.116240 0.074513 0.114773 0.073539 0.113890 0.073477 0.113835 0.071836 0.112924 0.066325 0.111905 0.060871 0.111282 0.055594 0.112792 0.052178 0.114549 0.050708 0.115717 0.049797 0.117359 0.048633 0.121007
0 0.321384 0.770137 0.321686 0.771990 0.322675 0.773586 0.326156 0.776537 0.330613 0.779742 0.335956 0.780998 0.340627 0.781759 0.342480 0.781456 0.344076 0.780468 0.345173 0.778943 0.349246 0.772767 0.349591 0.772142 0.352179 0.763702 0.352608 0.761878 0.352306 0.760029 0.351320 0.758437 0.349799 0.757343 0.342632 0.753551 0.335235 0.750713 0.333411 0.750284 0.331563 0.750586 0.329970 0.751572 0.328877 0.753093 0.328460 0.753709 0.323638 0.761109 0.321814 0.768309
0 0.776876 0.283170 0.778490 0.288403 0.780091 0.292342 0.781291 0.293791 0.782955 0.294670 0.786825 0.295178 0.792277 0.295689 0.800820 0.293196 0.802618 0.292641 0.802661 0.292612 0.803358 0.292134 0.804811 0.290931 0.805692 0.289263 0.805868 0.287385 0.805496 0.279785 0.804214 0.271355 0.803658 0.269552 0.802455 0.268100 0.800787 0.267218 0.798909 0.267042 0.790061 0.267236 0.782879 0.268696 0.781076 0.269252 0.780431 0.269782 0.780391 0.269815 0.778942 0.271015 0.778062 0.272679 0.777387 0.277718
0 0.758282 0.668283 0.758344 0.670141 0.759446 0.686269 0.759638 0.688118 0.759931 0.689676 0.760280 0.690708 0.760634 0.691053 0.765594 0.692025 0.768828 0.691890 0.769752 0.690729 0.770388 0.687550 0.771703 0.679935 0.771764 0.678772 0.771720 0.677413 0.771576 0.676067 0.771355 0.674940 0.768978 0.667270 0.767918 0.664317 0.766854 0.663411 0.763629 0.663546 0.758861 0.665162 0.758561 0.665588 0.758358 0.666684
0 0.508474 0.661776 0.508494 0.662170 0.508832 0.664017 0.509851 0.665594 0.514605 0.672585 0.521019 0.677109 0.522564 0.678177 0.524400 0.678571 0.526247 0.678233 0.527824 0.677214 0.534498 0.672890 0.539339 0.666046 0.540407 0.664501 0.540801 0.662665 0.540463 0.660818 0.540365 0.660427 0.539348 0.658854 0.534723 0.652646 0.528207 0.647367 0.526666 0.646302 0.524835 0.645909 0.522992 0.646246 0.521419 0.647263 0.514876 0.652342 0.509932 0.658404 0.508867 0.659945
0 0.823692 0.934138 0.823703 0.936011 0.824922 0.945172 0.826913 0.951688 0.827640 0.953414 0.828391 0.954453 0.828438 0.954518 0.829773 0.955838 0.831512 0.956547 0.836784 0.957185 0.842273 0.957153 0.847332 0.955024 0.850835 0.952589 0.852155 0.951254 0.852864 0.949515 0.853264 0.946038 0.853232 0.940549 0.849635 0.931923 0.848907 0.930192 0.848059 0.929147 0.846727 0.927830 0.844993 0.927123 0.843119 0.927134 0.835856 0.928605 0.827443 0.930345 0.825716 0.931071 0.824399 0.932404
0 0.577717 0.549309 0.577957 0.551166 0.579565 0.559277 0.583061 0.566333 0.583993 0.567958 0.584198 0.568123 0.585684 0.569270 0.587497 0.569761 0.589359 0.569520 0.597568 0.568259 0.604563 0.564404 0.606191 0.563469 0.607338 0.561983 0.607829 0.560170 0.607589 0.558308 0.606414 0.550438 0.602472 0.543105 0.601538 0.541476 0.600051 0.540329 0.599808 0.540231 0.598000 0.539741 0.596142 0.539981 0.588391 0.541497 0.580976 0.545085 0.579351 0.546018 0.578207 0.547501
0 0.322291 0.722083 0.322523 0.723946 0.324680 0.728193 0.327393 0.732965 0.331726 0.736336 0.335429 0.738863 0.337239 0.739361 0.339102 0.739129 0.340735 0.738201 0.347237 0.734400 0.352866 0.727705 0.354019 0.726223 0.354040 0.726191 0.354374 0.725674 0.354870 0.723868 0.354639 0.722009 0.353713 0.720381 0.349019 0.714064 0.343243 0.708279 0.341764 0.707128 0.339958 0.706632 0.338100 0.706863 0.336471 0.707789 0.329220 0.712633 0.324370 0.718259 0.323967 0.718759 0.323942 0.718791 0.322789 0.720272
0 0.022261 0.271119 0.022545 0.272984 0.023521 0.274598 0.025041 0.275716 0.026132 0.276231 0.026200 0.276263 0.028027 0.276713 0.037066 0.278787 0.042479 0.277962 0.045947 0.277153 0.047557 0.276179 0.048672 0.274663 0.050409 0.270716 0.051718 0.265399 0.050892 0.259986 0.049562 0.254916 0.048588 0.253306 0.047072 0.252191 0.047007 0.252155 0.045964 0.251585 0.044132 0.251134 0.037269 0.250175 0.028034 0.250409 0.026169 0.250693 0.024555 0.251669 0.023437 0.253189 0.022986 0.255020 0.022584 0.263594
0 0.273602 0.065074 0.274229 0.066844 0.276784 0.073375 0.277295 0.074353 0.282958 0.081650 0.284211 0.083042 0.285902 0.083849 0.287772 0.083947 0.289538 0.083322 0.296534 0.079241 0.303291 0.075141 0.304684 0.073888 0.305490 0.072198 0.305589 0.070327 0.304963 0.068561 0.301422 0.060002 0.300966 0.058992 0.296288 0.053724 0.295032 0.052328 0.293337 0.051520 0.291462 0.051421 0.286858 0.052260 0.281683 0.054092 0.277603 0.057765 0.274510 0.061504 0.273701 0.063199
0 0.444823 0.412266 0.444874 0.414143 0.445640 0.415857 0.445772 0.416061 0.447132 0.417349 0.448882 0.418018 0.456461 0.420354 0.464656 0.420710 0.466529 0.420659 0.468239 0.419895 0.469527 0.418535 0.470196 0.416785 0.472658 0.408879 0.472888 0.401011 0.472837 0.399139 0.472771 0.398893 0.472005 0.397179 0.470641 0.395888 0.468887 0.395217 0.461094 0.392436 0.453075 0.392519 0.451198 0.392570 0.449483 0.393336 0.448192 0.394699 0.447522 0.396453 0.444860 0.403937
0 0.460018 0.944840 0.460458 0.946674 0.461566 0.948201 0.463174 0.949187 0.470386 0.952007 0.478291 0.954771 0.480154 0.955067 0.481988 0.954627 0.483515 0.953519 0.484501 0.951911 0.488455 0.943686 0.490085 0.936794 0.490381 0.934931 0.490403 0.933932 0.490404 0.933870 0.489965 0.932040 0.488860 0.930517 0.484847 0.927504 0.480179 0.924642 0.474771 0.923783 0.470318 0.923668 0.468488 0.924106 0.466965 0.925212 0.465015 0.928276 0.462152 0.932944 0.460411 0.941896 0.460116 0.943754 0.460110 0.943818
0 0.770014 0.237907 0.770039 0.241794 0.770678 0.243564 0.771945 0.244956 0.775560 0.247106 0.780516 0.249434 0.785986 0.249689 0.791132 0.249709 0.792902 0.249071 0.793619 0.248457 0.795013 0.247187 0.795815 0.245479 0.798197 0.238588 0.799691 0.229837 0.799779 0.227953 0.799138 0.226178 0.797868 0.224784 0.796161 0.223982 0.787926 0.221552 0.780519 0.220106 0.778634 0.220018 0.776860 0.220659 0.775465 0.221929 0.774793 0.222607 0.773993 0.224311 0.770269 0.232437
0 0.720342 0.092103 0.720352 0.093985 0.721945 0.098916 0.724067 0.103965 0.727959 0.107817 0.731418 0.110364 0.733161 0.111075 0.735043 0.111065 0.738505 0.109858 0.743553 0.107736 0.750097 0.101336 0.751421 0.099998 0.751457 0.099941 0.752036 0.099020 0.752749 0.097273 0.752739 0.095387 0.752008 0.093648 0.747892 0.087304 0.742986 0.080295 0.741645 0.078968 0.739899 0.078256 0.738012 0.078265 0.736273 0.078996 0.728362 0.083525 0.722921 0.088019 0.721594 0.089359 0.721053 0.090361
0 0.107719 0.239538 0.107912 0.241174 0.110602 0.256515 0.111025 0.258397 0.111612 0.260227 0.112271 0.261725 0.112902 0.262660 0.117801 0.267694 0.118295 0.267919 0.121439 0.267249 0.121635 0.267207 0.123527 0.265611 0.124373 0.264157 0.124517 0.260819 0.124089 0.253238 0.124003 0.252536 0.123824 0.251525 0.123644 0.250722 0.123230 0.249412 0.122767 0.248333 0.119200 0.241115 0.117401 0.238333 0.115946 0.237556 0.111475 0.237207 0.111276 0.237249 0.108097 0.237927 0.107784 0.238399
0 0.088261 0.560553 0.088890 0.564938 0.090353 0.570229 0.093729 0.574558 0.097126 0.578173 0.098759 0.579099 0.100623 0.579330 0.101593 0.579137 0.103398 0.578638 0.110139 0.576300 0.117694 0.571446 0.119171 0.570294 0.120094 0.568665 0.120324 0.566806 0.119825 0.565000 0.116370 0.557453 0.112634 0.550705 0.111482 0.549228 0.109852 0.548304 0.107993 0.548075 0.107095 0.548185 0.107039 0.548192 0.105229 0.548692 0.096599 0.551339 0.092270 0.554715 0.089418 0.557056 0.088492 0.558689
0 0.121277 0.800429 0.121887 0.805884 0.122872 0.809700 0.123779 0.811344 0.125247 0.812516 0.128828 0.814116 0.134101 0.815639 0.139557 0.815029 0.144900 0.814189 0.146544 0.813281 0.147403 0.812520 0.148572 0.811057 0.149091 0.809257 0.150115 0.802121 0.150448 0.793313 0.150240 0.791451 0.149335 0.789811 0.147871 0.788642 0.146072 0.788122 0.137320 0.786945 0.130127 0.786765 0.128266 0.786974 0.126626 0.787879 0.125770 0.788538 0.125716 0.788580 0.124544 0.790047 0.122800 0.795155
0 0.603219 0.147496 0.603283 0.154812 0.603332 0.156694 0.604097 0.158413 0.605462 0.159708 0.609561 0.161742 0.614673 0.163705 0.620147 0.163562 0.624944 0.163057 0.626663 0.162291 0.627958 0.160926 0.628651 0.159121 0.628947 0.158336 0.631182 0.151452 0.631677 0.142454 0.631628 0.140568 0.630861 0.138845 0.629493 0.137546 0.627731 0.136870 0.619702 0.135206 0.611849 0.134140 0.609963 0.134189 0.608240 0.134957 0.606942 0.136325 0.606266 0.138086 0.603456 0.146686
0 0.283843 0.402893 0.284016 0.404771 0.284895 0.406440 0.286345 0.407646 0.286836 0.407858 0.286867 0.407871 0.288664 0.408429 0.296999 0.410671 0.304652 0.410105 0.306526 0.409933 0.308191 0.409056 0.309394 0.407609 0.310798 0.403408 0.312420 0.398177 0.311918 0.392724 0.311456 0.387950 0.310579 0.386285 0.309132 0.385082 0.309105 0.385065 0.308665 0.384801 0.306863 0.384242 0.299466 0.382487 0.290836 0.382561 0.288958 0.382734 0.287289 0.383613 0.286083 0.385064 0.285524 0.386865 0.284010 0.395010
0 0.844198 0.818958 0.844240 0.820840 0.844998 0.822562 0.846408 0.823909 0.847206 0.824654 0.852493 0.829195 0.860802 0.833306 0.862560 0.833989 0.864446 0.833946 0.866172 0.833186 0.867476 0.831823 0.871912 0.824879 0.876127 0.818227 0.876810 0.816468 0.876768 0.814582 0.876007 0.812856 0.874644 0.811552 0.867596 0.805460 0.866753 0.804760 0.860167 0.802162 0.858413 0.801481 0.856532 0.801523 0.854809 0.802281 0.851163 0.805108 0.847379 0.809066 0.845397 0.814171
0 0.277138 0.710792 0.277254 0.712678 0.278085 0.714344 0.278114 0.714370 0.278580 0.714784 0.280001 0.715980 0.285866 0.720379 0.293956 0.723522 0.295738 0.724058 0.297618 0.723858 0.299308 0.722953 0.300553 0.721482 0.305074 0.714463 0.308620 0.707203 0.309229 0.705395 0.309113 0.703517 0.308291 0.701856 0.306886 0.700663 0.300020 0.695414 0.299511 0.695046 0.292483 0.692692 0.290704 0.692146 0.288824 0.692333 0.287130 0.693226 0.283948 0.696607 0.280306 0.700874 0.278516 0.706154
0 0.848579 0.317970 0.848751 0.319844 0.850389 0.324061 0.852939 0.328907 0.857150 0.332408 0.861193 0.335204 0.862990 0.335761 0.864864 0.335589 0.865757 0.335187 0.867426 0.334308 0.873534 0.330590 0.879948 0.324165 0.881154 0.322714 0.881713 0.320912 0.881540 0.319034 0.880662 0.317365 0.875610 0.310806 0.870518 0.304843 0.869068 0.303637 0.867266 0.303078 0.865388 0.303250 0.863718 0.304129 0.862831 0.304607 0.855011 0.309168 0.850339 0.314726 0.849136 0.316173
0 0.076704 0.971045 0.077574 0.976465 0.078875 0.979879 0.079860 0.981478 0.081382 0.982579 0.084899 0.984356 0.090240 0.985626 0.095660 0.984756 0.101093 0.983311 0.102692 0.982327 0.102749 0.982258 0.103656 0.981155 0.104754 0.979638 0.105188 0.977815 0.105727 0.971008 0.105783 0.961824 0.105486 0.959975 0.104504 0.958380 0.102986 0.957282 0.101164 0.956848 0.092222 0.956460 0.085172 0.956254 0.083323 0.956551 0.081728 0.957533 0.080769 0.958581 0.080709 0.958647 0.079609 0.960168 0.077974 0.965704
0 0.750736 0.399344 0.751282 0.401136 0.752473 0.402582 0.754126 0.403463 0.762076 0.406697 0.769446 0.408085 0.771310 0.408266 0.773102 0.407720 0.773767 0.407495 0.775217 0.406302 0.777630 0.401923 0.780210 0.397078 0.780741 0.391614 0.780915 0.387418 0.780367 0.385622 0.779174 0.384172 0.775651 0.382125 0.770806 0.379545 0.762159 0.378656 0.760290 0.378475 0.758494 0.379022 0.757866 0.379316 0.756420 0.380507 0.755539 0.382160 0.752693 0.389204 0.750917 0.397480
0 0.660787 0.791069 0.661263 0.792890 0.663313 0.799959 0.663688 0.800648 0.668693 0.808104 0.669832 0.809608 0.671460 0.810562 0.673328 0.810820 0.675154 0.810343 0.682484 0.807161 0.689651 0.803307 0.691155 0.802168 0.692109 0.800541 0.692367 0.798672 0.691890 0.796847 0.688997 0.788365 0.688564 0.787704 0.684403 0.781660 0.683267 0.780160 0.681643 0.779209 0.679779 0.778951 0.675109 0.779822 0.669811 0.781206 0.665445 0.784511 0.661996 0.787582 0.661045 0.789205
0 0.256477 0.385380 0.256594 0.387263 0.257423 0.388958 0.258837 0.390206 0.259426 0.390474 0.261206 0.391084 0.269539 0.393599 0.277137 0.393235 0.279015 0.393118 0.280705 0.392291 0.281951 0.390881 0.283548 0.386748 0.285325 0.381568 0.284985 0.376103 0.284595 0.371291 0.283768 0.369601 0.282358 0.368356 0.281825 0.368034 0.280041 0.367422 0.272773 0.365475 0.264071 0.365266 0.262188 0.365383 0.260494 0.366212 0.259245 0.367626 0.258633 0.369410 0.256952 0.377533
0 0.193052 0.634406 0.193562 0.642784 0.193942 0.644632 0.195000 0.646194 0.196575 0.647232 0.198428 0.647588 0.207209 0.648381 0.214542 0.647484 0.216390 0.647104 0.217082 0.646745 0.218640 0.645689 0.219675 0.644118 0.220790 0.639295 0.221823 0.633917 0.220721 0.628553 0.219548 0.624352 0.218492 0.622794 0.216921 0.621758 0.213077 0.621007 0.207699 0.619974 0.198998 0.621507 0.197155 0.621886 0.197111 0.621903 0.196414 0.622184 0.194852 0.623242 0.193814 0.624817 0.193458 0.626669
0 0.132709 0.050454 0.132957 0.052315 0.133898 0.053940 0.134788 0.055023 0.136276 0.056161 0.142059 0.059695 0.150640 0.063214 0.152450 0.063696 0.154307 0.063448 0.155927 0.062509 0.157065 0.061021 0.164118 0.046658 0.164600 0.044847 0.164353 0.042991 0.163413 0.041370 0.162594 0.040253 0.161102 0.039113 0.153639 0.033428 0.148335 0.032016 0.144889 0.031559 0.143027 0.031808 0.141403 0.032749 0.138144 0.035495 0.134810 0.039855 0.133398 0.045160
0 0.610475 0.506992 0.610823 0.508841 0.612443 0.516711 0.616817 0.523758 0.617845 0.525334 0.619399 0.526396 0.619416 0.526400 0.619691 0.526460 0.621537 0.526848 0.623391 0.526500 0.630997 0.524557 0.638344 0.520492 0.639923 0.519460 0.640988 0.517903 0.641376 0.516057 0.641027 0.514203 0.638805 0.506261 0.635019 0.499250 0.633988 0.497670 0.632431 0.496606 0.630585 0.496218 0.630266 0.496227 0.628417 0.496575 0.620233 0.498456 0.613500 0.502568 0.611924 0.503597 0.610862 0.505150
