0 0.020519 0.912706 0.020570 0.914592 0.021338 0.916315 0.022707 0.917612 0.036339 0.926206 0.038101 0.926881 0.039986 0.926831 0.041709 0.926063 0.042828 0.925023 0.044122 0.923657 0.050461 0.916544 0.052421 0.911431 0.053368 0.908301 0.053318 0.906420 0.052552 0.904701 0.050046 0.900955 0.046072 0.897188 0.040959 0.895228 0.035830 0.894160 0.033949 0.894211 0.032230 0.894977 0.032163 0.895033 0.031086 0.895943 0.029788 0.897312 0.025629 0.902499 0.021195 0.910945
0 0.174024 0.344379 0.174495 0.346206 0.177688 0.354347 0.181483 0.360727 0.182616 0.362235 0.184241 0.363193 0.184966 0.363508 0.185011 0.363527 0.186875 0.363791 0.191855 0.362608 0.197158 0.361241 0.201534 0.357950 0.204686 0.355219 0.205643 0.353599 0.205907 0.351736 0.205085 0.347812 0.203718 0.342509 0.198466 0.335428 0.197335 0.333924 0.195714 0.332967 0.195671 0.332943 0.194970 0.332559 0.193102 0.332294 0.191276 0.332765 0.184263 0.335572 0.176755 0.339753 0.175247 0.340887 0.174288 0.342511
0 0.636833 0.436610 0.636853 0.438491 0.637591 0.440222 0.640809 0.447658 0.646663 0.453493 0.648008 0.454810 0.649754 0.455512 0.651635 0.455492 0.651657 0.455486 0.652006 0.455383 0.653741 0.454643 0.660682 0.451213 0.667045 0.445549 0.668365 0.444201 0.669068 0.442451 0.669049 0.440564 0.668308 0.438829 0.664357 0.431662 0.659214 0.425525 0.657866 0.424205 0.656116 0.423502 0.654230 0.423522 0.652495 0.424262 0.644807 0.427988 0.644475 0.428153 0.638851 0.433519 0.637535 0.434863
0 0.230229 0.594350 0.230803 0.597756 0.232389 0.600604 0.243606 0.601892 0.243954 0.601885 0.244785 0.601784 0.245971 0.601603 0.247332 0.601371 0.248659 0.601123 0.249748 0.600897 0.250159 0.600795 0.250507 0.600692 0.250614 0.600640 0.260692 0.595564 0.261100 0.592057 0.260532 0.588690 0.260033 0.588715 0.258880 0.588866 0.257249 0.589119 0.242056 0.591598 0.240194 0.591915 0.238374 0.592249 0.236870 0.592550 0.235911 0.592773 0.230506 0.594237
0 0.212280 0.351783 0.212390 0.357272 0.212756 0.362108 0.213509 0.363827 0.214864 0.365128 0.214904 0.365148 0.215556 0.365456 0.217301 0.366137 0.224298 0.368402 0.233055 0.368942 0.234928 0.368904 0.236644 0.368152 0.237942 0.366801 0.238623 0.365056 0.240577 0.357042 0.241427 0.349302 0.241390 0.347429 0.240638 0.345713 0.239287 0.344416 0.238689 0.344059 0.238652 0.344037 0.236903 0.343354 0.228595 0.340398 0.221110 0.340543 0.219233 0.340580 0.217513 0.341334 0.216212 0.342688 0.214277 0.346670
0 0.107367 0.894752 0.107481 0.896635 0.108307 0.898331 0.109719 0.899581 0.123636 0.907707 0.125419 0.908322 0.127302 0.908208 0.128998 0.907382 0.129903 0.906388 0.131151 0.904979 0.137079 0.897732 0.138864 0.892555 0.139870 0.889317 0.139756 0.887439 0.138932 0.885747 0.136135 0.882167 0.132035 0.878536 0.126859 0.876750 0.121862 0.875780 0.119984 0.875894 0.118292 0.876718 0.118237 0.876772 0.117358 0.877640 0.116108 0.879052 0.111950 0.884460 0.107982 0.892969
0 0.155531 0.672389 0.156052 0.680090 0.157293 0.688408 0.157861 0.690207 0.159074 0.691651 0.160747 0.692521 0.162627 0.692685 0.171571 0.692535 0.178645 0.690923 0.180444 0.690356 0.181224 0.689891 0.182665 0.688681 0.183533 0.687011 0.184265 0.682065 0.184740 0.676609 0.183091 0.671388 0.181372 0.667363 0.180162 0.665922 0.178493 0.665053 0.174711 0.664668 0.169256 0.664193 0.160639 0.666648 0.158844 0.667214 0.158795 0.667238 0.158010 0.667623 0.156565 0.668836 0.155695 0.670510
0 0.764316 0.489232 0.764749 0.493653 0.765550 0.499070 0.768362 0.503769 0.770965 0.507847 0.772476 0.508969 0.774301 0.509427 0.774972 0.509450 0.776838 0.509174 0.784138 0.507584 0.792014 0.503754 0.793633 0.502785 0.794757 0.501270 0.795217 0.499441 0.794941 0.497575 0.792653 0.489605 0.789521 0.482399 0.788552 0.480780 0.787037 0.479656 0.785208 0.479196 0.784512 0.479247 0.782650 0.479522 0.774046 0.481133 0.767511 0.484929 0.765896 0.485896 0.764775 0.487406
0 0.311552 0.425150 0.312104 0.426944 0.314430 0.434424 0.319723 0.441061 0.320920 0.442508 0.322579 0.443386 0.323010 0.443524 0.324875 0.443700 0.326665 0.443149 0.333873 0.440260 0.340748 0.435549 0.342191 0.434355 0.343067 0.432699 0.343244 0.430835 0.342693 0.429044 0.339559 0.421242 0.335093 0.414962 0.333899 0.413518 0.332243 0.412642 0.331859 0.412442 0.331835 0.412430 0.329965 0.412253 0.328171 0.412805 0.320129 0.415362 0.315899 0.418861 0.312607 0.421621 0.311729 0.423280
0 0.091911 0.535180 0.092156 0.537051 0.093099 0.538684 0.098483 0.545430 0.103721 0.550804 0.105217 0.551953 0.107039 0.552441 0.108909 0.552196 0.109807 0.552076 0.109864 0.552068 0.111493 0.551128 0.119207 0.546630 0.122543 0.542286 0.124729 0.539040 0.125217 0.537222 0.124972 0.535356 0.123248 0.531568 0.120512 0.526825 0.116168 0.523490 0.111943 0.520491 0.110125 0.520003 0.109172 0.520052 0.107301 0.520298 0.105668 0.521240 0.099790 0.525580 0.093548 0.531862 0.092399 0.533358
0 0.880815 0.079767 0.881508 0.081516 0.884043 0.085440 0.887855 0.089371 0.892881 0.091545 0.897772 0.092752 0.899653 0.092781 0.901403 0.092088 0.902754 0.090778 0.903739 0.089777 0.908314 0.084850 0.912898 0.076518 0.913647 0.074786 0.913676 0.072900 0.912982 0.071146 0.911668 0.069792 0.898409 0.060633 0.896678 0.059884 0.894792 0.059855 0.893038 0.060549 0.891684 0.061862 0.885168 0.068860 0.884285 0.069848 0.882111 0.074874 0.880844 0.077885
0 0.889922 0.840136 0.891530 0.845371 0.893385 0.850590 0.894584 0.852041 0.895549 0.852902 0.897216 0.853785 0.899094 0.853964 0.906239 0.853484 0.915126 0.852329 0.916929 0.851775 0.918383 0.850573 0.919267 0.848907 0.919445 0.847029 0.918805 0.838063 0.917810 0.830997 0.917256 0.829193 0.916054 0.827740 0.915099 0.826987 0.915039 0.826940 0.913377 0.826058 0.907912 0.825268 0.902460 0.824751 0.897225 0.826358 0.893712 0.828064 0.892261 0.829263 0.891380 0.830925 0.890440 0.834685
0 0.674173 0.755206 0.674707 0.757010 0.674732 0.757047 0.675134 0.757639 0.676321 0.759105 0.677979 0.760005 0.684863 0.762906 0.693369 0.764785 0.695245 0.764982 0.697054 0.764446 0.698520 0.763260 0.699420 0.761602 0.702469 0.753645 0.704200 0.746212 0.704397 0.744336 0.703861 0.742527 0.702674 0.741061 0.702209 0.740507 0.702180 0.740473 0.700526 0.739575 0.692765 0.735499 0.687319 0.734926 0.683302 0.734610 0.681498 0.735144 0.680035 0.736329 0.677813 0.739926 0.675200 0.744739 0.674627 0.750185
0 0.164988 0.228187 0.165144 0.230058 0.166004 0.231728 0.167438 0.232940 0.167485 0.232979 0.168245 0.233589 0.173871 0.237879 0.182244 0.241343 0.184028 0.241914 0.185894 0.241758 0.187560 0.240900 0.188769 0.239470 0.192951 0.232402 0.196523 0.225471 0.197094 0.223687 0.196938 0.221821 0.196080 0.220156 0.195340 0.219474 0.193907 0.218262 0.186756 0.212664 0.181527 0.210992 0.178086 0.209917 0.176214 0.210073 0.174545 0.210933 0.171178 0.213963 0.167632 0.218154 0.165960 0.223382
0 0.481096 0.165647 0.481119 0.167585 0.482017 0.175749 0.484431 0.183760 0.485166 0.185537 0.486502 0.186894 0.488236 0.187626 0.490104 0.187621 0.498541 0.187000 0.505755 0.184370 0.507482 0.183627 0.507813 0.183440 0.507834 0.183428 0.509147 0.182063 0.509852 0.180280 0.509839 0.178352 0.509725 0.169860 0.506598 0.162152 0.505866 0.160362 0.504528 0.158995 0.502786 0.158259 0.500908 0.158268 0.493180 0.158572 0.492816 0.158705 0.484825 0.161723 0.483101 0.162473 0.481791 0.163852
0 0.351880 0.437552 0.352284 0.445832 0.354355 0.453476 0.355002 0.455248 0.356279 0.456637 0.357989 0.457431 0.358336 0.457535 0.360216 0.457615 0.368645 0.457669 0.376101 0.455146 0.377869 0.454500 0.379254 0.453227 0.380047 0.451520 0.380126 0.449640 0.380358 0.441646 0.377658 0.433755 0.377012 0.431987 0.375738 0.430602 0.375434 0.430432 0.373723 0.429637 0.371839 0.429558 0.364024 0.429773 0.355915 0.432033 0.354143 0.432680 0.352754 0.433957 0.351959 0.435667
0 0.761961 0.671468 0.762074 0.676364 0.762754 0.678118 0.764054 0.679479 0.764092 0.679505 0.764700 0.679918 0.766426 0.680679 0.773359 0.683163 0.782156 0.684183 0.784041 0.684226 0.785800 0.683544 0.787164 0.682241 0.787926 0.680515 0.790147 0.672491 0.791429 0.664786 0.791472 0.662900 0.790790 0.661141 0.789487 0.659777 0.788781 0.659387 0.787059 0.658628 0.778835 0.655347 0.771368 0.655133 0.769487 0.655090 0.767732 0.655770 0.766372 0.657070 0.764296 0.660984 0.762086 0.665994
0 0.817432 0.655516 0.817495 0.657397 0.818272 0.659111 0.819646 0.660396 0.825091 0.665283 0.825837 0.665662 0.834116 0.669293 0.835882 0.669957 0.837767 0.669894 0.839485 0.669115 0.840774 0.667738 0.845208 0.661137 0.849278 0.654049 0.849942 0.652283 0.849880 0.650398 0.849100 0.648680 0.847723 0.647391 0.840683 0.641766 0.834035 0.638887 0.833219 0.638548 0.831458 0.637886 0.829577 0.637948 0.827864 0.638726 0.824317 0.641957 0.820576 0.645956 0.818649 0.651081
0 0.472966 0.201137 0.473484 0.202983 0.474649 0.204494 0.478384 0.206717 0.483155 0.209483 0.491466 0.210606 0.493321 0.210846 0.495118 0.210342 0.496583 0.209172 0.496928 0.208855 0.497837 0.207198 0.501096 0.200139 0.502756 0.191682 0.502975 0.189775 0.502465 0.187921 0.501304 0.186402 0.499668 0.185451 0.492061 0.181944 0.484432 0.180268 0.482572 0.180030 0.480773 0.180542 0.480389 0.180795 0.478922 0.181980 0.478016 0.183658 0.474073 0.191334 0.473173 0.199238
0 0.940707 0.750552 0.942324 0.755784 0.944304 0.760795 0.945506 0.762244 0.946595 0.762885 0.948264 0.763766 0.950142 0.763940 0.957163 0.763665 0.966171 0.762276 0.967973 0.761719 0.969425 0.760514 0.970305 0.758846 0.970480 0.756968 0.969701 0.748221 0.968815 0.740939 0.968258 0.739137 0.967054 0.737685 0.965386 0.736804 0.964317 0.736261 0.964250 0.736227 0.958668 0.735651 0.953216 0.735143 0.947984 0.736760 0.944589 0.738268 0.943141 0.739470 0.942262 0.741134 0.941214 0.745099
0 0.662950 0.613176 0.663012 0.615057 0.663789 0.616771 0.665163 0.618057 0.670960 0.623041 0.671353 0.623324 0.679254 0.626852 0.681019 0.627517 0.682905 0.627454 0.684623 0.626676 0.685912 0.625298 0.690725 0.618802 0.694418 0.611611 0.695083 0.609846 0.695020 0.607960 0.694242 0.606242 0.692864 0.604953 0.686203 0.599430 0.685777 0.599202 0.678740 0.596211 0.676979 0.595549 0.675098 0.595611 0.673384 0.596388 0.670191 0.599716 0.666449 0.603714 0.664521 0.608839
0 0.637461 0.076109 0.637914 0.077936 0.640580 0.082297 0.643832 0.086703 0.648522 0.089530 0.652528 0.091246 0.654389 0.091527 0.656216 0.091074 0.659251 0.089029 0.663657 0.085777 0.668554 0.078071 0.669526 0.076460 0.669940 0.075423 0.670221 0.073558 0.669768 0.071727 0.668647 0.070209 0.663105 0.064955 0.656733 0.059358 0.655118 0.058385 0.653252 0.058104 0.651421 0.058557 0.649903 0.059677 0.643234 0.065883 0.639052 0.071592 0.638079 0.073207 0.637761 0.074188 0.637742 0.074249
0 0.302072 0.559664 0.302702 0.561442 0.303964 0.562844 0.310163 0.568465 0.316878 0.572484 0.318581 0.573296 0.320465 0.573394 0.322243 0.572764 0.322677 0.572587 0.324075 0.571327 0.330239 0.565457 0.333691 0.558445 0.334501 0.556747 0.334599 0.554867 0.333971 0.553094 0.332712 0.551696 0.327388 0.545816 0.319829 0.542079 0.318131 0.541269 0.316252 0.541171 0.316225 0.541177 0.315802 0.541272 0.314024 0.541901 0.312622 0.543164 0.307305 0.548779 0.302982 0.556078 0.302170 0.557780
0 0.610624 0.895141 0.610878 0.896046 0.610894 0.896103 0.611422 0.897905 0.614334 0.906502 0.618854 0.912121 0.620032 0.913583 0.621680 0.914483 0.623547 0.914685 0.628052 0.913997 0.633319 0.912451 0.637595 0.909008 0.641027 0.905546 0.641927 0.903899 0.642128 0.902032 0.641600 0.900230 0.639269 0.893466 0.638950 0.892565 0.633842 0.885077 0.632667 0.883618 0.631023 0.882720 0.629161 0.882519 0.627363 0.883046 0.620008 0.886629 0.613182 0.890460 0.611723 0.891635 0.610825 0.893279
0 0.062569 0.857540 0.062738 0.859419 0.067281 0.874880 0.068156 0.876552 0.069604 0.877761 0.071404 0.878324 0.073283 0.878155 0.082376 0.876123 0.088744 0.873612 0.090415 0.872737 0.091415 0.871828 0.092621 0.870384 0.093183 0.868588 0.093330 0.863294 0.092840 0.857840 0.090301 0.852988 0.087610 0.849623 0.086165 0.848416 0.084370 0.847854 0.080873 0.847842 0.075419 0.848332 0.067072 0.852555 0.065405 0.853427 0.065342 0.853478 0.064341 0.854292 0.063132 0.855740
0 0.596121 0.219192 0.596285 0.221058 0.597611 0.228416 0.600766 0.236420 0.601631 0.238082 0.603067 0.239285 0.604853 0.239848 0.606719 0.239685 0.615016 0.237960 0.622081 0.235204 0.623743 0.234339 0.624946 0.232903 0.625251 0.232253 0.625815 0.230462 0.625651 0.228592 0.624846 0.219913 0.622311 0.215044 0.620292 0.211527 0.618853 0.210320 0.617062 0.209756 0.612870 0.209867 0.607401 0.210347 0.602532 0.212882 0.598127 0.215279 0.596920 0.216717 0.596684 0.217406
0 0.925997 0.514000 0.926280 0.515860 0.927962 0.519477 0.930796 0.524163 0.935206 0.527408 0.939612 0.530455 0.941439 0.530905 0.942519 0.530980 0.944384 0.530696 0.945998 0.529720 0.951657 0.525116 0.957896 0.518851 0.959014 0.517332 0.959465 0.515500 0.959181 0.513635 0.958205 0.512021 0.952556 0.505244 0.947336 0.500123 0.945816 0.499005 0.943985 0.498554 0.942965 0.498557 0.942901 0.498558 0.941041 0.498841 0.936377 0.501502 0.931692 0.504336 0.928447 0.508747 0.926447 0.512173
0 0.196723 0.699878 0.197219 0.701689 0.198370 0.703172 0.201789 0.705539 0.206559 0.708256 0.212005 0.708943 0.217083 0.709408 0.218894 0.708912 0.218935 0.708882 0.219577 0.708404 0.221057 0.707256 0.221984 0.705628 0.224985 0.698900 0.227043 0.690447 0.227278 0.688588 0.226782 0.686782 0.225634 0.685302 0.224007 0.684375 0.216106 0.681147 0.208825 0.679316 0.206966 0.679081 0.205160 0.679577 0.204484 0.679988 0.204442 0.680014 0.202959 0.681165 0.200377 0.685693 0.197659 0.690462 0.196973 0.695908
0 0.010455 0.573706 0.011019 0.578021 0.011670 0.579782 0.012945 0.581160 0.016087 0.582882 0.021074 0.585177 0.030252 0.585678 0.032128 0.585751 0.032195 0.585739 0.033265 0.585543 0.035022 0.584893 0.036396 0.583621 0.037179 0.581919 0.039089 0.574598 0.040904 0.566356 0.040976 0.564484 0.040327 0.562727 0.039054 0.561353 0.037353 0.560570 0.028706 0.557680 0.021790 0.556845 0.019918 0.556773 0.018749 0.556911 0.016988 0.557562 0.015610 0.558838 0.012961 0.563233 0.010667 0.568220
0 0.030550 0.403904 0.031456 0.409318 0.032893 0.414030 0.033888 0.415622 0.035417 0.416712 0.037246 0.417135 0.044182 0.418396 0.045227 0.418582 0.054365 0.417825 0.056213 0.417516 0.057801 0.416523 0.058889 0.414998 0.059310 0.413173 0.059685 0.404982 0.059799 0.397178 0.059490 0.395331 0.058497 0.393742 0.056972 0.392654 0.055894 0.392393 0.054064 0.391971 0.045041 0.390272 0.039627 0.391178 0.036178 0.391790 0.034586 0.392786 0.033495 0.394314 0.031784 0.398555
0 0.663585 0.506291 0.663698 0.508161 0.664517 0.509845 0.668809 0.516985 0.674191 0.522592 0.675593 0.523835 0.677364 0.524446 0.677796 0.524506 0.679670 0.524393 0.681358 0.523571 0.688908 0.519726 0.694136 0.513873 0.695382 0.512468 0.695995 0.510694 0.695882 0.508819 0.694011 0.504950 0.691609 0.500014 0.685363 0.494353 0.683958 0.493107 0.682183 0.492494 0.682157 0.492495 0.681740 0.492513 0.679870 0.492625 0.678186 0.493445 0.671504 0.497319 0.665439 0.503119 0.664197 0.504521
0 0.264389 0.791113 0.264867 0.792938 0.266008 0.794440 0.271794 0.799956 0.278066 0.805131 0.279695 0.806083 0.281564 0.806339 0.283388 0.805861 0.284891 0.804720 0.291650 0.798762 0.292128 0.798077 0.296080 0.791947 0.297030 0.790323 0.297286 0.788459 0.296808 0.786638 0.294247 0.782628 0.290936 0.778266 0.286209 0.775502 0.282017 0.773525 0.280153 0.773270 0.278333 0.773747 0.276834 0.774885 0.271125 0.779458 0.270599 0.780099 0.265597 0.787616 0.264645 0.789244
0 0.392715 0.083370 0.393011 0.085233 0.394925 0.094203 0.395166 0.095133 0.398841 0.101325 0.399824 0.102930 0.401347 0.104035 0.403177 0.104474 0.407784 0.104295 0.413193 0.103436 0.417861 0.100574 0.421720 0.097627 0.422826 0.096104 0.423265 0.094274 0.422969 0.092415 0.422781 0.091418 0.421316 0.084458 0.417199 0.076301 0.416213 0.074693 0.414686 0.073585 0.412852 0.073145 0.410989 0.073441 0.403248 0.076135 0.395872 0.079023 0.394263 0.080009 0.393155 0.081535
0 0.746704 0.553878 0.747254 0.559327 0.747892 0.563991 0.748783 0.565648 0.750241 0.566838 0.752043 0.567380 0.752659 0.567545 0.759929 0.569348 0.768701 0.569084 0.770578 0.568894 0.772239 0.568001 0.773432 0.566540 0.773975 0.564733 0.775274 0.556689 0.775514 0.548692 0.775325 0.546815 0.774431 0.545153 0.772970 0.543960 0.771164 0.543417 0.762616 0.541344 0.762014 0.541249 0.754500 0.541776 0.752627 0.541965 0.750970 0.542856 0.749780 0.544314 0.748280 0.548634
0 0.528392 0.476987 0.528728 0.485058 0.528879 0.486933 0.529737 0.488608 0.531171 0.489827 0.532962 0.490404 0.540713 0.492546 0.548930 0.492259 0.550806 0.492107 0.550813 0.492106 0.550930 0.492088 0.552609 0.491228 0.553831 0.489791 0.554410 0.487996 0.556402 0.480180 0.556269 0.471988 0.556117 0.470108 0.555257 0.468429 0.553820 0.467207 0.552024 0.466628 0.544052 0.464585 0.536017 0.464769 0.534137 0.464921 0.532458 0.465781 0.532383 0.465860 0.531164 0.467293 0.531160 0.467298 0.530582 0.469089
0 0.529592 0.219366 0.529842 0.221222 0.530784 0.222842 0.532274 0.223977 0.539028 0.227911 0.546648 0.231009 0.548459 0.231489 0.550315 0.231238 0.551934 0.230296 0.553070 0.228807 0.557805 0.221471 0.560102 0.214432 0.560581 0.212621 0.560729 0.211922 0.560478 0.210061 0.559534 0.208438 0.555848 0.205339 0.551482 0.202011 0.546176 0.200607 0.541816 0.199770 0.539955 0.200021 0.538332 0.200965 0.537193 0.202458 0.532663 0.208466 0.530144 0.216868 0.529664 0.218683
0 0.931778 0.223259 0.932961 0.230695 0.934408 0.239044 0.935070 0.240796 0.936353 0.242161 0.938060 0.242932 0.939932 0.242990 0.949113 0.242233 0.955717 0.240360 0.957469 0.239698 0.958583 0.239064 0.959951 0.237778 0.960724 0.236067 0.961538 0.230938 0.961709 0.225452 0.959768 0.220317 0.957482 0.216611 0.956196 0.215242 0.954485 0.214470 0.951006 0.214058 0.945520 0.213887 0.936785 0.217047 0.935029 0.217711 0.933972 0.218397 0.932607 0.219680 0.931836 0.221387
0 0.339489 0.514686 0.340201 0.516433 0.344014 0.523765 0.349080 0.529881 0.350407 0.531223 0.352146 0.531954 0.354032 0.531965 0.354388 0.531887 0.356130 0.531176 0.363815 0.527690 0.369546 0.522318 0.370884 0.520995 0.371614 0.519261 0.371624 0.517379 0.370913 0.515637 0.367795 0.508246 0.362056 0.502221 0.360733 0.500883 0.358998 0.500153 0.357117 0.500143 0.356767 0.500143 0.355020 0.500856 0.348002 0.504276 0.341572 0.509735 0.340231 0.511061 0.339499 0.512800
0 0.601787 0.083547 0.602041 0.085412 0.603282 0.094336 0.606041 0.099066 0.608225 0.102236 0.609724 0.103375 0.611543 0.103854 0.615696 0.103773 0.621122 0.103033 0.625852 0.100274 0.630232 0.097415 0.631371 0.095917 0.631390 0.095859 0.631692 0.094929 0.632173 0.093105 0.631918 0.091235 0.630118 0.084241 0.626669 0.075999 0.625718 0.074370 0.624216 0.073228 0.622392 0.072748 0.620523 0.073003 0.612237 0.075523 0.605287 0.078252 0.603657 0.079202 0.602516 0.080704 0.602036 0.082529 0.601801 0.083487
