0 0.163082 0.093015 0.163506 0.094845 0.164597 0.096373 0.168860 0.101829 0.169619 0.102741 0.177074 0.108310 0.178663 0.109302 0.180511 0.109610 0.182336 0.109188 0.183860 0.108099 0.194817 0.096436 0.195809 0.094847 0.196117 0.093000 0.195695 0.091175 0.194606 0.089650 0.193906 0.088710 0.193862 0.088651 0.188126 0.081323 0.183469 0.078417 0.180578 0.076673 0.178726 0.076364 0.176897 0.076788 0.172707 0.078752 0.168240 0.081943 0.165334 0.086600 0.163391 0.091163
0 0.177018 0.060585 0.177210 0.062453 0.178101 0.064105 0.181557 0.070067 0.182286 0.071052 0.189083 0.077494 0.190535 0.078677 0.192330 0.079213 0.194193 0.079023 0.195842 0.078133 0.208172 0.067933 0.209355 0.066481 0.209892 0.064686 0.209701 0.062823 0.208811 0.061174 0.203917 0.053159 0.203237 0.052132 0.197878 0.047746 0.196422 0.046560 0.194623 0.046022 0.192755 0.046213 0.188261 0.047653 0.183430 0.050260 0.179964 0.054516 0.177556 0.058786
0 0.944435 0.457735 0.946116 0.462946 0.948160 0.467273 0.949379 0.468706 0.951054 0.469564 0.952930 0.469715 0.959997 0.470053 0.961053 0.469984 0.970045 0.467779 0.971840 0.467200 0.973277 0.465977 0.974137 0.464298 0.974288 0.462418 0.973400 0.454386 0.972426 0.446411 0.971847 0.444616 0.970624 0.443179 0.968945 0.442319 0.967065 0.442168 0.957802 0.442040 0.956753 0.442173 0.949957 0.444167 0.948166 0.444744 0.946733 0.445964 0.945875 0.447639 0.944875 0.452276
0 0.708981 0.561158 0.709059 0.566633 0.709219 0.571303 0.709964 0.573031 0.711314 0.574343 0.713062 0.575038 0.713584 0.575221 0.720749 0.577678 0.729433 0.578138 0.731319 0.578111 0.733051 0.577364 0.734366 0.576011 0.735062 0.574258 0.737129 0.566390 0.737979 0.558409 0.737952 0.556522 0.737205 0.554790 0.735852 0.553476 0.734099 0.552779 0.725841 0.550010 0.725323 0.549895 0.717717 0.549741 0.715836 0.549768 0.714108 0.550513 0.712796 0.551863 0.711003 0.556069
0 0.891461 0.172787 0.891599 0.174664 0.892444 0.176345 0.895203 0.179738 0.899348 0.183316 0.904547 0.185037 0.909638 0.186097 0.911515 0.185959 0.913196 0.185114 0.914207 0.184344 0.915439 0.182916 0.919440 0.177293 0.923390 0.168898 0.923982 0.167107 0.923844 0.165226 0.922997 0.163541 0.921569 0.162308 0.907552 0.154358 0.905761 0.153765 0.903879 0.153903 0.902194 0.154750 0.901270 0.155543 0.901213 0.155593 0.899983 0.157017 0.894064 0.164185 0.892343 0.169384
0 0.433910 0.664970 0.434253 0.666817 0.435963 0.675113 0.440201 0.681714 0.441224 0.683289 0.442772 0.684352 0.444609 0.684742 0.448848 0.683964 0.454245 0.682962 0.461353 0.678451 0.462927 0.677428 0.463990 0.675880 0.464380 0.674043 0.464385 0.674019 0.464467 0.673621 0.464125 0.671779 0.462181 0.664302 0.458191 0.656918 0.457171 0.655347 0.455627 0.654286 0.453794 0.653897 0.451953 0.654239 0.443941 0.656471 0.437091 0.660173 0.435520 0.661193 0.434460 0.662737 0.434300 0.663134
0 0.818046 0.585042 0.818719 0.586790 0.822765 0.594423 0.827272 0.600315 0.828563 0.601672 0.830275 0.602432 0.831079 0.602682 0.832956 0.602729 0.837793 0.600984 0.842916 0.599011 0.846894 0.595229 0.849627 0.592187 0.850389 0.590470 0.850436 0.588593 0.849260 0.584724 0.847287 0.579602 0.843504 0.575623 0.839894 0.571923 0.838178 0.571161 0.837356 0.570988 0.835484 0.570940 0.833736 0.571614 0.827126 0.575058 0.820211 0.580167 0.818853 0.581457 0.818093 0.583169
0 0.297675 0.693270 0.298920 0.697908 0.300553 0.703149 0.304067 0.707366 0.307103 0.710596 0.308765 0.711469 0.310635 0.711639 0.312428 0.711080 0.319635 0.708782 0.326518 0.703413 0.327961 0.702211 0.328379 0.701720 0.329249 0.700062 0.329419 0.698196 0.328862 0.696408 0.325668 0.689266 0.321213 0.682352 0.320014 0.680912 0.318356 0.680042 0.316491 0.679872 0.314702 0.680429 0.306631 0.683645 0.300646 0.688078 0.299207 0.689277 0.298747 0.689710 0.298718 0.689738 0.297845 0.691400
0 0.771413 0.567057 0.772759 0.572365 0.774121 0.576999 0.775247 0.578507 0.776864 0.579470 0.777541 0.579664 0.779408 0.579935 0.786816 0.580526 0.795501 0.579096 0.797330 0.578632 0.798841 0.577504 0.799806 0.575883 0.800077 0.574016 0.800131 0.565746 0.799238 0.557923 0.798774 0.556094 0.797646 0.554583 0.796025 0.553618 0.795303 0.553487 0.793441 0.553217 0.784697 0.552311 0.777387 0.554054 0.775563 0.554516 0.774055 0.555642 0.773092 0.557259 0.772200 0.561638
0 0.954624 0.330176 0.954706 0.332047 0.955498 0.333745 0.960380 0.340519 0.964963 0.346648 0.966344 0.347913 0.968104 0.348553 0.969975 0.348471 0.971120 0.348103 0.972821 0.347309 0.981103 0.343176 0.984811 0.339128 0.987025 0.336436 0.987666 0.334672 0.987584 0.332796 0.986447 0.328485 0.984126 0.323511 0.980078 0.319803 0.975918 0.316891 0.974153 0.316249 0.972277 0.316331 0.971130 0.316777 0.969433 0.317569 0.963397 0.320899 0.956529 0.327034 0.955264 0.328416
0 0.752092 0.318216 0.752750 0.322978 0.753795 0.328353 0.756817 0.332920 0.759575 0.336511 0.761135 0.337564 0.762979 0.337939 0.764826 0.337580 0.772098 0.336029 0.779706 0.331494 0.780390 0.331081 0.781963 0.330040 0.783018 0.328477 0.783394 0.326628 0.783034 0.324776 0.780416 0.317308 0.776933 0.309861 0.775892 0.308288 0.774328 0.307233 0.772480 0.306857 0.770628 0.307217 0.762072 0.309614 0.755712 0.313318 0.754139 0.314359 0.753519 0.314812 0.752467 0.316372
0 0.462262 0.870928 0.462704 0.872762 0.465071 0.879655 0.469461 0.887392 0.470571 0.888917 0.472180 0.889901 0.474044 0.890195 0.475877 0.889753 0.483739 0.886526 0.490507 0.882996 0.492033 0.881886 0.493017 0.880277 0.493311 0.878414 0.493327 0.877490 0.492886 0.875661 0.490632 0.867015 0.487410 0.862587 0.485038 0.859545 0.483433 0.858563 0.481574 0.858270 0.477330 0.858877 0.472006 0.860160 0.467578 0.863381 0.463629 0.866559 0.462647 0.868164 0.462354 0.870023
0 0.404813 0.960507 0.404863 0.962393 0.405630 0.964116 0.406999 0.965414 0.413381 0.969586 0.420629 0.974011 0.422390 0.974687 0.424276 0.974637 0.425999 0.973870 0.427297 0.972501 0.432782 0.965193 0.435894 0.958871 0.436570 0.957110 0.436716 0.956060 0.436725 0.955995 0.436675 0.954114 0.435910 0.952395 0.432526 0.948539 0.428553 0.944770 0.423441 0.942808 0.419191 0.941849 0.417310 0.941899 0.415591 0.942664 0.412965 0.945180 0.409196 0.949153 0.405719 0.957626 0.405045 0.959383 0.405031 0.959449
0 0.019645 0.303413 0.020167 0.305226 0.021342 0.306701 0.022993 0.307614 0.031448 0.311676 0.032521 0.312108 0.039471 0.312972 0.041341 0.313183 0.043150 0.312663 0.044621 0.311490 0.047507 0.307797 0.050158 0.303005 0.050774 0.297564 0.050632 0.292659 0.050112 0.290851 0.048939 0.289379 0.047292 0.288468 0.041056 0.285369 0.040002 0.284876 0.030833 0.283051 0.028959 0.282839 0.027146 0.283360 0.025670 0.284536 0.024757 0.286186 0.019857 0.301538
0 0.688133 0.488082 0.688410 0.489944 0.689378 0.491558 0.690890 0.492678 0.697189 0.497209 0.705424 0.499548 0.707249 0.500005 0.707756 0.500005 0.709622 0.499727 0.711240 0.498757 0.712363 0.497242 0.716370 0.490497 0.719249 0.482672 0.719707 0.480842 0.719430 0.478976 0.718460 0.477359 0.716945 0.476235 0.709663 0.471768 0.702375 0.469349 0.700545 0.468891 0.698679 0.469168 0.698194 0.469243 0.696580 0.470211 0.695460 0.471723 0.690498 0.478524 0.689168 0.483836
0 0.148268 0.302111 0.149222 0.305828 0.150919 0.311049 0.156688 0.317892 0.157907 0.319319 0.157956 0.319345 0.158738 0.319758 0.160407 0.320609 0.162275 0.320756 0.164056 0.320177 0.170823 0.316869 0.178017 0.312357 0.179442 0.311140 0.180292 0.309471 0.180439 0.307604 0.179860 0.305822 0.176211 0.297764 0.172040 0.291861 0.170824 0.290437 0.170022 0.289926 0.168349 0.289074 0.166477 0.288927 0.161539 0.290203 0.156318 0.291900 0.152144 0.295465 0.149268 0.298566 0.148416 0.300239
0 0.492308 0.104821 0.492327 0.105785 0.492375 0.107666 0.493139 0.109386 0.496683 0.113103 0.500653 0.116875 0.505763 0.118841 0.509849 0.119945 0.511731 0.119897 0.513450 0.119133 0.516241 0.116478 0.520013 0.112508 0.523334 0.104179 0.524010 0.102423 0.524068 0.101450 0.524020 0.099565 0.523254 0.097841 0.521887 0.096541 0.515682 0.092213 0.508263 0.087933 0.506503 0.087256 0.504617 0.087304 0.502893 0.088070 0.501594 0.089437 0.496277 0.096590 0.492985 0.103060
0 0.619220 0.780495 0.619885 0.782255 0.619902 0.782296 0.620178 0.782946 0.621469 0.784321 0.627010 0.789283 0.634579 0.793693 0.636298 0.794470 0.638183 0.794530 0.639948 0.793863 0.641323 0.792572 0.646634 0.786021 0.650696 0.779463 0.651472 0.777744 0.651532 0.775858 0.650866 0.774094 0.650519 0.773464 0.650497 0.773425 0.649209 0.772053 0.643044 0.765787 0.638053 0.763532 0.634417 0.761929 0.632537 0.761869 0.630776 0.762534 0.627457 0.765293 0.623465 0.769041 0.621210 0.774032 0.619280 0.778614
0 0.153842 0.860873 0.154524 0.862632 0.158661 0.869178 0.163168 0.876233 0.164471 0.877597 0.166196 0.878359 0.168082 0.878402 0.169841 0.877720 0.178077 0.873505 0.183442 0.869077 0.184806 0.867774 0.185575 0.866877 0.186335 0.865155 0.186378 0.863274 0.185111 0.858383 0.183132 0.853277 0.179350 0.849317 0.175776 0.846591 0.174054 0.845831 0.172173 0.845788 0.168866 0.846981 0.163760 0.848960 0.156851 0.855090 0.155490 0.856390 0.155440 0.856441 0.154647 0.857262 0.153886 0.858987
0 0.523323 0.476492 0.523345 0.478374 0.524085 0.480104 0.527571 0.487445 0.533172 0.493365 0.534518 0.494680 0.536265 0.495380 0.538146 0.495358 0.538240 0.495346 0.539974 0.494604 0.547188 0.491069 0.553268 0.485495 0.554586 0.484146 0.555287 0.482395 0.555265 0.480509 0.554523 0.478774 0.550841 0.471514 0.545414 0.465481 0.544065 0.464162 0.542314 0.463461 0.540428 0.463483 0.538693 0.464225 0.531287 0.467861 0.525400 0.473334 0.524081 0.474683 0.524022 0.474745
0 0.317235 0.527572 0.317669 0.535739 0.317962 0.537603 0.318945 0.539212 0.320470 0.540323 0.322304 0.540766 0.330720 0.542197 0.338406 0.541419 0.340269 0.541127 0.340636 0.541032 0.340659 0.541026 0.342265 0.540045 0.343373 0.538524 0.343814 0.536695 0.345699 0.528647 0.344466 0.520632 0.344174 0.518773 0.343193 0.517168 0.341672 0.516060 0.339843 0.515618 0.332246 0.514055 0.331861 0.514087 0.323349 0.515003 0.321486 0.515295 0.319876 0.516279 0.318765 0.517804 0.318323 0.519637
0 0.090886 0.393594 0.091702 0.401979 0.092918 0.409580 0.093517 0.411369 0.094754 0.412793 0.096442 0.413635 0.097427 0.413846 0.099304 0.413977 0.108329 0.414356 0.113523 0.412619 0.117036 0.411353 0.118456 0.410118 0.119296 0.408434 0.120099 0.404126 0.120481 0.398664 0.118744 0.393470 0.116803 0.388825 0.115569 0.387405 0.113885 0.386565 0.113829 0.386548 0.112940 0.386287 0.111058 0.386156 0.103882 0.386251 0.095072 0.388188 0.093283 0.388787 0.091859 0.390024 0.091017 0.391712
0 0.721340 0.365294 0.721524 0.370068 0.721898 0.375531 0.724333 0.380435 0.726510 0.384373 0.727929 0.385610 0.729712 0.386210 0.731590 0.386081 0.739114 0.385406 0.747106 0.381877 0.747710 0.381588 0.749400 0.380749 0.750639 0.379327 0.751241 0.377539 0.751112 0.375657 0.749561 0.367887 0.746897 0.360103 0.746058 0.358414 0.744637 0.357174 0.742849 0.356573 0.740967 0.356701 0.732305 0.357989 0.725413 0.360916 0.723723 0.361755 0.723209 0.362072 0.723177 0.362092 0.721940 0.363511
0 0.179768 0.543111 0.179778 0.544989 0.181148 0.549102 0.183276 0.554162 0.187178 0.558023 0.190825 0.561329 0.192564 0.562039 0.194442 0.562029 0.195184 0.561878 0.196910 0.561151 0.203491 0.557805 0.210168 0.552189 0.211485 0.550858 0.212192 0.549123 0.212182 0.547250 0.211456 0.545524 0.207258 0.538316 0.202494 0.532266 0.201162 0.530949 0.199428 0.530242 0.197555 0.530252 0.196818 0.530325 0.195087 0.531053 0.187052 0.534628 0.183191 0.538530 0.180477 0.541372
0 0.846445 0.456526 0.847995 0.461778 0.849702 0.466127 0.850885 0.467590 0.852537 0.468490 0.854409 0.468688 0.861692 0.469232 0.862523 0.469162 0.871324 0.467153 0.873134 0.466619 0.874601 0.465433 0.875503 0.463777 0.875702 0.461901 0.875258 0.453880 0.874243 0.445852 0.873709 0.444043 0.872523 0.442576 0.870866 0.441674 0.868990 0.441475 0.859976 0.441144 0.859151 0.441279 0.852080 0.443073 0.850276 0.443605 0.848812 0.444788 0.847912 0.446441 0.847023 0.451081
0 0.409367 0.873947 0.409557 0.875824 0.410977 0.882946 0.414274 0.891234 0.415167 0.892895 0.416628 0.894088 0.418435 0.894631 0.420312 0.894441 0.428545 0.892279 0.435721 0.889724 0.437382 0.888831 0.438575 0.887370 0.439118 0.885563 0.439267 0.884622 0.439077 0.882750 0.438020 0.873853 0.435427 0.869030 0.433481 0.865721 0.432023 0.864531 0.430221 0.863989 0.425941 0.863990 0.420493 0.864541 0.415670 0.867135 0.411320 0.869775 0.410130 0.871233 0.409588 0.873035
0 0.141990 0.647305 0.142332 0.652784 0.143048 0.656951 0.143874 0.658638 0.145282 0.659881 0.148860 0.661347 0.154053 0.663127 0.162955 0.662632 0.164829 0.662515 0.164877 0.662492 0.165644 0.662120 0.167326 0.661297 0.168565 0.659892 0.169173 0.658120 0.170631 0.650717 0.171310 0.642261 0.171193 0.640392 0.170370 0.638709 0.168966 0.637470 0.167194 0.636863 0.158595 0.634932 0.151335 0.634725 0.149465 0.634842 0.148612 0.635170 0.146925 0.635996 0.145683 0.637404 0.143770 0.642113
0 0.742068 0.811730 0.742545 0.813541 0.743678 0.815032 0.744272 0.815800 0.745893 0.816746 0.753666 0.821232 0.759105 0.821974 0.762920 0.822225 0.764736 0.821747 0.766231 0.820611 0.768784 0.817255 0.771550 0.812514 0.772291 0.807075 0.772656 0.801962 0.772178 0.800146 0.771042 0.798651 0.771004 0.798608 0.770384 0.797926 0.768766 0.796982 0.762229 0.793955 0.753637 0.791769 0.751781 0.791516 0.749969 0.791993 0.748478 0.793126 0.747534 0.794744 0.744387 0.802653 0.742321 0.809874
0 0.241295 0.894011 0.241772 0.895827 0.242907 0.897323 0.246407 0.900179 0.251147 0.902948 0.256586 0.903693 0.261552 0.903759 0.263368 0.903283 0.264864 0.902147 0.264898 0.902090 0.265435 0.901171 0.266380 0.899553 0.269566 0.893337 0.271602 0.884427 0.271856 0.882571 0.271381 0.880759 0.270248 0.879267 0.268631 0.878322 0.260879 0.875489 0.253505 0.873100 0.251649 0.872846 0.249837 0.873322 0.248345 0.874454 0.247768 0.875312 0.247732 0.875366 0.246785 0.876987 0.242440 0.885058 0.241695 0.890497
0 0.413944 0.319167 0.414174 0.321040 0.414384 0.321476 0.415310 0.323114 0.416793 0.324273 0.423604 0.329359 0.431149 0.331508 0.432962 0.332011 0.434830 0.331782 0.436468 0.330855 0.437626 0.329372 0.442453 0.323143 0.444861 0.315017 0.445364 0.313203 0.445135 0.311336 0.445001 0.310874 0.444072 0.309232 0.442585 0.308071 0.436090 0.303845 0.428195 0.300818 0.426377 0.300314 0.424505 0.300544 0.422863 0.301473 0.421702 0.302959 0.417198 0.310075 0.414449 0.317350
0 0.356149 0.215800 0.356557 0.217641 0.356907 0.218330 0.357987 0.219872 0.363273 0.226928 0.369599 0.230988 0.371186 0.231999 0.373040 0.232326 0.374877 0.231919 0.378630 0.229636 0.383116 0.226495 0.386058 0.221877 0.388546 0.217640 0.388872 0.215787 0.388465 0.213949 0.388449 0.213908 0.388192 0.213250 0.387110 0.211704 0.382413 0.205979 0.375469 0.200561 0.373878 0.199547 0.372021 0.199220 0.370179 0.199628 0.368634 0.200710 0.362525 0.206413 0.357490 0.212351 0.356476 0.213942
0 0.836610 0.777091 0.837454 0.782501 0.838544 0.787667 0.839524 0.789274 0.840355 0.789981 0.841878 0.791094 0.843711 0.791538 0.850854 0.792365 0.859813 0.792206 0.861677 0.791915 0.863287 0.790933 0.864399 0.789410 0.864844 0.787576 0.865491 0.778894 0.865512 0.771475 0.865221 0.769611 0.864239 0.768001 0.863402 0.767385 0.863350 0.767347 0.861830 0.766237 0.856536 0.764940 0.851214 0.763651 0.845803 0.764495 0.842080 0.765418 0.840473 0.766397 0.839364 0.767917 0.837899 0.771769
0 0.733596 0.513697 0.734550 0.517931 0.735908 0.523236 0.739192 0.527618 0.742140 0.531522 0.743759 0.532481 0.745622 0.532748 0.746222 0.532828 0.748050 0.532360 0.755214 0.529894 0.762582 0.525395 0.764091 0.524263 0.765053 0.522640 0.765320 0.520773 0.764852 0.518946 0.761819 0.511130 0.757887 0.504413 0.756755 0.502904 0.755132 0.501943 0.753265 0.501675 0.752647 0.501671 0.750824 0.502138 0.742498 0.504515 0.736327 0.509086 0.734822 0.510215 0.733863 0.511834
0 0.057876 0.748171 0.059162 0.750604 0.059933 0.751741 0.062853 0.752829 0.070849 0.754956 0.071989 0.755170 0.073371 0.755296 0.074781 0.755314 0.076004 0.755222 0.083779 0.753917 0.087186 0.753162 0.088548 0.752142 0.090372 0.748147 0.090716 0.744749 0.090416 0.744371 0.089404 0.744011 0.087834 0.743723 0.072788 0.741716 0.070900 0.741543 0.068968 0.741510 0.067285 0.741622 0.066106 0.741863 0.058733 0.744394 0.058223 0.744735 0.057896 0.747969
0 0.796016 0.333205 0.796215 0.335068 0.797112 0.336712 0.802051 0.343243 0.807366 0.348997 0.808823 0.350174 0.810620 0.350702 0.812483 0.350504 0.813244 0.350140 0.814892 0.349241 0.822560 0.344669 0.827207 0.338962 0.828387 0.337500 0.828917 0.335699 0.828717 0.333832 0.826974 0.329673 0.824346 0.324854 0.820074 0.321406 0.816078 0.318689 0.814277 0.318159 0.812410 0.318358 0.810761 0.319257 0.810006 0.319696 0.803833 0.323473 0.797721 0.329950 0.796545 0.331408
0 0.004874 0.165384 0.005280 0.167226 0.006360 0.168772 0.012531 0.176015 0.017990 0.179928 0.019166 0.180709 0.020752 0.181722 0.022605 0.182051 0.024443 0.181645 0.029002 0.179481 0.033491 0.176345 0.036438 0.171730 0.038126 0.167380 0.038455 0.165527 0.038050 0.163690 0.036215 0.160991 0.033078 0.156502 0.032006 0.155713 0.024210 0.150165 0.022620 0.149150 0.020762 0.148821 0.018920 0.149227 0.017374 0.150307 0.006218 0.161937 0.005203 0.163527
0 0.669620 0.596628 0.669746 0.598497 0.670577 0.600175 0.671988 0.601408 0.678760 0.606696 0.679170 0.606941 0.686313 0.609651 0.688092 0.610252 0.689965 0.610126 0.691648 0.609292 0.694767 0.605892 0.698379 0.601758 0.700135 0.596557 0.701480 0.592193 0.701354 0.590320 0.700521 0.588637 0.699107 0.587402 0.693196 0.582550 0.692754 0.582361 0.684751 0.579212 0.682976 0.578613 0.681107 0.578739 0.679429 0.579570 0.678196 0.580981 0.673589 0.587532 0.670219 0.594853
0 0.095526 0.424432 0.096112 0.433259 0.096512 0.435009 0.097599 0.436549 0.099205 0.437645 0.101088 0.438131 0.117424 0.439393 0.119295 0.439197 0.120875 0.438348 0.121926 0.436976 0.122623 0.435741 0.123756 0.430447 0.124807 0.425523 0.123687 0.420414 0.122490 0.417287 0.121413 0.415734 0.119810 0.414625 0.115887 0.412673 0.110391 0.411235 0.104914 0.411809 0.099623 0.413038 0.098037 0.413897 0.096990 0.415286 0.096231 0.416483 0.095881 0.418193
0 0.359951 0.137143 0.360058 0.139026 0.360399 0.139907 0.361217 0.141602 0.365150 0.145133 0.369236 0.148779 0.374406 0.150584 0.378250 0.151632 0.380129 0.151525 0.381824 0.150707 0.384805 0.147893 0.388450 0.143807 0.390255 0.138637 0.391854 0.133674 0.391747 0.131795 0.391482 0.130895 0.390662 0.129196 0.389255 0.127940 0.383211 0.123730 0.375368 0.119763 0.373587 0.119141 0.371704 0.119248 0.370005 0.120068 0.368749 0.121476 0.363952 0.128714 0.360572 0.135362
0 0.796082 0.742052 0.796496 0.743888 0.797582 0.745425 0.801885 0.751258 0.802579 0.751835 0.809993 0.757124 0.811588 0.758132 0.813447 0.758452 0.815287 0.758037 0.816828 0.756949 0.822465 0.751325 0.827927 0.745265 0.828935 0.743671 0.829255 0.741812 0.828840 0.739972 0.827752 0.738431 0.821955 0.731439 0.821217 0.730908 0.815297 0.726777 0.813706 0.725772 0.811852 0.725452 0.810016 0.725866 0.805850 0.728259 0.801377 0.731417 0.798452 0.736047 0.796402 0.740197
