0 0.910260 0.849689 0.910662 0.850872 0.921874 0.864556 0.923577 0.866498 0.924079 0.866932 0.926398 0.868076 0.928979 0.868245 0.931428 0.867414 0.933372 0.865709 0.934516 0.863389 0.934686 0.860808 0.933854 0.858360 0.932149 0.856415 0.931638 0.855994 0.915382 0.846732 0.914262 0.846180 0.913016 0.846098 0.911834 0.846500 0.910895 0.847323 0.910342 0.848443
0 0.710520 0.176901 0.710531 0.177615 0.710659 0.178664 0.710882 0.179890 0.711167 0.181106 0.711470 0.182128 0.711747 0.182802 0.711955 0.183024 0.758338 0.174908 0.759918 0.174517 0.762955 0.172084 0.763184 0.171673 0.763232 0.170589 0.763090 0.168997 0.762780 0.167139 0.762349 0.165300 0.761863 0.163764 0.761398 0.162765 0.761024 0.162455 0.757337 0.161682 0.755754 0.162074 0.710625 0.176632
0 0.133314 0.309309 0.133436 0.310929 0.133719 0.312796 0.134121 0.314623 0.134580 0.316131 0.135026 0.317088 0.135389 0.317352 0.139113 0.318472 0.140725 0.318245 0.186797 0.308492 0.186906 0.308188 0.186912 0.307444 0.186813 0.306373 0.186625 0.305139 0.186377 0.303927 0.186106 0.302921 0.185853 0.302274 0.185656 0.302085 0.138353 0.305414 0.136738 0.305640 0.133603 0.307727 0.133373 0.308185
0 0.575329 0.918300 0.575370 0.920883 0.575459 0.921381 0.576486 0.923755 0.578344 0.925554 0.580748 0.926506 0.583334 0.926465 0.585708 0.925438 0.587507 0.923581 0.588459 0.921176 0.588419 0.918590 0.588314 0.918095 0.587288 0.915725 0.581762 0.903764 0.580865 0.902895 0.579704 0.902436 0.578455 0.902455 0.577309 0.902951 0.576440 0.903848 0.575981 0.905009
0 0.868180 0.074158 0.869985 0.119994 0.870161 0.121561 0.870519 0.122251 0.872451 0.125155 0.873428 0.125476 0.874967 0.125557 0.876835 0.125384 0.878749 0.124985 0.880423 0.124418 0.881600 0.123770 0.882101 0.123139 0.883379 0.119554 0.883201 0.117985 0.874769 0.073115 0.874594 0.072729 0.873942 0.072481 0.872914 0.072409 0.871665 0.072524 0.870387 0.072809 0.869276 0.073220 0.868501 0.073694
0 0.425161 0.756572 0.440555 0.801193 0.441189 0.802689 0.444005 0.805193 0.444551 0.805177 0.445687 0.804854 0.447240 0.804273 0.448973 0.803522 0.450619 0.802717 0.451925 0.801982 0.452692 0.801429 0.452806 0.801141 0.452924 0.797293 0.452290 0.795800 0.431032 0.753920 0.430680 0.753973 0.429937 0.754219 0.428915 0.754621 0.427769 0.755118 0.426673 0.755634 0.425792 0.756091 0.425261 0.756421
0 0.447703 0.638351 0.447870 0.638900 0.448229 0.640062 0.448726 0.641658 0.449285 0.643449 0.449823 0.645163 0.450257 0.646542 0.450522 0.647376 0.450577 0.647536 0.454322 0.648027 0.455857 0.647537 0.499309 0.630303 0.499240 0.629930 0.499033 0.629148 0.498718 0.628077 0.498344 0.626879 0.497968 0.625740 0.497648 0.624832 0.497432 0.624295 0.497354 0.624209 0.452016 0.635296 0.450483 0.635785
0 0.144808 0.602202 0.145010 0.649078 0.145131 0.650688 0.147040 0.653951 0.147310 0.653958 0.148294 0.653892 0.149846 0.653761 0.151726 0.653586 0.153646 0.653395 0.155311 0.653215 0.156467 0.653075 0.156940 0.652996 0.158329 0.649422 0.158207 0.647815 0.151395 0.601613 0.151076 0.601620 0.150303 0.601670 0.149194 0.601757 0.147917 0.601867 0.146668 0.601983 0.145638 0.602087 0.144986 0.602164
0 0.598928 0.071472 0.599306 0.071979 0.600051 0.072610 0.601051 0.073268 0.602154 0.073853 0.603194 0.074278 0.604012 0.074477 0.604484 0.074420 0.629254 0.034047 0.630015 0.032596 0.630169 0.031909 0.630376 0.028165 0.629846 0.027345 0.628749 0.026350 0.627252 0.025331 0.625584 0.024446 0.624001 0.023830 0.622748 0.023577 0.622013 0.023726 0.619018 0.025990 0.618256 0.027445 0.598977 0.071164
0 0.620093 0.684254 0.620337 0.685361 0.620807 0.686916 0.621431 0.688685 0.622117 0.690400 0.622759 0.691803 0.623261 0.692680 0.623547 0.692897 0.627316 0.693253 0.628820 0.692704 0.671161 0.673771 0.671216 0.673436 0.671085 0.672690 0.670788 0.671645 0.670371 0.670462 0.669896 0.669323 0.669437 0.668400 0.669064 0.667835 0.668834 0.667713 0.624234 0.680534 0.622732 0.681081 0.620113 0.683765
0 0.285269 0.732984 0.285290 0.733382 0.288368 0.735568 0.289963 0.735840 0.336716 0.740494 0.336778 0.740264 0.336922 0.739582 0.337126 0.738551 0.337359 0.737329 0.337584 0.736101 0.337769 0.735053 0.337885 0.734342 0.337915 0.734079 0.292449 0.722995 0.290857 0.722722 0.287162 0.723747 0.287001 0.724070 0.286722 0.725080 0.286366 0.726624 0.285989 0.728465 0.285647 0.730322 0.285395 0.731910
0 0.410654 0.886114 0.411906 0.889700 0.413030 0.890822 0.447814 0.920878 0.448169 0.920947 0.448815 0.920639 0.449652 0.920000 0.450552 0.919126 0.451378 0.918153 0.452003 0.917229 0.452333 0.916496 0.452317 0.916064 0.422114 0.881230 0.420993 0.880109 0.417474 0.878924 0.416978 0.878871 0.416042 0.879372 0.414807 0.880350 0.413461 0.881655 0.412206 0.883092 0.411231 0.884444 0.410686 0.885506
0 0.050906 0.346370 0.050991 0.347580 0.051257 0.348564 0.051662 0.349174 0.052146 0.349316 0.097398 0.356242 0.098963 0.356370 0.102317 0.355040 0.102989 0.354514 0.103569 0.353338 0.103972 0.351691 0.104136 0.349823 0.104036 0.348014 0.103688 0.346539 0.103144 0.345621 0.100064 0.343817 0.099179 0.343522 0.097611 0.343394 0.052212 0.342903 0.051723 0.343244 0.051303 0.344023 0.051016 0.345121
0 0.444466 0.658226 0.444518 0.658450 0.447796 0.660332 0.449399 0.660459 0.496016 0.660947 0.496132 0.660609 0.496267 0.659833 0.496399 0.658736 0.496509 0.657487 0.496579 0.656276 0.496599 0.655289 0.496566 0.654676 0.496485 0.654531 0.450423 0.647605 0.448822 0.647476 0.445292 0.648807 0.445181 0.649329 0.445027 0.650501 0.444856 0.652146 0.444692 0.654014 0.444560 0.655825 0.444481 0.657303
0 0.261666 0.324936 0.262014 0.326185 0.267065 0.333417 0.268611 0.335390 0.268876 0.335579 0.271057 0.336808 0.273542 0.337110 0.275954 0.336437 0.277924 0.334893 0.279154 0.332712 0.279455 0.330227 0.278783 0.327815 0.277238 0.325845 0.276983 0.325645 0.274800 0.324414 0.266014 0.321528 0.264727 0.321372 0.263479 0.321721 0.262458 0.322520 0.261822 0.323649
0 0.511944 0.946725 0.512073 0.947381 0.514445 0.950349 0.515881 0.951029 0.558770 0.967653 0.559102 0.967644 0.559588 0.967173 0.560153 0.966310 0.560712 0.965187 0.561178 0.963976 0.561480 0.962863 0.561573 0.962017 0.561443 0.961567 0.521313 0.938866 0.519880 0.938186 0.516154 0.938260 0.515710 0.938309 0.515024 0.939042 0.514201 0.940347 0.513366 0.942026 0.512644 0.943826 0.512144 0.945476
0 0.099925 0.142143 0.100303 0.142380 0.101114 0.142717 0.102236 0.143103 0.103497 0.143479 0.104707 0.143788 0.105683 0.143983 0.106277 0.144035 0.106397 0.143936 0.120243 0.099010 0.120610 0.097426 0.119773 0.093600 0.119232 0.093177 0.118031 0.092608 0.116352 0.091978 0.114452 0.091383 0.112622 0.090916 0.111144 0.090648 0.110243 0.090620 0.110057 0.090836 0.107656 0.093747 0.107290 0.095334
0 0.768024 0.189506 0.768127 0.190122 0.768484 0.191029 0.769041 0.192089 0.769714 0.193141 0.770401 0.194026 0.770997 0.194610 0.771412 0.194804 0.812779 0.171849 0.814153 0.170960 0.814572 0.170463 0.816595 0.167303 0.816500 0.166346 0.816007 0.164953 0.815188 0.163337 0.814171 0.161746 0.813111 0.160425 0.812170 0.159575 0.811494 0.159327 0.807770 0.159827 0.806394 0.160718 0.768192 0.189274
0 0.065744 0.845498 0.066122 0.846320 0.066856 0.847191 0.067832 0.847978 0.068902 0.848561 0.069902 0.848850 0.070679 0.848803 0.071115 0.848426 0.101983 0.814819 0.102958 0.813596 0.103702 0.810092 0.103706 0.809167 0.103104 0.807972 0.101988 0.806689 0.100528 0.805512 0.098943 0.804618 0.097473 0.804142 0.096341 0.804158 0.093147 0.805687 0.092312 0.806365 0.091337 0.807591 0.065778 0.844852
0 0.461673 0.346649 0.461715 0.348242 0.461789 0.348682 0.463445 0.351963 0.464213 0.352242 0.465576 0.352434 0.467327 0.352509 0.469202 0.352456 0.470918 0.352283 0.472215 0.352016 0.472896 0.351695 0.474386 0.348325 0.474343 0.346735 0.469933 0.300692 0.469904 0.300429 0.469397 0.300200 0.468489 0.300039 0.467319 0.299971 0.466065 0.300007 0.464920 0.300140 0.464058 0.300352 0.463612 0.300608
0 0.324153 0.471970 0.324178 0.472625 0.324334 0.473896 0.324598 0.475592 0.324931 0.477451 0.325279 0.479187 0.325592 0.480536 0.325819 0.481290 0.325928 0.481338 0.329604 0.482301 0.331194 0.482020 0.376646 0.470788 0.376586 0.470355 0.376450 0.469515 0.376257 0.468395 0.376038 0.467166 0.375824 0.466013 0.375649 0.465111 0.375539 0.464597 0.375511 0.464550 0.328838 0.469531 0.327244 0.469811
0 0.271725 0.865627 0.271894 0.866259 0.272456 0.867029 0.273327 0.867821 0.274374 0.868513 0.275435 0.868999 0.276349 0.869205 0.276975 0.869100 0.304667 0.833047 0.305537 0.831734 0.305977 0.831000 0.306456 0.827436 0.306160 0.826536 0.305285 0.825421 0.303966 0.824258 0.302401 0.823223 0.300828 0.822473 0.299482 0.822120 0.298569 0.822220 0.295466 0.824048 0.294598 0.825360 0.294138 0.826084
0 0.120171 0.400030 0.120570 0.403795 0.121037 0.404043 0.122147 0.404507 0.123730 0.405113 0.125546 0.405770 0.127320 0.406380 0.128785 0.406850 0.129719 0.407109 0.129979 0.407117 0.132713 0.404464 0.133262 0.402956 0.146035 0.358203 0.145747 0.357996 0.145026 0.357650 0.143983 0.357215 0.142776 0.356759 0.141589 0.356351 0.140606 0.356054 0.139975 0.355914 0.139793 0.355950 0.120722 0.398520
0 0.835435 0.377986 0.864616 0.414595 0.865710 0.415785 0.869280 0.417232 0.869691 0.417027 0.870611 0.416356 0.871900 0.415322 0.873362 0.414082 0.874772 0.412826 0.875914 0.411747 0.876613 0.411011 0.876762 0.410730 0.875680 0.407112 0.874584 0.405920 0.840379 0.373627 0.840132 0.373803 0.839546 0.374283 0.838713 0.374994 0.837757 0.375828 0.836825 0.376658 0.836056 0.377360 0.835568 0.377826
0 0.568062 0.936953 0.607974 0.962515 0.609404 0.963296 0.613171 0.963464 0.613542 0.963346 0.614189 0.962563 0.615015 0.961233 0.615891 0.959561 0.616684 0.957802 0.617272 0.956228 0.617566 0.955078 0.617521 0.954527 0.615209 0.951384 0.613781 0.950606 0.570995 0.931032 0.570784 0.931137 0.570382 0.931675 0.569851 0.932565 0.569272 0.933671 0.568731 0.934826 0.568311 0.935855 0.568076 0.936602
0 0.330800 0.260051 0.330842 0.263814 0.331546 0.265282 0.354794 0.306431 0.354887 0.306527 0.355404 0.306410 0.356267 0.306099 0.357344 0.305639 0.358471 0.305102 0.359478 0.304568 0.360214 0.304119 0.360564 0.303822 0.343149 0.260128 0.342448 0.258663 0.342239 0.258383 0.339348 0.255978 0.338547 0.256092 0.337228 0.256515 0.335590 0.257184 0.333885 0.257996 0.332376 0.258827 0.331292 0.259549
0 0.748325 0.961262 0.748508 0.961748 0.749103 0.962420 0.750019 0.963175 0.751118 0.963897 0.752231 0.964476 0.753187 0.964823 0.753840 0.964886 0.754091 0.964654 0.779052 0.926111 0.779815 0.924720 0.779983 0.920922 0.779666 0.920246 0.778736 0.919290 0.777337 0.918201 0.775680 0.917144 0.774016 0.916278 0.772597 0.915734 0.771635 0.915594 0.768694 0.917608 0.768215 0.917994 0.767454 0.919383
0 0.789163 0.430965 0.789418 0.432548 0.800033 0.477850 0.800316 0.477913 0.801050 0.477889 0.802124 0.477780 0.803375 0.477604 0.804610 0.477387 0.805641 0.477162 0.806310 0.476964 0.806515 0.476823 0.802398 0.430409 0.802144 0.428822 0.799978 0.425719 0.799553 0.425694 0.798454 0.425795 0.796849 0.426007 0.794982 0.426297 0.793134 0.426622 0.791586 0.426932 0.790569 0.427181 0.790241 0.427331
0 0.887279 0.531826 0.887309 0.532987 0.887440 0.533886 0.887652 0.534387 0.934585 0.540398 0.935194 0.540460 0.936830 0.540559 0.940325 0.539189 0.940798 0.538510 0.941208 0.537208 0.941491 0.535483 0.941605 0.533598 0.941531 0.531843 0.941282 0.530488 0.940895 0.529738 0.937590 0.527958 0.936977 0.527919 0.935344 0.527820 0.888031 0.528109 0.887761 0.528569 0.887523 0.529436 0.887354 0.530580
0 0.138399 0.503247 0.138403 0.504107 0.138627 0.505214 0.139035 0.506400 0.139567 0.507483 0.140140 0.508296 0.140666 0.508717 0.141066 0.508681 0.185420 0.496523 0.186910 0.496000 0.189476 0.493406 0.189736 0.492696 0.189682 0.491419 0.189322 0.489769 0.188711 0.487996 0.187941 0.486366 0.187128 0.485127 0.186395 0.484467 0.182804 0.484086 0.182076 0.484113 0.180583 0.484637 0.138615 0.502765
0 0.338449 0.871467 0.340341 0.874754 0.341666 0.875647 0.381851 0.898732 0.382093 0.898714 0.382577 0.898274 0.383230 0.897481 0.383951 0.896455 0.384631 0.895352 0.385164 0.894344 0.385470 0.893582 0.385503 0.893182 0.349056 0.864569 0.347734 0.863676 0.343999 0.863160 0.343682 0.863232 0.342994 0.863923 0.342038 0.865127 0.340959 0.866661 0.339921 0.868296 0.339079 0.869782 0.338562 0.870896
0 0.303360 0.717310 0.303395 0.718835 0.303517 0.720679 0.303705 0.722558 0.303931 0.724184 0.304161 0.725307 0.304359 0.725758 0.307920 0.726999 0.309532 0.726821 0.355882 0.718452 0.355927 0.718266 0.355920 0.717619 0.355864 0.716609 0.355766 0.715391 0.355641 0.714148 0.355509 0.713069 0.355389 0.712317 0.355300 0.712007 0.308448 0.713895 0.306838 0.714072 0.303552 0.716060 0.303415 0.716337
0 0.273459 0.394775 0.273482 0.395588 0.276521 0.397808 0.276755 0.397956 0.278343 0.398281 0.324872 0.404562 0.325034 0.404156 0.325261 0.403338 0.325517 0.402233 0.325764 0.401009 0.325964 0.399851 0.326088 0.398933 0.326115 0.398397 0.326043 0.398323 0.280608 0.385759 0.279017 0.385432 0.275354 0.386307 0.275047 0.386897 0.274658 0.388116 0.274245 0.389779 0.273871 0.391630 0.273595 0.393385
0 0.492829 0.256311 0.492833 0.257387 0.492875 0.258640 0.492948 0.259879 0.493042 0.260915 0.493142 0.261588 0.493232 0.261798 0.539809 0.262969 0.541413 0.262898 0.544760 0.261118 0.544798 0.260691 0.544801 0.259589 0.544769 0.257978 0.544706 0.256104 0.544623 0.254247 0.544532 0.252690 0.544446 0.251668 0.544378 0.251339 0.540898 0.249861 0.539290 0.249934 0.492932 0.255297 0.492864 0.255577
0 0.890702 0.457666 0.894310 0.504115 0.894548 0.505704 0.896703 0.508859 0.896940 0.508871 0.897892 0.508780 0.899413 0.508598 0.901272 0.508355 0.903191 0.508087 0.904878 0.507833 0.906078 0.507634 0.906607 0.507518 0.907751 0.503910 0.907511 0.502318 0.897282 0.456728 0.897124 0.456677 0.896488 0.456705 0.895470 0.456809 0.894227 0.456971 0.892947 0.457168 0.891828 0.457369 0.891040 0.457544
0 0.565811 0.178167 0.565902 0.179791 0.571698 0.226521 0.572112 0.226640 0.572945 0.226700 0.574069 0.226692 0.575316 0.226617 0.576496 0.226487 0.577430 0.226322 0.577976 0.226146 0.578051 0.225986 0.578632 0.178633 0.578542 0.177006 0.576757 0.173693 0.576139 0.173448 0.574885 0.173307 0.573185 0.173292 0.571300 0.173405 0.569520 0.173629 0.568117 0.173928 0.567306 0.174259 0.565940 0.177760
0 0.627700 0.118403 0.627927 0.119069 0.628390 0.120008 0.629019 0.121075 0.629718 0.122110 0.630381 0.122956 0.630909 0.123484 0.631221 0.123615 0.671758 0.099510 0.673099 0.098582 0.675089 0.095225 0.675219 0.094754 0.674936 0.093719 0.674280 0.092277 0.673353 0.090649 0.672296 0.089084 0.671272 0.087823 0.670437 0.087059 0.669919 0.086908 0.666201 0.087497 0.664858 0.088428 0.627744 0.118110
0 0.193191 0.265568 0.193216 0.266190 0.227506 0.296215 0.228763 0.297170 0.229382 0.297635 0.232926 0.298350 0.233785 0.298098 0.234911 0.297286 0.236134 0.296039 0.237269 0.294546 0.238145 0.293031 0.238629 0.291724 0.238647 0.290822 0.237008 0.287601 0.236402 0.287119 0.235144 0.286164 0.197025 0.261178 0.196422 0.261315 0.195646 0.261835 0.194815 0.262656 0.194056 0.263655 0.193485 0.264678
0 0.765480 0.563604 0.765541 0.564115 0.765694 0.564158 0.811712 0.575322 0.813318 0.575600 0.816949 0.574621 0.817349 0.573983 0.817788 0.572723 0.818200 0.571033 0.818520 0.569172 0.818699 0.567426 0.818711 0.566063 0.818554 0.565290 0.815457 0.563158 0.815060 0.563073 0.813457 0.562796 0.766606 0.557916 0.766383 0.558353 0.766124 0.559197 0.765870 0.560319 0.765658 0.561550 0.765521 0.562703
