0 0.545219 0.882546 0.545271 0.882985 0.545937 0.885401 0.550487 0.897173 0.551283 0.898196 0.552411 0.898836 0.553697 0.898996 0.554947 0.898652 0.555970 0.897855 0.556610 0.896728 0.556770 0.895442 0.558085 0.882054 0.558019 0.881616 0.557354 0.879203 0.555815 0.877227 0.553638 0.875991 0.551154 0.875682 0.548740 0.876346 0.546765 0.877885 0.545528 0.880062
0 0.075080 0.650622 0.075143 0.651001 0.075672 0.651489 0.076586 0.652011 0.077746 0.652488 0.078974 0.652847 0.080083 0.653032 0.080902 0.653016 0.081308 0.652802 0.101156 0.611260 0.101735 0.609786 0.101410 0.606099 0.101283 0.605586 0.100467 0.604898 0.099088 0.604141 0.097353 0.603427 0.095525 0.602866 0.093879 0.602541 0.092666 0.602502 0.092071 0.602757 0.089282 0.605338 0.088703 0.606814
0 0.189951 0.051306 0.190199 0.052578 0.197532 0.068678 0.198915 0.070769 0.199260 0.071261 0.201336 0.072660 0.203789 0.073160 0.206247 0.072682 0.208335 0.071300 0.209734 0.069225 0.210234 0.066772 0.209756 0.064314 0.208374 0.062226 0.208040 0.061724 0.195633 0.048981 0.194559 0.048256 0.193288 0.047998 0.192016 0.048245 0.190935 0.048961 0.190210 0.050035
0 0.076175 0.151447 0.076357 0.152190 0.076808 0.152542 0.115027 0.177483 0.116393 0.178244 0.119968 0.178408 0.120892 0.178237 0.121980 0.177430 0.123066 0.176109 0.123986 0.174475 0.124603 0.172773 0.124821 0.171262 0.124608 0.170170 0.122578 0.167265 0.121755 0.166586 0.120386 0.165824 0.079447 0.146706 0.078796 0.146793 0.078043 0.147313 0.077302 0.148186 0.076686 0.149279 0.076290 0.150424
0 0.391600 0.184031 0.391650 0.184537 0.392164 0.185550 0.393062 0.186913 0.394209 0.188419 0.395430 0.189843 0.396543 0.190968 0.397377 0.191624 0.397808 0.191711 0.401441 0.190822 0.402665 0.189803 0.436021 0.157737 0.436028 0.157377 0.435722 0.156679 0.435149 0.155750 0.434397 0.154732 0.433580 0.153780 0.432824 0.153040 0.432244 0.152626 0.431929 0.152600 0.394397 0.179559 0.393171 0.180579
0 0.097454 0.463734 0.097661 0.464234 0.137726 0.486037 0.139163 0.486692 0.139962 0.486786 0.143556 0.486727 0.144398 0.486136 0.145358 0.484975 0.146293 0.483422 0.147060 0.481710 0.147544 0.480098 0.147672 0.478830 0.147424 0.478099 0.145117 0.475286 0.143682 0.474633 0.100669 0.458561 0.100236 0.458490 0.099639 0.458861 0.098969 0.459619 0.098328 0.460649 0.097815 0.461794 0.097508 0.462878
0 0.530436 0.150860 0.530446 0.151528 0.530489 0.152568 0.530560 0.153820 0.530647 0.155093 0.530738 0.156192 0.530817 0.156950 0.530874 0.157251 0.577543 0.157156 0.579149 0.157039 0.582471 0.155142 0.582454 0.154687 0.582399 0.153544 0.582312 0.151888 0.582207 0.149969 0.582101 0.148084 0.582009 0.146521 0.581946 0.145520 0.581920 0.145234 0.578409 0.143831 0.576801 0.143949 0.530462 0.150665
0 0.216117 0.828791 0.218340 0.831852 0.219767 0.832603 0.262635 0.851398 0.262740 0.851306 0.263071 0.850781 0.263580 0.849902 0.264187 0.848804 0.264799 0.847655 0.265324 0.846631 0.265681 0.845889 0.265816 0.845540 0.226217 0.820899 0.224794 0.820148 0.220962 0.820014 0.220856 0.820191 0.220399 0.821007 0.219661 0.822336 0.218754 0.823978 0.217813 0.825684 0.216982 0.827198 0.216386 0.828289
0 0.524286 0.606395 0.527273 0.652637 0.527297 0.652858 0.527799 0.653063 0.528703 0.653222 0.529872 0.653310 0.531126 0.653313 0.532274 0.653231 0.533140 0.653076 0.533592 0.652873 0.536953 0.606785 0.536960 0.605188 0.536894 0.604831 0.535341 0.601483 0.534579 0.601238 0.533219 0.601050 0.531469 0.600945 0.529593 0.600941 0.527875 0.601037 0.526573 0.601219 0.525886 0.601460 0.524292 0.604800
0 0.166517 0.548584 0.196124 0.583963 0.197231 0.585109 0.200786 0.586430 0.201276 0.586404 0.202239 0.585874 0.203526 0.584922 0.204942 0.583693 0.206274 0.582372 0.207321 0.581159 0.207923 0.580237 0.207990 0.579747 0.206839 0.576203 0.205734 0.575060 0.171340 0.544172 0.170987 0.544152 0.170320 0.544471 0.169440 0.545081 0.168481 0.545889 0.167590 0.546772 0.166904 0.547595 0.166528 0.548231
0 0.707707 0.611303 0.708176 0.612461 0.712548 0.618135 0.714361 0.619975 0.714615 0.620117 0.716997 0.621124 0.719583 0.621142 0.721980 0.620170 0.723822 0.618354 0.724829 0.615972 0.724847 0.613386 0.723875 0.610990 0.722059 0.609148 0.721797 0.609019 0.719417 0.608013 0.711497 0.607567 0.710248 0.607558 0.709091 0.608028 0.708202 0.608905 0.707716 0.610055
0 0.415640 0.663296 0.416227 0.664780 0.436156 0.706444 0.436579 0.706514 0.437388 0.706379 0.438458 0.706061 0.439628 0.705608 0.440717 0.705088 0.441559 0.704583 0.442025 0.704168 0.442046 0.703907 0.428063 0.659772 0.427478 0.658290 0.424757 0.655765 0.424137 0.655723 0.422939 0.655972 0.421345 0.656474 0.419596 0.657152 0.417956 0.657905 0.416673 0.658618 0.415941 0.659184 0.415875 0.659516
0 0.390164 0.412073 0.390419 0.412343 0.391037 0.412851 0.391925 0.413519 0.392947 0.414247 0.393946 0.414922 0.394770 0.415440 0.395292 0.415724 0.395434 0.415731 0.424787 0.379518 0.425710 0.378203 0.426361 0.374484 0.425934 0.374127 0.424975 0.373403 0.423630 0.372423 0.422102 0.371335 0.420621 0.370303 0.419412 0.369483 0.418658 0.369000 0.418476 0.368928 0.415195 0.370801 0.414270 0.372119
0 0.820781 0.473180 0.821095 0.474383 0.821796 0.475899 0.822777 0.477497 0.823890 0.478938 0.824968 0.480004 0.825846 0.480531 0.829428 0.480112 0.830162 0.479988 0.831505 0.479150 0.868502 0.452266 0.868622 0.451777 0.868442 0.450959 0.867990 0.449938 0.867334 0.448869 0.866575 0.447916 0.865829 0.447224 0.865210 0.446900 0.864812 0.446991 0.824179 0.468535 0.822838 0.469370 0.820902 0.472472
0 0.652227 0.592699 0.652308 0.593062 0.652512 0.593836 0.652808 0.594905 0.653150 0.596106 0.653488 0.597257 0.653770 0.598185 0.653953 0.598747 0.654009 0.598858 0.700014 0.589401 0.701573 0.588968 0.704429 0.586504 0.704371 0.585949 0.704113 0.584771 0.703692 0.583150 0.703174 0.581334 0.702638 0.579602 0.702167 0.578220 0.701831 0.577399 0.701683 0.577261 0.697918 0.576644 0.696362 0.577078
0 0.448709 0.376851 0.448829 0.377000 0.488551 0.401025 0.489972 0.401757 0.493699 0.401882 0.494142 0.401420 0.494838 0.400378 0.495683 0.398914 0.496548 0.397249 0.497304 0.395636 0.497834 0.394317 0.498060 0.393493 0.497945 0.393291 0.495627 0.390301 0.494203 0.389569 0.451612 0.371266 0.451282 0.371548 0.450789 0.372226 0.450209 0.373196 0.449630 0.374309 0.449142 0.375394 0.448818 0.376287
0 0.836692 0.648875 0.836756 0.650123 0.837292 0.651250 0.838219 0.652087 0.848119 0.660144 0.848531 0.660333 0.850967 0.661200 0.853550 0.661068 0.855886 0.659958 0.857619 0.658038 0.858486 0.655602 0.858353 0.653019 0.857243 0.650683 0.855323 0.648950 0.854903 0.648774 0.852470 0.647908 0.840323 0.646172 0.839076 0.646236 0.837948 0.646772 0.837111 0.647699
0 0.299284 0.772780 0.332931 0.805203 0.334166 0.806236 0.337838 0.807148 0.338153 0.806817 0.338896 0.805952 0.339952 0.804687 0.341161 0.803214 0.342340 0.801755 0.343312 0.800530 0.343929 0.799725 0.344097 0.799462 0.342516 0.795994 0.341282 0.794964 0.303482 0.767698 0.303241 0.767884 0.302716 0.768428 0.301988 0.769250 0.301167 0.770223 0.300378 0.771199 0.299743 0.772027 0.299359 0.772583
0 0.070949 0.714782 0.088331 0.758131 0.089035 0.759577 0.092037 0.761888 0.092642 0.761649 0.093838 0.761100 0.095443 0.760323 0.097212 0.759438 0.098878 0.758577 0.100191 0.757871 0.100951 0.757426 0.101043 0.757310 0.101044 0.753481 0.100339 0.752038 0.076958 0.711779 0.076542 0.711893 0.075730 0.712219 0.074647 0.712707 0.073457 0.713282 0.072342 0.713858 0.071474 0.714345 0.070985 0.714670
0 0.160496 0.293819 0.162453 0.297026 0.163814 0.297934 0.164274 0.298201 0.205224 0.321745 0.205668 0.321451 0.206294 0.320796 0.207008 0.319880 0.207702 0.318842 0.208271 0.317838 0.208628 0.317022 0.208719 0.316516 0.171276 0.287725 0.169918 0.286818 0.169469 0.286530 0.165758 0.285948 0.165040 0.286347 0.164055 0.287303 0.162953 0.288671 0.161904 0.290241 0.161068 0.291771 0.160574 0.293028
0 0.263929 0.928131 0.263995 0.930716 0.265044 0.933080 0.266918 0.934861 0.269332 0.935791 0.271917 0.935725 0.274281 0.934676 0.276063 0.932801 0.276328 0.932290 0.277256 0.929879 0.281486 0.915085 0.281454 0.913836 0.280947 0.912695 0.280042 0.911835 0.278877 0.911386 0.277628 0.911417 0.276487 0.911924 0.275627 0.912829 0.265136 0.925214 0.264858 0.925717
0 0.749378 0.076453 0.783448 0.107982 0.784698 0.108980 0.788415 0.109796 0.788610 0.109803 0.789258 0.109212 0.790260 0.108115 0.791465 0.106678 0.792691 0.105117 0.793752 0.103667 0.794489 0.102550 0.794787 0.101934 0.793187 0.098496 0.791934 0.097496 0.753579 0.071196 0.753420 0.071160 0.752965 0.071530 0.752283 0.072251 0.751477 0.073212 0.750672 0.074266 0.749990 0.075253 0.749536 0.076021
0 0.595454 0.375355 0.597165 0.378701 0.598436 0.379677 0.637181 0.405395 0.637371 0.405362 0.637835 0.404949 0.638505 0.404218 0.639277 0.403280 0.640034 0.402280 0.640660 0.401370 0.641058 0.400689 0.641169 0.400342 0.606363 0.369497 0.605091 0.368518 0.601396 0.367714 0.601159 0.367814 0.600507 0.368479 0.599540 0.369608 0.598405 0.371027 0.597274 0.372523 0.596316 0.373870 0.595677 0.374864
0 0.371636 0.455060 0.394754 0.495217 0.395646 0.496546 0.398883 0.498504 0.399090 0.498611 0.399875 0.498307 0.401119 0.497639 0.402631 0.496708 0.404184 0.495657 0.405544 0.494642 0.406504 0.493818 0.406919 0.493309 0.406362 0.489627 0.405471 0.488301 0.377005 0.451643 0.376848 0.451530 0.376306 0.451694 0.375460 0.452111 0.374440 0.452718 0.373401 0.453421 0.372503 0.454113 0.371884 0.454689
0 0.197548 0.819614 0.198544 0.823244 0.198901 0.823651 0.199946 0.824095 0.201519 0.824507 0.203381 0.824824 0.205244 0.824998 0.206823 0.825002 0.207877 0.824836 0.208247 0.824526 0.210482 0.821329 0.210774 0.819725 0.216001 0.772857 0.215750 0.772629 0.215047 0.772367 0.214002 0.772112 0.212771 0.771902 0.211541 0.771769 0.210498 0.771733 0.209801 0.771799 0.209556 0.771959 0.197841 0.818007
0 0.618335 0.644591 0.618585 0.645734 0.619062 0.647307 0.619694 0.649074 0.620384 0.650766 0.621030 0.652130 0.621532 0.652957 0.621815 0.653120 0.625586 0.653459 0.627087 0.652907 0.669363 0.633921 0.669415 0.633553 0.669280 0.632783 0.668979 0.631726 0.668556 0.630545 0.668078 0.629420 0.667618 0.628524 0.667245 0.627993 0.667016 0.627907 0.622460 0.640825 0.620960 0.641375 0.618350 0.644053
0 0.756665 0.118341 0.756667 0.119452 0.756747 0.120723 0.756894 0.121963 0.757085 0.122985 0.757292 0.123632 0.757483 0.123807 0.804503 0.120787 0.806118 0.120569 0.809413 0.118458 0.809702 0.117962 0.809885 0.116785 0.809934 0.115106 0.809840 0.113181 0.809618 0.111306 0.809301 0.109768 0.808940 0.108804 0.808589 0.108559 0.805013 0.107372 0.803395 0.107592 0.756888 0.117230 0.756743 0.117561
0 0.363383 0.752359 0.363565 0.752954 0.364081 0.753768 0.364852 0.754676 0.365762 0.755540 0.366671 0.756226 0.367439 0.756631 0.367949 0.756693 0.401899 0.725824 0.402997 0.724677 0.403286 0.724153 0.404436 0.720700 0.404113 0.719847 0.403303 0.718660 0.402129 0.717320 0.400768 0.716029 0.399427 0.714981 0.398306 0.714336 0.397578 0.714191 0.394145 0.715478 0.393050 0.716623 0.363563 0.752073
0 0.759001 0.584986 0.759185 0.585132 0.759751 0.585537 0.760615 0.586139 0.761644 0.586847 0.762682 0.587552 0.763568 0.588147 0.764168 0.588540 0.764390 0.588671 0.793863 0.552225 0.794788 0.550902 0.795396 0.547173 0.795100 0.546923 0.794227 0.546292 0.792908 0.545375 0.791347 0.544314 0.789782 0.543270 0.788455 0.542405 0.787567 0.541850 0.787252 0.541688 0.783935 0.543585 0.783013 0.544906
0 0.912256 0.183623 0.912656 0.184806 0.913477 0.185746 0.914596 0.186300 0.915843 0.186384 0.917026 0.185984 0.932974 0.178088 0.933486 0.177707 0.935433 0.176005 0.936581 0.173687 0.936754 0.171107 0.935927 0.168656 0.934224 0.166709 0.931907 0.165561 0.929326 0.165388 0.926876 0.166216 0.926371 0.166610 0.924427 0.168310 0.912894 0.181257 0.912340 0.182377
0 0.538686 0.497102 0.538710 0.498704 0.542563 0.545073 0.542603 0.545198 0.543119 0.545305 0.544035 0.545379 0.545209 0.545407 0.546463 0.545386 0.547605 0.545319 0.548460 0.545215 0.548897 0.545092 0.551405 0.498659 0.551382 0.497054 0.549743 0.493649 0.549674 0.493530 0.548891 0.493433 0.547516 0.493372 0.545758 0.493356 0.543883 0.493388 0.542173 0.493462 0.540886 0.493568 0.540220 0.493689
0 0.249842 0.740230 0.250540 0.743954 0.251493 0.745241 0.281702 0.780479 0.281958 0.780494 0.282577 0.780204 0.283464 0.779652 0.284484 0.778922 0.285482 0.778127 0.286303 0.777387 0.286823 0.776816 0.286964 0.776501 0.262088 0.737335 0.261138 0.736050 0.257794 0.734304 0.257440 0.734338 0.256538 0.734816 0.255224 0.735665 0.253698 0.736756 0.252190 0.737925 0.250928 0.738996 0.250103 0.739805
0 0.742284 0.316892 0.742321 0.317872 0.742441 0.319070 0.742625 0.320305 0.742846 0.321390 0.743071 0.322161 0.743264 0.322500 0.790167 0.318432 0.791774 0.318182 0.795003 0.316053 0.795274 0.315825 0.795417 0.314901 0.795412 0.313418 0.795259 0.311604 0.794980 0.309736 0.794620 0.308102 0.794232 0.306952 0.793877 0.306460 0.790266 0.305395 0.788656 0.305647 0.742469 0.316128 0.742336 0.316279
0 0.218771 0.934033 0.218847 0.934171 0.221833 0.936490 0.223420 0.936808 0.270106 0.942749 0.270228 0.942336 0.270447 0.941487 0.270727 0.940334 0.271027 0.939052 0.271301 0.937834 0.271508 0.936864 0.271616 0.936291 0.271609 0.936201 0.226516 0.923698 0.224931 0.923379 0.221176 0.924337 0.220926 0.924935 0.220535 0.926193 0.220064 0.927921 0.219585 0.929854 0.219170 0.931696 0.218884 0.933164
0 0.435723 0.569753 0.435982 0.570184 0.436573 0.570854 0.437406 0.571661 0.438354 0.572482 0.439272 0.573191 0.440020 0.573680 0.440482 0.573874 0.473151 0.540979 0.474200 0.539769 0.474356 0.539569 0.475371 0.535994 0.474935 0.535390 0.474014 0.534420 0.472749 0.533232 0.471330 0.532004 0.469973 0.530922 0.468882 0.530150 0.468223 0.529805 0.464829 0.531320 0.464656 0.531505 0.463608 0.532716
0 0.643456 0.265505 0.643822 0.265676 0.644616 0.265867 0.645716 0.266048 0.646957 0.266192 0.648149 0.266278 0.649114 0.266292 0.649704 0.266232 0.649828 0.266108 0.658741 0.219645 0.658939 0.218029 0.657759 0.214454 0.657224 0.214133 0.656038 0.213796 0.654380 0.213495 0.652504 0.213277 0.650699 0.213175 0.649242 0.213204 0.648354 0.213359 0.648170 0.213618 0.646156 0.216908 0.645960 0.218521
0 0.097892 0.588446 0.097955 0.588803 0.098469 0.589306 0.099356 0.589881 0.100480 0.590438 0.101669 0.590893 0.102741 0.591175 0.103532 0.591243 0.103923 0.591086 0.126696 0.550982 0.127379 0.549550 0.127327 0.545836 0.127195 0.545355 0.126398 0.544642 0.125058 0.543806 0.123377 0.542973 0.121610 0.542268 0.120022 0.541798 0.118855 0.541636 0.118288 0.541806 0.115326 0.544182 0.114643 0.545617
0 0.716169 0.924338 0.716202 0.926214 0.716392 0.928165 0.716710 0.929896 0.717108 0.931146 0.717527 0.931722 0.721000 0.933265 0.722587 0.933203 0.768309 0.928072 0.768600 0.927944 0.768814 0.927327 0.768918 0.926314 0.768896 0.925060 0.768751 0.923756 0.768506 0.922604 0.768198 0.921778 0.767874 0.921404 0.721798 0.919833 0.720213 0.919893 0.719711 0.920162 0.716569 0.921891 0.716298 0.922821
