0 0.391659 0.542151 0.392104 0.542648 0.392980 0.543600 0.394155 0.544860 0.395448 0.546236 0.396660 0.547517 0.397606 0.548506 0.398141 0.549052 0.398185 0.549073 0.401770 0.547886 0.402945 0.546785 0.434806 0.512623 0.434809 0.512577 0.434483 0.512184 0.433878 0.511504 0.433086 0.510641 0.432227 0.509726 0.431434 0.508901 0.430827 0.508291 0.430499 0.507988 0.394252 0.537551 0.393074 0.538653
0 0.042276 0.166592 0.055798 0.209911 0.056374 0.211374 0.059164 0.213965 0.059804 0.214466 0.061058 0.214654 0.062735 0.214502 0.064580 0.214034 0.066315 0.213321 0.067677 0.212470 0.068462 0.211610 0.068548 0.210872 0.068886 0.207255 0.068311 0.205795 0.048533 0.164577 0.048097 0.164199 0.047251 0.164032 0.046122 0.164102 0.044882 0.164398 0.043722 0.164874 0.042819 0.165459 0.042311 0.166063
0 0.840284 0.802989 0.852475 0.848689 0.853004 0.850238 0.855698 0.853095 0.856136 0.853448 0.857227 0.853549 0.858806 0.853382 0.860633 0.852971 0.862426 0.852379 0.863911 0.851697 0.864859 0.851031 0.865127 0.850482 0.865572 0.846748 0.865041 0.845197 0.846539 0.801207 0.846256 0.801018 0.845541 0.800994 0.844504 0.801138 0.843301 0.801428 0.842115 0.801819 0.841125 0.802253 0.840482 0.802664
0 0.711143 0.787051 0.712940 0.833018 0.713128 0.833399 0.713781 0.833762 0.714801 0.834052 0.716033 0.834223 0.717287 0.834249 0.718372 0.834127 0.719121 0.833874 0.719422 0.833531 0.724138 0.787998 0.724189 0.786416 0.722669 0.782934 0.722374 0.782428 0.721384 0.781947 0.719850 0.781563 0.718006 0.781334 0.716130 0.781295 0.714506 0.781451 0.713379 0.781779 0.712920 0.782230 0.711192 0.785471
0 0.093823 0.351499 0.093962 0.355283 0.094457 0.355595 0.095575 0.356162 0.097145 0.356898 0.098928 0.357691 0.100655 0.358422 0.102066 0.358981 0.102947 0.359283 0.103163 0.359281 0.106087 0.356833 0.106742 0.355369 0.122654 0.311650 0.122350 0.311404 0.121627 0.310990 0.120594 0.310469 0.119410 0.309923 0.118255 0.309434 0.117306 0.309077 0.116709 0.308908 0.116554 0.308950 0.094480 0.350032
0 0.411043 0.353036 0.416274 0.398933 0.416563 0.400503 0.416744 0.400847 0.418885 0.403845 0.419713 0.403947 0.421110 0.403881 0.422863 0.403658 0.424706 0.403312 0.426363 0.402896 0.427582 0.402471 0.428178 0.402102 0.429130 0.398524 0.428840 0.396957 0.417320 0.352091 0.417230 0.351876 0.416676 0.351765 0.415741 0.351776 0.414567 0.351907 0.413334 0.352138 0.412231 0.352434 0.411427 0.352750
0 0.411509 0.099400 0.411653 0.099812 0.445039 0.131462 0.446260 0.132465 0.449844 0.133298 0.450458 0.133278 0.451428 0.132668 0.452606 0.131562 0.453815 0.130127 0.454871 0.128581 0.455616 0.127155 0.455935 0.126067 0.455779 0.125483 0.454168 0.122043 0.452944 0.121038 0.415565 0.094586 0.415127 0.094568 0.414456 0.094951 0.413656 0.095677 0.412848 0.096637 0.412156 0.097682 0.411686 0.098652
0 0.907810 0.379930 0.929381 0.421413 0.930226 0.422789 0.933467 0.424880 0.933984 0.424669 0.935084 0.424109 0.936603 0.423284 0.938308 0.422319 0.939936 0.421362 0.941238 0.420561 0.942015 0.420039 0.942148 0.419874 0.941797 0.416110 0.940950 0.414733 0.913559 0.376562 0.913233 0.376744 0.912520 0.377155 0.911529 0.377731 0.910411 0.378385 0.909334 0.379017 0.908462 0.379533 0.907926 0.379853
0 0.050459 0.229111 0.050494 0.230696 0.050730 0.232569 0.051131 0.234443 0.051635 0.236030 0.052165 0.237088 0.052639 0.237457 0.056367 0.238698 0.057991 0.238518 0.104453 0.230060 0.104641 0.229818 0.104721 0.229119 0.104679 0.228071 0.104523 0.226833 0.104276 0.225590 0.103975 0.224533 0.103667 0.223821 0.103397 0.223563 0.055790 0.225504 0.054163 0.225684 0.050981 0.227695 0.050630 0.228057
0 0.558789 0.704968 0.559064 0.705354 0.559749 0.706263 0.560741 0.707557 0.561890 0.709040 0.563022 0.710488 0.563966 0.711683 0.564579 0.712443 0.564766 0.712650 0.568450 0.711809 0.569714 0.710809 0.604269 0.679352 0.604123 0.679073 0.603694 0.678449 0.603045 0.677574 0.602277 0.676582 0.601507 0.675626 0.600853 0.674851 0.600415 0.674375 0.600258 0.674271 0.561739 0.700574 0.560477 0.701571
0 0.544297 0.178379 0.544356 0.179949 0.544479 0.180974 0.544646 0.181300 0.548001 0.183022 0.549600 0.183058 0.595958 0.180812 0.596128 0.180527 0.596289 0.179784 0.596416 0.178696 0.596490 0.177427 0.596498 0.176173 0.596441 0.175125 0.596327 0.174444 0.596173 0.174233 0.549947 0.169869 0.548346 0.169832 0.544900 0.171405 0.544713 0.171845 0.544535 0.172969 0.544394 0.174605 0.544311 0.176504
0 0.098065 0.441923 0.098235 0.442668 0.098691 0.443645 0.099362 0.444704 0.100147 0.445684 0.100924 0.446435 0.101575 0.446842 0.102002 0.446843 0.142259 0.424515 0.143585 0.423651 0.145463 0.420479 0.145615 0.419906 0.145315 0.418813 0.144609 0.417364 0.143605 0.415780 0.142454 0.414299 0.141329 0.413144 0.140401 0.412492 0.139811 0.412443 0.136046 0.412942 0.134718 0.413808 0.098205 0.441524
0 0.088174 0.466894 0.088385 0.467627 0.088897 0.468575 0.089633 0.469591 0.090478 0.470521 0.091304 0.471223 0.091985 0.471589 0.092417 0.471564 0.131220 0.446816 0.132490 0.445873 0.134168 0.442591 0.134294 0.442011 0.133934 0.440937 0.133145 0.439534 0.132046 0.438015 0.130802 0.436606 0.129602 0.435523 0.128627 0.434929 0.128026 0.434916 0.124298 0.435645 0.123026 0.436590 0.088296 0.466487
0 0.485873 0.514268 0.486023 0.516850 0.487149 0.519178 0.489080 0.520898 0.491523 0.521748 0.494105 0.521598 0.496433 0.520472 0.498153 0.518541 0.499003 0.516098 0.499004 0.516079 0.498854 0.513500 0.497730 0.511175 0.495801 0.509457 0.493361 0.508608 0.490782 0.508757 0.488457 0.509882 0.488443 0.509894 0.486723 0.511825
0 0.439313 0.234196 0.439320 0.234655 0.439909 0.235501 0.440987 0.236603 0.442392 0.237794 0.443910 0.238896 0.445313 0.239741 0.446389 0.240201 0.446973 0.240207 0.450256 0.238494 0.451201 0.237217 0.476008 0.198265 0.476036 0.197927 0.475673 0.197333 0.474975 0.196573 0.474047 0.195762 0.473032 0.195026 0.472085 0.194476 0.471350 0.194197 0.470941 0.194231 0.440995 0.229197 0.440048 0.230475
0 0.280754 0.956016 0.282234 0.959470 0.282688 0.959946 0.283818 0.960337 0.285452 0.960581 0.287339 0.960642 0.289190 0.960510 0.290720 0.960205 0.291697 0.959775 0.291972 0.959286 0.293736 0.955776 0.293804 0.954139 0.292525 0.906821 0.292216 0.906548 0.291462 0.906324 0.290379 0.906180 0.289131 0.906140 0.287906 0.906209 0.286891 0.906377 0.286240 0.906618 0.286051 0.906896 0.280823 0.954376
0 0.651287 0.057462 0.651293 0.058293 0.651354 0.059442 0.651462 0.060735 0.651599 0.061977 0.651746 0.062978 0.651879 0.063587 0.651980 0.063712 0.698827 0.060939 0.700435 0.060729 0.703704 0.058620 0.703851 0.058041 0.703908 0.056788 0.703865 0.055049 0.703730 0.053092 0.703522 0.051215 0.703274 0.049707 0.703023 0.048801 0.702809 0.048631 0.699235 0.047414 0.697625 0.047625 0.651338 0.057076
0 0.269858 0.353563 0.270103 0.353869 0.270950 0.354513 0.272269 0.355395 0.273859 0.356382 0.275480 0.357325 0.276889 0.358082 0.277870 0.358538 0.278276 0.358623 0.281425 0.356545 0.282248 0.355171 0.303264 0.313719 0.303131 0.313480 0.302593 0.313017 0.301732 0.312402 0.300679 0.311727 0.299594 0.311096 0.298645 0.310606 0.297977 0.310332 0.297690 0.310315 0.271031 0.348418 0.270206 0.349794
0 0.260706 0.224573 0.261017 0.226173 0.273209 0.271941 0.273396 0.272062 0.274039 0.272085 0.275039 0.272009 0.276244 0.271845 0.277472 0.271617 0.278537 0.271361 0.279277 0.271114 0.279580 0.270915 0.273804 0.224198 0.273494 0.222601 0.271240 0.219452 0.270955 0.219201 0.269983 0.219099 0.268468 0.219164 0.266642 0.219385 0.264785 0.219730 0.263183 0.220144 0.262081 0.220564 0.261646 0.220927
0 0.129915 0.848322 0.130140 0.849010 0.130991 0.849926 0.132340 0.850929 0.133980 0.851866 0.135658 0.852592 0.137117 0.852997 0.138135 0.853019 0.141186 0.850842 0.141744 0.850363 0.142567 0.848944 0.163511 0.806448 0.163334 0.806026 0.162749 0.805447 0.161846 0.804799 0.160762 0.804179 0.159661 0.803682 0.158708 0.803383 0.158050 0.803328 0.157787 0.803525 0.131050 0.843158 0.130225 0.844579
0 0.807796 0.459584 0.808179 0.462058 0.809479 0.464197 0.811499 0.465676 0.813931 0.466269 0.814292 0.466231 0.816769 0.465848 0.826530 0.461551 0.827638 0.460878 0.828404 0.459832 0.828711 0.458573 0.828513 0.457291 0.827840 0.456184 0.826794 0.455418 0.825534 0.455111 0.814843 0.453395 0.814482 0.453448 0.812008 0.453831 0.809868 0.455131 0.808389 0.457151
0 0.339896 0.859772 0.340196 0.860290 0.340921 0.860846 0.341960 0.861354 0.343154 0.861738 0.344321 0.861937 0.345281 0.861923 0.345889 0.861697 0.346053 0.861294 0.362989 0.818622 0.363468 0.817121 0.362949 0.813539 0.362471 0.812820 0.361365 0.812034 0.359801 0.811298 0.358015 0.810725 0.356276 0.810400 0.354848 0.810373 0.353946 0.810649 0.351469 0.813269 0.351151 0.813990 0.350672 0.815495
0 0.548297 0.612823 0.560986 0.657907 0.561527 0.659429 0.561580 0.659555 0.564212 0.662252 0.564932 0.662101 0.566221 0.661723 0.567883 0.661177 0.569662 0.660545 0.571286 0.659924 0.572505 0.659410 0.573134 0.659082 0.573476 0.655329 0.572933 0.653804 0.554243 0.610737 0.554223 0.610718 0.553754 0.610860 0.552908 0.611142 0.551814 0.611521 0.550637 0.611939 0.549556 0.612333 0.548734 0.612644
0 0.497350 0.240026 0.497842 0.240887 0.498827 0.242028 0.500153 0.243278 0.501621 0.244446 0.503008 0.245357 0.504106 0.245873 0.504747 0.245915 0.508085 0.244347 0.509082 0.243114 0.535524 0.205296 0.535608 0.204967 0.535311 0.204364 0.534677 0.203578 0.533802 0.202729 0.532821 0.201948 0.531883 0.201353 0.531133 0.201037 0.530684 0.201046 0.499328 0.234658 0.498328 0.235894 0.497425 0.239577
0 0.182097 0.389616 0.182225 0.390174 0.222090 0.412564 0.223521 0.413242 0.224168 0.413469 0.227795 0.413454 0.228544 0.412961 0.229447 0.411881 0.230368 0.410379 0.231168 0.408683 0.231726 0.407047 0.231958 0.405719 0.231827 0.404901 0.229542 0.402070 0.228113 0.401395 0.184909 0.384480 0.184374 0.384785 0.183743 0.385489 0.183111 0.386484 0.182576 0.387619 0.182220 0.388719
0 0.584817 0.838867 0.585027 0.839612 0.585416 0.840650 0.585925 0.841822 0.586475 0.842949 0.586982 0.843859 0.587370 0.844411 0.587578 0.844524 0.630995 0.827891 0.632448 0.827213 0.634832 0.824270 0.634766 0.823779 0.634389 0.822681 0.633760 0.821144 0.632975 0.819401 0.632152 0.817716 0.631416 0.816342 0.630878 0.815487 0.630619 0.815282 0.626836 0.815229 0.625386 0.815907 0.584817 0.838528
0 0.880759 0.461252 0.880766 0.461596 0.920200 0.487441 0.921622 0.488239 0.925506 0.488556 0.925967 0.488477 0.926753 0.487779 0.927746 0.486566 0.928794 0.485022 0.929735 0.483385 0.930426 0.481906 0.930759 0.480812 0.930686 0.480269 0.928523 0.477189 0.927098 0.476391 0.884170 0.456063 0.883901 0.456144 0.883414 0.456633 0.882784 0.457456 0.882107 0.458487 0.881484 0.459569 0.881011 0.460540
0 0.083658 0.385519 0.083685 0.386773 0.083885 0.387970 0.084226 0.388925 0.084657 0.389494 0.085112 0.389590 0.130933 0.391541 0.132506 0.391498 0.135714 0.389807 0.136266 0.389222 0.136671 0.387998 0.136868 0.386322 0.136828 0.384446 0.136556 0.382655 0.136094 0.381218 0.135510 0.380354 0.132235 0.378898 0.131407 0.378686 0.129831 0.378730 0.084522 0.383200 0.084111 0.383585 0.083808 0.384399
0 0.785776 0.821932 0.786274 0.824385 0.787673 0.826461 0.788003 0.826836 0.800254 0.835724 0.801335 0.836439 0.802607 0.836687 0.803877 0.836429 0.804952 0.835705 0.805668 0.834624 0.805916 0.833351 0.805658 0.832081 0.798452 0.819793 0.797051 0.817714 0.796711 0.817350 0.794624 0.815968 0.792166 0.815489 0.789713 0.815988 0.787637 0.817387 0.786254 0.819474
0 0.076738 0.784762 0.076849 0.785011 0.079254 0.787919 0.080739 0.788582 0.125155 0.804757 0.125413 0.804449 0.125855 0.803732 0.126414 0.802717 0.127005 0.801557 0.127537 0.800427 0.127932 0.799500 0.128129 0.798915 0.128097 0.798762 0.086713 0.776599 0.085232 0.775936 0.081337 0.776024 0.080889 0.776449 0.080167 0.777495 0.079280 0.779004 0.078363 0.780746 0.077557 0.782454 0.076986 0.783865
0 0.317735 0.196643 0.317958 0.196972 0.348631 0.231242 0.349763 0.232343 0.353225 0.233484 0.353994 0.233383 0.355125 0.232750 0.356447 0.231683 0.357760 0.230344 0.358867 0.228934 0.359599 0.227666 0.359845 0.226733 0.358587 0.223345 0.358212 0.222732 0.357077 0.221629 0.322142 0.192148 0.321604 0.192182 0.320827 0.192579 0.319931 0.193278 0.319053 0.194174 0.318327 0.195128 0.317864 0.195995
0 0.780895 0.607375 0.780918 0.611150 0.781163 0.611436 0.782047 0.611998 0.783435 0.612752 0.785116 0.613583 0.786838 0.614365 0.788341 0.614981 0.789395 0.615337 0.789840 0.615378 0.792792 0.613007 0.793480 0.611559 0.810411 0.568278 0.810272 0.568052 0.809699 0.567649 0.808781 0.567130 0.807656 0.566574 0.806498 0.566067 0.805483 0.565687 0.804767 0.565490 0.804458 0.565508 0.781583 0.605930
0 0.466306 0.858805 0.466607 0.859458 0.467247 0.860279 0.468129 0.861143 0.469116 0.861916 0.470059 0.862481 0.470812 0.862752 0.471262 0.862687 0.502345 0.828996 0.503335 0.827758 0.504209 0.824063 0.504282 0.823529 0.503783 0.822594 0.502791 0.821400 0.501455 0.820129 0.499978 0.818972 0.498583 0.818104 0.497481 0.817657 0.496838 0.817699 0.493513 0.819268 0.492525 0.820505 0.466388 0.858419
0 0.660860 0.089240 0.705536 0.102746 0.707107 0.103101 0.710852 0.102232 0.711012 0.101668 0.711333 0.100445 0.711768 0.098748 0.712249 0.096836 0.712703 0.095003 0.713061 0.093530 0.713266 0.092644 0.713289 0.092477 0.710350 0.090096 0.708775 0.089742 0.662435 0.082743 0.662378 0.082846 0.662209 0.083429 0.661955 0.084403 0.661653 0.085621 0.661350 0.086895 0.661094 0.088030 0.660921 0.088854
0 0.893171 0.778871 0.893465 0.780085 0.894202 0.781093 0.905476 0.793167 0.905956 0.793514 0.908165 0.794859 0.910720 0.795257 0.913233 0.794647 0.915322 0.793121 0.916667 0.790912 0.917065 0.788357 0.916455 0.785844 0.914929 0.783756 0.914439 0.783420 0.912233 0.782076 0.897468 0.775732 0.896234 0.775540 0.895021 0.775834 0.894012 0.776571 0.893363 0.777637
0 0.214015 0.694730 0.235262 0.736343 0.236094 0.737721 0.239269 0.739778 0.239686 0.739564 0.240679 0.738986 0.242096 0.738131 0.243722 0.737130 0.245312 0.736135 0.246625 0.735294 0.247463 0.734735 0.247698 0.734544 0.247335 0.730749 0.246503 0.729373 0.219645 0.691289 0.219350 0.691388 0.218671 0.691734 0.217710 0.692275 0.216614 0.692929 0.215551 0.693595 0.214684 0.694171 0.214144 0.694570
0 0.241333 0.533026 0.248874 0.578997 0.249244 0.580560 0.251624 0.583502 0.251988 0.583513 0.253020 0.583348 0.254563 0.583034 0.256382 0.582617 0.258201 0.582162 0.259747 0.581736 0.260786 0.581403 0.261160 0.581216 0.261958 0.577519 0.261587 0.575958 0.247685 0.531551 0.247440 0.531497 0.246747 0.531564 0.245712 0.531741 0.244493 0.532002 0.243276 0.532307 0.242248 0.532609 0.241566 0.532861
0 0.474290 0.592407 0.490223 0.636439 0.490874 0.637916 0.493710 0.640404 0.494314 0.640178 0.495491 0.639687 0.497063 0.639006 0.498788 0.638239 0.500403 0.637505 0.501658 0.636914 0.502362 0.636559 0.502411 0.636492 0.502476 0.632707 0.501825 0.631232 0.480094 0.589848 0.480042 0.589851 0.479555 0.590049 0.478708 0.590411 0.477628 0.590883 0.476482 0.591392 0.475444 0.591861 0.474675 0.592218
0 0.874045 0.065860 0.889894 0.109156 0.890547 0.110602 0.890847 0.111015 0.893688 0.113265 0.894573 0.113197 0.895986 0.112766 0.897714 0.112037 0.899496 0.111120 0.901064 0.110153 0.902178 0.109282 0.902669 0.108641 0.902812 0.104842 0.902157 0.103394 0.880146 0.062948 0.879987 0.062702 0.879387 0.062715 0.878437 0.062986 0.877281 0.063474 0.876097 0.064103 0.875066 0.064778 0.874346 0.065395
