0 0.545678 0.215149 0.545720 0.215420 0.590816 0.227026 0.592395 0.227316 0.596058 0.226322 0.596193 0.225978 0.596448 0.224953 0.596782 0.223403 0.597147 0.221563 0.597485 0.219710 0.597747 0.218125 0.597893 0.217046 0.597900 0.216642 0.594845 0.214411 0.593263 0.214121 0.546900 0.208974 0.546769 0.209189 0.546568 0.209864 0.546327 0.210895 0.546084 0.212125 0.545875 0.213367 0.545732 0.214429
0 0.118435 0.408715 0.118464 0.409969 0.118653 0.411157 0.118974 0.412098 0.119378 0.412647 0.119801 0.412723 0.165688 0.414646 0.167264 0.414603 0.170483 0.412916 0.170991 0.412302 0.171361 0.411056 0.171538 0.409368 0.171494 0.407493 0.171238 0.405713 0.170806 0.404299 0.170265 0.403463 0.166973 0.402004 0.166208 0.401833 0.164629 0.401877 0.119233 0.406354 0.118851 0.406758 0.118571 0.407587
0 0.566778 0.361808 0.567292 0.364258 0.568704 0.366325 0.570800 0.367695 0.573261 0.368158 0.575711 0.367644 0.577778 0.366232 0.579147 0.364136 0.579238 0.363980 0.579702 0.361517 0.579122 0.356786 0.578856 0.355517 0.578125 0.354446 0.577040 0.353738 0.575766 0.353498 0.574497 0.353764 0.570759 0.355674 0.568689 0.357088 0.567319 0.359186 0.567241 0.359347
0 0.280139 0.151456 0.280173 0.152710 0.280312 0.153986 0.280534 0.155088 0.280806 0.155849 0.281086 0.156154 0.327270 0.157426 0.328859 0.157356 0.332134 0.155556 0.332439 0.155260 0.332651 0.154257 0.332738 0.152700 0.332687 0.150825 0.332506 0.148914 0.332222 0.147257 0.331878 0.146104 0.331525 0.145633 0.328041 0.144127 0.326450 0.144198 0.280636 0.149556 0.280390 0.149749 0.280215 0.150416
0 0.337186 0.728746 0.337343 0.729666 0.337734 0.731105 0.338300 0.732845 0.338952 0.734617 0.339592 0.736149 0.340121 0.737208 0.340459 0.737631 0.344216 0.737939 0.345734 0.737366 0.388585 0.717741 0.388605 0.717576 0.388458 0.716975 0.388167 0.716031 0.387776 0.714886 0.387345 0.713714 0.386938 0.712692 0.386617 0.711976 0.386431 0.711674 0.341495 0.725176 0.339979 0.725748 0.337285 0.728484
0 0.871694 0.656181 0.871902 0.657653 0.872352 0.658578 0.875265 0.660658 0.876103 0.660975 0.877655 0.661243 0.922860 0.665808 0.923369 0.665486 0.923850 0.664728 0.924230 0.663649 0.924449 0.662414 0.924474 0.661212 0.924302 0.660227 0.923959 0.659610 0.923498 0.659452 0.879014 0.648518 0.877466 0.648249 0.874004 0.649268 0.873300 0.649770 0.872627 0.650919 0.872086 0.652540 0.871759 0.654387
0 0.443263 0.262625 0.443358 0.262908 0.465001 0.303716 0.465840 0.305064 0.468946 0.307042 0.469658 0.307002 0.470863 0.306564 0.472378 0.305794 0.473974 0.304809 0.475411 0.303757 0.476471 0.302798 0.476992 0.302076 0.476565 0.298445 0.476433 0.297941 0.475592 0.296590 0.448620 0.259319 0.448128 0.259306 0.447309 0.259569 0.446288 0.260067 0.445220 0.260726 0.444270 0.261444 0.443583 0.262111
0 0.737690 0.426394 0.737966 0.426565 0.738656 0.426893 0.739653 0.427328 0.740807 0.427804 0.741944 0.428249 0.742891 0.428596 0.743504 0.428792 0.743689 0.428807 0.764996 0.386823 0.765629 0.385330 0.765463 0.381562 0.765080 0.381249 0.764065 0.380710 0.762569 0.380029 0.760824 0.379309 0.759096 0.378661 0.757651 0.378185 0.756710 0.377952 0.756414 0.377998 0.753568 0.380573 0.752938 0.382064
0 0.577812 0.762486 0.577907 0.763540 0.578137 0.763915 0.581270 0.766048 0.582847 0.766289 0.628899 0.770039 0.629161 0.769802 0.629446 0.769108 0.629712 0.768062 0.629917 0.766824 0.630029 0.765585 0.630033 0.764533 0.629927 0.763829 0.629728 0.763580 0.584590 0.753353 0.583015 0.753111 0.579450 0.754212 0.579119 0.754587 0.578740 0.755641 0.578368 0.757212 0.578062 0.759062 0.577867 0.760913
0 0.486871 0.193168 0.487825 0.196896 0.488850 0.198153 0.520947 0.232404 0.521248 0.232259 0.521876 0.231818 0.522735 0.231148 0.523696 0.230350 0.524612 0.229546 0.525346 0.228857 0.525786 0.228387 0.525863 0.228209 0.498651 0.189679 0.497625 0.188420 0.494219 0.186806 0.493732 0.186968 0.492757 0.187591 0.491442 0.188582 0.489990 0.189789 0.488622 0.191025 0.487549 0.192101 0.486935 0.192853
0 0.456722 0.609278 0.456795 0.610890 0.458537 0.614237 0.459200 0.614227 0.460490 0.614182 0.462210 0.614109 0.464096 0.614018 0.465859 0.613925 0.467228 0.613843 0.467994 0.613785 0.468044 0.613759 0.469468 0.610260 0.469394 0.608651 0.464093 0.562232 0.464057 0.562204 0.463544 0.562200 0.462632 0.562222 0.461460 0.562266 0.460207 0.562326 0.459065 0.562392 0.458209 0.562455 0.457769 0.562504
0 0.795712 0.720332 0.795874 0.721007 0.796184 0.722010 0.796596 0.723189 0.797047 0.724365 0.797470 0.725361 0.797799 0.726025 0.797985 0.726254 0.843734 0.714500 0.845276 0.713987 0.847975 0.711352 0.848059 0.710973 0.847864 0.709944 0.847422 0.708421 0.846799 0.706639 0.846091 0.704870 0.845408 0.703387 0.844852 0.702415 0.844510 0.702101 0.840662 0.701652 0.839123 0.702165 0.795725 0.720088
0 0.255823 0.130204 0.255943 0.133958 0.256684 0.135420 0.281013 0.176411 0.281170 0.176624 0.281743 0.176605 0.282642 0.176358 0.283732 0.175920 0.284847 0.175359 0.285819 0.174758 0.286501 0.174209 0.286787 0.173795 0.268297 0.130252 0.267559 0.128792 0.267218 0.128279 0.264279 0.125945 0.263394 0.125911 0.262018 0.126236 0.260359 0.126872 0.258672 0.127721 0.257217 0.128654 0.256217 0.129526
0 0.780647 0.855704 0.808685 0.893960 0.809129 0.894535 0.810187 0.895794 0.813586 0.897381 0.814452 0.897320 0.815714 0.896769 0.817180 0.895813 0.818625 0.894597 0.819827 0.893308 0.820601 0.892145 0.820830 0.891285 0.819846 0.887665 0.819383 0.887103 0.818327 0.885847 0.785459 0.851655 0.784908 0.851733 0.784091 0.852126 0.783132 0.852774 0.782177 0.853578 0.781369 0.854417 0.780832 0.855163
0 0.331953 0.740608 0.331974 0.740881 0.373002 0.762797 0.374467 0.763451 0.378251 0.763341 0.378531 0.763039 0.379073 0.762100 0.379793 0.760668 0.380584 0.758962 0.381324 0.757239 0.381904 0.755758 0.382234 0.754744 0.382265 0.754352 0.379824 0.751470 0.378361 0.750817 0.334685 0.734921 0.334460 0.735097 0.334063 0.735701 0.333553 0.736641 0.333008 0.737774 0.332513 0.738926 0.332142 0.739922
0 0.818444 0.640198 0.818666 0.641659 0.819086 0.642562 0.822120 0.644499 0.822864 0.644778 0.824432 0.644970 0.869967 0.647337 0.870410 0.646992 0.870816 0.646213 0.871122 0.645117 0.871281 0.643873 0.871268 0.642671 0.871087 0.641694 0.870764 0.641093 0.870350 0.640956 0.825280 0.632191 0.823716 0.631998 0.820284 0.633183 0.819680 0.633717 0.819121 0.634896 0.818690 0.636540 0.818453 0.638401
0 0.070137 0.623661 0.070430 0.624917 0.071066 0.626503 0.071946 0.628173 0.072936 0.629672 0.073884 0.630770 0.074644 0.631300 0.078392 0.631103 0.078995 0.630947 0.080445 0.630190 0.120803 0.605529 0.120823 0.605055 0.120597 0.604235 0.120160 0.603194 0.119577 0.602089 0.118938 0.601088 0.118339 0.600342 0.117871 0.599965 0.117605 0.600015 0.073958 0.619177 0.072505 0.619935 0.070229 0.622924
0 0.096131 0.379847 0.096286 0.380928 0.096637 0.382132 0.097130 0.383276 0.097690 0.384183 0.098231 0.384716 0.098670 0.384795 0.143483 0.374603 0.144993 0.374145 0.147665 0.371636 0.148012 0.371071 0.148059 0.369894 0.147801 0.368283 0.147276 0.366482 0.146564 0.364763 0.145772 0.363385 0.145019 0.362558 0.144421 0.362410 0.140663 0.361847 0.139150 0.362306 0.096469 0.378673 0.096196 0.379055
0 0.089301 0.629144 0.090053 0.632849 0.091040 0.634128 0.122282 0.669162 0.122401 0.669079 0.122911 0.668706 0.123732 0.668100 0.124740 0.667354 0.125779 0.666581 0.126692 0.665900 0.127339 0.665415 0.127621 0.665199 0.101794 0.626251 0.100809 0.624974 0.097373 0.623240 0.096908 0.623508 0.095897 0.624186 0.094494 0.625171 0.092912 0.626313 0.091395 0.627437 0.090176 0.628370 0.089440 0.628970
0 0.506352 0.316399 0.506429 0.316581 0.551215 0.329226 0.552785 0.329554 0.556448 0.328668 0.556646 0.328203 0.556962 0.327088 0.557349 0.325494 0.557748 0.323661 0.558099 0.321866 0.558349 0.320381 0.558460 0.319430 0.558415 0.319160 0.555400 0.316877 0.553827 0.316550 0.507692 0.310248 0.507520 0.310544 0.507278 0.311277 0.507002 0.312338 0.506735 0.313564 0.506518 0.314766 0.506383 0.315762
0 0.443624 0.800733 0.444091 0.803277 0.445497 0.805448 0.447626 0.806916 0.450155 0.807457 0.452698 0.806990 0.454869 0.805584 0.456337 0.803455 0.456879 0.800926 0.456930 0.800571 0.455157 0.790561 0.454931 0.789332 0.454253 0.788284 0.453225 0.787575 0.452004 0.787314 0.450775 0.787540 0.449727 0.788218 0.449018 0.789246 0.444231 0.797852 0.443690 0.800378
0 0.625358 0.381216 0.625510 0.382630 0.625864 0.384373 0.626368 0.386179 0.626945 0.387778 0.627508 0.388928 0.627973 0.389453 0.631606 0.390104 0.633139 0.389682 0.676775 0.374380 0.677014 0.374246 0.677107 0.373660 0.677039 0.372710 0.676819 0.371542 0.676482 0.370333 0.676080 0.369270 0.675673 0.368515 0.675324 0.368182 0.630150 0.377280 0.628614 0.377702 0.628221 0.377965 0.625433 0.380345
0 0.570356 0.253208 0.570520 0.254751 0.570852 0.256571 0.571302 0.258392 0.571801 0.259940 0.572275 0.260981 0.572651 0.261356 0.576285 0.262166 0.577835 0.261801 0.622014 0.248045 0.622205 0.247800 0.622267 0.247108 0.622189 0.246073 0.621985 0.244853 0.621684 0.243636 0.621333 0.242606 0.620986 0.241923 0.620696 0.241689 0.575113 0.249078 0.573560 0.249444 0.570602 0.251813 0.570384 0.252176
0 0.458769 0.445647 0.458883 0.445730 0.499790 0.467852 0.501247 0.468516 0.504981 0.468480 0.505381 0.467914 0.506009 0.466774 0.506772 0.465236 0.507552 0.463530 0.508233 0.461915 0.508712 0.460634 0.508916 0.459882 0.506491 0.457057 0.506348 0.456910 0.504888 0.456245 0.461389 0.439923 0.461086 0.440277 0.460638 0.441021 0.460113 0.442041 0.459591 0.443182 0.459152 0.444268 0.458864 0.445134
0 0.369721 0.692967 0.369870 0.693867 0.370199 0.695310 0.370658 0.697075 0.371176 0.698891 0.371674 0.700479 0.372076 0.701595 0.372320 0.702071 0.376046 0.702659 0.377599 0.702202 0.421666 0.685902 0.421655 0.685760 0.421514 0.685169 0.421263 0.684220 0.420942 0.683056 0.420600 0.681856 0.420287 0.680799 0.420051 0.680046 0.419929 0.679712 0.374197 0.689771 0.372646 0.690225 0.369774 0.692743
0 0.052209 0.670579 0.052415 0.671859 0.053095 0.672962 0.054146 0.673722 0.055407 0.674021 0.056687 0.673815 0.072554 0.671044 0.073044 0.670848 0.075175 0.669535 0.076642 0.667505 0.077220 0.665070 0.076822 0.662598 0.075509 0.660466 0.073480 0.659000 0.071044 0.658421 0.068572 0.658819 0.068077 0.659001 0.065943 0.660316 0.053268 0.668267 0.052509 0.669318
0 0.260399 0.428253 0.260552 0.428531 0.261096 0.429039 0.261950 0.429700 0.262982 0.430413 0.264035 0.431068 0.264947 0.431566 0.265579 0.431830 0.265836 0.431822 0.294439 0.395221 0.295333 0.393894 0.295881 0.390172 0.295608 0.389802 0.294760 0.389078 0.293466 0.388110 0.291923 0.387044 0.290362 0.386041 0.289020 0.385252 0.288101 0.384798 0.287744 0.384748 0.284483 0.386669 0.283587 0.387999
0 0.671587 0.580521 0.671801 0.581013 0.672514 0.581938 0.673617 0.583156 0.674943 0.584483 0.676293 0.585718 0.677462 0.586675 0.678273 0.587208 0.678602 0.587234 0.682155 0.585929 0.683276 0.584787 0.713361 0.549540 0.713253 0.549187 0.712803 0.548548 0.712079 0.547722 0.711192 0.546835 0.710278 0.546023 0.709476 0.545409 0.708910 0.545089 0.708664 0.545108 0.673920 0.575844 0.672800 0.576983
0 0.426298 0.060283 0.426400 0.060752 0.442991 0.103476 0.443661 0.104898 0.446494 0.107152 0.447262 0.107441 0.448553 0.107335 0.450172 0.106850 0.451873 0.106060 0.453401 0.105084 0.454523 0.104070 0.455070 0.103170 0.455092 0.099591 0.454939 0.098721 0.454267 0.097296 0.432008 0.057632 0.431484 0.057399 0.430611 0.057438 0.429522 0.057746 0.428384 0.058274 0.427372 0.058942 0.426639 0.059648
0 0.890026 0.882612 0.890086 0.883336 0.890357 0.883644 0.932877 0.905973 0.934385 0.906639 0.938136 0.906523 0.938857 0.906319 0.939720 0.905443 0.940592 0.904030 0.941338 0.902296 0.941846 0.900506 0.942036 0.898937 0.941880 0.897827 0.939378 0.895043 0.938748 0.894405 0.937243 0.893741 0.892574 0.877559 0.892133 0.877719 0.891591 0.878316 0.891031 0.879260 0.890537 0.880407 0.890184 0.881584
0 0.531919 0.480378 0.533411 0.483802 0.534613 0.484860 0.571518 0.513148 0.571646 0.513215 0.572080 0.512917 0.572756 0.512298 0.573569 0.511453 0.574397 0.510510 0.575111 0.509614 0.575603 0.508903 0.575798 0.508484 0.543130 0.475456 0.541926 0.474396 0.541724 0.474330 0.538156 0.473271 0.537547 0.473768 0.536569 0.474731 0.535370 0.476014 0.534133 0.477424 0.533043 0.478748 0.532266 0.479785
0 0.887152 0.696392 0.888226 0.743360 0.888377 0.744977 0.890355 0.748328 0.890870 0.748535 0.892067 0.748672 0.893764 0.748717 0.895703 0.748665 0.897586 0.748522 0.899123 0.748310 0.900079 0.748063 0.900310 0.747818 0.901647 0.744291 0.901495 0.742671 0.893767 0.696007 0.893422 0.695916 0.892627 0.695869 0.891503 0.695872 0.890222 0.695925 0.888977 0.696019 0.887956 0.696141 0.887315 0.696272
0 0.378652 0.309636 0.379351 0.310081 0.380206 0.310623 0.383211 0.312526 0.383852 0.312931 0.384119 0.313098 0.411452 0.275151 0.412302 0.273780 0.412747 0.269989 0.412562 0.269787 0.411781 0.269215 0.410521 0.268357 0.408974 0.267346 0.407379 0.266336 0.405979 0.265482 0.404991 0.264916 0.404563 0.264723 0.401388 0.266765 0.400537 0.268139
0 0.869704 0.527364 0.869751 0.527856 0.870409 0.528698 0.871576 0.529764 0.873076 0.530890 0.874682 0.531909 0.876152 0.532665 0.877264 0.533044 0.877846 0.532987 0.881192 0.531192 0.882127 0.529907 0.906446 0.490855 0.906445 0.490496 0.906029 0.489910 0.905261 0.489184 0.904258 0.488431 0.903174 0.487765 0.902175 0.487288 0.901413 0.487073 0.901005 0.487152 0.871268 0.522419 0.870334 0.523702
0 0.378931 0.403197 0.379232 0.403391 0.379933 0.403760 0.380928 0.404248 0.382063 0.404780 0.383166 0.405275 0.384068 0.405657 0.384631 0.405868 0.384770 0.405875 0.407151 0.364928 0.407824 0.363467 0.407798 0.359679 0.407311 0.359442 0.406236 0.358931 0.404735 0.358224 0.403037 0.357428 0.401397 0.356663 0.400062 0.356045 0.399236 0.355667 0.399047 0.355588 0.396155 0.358018 0.395482 0.359483
0 0.115991 0.728974 0.118023 0.732158 0.119408 0.733000 0.161290 0.754550 0.161521 0.754278 0.161990 0.753622 0.162626 0.752685 0.163331 0.751607 0.164000 0.750552 0.164530 0.749680 0.164843 0.749123 0.164888 0.748967 0.126692 0.721851 0.125309 0.721010 0.121461 0.720614 0.121060 0.720978 0.120302 0.721926 0.119302 0.723312 0.118213 0.724927 0.117202 0.726522 0.116425 0.727851 0.116000 0.728712
0 0.325404 0.268662 0.327216 0.271958 0.327389 0.272264 0.328690 0.273234 0.368201 0.298708 0.368532 0.298442 0.369092 0.297823 0.369796 0.296945 0.370539 0.295941 0.371206 0.294962 0.371698 0.294158 0.371940 0.293650 0.371893 0.293517 0.336023 0.262778 0.334719 0.261805 0.331031 0.261048 0.330486 0.261402 0.329604 0.262302 0.328519 0.263612 0.327396 0.265131 0.326409 0.266625 0.325710 0.267865
0 0.365844 0.797447 0.365890 0.797683 0.409094 0.815068 0.410622 0.815561 0.414371 0.815034 0.414607 0.814648 0.415034 0.813605 0.415588 0.812065 0.416182 0.810262 0.416729 0.808468 0.417146 0.806953 0.417369 0.805948 0.417364 0.805605 0.414619 0.802992 0.413093 0.802502 0.367924 0.791426 0.367725 0.791662 0.367401 0.792339 0.367002 0.793354 0.366587 0.794554 0.366221 0.795754 0.365960 0.796770
0 0.439680 0.366769 0.439780 0.367176 0.441185 0.370574 0.441971 0.370882 0.443347 0.371151 0.445106 0.371340 0.446980 0.371420 0.448687 0.371381 0.449970 0.371227 0.450632 0.370981 0.452370 0.367718 0.452443 0.366127 0.451382 0.319849 0.451342 0.319604 0.450826 0.319356 0.449912 0.319144 0.448739 0.319000 0.447486 0.318946 0.446345 0.318991 0.445490 0.319127 0.445053 0.319333 0.439753 0.365175
0 0.720617 0.770015 0.720656 0.771040 0.722818 0.773915 0.723367 0.774484 0.724767 0.775217 0.766588 0.793486 0.767102 0.793341 0.767740 0.792772 0.768405 0.791864 0.768994 0.790757 0.769417 0.789619 0.769610 0.788626 0.769544 0.787929 0.769229 0.787633 0.730134 0.763521 0.728737 0.762789 0.725097 0.762692 0.724378 0.762947 0.723463 0.763828 0.722492 0.765201 0.721611 0.766857 0.720953 0.768547
