0 0.406587 0.347224 0.416368 0.392335 0.416812 0.393867 0.417008 0.394219 0.419439 0.396985 0.420261 0.397023 0.421634 0.396834 0.423351 0.396447 0.425151 0.395920 0.426764 0.395333 0.427944 0.394775 0.428514 0.394330 0.429103 0.390681 0.428658 0.389151 0.412730 0.345676 0.412629 0.345457 0.412075 0.345389 0.411152 0.345482 0.410000 0.345724 0.408797 0.346076 0.407725 0.346485 0.406949 0.346888
0 0.583484 0.385587 0.583490 0.385663 0.583642 0.386189 0.583915 0.387084 0.584269 0.388212 0.584650 0.389401 0.585000 0.390472 0.585266 0.391263 0.585408 0.391653 0.630817 0.380279 0.632353 0.379781 0.635149 0.377201 0.635209 0.377075 0.635045 0.376271 0.634680 0.374909 0.634171 0.373198 0.633595 0.371399 0.633042 0.369790 0.632594 0.368617 0.632322 0.368058 0.628580 0.367593 0.627041 0.368093
0 0.727211 0.221569 0.727505 0.221861 0.728225 0.222233 0.729262 0.222628 0.730458 0.222987 0.731633 0.223254 0.732608 0.223391 0.733235 0.223375 0.733419 0.223209 0.750428 0.178820 0.750908 0.177257 0.750368 0.173536 0.749953 0.173035 0.748886 0.172427 0.747328 0.171804 0.745519 0.171262 0.743737 0.170884 0.742254 0.170728 0.741298 0.170817 0.741011 0.171137 0.738437 0.174054 0.737959 0.175614
0 0.189593 0.706972 0.189733 0.707423 0.190307 0.707997 0.191228 0.708606 0.192355 0.709157 0.193516 0.709565 0.194532 0.709768 0.195249 0.709735 0.195558 0.709472 0.218254 0.669441 0.218935 0.668014 0.218896 0.664346 0.218649 0.663722 0.217763 0.662905 0.216372 0.662017 0.214686 0.661194 0.212961 0.660559 0.211456 0.660208 0.210401 0.660196 0.209956 0.660525 0.207014 0.662926 0.206332 0.664356
0 0.652927 0.181886 0.653075 0.182547 0.653408 0.183521 0.653876 0.184659 0.654407 0.185789 0.654921 0.186740 0.655341 0.187369 0.655602 0.187578 0.699314 0.170085 0.700780 0.169378 0.703251 0.166383 0.703409 0.165990 0.703249 0.164972 0.702793 0.163484 0.702111 0.161753 0.701308 0.160044 0.700507 0.158620 0.699831 0.157699 0.699382 0.157421 0.695616 0.157432 0.694149 0.158142 0.652987 0.181638
0 0.216130 0.403804 0.216479 0.405052 0.217279 0.406072 0.224593 0.411634 0.226777 0.412864 0.227090 0.412964 0.229575 0.413264 0.231986 0.412590 0.233956 0.411044 0.235184 0.408862 0.235484 0.406377 0.234810 0.403966 0.233265 0.401996 0.231083 0.400768 0.230775 0.400654 0.228286 0.400354 0.219189 0.400238 0.217941 0.400587 0.216921 0.401387 0.216285 0.402517
0 0.110508 0.670394 0.110747 0.671668 0.111456 0.672754 0.112526 0.673485 0.113795 0.673752 0.115069 0.673513 0.129071 0.670721 0.129496 0.670525 0.131593 0.669157 0.133006 0.667090 0.133521 0.664640 0.133059 0.662179 0.131690 0.660083 0.129624 0.658670 0.127173 0.658155 0.124713 0.658617 0.124282 0.658799 0.122183 0.660169 0.111506 0.668055 0.110775 0.669125
0 0.712593 0.283440 0.712686 0.283881 0.715114 0.286727 0.716574 0.287364 0.760209 0.302820 0.760519 0.302677 0.760991 0.302102 0.761555 0.301183 0.762123 0.300059 0.762609 0.298902 0.762937 0.297890 0.763059 0.297178 0.762956 0.296873 0.722005 0.275410 0.720543 0.274771 0.716754 0.274911 0.716347 0.275163 0.715693 0.276058 0.714893 0.277458 0.714067 0.279151 0.713341 0.280881 0.712823 0.282386
0 0.024052 0.723746 0.024173 0.727510 0.024291 0.727969 0.025101 0.728631 0.026478 0.729394 0.028213 0.730140 0.030039 0.730755 0.031674 0.731146 0.032870 0.731252 0.033446 0.731058 0.036411 0.728483 0.037081 0.726993 0.053372 0.682697 0.053270 0.682429 0.052715 0.682020 0.051795 0.681531 0.050648 0.681038 0.049448 0.680613 0.048376 0.680323 0.047595 0.680211 0.047225 0.680294 0.024723 0.722255
0 0.645599 0.372277 0.645626 0.372832 0.648147 0.375582 0.649628 0.376175 0.693738 0.390389 0.693990 0.390322 0.694398 0.389813 0.694899 0.388940 0.695418 0.387834 0.695876 0.386666 0.696201 0.385614 0.696344 0.384840 0.696284 0.384460 0.654654 0.364259 0.653171 0.363664 0.649391 0.363891 0.649072 0.364027 0.648517 0.364822 0.647809 0.366153 0.647057 0.367818 0.646373 0.369564 0.645862 0.371130
0 0.505820 0.208560 0.506171 0.210146 0.519426 0.255268 0.519859 0.255289 0.520695 0.255190 0.521807 0.254989 0.523025 0.254715 0.524166 0.254409 0.525056 0.254119 0.525561 0.253887 0.525603 0.253750 0.518535 0.207020 0.518184 0.205431 0.515890 0.202447 0.515232 0.202351 0.513964 0.202448 0.512280 0.202726 0.510438 0.203141 0.508721 0.203629 0.507391 0.204116 0.506653 0.204526 0.505868 0.208204
0 0.512383 0.508675 0.512755 0.511231 0.514077 0.513450 0.514094 0.513466 0.516167 0.515012 0.518674 0.515647 0.521233 0.515274 0.523455 0.513951 0.525001 0.511877 0.525636 0.509370 0.525263 0.506811 0.523940 0.504589 0.521866 0.503043 0.519360 0.502408 0.519337 0.502405 0.516780 0.502778 0.514561 0.504100 0.513017 0.506171
0 0.747899 0.394287 0.791729 0.411152 0.793279 0.411630 0.797096 0.411116 0.797374 0.410959 0.797849 0.410125 0.798450 0.408740 0.799084 0.407015 0.799655 0.405215 0.800074 0.403616 0.800277 0.402464 0.800235 0.401933 0.797457 0.399386 0.795904 0.398909 0.749942 0.388167 0.749799 0.388292 0.749524 0.388863 0.749157 0.389793 0.748754 0.390940 0.748377 0.392130 0.748082 0.393184 0.747914 0.393942
0 0.875314 0.705680 0.875515 0.707263 0.875991 0.709077 0.876671 0.710849 0.877451 0.712310 0.878215 0.713240 0.878845 0.713494 0.882588 0.714162 0.884111 0.713737 0.927142 0.698339 0.927448 0.698019 0.927551 0.697272 0.927434 0.696210 0.927116 0.694997 0.926644 0.693818 0.926092 0.692853 0.925543 0.692251 0.925082 0.692100 0.880062 0.701210 0.878541 0.701633 0.875814 0.704095 0.875418 0.704567
0 0.863182 0.214412 0.863303 0.214628 0.908729 0.227095 0.910326 0.227415 0.914129 0.226491 0.914560 0.226096 0.915114 0.225025 0.915705 0.223440 0.916243 0.221583 0.916645 0.219738 0.916849 0.218189 0.916824 0.217174 0.916576 0.216846 0.913582 0.214557 0.911982 0.214237 0.864885 0.208205 0.864642 0.208483 0.864316 0.209208 0.863957 0.210267 0.863619 0.211499 0.863353 0.212719 0.863199 0.213742
0 0.349020 0.498900 0.349085 0.500059 0.349225 0.500947 0.349420 0.501426 0.395463 0.505361 0.397060 0.505389 0.397413 0.505382 0.400784 0.503865 0.401036 0.503144 0.401241 0.501816 0.401369 0.500083 0.401400 0.498208 0.401330 0.496472 0.401170 0.495139 0.400942 0.494411 0.397623 0.492782 0.397271 0.492766 0.395674 0.492739 0.349525 0.495132 0.349315 0.495606 0.349145 0.496489 0.349041 0.497646
0 0.376355 0.839783 0.409361 0.873279 0.410576 0.874349 0.414216 0.875354 0.414489 0.875194 0.415205 0.874477 0.416256 0.873310 0.417482 0.871873 0.418693 0.870387 0.419704 0.869079 0.420360 0.868149 0.420563 0.867738 0.419041 0.864201 0.417828 0.863133 0.380610 0.834749 0.380457 0.834888 0.380004 0.835389 0.379321 0.836173 0.378511 0.837123 0.377696 0.838096 0.377000 0.838942 0.376529 0.839535
0 0.595273 0.202740 0.595451 0.203773 0.596015 0.205212 0.596876 0.206838 0.597905 0.208406 0.598947 0.209680 0.599844 0.210466 0.600460 0.210645 0.604115 0.210218 0.605447 0.209361 0.642347 0.181783 0.642545 0.181452 0.642465 0.180746 0.642118 0.179770 0.641558 0.178673 0.640870 0.177625 0.640159 0.176784 0.639534 0.176281 0.639091 0.176190 0.598851 0.198194 0.597516 0.199051 0.595507 0.202271
0 0.308714 0.866726 0.308764 0.868614 0.308860 0.870168 0.308987 0.871152 0.309125 0.871416 0.312587 0.872924 0.314206 0.872853 0.360989 0.867476 0.361029 0.867151 0.361053 0.866373 0.361057 0.865261 0.361042 0.863984 0.361009 0.862736 0.360963 0.861705 0.360912 0.861047 0.360862 0.860864 0.314036 0.859595 0.312419 0.859665 0.309004 0.861469 0.308875 0.861951 0.308774 0.863118 0.308717 0.864795
0 0.576859 0.805727 0.577084 0.806176 0.579883 0.808736 0.581407 0.809197 0.626354 0.819381 0.626678 0.819211 0.627083 0.818586 0.627507 0.817600 0.627886 0.816405 0.628162 0.815182 0.628292 0.814120 0.628257 0.813381 0.628062 0.813076 0.584909 0.796581 0.583388 0.796120 0.579717 0.796714 0.579289 0.796997 0.578728 0.797953 0.578118 0.799438 0.577551 0.801226 0.577113 0.803048 0.576870 0.804628
0 0.575367 0.505872 0.593630 0.548830 0.594359 0.550265 0.597327 0.552598 0.597902 0.552313 0.599035 0.551746 0.600554 0.550982 0.602228 0.550138 0.603807 0.549340 0.605051 0.548709 0.605770 0.548340 0.605854 0.548292 0.605724 0.544520 0.604993 0.543083 0.581017 0.502968 0.580620 0.503117 0.579852 0.503465 0.578830 0.503959 0.577710 0.504524 0.576664 0.505073 0.575851 0.505522 0.575396 0.505802
0 0.195943 0.823078 0.196093 0.824648 0.196443 0.826485 0.196941 0.828307 0.197510 0.829833 0.198063 0.830830 0.198514 0.831146 0.202223 0.831782 0.203795 0.831333 0.248502 0.815172 0.248645 0.814914 0.248650 0.814214 0.248518 0.813180 0.248268 0.811969 0.247939 0.810764 0.247580 0.809749 0.247245 0.809075 0.246986 0.808847 0.200837 0.818631 0.199269 0.819078 0.196302 0.821615 0.196017 0.822013
0 0.536651 0.123128 0.536699 0.124669 0.536809 0.125643 0.536964 0.125899 0.540316 0.127657 0.541915 0.127703 0.588298 0.125738 0.588461 0.125404 0.588617 0.124616 0.588743 0.123493 0.588818 0.122206 0.588832 0.120951 0.588782 0.119923 0.588676 0.119276 0.588530 0.119111 0.542298 0.114416 0.540696 0.114369 0.537244 0.115931 0.537068 0.116445 0.536897 0.117638 0.536758 0.119326 0.536671 0.121253
0 0.469354 0.609775 0.469400 0.610169 0.515116 0.619152 0.516711 0.619353 0.520306 0.618189 0.520405 0.618046 0.520582 0.617201 0.520810 0.615784 0.521054 0.614010 0.521278 0.612147 0.521448 0.610477 0.521538 0.609252 0.521534 0.608659 0.518354 0.606649 0.516761 0.606449 0.470262 0.603837 0.470151 0.603920 0.469992 0.604472 0.469808 0.605411 0.469627 0.606594 0.469477 0.607839 0.469381 0.608956
0 0.522642 0.156883 0.522683 0.157085 0.522820 0.157749 0.523033 0.158773 0.523289 0.160001 0.523774 0.162313 0.523929 0.163045 0.523990 0.163328 0.570205 0.156300 0.571779 0.155946 0.574799 0.153578 0.574775 0.153140 0.574605 0.152027 0.574315 0.150408 0.573949 0.148530 0.573563 0.146681 0.573217 0.145146 0.572963 0.144159 0.572840 0.143871 0.569162 0.143007 0.567585 0.143363
0 0.901119 0.604610 0.901344 0.605416 0.903271 0.608473 0.904611 0.609292 0.945255 0.630399 0.945724 0.630560 0.946407 0.630297 0.947198 0.629652 0.947978 0.628721 0.948627 0.627647 0.949044 0.626595 0.949168 0.625725 0.948978 0.625171 0.912005 0.598769 0.910663 0.597947 0.909785 0.597684 0.906231 0.597322 0.905257 0.597756 0.904111 0.598753 0.902967 0.600161 0.901998 0.601767 0.901349 0.603328
0 0.460896 0.331367 0.460920 0.331831 0.461478 0.335455 0.462185 0.335971 0.463471 0.336581 0.465141 0.337192 0.466943 0.337713 0.468605 0.338064 0.469876 0.338193 0.470562 0.338080 0.473026 0.335329 0.473473 0.333803 0.483391 0.288627 0.483399 0.288357 0.482946 0.287975 0.482100 0.287537 0.480989 0.287111 0.479784 0.286763 0.478669 0.286546 0.477815 0.286492 0.477352 0.286610 0.461345 0.329838
0 0.429371 0.506144 0.429697 0.506445 0.430404 0.506924 0.431385 0.507505 0.432488 0.508101 0.433546 0.508621 0.434396 0.508984 0.434909 0.509136 0.435007 0.509053 0.459769 0.469647 0.460527 0.468235 0.460734 0.464495 0.460206 0.464094 0.459119 0.463419 0.457639 0.462571 0.455988 0.461680 0.454417 0.460879 0.453163 0.460289 0.452416 0.460001 0.452291 0.460059 0.449268 0.462326 0.448509 0.463741
0 0.244485 0.651021 0.244661 0.652607 0.253000 0.698052 0.253281 0.698247 0.254013 0.698345 0.255086 0.698332 0.256334 0.698210 0.257567 0.697997 0.258596 0.697726 0.259265 0.697439 0.259472 0.697179 0.257643 0.650938 0.257468 0.649355 0.255475 0.646197 0.255051 0.645970 0.253954 0.645872 0.252350 0.645918 0.250483 0.646101 0.248635 0.646393 0.247083 0.646750 0.246065 0.647118 0.245736 0.647442
0 0.075390 0.076743 0.076647 0.080339 0.077203 0.081028 0.078429 0.081734 0.080140 0.082349 0.082075 0.082782 0.083941 0.082967 0.085458 0.082876 0.086396 0.082522 0.088382 0.079664 0.088673 0.078909 0.088863 0.077348 0.091049 0.031596 0.090692 0.031094 0.089884 0.030582 0.088749 0.030139 0.087458 0.029832 0.086210 0.029708 0.085195 0.029787 0.084570 0.030056 0.084428 0.030474 0.075581 0.075179
0 0.898787 0.289894 0.901742 0.336079 0.901958 0.337658 0.904070 0.340776 0.904299 0.341006 0.905245 0.341092 0.906766 0.341021 0.908629 0.340805 0.910555 0.340475 0.912252 0.340082 0.913463 0.339684 0.914003 0.339343 0.915199 0.335742 0.914981 0.334160 0.905386 0.288896 0.905235 0.288700 0.904603 0.288609 0.903586 0.288639 0.902340 0.288783 0.901055 0.289022 0.899929 0.289316 0.899133 0.289623
0 0.863082 0.330521 0.863353 0.331740 0.864070 0.332762 0.865124 0.333432 0.866354 0.333647 0.878990 0.331254 0.881511 0.330692 0.881962 0.330492 0.884080 0.329006 0.885467 0.326824 0.885914 0.324277 0.885352 0.321752 0.883866 0.319635 0.881684 0.318247 0.879137 0.317801 0.876612 0.318363 0.876167 0.318578 0.874052 0.320061 0.863967 0.328237 0.863297 0.329291
0 0.054539 0.088084 0.054584 0.089721 0.059236 0.137186 0.059628 0.137425 0.060468 0.137643 0.061627 0.137805 0.062930 0.137889 0.064179 0.137881 0.065185 0.137782 0.065796 0.137608 0.065918 0.137384 0.067980 0.090203 0.067936 0.088569 0.066171 0.085034 0.065590 0.084604 0.064330 0.084211 0.062582 0.083914 0.060613 0.083760 0.058724 0.083772 0.057207 0.083949 0.056293 0.084263 0.054766 0.087553
0 0.092736 0.515759 0.092937 0.517354 0.102074 0.563096 0.102231 0.563175 0.102867 0.563181 0.103887 0.563112 0.105134 0.562979 0.106418 0.562803 0.107541 0.562610 0.108333 0.562430 0.108674 0.562290 0.106177 0.515820 0.105977 0.514228 0.103898 0.511034 0.103661 0.510980 0.102707 0.511021 0.101182 0.511151 0.099317 0.511349 0.097393 0.511587 0.095701 0.511828 0.094497 0.512035 0.093965 0.512178
0 0.280006 0.884246 0.280274 0.884746 0.280985 0.885247 0.282033 0.885670 0.283255 0.885951 0.284465 0.886047 0.285479 0.885944 0.286140 0.885657 0.286350 0.885231 0.299462 0.841304 0.299805 0.839769 0.298951 0.836248 0.298525 0.835557 0.297443 0.834855 0.295869 0.834248 0.294041 0.833827 0.292235 0.833657 0.290723 0.833762 0.289736 0.834128 0.287524 0.836943 0.287105 0.837711 0.286762 0.839250
0 0.398108 0.099448 0.398322 0.113253 0.398438 0.113696 0.399288 0.116051 0.400974 0.117901 0.403241 0.118966 0.405741 0.119081 0.408097 0.118231 0.409947 0.116545 0.411011 0.114279 0.411127 0.111778 0.411025 0.111333 0.410174 0.108975 0.404238 0.097235 0.403365 0.096277 0.402191 0.095726 0.400896 0.095666 0.399677 0.096106 0.398719 0.096979 0.398168 0.098153
0 0.914921 0.131509 0.914926 0.132585 0.915089 0.133823 0.915384 0.135037 0.915766 0.136042 0.916179 0.136686 0.916559 0.136871 0.963245 0.128289 0.964838 0.127882 0.967936 0.125406 0.968440 0.124934 0.968738 0.123795 0.968781 0.122162 0.968563 0.120284 0.968117 0.118449 0.967511 0.116939 0.966839 0.115986 0.966204 0.115733 0.962524 0.114988 0.960928 0.115397 0.915362 0.130450 0.915074 0.130759
0 0.583655 0.101289 0.584181 0.104835 0.584728 0.105651 0.585888 0.106505 0.587484 0.107270 0.589274 0.107830 0.590989 0.108100 0.592369 0.108040 0.593206 0.107657 0.595683 0.105050 0.596154 0.103551 0.596376 0.102680 0.606958 0.058540 0.606612 0.057958 0.605851 0.057357 0.604791 0.056829 0.603593 0.056455 0.602443 0.056292 0.601514 0.056365 0.600950 0.056662 0.584328 0.098912 0.583855 0.100413
