0 0.437256 0.578055 0.437498 0.578668 0.437976 0.579856 0.438619 0.581437 0.439329 0.583173 0.439999 0.584802 0.440529 0.586078 0.440836 0.586807 0.440874 0.586875 0.444645 0.587042 0.446135 0.586427 0.488019 0.565721 0.487900 0.565302 0.487612 0.564500 0.487199 0.563437 0.486724 0.562276 0.486260 0.561195 0.485878 0.560359 0.485636 0.559895 0.485571 0.559873 0.441304 0.574673 0.439817 0.575286
0 0.511190 0.286979 0.511207 0.287639 0.511281 0.287838 0.557204 0.295580 0.558802 0.295737 0.562360 0.294454 0.562476 0.294006 0.562649 0.292892 0.562851 0.291280 0.563052 0.289415 0.563222 0.287578 0.563336 0.286047 0.563375 0.285053 0.563334 0.284751 0.560094 0.282801 0.558493 0.282645 0.511883 0.281381 0.511764 0.281669 0.511617 0.282406 0.511464 0.283480 0.511329 0.284727 0.511233 0.285956
0 0.848228 0.255364 0.848237 0.256430 0.848337 0.257155 0.848514 0.257427 0.895332 0.263269 0.896961 0.263359 0.900599 0.261923 0.901010 0.261595 0.901439 0.260571 0.901821 0.259006 0.902097 0.257138 0.902224 0.255254 0.902184 0.253643 0.901981 0.252553 0.901648 0.252148 0.898354 0.250328 0.896721 0.250239 0.849165 0.250925 0.848938 0.251152 0.848696 0.251839 0.848476 0.252881 0.848312 0.254118
0 0.175360 0.887429 0.196519 0.929553 0.197348 0.930946 0.200526 0.932990 0.200704 0.933045 0.201502 0.932671 0.202801 0.931926 0.204401 0.930922 0.206056 0.929815 0.207512 0.928775 0.208548 0.927960 0.209006 0.927494 0.208655 0.923624 0.207827 0.922234 0.181023 0.883814 0.180921 0.883818 0.180405 0.884097 0.179554 0.884606 0.178496 0.885270 0.177391 0.885987 0.176408 0.886649 0.175694 0.887156
0 0.496817 0.673943 0.496865 0.674415 0.497371 0.675925 0.514983 0.718479 0.515475 0.718582 0.516345 0.718498 0.517461 0.718238 0.518651 0.717843 0.519734 0.717373 0.520544 0.716899 0.520957 0.716495 0.520912 0.716222 0.509282 0.671479 0.508777 0.669971 0.506218 0.667321 0.505491 0.667229 0.504199 0.667404 0.502537 0.667819 0.500757 0.668410 0.499127 0.669088 0.497894 0.669752 0.497245 0.670301
0 0.811926 0.489305 0.811978 0.490552 0.812504 0.491685 0.813423 0.492531 0.814595 0.492960 0.824870 0.495990 0.825255 0.495985 0.827839 0.495877 0.830185 0.494789 0.831936 0.492886 0.832826 0.490457 0.832718 0.487873 0.831630 0.485527 0.829727 0.483776 0.827298 0.482886 0.824714 0.482994 0.824331 0.483014 0.814334 0.486688 0.813201 0.487213 0.812356 0.488132
0 0.442643 0.123424 0.443066 0.124527 0.443871 0.125979 0.444934 0.127562 0.446094 0.129036 0.447178 0.130178 0.448020 0.130816 0.448493 0.130852 0.452146 0.130139 0.453409 0.129176 0.488017 0.098643 0.488073 0.098233 0.487828 0.097477 0.487319 0.096489 0.486623 0.095420 0.485847 0.094435 0.485109 0.093683 0.484523 0.093281 0.484178 0.093288 0.445648 0.118491 0.444382 0.119454 0.442666 0.122840
0 0.779851 0.916481 0.780299 0.917646 0.787111 0.933734 0.787451 0.934247 0.789233 0.936121 0.791596 0.937171 0.794181 0.937236 0.796595 0.936308 0.798469 0.934526 0.799519 0.932162 0.799585 0.929577 0.798656 0.927163 0.798303 0.926658 0.796523 0.924786 0.784849 0.913321 0.783708 0.912814 0.782460 0.912782 0.781294 0.913231 0.780389 0.914091 0.779882 0.915232
0 0.766573 0.709323 0.766689 0.709640 0.767346 0.710413 0.768444 0.711524 0.769815 0.712804 0.771253 0.714060 0.772542 0.715104 0.773485 0.715775 0.773939 0.715971 0.777451 0.714552 0.778525 0.713362 0.807125 0.676734 0.807081 0.676495 0.806667 0.675958 0.805947 0.675203 0.805030 0.674347 0.804057 0.673521 0.803176 0.672850 0.802523 0.672438 0.802196 0.672346 0.768699 0.704506 0.767627 0.705693
0 0.692395 0.195505 0.692584 0.195856 0.695447 0.198277 0.696992 0.198664 0.742566 0.206689 0.742864 0.206446 0.743250 0.205755 0.743663 0.204720 0.744041 0.203498 0.744326 0.202276 0.744474 0.201242 0.744463 0.200554 0.744295 0.200316 0.700378 0.185870 0.698830 0.185481 0.695117 0.186256 0.694732 0.186647 0.694214 0.187708 0.693642 0.189275 0.693102 0.191110 0.692676 0.192937 0.692428 0.194480
0 0.247543 0.509896 0.247564 0.510559 0.247820 0.511810 0.248273 0.513461 0.248854 0.515258 0.249474 0.516925 0.250037 0.518205 0.250457 0.518905 0.254194 0.519351 0.254472 0.519369 0.256016 0.518874 0.299659 0.501560 0.299602 0.501128 0.299400 0.500305 0.299082 0.499217 0.298698 0.498029 0.298305 0.496920 0.297963 0.496059 0.297723 0.495576 0.297623 0.495546 0.251855 0.506844 0.250309 0.507339
0 0.134902 0.838978 0.135015 0.840555 0.141591 0.885791 0.141778 0.886162 0.142440 0.886419 0.143477 0.886522 0.144730 0.886456 0.146006 0.886231 0.147112 0.885880 0.147877 0.885459 0.148187 0.885031 0.148241 0.839112 0.148129 0.837538 0.147745 0.836877 0.145954 0.833879 0.144959 0.833544 0.143408 0.833417 0.141535 0.833516 0.139623 0.833826 0.137960 0.834302 0.136799 0.834871 0.136317 0.835448
0 0.197510 0.496381 0.197707 0.496832 0.198385 0.497755 0.199441 0.499012 0.200712 0.500408 0.202003 0.501730 0.203117 0.502775 0.203883 0.503383 0.204186 0.503464 0.207864 0.502350 0.209071 0.501271 0.241811 0.467694 0.241644 0.467419 0.241168 0.466826 0.240455 0.466005 0.239615 0.465082 0.238773 0.464195 0.238058 0.463479 0.237578 0.463042 0.237406 0.462953 0.200179 0.491823 0.198968 0.492903
0 0.814592 0.735962 0.815289 0.737374 0.838437 0.776984 0.838777 0.777307 0.839521 0.777389 0.840554 0.777218 0.841720 0.776820 0.842840 0.776255 0.843742 0.775610 0.844289 0.774983 0.844397 0.774471 0.827200 0.732264 0.826503 0.730849 0.825843 0.730286 0.823038 0.728062 0.821943 0.728000 0.820413 0.728302 0.818680 0.728922 0.817006 0.729767 0.815642 0.730709 0.814796 0.731605 0.814596 0.732321
0 0.030437 0.294102 0.030637 0.294720 0.067153 0.321471 0.068481 0.322307 0.069396 0.322714 0.072935 0.323101 0.073943 0.322772 0.075125 0.321861 0.076301 0.320507 0.077294 0.318916 0.077955 0.317327 0.078182 0.315980 0.077941 0.315080 0.076068 0.312023 0.074742 0.311189 0.034457 0.289612 0.033970 0.289380 0.033265 0.289572 0.032450 0.290159 0.031649 0.291053 0.030985 0.292118 0.030559 0.293189
0 0.064060 0.998477 0.064166 0.999029 0.064763 0.999519 0.065759 0.999873 0.067003 1.000000 0.068303 0.999984 0.069462 0.999725 0.070302 0.999298 0.070696 0.998769 0.079114 0.953964 0.079291 0.952410 0.079054 0.951385 0.077830 0.948259 0.076925 0.947573 0.075429 0.947070 0.073569 0.946826 0.071626 0.946877 0.069892 0.947216 0.068631 0.947792 0.068036 0.948519 0.065998 0.951743 0.065822 0.953299
0 0.720601 0.722318 0.720799 0.725954 0.721567 0.727334 0.746649 0.765862 0.746911 0.766172 0.747571 0.766225 0.748530 0.766011 0.749642 0.765562 0.750735 0.764948 0.751643 0.764262 0.752227 0.763609 0.752399 0.763089 0.733052 0.721704 0.732284 0.720322 0.731786 0.719781 0.728844 0.717687 0.727876 0.717668 0.726460 0.718034 0.724809 0.718729 0.723174 0.719648 0.721800 0.720652 0.720897 0.721589
0 0.602559 0.444436 0.602656 0.444931 0.602843 0.445814 0.603093 0.446951 0.603366 0.448170 0.603623 0.449285 0.603824 0.450129 0.603939 0.450572 0.650194 0.443355 0.651769 0.442999 0.651875 0.442935 0.654869 0.440645 0.654788 0.439894 0.654555 0.438554 0.654204 0.436831 0.653790 0.434989 0.653376 0.433310 0.653025 0.432053 0.652792 0.431408 0.649106 0.430617 0.647528 0.430975 0.602568 0.444405
0 0.163842 0.898923 0.164809 0.946576 0.164956 0.948207 0.166915 0.951423 0.167205 0.951789 0.168205 0.951985 0.169763 0.951982 0.171640 0.951778 0.173548 0.951406 0.175194 0.950923 0.176327 0.950403 0.176775 0.949926 0.178101 0.946217 0.177954 0.944590 0.170403 0.897974 0.170207 0.897776 0.169544 0.897680 0.168513 0.897701 0.167271 0.897835 0.166007 0.898063 0.164911 0.898349 0.164151 0.898652
0 0.891903 0.529634 0.891920 0.530878 0.892289 0.532500 0.892955 0.534254 0.893816 0.535875 0.894744 0.537118 0.895598 0.537796 0.899168 0.538053 0.900040 0.538060 0.901510 0.537488 0.942677 0.517984 0.942945 0.517523 0.942967 0.516684 0.942737 0.515594 0.942292 0.514421 0.941699 0.513345 0.941050 0.512530 0.940443 0.512099 0.939972 0.512118 0.896162 0.525700 0.894695 0.526271 0.892242 0.528956
0 0.617572 0.160730 0.617581 0.160928 0.664226 0.164441 0.665841 0.164448 0.669323 0.162813 0.669423 0.162358 0.669531 0.161214 0.669630 0.159556 0.669705 0.157635 0.669745 0.155747 0.669742 0.154182 0.669699 0.153180 0.669621 0.152892 0.666232 0.151222 0.664615 0.151215 0.617733 0.154330 0.617713 0.154640 0.617684 0.155405 0.617651 0.156506 0.617619 0.157777 0.617593 0.159025 0.617576 0.160062
0 0.409084 0.494229 0.409135 0.494342 0.409784 0.494841 0.410929 0.495649 0.412397 0.496642 0.413965 0.497672 0.415397 0.498582 0.416477 0.499234 0.417040 0.499531 0.420246 0.497566 0.421131 0.496227 0.444120 0.455696 0.444116 0.455586 0.443713 0.455221 0.442969 0.454656 0.441998 0.453978 0.440950 0.453290 0.439984 0.452697 0.439248 0.452290 0.438854 0.452132 0.410530 0.489152 0.409643 0.490493
0 0.723812 0.515690 0.768704 0.529638 0.770283 0.530014 0.770601 0.530029 0.774291 0.529294 0.774686 0.528601 0.775171 0.527310 0.775673 0.525616 0.776113 0.523780 0.776426 0.522084 0.776562 0.520787 0.776501 0.520088 0.773548 0.517753 0.771966 0.517377 0.725399 0.509564 0.725280 0.509575 0.725058 0.510050 0.724769 0.510916 0.724454 0.512042 0.724163 0.513256 0.723938 0.514376 0.723815 0.515230
0 0.402934 0.225061 0.402958 0.225361 0.404994 0.228620 0.406350 0.229506 0.447300 0.252400 0.447536 0.252158 0.447996 0.251538 0.448609 0.250634 0.449283 0.249583 0.449916 0.248543 0.450411 0.247673 0.450694 0.247105 0.450721 0.246925 0.413138 0.218485 0.411780 0.217597 0.408044 0.217090 0.407639 0.217410 0.406906 0.218314 0.405958 0.219665 0.404939 0.221254 0.404006 0.222839 0.403302 0.224176
0 0.371913 0.115451 0.372028 0.116079 0.372773 0.116985 0.374035 0.118030 0.375621 0.119056 0.377292 0.119909 0.378796 0.120459 0.379905 0.120623 0.380450 0.120376 0.383438 0.118224 0.384175 0.116827 0.402680 0.074730 0.402631 0.074275 0.402159 0.073637 0.401335 0.072911 0.400283 0.072209 0.399166 0.071639 0.398154 0.071288 0.397402 0.071210 0.397024 0.071415 0.372799 0.110254 0.372060 0.111653
0 0.661079 0.923824 0.661646 0.926262 0.661831 0.926751 0.670427 0.940067 0.671182 0.941121 0.672282 0.941807 0.673561 0.942019 0.674824 0.941726 0.675878 0.940971 0.676564 0.939871 0.676776 0.938592 0.674105 0.923899 0.673538 0.921457 0.673339 0.920974 0.671882 0.918938 0.669757 0.917615 0.667287 0.917205 0.664848 0.917772 0.662812 0.919229 0.661489 0.921354
0 0.162330 0.151295 0.178672 0.193660 0.179341 0.195084 0.179986 0.195781 0.182746 0.198035 0.183837 0.198204 0.185371 0.197997 0.187116 0.197446 0.188808 0.196636 0.190191 0.195687 0.191057 0.194745 0.191273 0.193950 0.191351 0.190336 0.190683 0.188915 0.168339 0.148965 0.168007 0.148575 0.167267 0.148422 0.166231 0.148529 0.165058 0.148880 0.163927 0.149422 0.163011 0.150072 0.162450 0.150730
0 0.379869 0.560285 0.379893 0.560715 0.422814 0.578282 0.424335 0.578785 0.428091 0.578343 0.428308 0.578277 0.428731 0.577533 0.429294 0.576226 0.429913 0.574555 0.430494 0.572771 0.430949 0.571145 0.431210 0.569921 0.431237 0.569287 0.428533 0.566714 0.427015 0.566213 0.382028 0.554707 0.381843 0.554730 0.381523 0.555207 0.381116 0.556066 0.380686 0.557177 0.380297 0.558370 0.380010 0.559461
0 0.467384 0.829159 0.469584 0.840425 0.469859 0.841692 0.470599 0.842757 0.471690 0.843457 0.472966 0.843687 0.474232 0.843411 0.475297 0.842671 0.475998 0.841581 0.479785 0.831393 0.480229 0.828926 0.480252 0.828549 0.479720 0.826103 0.478291 0.824047 0.476185 0.822694 0.473721 0.822250 0.471274 0.822783 0.469218 0.824211 0.467865 0.826318 0.467421 0.828781
0 0.221742 0.720595 0.231893 0.766512 0.232353 0.768064 0.234901 0.770852 0.235225 0.770860 0.236219 0.770632 0.237734 0.770203 0.239536 0.769639 0.241348 0.769025 0.242893 0.768456 0.243935 0.768019 0.244317 0.767781 0.244907 0.763977 0.244447 0.762428 0.228016 0.718597 0.227807 0.718635 0.227154 0.718818 0.226156 0.719119 0.224964 0.719493 0.223759 0.719882 0.222724 0.720228 0.222015 0.720479
0 0.741368 0.669349 0.741376 0.669799 0.741820 0.670786 0.742631 0.672158 0.743686 0.673709 0.744827 0.675204 0.745880 0.676418 0.746687 0.677166 0.747123 0.677332 0.750863 0.676716 0.752171 0.675800 0.788067 0.646628 0.788100 0.646309 0.787833 0.645635 0.787306 0.644709 0.786600 0.643672 0.785824 0.642683 0.785095 0.641894 0.784526 0.641424 0.784202 0.641345 0.744491 0.665163 0.743186 0.666077
0 0.180257 0.026412 0.180416 0.027690 0.180719 0.028302 0.183909 0.030613 0.185512 0.030922 0.232361 0.036572 0.232585 0.036469 0.232845 0.035880 0.233101 0.034896 0.233314 0.033666 0.233451 0.032375 0.233493 0.031220 0.233432 0.030375 0.233277 0.029970 0.187267 0.017673 0.185660 0.017362 0.182028 0.018361 0.181626 0.018494 0.181185 0.019366 0.180772 0.020846 0.180450 0.022706 0.180270 0.024662
0 0.365026 0.370619 0.365264 0.370850 0.365873 0.371324 0.366760 0.371968 0.367790 0.372684 0.368805 0.373363 0.369650 0.373899 0.370195 0.374213 0.370359 0.374255 0.399262 0.337641 0.400169 0.336312 0.400769 0.332570 0.400369 0.332270 0.399424 0.331598 0.398080 0.330655 0.396540 0.329584 0.395036 0.328547 0.393795 0.327700 0.393006 0.327172 0.392790 0.327045 0.389529 0.328952 0.388621 0.330283
0 0.531995 0.324363 0.532349 0.325939 0.545691 0.370813 0.546102 0.370737 0.546921 0.370564 0.548023 0.370319 0.549240 0.370041 0.550389 0.369772 0.551296 0.369551 0.551823 0.369413 0.551888 0.369379 0.544753 0.322983 0.544399 0.321404 0.542094 0.318420 0.541469 0.318469 0.540227 0.318681 0.538558 0.319024 0.536717 0.319444 0.534987 0.319878 0.533634 0.320258 0.532863 0.320527 0.532791 0.320644
0 0.494833 0.205568 0.495279 0.207130 0.511219 0.251375 0.511648 0.251372 0.512472 0.251226 0.513567 0.250959 0.514767 0.250612 0.515889 0.250237 0.516765 0.249891 0.517260 0.249627 0.517300 0.249484 0.507444 0.203258 0.506998 0.201693 0.504527 0.198852 0.503872 0.198792 0.502619 0.198963 0.500959 0.199340 0.499145 0.199865 0.497457 0.200458 0.496153 0.201027 0.495433 0.201485 0.494871 0.205203
0 0.057119 0.832198 0.057189 0.832996 0.057832 0.834123 0.058949 0.835406 0.060371 0.836649 0.061879 0.837660 0.063240 0.838284 0.064248 0.838428 0.067669 0.836901 0.068330 0.836427 0.069418 0.835195 0.098370 0.797562 0.098289 0.797062 0.097838 0.796338 0.097085 0.795503 0.096145 0.794681 0.095159 0.793998 0.094278 0.793556 0.093634 0.793424 0.093327 0.793622 0.059253 0.827360 0.058163 0.828594
