0 0.591114 0.277468 0.591489 0.277827 0.592222 0.278365 0.593200 0.279000 0.594275 0.279636 0.595284 0.280176 0.596075 0.280539 0.596527 0.280669 0.623085 0.241844 0.623910 0.240445 0.624046 0.240126 0.624428 0.236384 0.623902 0.235791 0.622826 0.234938 0.621363 0.233956 0.619737 0.232994 0.618199 0.232202 0.616985 0.231700 0.616278 0.231565 0.613180 0.233700 0.612354 0.235102 0.591152 0.277342
0 0.485188 0.839698 0.485246 0.840254 0.486080 0.843959 0.487058 0.845206 0.517802 0.879181 0.518245 0.879264 0.518997 0.879012 0.519943 0.878462 0.520939 0.877699 0.521832 0.876839 0.522485 0.876015 0.522799 0.875352 0.522727 0.874950 0.496980 0.836791 0.496005 0.835545 0.492694 0.833946 0.492061 0.833878 0.490960 0.834298 0.489560 0.835143 0.488071 0.836284 0.486718 0.837549 0.485706 0.838748
0 0.434302 0.685616 0.434518 0.686173 0.435038 0.686979 0.435783 0.687913 0.436639 0.688830 0.437474 0.689590 0.438162 0.690077 0.438597 0.690218 0.474584 0.661303 0.475756 0.660220 0.475923 0.659819 0.477313 0.656419 0.476936 0.655620 0.476118 0.654442 0.474984 0.653063 0.473704 0.651692 0.472472 0.650535 0.471474 0.649767 0.470861 0.649507 0.467324 0.650606 0.466155 0.651688 0.434423 0.685393
0 0.848906 0.933155 0.848986 0.934010 0.849407 0.935414 0.850105 0.937156 0.850974 0.938971 0.851883 0.940586 0.852696 0.941756 0.853287 0.942302 0.857081 0.942517 0.858543 0.941885 0.899464 0.920524 0.899688 0.920397 0.899667 0.919818 0.899403 0.918874 0.898936 0.917709 0.898339 0.916503 0.897702 0.915440 0.897124 0.914681 0.896691 0.914343 0.853060 0.929462 0.851599 0.930091 0.851231 0.930329
0 0.807105 0.763029 0.807374 0.764574 0.807886 0.766378 0.808564 0.768169 0.809305 0.769677 0.809997 0.770672 0.810536 0.771001 0.814287 0.771597 0.815807 0.771138 0.858718 0.754714 0.858958 0.754442 0.859001 0.753733 0.858838 0.752697 0.858496 0.751490 0.858026 0.750298 0.857500 0.749304 0.856999 0.748658 0.856600 0.748460 0.811640 0.758578 0.810122 0.759036 0.807416 0.761577 0.807119 0.761976
0 0.913562 0.582065 0.922872 0.628035 0.923305 0.629597 0.925840 0.632532 0.926380 0.632587 0.927579 0.632457 0.929255 0.632163 0.931153 0.631748 0.932982 0.631276 0.934460 0.630820 0.935361 0.630450 0.935548 0.630222 0.936245 0.626512 0.935810 0.624948 0.920006 0.580485 0.919652 0.580494 0.918863 0.580623 0.917759 0.580851 0.916508 0.581142 0.915299 0.581454 0.914315 0.581739 0.913705 0.581954
0 0.274217 0.268677 0.274296 0.271262 0.275359 0.273619 0.275625 0.273887 0.277507 0.275656 0.286577 0.280378 0.287745 0.280820 0.288993 0.280781 0.290132 0.280268 0.290987 0.279358 0.291429 0.278190 0.291391 0.276942 0.290877 0.275804 0.286402 0.266194 0.286149 0.265917 0.284265 0.264146 0.281846 0.263231 0.279261 0.263310 0.276903 0.264374 0.275132 0.266258
0 0.519065 0.553554 0.519378 0.553982 0.519997 0.554665 0.520829 0.555498 0.521746 0.556355 0.522607 0.557103 0.523281 0.557628 0.523666 0.557850 0.557782 0.526172 0.558882 0.525001 0.560068 0.521414 0.560074 0.521293 0.559555 0.520690 0.558590 0.519700 0.557327 0.518471 0.555956 0.517191 0.554684 0.516052 0.553704 0.515225 0.553164 0.514839 0.549683 0.516231 0.548585 0.517400 0.519106 0.553444
0 0.839392 0.608443 0.839609 0.609872 0.840041 0.610737 0.843027 0.612746 0.843809 0.612972 0.845370 0.613197 0.890788 0.616535 0.891258 0.616168 0.891694 0.615373 0.892028 0.614271 0.892211 0.613030 0.892214 0.611840 0.892036 0.610884 0.891705 0.610307 0.891272 0.610197 0.846421 0.600504 0.844863 0.600278 0.841418 0.601383 0.840775 0.601952 0.840171 0.603155 0.839696 0.604810 0.839423 0.606666
0 0.138971 0.754052 0.139032 0.755940 0.139226 0.757552 0.139522 0.758643 0.139874 0.759046 0.143335 0.760528 0.144967 0.760456 0.192179 0.755113 0.192369 0.754888 0.192529 0.754203 0.192634 0.753162 0.192670 0.751924 0.192629 0.750675 0.192519 0.749606 0.192357 0.748879 0.192166 0.748603 0.145025 0.747401 0.143396 0.747472 0.139925 0.749252 0.139569 0.749583 0.139262 0.750611 0.139052 0.752180
0 0.257217 0.816239 0.257592 0.820015 0.258428 0.821372 0.285407 0.858824 0.285682 0.858943 0.286339 0.858770 0.287280 0.858331 0.288359 0.857692 0.289412 0.856952 0.290278 0.856224 0.290824 0.855619 0.290968 0.855229 0.269619 0.814236 0.268785 0.812882 0.265615 0.810892 0.265227 0.810772 0.264262 0.811077 0.262867 0.811758 0.261252 0.812713 0.259663 0.813798 0.258337 0.814848 0.257478 0.815706
0 0.753941 0.787825 0.754293 0.788744 0.754995 0.790117 0.755941 0.791737 0.756989 0.793359 0.757979 0.794738 0.758763 0.795665 0.759220 0.795997 0.762995 0.795646 0.764361 0.794813 0.802112 0.767906 0.802187 0.767674 0.801982 0.767047 0.801529 0.766121 0.800896 0.765038 0.800181 0.763963 0.799492 0.763062 0.798936 0.762471 0.798597 0.762280 0.757386 0.783492 0.756022 0.784322 0.753993 0.787501
0 0.251916 0.947003 0.252043 0.947726 0.252553 0.948597 0.253366 0.949484 0.254360 0.950249 0.255382 0.950777 0.256274 0.950985 0.256902 0.950844 0.287132 0.917144 0.288095 0.915905 0.288577 0.915028 0.289313 0.911545 0.289075 0.910505 0.288278 0.909235 0.287043 0.907930 0.285557 0.906785 0.284044 0.905974 0.282733 0.905619 0.281822 0.905775 0.278594 0.907337 0.277633 0.908575 0.252188 0.946537
0 0.582276 0.951218 0.582318 0.952855 0.582463 0.953496 0.584113 0.956865 0.584937 0.957298 0.586350 0.957613 0.588138 0.957760 0.590026 0.957717 0.591724 0.957490 0.592971 0.957115 0.593578 0.956650 0.595084 0.953209 0.595040 0.951569 0.590587 0.904055 0.590508 0.903779 0.589956 0.903536 0.589017 0.903361 0.587834 0.903283 0.586586 0.903311 0.585461 0.903442 0.584630 0.903657 0.584220 0.903922
0 0.040724 0.758044 0.041103 0.759284 0.041927 0.760285 0.043071 0.760894 0.044362 0.761019 0.045602 0.760640 0.062237 0.754800 0.062738 0.754508 0.064671 0.752916 0.065847 0.750706 0.066088 0.748214 0.065358 0.745820 0.063766 0.743887 0.061556 0.742711 0.059064 0.742470 0.056669 0.743200 0.056161 0.743479 0.054226 0.745073 0.041459 0.755609 0.040849 0.756754
0 0.268062 0.763804 0.268125 0.765692 0.268254 0.767300 0.268430 0.768382 0.268624 0.768774 0.272093 0.770252 0.273715 0.770177 0.320575 0.764746 0.320651 0.764513 0.320704 0.763820 0.320728 0.762773 0.320718 0.761532 0.320676 0.760284 0.320609 0.759218 0.320525 0.758495 0.320439 0.758227 0.273527 0.757106 0.271908 0.757179 0.268489 0.758968 0.268306 0.759311 0.268160 0.760349 0.268074 0.761927
0 0.553694 0.480061 0.554143 0.480601 0.555117 0.481466 0.556468 0.482526 0.557991 0.483621 0.559457 0.484585 0.560644 0.485273 0.561373 0.485579 0.564603 0.483756 0.564818 0.483590 0.565749 0.482288 0.590084 0.442832 0.589815 0.442442 0.589187 0.441840 0.588295 0.441117 0.587276 0.440385 0.586287 0.439756 0.585478 0.439325 0.584972 0.439159 0.584847 0.439281 0.555300 0.475102 0.554369 0.476402
0 0.389219 0.193934 0.389281 0.194252 0.390495 0.197915 0.391601 0.199106 0.425894 0.231309 0.426250 0.231146 0.426899 0.230667 0.427742 0.229945 0.428651 0.229089 0.429490 0.228230 0.430130 0.227496 0.430475 0.227001 0.430471 0.226818 0.400719 0.190042 0.399611 0.188848 0.396116 0.187448 0.395542 0.187640 0.394533 0.188322 0.393241 0.189392 0.391865 0.190686 0.390617 0.192004 0.389688 0.193145
0 0.083473 0.787377 0.083781 0.788239 0.084419 0.789195 0.085289 0.790099 0.086257 0.790812 0.087176 0.791226 0.087905 0.791277 0.088333 0.790959 0.123293 0.761507 0.124419 0.760416 0.125620 0.757034 0.125670 0.756117 0.125168 0.754857 0.124194 0.753444 0.122893 0.752092 0.121463 0.751006 0.120119 0.750348 0.119065 0.750220 0.115683 0.751334 0.114872 0.751901 0.113745 0.752995 0.083541 0.786740
0 0.704873 0.485316 0.704969 0.486010 0.707448 0.488734 0.708920 0.489329 0.752826 0.503646 0.753130 0.503681 0.753589 0.503267 0.754134 0.502469 0.754681 0.501405 0.755146 0.500240 0.755458 0.499152 0.755570 0.498308 0.755465 0.497835 0.714133 0.477650 0.712659 0.477052 0.712122 0.477030 0.708476 0.477229 0.707843 0.477881 0.707071 0.479101 0.706277 0.480703 0.705581 0.482445 0.705089 0.484064
0 0.496696 0.549156 0.497338 0.552854 0.498005 0.553088 0.499266 0.553469 0.500927 0.553938 0.502739 0.554425 0.504427 0.554856 0.505737 0.555166 0.506469 0.555308 0.506510 0.555260 0.508926 0.552358 0.509342 0.550804 0.518319 0.505057 0.517891 0.504861 0.517061 0.504576 0.515956 0.504246 0.514745 0.503920 0.513613 0.503649 0.512733 0.503475 0.512240 0.503423 0.512207 0.503502 0.497113 0.547605
0 0.584142 0.294321 0.584704 0.295835 0.603943 0.338501 0.604276 0.338392 0.605015 0.338125 0.606047 0.337741 0.607214 0.337299 0.608342 0.336864 0.609258 0.336504 0.609824 0.336273 0.609952 0.336205 0.596720 0.291155 0.596159 0.289638 0.593461 0.287000 0.592945 0.287100 0.591817 0.287455 0.590251 0.288009 0.588485 0.288678 0.586792 0.289359 0.585430 0.289948 0.584608 0.290354 0.584449 0.290517
0 0.582512 0.546447 0.582824 0.548013 0.594985 0.592802 0.595087 0.592967 0.595651 0.593025 0.596592 0.592967 0.597767 0.592800 0.598996 0.592551 0.600092 0.592257 0.600885 0.591964 0.601256 0.591716 0.595377 0.545756 0.595065 0.544187 0.592831 0.541134 0.592682 0.540954 0.591839 0.540932 0.590435 0.541069 0.588680 0.541345 0.586842 0.541718 0.585197 0.542131 0.583993 0.542523 0.583415 0.542834
0 0.349736 0.251633 0.349837 0.252044 0.350370 0.252991 0.351252 0.254330 0.352349 0.255857 0.353495 0.257341 0.354518 0.258560 0.355263 0.259327 0.355617 0.259527 0.359314 0.258798 0.360593 0.257838 0.395665 0.227406 0.395638 0.227111 0.395321 0.226459 0.394760 0.225547 0.394041 0.224516 0.393274 0.223524 0.392577 0.222721 0.392056 0.222232 0.391791 0.222129 0.352761 0.247310 0.351479 0.248271
0 0.594420 0.141884 0.594647 0.142556 0.595077 0.143519 0.595645 0.144626 0.596263 0.145711 0.596840 0.146609 0.597287 0.147183 0.597536 0.147347 0.639673 0.126406 0.641076 0.125583 0.643290 0.122392 0.643372 0.121948 0.643090 0.120909 0.642487 0.119434 0.641653 0.117747 0.640718 0.116107 0.639823 0.114765 0.639108 0.113929 0.638681 0.113724 0.634926 0.114031 0.633521 0.114856 0.594431 0.141606
0 0.715053 0.741287 0.715203 0.741576 0.715760 0.742079 0.716639 0.742719 0.717707 0.743399 0.718800 0.744014 0.719750 0.744471 0.720413 0.744700 0.720688 0.744665 0.746857 0.706352 0.747664 0.704969 0.747959 0.701192 0.747690 0.700812 0.746815 0.700109 0.745469 0.699191 0.743858 0.698196 0.742223 0.697276 0.740813 0.696568 0.739839 0.696180 0.739451 0.696172 0.736325 0.698271 0.735520 0.699652
0 0.552971 0.192971 0.553411 0.193236 0.554257 0.193535 0.555377 0.193822 0.556604 0.194055 0.557752 0.194197 0.558646 0.194228 0.559150 0.194142 0.571006 0.148481 0.571102 0.148018 0.571406 0.146414 0.570490 0.142768 0.569848 0.142306 0.568587 0.141806 0.566899 0.141345 0.565044 0.140993 0.563306 0.140806 0.561952 0.140810 0.561188 0.141006 0.559003 0.144064 0.558699 0.145669 0.558625 0.146135
0 0.823605 0.352772 0.824476 0.355120 0.826178 0.356956 0.828453 0.358000 0.830955 0.358095 0.833302 0.357224 0.833685 0.357060 0.843427 0.349311 0.844378 0.348430 0.844918 0.347252 0.844967 0.345956 0.844517 0.344741 0.843635 0.343790 0.842457 0.343249 0.841161 0.343201 0.829305 0.345245 0.826955 0.346116 0.826580 0.346293 0.824744 0.347995 0.823700 0.350270
0 0.642674 0.357626 0.642966 0.360112 0.644188 0.362298 0.646153 0.363849 0.648562 0.364530 0.651048 0.364238 0.653234 0.363016 0.653409 0.362859 0.654963 0.360892 0.657336 0.354594 0.657688 0.353347 0.657537 0.352059 0.656904 0.350928 0.655887 0.350124 0.654639 0.349772 0.653352 0.349923 0.647260 0.351860 0.645072 0.353083 0.644906 0.353252 0.643355 0.355217
0 0.499299 0.593768 0.499971 0.596266 0.501547 0.598316 0.503788 0.599607 0.506352 0.599943 0.508850 0.599271 0.510900 0.597695 0.512191 0.595454 0.512527 0.592890 0.512512 0.592780 0.511841 0.590285 0.510267 0.588238 0.508029 0.586948 0.505467 0.586613 0.502973 0.587283 0.500925 0.588858 0.499635 0.591096 0.499300 0.593657
0 0.687676 0.241210 0.688222 0.243654 0.689660 0.245703 0.691774 0.247045 0.694240 0.247477 0.696684 0.246931 0.698733 0.245493 0.698961 0.245201 0.700304 0.243085 0.704099 0.233044 0.704322 0.231767 0.704040 0.230502 0.703295 0.229441 0.702201 0.228746 0.700924 0.228522 0.699658 0.228805 0.698597 0.229550 0.689668 0.236329 0.689450 0.236631 0.688108 0.238744
0 0.377653 0.452468 0.403354 0.491009 0.404331 0.492276 0.404607 0.492423 0.407890 0.494128 0.408644 0.493786 0.409834 0.493049 0.411279 0.492028 0.412760 0.490877 0.414055 0.489771 0.414968 0.488876 0.415358 0.488329 0.414560 0.484694 0.413584 0.483430 0.382781 0.448719 0.382625 0.448607 0.382101 0.448797 0.381289 0.449261 0.380313 0.449929 0.379323 0.450699 0.378469 0.451452 0.377883 0.452073
0 0.454063 0.595830 0.454695 0.596195 0.455864 0.596853 0.457391 0.597704 0.459044 0.598617 0.460568 0.599452 0.461729 0.600081 0.462350 0.600408 0.465389 0.598173 0.466168 0.596761 0.485935 0.554380 0.485542 0.554124 0.484786 0.553677 0.483782 0.553107 0.482684 0.552500 0.481660 0.551950 0.480867 0.551541 0.480425 0.551335 0.480402 0.551363 0.455117 0.590642 0.454338 0.592051 0.454063 0.595812
0 0.493230 0.718594 0.494113 0.720940 0.496732 0.726788 0.497618 0.727735 0.498799 0.728270 0.500095 0.728312 0.501308 0.727856 0.502254 0.726970 0.502790 0.725789 0.505825 0.719008 0.505907 0.716502 0.505900 0.716254 0.505019 0.713911 0.503308 0.712083 0.501027 0.711050 0.498525 0.710968 0.496182 0.711849 0.494354 0.713561 0.493321 0.715841 0.493238 0.718343
0 0.151253 0.389525 0.151428 0.390089 0.192210 0.410584 0.193668 0.411194 0.194371 0.411418 0.197984 0.411230 0.198741 0.410722 0.199619 0.409616 0.200484 0.408082 0.201205 0.406350 0.201674 0.404683 0.201820 0.403332 0.201619 0.402502 0.199216 0.399785 0.197760 0.399176 0.197063 0.398930 0.153848 0.384278 0.153307 0.384595 0.152691 0.385317 0.152097 0.386335 0.151615 0.387493 0.151318 0.388614
0 0.963611 0.643505 0.963763 0.644567 0.964065 0.645779 0.964470 0.646956 0.964919 0.647921 0.965342 0.648527 0.965675 0.648680 0.998102 0.643117 0.999697 0.642740 1.000000 0.642206 1.000000 0.628003 0.963822 0.642424 0.963631 0.642752
0 0.661770 0.224057 0.661839 0.224724 0.662031 0.225733 0.662316 0.226929 0.662650 0.228133 0.662983 0.229161 0.663264 0.229858 0.663452 0.230117 0.709404 0.220227 0.710964 0.219777 0.713886 0.217244 0.714051 0.216899 0.714010 0.215883 0.713770 0.214351 0.713366 0.212536 0.712861 0.210716 0.712332 0.209172 0.711860 0.208140 0.711518 0.207776 0.707801 0.207156 0.706238 0.207608 0.661832 0.223833
0 0.719909 0.340705 0.720368 0.344359 0.720735 0.344899 0.721750 0.345567 0.723257 0.346262 0.725028 0.346880 0.726796 0.347327 0.728294 0.347535 0.729296 0.347472 0.729646 0.347148 0.732279 0.344417 0.732790 0.342914 0.744464 0.298503 0.744239 0.298105 0.743576 0.297629 0.742576 0.297148 0.741392 0.296735 0.740204 0.296453 0.739196 0.296347 0.738521 0.296430 0.738280 0.296691 0.720420 0.339204
