0 0.214202 0.703519 0.214354 0.703829 0.256471 0.722645 0.257969 0.723190 0.261743 0.722815 0.262182 0.722557 0.262823 0.721641 0.263568 0.720208 0.264305 0.718474 0.264921 0.716703 0.265325 0.715160 0.265454 0.714081 0.265290 0.713627 0.262702 0.710945 0.261207 0.710402 0.216756 0.697735 0.216423 0.697884 0.215957 0.698475 0.215430 0.699418 0.214921 0.700570 0.214509 0.701755 0.214256 0.702791
0 0.686850 0.778747 0.687176 0.781230 0.688426 0.783398 0.688642 0.783724 0.697633 0.791297 0.698661 0.792087 0.699913 0.792423 0.701198 0.792255 0.702321 0.791607 0.703111 0.790579 0.703447 0.789327 0.703279 0.788042 0.699558 0.777429 0.698306 0.775257 0.698079 0.774942 0.696093 0.773417 0.693675 0.772767 0.691193 0.773093 0.689024 0.774344 0.687499 0.776329
0 0.344216 0.557134 0.344446 0.557509 0.345057 0.558080 0.345956 0.558761 0.347006 0.559448 0.348046 0.560034 0.348916 0.560431 0.349485 0.560578 0.349665 0.560454 0.377479 0.523355 0.378346 0.522016 0.378832 0.518328 0.378444 0.517814 0.377498 0.516997 0.376137 0.515999 0.374567 0.514973 0.373025 0.514072 0.371743 0.513434 0.370918 0.513155 0.370675 0.513279 0.367468 0.515289 0.366600 0.516632
0 0.819265 0.143981 0.819409 0.144911 0.820171 0.146045 0.821434 0.147210 0.823007 0.148232 0.824653 0.148956 0.826123 0.149272 0.827195 0.149132 0.830232 0.147288 0.830916 0.146515 0.831764 0.145196 0.853496 0.105536 0.853428 0.104884 0.852941 0.104101 0.852107 0.103308 0.851056 0.102624 0.849946 0.102156 0.848949 0.101975 0.848217 0.102107 0.847861 0.102533 0.820512 0.139107 0.819664 0.140423
0 0.696857 0.453582 0.697060 0.453939 0.697544 0.454611 0.698237 0.455495 0.699032 0.456458 0.699810 0.457353 0.700453 0.458046 0.700863 0.458430 0.700977 0.458447 0.739383 0.431145 0.740639 0.430117 0.742265 0.426718 0.742016 0.426146 0.741327 0.425104 0.740302 0.423752 0.739100 0.422296 0.737903 0.420961 0.736897 0.419951 0.736235 0.419419 0.736016 0.419446 0.732312 0.420418 0.731059 0.421445
0 0.758247 0.574380 0.759641 0.577912 0.760026 0.577991 0.761095 0.578114 0.762684 0.578264 0.764554 0.578417 0.766421 0.578551 0.768005 0.578644 0.769064 0.578683 0.769436 0.578662 0.771305 0.575375 0.771415 0.573769 0.771334 0.527085 0.771086 0.526991 0.770379 0.526876 0.769319 0.526758 0.768069 0.526656 0.766820 0.526584 0.765764 0.526555 0.765060 0.526572 0.764817 0.526632 0.758358 0.572777
0 0.131973 0.905516 0.132068 0.907447 0.132325 0.909318 0.132703 0.910842 0.133144 0.911785 0.133580 0.912004 0.137173 0.913126 0.138792 0.912876 0.185289 0.902348 0.185486 0.902001 0.185603 0.901207 0.185622 0.900087 0.185540 0.898812 0.185371 0.897575 0.185139 0.896563 0.184879 0.895928 0.184632 0.895770 0.137559 0.899677 0.135943 0.899926 0.132662 0.902102 0.132294 0.902624 0.132052 0.903822
0 0.223243 0.461314 0.223357 0.462486 0.223582 0.463397 0.223882 0.463908 0.224213 0.463941 0.270187 0.467554 0.271772 0.467569 0.275086 0.466019 0.275490 0.465344 0.275807 0.464052 0.275990 0.462338 0.276011 0.460463 0.275868 0.458708 0.275581 0.457339 0.275194 0.456565 0.271916 0.454968 0.271338 0.454885 0.269751 0.454870 0.223954 0.457613 0.223643 0.458057 0.223398 0.458916 0.223258 0.460060
0 0.396201 0.745598 0.396203 0.746012 0.399608 0.747651 0.401221 0.747653 0.447907 0.744461 0.447949 0.744185 0.447988 0.743453 0.448018 0.742379 0.448035 0.741124 0.448036 0.739883 0.448020 0.738845 0.447992 0.738167 0.447954 0.737953 0.401397 0.734608 0.399787 0.734605 0.396342 0.736226 0.396330 0.736546 0.396309 0.737563 0.396282 0.739125 0.396254 0.740993 0.396229 0.742882 0.396210 0.744499
0 0.384907 0.712490 0.385220 0.713747 0.385991 0.714790 0.387102 0.715458 0.388384 0.715649 0.389642 0.715336 0.390684 0.714565 0.396698 0.709587 0.397989 0.707439 0.398106 0.707201 0.398477 0.704725 0.397871 0.702296 0.396382 0.700283 0.394236 0.698993 0.391760 0.698623 0.389331 0.699228 0.387318 0.700717 0.386028 0.702863 0.385898 0.703096 0.385527 0.705575
0 0.310281 0.614724 0.310503 0.616001 0.311196 0.617096 0.312256 0.617843 0.313521 0.618126 0.319646 0.617408 0.322116 0.616979 0.324233 0.615638 0.324435 0.615505 0.325876 0.613458 0.326424 0.611015 0.325996 0.608548 0.324656 0.606434 0.322609 0.604992 0.320166 0.604444 0.317700 0.604872 0.317490 0.604993 0.315373 0.606334 0.313930 0.608383 0.310565 0.613459
0 0.770305 0.683178 0.771546 0.686588 0.772680 0.687685 0.807821 0.717276 0.808157 0.717529 0.808800 0.717417 0.809653 0.716956 0.810586 0.716218 0.811456 0.715314 0.812129 0.714383 0.812504 0.713568 0.812522 0.712993 0.782043 0.679042 0.780909 0.677943 0.780285 0.677508 0.776861 0.676365 0.775936 0.676584 0.774690 0.677311 0.773313 0.678435 0.772012 0.679787 0.770984 0.681162 0.770385 0.682352
0 0.676411 0.147559 0.676681 0.149148 0.677225 0.150941 0.677959 0.152667 0.678774 0.154066 0.679546 0.154926 0.680158 0.155115 0.683819 0.155373 0.685279 0.154772 0.726431 0.134313 0.726711 0.133954 0.726783 0.133181 0.726634 0.132110 0.726287 0.130905 0.725796 0.129751 0.725235 0.128824 0.724691 0.128266 0.724246 0.128162 0.680823 0.142473 0.679360 0.143074 0.676809 0.145891 0.676455 0.146415
0 0.064824 0.577166 0.064980 0.577997 0.065318 0.578418 0.109067 0.591083 0.110610 0.591413 0.111471 0.591283 0.114953 0.590456 0.115689 0.589663 0.116407 0.588296 0.117000 0.586563 0.117377 0.584726 0.117482 0.583061 0.117300 0.581821 0.116856 0.581195 0.114006 0.578939 0.112467 0.578610 0.067054 0.572204 0.066585 0.572252 0.066054 0.572766 0.065543 0.573669 0.065129 0.574823 0.064877 0.576051
0 0.180602 0.041521 0.181221 0.045217 0.182153 0.046577 0.182625 0.047248 0.212023 0.084587 0.212611 0.084594 0.213486 0.084308 0.214518 0.083771 0.215548 0.083065 0.216421 0.082298 0.217006 0.081584 0.217212 0.081034 0.193022 0.040128 0.192568 0.039444 0.191637 0.038084 0.188414 0.036171 0.187499 0.036100 0.186151 0.036487 0.184578 0.037274 0.183020 0.038341 0.181717 0.039524 0.180868 0.040641
0 0.057868 0.812082 0.057909 0.812606 0.058416 0.813219 0.059310 0.813827 0.060456 0.814337 0.061678 0.814670 0.062789 0.814777 0.063619 0.814641 0.064043 0.814284 0.085042 0.773635 0.085661 0.772193 0.085436 0.768564 0.085340 0.767833 0.084556 0.766959 0.083206 0.766073 0.081492 0.765311 0.079674 0.764786 0.078026 0.764579 0.076798 0.764721 0.076178 0.765192 0.073316 0.767702 0.072696 0.769148
0 0.219610 0.264656 0.219629 0.265287 0.255671 0.294461 0.256963 0.295367 0.260544 0.295947 0.261350 0.295678 0.262412 0.294838 0.263570 0.293554 0.264650 0.292020 0.265487 0.290467 0.265956 0.289131 0.265985 0.288213 0.264214 0.285060 0.263654 0.284578 0.262360 0.283671 0.223252 0.260139 0.222683 0.260288 0.221949 0.260827 0.221161 0.261674 0.220439 0.262700 0.219894 0.263747
0 0.573679 0.765303 0.573889 0.765721 0.576138 0.768776 0.577538 0.769530 0.619470 0.788438 0.619868 0.788294 0.620424 0.787729 0.621053 0.786828 0.621659 0.785730 0.622148 0.784602 0.622447 0.783617 0.622509 0.782926 0.622326 0.782632 0.583335 0.757931 0.581938 0.757178 0.578244 0.757023 0.577698 0.757278 0.576905 0.758153 0.575987 0.759515 0.575082 0.761157 0.574325 0.762833 0.573833 0.764288
0 0.690754 0.840929 0.690905 0.841894 0.691306 0.843379 0.691896 0.845159 0.692585 0.846967 0.693270 0.848528 0.693847 0.849607 0.694228 0.850037 0.697994 0.850477 0.699502 0.849945 0.742009 0.831437 0.742132 0.831231 0.742063 0.830580 0.741813 0.829583 0.741419 0.828393 0.740941 0.827191 0.740454 0.826161 0.740031 0.825462 0.739736 0.825198 0.695025 0.837411 0.693519 0.837941 0.690875 0.840632
0 0.151655 0.694221 0.151756 0.695864 0.151975 0.697009 0.152277 0.697483 0.155662 0.699130 0.157293 0.699142 0.204645 0.696241 0.204823 0.696064 0.204997 0.695423 0.205137 0.694416 0.205225 0.693195 0.205246 0.691947 0.205197 0.690859 0.205086 0.690097 0.204929 0.689776 0.157949 0.686184 0.156320 0.686171 0.152775 0.687762 0.152436 0.688016 0.152110 0.688974 0.151847 0.690489 0.151687 0.692333
0 0.558587 0.500826 0.558785 0.504552 0.559542 0.505962 0.584255 0.545312 0.584370 0.545427 0.584898 0.545305 0.585760 0.544966 0.586825 0.544459 0.587929 0.543863 0.588903 0.543269 0.589598 0.542768 0.589909 0.542437 0.570837 0.500126 0.570080 0.498713 0.567057 0.496442 0.566907 0.496335 0.566137 0.496578 0.564864 0.497133 0.563283 0.497915 0.561632 0.498806 0.560161 0.499671 0.559091 0.500381
0 0.098889 0.808344 0.098920 0.809972 0.100654 0.813322 0.100875 0.813566 0.101826 0.813722 0.103363 0.813767 0.105250 0.813693 0.107197 0.813513 0.108906 0.813253 0.110115 0.812954 0.110642 0.812661 0.112236 0.809097 0.112204 0.807472 0.107954 0.760652 0.107801 0.760534 0.107168 0.760463 0.106150 0.760452 0.104902 0.760500 0.103613 0.760602 0.102478 0.760741 0.101669 0.760896 0.101311 0.761044
0 0.674676 0.438020 0.675178 0.441733 0.676055 0.443070 0.704139 0.480033 0.704368 0.480085 0.704978 0.479868 0.705878 0.479412 0.706930 0.478789 0.707974 0.478092 0.708848 0.477429 0.709420 0.476901 0.709603 0.476589 0.686961 0.436098 0.686084 0.434758 0.682855 0.432784 0.682540 0.432769 0.681652 0.433153 0.680327 0.433879 0.678767 0.434835 0.677207 0.435876 0.675882 0.436847 0.674994 0.437600
0 0.296563 0.341446 0.296663 0.342205 0.296936 0.343259 0.297339 0.344447 0.297812 0.345586 0.298281 0.346504 0.298675 0.347059 0.298935 0.347168 0.343625 0.334918 0.345130 0.334390 0.347769 0.331745 0.347837 0.331234 0.347639 0.330108 0.347205 0.328539 0.346602 0.326763 0.345920 0.325048 0.345262 0.323654 0.344728 0.322792 0.344399 0.322595 0.340632 0.322194 0.339125 0.322724 0.296651 0.341098
0 0.134352 0.797443 0.134472 0.798692 0.134741 0.799740 0.135116 0.800427 0.135541 0.800649 0.181154 0.800129 0.182727 0.799997 0.186011 0.798079 0.186558 0.797668 0.186993 0.796573 0.187251 0.794963 0.187292 0.793083 0.187112 0.791216 0.186737 0.789644 0.186224 0.788604 0.185649 0.788256 0.182251 0.786902 0.180681 0.787033 0.135346 0.794113 0.134936 0.794383 0.134603 0.795111 0.134398 0.796185
0 0.281273 0.546346 0.283303 0.593012 0.283484 0.594612 0.285488 0.597818 0.285790 0.597813 0.286783 0.597719 0.288312 0.597551 0.290146 0.597335 0.292007 0.597103 0.293616 0.596890 0.294728 0.596729 0.295173 0.596643 0.296397 0.593053 0.296215 0.591456 0.287720 0.545611 0.287520 0.545567 0.286859 0.545587 0.285837 0.545666 0.284610 0.545793 0.283365 0.545948 0.282294 0.546107 0.281559 0.546247
0 0.373746 0.613216 0.375315 0.616649 0.375881 0.616680 0.377098 0.616707 0.378779 0.616727 0.380667 0.616736 0.382473 0.616733 0.383917 0.616719 0.384782 0.616695 0.384937 0.616666 0.386573 0.613244 0.386590 0.611633 0.383876 0.564992 0.383773 0.564965 0.383197 0.564938 0.382237 0.564915 0.381038 0.564899 0.379783 0.564893 0.378666 0.564898 0.377856 0.564912 0.377478 0.564934 0.373764 0.611602
0 0.561860 0.917975 0.562014 0.918887 0.562425 0.920405 0.577328 0.963254 0.577875 0.963587 0.578796 0.963708 0.579950 0.963597 0.581162 0.963272 0.582244 0.962782 0.583033 0.962202 0.583407 0.961622 0.583311 0.961128 0.574441 0.916223 0.574031 0.914707 0.571659 0.912007 0.570846 0.911571 0.569475 0.911439 0.567753 0.911631 0.565941 0.912118 0.564313 0.912825 0.563114 0.913647 0.562528 0.914459
0 0.913342 0.277734 0.913407 0.278181 0.913839 0.278873 0.914571 0.279702 0.915493 0.280545 0.916465 0.281272 0.917339 0.281775 0.917984 0.281976 0.918301 0.281844 0.953129 0.249050 0.954247 0.247845 0.955370 0.244262 0.955324 0.243545 0.954712 0.242467 0.953625 0.241194 0.952231 0.239920 0.950744 0.238842 0.949392 0.238124 0.948381 0.237875 0.944928 0.239329 0.944247 0.239670 0.943131 0.240873
0 0.853857 0.761195 0.854101 0.761384 0.893288 0.788759 0.894694 0.789608 0.898425 0.790007 0.899191 0.789688 0.900181 0.788773 0.901245 0.787402 0.902218 0.785783 0.902951 0.784167 0.903332 0.782801 0.903304 0.781893 0.901199 0.778788 0.900627 0.778378 0.899223 0.777531 0.857098 0.755805 0.856624 0.756044 0.855995 0.756671 0.855307 0.757589 0.854664 0.758659 0.854162 0.759720 0.853879 0.760610
0 0.621036 0.391534 0.621316 0.391924 0.621878 0.392605 0.622637 0.393473 0.623478 0.394396 0.624274 0.395235 0.624903 0.395863 0.625271 0.396183 0.625320 0.396148 0.662167 0.366884 0.663366 0.365792 0.664832 0.362322 0.664463 0.361697 0.663655 0.360640 0.662528 0.359311 0.661257 0.357915 0.660035 0.356666 0.659052 0.355756 0.658456 0.355323 0.654865 0.356459 0.653666 0.357551 0.653517 0.357691
0 0.524876 0.366956 0.524886 0.366997 0.525337 0.367217 0.526160 0.367583 0.527229 0.368040 0.528383 0.368518 0.529447 0.368945 0.530259 0.369256 0.530697 0.369403 0.551460 0.327404 0.552077 0.325911 0.552106 0.325756 0.551959 0.321991 0.551312 0.321603 0.550093 0.321006 0.548489 0.320291 0.546744 0.319568 0.545128 0.318949 0.543887 0.318527 0.543211 0.318368 0.540443 0.320925 0.539825 0.322421
0 0.869891 0.532337 0.870935 0.535974 0.871159 0.536182 0.872094 0.536489 0.873596 0.536849 0.875437 0.537207 0.877340 0.537510 0.879018 0.537711 0.880216 0.537780 0.880750 0.537705 0.882977 0.534640 0.883254 0.533061 0.887992 0.486842 0.887856 0.486663 0.887242 0.486426 0.886243 0.486169 0.885012 0.485929 0.883737 0.485744 0.882613 0.485643 0.881813 0.485640 0.881457 0.485736 0.870168 0.530762
0 0.285876 0.081876 0.285912 0.082686 0.286179 0.083095 0.326226 0.105547 0.327653 0.106218 0.331320 0.106131 0.331949 0.106024 0.332769 0.105243 0.333657 0.103909 0.334479 0.102223 0.335110 0.100439 0.335455 0.098828 0.335462 0.097632 0.335127 0.097036 0.332723 0.094090 0.331293 0.093419 0.288670 0.077027 0.288215 0.077075 0.287639 0.077578 0.287030 0.078461 0.286480 0.079589 0.286075 0.080788
0 0.167461 0.317503 0.167592 0.318402 0.170546 0.320722 0.170971 0.321002 0.172555 0.321388 0.219034 0.329403 0.219301 0.329060 0.219624 0.328294 0.219955 0.327222 0.220244 0.326008 0.220448 0.324833 0.220534 0.323877 0.220491 0.323285 0.220324 0.323147 0.175057 0.308827 0.173470 0.308440 0.169785 0.309192 0.169322 0.309685 0.168786 0.310823 0.168259 0.312435 0.167822 0.314272 0.167541 0.316052
0 0.073495 0.279695 0.073657 0.280715 0.073996 0.281381 0.074458 0.281592 0.118786 0.293018 0.120331 0.293302 0.123804 0.292309 0.124520 0.291882 0.125211 0.290792 0.125776 0.289206 0.126128 0.287363 0.126214 0.285542 0.126021 0.284018 0.125578 0.283022 0.122694 0.280924 0.121852 0.280500 0.120305 0.280216 0.075176 0.275198 0.074659 0.275469 0.074165 0.276187 0.073770 0.277243 0.073535 0.278475
0 0.172614 0.728227 0.173342 0.731944 0.174314 0.733222 0.205069 0.768211 0.205259 0.768214 0.205824 0.767909 0.206678 0.767344 0.207692 0.766605 0.208709 0.765805 0.209573 0.765066 0.210154 0.764502 0.210363 0.764198 0.184976 0.725243 0.184007 0.723966 0.180616 0.722247 0.180362 0.722300 0.179540 0.722799 0.178275 0.723667 0.176760 0.724773 0.175223 0.725949 0.173895 0.727018 0.172978 0.727819
0 0.671015 0.514143 0.671215 0.517880 0.671619 0.518245 0.672644 0.518827 0.674132 0.519537 0.675860 0.520267 0.677566 0.520908 0.678993 0.521362 0.679924 0.521561 0.680215 0.521473 0.683016 0.518928 0.683626 0.517448 0.698293 0.473452 0.698046 0.473172 0.697378 0.472755 0.696391 0.472264 0.695235 0.471776 0.694089 0.471364 0.693126 0.471092 0.692495 0.471001 0.692290 0.471105 0.671626 0.512666
0 0.113051 0.792204 0.113261 0.793776 0.122621 0.838726 0.122794 0.839029 0.123443 0.839204 0.124470 0.839222 0.125716 0.839082 0.126992 0.838804 0.128101 0.838432 0.128876 0.838022 0.129197 0.837636 0.126454 0.791674 0.126246 0.790104 0.125893 0.789578 0.123894 0.786638 0.122921 0.786426 0.121387 0.786425 0.119524 0.786635 0.117611 0.787024 0.115939 0.787533 0.114761 0.788086 0.114258 0.788599
