0 0.026631 0.163888 0.026799 0.164596 0.061031 0.193894 0.062288 0.194826 0.063206 0.195471 0.066695 0.196100 0.067753 0.195967 0.069023 0.195241 0.070313 0.194033 0.071429 0.192525 0.072202 0.190945 0.072514 0.189532 0.072319 0.188499 0.070702 0.185340 0.069447 0.184412 0.068540 0.183746 0.030543 0.159536 0.029808 0.159594 0.028935 0.160057 0.028059 0.160853 0.027313 0.161861 0.026811 0.162927
0 0.631833 0.397406 0.632184 0.398050 0.633081 0.398997 0.634389 0.400104 0.635908 0.401204 0.637411 0.402130 0.638669 0.402744 0.639492 0.402950 0.642699 0.401170 0.643053 0.400856 0.643983 0.399563 0.668243 0.360415 0.668039 0.359955 0.667462 0.359298 0.666599 0.358544 0.665583 0.357809 0.664569 0.357204 0.663712 0.356824 0.663144 0.356724 0.662949 0.356920 0.633419 0.392492 0.632490 0.393781
0 0.625849 0.101528 0.626320 0.102685 0.627197 0.103574 0.628348 0.104059 0.629597 0.104067 0.630753 0.103596 0.631642 0.102719 0.638896 0.090955 0.639899 0.088574 0.640065 0.088087 0.640081 0.085501 0.639106 0.083106 0.637289 0.081265 0.634906 0.080261 0.632320 0.080244 0.629925 0.081219 0.628084 0.083036 0.627080 0.085419 0.626929 0.085909 0.625857 0.100279
0 0.420770 0.430218 0.421344 0.433947 0.422237 0.435291 0.450675 0.472402 0.451078 0.472180 0.451819 0.471723 0.452787 0.471100 0.453833 0.470408 0.454797 0.469751 0.455531 0.469231 0.455924 0.468927 0.455916 0.468885 0.432789 0.428309 0.431899 0.426968 0.428690 0.424986 0.428665 0.424991 0.428040 0.425394 0.426909 0.426135 0.425444 0.427100 0.423869 0.428143 0.422427 0.429102 0.421339 0.429831
0 0.769751 0.420135 0.770008 0.420279 0.770695 0.420554 0.771706 0.420917 0.772891 0.421314 0.774067 0.421685 0.775059 0.421973 0.775715 0.422135 0.775934 0.422145 0.794455 0.378843 0.794988 0.377312 0.794565 0.373563 0.794209 0.373288 0.793195 0.372829 0.791676 0.372255 0.789886 0.371654 0.788099 0.371120 0.786590 0.370733 0.785588 0.370553 0.785246 0.370606 0.782566 0.373364 0.782035 0.374893
0 0.293828 0.164113 0.294908 0.167757 0.295164 0.168328 0.296111 0.168957 0.297604 0.169550 0.299416 0.170016 0.301272 0.170286 0.302893 0.170319 0.304034 0.170110 0.304521 0.169689 0.306643 0.166695 0.306888 0.165135 0.310806 0.119341 0.310650 0.118918 0.310030 0.118457 0.309042 0.118029 0.307834 0.117699 0.306593 0.117519 0.305508 0.117515 0.304745 0.117688 0.304420 0.118011 0.294075 0.162551
0 0.108788 0.633281 0.109193 0.637032 0.109429 0.637324 0.110350 0.637802 0.111815 0.638391 0.113602 0.639003 0.115435 0.639542 0.117033 0.639926 0.118151 0.640097 0.118622 0.640029 0.121356 0.637283 0.121904 0.635756 0.134638 0.590569 0.134461 0.590413 0.133835 0.590127 0.132858 0.589753 0.131676 0.589349 0.130469 0.588975 0.129420 0.588688 0.128687 0.588533 0.128383 0.588532 0.109338 0.631752
0 0.378326 0.473054 0.378802 0.476804 0.378925 0.476956 0.379725 0.477313 0.381076 0.477820 0.382775 0.478401 0.384563 0.478967 0.386172 0.479433 0.387358 0.479729 0.387940 0.479810 0.390506 0.477067 0.390998 0.475541 0.402207 0.430374 0.402146 0.430232 0.401631 0.429955 0.400742 0.429586 0.399613 0.429181 0.398417 0.428803 0.397338 0.428508 0.396539 0.428343 0.396144 0.428332 0.378820 0.471526
0 0.907195 0.089362 0.907332 0.090280 0.909901 0.092741 0.910487 0.093036 0.912005 0.093472 0.956981 0.102883 0.957470 0.102550 0.958045 0.101777 0.958616 0.100683 0.959096 0.099433 0.959413 0.098219 0.959517 0.097228 0.959393 0.096610 0.959059 0.096460 0.916093 0.080573 0.914572 0.080135 0.910828 0.080820 0.910155 0.081350 0.909352 0.082535 0.908544 0.084191 0.907850 0.086068 0.907377 0.087883
0 0.849445 0.761296 0.861578 0.806941 0.862105 0.808487 0.864798 0.811332 0.865248 0.811629 0.866350 0.811680 0.867938 0.811475 0.869770 0.811045 0.871565 0.810457 0.873046 0.809800 0.873986 0.809175 0.874244 0.808678 0.874696 0.804943 0.874166 0.803394 0.855712 0.759487 0.855421 0.759336 0.854699 0.759346 0.853655 0.759514 0.852448 0.759816 0.851261 0.760205 0.850275 0.760623 0.849636 0.761006
0 0.356786 0.673768 0.358398 0.677191 0.359640 0.678207 0.397614 0.705074 0.397897 0.704926 0.398447 0.704414 0.399181 0.703616 0.399986 0.702653 0.400738 0.701675 0.401324 0.700829 0.401653 0.700246 0.401676 0.700013 0.367847 0.668115 0.366607 0.667100 0.362948 0.666201 0.362566 0.666471 0.361776 0.667274 0.360698 0.668487 0.359495 0.669925 0.358347 0.671373 0.357430 0.672612 0.356881 0.673453
0 0.645110 0.160145 0.645329 0.160771 0.645794 0.161673 0.646434 0.162714 0.647152 0.163736 0.647839 0.164584 0.648391 0.165131 0.648725 0.165292 0.688863 0.140536 0.690189 0.139587 0.692127 0.136212 0.692281 0.135797 0.692009 0.134823 0.691351 0.133435 0.690408 0.131847 0.689322 0.130302 0.688262 0.129036 0.687391 0.128246 0.686840 0.128049 0.683135 0.128708 0.681807 0.129660 0.645171 0.159891
0 0.513147 0.772994 0.513477 0.773586 0.514127 0.774373 0.515002 0.775234 0.515965 0.776037 0.516870 0.776660 0.517578 0.777007 0.517982 0.777026 0.550240 0.744075 0.551272 0.742861 0.552255 0.739200 0.552267 0.738782 0.551725 0.737937 0.550714 0.736793 0.549389 0.735525 0.547948 0.734324 0.546610 0.733370 0.545576 0.732809 0.545005 0.732726 0.541610 0.734226 0.540581 0.735439 0.513190 0.772686
0 0.698576 0.447847 0.698610 0.448271 0.744864 0.456338 0.746476 0.456508 0.750107 0.455290 0.750317 0.455216 0.750589 0.454429 0.750882 0.453049 0.751151 0.451285 0.751355 0.449408 0.751463 0.447706 0.751457 0.446440 0.751340 0.445804 0.748113 0.443860 0.746498 0.443691 0.699384 0.441958 0.699290 0.442019 0.699151 0.442551 0.698990 0.443472 0.698829 0.444642 0.698694 0.445883 0.698605 0.447008
0 0.472757 0.432265 0.473060 0.433847 0.484927 0.478994 0.485401 0.478963 0.486273 0.478842 0.487413 0.478649 0.488645 0.478414 0.489781 0.478172 0.490647 0.477961 0.491110 0.477812 0.491103 0.477749 0.485460 0.431478 0.485454 0.431434 0.485152 0.429855 0.482964 0.426798 0.482257 0.426909 0.480954 0.427139 0.479252 0.427454 0.477410 0.427806 0.475704 0.428142 0.474393 0.428411 0.473676 0.428573 0.473664 0.428602
0 0.584327 0.394940 0.584770 0.398683 0.585619 0.400046 0.612919 0.437796 0.613064 0.437812 0.613604 0.437571 0.614458 0.437109 0.615494 0.436496 0.616554 0.435826 0.617477 0.435202 0.618120 0.434719 0.618387 0.434450 0.596536 0.393268 0.595686 0.391903 0.592513 0.389850 0.592321 0.389890 0.591538 0.390311 0.590282 0.391047 0.588745 0.391988 0.587159 0.392989 0.585763 0.393902 0.584769 0.394587
0 0.298192 0.616667 0.300867 0.619330 0.302391 0.619869 0.347589 0.632438 0.347645 0.632290 0.347861 0.631705 0.348203 0.630771 0.348618 0.629631 0.349045 0.628458 0.349418 0.627428 0.349681 0.626698 0.349794 0.626380 0.306890 0.607754 0.305369 0.607215 0.301574 0.607581 0.301427 0.607769 0.301044 0.608622 0.300483 0.610011 0.299830 0.611724 0.299185 0.613499 0.298647 0.615062 0.298298 0.616175
0 0.867513 0.755177 0.867531 0.755866 0.867686 0.756898 0.867956 0.758118 0.868300 0.759339 0.868664 0.760378 0.868995 0.761077 0.869242 0.761328 0.916329 0.755063 0.917929 0.754736 0.920914 0.752438 0.921166 0.752072 0.921190 0.751028 0.920982 0.749465 0.920574 0.747621 0.920028 0.745780 0.919429 0.744226 0.918868 0.743194 0.918430 0.742841 0.914623 0.741940 0.913027 0.742268 0.867636 0.754936
0 0.302001 0.720300 0.302325 0.721032 0.303097 0.722174 0.304199 0.723553 0.305462 0.724957 0.306692 0.726170 0.307701 0.727006 0.308334 0.727338 0.311930 0.726229 0.313138 0.725138 0.346016 0.691169 0.346090 0.691055 0.345839 0.690594 0.345300 0.689857 0.344557 0.688957 0.343722 0.688028 0.342921 0.687213 0.342275 0.686634 0.341883 0.686380 0.304917 0.715481 0.303710 0.716570 0.303485 0.716844
0 0.570960 0.860493 0.571147 0.860889 0.571821 0.861776 0.572879 0.863020 0.574161 0.864431 0.575470 0.865792 0.576604 0.866895 0.577390 0.867569 0.577708 0.867714 0.581281 0.866494 0.582432 0.865353 0.613467 0.829957 0.613305 0.829722 0.612824 0.829159 0.612097 0.828356 0.611236 0.827435 0.610371 0.826535 0.609632 0.825792 0.609132 0.825319 0.608947 0.825188 0.573430 0.855734 0.572280 0.856872
0 0.060671 0.576309 0.060802 0.577146 0.061226 0.578180 0.061877 0.579252 0.062655 0.580198 0.063442 0.580874 0.064118 0.581177 0.064579 0.581061 0.105186 0.559762 0.106525 0.558935 0.108448 0.555853 0.108660 0.555110 0.108418 0.553877 0.107761 0.552343 0.106788 0.550740 0.105645 0.549309 0.104506 0.548266 0.103542 0.547771 0.099986 0.548162 0.099125 0.548336 0.097784 0.549165 0.060852 0.575796
0 0.872640 0.740146 0.873500 0.742497 0.875195 0.744340 0.875626 0.744620 0.877899 0.745675 0.891687 0.750901 0.892982 0.750955 0.894199 0.750509 0.895154 0.749631 0.895699 0.748456 0.895753 0.747160 0.895308 0.745943 0.894430 0.744989 0.883203 0.734245 0.882764 0.733977 0.880493 0.732923 0.877992 0.732818 0.875641 0.733679 0.873798 0.735374 0.872744 0.737645
0 0.414618 0.531222 0.437069 0.572031 0.437938 0.573383 0.441134 0.575398 0.441283 0.575403 0.442023 0.575016 0.443240 0.574298 0.444749 0.573356 0.446322 0.572335 0.447722 0.571387 0.448737 0.570656 0.449213 0.570254 0.448711 0.566531 0.447842 0.565182 0.420015 0.527839 0.419897 0.527793 0.419386 0.528012 0.418559 0.528463 0.417541 0.529077 0.416489 0.529760 0.415564 0.530408 0.414907 0.530921
0 0.369540 0.484646 0.369568 0.485810 0.369673 0.486707 0.369838 0.487200 0.415822 0.492269 0.416142 0.492291 0.417736 0.492358 0.421153 0.490922 0.421398 0.490220 0.421617 0.488908 0.421778 0.487184 0.421857 0.485310 0.421841 0.483568 0.421733 0.482221 0.421550 0.481475 0.418265 0.479767 0.417949 0.479723 0.416352 0.479657 0.370103 0.480911 0.369897 0.481371 0.369718 0.482242 0.369593 0.483393
0 0.298429 0.447961 0.300693 0.450974 0.302122 0.451738 0.344996 0.471063 0.345060 0.471048 0.345346 0.470614 0.345809 0.469826 0.346379 0.468805 0.346971 0.467705 0.347494 0.466693 0.347869 0.465922 0.348039 0.465509 0.308295 0.440645 0.306869 0.439881 0.306672 0.439855 0.302913 0.439622 0.302430 0.440239 0.301689 0.441400 0.300804 0.442930 0.299910 0.444593 0.299144 0.446134 0.298624 0.447317
0 0.055539 0.465103 0.055756 0.465594 0.094494 0.489543 0.095891 0.490276 0.096763 0.490371 0.100339 0.490510 0.101265 0.489936 0.102328 0.488806 0.103365 0.487292 0.104222 0.485624 0.104768 0.484052 0.104921 0.482814 0.104656 0.482098 0.102518 0.479159 0.101123 0.478429 0.059099 0.460068 0.058630 0.459994 0.057978 0.460352 0.057240 0.461088 0.056531 0.462091 0.055958 0.463207 0.055610 0.464265
0 0.705927 0.597859 0.707500 0.601320 0.707781 0.601329 0.708763 0.601355 0.710298 0.601394 0.712151 0.601440 0.714039 0.601486 0.715671 0.601525 0.716797 0.601551 0.717246 0.601560 0.718921 0.598173 0.718943 0.596561 0.716342 0.549855 0.716042 0.549807 0.715294 0.549757 0.714210 0.549713 0.712956 0.549682 0.711724 0.549669 0.710703 0.549676 0.710048 0.549701 0.709859 0.549741 0.705950 0.596250
0 0.156223 0.475933 0.156269 0.476271 0.156712 0.476851 0.157486 0.477584 0.158473 0.478359 0.159521 0.479056 0.160470 0.479569 0.161175 0.479820 0.161529 0.479772 0.192119 0.445099 0.193085 0.443834 0.193817 0.440176 0.193702 0.439714 0.193003 0.438881 0.191827 0.437804 0.190352 0.436646 0.188800 0.435581 0.187405 0.434771 0.186380 0.434338 0.185880 0.434350 0.182501 0.436071 0.181534 0.437339
0 0.183337 0.705408 0.183486 0.705712 0.224349 0.727069 0.225809 0.727704 0.229601 0.727554 0.230080 0.727298 0.230798 0.726399 0.231646 0.724994 0.232495 0.723298 0.233216 0.721567 0.233702 0.720061 0.233878 0.719009 0.233717 0.718570 0.231303 0.715730 0.229845 0.715097 0.186266 0.699755 0.185908 0.699901 0.185392 0.700478 0.184797 0.701400 0.184213 0.702527 0.183731 0.703684 0.183423 0.704697
0 0.559176 0.617007 0.560838 0.620293 0.561080 0.620613 0.562337 0.621596 0.600566 0.647479 0.601007 0.647272 0.601666 0.646706 0.602443 0.645865 0.603219 0.644880 0.603874 0.643900 0.604310 0.643075 0.604459 0.642532 0.604300 0.642353 0.569885 0.611372 0.568631 0.610389 0.565023 0.609577 0.564406 0.609934 0.563454 0.610817 0.562312 0.612092 0.561152 0.613566 0.560149 0.615017 0.559455 0.616225
0 0.781660 0.319972 0.781911 0.320152 0.782608 0.320405 0.783643 0.320695 0.784859 0.320976 0.786074 0.321206 0.787102 0.321351 0.787787 0.321387 0.788025 0.321310 0.802344 0.276224 0.802729 0.274642 0.801946 0.270956 0.801592 0.270624 0.800558 0.270193 0.799002 0.269730 0.797162 0.269305 0.795321 0.268983 0.793762 0.268815 0.792721 0.268825 0.792357 0.269011 0.789947 0.272044 0.789564 0.273622
0 0.074576 0.800253 0.084824 0.846263 0.085288 0.847817 0.087876 0.850571 0.088014 0.850671 0.088864 0.850506 0.090296 0.850100 0.092092 0.849516 0.093975 0.848842 0.095656 0.848184 0.096879 0.847641 0.097458 0.847296 0.098065 0.843455 0.097600 0.841905 0.080962 0.798118 0.080876 0.798095 0.080318 0.798238 0.079374 0.798524 0.078187 0.798911 0.076936 0.799339 0.075810 0.799744 0.074982 0.800065
0 0.467205 0.624652 0.467390 0.625210 0.467807 0.626364 0.468392 0.627937 0.469057 0.629691 0.469701 0.631362 0.470227 0.632697 0.470555 0.633493 0.470634 0.633628 0.474402 0.633895 0.475905 0.633316 0.518228 0.613579 0.518146 0.613197 0.517900 0.612419 0.517526 0.611362 0.517081 0.610189 0.516634 0.609080 0.516254 0.608203 0.515998 0.607693 0.515904 0.607627 0.471325 0.621354 0.469824 0.621931
0 0.042577 0.335214 0.042596 0.335360 0.043075 0.335701 0.043945 0.336186 0.045070 0.336740 0.046279 0.337278 0.047387 0.337718 0.048225 0.337994 0.048665 0.338063 0.071216 0.297432 0.071891 0.295979 0.071806 0.292166 0.071742 0.292001 0.070996 0.291532 0.069683 0.290830 0.068000 0.290001 0.066202 0.289172 0.064559 0.288466 0.063323 0.287992 0.062680 0.287821 0.059723 0.290191 0.059048 0.291648
0 0.720956 0.170057 0.721056 0.171622 0.721307 0.172643 0.721672 0.172961 0.724912 0.174783 0.726496 0.174865 0.772598 0.173964 0.772926 0.173677 0.773246 0.172931 0.773511 0.171840 0.773678 0.170571 0.773723 0.169318 0.773638 0.168272 0.773437 0.167593 0.773151 0.167385 0.727522 0.161674 0.725935 0.161590 0.722435 0.163065 0.722010 0.163511 0.721593 0.164642 0.721247 0.166281 0.721023 0.168182
0 0.351974 0.605189 0.352044 0.606005 0.352247 0.607399 0.352553 0.609157 0.352915 0.611011 0.353277 0.612675 0.353583 0.613893 0.353788 0.614481 0.357450 0.615380 0.359037 0.615063 0.404337 0.602781 0.404340 0.602705 0.404250 0.602166 0.404083 0.601246 0.403863 0.600085 0.403624 0.598860 0.403402 0.597754 0.403230 0.596937 0.403135 0.596532 0.356709 0.602522 0.355125 0.602837 0.352048 0.605072
0 0.646941 0.762687 0.647094 0.763926 0.648995 0.774014 0.649171 0.774338 0.650446 0.776588 0.652485 0.778179 0.654978 0.778868 0.657544 0.778551 0.659794 0.777276 0.661385 0.775237 0.662075 0.772744 0.661757 0.770178 0.660483 0.767927 0.660293 0.767611 0.652556 0.760831 0.651572 0.760063 0.650368 0.759730 0.649129 0.759883 0.648042 0.760499 0.647274 0.761483
0 0.102062 0.683554 0.102149 0.684649 0.102397 0.685420 0.102768 0.685750 0.147864 0.692703 0.149438 0.692832 0.152994 0.691490 0.153586 0.691242 0.154182 0.690296 0.154693 0.688798 0.155041 0.686976 0.155174 0.685106 0.155072 0.683468 0.154750 0.682311 0.154257 0.681811 0.151127 0.679929 0.149556 0.679801 0.103653 0.679317 0.103215 0.679471 0.102775 0.680093 0.102402 0.681087 0.102151 0.682303
0 0.146108 0.913652 0.146216 0.913760 0.183299 0.941824 0.184644 0.942696 0.188414 0.943113 0.188940 0.942585 0.189800 0.941485 0.190862 0.939982 0.191965 0.938303 0.192943 0.936703 0.193648 0.935422 0.193974 0.934655 0.192065 0.931428 0.191923 0.931241 0.190580 0.930372 0.149883 0.908069 0.149499 0.908389 0.148893 0.909095 0.148157 0.910079 0.147405 0.911191 0.146751 0.912262 0.146295 0.913126
0 0.793981 0.167887 0.794093 0.169131 0.794673 0.170237 0.795632 0.171037 0.796824 0.171409 0.798068 0.171296 0.799174 0.170717 0.811511 0.162003 0.811879 0.161603 0.813536 0.159617 0.814306 0.157148 0.814073 0.154572 0.812872 0.152282 0.810886 0.150625 0.808417 0.149855 0.805842 0.150088 0.803551 0.151289 0.803192 0.151701 0.801538 0.153685 0.794353 0.166695
