0 0.152940 0.691029 0.155266 0.694002 0.156723 0.694714 0.200426 0.712389 0.200618 0.712162 0.201012 0.711525 0.201547 0.710577 0.202142 0.709462 0.202708 0.708349 0.203158 0.707406 0.203424 0.706775 0.203466 0.706555 0.162892 0.683055 0.161437 0.682343 0.157574 0.682286 0.157227 0.682589 0.156580 0.683512 0.155729 0.684918 0.154805 0.686591 0.153950 0.688275 0.153295 0.689710 0.152941 0.690677
0 0.112329 0.418988 0.112492 0.419727 0.112931 0.420708 0.113579 0.421782 0.114338 0.422784 0.115091 0.423560 0.115722 0.423993 0.116137 0.424017 0.156889 0.402534 0.158234 0.401698 0.160184 0.398561 0.160333 0.398010 0.160045 0.396924 0.159364 0.395468 0.158395 0.393863 0.157282 0.392349 0.156194 0.391157 0.155296 0.390467 0.154725 0.390386 0.150950 0.390803 0.149603 0.391641 0.112468 0.418604
0 0.825858 0.184076 0.826022 0.185691 0.834059 0.231982 0.834249 0.232069 0.834909 0.232074 0.835937 0.231996 0.837177 0.231848 0.838442 0.231652 0.839540 0.231438 0.840304 0.231237 0.840617 0.231081 0.839161 0.183802 0.838997 0.182183 0.837003 0.178981 0.836719 0.178784 0.835724 0.178726 0.834171 0.178816 0.832295 0.179040 0.830387 0.179363 0.828739 0.179736 0.827602 0.180102 0.827148 0.180405
0 0.858408 0.349130 0.858468 0.349564 0.859852 0.353030 0.861034 0.354092 0.897509 0.382411 0.897927 0.382362 0.898629 0.381954 0.899507 0.381249 0.900428 0.380354 0.901250 0.379407 0.901848 0.378552 0.902130 0.377920 0.902054 0.377608 0.870083 0.344409 0.868900 0.343344 0.865252 0.342295 0.864667 0.342423 0.863656 0.343084 0.862375 0.344176 0.861017 0.345532 0.859787 0.346949 0.858871 0.348212
0 0.364983 0.625386 0.365576 0.627903 0.367088 0.630002 0.369288 0.631362 0.371841 0.631777 0.374358 0.631183 0.376456 0.629671 0.376602 0.629518 0.377961 0.627321 0.379008 0.621981 0.379208 0.620748 0.378921 0.619533 0.378191 0.618520 0.377129 0.617863 0.375897 0.617663 0.371525 0.618388 0.369011 0.618981 0.366915 0.620491 0.366758 0.620634 0.365397 0.622833
0 0.570837 0.359912 0.570857 0.360053 0.616000 0.371914 0.617581 0.372214 0.621253 0.371276 0.621588 0.369591 0.622273 0.366127 0.622910 0.362899 0.623087 0.362000 0.623128 0.361790 0.620074 0.359568 0.618490 0.359267 0.572058 0.353737 0.571948 0.354071 0.571763 0.354837 0.571531 0.355918 0.571288 0.357148 0.571070 0.358340 0.570912 0.359310
0 0.442722 0.676738 0.442754 0.677040 0.444908 0.680152 0.446295 0.680953 0.488005 0.701290 0.488306 0.701083 0.488800 0.700476 0.489412 0.699563 0.490048 0.698482 0.490612 0.697400 0.491016 0.696481 0.491200 0.695866 0.491135 0.695648 0.452640 0.669686 0.451256 0.668886 0.447520 0.668591 0.447119 0.668942 0.446419 0.669880 0.445526 0.671261 0.444574 0.672878 0.443707 0.674485 0.443057 0.675840
0 0.708032 0.696782 0.708507 0.697937 0.712899 0.706556 0.714722 0.708386 0.714976 0.708633 0.717363 0.709628 0.719949 0.709634 0.722341 0.708650 0.724173 0.706825 0.725168 0.704438 0.725174 0.701852 0.724190 0.699460 0.722365 0.697627 0.722102 0.697394 0.712956 0.693508 0.711803 0.693027 0.710555 0.693024 0.709400 0.693500 0.708515 0.694381 0.708034 0.695533
0 0.804808 0.393207 0.804929 0.393606 0.805358 0.394303 0.806032 0.395192 0.806847 0.396138 0.807680 0.396998 0.808406 0.397642 0.808913 0.397972 0.809125 0.397936 0.847254 0.369697 0.848498 0.368639 0.850047 0.365211 0.849922 0.364574 0.849316 0.363493 0.848320 0.362133 0.847088 0.360702 0.845808 0.359421 0.844677 0.358485 0.843868 0.358038 0.840258 0.359074 0.839778 0.359215 0.838538 0.360272
0 0.659883 0.390678 0.659958 0.392552 0.660157 0.394227 0.660452 0.395450 0.660796 0.396034 0.664178 0.397514 0.665766 0.397458 0.711733 0.392650 0.712006 0.392551 0.712240 0.391979 0.712398 0.391022 0.712457 0.389826 0.712407 0.388572 0.712256 0.387454 0.712027 0.386643 0.711755 0.386261 0.665729 0.384654 0.664137 0.384709 0.663675 0.384922 0.660419 0.386587 0.660132 0.387451 0.659944 0.388887
0 0.391131 0.305250 0.391651 0.306787 0.409701 0.350271 0.409754 0.350324 0.410256 0.350221 0.411131 0.349978 0.412244 0.349631 0.413428 0.349233 0.414503 0.348845 0.415306 0.348524 0.415716 0.348321 0.403735 0.302958 0.403217 0.301424 0.403098 0.301229 0.400515 0.298490 0.399745 0.298581 0.398414 0.298899 0.396724 0.299398 0.394934 0.299999 0.393319 0.300611 0.392127 0.301140 0.391540 0.301505
0 0.241736 0.698671 0.272610 0.733503 0.273758 0.734625 0.277347 0.735829 0.277738 0.735600 0.278593 0.734867 0.279781 0.733743 0.281121 0.732400 0.282412 0.731039 0.283458 0.729866 0.284102 0.729059 0.284244 0.728740 0.282957 0.725179 0.281811 0.724059 0.246355 0.693989 0.246067 0.694104 0.245471 0.694559 0.244656 0.695284 0.243748 0.696169 0.242884 0.697079 0.242199 0.697874 0.241795 0.698433
0 0.355824 0.474251 0.373978 0.516950 0.374706 0.518377 0.377690 0.520701 0.377913 0.520786 0.378756 0.520534 0.380091 0.519985 0.381715 0.519223 0.383381 0.518362 0.384839 0.517532 0.385869 0.516860 0.386313 0.516446 0.386203 0.512710 0.385477 0.511285 0.361579 0.471462 0.361416 0.471362 0.360840 0.471489 0.359936 0.471825 0.358844 0.472318 0.357730 0.472894 0.356764 0.473464 0.356095 0.473940
0 0.522909 0.142088 0.522930 0.142481 0.543063 0.183902 0.543853 0.185273 0.546905 0.187327 0.547530 0.187463 0.548685 0.187185 0.550194 0.186536 0.551828 0.185616 0.553341 0.184561 0.554505 0.183532 0.555142 0.182685 0.555154 0.182148 0.554847 0.178364 0.554054 0.176991 0.528393 0.138997 0.527961 0.138867 0.527177 0.139022 0.526161 0.139439 0.525068 0.140055 0.524066 0.140775 0.523308 0.141489
0 0.154048 0.294862 0.154869 0.297314 0.156566 0.299266 0.156972 0.299503 0.159284 0.300655 0.171419 0.304175 0.172665 0.304262 0.173849 0.303865 0.174791 0.303046 0.175348 0.301928 0.175435 0.300682 0.175039 0.299498 0.174219 0.298556 0.165076 0.289032 0.164680 0.288782 0.162365 0.287629 0.159785 0.287449 0.157333 0.288270 0.155381 0.289967 0.154228 0.292282
0 0.606430 0.260224 0.606465 0.260890 0.606541 0.261914 0.606646 0.263141 0.606765 0.264384 0.606879 0.265456 0.606971 0.266194 0.607027 0.266485 0.653818 0.264787 0.655425 0.264616 0.658706 0.262635 0.658792 0.262329 0.658804 0.261327 0.658738 0.259780 0.658606 0.257924 0.658427 0.256044 0.658228 0.254429 0.658041 0.253326 0.657894 0.252904 0.654336 0.251644 0.652726 0.251815 0.606440 0.260019
0 0.231046 0.141714 0.231318 0.144286 0.232554 0.146558 0.232870 0.146976 0.244184 0.156630 0.245155 0.157415 0.246352 0.157769 0.247594 0.157638 0.248691 0.157041 0.249477 0.156071 0.249831 0.154873 0.249699 0.153631 0.244279 0.140773 0.243045 0.138503 0.242741 0.138076 0.240730 0.136449 0.238250 0.135716 0.235678 0.135988 0.233406 0.137224 0.231779 0.139234
0 0.421458 0.726410 0.422752 0.729971 0.423888 0.731092 0.459005 0.761170 0.459367 0.761103 0.460013 0.760686 0.460844 0.759981 0.461735 0.759097 0.462547 0.758169 0.463157 0.757340 0.463472 0.756735 0.463445 0.756446 0.432848 0.721681 0.431713 0.720561 0.428183 0.719355 0.427679 0.719507 0.426742 0.720171 0.425516 0.721246 0.424185 0.722567 0.422950 0.723937 0.421998 0.725148 0.421473 0.726017
0 0.054305 0.174712 0.072262 0.216331 0.072987 0.217724 0.073830 0.218377 0.076651 0.220510 0.077864 0.220619 0.079475 0.220336 0.081241 0.219704 0.082895 0.218819 0.084187 0.217815 0.084922 0.216842 0.084987 0.216048 0.084941 0.212431 0.084217 0.211041 0.060288 0.172109 0.059855 0.171742 0.059032 0.171628 0.057943 0.171786 0.056755 0.172192 0.055649 0.172784 0.054795 0.173471 0.054323 0.174148
0 0.797107 0.636477 0.797960 0.640029 0.798967 0.641246 0.830677 0.674539 0.831027 0.674760 0.831718 0.674655 0.832645 0.674242 0.833668 0.673581 0.834629 0.672775 0.835381 0.671947 0.835809 0.671223 0.835849 0.670714 0.809282 0.633515 0.808274 0.632295 0.807615 0.631930 0.804351 0.630400 0.803348 0.630611 0.801987 0.631272 0.800474 0.632282 0.799037 0.633487 0.797893 0.634707 0.797215 0.635757
0 0.445340 0.119674 0.445422 0.120090 0.460603 0.163448 0.461227 0.164897 0.463985 0.167267 0.464737 0.167505 0.466027 0.167384 0.467658 0.166921 0.469385 0.166188 0.470946 0.165295 0.472106 0.164377 0.472689 0.163572 0.472826 0.159972 0.472712 0.159207 0.472087 0.157756 0.451134 0.117213 0.450622 0.117013 0.449752 0.117062 0.448655 0.117355 0.447501 0.117845 0.446465 0.118458 0.445706 0.119100
0 0.539980 0.711031 0.540065 0.712653 0.540231 0.714521 0.540454 0.716354 0.540699 0.717874 0.540931 0.718850 0.541112 0.719133 0.544674 0.720413 0.546269 0.720253 0.592065 0.712408 0.592176 0.712099 0.592215 0.711344 0.592176 0.710260 0.592065 0.709010 0.591898 0.707788 0.591702 0.706779 0.591506 0.706138 0.591341 0.705961 0.544899 0.707323 0.543306 0.707482 0.540091 0.709433 0.539989 0.709900
0 0.875981 0.933426 0.876222 0.935286 0.876685 0.937223 0.877301 0.938942 0.877977 0.940184 0.878610 0.940758 0.882239 0.941909 0.883801 0.941669 0.928365 0.931412 0.928735 0.931282 0.928951 0.930667 0.928982 0.929661 0.928821 0.928417 0.928493 0.927126 0.928050 0.925985 0.927558 0.925169 0.927093 0.924801 0.881331 0.928405 0.879772 0.928643 0.879114 0.928907 0.876274 0.931002 0.875999 0.931922
0 0.304503 0.320838 0.304589 0.321927 0.304789 0.323165 0.305073 0.324364 0.305396 0.325340 0.305710 0.325944 0.305967 0.326085 0.352035 0.321467 0.353605 0.321198 0.356639 0.319033 0.356817 0.318528 0.356829 0.317374 0.356674 0.315749 0.356375 0.313897 0.355977 0.312098 0.355540 0.310624 0.355131 0.309698 0.354811 0.309463 0.351162 0.308442 0.349589 0.308712 0.304706 0.319729 0.304544 0.320067
0 0.236340 0.652448 0.236509 0.652805 0.279899 0.668320 0.281433 0.668749 0.285170 0.668105 0.285580 0.667912 0.286145 0.667039 0.286778 0.665623 0.287383 0.663877 0.287869 0.662065 0.288163 0.660461 0.288220 0.659307 0.288030 0.658780 0.285252 0.656320 0.283721 0.655892 0.238455 0.646616 0.238140 0.646725 0.237724 0.647290 0.237271 0.648224 0.236850 0.649386 0.236524 0.650597 0.236346 0.651673
0 0.469330 0.721117 0.469518 0.721736 0.469960 0.722635 0.470591 0.723677 0.471314 0.724703 0.472018 0.725554 0.472595 0.726102 0.472957 0.726262 0.512715 0.702655 0.514028 0.701746 0.515924 0.698467 0.516006 0.698128 0.515668 0.697228 0.514962 0.695905 0.513996 0.694361 0.512915 0.692828 0.511883 0.691537 0.511056 0.690684 0.510559 0.690400 0.506881 0.690988 0.505571 0.691896 0.469427 0.720871
0 0.211225 0.471424 0.211553 0.517988 0.211787 0.518118 0.212484 0.518257 0.213539 0.518386 0.214789 0.518483 0.216044 0.518534 0.217112 0.518531 0.217829 0.518475 0.218087 0.518374 0.224317 0.472280 0.224420 0.470681 0.223004 0.467172 0.222639 0.467040 0.221585 0.466880 0.220004 0.466714 0.218134 0.466569 0.216257 0.466466 0.214657 0.466421 0.213577 0.466441 0.213182 0.466523 0.211327 0.469821
0 0.300622 0.073161 0.300865 0.073595 0.334828 0.104374 0.336065 0.105345 0.339629 0.106080 0.340368 0.106080 0.341419 0.105474 0.342621 0.104354 0.343794 0.102891 0.344761 0.101304 0.345375 0.099834 0.345543 0.098703 0.345237 0.098085 0.343537 0.094683 0.342296 0.093711 0.304559 0.068250 0.304037 0.068219 0.303312 0.068600 0.302495 0.069336 0.301711 0.070315 0.301079 0.071386 0.300697 0.072386
0 0.866799 0.520144 0.886439 0.562758 0.887219 0.564179 0.890346 0.566458 0.890811 0.566435 0.891879 0.566076 0.893389 0.565434 0.895111 0.564608 0.896780 0.563725 0.898139 0.562919 0.898981 0.562315 0.899178 0.562004 0.898990 0.558236 0.898208 0.556813 0.872650 0.517142 0.872357 0.517201 0.871664 0.517480 0.870677 0.517935 0.869546 0.518497 0.868443 0.519082 0.867533 0.519600 0.866956 0.519973
0 0.209627 0.583798 0.209735 0.584380 0.212786 0.586588 0.214384 0.586888 0.261286 0.592403 0.261415 0.592305 0.261626 0.591745 0.261886 0.590809 0.262156 0.589639 0.262393 0.588413 0.262564 0.587316 0.262642 0.586515 0.262614 0.586130 0.217130 0.574330 0.215535 0.574031 0.211801 0.574961 0.211539 0.575086 0.211159 0.575909 0.210719 0.577308 0.210285 0.579070 0.209925 0.580923 0.209694 0.582585
0 0.141412 0.622402 0.141543 0.624182 0.141832 0.626048 0.142235 0.627714 0.142690 0.628924 0.143128 0.629493 0.146740 0.630535 0.148354 0.630279 0.194654 0.619719 0.194843 0.619625 0.194944 0.619065 0.194942 0.618126 0.194837 0.616951 0.194646 0.615717 0.194397 0.614611 0.194128 0.613801 0.193880 0.613410 0.146885 0.617619 0.145275 0.617874 0.144807 0.618059 0.141678 0.620137 0.141460 0.620982
0 0.034277 0.341953 0.034380 0.343024 0.034789 0.344563 0.035443 0.346335 0.036239 0.348067 0.037056 0.349494 0.037769 0.350397 0.038270 0.350641 0.042169 0.351007 0.043708 0.350464 0.087001 0.331728 0.087103 0.331445 0.087001 0.330742 0.086712 0.329728 0.086281 0.328557 0.085771 0.327404 0.085260 0.326446 0.084826 0.325827 0.084535 0.325642 0.038684 0.338293 0.037142 0.338836 0.034495 0.341513
0 0.745071 0.557537 0.745867 0.561227 0.746232 0.561440 0.747263 0.561793 0.748805 0.562232 0.750624 0.562690 0.752446 0.563098 0.753995 0.563395 0.755036 0.563536 0.755410 0.563498 0.757793 0.560559 0.758165 0.558997 0.765746 0.513091 0.765520 0.512909 0.764843 0.512643 0.763817 0.512333 0.762601 0.512027 0.761380 0.511771 0.760341 0.511605 0.759642 0.511554 0.759390 0.511626 0.745443 0.555979
0 0.149297 0.924079 0.149342 0.925157 0.149790 0.926647 0.150572 0.928323 0.151569 0.929926 0.152628 0.931212 0.153585 0.931981 0.154296 0.932120 0.158024 0.931673 0.159413 0.930792 0.198060 0.902473 0.198257 0.902159 0.198187 0.901462 0.197859 0.900491 0.197326 0.899392 0.196666 0.898331 0.195981 0.897470 0.195374 0.896938 0.194936 0.896818 0.153225 0.919410 0.151837 0.920289 0.151358 0.920952
0 0.044450 0.884206 0.044566 0.885455 0.044862 0.886474 0.045291 0.887107 0.045788 0.887258 0.091163 0.887127 0.092730 0.887008 0.096025 0.885095 0.096693 0.884568 0.097242 0.883366 0.097589 0.881674 0.097682 0.879749 0.097508 0.877881 0.097093 0.876352 0.096499 0.875394 0.093373 0.874077 0.092457 0.873753 0.090893 0.873873 0.045694 0.880642 0.045204 0.880990 0.044795 0.881789 0.044530 0.882918
0 0.520180 0.621467 0.520360 0.622024 0.520749 0.622906 0.521287 0.623978 0.521893 0.625077 0.522474 0.626033 0.522940 0.626701 0.523221 0.626978 0.565529 0.607615 0.566940 0.606848 0.569179 0.603802 0.569197 0.603602 0.568868 0.602789 0.568240 0.601487 0.567410 0.599894 0.566504 0.598252 0.565658 0.596807 0.565000 0.595779 0.564630 0.595323 0.560881 0.595542 0.559473 0.596308 0.520236 0.621318
0 0.495661 0.258130 0.495680 0.258429 0.501348 0.304264 0.501650 0.305822 0.503837 0.308774 0.504560 0.308990 0.505876 0.309009 0.507583 0.308827 0.509426 0.308474 0.511124 0.308001 0.512422 0.307481 0.513123 0.306992 0.514026 0.303446 0.514020 0.302928 0.513716 0.301367 0.501843 0.256943 0.501359 0.256756 0.500478 0.256711 0.499334 0.256815 0.498102 0.257051 0.496971 0.257384 0.496114 0.257763
0 0.470322 0.731923 0.470731 0.734395 0.472833 0.741289 0.473518 0.742389 0.474572 0.743144 0.475835 0.743438 0.477114 0.743226 0.478215 0.742541 0.478969 0.741486 0.482595 0.734777 0.483163 0.732336 0.483182 0.732069 0.482773 0.729599 0.481450 0.727474 0.479414 0.726017 0.476975 0.725450 0.474505 0.725859 0.472380 0.727182 0.470923 0.729218 0.470356 0.731657
0 0.573176 0.202369 0.573851 0.203843 0.596297 0.245062 0.596618 0.244998 0.597331 0.244729 0.598329 0.244296 0.599459 0.243765 0.600552 0.243217 0.601440 0.242733 0.601990 0.242389 0.602117 0.242235 0.585482 0.198101 0.584806 0.196624 0.581914 0.194206 0.581412 0.194239 0.580319 0.194597 0.578802 0.195226 0.577093 0.196029 0.575454 0.196882 0.574137 0.197655 0.573343 0.198230 0.573192 0.198520
