0 0.862642 0.418717 0.862797 0.418955 0.863364 0.419394 0.864257 0.419968 0.865340 0.420591 0.866449 0.421167 0.867416 0.421609 0.868095 0.421851 0.868382 0.421854 0.895282 0.382891 0.896113 0.381490 0.896431 0.377735 0.896239 0.377325 0.895414 0.376622 0.894081 0.375732 0.892444 0.374791 0.890754 0.373944 0.889271 0.373321 0.888222 0.373018 0.887765 0.373078 0.884563 0.375276 0.883735 0.376675
0 0.305974 0.111909 0.305991 0.112110 0.306159 0.113031 0.306452 0.114532 0.306826 0.116383 0.307223 0.118299 0.307582 0.119987 0.307848 0.121189 0.307981 0.121722 0.311685 0.122743 0.313270 0.122455 0.358491 0.110862 0.358447 0.110498 0.358312 0.109691 0.358105 0.108563 0.357859 0.107287 0.357611 0.106057 0.357399 0.105063 0.357255 0.104456 0.357201 0.104328 0.310604 0.109372 0.309015 0.109660
0 0.350369 0.927925 0.350853 0.929426 0.367922 0.971670 0.368295 0.971992 0.369077 0.972086 0.370149 0.971937 0.371348 0.971568 0.372490 0.971034 0.373399 0.970418 0.373938 0.969815 0.374025 0.969315 0.363112 0.924784 0.362629 0.923286 0.360073 0.920679 0.359524 0.920259 0.358362 0.920167 0.356763 0.920417 0.354971 0.920969 0.353254 0.921742 0.351873 0.922618 0.351037 0.923465 0.350875 0.924155
0 0.443575 0.356605 0.443683 0.356795 0.472893 0.392786 0.473980 0.393952 0.477427 0.395322 0.478062 0.395050 0.479116 0.394313 0.480430 0.393224 0.481806 0.391949 0.483035 0.390679 0.483933 0.389607 0.484361 0.388894 0.483222 0.385385 0.483077 0.385055 0.481987 0.383887 0.448192 0.352326 0.447744 0.352472 0.447021 0.352938 0.446131 0.353652 0.445211 0.354504 0.444402 0.355366 0.443828 0.356103
0 0.688296 0.272678 0.689038 0.276409 0.690000 0.277696 0.720460 0.312975 0.720709 0.312875 0.721319 0.312490 0.722198 0.311878 0.723213 0.311132 0.724207 0.310368 0.725028 0.309700 0.725552 0.309233 0.725698 0.309037 0.700449 0.269736 0.699485 0.268445 0.696130 0.266701 0.695790 0.266913 0.694906 0.267547 0.693615 0.268506 0.692113 0.269642 0.690626 0.270786 0.689379 0.271764 0.688561 0.272429
0 0.750256 0.590572 0.751692 0.637341 0.751853 0.638947 0.753821 0.642234 0.754150 0.642298 0.755174 0.642293 0.756739 0.642221 0.758604 0.642091 0.760485 0.641923 0.762092 0.641744 0.763179 0.641581 0.763581 0.641458 0.764864 0.637908 0.764701 0.636298 0.756742 0.590010 0.756520 0.590014 0.755839 0.590060 0.754804 0.590141 0.753571 0.590245 0.752327 0.590356 0.751260 0.590457 0.750533 0.590533
0 0.188087 0.795821 0.189587 0.799298 0.190812 0.800341 0.228416 0.827977 0.228568 0.827941 0.229031 0.827525 0.229732 0.826792 0.230565 0.825854 0.231402 0.824855 0.232115 0.823947 0.232595 0.823270 0.232771 0.822926 0.199605 0.790269 0.198383 0.789228 0.194688 0.788271 0.194501 0.788374 0.193842 0.789034 0.192811 0.790150 0.191566 0.791553 0.190293 0.793031 0.189185 0.794361 0.188410 0.795341
0 0.499983 0.898562 0.500105 0.899060 0.500422 0.900215 0.500886 0.901850 0.501426 0.903717 0.501960 0.905528 0.502405 0.907006 0.502693 0.907924 0.502781 0.908143 0.506520 0.908710 0.508059 0.908225 0.551640 0.890999 0.551622 0.890839 0.551461 0.890218 0.551182 0.889231 0.550828 0.888028 0.550452 0.886793 0.550112 0.885716 0.549861 0.884960 0.549735 0.884641 0.504321 0.895456 0.502784 0.895940
0 0.242611 0.480810 0.242782 0.481328 0.243339 0.482381 0.244197 0.483809 0.245225 0.485393 0.246264 0.486890 0.247155 0.488071 0.247762 0.488754 0.247994 0.488839 0.251788 0.488324 0.253152 0.487453 0.290837 0.459577 0.290683 0.459252 0.290285 0.458569 0.289701 0.457632 0.289022 0.456585 0.288349 0.455584 0.287785 0.454782 0.287415 0.454300 0.287296 0.454213 0.245984 0.476746 0.244617 0.477618
0 0.728100 0.771491 0.728113 0.772545 0.728362 0.774101 0.728808 0.775923 0.729384 0.777736 0.730004 0.779268 0.730574 0.780284 0.731006 0.780630 0.734729 0.781363 0.736270 0.780960 0.779940 0.766123 0.780133 0.765857 0.780157 0.765150 0.780009 0.764107 0.779711 0.762888 0.779308 0.761681 0.778863 0.760669 0.778444 0.760008 0.778114 0.759796 0.732688 0.768258 0.731149 0.768660 0.728325 0.771100
0 0.226140 0.814467 0.258989 0.847639 0.260200 0.848698 0.263857 0.849676 0.264271 0.849290 0.265114 0.848383 0.266258 0.847095 0.267529 0.845622 0.268735 0.844185 0.269695 0.843002 0.270263 0.842251 0.270352 0.842048 0.268862 0.838533 0.267653 0.837476 0.230494 0.809424 0.230189 0.809646 0.229598 0.810218 0.228811 0.811054 0.227949 0.812027 0.227142 0.812988 0.226515 0.813789 0.226163 0.814308
0 0.860380 0.730465 0.860461 0.731090 0.860702 0.731271 0.905200 0.748583 0.906766 0.749074 0.910487 0.748560 0.911096 0.748144 0.911793 0.747078 0.912472 0.745523 0.913027 0.743718 0.913373 0.741940 0.913458 0.740463 0.913270 0.739510 0.910477 0.737007 0.909905 0.736634 0.908342 0.736144 0.862310 0.725078 0.861946 0.725373 0.861515 0.726093 0.861084 0.727128 0.860717 0.728322 0.860469 0.729493
0 0.653844 0.900097 0.654097 0.903981 0.654351 0.904406 0.655256 0.905069 0.656675 0.905871 0.658392 0.906688 0.660143 0.907395 0.661659 0.907884 0.662708 0.908079 0.663130 0.907952 0.665888 0.905384 0.666477 0.903865 0.680485 0.858593 0.680292 0.858352 0.679671 0.857950 0.678716 0.857449 0.677573 0.856925 0.676416 0.856457 0.675418 0.856117 0.674731 0.855955 0.674461 0.855996 0.654432 0.898580
0 0.793120 0.474618 0.793932 0.476986 0.795589 0.478863 0.797838 0.479964 0.800337 0.480119 0.800681 0.480097 0.803052 0.479284 0.811810 0.475699 0.812782 0.474841 0.813352 0.473676 0.813432 0.472382 0.813012 0.471156 0.812154 0.470184 0.810990 0.469614 0.801466 0.467520 0.798964 0.467364 0.798621 0.467402 0.796253 0.468214 0.794376 0.469871 0.793276 0.472119
0 0.381650 0.594560 0.381850 0.595022 0.382383 0.595730 0.383168 0.596577 0.384085 0.597432 0.384995 0.598165 0.385756 0.598664 0.386255 0.598852 0.386414 0.598703 0.419969 0.567252 0.420228 0.567009 0.421315 0.565842 0.422440 0.562317 0.422091 0.561664 0.421255 0.560636 0.420061 0.559388 0.418689 0.558109 0.417346 0.556991 0.416235 0.556205 0.415524 0.555869 0.412097 0.557248 0.411824 0.557474 0.410736 0.558644
0 0.329173 0.930221 0.329412 0.931495 0.330121 0.932580 0.331191 0.933312 0.332459 0.933579 0.333733 0.933340 0.334819 0.932631 0.335551 0.931561 0.343975 0.918466 0.344154 0.917986 0.344669 0.915536 0.344207 0.913076 0.342839 0.910979 0.340773 0.909566 0.338323 0.909051 0.335862 0.909513 0.333765 0.910881 0.332352 0.912947 0.332160 0.913421 0.331644 0.915874
0 0.192995 0.757467 0.193023 0.758721 0.193186 0.759790 0.193459 0.760510 0.193800 0.760772 0.239541 0.763604 0.241126 0.763589 0.244538 0.761920 0.245007 0.761565 0.245424 0.760520 0.245724 0.758944 0.245864 0.757078 0.245823 0.755203 0.245606 0.753602 0.245246 0.752516 0.244797 0.752113 0.241478 0.750515 0.239896 0.750531 0.194018 0.754250 0.193661 0.754479 0.193340 0.755171 0.193106 0.756220
0 0.519997 0.505303 0.520267 0.505722 0.520814 0.506436 0.521553 0.507338 0.522372 0.508288 0.523145 0.509141 0.523754 0.509767 0.524106 0.510071 0.561461 0.482126 0.562682 0.481077 0.564248 0.477642 0.564258 0.477589 0.563797 0.476995 0.562938 0.475953 0.561811 0.474620 0.560587 0.473200 0.559449 0.471904 0.558571 0.470930 0.558085 0.470426 0.554471 0.471454 0.553253 0.472502 0.520043 0.505243
0 0.064271 0.067233 0.064314 0.067958 0.090629 0.104440 0.091630 0.105638 0.092469 0.106472 0.095694 0.107899 0.096821 0.108010 0.098276 0.107596 0.099840 0.106719 0.101276 0.105513 0.102368 0.104159 0.102951 0.102861 0.102934 0.101817 0.102118 0.098367 0.101119 0.097171 0.069573 0.064362 0.069134 0.063909 0.068361 0.063798 0.067371 0.064047 0.066314 0.064618 0.065354 0.065425 0.064636 0.066344
0 0.425237 0.707977 0.459250 0.740198 0.460496 0.741225 0.464160 0.742138 0.464477 0.741804 0.465211 0.740939 0.466250 0.739675 0.467436 0.738205 0.468586 0.736756 0.469523 0.735549 0.470105 0.734770 0.470244 0.734534 0.468611 0.731092 0.467367 0.730068 0.429319 0.702950 0.429190 0.703078 0.428769 0.703570 0.428121 0.704352 0.427343 0.705303 0.426556 0.706279 0.425879 0.707131 0.425416 0.707727
0 0.589191 0.391723 0.589445 0.392488 0.590132 0.393674 0.591145 0.395100 0.592332 0.396553 0.593514 0.397811 0.594513 0.398686 0.595176 0.399043 0.598756 0.398160 0.599989 0.397154 0.633763 0.365519 0.633947 0.365346 0.633815 0.364814 0.633384 0.364004 0.632721 0.363039 0.631927 0.362068 0.631124 0.361239 0.630434 0.360679 0.629963 0.360472 0.592309 0.387089 0.591073 0.388096 0.590780 0.388404
0 0.683519 0.636818 0.684188 0.639230 0.685730 0.641203 0.685943 0.641365 0.688124 0.642599 0.695638 0.644351 0.696925 0.644509 0.698174 0.644162 0.699195 0.643364 0.699834 0.642236 0.699992 0.640949 0.699645 0.639700 0.695872 0.633607 0.694329 0.631632 0.694106 0.631481 0.691927 0.630248 0.689442 0.629943 0.687029 0.630612 0.685057 0.632154 0.683824 0.634333
0 0.059351 0.714493 0.059370 0.714969 0.059840 0.715583 0.060690 0.716241 0.061791 0.716843 0.062972 0.717297 0.064055 0.717533 0.064872 0.717515 0.065301 0.717248 0.089609 0.678351 0.090347 0.676959 0.090431 0.673301 0.090364 0.672639 0.089631 0.671760 0.088344 0.670798 0.086699 0.669898 0.084943 0.669195 0.083342 0.668795 0.082137 0.668761 0.081515 0.669099 0.078459 0.671363 0.077721 0.672757
0 0.645125 0.642851 0.645244 0.643063 0.645830 0.643316 0.646795 0.643574 0.647991 0.643796 0.649237 0.643948 0.650340 0.644007 0.651132 0.643964 0.651493 0.643826 0.660669 0.598431 0.660876 0.596845 0.659716 0.593241 0.659518 0.592990 0.658622 0.592672 0.657166 0.592334 0.655372 0.592029 0.653510 0.591802 0.651861 0.591687 0.650675 0.591701 0.650132 0.591844 0.648100 0.594976 0.647895 0.596560
0 0.244959 0.753404 0.246077 0.757023 0.247174 0.758194 0.281310 0.789779 0.281537 0.789754 0.282097 0.789387 0.282903 0.788732 0.283833 0.787891 0.284744 0.786991 0.285497 0.786171 0.285977 0.785555 0.286112 0.785238 0.256855 0.749152 0.255761 0.747983 0.252226 0.746626 0.251921 0.746717 0.251112 0.747307 0.249922 0.748307 0.248531 0.749566 0.247150 0.750893 0.245985 0.752088 0.245216 0.752970
0 0.748945 0.190817 0.749220 0.191136 0.749926 0.191530 0.750954 0.191940 0.752149 0.192303 0.753330 0.192564 0.754318 0.192684 0.754963 0.192645 0.755165 0.192451 0.772387 0.148037 0.772874 0.146474 0.772346 0.142752 0.771959 0.142211 0.770914 0.141569 0.769370 0.140924 0.767563 0.140376 0.765771 0.140008 0.764269 0.139876 0.763286 0.140001 0.760794 0.142806 0.760378 0.143282 0.759892 0.144843
0 0.719220 0.109930 0.719516 0.111531 0.731285 0.157143 0.731548 0.157256 0.732257 0.157240 0.733303 0.157100 0.734528 0.156856 0.735746 0.156545 0.736773 0.156214 0.737453 0.155914 0.737681 0.155689 0.732323 0.108534 0.732027 0.106929 0.729794 0.103895 0.729395 0.103659 0.728322 0.103632 0.726739 0.103816 0.724887 0.104186 0.723051 0.104683 0.721514 0.105231 0.720509 0.105746 0.720188 0.106150
0 0.458716 0.439686 0.458722 0.440120 0.458852 0.440958 0.459087 0.442070 0.459391 0.443287 0.459716 0.444422 0.460014 0.445303 0.460239 0.445794 0.460356 0.445821 0.506175 0.437527 0.507730 0.437134 0.510636 0.434762 0.510563 0.434117 0.510319 0.432869 0.509941 0.431211 0.509487 0.429390 0.509026 0.427684 0.508626 0.426349 0.508349 0.425588 0.508237 0.425519 0.504525 0.424814 0.502967 0.425208
0 0.437039 0.164535 0.437297 0.165655 0.437806 0.167223 0.438487 0.169000 0.439238 0.170719 0.439946 0.172120 0.440503 0.172991 0.440825 0.173199 0.444580 0.173414 0.446052 0.172798 0.487432 0.151913 0.487498 0.151569 0.487367 0.150811 0.487059 0.149754 0.486620 0.148559 0.486118 0.147410 0.485629 0.146482 0.485229 0.145917 0.484977 0.145801 0.441056 0.160577 0.439581 0.161194 0.437071 0.164034
0 0.674944 0.341722 0.682399 0.387503 0.682765 0.389058 0.685117 0.391971 0.685615 0.392061 0.686754 0.391959 0.688360 0.391681 0.690190 0.391269 0.691968 0.390785 0.693426 0.390303 0.694341 0.389895 0.694574 0.389623 0.695371 0.385921 0.695003 0.384364 0.681223 0.340115 0.680887 0.340013 0.680123 0.340048 0.679047 0.340216 0.677823 0.340492 0.676639 0.340832 0.675676 0.341186 0.675081 0.341498
0 0.705835 0.256876 0.728633 0.297305 0.729515 0.298639 0.732757 0.300562 0.733138 0.300519 0.734084 0.300068 0.735450 0.299276 0.737029 0.298264 0.738585 0.297185 0.739880 0.296202 0.740720 0.295463 0.740974 0.295081 0.740466 0.291328 0.739582 0.289992 0.711274 0.253193 0.711002 0.253183 0.710356 0.253455 0.709435 0.253968 0.708378 0.254645 0.707349 0.255381 0.706504 0.256063 0.705973 0.256588
0 0.591058 0.192513 0.633496 0.211605 0.635001 0.212159 0.638779 0.211792 0.638975 0.211520 0.639404 0.210586 0.640001 0.209134 0.640674 0.207383 0.641324 0.205598 0.641851 0.204048 0.642176 0.202968 0.642248 0.202524 0.639619 0.199800 0.638111 0.199247 0.593321 0.186333 0.593153 0.186494 0.592837 0.187102 0.592422 0.188065 0.591972 0.189236 0.591554 0.190435 0.591234 0.191479 0.591060 0.192208
0 0.775107 0.731447 0.775575 0.732604 0.782256 0.742396 0.784068 0.744237 0.784404 0.744526 0.786785 0.745535 0.789371 0.745556 0.791769 0.744586 0.793612 0.742772 0.794621 0.740390 0.794642 0.737804 0.793672 0.735407 0.791858 0.733564 0.791513 0.733288 0.780050 0.728201 0.778900 0.727714 0.777652 0.727704 0.776494 0.728172 0.775604 0.729048 0.775117 0.730198
0 0.316847 0.779674 0.317360 0.781178 0.335260 0.823529 0.335604 0.823721 0.336361 0.823707 0.337416 0.823489 0.338608 0.823099 0.339755 0.822598 0.340680 0.822062 0.341243 0.821573 0.341358 0.821206 0.329611 0.776599 0.329099 0.775097 0.326483 0.772476 0.325979 0.772251 0.324854 0.772320 0.323282 0.772673 0.321500 0.773256 0.319775 0.773981 0.318370 0.774738 0.317496 0.775414 0.317290 0.775905
0 0.797795 0.558406 0.798493 0.562026 0.799447 0.563292 0.829698 0.598069 0.830043 0.598223 0.830743 0.598074 0.831692 0.597643 0.832744 0.596996 0.833738 0.596232 0.834523 0.595467 0.834978 0.594819 0.835035 0.594387 0.810095 0.555846 0.809140 0.554578 0.805779 0.552815 0.805292 0.552644 0.804274 0.552923 0.802880 0.553611 0.801321 0.554601 0.799834 0.555744 0.798642 0.556868 0.797926 0.557802
0 0.064789 0.610539 0.064966 0.611351 0.065316 0.611745 0.109354 0.623408 0.110903 0.623702 0.111765 0.623511 0.115226 0.622609 0.115944 0.621770 0.116631 0.620365 0.117182 0.618606 0.117515 0.616760 0.117579 0.615105 0.117365 0.613892 0.116903 0.613304 0.114001 0.611109 0.112454 0.610816 0.066903 0.605471 0.066433 0.605550 0.065914 0.606095 0.065423 0.607025 0.065037 0.608196 0.064814 0.609431
0 0.061528 0.886656 0.061654 0.887429 0.062408 0.888445 0.063675 0.889550 0.065262 0.890573 0.066925 0.891358 0.068408 0.891784 0.069485 0.891788 0.072646 0.889782 0.073318 0.889227 0.074219 0.887850 0.097504 0.846435 0.097391 0.845956 0.096869 0.845309 0.096020 0.844593 0.094970 0.843916 0.093880 0.843381 0.092914 0.843068 0.092218 0.843026 0.091900 0.843261 0.062940 0.881561 0.062036 0.882939
0 0.233456 0.153618 0.234028 0.155152 0.253632 0.198559 0.253822 0.198749 0.254446 0.198759 0.255410 0.198590 0.256566 0.198266 0.257738 0.197837 0.258751 0.197368 0.259450 0.196930 0.259729 0.196589 0.246279 0.151282 0.245709 0.149750 0.245313 0.149282 0.242667 0.146621 0.241710 0.146540 0.240243 0.146747 0.238487 0.147210 0.236714 0.147859 0.235194 0.148593 0.234163 0.149300 0.233774 0.149873
0 0.059084 0.495235 0.059174 0.495403 0.059753 0.495635 0.060731 0.495896 0.061960 0.496146 0.063252 0.496346 0.064408 0.496466 0.065253 0.496488 0.065657 0.496408 0.077219 0.451450 0.077505 0.449875 0.076471 0.446225 0.076314 0.446033 0.075432 0.445733 0.073961 0.445368 0.072123 0.444995 0.070195 0.444669 0.068468 0.444440 0.067205 0.444343 0.066599 0.444393 0.064343 0.447439 0.064058 0.449016
0 0.434822 0.574308 0.435884 0.577937 0.436943 0.579141 0.469956 0.611831 0.470343 0.611668 0.471032 0.611201 0.471917 0.610503 0.472863 0.609679 0.473725 0.608856 0.474370 0.608159 0.474702 0.607696 0.474669 0.607536 0.446446 0.570594 0.445389 0.569391 0.441956 0.567901 0.441409 0.568200 0.440405 0.568940 0.439098 0.570006 0.437684 0.571238 0.436376 0.572450 0.435373 0.573459 0.434827 0.574112
