0 0.023842 0.544419 0.024980 0.547340 0.027150 0.549603 0.030020 0.550863 0.033154 0.550929 0.033956 0.550842 0.036872 0.549705 0.039132 0.547539 0.040390 0.544674 0.040456 0.541545 0.039319 0.538629 0.037154 0.536370 0.034288 0.535112 0.031159 0.535046 0.030352 0.535106 0.027431 0.536245 0.025168 0.538414 0.023908 0.541284
0 0.964882 0.410392 0.965158 0.413511 0.966606 0.416287 0.969007 0.418297 0.971994 0.419235 0.975112 0.418959 0.975931 0.418820 0.978711 0.417369 0.980725 0.414964 0.981665 0.411972 0.981388 0.408848 0.979937 0.406067 0.977533 0.404054 0.974541 0.403114 0.971416 0.403391 0.970606 0.403557 0.967830 0.405005 0.965820 0.407406
0 0.417596 0.526537 0.418098 0.529633 0.419746 0.532301 0.422290 0.534135 0.425342 0.534857 0.428438 0.534355 0.428560 0.534296 0.431224 0.532651 0.433055 0.530111 0.433776 0.527064 0.433275 0.523974 0.431630 0.521310 0.429090 0.519479 0.426043 0.518759 0.422952 0.519260 0.422820 0.519293 0.420152 0.520941 0.418317 0.523485
0 0.825301 0.659681 0.825773 0.660536 0.828882 0.663632 0.829871 0.664093 0.831419 0.664435 0.833291 0.664607 0.835205 0.664583 0.836872 0.664367 0.838037 0.663990 0.841007 0.661125 0.841824 0.660318 0.841815 0.657978 0.840146 0.654022 0.839790 0.653327 0.838479 0.652698 0.836411 0.652233 0.833903 0.652002 0.831341 0.652043 0.829120 0.652346 0.827579 0.652867 0.826950 0.653523 0.825302 0.657346
0 0.711936 0.379894 0.712238 0.383009 0.713708 0.385772 0.716124 0.387761 0.719117 0.388675 0.722232 0.388373 0.722615 0.388181 0.725382 0.386708 0.727375 0.384288 0.728290 0.381290 0.727988 0.378169 0.726515 0.375402 0.724095 0.373409 0.721096 0.372494 0.717976 0.372796 0.715208 0.374269 0.714839 0.374485 0.712849 0.376901
0 0.250420 0.563369 0.251366 0.566360 0.253384 0.568761 0.256167 0.570206 0.259292 0.570477 0.259705 0.570356 0.262691 0.569411 0.265087 0.567397 0.266530 0.564618 0.266801 0.561499 0.265856 0.558514 0.263842 0.556117 0.261063 0.554674 0.257944 0.554404 0.257527 0.554498 0.254537 0.555444 0.252136 0.557462 0.250691 0.560245
0 0.724144 0.645165 0.725230 0.649226 0.725420 0.649852 0.726856 0.651781 0.731437 0.652574 0.732125 0.652502 0.733286 0.651998 0.734745 0.651139 0.736281 0.650056 0.737663 0.648911 0.738681 0.647878 0.739180 0.647114 0.739743 0.642691 0.739583 0.642051 0.738136 0.640124 0.734456 0.637892 0.733543 0.637966 0.731991 0.638623 0.730035 0.639765 0.727977 0.641217 0.726134 0.642754 0.724788 0.644141
0 0.082172 0.696542 0.082761 0.699621 0.084483 0.702241 0.087076 0.704002 0.090146 0.704637 0.093225 0.704048 0.093924 0.703698 0.096540 0.701979 0.098298 0.699390 0.098932 0.696325 0.098344 0.693251 0.096625 0.690636 0.094036 0.688878 0.090972 0.688244 0.087898 0.688832 0.087188 0.689157 0.084568 0.690879 0.082807 0.693472
0 0.151020 0.369181 0.151324 0.371226 0.152258 0.372643 0.154530 0.375371 0.156378 0.376184 0.158146 0.376897 0.160248 0.376453 0.162924 0.374742 0.164195 0.373825 0.165285 0.372395 0.166030 0.370669 0.166318 0.368907 0.166104 0.367376 0.165537 0.364202 0.164397 0.362418 0.162547 0.361615 0.160789 0.360871 0.157259 0.361057 0.155570 0.361389 0.153861 0.362601 0.152394 0.364509 0.151395 0.366822
0 0.972151 0.590474 0.973226 0.592632 0.976536 0.595547 0.977392 0.595719 0.979048 0.595448 0.981254 0.594775 0.983672 0.593801 0.985931 0.592676 0.987680 0.591573 0.988653 0.590663 0.988704 0.590084 0.988432 0.585794 0.987355 0.583631 0.982783 0.581939 0.982133 0.581829 0.980891 0.582049 0.979246 0.582563 0.977447 0.583294 0.975767 0.584131 0.974458 0.584948 0.973719 0.585621 0.972248 0.589753
0 0.618137 0.478910 0.618356 0.482032 0.619753 0.484832 0.622115 0.486885 0.625084 0.487877 0.628205 0.487658 0.628426 0.487637 0.631231 0.486237 0.633287 0.483871 0.634281 0.480897 0.634062 0.477770 0.632662 0.474965 0.630296 0.472909 0.627323 0.471915 0.624196 0.472134 0.623982 0.472182 0.621182 0.473579 0.619129 0.475941
0 0.274208 0.869482 0.274845 0.872551 0.276608 0.875144 0.279229 0.876863 0.282309 0.877450 0.285378 0.876812 0.287970 0.875049 0.289690 0.872428 0.290052 0.871788 0.290637 0.868714 0.290001 0.865650 0.288241 0.863062 0.285624 0.861345 0.282550 0.860760 0.279486 0.861396 0.276898 0.863156 0.275181 0.865773 0.274794 0.866402
0 0.660551 0.817476 0.661184 0.820541 0.661462 0.821093 0.663223 0.823686 0.665842 0.825409 0.668922 0.825997 0.671992 0.825363 0.674585 0.823601 0.676307 0.820982 0.676896 0.817903 0.676261 0.814833 0.675959 0.814292 0.674200 0.811703 0.671586 0.809983 0.668512 0.809396 0.665447 0.810029 0.662858 0.811787 0.661138 0.814402
0 0.175253 0.200956 0.175537 0.205745 0.175973 0.206140 0.176918 0.206977 0.178227 0.208126 0.179701 0.209414 0.181118 0.210646 0.182264 0.211636 0.182966 0.212234 0.183116 0.212350 0.187879 0.211969 0.189460 0.210150 0.190838 0.206017 0.190283 0.205489 0.189041 0.204368 0.187300 0.202822 0.185325 0.201087 0.183421 0.199432 0.181881 0.198111 0.180942 0.197326 0.180745 0.197197 0.176838 0.199132
0 0.162905 0.976369 0.163503 0.979448 0.165234 0.982063 0.167834 0.983817 0.170907 0.984443 0.173986 0.983845 0.176601 0.982114 0.178356 0.979514 0.178909 0.978689 0.179533 0.975621 0.178936 0.972548 0.177208 0.969937 0.176994 0.969721 0.174923 0.968324 0.174613 0.968186 0.171545 0.967562 0.168471 0.968159 0.165860 0.969887 0.165285 0.970696 0.163531 0.973296
0 0.781578 0.734654 0.782003 0.738820 0.782256 0.739932 0.783060 0.741302 0.784290 0.742723 0.785763 0.743981 0.787255 0.744885 0.788540 0.745297 0.792458 0.745428 0.793938 0.745190 0.795453 0.743563 0.796039 0.742428 0.797261 0.738777 0.796940 0.737289 0.795873 0.735451 0.794225 0.733547 0.792248 0.731870 0.790248 0.730677 0.788531 0.730150 0.787358 0.730365 0.783654 0.731890 0.782135 0.733506
0 0.677633 0.943004 0.678227 0.945629 0.678937 0.948046 0.680322 0.949526 0.682190 0.950305 0.684048 0.950616 0.687394 0.950311 0.689029 0.949583 0.690560 0.947987 0.691751 0.945768 0.692417 0.943266 0.692457 0.940869 0.691868 0.938942 0.689654 0.936386 0.688250 0.934935 0.686389 0.934148 0.684533 0.933869 0.682506 0.934798 0.680208 0.936491 0.679069 0.937688 0.678181 0.939345 0.677677 0.941211
0 0.339436 0.372110 0.340617 0.375015 0.342820 0.377247 0.343090 0.377458 0.345975 0.378675 0.349106 0.378696 0.352006 0.377516 0.354235 0.375317 0.355451 0.372432 0.355472 0.369301 0.354292 0.366401 0.352093 0.364173 0.351838 0.363939 0.348949 0.362720 0.345812 0.362699 0.342907 0.363881 0.340675 0.366084 0.339456 0.368974
0 0.803199 0.357894 0.803264 0.359598 0.803562 0.361860 0.804048 0.364331 0.804647 0.366631 0.805266 0.368408 0.805812 0.369389 0.810066 0.370074 0.810543 0.370123 0.812941 0.369608 0.815642 0.365769 0.815761 0.365094 0.815702 0.363814 0.815474 0.362124 0.815111 0.360279 0.814669 0.358558 0.814214 0.357221 0.813815 0.356472 0.809899 0.354133 0.809421 0.354051 0.807019 0.354576 0.803377 0.357007
0 0.668910 0.637523 0.669074 0.639855 0.672528 0.642911 0.673065 0.643363 0.674255 0.643687 0.675914 0.643837 0.677794 0.643789 0.679609 0.643550 0.681086 0.643157 0.682000 0.642668 0.684840 0.639450 0.685196 0.638594 0.685022 0.636258 0.683119 0.632500 0.682418 0.631882 0.680838 0.631434 0.678619 0.631226 0.676101 0.631290 0.673672 0.631617 0.671707 0.632157 0.670504 0.632824 0.670244 0.633518
0 0.567455 0.103226 0.567519 0.104793 0.567885 0.105828 0.569895 0.109623 0.570921 0.110201 0.573101 0.110741 0.577064 0.110012 0.578102 0.109483 0.579189 0.108038 0.580161 0.105896 0.580868 0.103383 0.581199 0.100886 0.581105 0.098790 0.580600 0.097416 0.577511 0.094972 0.576469 0.094421 0.574287 0.093870 0.572996 0.094566 0.569746 0.096777 0.568941 0.097873 0.568224 0.099483 0.567702 0.101362
0 0.217683 0.762693 0.217844 0.765825 0.219192 0.768657 0.221521 0.770757 0.224476 0.771807 0.227608 0.771646 0.230440 0.770298 0.230904 0.769833 0.233001 0.767508 0.234048 0.764558 0.233887 0.761431 0.232542 0.758604 0.230217 0.756507 0.227266 0.755459 0.224140 0.755621 0.221313 0.756966 0.220833 0.757409 0.218732 0.759738
0 0.306074 0.482452 0.307166 0.485390 0.309300 0.487688 0.312150 0.488993 0.312473 0.489012 0.315600 0.489127 0.318534 0.488037 0.320827 0.485907 0.322130 0.483062 0.322245 0.479934 0.321155 0.477001 0.319025 0.474708 0.316180 0.473405 0.315863 0.473359 0.312731 0.473243 0.309792 0.474336 0.307495 0.476469 0.306190 0.479319
0 0.251572 0.266318 0.251781 0.269447 0.253170 0.272258 0.253595 0.272650 0.255951 0.274712 0.258917 0.275715 0.262041 0.275507 0.264847 0.274120 0.266909 0.271764 0.267913 0.268798 0.267704 0.265674 0.266317 0.262867 0.265915 0.262459 0.263554 0.260394 0.260584 0.259388 0.257454 0.259597 0.254643 0.260986 0.252577 0.263347
0 0.113474 0.328427 0.113893 0.331535 0.115471 0.334246 0.117965 0.336147 0.118622 0.336429 0.121649 0.337228 0.124752 0.336810 0.127458 0.335235 0.129356 0.332745 0.130155 0.329718 0.129737 0.326615 0.128162 0.323909 0.125672 0.322011 0.125027 0.321705 0.121995 0.320903 0.118886 0.321323 0.116176 0.322900 0.114275 0.325395
0 0.067830 0.359965 0.068093 0.363090 0.069531 0.365878 0.071926 0.367902 0.074914 0.368856 0.075644 0.369082 0.078764 0.368820 0.081547 0.367384 0.083568 0.364993 0.084520 0.362011 0.084259 0.358891 0.082823 0.356108 0.080432 0.354087 0.079709 0.353836 0.076722 0.352882 0.073596 0.353144 0.070809 0.354582 0.068785 0.356977
0 0.119507 0.205198 0.120087 0.208280 0.121801 0.210906 0.122451 0.211403 0.125036 0.213170 0.128100 0.213814 0.131177 0.213235 0.133799 0.211524 0.135566 0.208939 0.136209 0.205875 0.135631 0.202798 0.133920 0.200177 0.133289 0.199660 0.130700 0.197890 0.127631 0.197246 0.124548 0.197825 0.121922 0.199539 0.120152 0.202128
0 0.483123 0.207116 0.483153 0.207620 0.484170 0.210581 0.486243 0.212927 0.489057 0.214301 0.492182 0.214494 0.495142 0.213476 0.497489 0.211403 0.498863 0.208590 0.499056 0.205465 0.499054 0.204958 0.498035 0.201992 0.495958 0.199642 0.493140 0.198265 0.490010 0.198072 0.487044 0.199091 0.484693 0.201168 0.483317 0.203986
0 0.693013 0.126037 0.693865 0.129048 0.695805 0.131504 0.698537 0.133030 0.701645 0.133396 0.704656 0.132543 0.707112 0.130604 0.707469 0.129968 0.708998 0.127231 0.709364 0.124117 0.708510 0.121101 0.706567 0.118641 0.703830 0.117112 0.700717 0.116746 0.697700 0.117600 0.695240 0.119542 0.693711 0.122279 0.693378 0.122928
0 0.420691 0.363514 0.420833 0.363759 0.421774 0.364495 0.423369 0.365610 0.425376 0.366934 0.427491 0.368268 0.429396 0.369410 0.430806 0.370190 0.431504 0.370488 0.434996 0.367958 0.436282 0.365919 0.435408 0.361286 0.435322 0.361099 0.434630 0.360541 0.433438 0.359695 0.431927 0.358692 0.430328 0.357683 0.428888 0.356826 0.427826 0.356250 0.427306 0.356044 0.422774 0.357190 0.421485 0.359234
0 0.420616 0.604311 0.420944 0.608380 0.422008 0.610403 0.422739 0.611168 0.426845 0.612317 0.427870 0.612382 0.429330 0.612046 0.431003 0.611361 0.432636 0.610429 0.433983 0.609393 0.434840 0.608408 0.436044 0.604669 0.436439 0.603357 0.435368 0.601342 0.434664 0.600557 0.431578 0.598060 0.430217 0.597951 0.428266 0.598384 0.426024 0.599294 0.423836 0.600541 0.422039 0.601934 0.420909 0.603258
0 0.413587 0.425071 0.414680 0.428009 0.416814 0.430306 0.416957 0.430425 0.419803 0.431728 0.422930 0.431843 0.425863 0.430752 0.428156 0.428621 0.429458 0.425776 0.429573 0.422649 0.428482 0.419715 0.428359 0.419577 0.426225 0.417280 0.423375 0.415976 0.420242 0.415861 0.417304 0.416954 0.415007 0.419088 0.413702 0.421938
0 0.827733 0.457013 0.828234 0.459212 0.828930 0.460181 0.832597 0.462254 0.833685 0.462594 0.835282 0.462645 0.837145 0.462398 0.838995 0.461891 0.840550 0.461201 0.841576 0.460431 0.843869 0.457142 0.844437 0.455914 0.843925 0.453713 0.843256 0.452729 0.840914 0.449590 0.839468 0.449119 0.837332 0.449043 0.834835 0.449374 0.832362 0.450060 0.830292 0.450996 0.828942 0.452038 0.828514 0.453025
0 0.185685 0.100950 0.185729 0.104085 0.186969 0.106964 0.187507 0.107640 0.189750 0.109821 0.192658 0.110979 0.195787 0.110935 0.198661 0.109698 0.200843 0.107454 0.202001 0.104546 0.201957 0.101417 0.200719 0.098543 0.200204 0.097851 0.197957 0.095666 0.195044 0.094507 0.191909 0.094550 0.189030 0.095790 0.186845 0.098037
0 0.206337 0.472106 0.206667 0.473708 0.207386 0.475831 0.208383 0.478148 0.209505 0.480303 0.210578 0.481964 0.211439 0.482878 0.211956 0.482909 0.216335 0.482773 0.218550 0.481820 0.220316 0.477563 0.220379 0.476930 0.220119 0.475732 0.219578 0.474152 0.218836 0.472427 0.218005 0.470819 0.217212 0.469570 0.216576 0.468870 0.212319 0.467338 0.211673 0.467264 0.209453 0.468219 0.206444 0.471269
0 0.002310 0.681024 0.003078 0.684063 0.004951 0.686577 0.007643 0.688183 0.010745 0.688636 0.013785 0.687867 0.014621 0.687544 0.017130 0.685674 0.018733 0.682987 0.019185 0.679890 0.018418 0.676856 0.016548 0.674347 0.013860 0.672743 0.010764 0.672291 0.007730 0.673058 0.006882 0.673356 0.004368 0.675230 0.002763 0.677922
0 0.072268 0.231753 0.072272 0.233643 0.072497 0.235526 0.072908 0.237112 0.073441 0.238160 0.076680 0.241195 0.077628 0.241774 0.080039 0.241769 0.083961 0.240125 0.084646 0.239595 0.085167 0.238154 0.085445 0.236023 0.085440 0.233522 0.085151 0.231029 0.084622 0.228917 0.083932 0.227509 0.083185 0.227020 0.079060 0.225388 0.076643 0.225393 0.075766 0.226029 0.072889 0.229068 0.072485 0.230146
0 0.440824 0.866759 0.441356 0.869848 0.443029 0.872499 0.445590 0.874307 0.448648 0.874998 0.451737 0.874466 0.454388 0.872792 0.456196 0.870232 0.456887 0.867174 0.456962 0.866543 0.456430 0.863459 0.454760 0.860812 0.452203 0.859007 0.449151 0.858317 0.446066 0.858849 0.443420 0.860520 0.441615 0.863076 0.440925 0.866129
0 0.880649 0.175080 0.881065 0.178183 0.882637 0.180891 0.885125 0.182791 0.888151 0.183594 0.891254 0.183178 0.893962 0.181606 0.894641 0.181058 0.896544 0.178565 0.897348 0.175534 0.896931 0.172425 0.895357 0.169713 0.892864 0.167810 0.889833 0.167005 0.886724 0.167422 0.884012 0.168996 0.883352 0.169566 0.881452 0.172054
0 0.169338 0.809334 0.169885 0.814080 0.171770 0.815591 0.175974 0.816806 0.176555 0.816238 0.177690 0.814967 0.179203 0.813188 0.180867 0.811172 0.182431 0.809221 0.183660 0.807629 0.184367 0.806636 0.184445 0.806395 0.182366 0.802582 0.180485 0.801074 0.175702 0.801533 0.175265 0.801940 0.174409 0.802880 0.173262 0.804211 0.172001 0.805731 0.170819 0.807205 0.169898 0.808409 0.169378 0.809156
