0 0.864715 0.345411 0.865826 0.348336 0.867973 0.350613 0.870827 0.351896 0.873955 0.351988 0.876881 0.350877 0.877530 0.350620 0.879811 0.348470 0.881096 0.345610 0.881188 0.342477 0.880075 0.339546 0.877925 0.337265 0.875065 0.335980 0.871932 0.335888 0.869001 0.337001 0.868367 0.337281 0.866090 0.339428 0.864807 0.342282
0 0.925451 0.105609 0.926630 0.108510 0.926747 0.108748 0.928502 0.110525 0.928830 0.110738 0.931714 0.111955 0.934845 0.111974 0.937746 0.110795 0.938499 0.110125 0.940731 0.107921 0.941950 0.105032 0.941970 0.101895 0.940789 0.098990 0.938586 0.096758 0.935696 0.095539 0.932560 0.095519 0.929654 0.096701 0.928916 0.097394 0.926688 0.099594 0.925471 0.102479
0 0.296306 0.357916 0.297270 0.360899 0.299302 0.363286 0.299647 0.363521 0.302433 0.364946 0.305553 0.365197 0.308531 0.364235 0.310914 0.362206 0.312339 0.359420 0.312590 0.356301 0.311628 0.353323 0.309599 0.350940 0.309272 0.350683 0.306480 0.349255 0.303356 0.349004 0.300373 0.349968 0.297985 0.352000 0.296558 0.354791
0 0.393929 0.090847 0.394127 0.092230 0.394915 0.094161 0.396171 0.096344 0.397702 0.098443 0.399273 0.100134 0.400641 0.101161 0.401600 0.101368 0.405644 0.100477 0.407531 0.099106 0.408027 0.098311 0.408694 0.093897 0.408532 0.092861 0.407937 0.091419 0.407000 0.089790 0.405861 0.088218 0.404692 0.086943 0.403671 0.086157 0.402952 0.085982 0.398460 0.085143 0.396575 0.086526 0.396055 0.087300
0 0.480645 0.469764 0.481247 0.472842 0.482980 0.475456 0.483009 0.475498 0.485607 0.477246 0.488675 0.477867 0.491748 0.477266 0.494357 0.475536 0.496105 0.472938 0.496727 0.469870 0.496721 0.469818 0.496119 0.466740 0.494386 0.464126 0.491784 0.462375 0.488710 0.461753 0.485632 0.462355 0.483018 0.464088 0.481267 0.466690
0 0.101305 0.304884 0.101956 0.305991 0.103195 0.307629 0.104835 0.309547 0.106620 0.311449 0.108277 0.313042 0.109552 0.314084 0.110251 0.314417 0.114418 0.313046 0.116251 0.311479 0.116628 0.306777 0.116636 0.306469 0.116136 0.305643 0.115206 0.304424 0.113987 0.302997 0.112661 0.301576 0.111430 0.300377 0.110479 0.299582 0.109955 0.299312 0.105124 0.299044 0.103287 0.300614 0.101341 0.304476
0 0.102289 0.328232 0.102981 0.331289 0.104790 0.333849 0.107441 0.335522 0.108116 0.335805 0.111200 0.336335 0.114253 0.335645 0.116808 0.333838 0.118479 0.331192 0.119008 0.328107 0.118318 0.325055 0.116512 0.322499 0.113865 0.320829 0.113200 0.320521 0.110111 0.319990 0.107053 0.320681 0.104493 0.322491 0.102820 0.325142
0 0.214509 0.326102 0.214770 0.328268 0.215266 0.330742 0.215919 0.333142 0.216630 0.335101 0.217289 0.336318 0.217796 0.336612 0.222109 0.337405 0.224473 0.336932 0.227081 0.333094 0.227279 0.332596 0.227277 0.331453 0.227076 0.329839 0.226708 0.327998 0.226226 0.326208 0.225705 0.324739 0.225223 0.323815 0.224853 0.323577 0.220752 0.321072 0.218383 0.321546 0.214808 0.323926 0.214523 0.324578
0 0.856646 0.904912 0.857320 0.907969 0.859113 0.910536 0.859732 0.911243 0.862375 0.912931 0.865463 0.913479 0.868526 0.912803 0.871097 0.911007 0.872785 0.908363 0.873333 0.905275 0.872657 0.902213 0.870861 0.899642 0.870223 0.898955 0.867584 0.897270 0.864502 0.896723 0.861444 0.897397 0.858877 0.899190 0.857193 0.901829
0 0.054156 0.038414 0.054997 0.041434 0.056930 0.043903 0.057692 0.044686 0.060417 0.046224 0.063524 0.046602 0.066538 0.045762 0.069003 0.043833 0.070540 0.041107 0.070918 0.038000 0.070078 0.034986 0.068149 0.032522 0.067405 0.031717 0.064675 0.030176 0.061563 0.029798 0.060422 0.030052 0.058000 0.030727 0.056019 0.032278 0.054784 0.034468 0.054534 0.035302
0 0.797367 0.123161 0.798063 0.125469 0.800801 0.128778 0.801221 0.129115 0.802534 0.129073 0.804539 0.128659 0.806932 0.127937 0.809355 0.127015 0.811443 0.126032 0.812878 0.125135 0.813441 0.124462 0.813860 0.120065 0.813162 0.117751 0.812660 0.117305 0.808703 0.115289 0.807719 0.115307 0.806206 0.115613 0.804397 0.116159 0.802568 0.116861 0.801002 0.117612 0.799937 0.118296 0.799533 0.118809
0 0.038154 0.633628 0.038514 0.636742 0.040039 0.639481 0.042495 0.641429 0.045510 0.642288 0.048624 0.641928 0.049400 0.641684 0.052135 0.640163 0.054079 0.637710 0.054936 0.634701 0.054577 0.631592 0.053056 0.628857 0.050603 0.626913 0.047594 0.626055 0.044485 0.626414 0.043700 0.626632 0.040961 0.628156 0.039013 0.630613
0 0.745519 0.858171 0.746071 0.858975 0.748658 0.862610 0.749684 0.863153 0.751248 0.863670 0.753110 0.864080 0.754984 0.864320 0.756584 0.864354 0.757662 0.864177 0.761092 0.861582 0.761743 0.860985 0.762051 0.858588 0.760937 0.854313 0.760469 0.853678 0.759087 0.852971 0.757005 0.852300 0.754538 0.851765 0.752058 0.851447 0.749938 0.851393 0.748497 0.851613 0.747957 0.852073 0.745826 0.855779
0 0.955877 0.287127 0.957103 0.291027 0.958644 0.292759 0.959347 0.293364 0.963932 0.293540 0.964897 0.293383 0.966262 0.292730 0.967822 0.291680 0.969341 0.290392 0.970590 0.289061 0.971377 0.287887 0.971584 0.287049 0.972075 0.282550 0.970523 0.280821 0.969839 0.280190 0.966045 0.278459 0.964757 0.278652 0.962927 0.279518 0.960837 0.280923 0.958809 0.282654 0.957155 0.284441 0.956126 0.286012
0 0.592659 0.734934 0.593074 0.738036 0.593235 0.738446 0.594809 0.741157 0.597300 0.743060 0.600330 0.743864 0.603437 0.743447 0.606148 0.741873 0.608051 0.739382 0.608855 0.736352 0.608439 0.733245 0.608253 0.732844 0.606681 0.730137 0.604194 0.728238 0.601169 0.727435 0.598067 0.727851 0.595361 0.729422 0.593462 0.731909
0 0.018724 0.209771 0.018820 0.211660 0.019163 0.213264 0.019698 0.214339 0.022618 0.217657 0.023688 0.218289 0.026090 0.218499 0.030125 0.217215 0.030985 0.216727 0.031732 0.215322 0.032253 0.213215 0.032470 0.210724 0.032352 0.208223 0.031914 0.206090 0.031223 0.204647 0.030381 0.204117 0.026400 0.202126 0.023993 0.201915 0.022899 0.202497 0.019863 0.205250 0.019289 0.206300 0.018888 0.207888
0 0.074628 0.231195 0.074984 0.232457 0.075684 0.234072 0.076620 0.235796 0.077651 0.237367 0.078622 0.238550 0.079386 0.239164 0.083833 0.240553 0.084575 0.240475 0.086712 0.239408 0.089415 0.236197 0.089496 0.235253 0.089043 0.233574 0.088124 0.231414 0.086878 0.229103 0.085496 0.226998 0.084191 0.225422 0.083165 0.224617 0.078876 0.224922 0.078143 0.225029 0.075996 0.226090 0.074671 0.230479
0 0.639036 0.418135 0.640150 0.421059 0.642299 0.423335 0.645154 0.424615 0.648283 0.424705 0.651207 0.423591 0.651468 0.423460 0.653747 0.421308 0.655029 0.418447 0.655120 0.415314 0.654004 0.412384 0.651852 0.410104 0.648991 0.408822 0.645858 0.408731 0.642928 0.409847 0.642683 0.410002 0.640407 0.412151 0.639127 0.415006
0 0.593046 0.919209 0.593443 0.922313 0.593603 0.923040 0.595161 0.925761 0.597640 0.927679 0.600665 0.928502 0.603775 0.928105 0.606496 0.926548 0.608414 0.924069 0.609237 0.921044 0.608840 0.917934 0.608653 0.917216 0.607098 0.914500 0.604623 0.912585 0.601603 0.911763 0.598499 0.912159 0.595783 0.913714 0.593868 0.916189
0 0.924928 0.356498 0.924966 0.359628 0.926200 0.362506 0.928441 0.364692 0.931349 0.365855 0.934479 0.365816 0.935227 0.365585 0.938110 0.364349 0.940300 0.362104 0.941464 0.359192 0.941426 0.356056 0.940190 0.353174 0.937945 0.350983 0.935033 0.349819 0.931897 0.349858 0.931154 0.350116 0.928277 0.351350 0.926090 0.353591
0 0.471998 0.394703 0.473125 0.399173 0.473185 0.399400 0.475204 0.400717 0.479426 0.401572 0.479984 0.400932 0.480976 0.399576 0.482252 0.397710 0.483619 0.395617 0.484871 0.393610 0.485820 0.391991 0.486322 0.391008 0.486298 0.390812 0.483786 0.387263 0.481762 0.385942 0.477178 0.386768 0.476755 0.387231 0.476003 0.388242 0.475036 0.389646 0.474003 0.391229 0.473062 0.392747 0.472358 0.393967
0 0.844622 0.641404 0.844819 0.642479 0.847408 0.645944 0.848245 0.646650 0.849675 0.647312 0.851482 0.647831 0.853393 0.648129 0.855119 0.648161 0.856399 0.647920 0.859780 0.645761 0.860849 0.644962 0.861242 0.642710 0.861076 0.641632 0.860140 0.637740 0.859035 0.636786 0.857126 0.635893 0.854705 0.635197 0.852146 0.634806 0.849842 0.634780 0.848146 0.635121 0.847313 0.635776 0.845025 0.639159
0 0.721287 0.617378 0.721520 0.618898 0.722603 0.621986 0.723654 0.623695 0.725210 0.624318 0.727199 0.624956 0.730855 0.624459 0.732322 0.624008 0.733780 0.622674 0.735004 0.620658 0.735805 0.618271 0.736061 0.615879 0.735732 0.613850 0.734871 0.612495 0.732225 0.609983 0.730656 0.609390 0.728673 0.608744 0.726850 0.609335 0.724073 0.611292 0.722991 0.612300 0.722083 0.613810 0.721485 0.615592
0 0.083186 0.093162 0.083231 0.096298 0.084473 0.099178 0.086723 0.101363 0.087434 0.102048 0.090343 0.103204 0.093474 0.103159 0.096349 0.101919 0.096594 0.101739 0.098334 0.099947 0.098530 0.099673 0.099686 0.096764 0.099641 0.093633 0.098401 0.090758 0.097709 0.090053 0.095459 0.087868 0.092545 0.086710 0.089409 0.086756 0.086529 0.087997 0.084344 0.090247
0 0.455264 0.491793 0.455604 0.494910 0.457113 0.497660 0.459558 0.499624 0.462569 0.500502 0.462634 0.500501 0.465746 0.500161 0.468491 0.498655 0.470451 0.496213 0.471327 0.493208 0.470987 0.490095 0.469481 0.487350 0.467040 0.485390 0.466983 0.485365 0.463972 0.484487 0.460855 0.484828 0.458105 0.486336 0.456141 0.488782
0 0.422668 0.204399 0.423135 0.207501 0.423267 0.208004 0.424883 0.210685 0.427402 0.212545 0.430441 0.213298 0.433537 0.212832 0.436218 0.211217 0.438078 0.208698 0.438831 0.205659 0.438365 0.202563 0.438259 0.202051 0.436641 0.199364 0.434118 0.197502 0.431073 0.196747 0.427972 0.197214 0.425286 0.198832 0.423423 0.201355
0 0.575455 0.770950 0.575590 0.771436 0.578919 0.774282 0.581209 0.775054 0.585424 0.773030 0.585762 0.772685 0.586270 0.771679 0.586873 0.770164 0.587477 0.768373 0.587989 0.766581 0.588332 0.765063 0.588452 0.764050 0.588333 0.763695 0.586064 0.759498 0.583779 0.758728 0.579485 0.758996 0.579047 0.759477 0.578382 0.760826 0.577590 0.762837 0.576791 0.765207 0.576105 0.767578 0.575636 0.769595
0 0.211206 0.777210 0.211983 0.780248 0.213864 0.782758 0.216562 0.784357 0.219666 0.784802 0.222705 0.784025 0.225215 0.782145 0.225687 0.781659 0.227283 0.778966 0.227728 0.775867 0.226952 0.772834 0.225074 0.770328 0.222381 0.768732 0.219282 0.768287 0.216249 0.769063 0.213743 0.770941 0.213250 0.771407 0.211651 0.774105
0 0.181246 0.208003 0.182431 0.210906 0.184636 0.213134 0.185178 0.213627 0.188064 0.214839 0.191193 0.214855 0.194090 0.213672 0.196315 0.211470 0.197527 0.208585 0.197543 0.205455 0.196359 0.202558 0.194158 0.200334 0.193631 0.199818 0.190741 0.198604 0.187606 0.198588 0.184704 0.199773 0.182476 0.201978 0.181262 0.204868
0 0.462570 0.641782 0.463350 0.644819 0.465232 0.647328 0.467931 0.648925 0.471036 0.649368 0.474074 0.648588 0.476583 0.646706 0.478180 0.644006 0.478217 0.643759 0.478659 0.640659 0.477881 0.637627 0.476002 0.635122 0.473307 0.633528 0.470207 0.633086 0.467175 0.633864 0.464671 0.635744 0.463076 0.638438 0.463013 0.638677
0 0.752362 0.763425 0.754990 0.766975 0.757082 0.768297 0.757530 0.768324 0.762024 0.767479 0.762636 0.766876 0.763502 0.765747 0.764492 0.764263 0.765456 0.762649 0.766248 0.761148 0.766748 0.759987 0.766881 0.759344 0.765614 0.754783 0.763520 0.753472 0.759185 0.752638 0.758831 0.752590 0.758009 0.753372 0.756843 0.754867 0.755513 0.756848 0.754222 0.759011 0.753169 0.761022 0.752516 0.762572
0 0.496631 0.692586 0.496764 0.694954 0.496839 0.695691 0.500165 0.698708 0.500922 0.699069 0.502277 0.699298 0.504026 0.699361 0.505902 0.699248 0.507624 0.698977 0.508930 0.698587 0.509623 0.698139 0.512581 0.694744 0.512539 0.694005 0.512396 0.691638 0.510588 0.687870 0.509593 0.687371 0.507789 0.687051 0.505451 0.686959 0.502937 0.687110 0.500635 0.687481 0.498898 0.688014 0.497992 0.688628
0 0.537336 0.900429 0.537401 0.901119 0.538139 0.904165 0.539987 0.906698 0.542664 0.908330 0.545761 0.908814 0.548808 0.908075 0.551340 0.906227 0.552972 0.903551 0.553456 0.900453 0.553364 0.899765 0.552627 0.896724 0.550782 0.894196 0.548110 0.892566 0.545018 0.892083 0.541977 0.892821 0.539449 0.894665 0.537820 0.897337
0 0.933784 0.955475 0.934247 0.958570 0.935860 0.961252 0.936610 0.962047 0.939131 0.963911 0.942172 0.964669 0.945273 0.964204 0.946009 0.964024 0.948165 0.962728 0.949660 0.960706 0.949824 0.960069 0.950582 0.957027 0.950118 0.953927 0.948502 0.951240 0.947732 0.950464 0.945215 0.948603 0.942179 0.947847 0.939084 0.948310 0.936401 0.949922 0.934541 0.952438
0 0.924939 0.806647 0.925831 0.809648 0.927803 0.812080 0.928540 0.812617 0.931297 0.814112 0.934417 0.814437 0.937423 0.813544 0.939859 0.811568 0.941353 0.808811 0.941678 0.805691 0.940785 0.802685 0.938809 0.800249 0.938055 0.799733 0.935302 0.798241 0.932188 0.797917 0.929187 0.798808 0.926756 0.800780 0.925264 0.803533
0 0.879319 0.135825 0.879954 0.138891 0.881715 0.141480 0.884332 0.143198 0.887408 0.143784 0.890473 0.143148 0.893062 0.141388 0.893739 0.140770 0.895460 0.138148 0.896047 0.135067 0.895410 0.131996 0.893646 0.129403 0.891025 0.127682 0.887944 0.127095 0.884873 0.127732 0.882280 0.129496 0.881622 0.130133 0.879904 0.132750
0 0.201092 0.570022 0.202064 0.573514 0.202535 0.574971 0.203933 0.576614 0.205360 0.577267 0.209297 0.577237 0.210592 0.577090 0.212133 0.576428 0.213688 0.575353 0.215021 0.574028 0.215931 0.572651 0.216280 0.571432 0.216983 0.567613 0.216542 0.566146 0.215138 0.564513 0.213733 0.563835 0.210417 0.562294 0.208689 0.562467 0.206623 0.563335 0.204537 0.564767 0.202752 0.566543 0.201541 0.568389
0 0.831474 0.542090 0.832609 0.545008 0.834774 0.547269 0.837640 0.548531 0.838221 0.548614 0.841357 0.548683 0.844280 0.547546 0.846545 0.545377 0.847809 0.542506 0.847877 0.539371 0.846740 0.536448 0.844571 0.534183 0.841701 0.532919 0.841113 0.532862 0.837983 0.532794 0.835065 0.533929 0.832804 0.536094 0.831542 0.538960
0 0.827871 0.270636 0.830619 0.274389 0.830919 0.274778 0.831918 0.275192 0.833462 0.275570 0.835317 0.275854 0.837205 0.276002 0.838839 0.275991 0.839973 0.275822 0.840431 0.275520 0.844226 0.272514 0.844592 0.270125 0.843562 0.265957 0.843182 0.265422 0.841857 0.264854 0.839789 0.264339 0.837296 0.263957 0.834761 0.263767 0.832574 0.263797 0.831071 0.264043 0.830477 0.264466 0.828236 0.268253
0 0.740875 0.340960 0.741766 0.343047 0.744746 0.345858 0.745580 0.346413 0.747205 0.346481 0.749375 0.346049 0.751759 0.345182 0.753990 0.344012 0.755724 0.342721 0.756695 0.341506 0.756756 0.340554 0.756791 0.336402 0.755908 0.334306 0.754843 0.333637 0.751007 0.332268 0.749784 0.332234 0.748160 0.332569 0.746381 0.333223 0.744716 0.334096 0.743416 0.335056 0.742678 0.335959 0.740983 0.339773
