0 0.714962 0.751473 0.715081 0.752819 0.715467 0.753272 0.719028 0.755855 0.721370 0.756452 0.725366 0.754121 0.725825 0.753737 0.726371 0.752685 0.726919 0.751123 0.727386 0.749291 0.727700 0.747471 0.727812 0.745942 0.727707 0.744938 0.725272 0.741140 0.724767 0.740600 0.722431 0.740005 0.718196 0.740594 0.717599 0.741126 0.716887 0.742536 0.716168 0.744609 0.715550 0.747032 0.715127 0.749441
0 0.462660 0.108964 0.462804 0.110024 0.464745 0.113998 0.465441 0.114660 0.467650 0.115403 0.471783 0.115051 0.472629 0.114612 0.473628 0.113268 0.474628 0.111220 0.475474 0.108781 0.476036 0.106326 0.476228 0.104234 0.476020 0.102824 0.475446 0.102313 0.472226 0.099461 0.470015 0.098706 0.465962 0.100834 0.465334 0.101181 0.464594 0.102204 0.463855 0.103744 0.463229 0.105568 0.462809 0.107400
0 0.465368 0.979529 0.465456 0.981279 0.465683 0.983655 0.466013 0.986292 0.466396 0.988785 0.466772 0.990750 0.467085 0.991885 0.467285 0.992019 0.471499 0.993080 0.473887 0.992714 0.476802 0.988851 0.476833 0.988194 0.476753 0.986876 0.476573 0.985101 0.476322 0.983138 0.476037 0.981282 0.475761 0.979815 0.475537 0.978957 0.475397 0.978841 0.471554 0.976028 0.469170 0.976394 0.465430 0.978669
0 0.892720 0.871166 0.892763 0.873636 0.893105 0.874079 0.896356 0.877618 0.897285 0.877889 0.898801 0.878128 0.900673 0.878299 0.902619 0.878376 0.904345 0.878348 0.905590 0.878218 0.906162 0.878006 0.909427 0.874711 0.909373 0.872236 0.907618 0.868011 0.907366 0.867647 0.906136 0.867272 0.904111 0.866945 0.901603 0.866716 0.898998 0.866620 0.896697 0.866672 0.895051 0.866863 0.894309 0.867163
0 0.733254 0.144391 0.733409 0.145279 0.734644 0.147270 0.738058 0.149632 0.739020 0.149770 0.740670 0.149305 0.742758 0.148307 0.744964 0.146927 0.746949 0.145377 0.748407 0.143896 0.749114 0.142711 0.748472 0.138595 0.748288 0.137717 0.747059 0.135715 0.742580 0.134794 0.741852 0.134709 0.740614 0.135074 0.739054 0.135833 0.737409 0.136869 0.735927 0.138026 0.734832 0.139129 0.734291 0.140012
0 0.670247 0.141652 0.670866 0.144721 0.672612 0.147320 0.675220 0.149052 0.678293 0.149654 0.681362 0.149035 0.683960 0.147289 0.685692 0.144681 0.686012 0.144069 0.686616 0.140991 0.685996 0.137917 0.684246 0.135314 0.681634 0.133579 0.678556 0.132975 0.675482 0.133595 0.672879 0.135345 0.671144 0.137957 0.670849 0.138580
0 0.215058 0.361361 0.216209 0.364277 0.218389 0.366530 0.218873 0.366760 0.221744 0.368006 0.224873 0.368057 0.227784 0.366908 0.230033 0.364732 0.231279 0.361861 0.231331 0.358732 0.230182 0.355821 0.228006 0.353572 0.227538 0.353320 0.224662 0.352072 0.221527 0.352020 0.218611 0.353171 0.216358 0.355351 0.215110 0.358227
0 0.569142 0.960829 0.569148 0.963959 0.569267 0.964757 0.570473 0.967651 0.572694 0.969863 0.575593 0.971057 0.578728 0.971051 0.581622 0.969845 0.583834 0.967624 0.585028 0.964725 0.585021 0.961590 0.584875 0.960797 0.583672 0.957908 0.581454 0.955700 0.578561 0.954508 0.575431 0.954514 0.572542 0.955718 0.570334 0.957935
0 0.087586 0.825349 0.088426 0.828371 0.090358 0.830842 0.093088 0.832385 0.096201 0.832766 0.099223 0.831926 0.101693 0.829994 0.102378 0.829427 0.103919 0.826701 0.104299 0.823593 0.103461 0.820577 0.101532 0.818111 0.098807 0.816570 0.095699 0.816190 0.092682 0.817028 0.091981 0.817574 0.089510 0.819506 0.087967 0.822236
0 0.296249 0.061668 0.296347 0.063681 0.297585 0.065875 0.299003 0.068160 0.300317 0.069387 0.302002 0.070342 0.303803 0.070879 0.305449 0.070919 0.308302 0.070465 0.310372 0.069690 0.311459 0.068189 0.312220 0.066311 0.312155 0.064305 0.311917 0.060925 0.310947 0.059159 0.309204 0.057506 0.306952 0.056219 0.304539 0.055499 0.302335 0.055456 0.300680 0.056096 0.298086 0.058265 0.297021 0.059790
0 0.707380 0.289523 0.707773 0.292628 0.709325 0.295345 0.711798 0.297263 0.714817 0.298087 0.717922 0.297694 0.720640 0.296142 0.721020 0.295791 0.722940 0.293313 0.723766 0.290289 0.723372 0.287179 0.721817 0.284457 0.719339 0.282536 0.716315 0.281710 0.713205 0.282104 0.710483 0.283659 0.710121 0.284031 0.708204 0.286504
0 0.755228 0.731822 0.755963 0.734864 0.757805 0.737394 0.758249 0.737802 0.760925 0.739437 0.764022 0.739923 0.767069 0.739187 0.769602 0.737341 0.771237 0.734665 0.771723 0.731568 0.770987 0.728521 0.769141 0.725987 0.768678 0.725599 0.766008 0.723968 0.762916 0.723482 0.759874 0.724217 0.757345 0.726060 0.755713 0.728730
0 0.399230 0.850340 0.399402 0.853470 0.400759 0.856297 0.403095 0.858388 0.406052 0.859427 0.409182 0.859254 0.412009 0.857897 0.414100 0.855562 0.415139 0.852604 0.415285 0.851998 0.415112 0.848873 0.413758 0.846052 0.411427 0.843964 0.408474 0.842927 0.405349 0.843100 0.402528 0.844454 0.400440 0.846785 0.399403 0.849738
0 0.044065 0.018356 0.044223 0.021488 0.045566 0.024322 0.046348 0.025140 0.048670 0.027240 0.051619 0.028292 0.054746 0.028135 0.055627 0.027931 0.057884 0.026861 0.059559 0.025009 0.060398 0.022657 0.060727 0.021523 0.060570 0.018396 0.059228 0.015567 0.058469 0.014732 0.056143 0.012629 0.053189 0.011575 0.050057 0.011732 0.047223 0.013076 0.045119 0.015402
0 0.142653 0.712573 0.142803 0.715705 0.144140 0.718540 0.146460 0.720648 0.149411 0.721707 0.152542 0.721558 0.155377 0.720220 0.155970 0.719842 0.158074 0.717526 0.159132 0.714580 0.158982 0.711454 0.157647 0.708624 0.155331 0.706519 0.152385 0.705462 0.149260 0.705611 0.146429 0.706946 0.145820 0.707303 0.143712 0.709623
0 0.191733 0.478949 0.191775 0.481252 0.192050 0.483760 0.192517 0.486086 0.193102 0.487874 0.193716 0.488851 0.197823 0.489979 0.198500 0.490003 0.200897 0.489739 0.203816 0.486226 0.204105 0.485528 0.204241 0.484222 0.204203 0.482506 0.203998 0.480640 0.203657 0.478905 0.203230 0.477563 0.202783 0.476819 0.199177 0.474068 0.198501 0.474009 0.196099 0.474273 0.192337 0.476288 0.191931 0.477207
0 0.312079 0.406118 0.313122 0.409075 0.315216 0.411407 0.315533 0.411560 0.318356 0.412911 0.321482 0.413079 0.324433 0.412038 0.326761 0.409947 0.328112 0.407124 0.328280 0.403999 0.327239 0.401048 0.325149 0.398719 0.324848 0.398545 0.322020 0.397191 0.318889 0.397023 0.315933 0.398066 0.313600 0.400160 0.312247 0.402988
0 0.660920 0.891520 0.661605 0.894575 0.661883 0.895255 0.663689 0.897819 0.666338 0.899498 0.669428 0.900035 0.672488 0.899348 0.675053 0.897543 0.676731 0.894894 0.677268 0.891804 0.676582 0.888744 0.676278 0.888075 0.674476 0.885515 0.671831 0.883839 0.668746 0.883304 0.665691 0.883989 0.663131 0.885791 0.661456 0.888436
0 0.701233 0.728730 0.701325 0.730820 0.701858 0.732444 0.703528 0.735609 0.704883 0.736723 0.706961 0.737476 0.709444 0.737751 0.711950 0.737505 0.714094 0.736776 0.715546 0.735677 0.716903 0.732523 0.717576 0.730902 0.717494 0.728808 0.716928 0.727191 0.715214 0.725820 0.712755 0.724034 0.711195 0.723482 0.709340 0.723283 0.707469 0.723467 0.705865 0.724005 0.704770 0.724817 0.701934 0.727122
0 0.393621 0.586654 0.394504 0.589663 0.396471 0.592106 0.399224 0.593609 0.402342 0.593945 0.405351 0.593062 0.407794 0.591095 0.407952 0.590938 0.409453 0.588190 0.409789 0.585077 0.408907 0.582073 0.406943 0.579635 0.404195 0.578134 0.401083 0.577798 0.398078 0.578680 0.397903 0.578816 0.395460 0.580783 0.393957 0.583535
0 0.414086 0.801044 0.414178 0.804178 0.415461 0.807038 0.417742 0.809189 0.420672 0.810304 0.423806 0.810212 0.426666 0.808928 0.428816 0.806648 0.429931 0.803717 0.430052 0.803195 0.429960 0.800067 0.428679 0.797212 0.426402 0.795065 0.423477 0.793952 0.420349 0.794044 0.417494 0.795325 0.415346 0.797602 0.414234 0.800527
0 0.588316 0.769668 0.588994 0.772723 0.589147 0.773193 0.590946 0.775761 0.593590 0.777445 0.596677 0.777989 0.599738 0.777310 0.602306 0.775512 0.603989 0.772867 0.604534 0.769780 0.603854 0.766719 0.603676 0.766261 0.601881 0.763698 0.599241 0.762016 0.596159 0.761473 0.593104 0.762151 0.590541 0.763946 0.588859 0.766586
0 0.669205 0.275624 0.670171 0.277736 0.673252 0.280554 0.673978 0.280993 0.675496 0.280941 0.677578 0.280402 0.679904 0.279459 0.682116 0.278256 0.683875 0.276978 0.684910 0.275822 0.685065 0.274965 0.684950 0.270735 0.683991 0.268614 0.683061 0.268090 0.679114 0.266698 0.677971 0.266754 0.676413 0.267169 0.674678 0.267879 0.673026 0.268777 0.671707 0.269728 0.670922 0.270587 0.669429 0.274555
0 0.672597 0.193344 0.672709 0.196473 0.674010 0.199321 0.676302 0.201454 0.679235 0.202547 0.682364 0.202435 0.685212 0.201134 0.687345 0.198842 0.687668 0.198324 0.688763 0.195385 0.688651 0.192251 0.687347 0.189398 0.685052 0.187261 0.682113 0.186166 0.678979 0.186278 0.676126 0.187582 0.673989 0.189877 0.673690 0.190411
0 0.039964 0.797618 0.040579 0.799955 0.040791 0.800271 0.043409 0.803638 0.044552 0.803571 0.046493 0.803186 0.048933 0.802544 0.051497 0.801743 0.053789 0.800906 0.055458 0.800162 0.056254 0.799624 0.056856 0.795269 0.056242 0.792937 0.055999 0.792638 0.051982 0.790390 0.051122 0.790453 0.049674 0.790745 0.047859 0.791223 0.045948 0.791814 0.044232 0.792430 0.042969 0.792976 0.042355 0.793371
0 0.535665 0.904643 0.535727 0.905340 0.536196 0.908439 0.537816 0.911123 0.540339 0.912983 0.543382 0.913736 0.546482 0.913267 0.549166 0.911647 0.551026 0.909123 0.551778 0.906080 0.551689 0.905382 0.551221 0.902288 0.549604 0.899608 0.547085 0.897751 0.544047 0.897000 0.540953 0.897469 0.538273 0.899086 0.536416 0.901605
0 0.621502 0.416364 0.622620 0.419287 0.624772 0.421560 0.627630 0.422835 0.630758 0.422921 0.633681 0.421802 0.633911 0.421667 0.636188 0.419512 0.637465 0.416649 0.637551 0.413516 0.636430 0.410588 0.634275 0.408311 0.631412 0.407033 0.628279 0.406948 0.625351 0.408068 0.625135 0.408226 0.622863 0.410378 0.621587 0.413236
0 0.684958 0.355645 0.685450 0.357348 0.686365 0.359471 0.687562 0.361687 0.688856 0.363655 0.690049 0.365073 0.690958 0.365724 0.695145 0.365218 0.695746 0.364956 0.697845 0.363804 0.699204 0.359442 0.699190 0.358670 0.698810 0.357394 0.698120 0.355809 0.697227 0.354155 0.696265 0.352681 0.695378 0.351610 0.694702 0.351105 0.690351 0.349928 0.689739 0.350159 0.687641 0.351322 0.684962 0.354621
0 0.078447 0.448086 0.078724 0.451210 0.080175 0.453991 0.082580 0.456004 0.085572 0.456944 0.086284 0.457018 0.089403 0.456741 0.092179 0.455293 0.094188 0.452892 0.095127 0.449905 0.094850 0.446786 0.093402 0.444011 0.091001 0.442001 0.088014 0.441063 0.087304 0.440961 0.084180 0.441238 0.081400 0.442689 0.079387 0.445094
0 0.625896 0.778165 0.625996 0.780585 0.629347 0.783878 0.629924 0.784179 0.631143 0.784401 0.632820 0.784512 0.634699 0.784494 0.636499 0.784351 0.637947 0.784104 0.638822 0.783790 0.641766 0.780438 0.642053 0.779876 0.641942 0.777451 0.640152 0.773489 0.639399 0.773072 0.637779 0.772761 0.635537 0.772605 0.633019 0.772629 0.630612 0.772828 0.628685 0.773171 0.627534 0.773606 0.627329 0.774066
0 0.069174 0.230697 0.070049 0.233707 0.072009 0.236153 0.072745 0.236607 0.075488 0.238114 0.078598 0.238457 0.081603 0.237584 0.084045 0.235627 0.085553 0.232884 0.085896 0.229773 0.085023 0.226768 0.083065 0.224326 0.082348 0.223852 0.079600 0.222341 0.076484 0.221998 0.073474 0.222873 0.071028 0.224833 0.069517 0.227581
0 0.495347 0.832261 0.495576 0.833009 0.497845 0.836671 0.499763 0.838058 0.500741 0.837949 0.504911 0.837241 0.505823 0.836567 0.506927 0.835388 0.508054 0.833883 0.509035 0.832279 0.509721 0.830819 0.510009 0.829723 0.509229 0.825445 0.508969 0.824497 0.507050 0.823121 0.502937 0.822184 0.502159 0.822244 0.500937 0.823121 0.499455 0.824683 0.497940 0.826692 0.496626 0.828841 0.495715 0.830797
0 0.853380 0.849413 0.853631 0.850597 0.854301 0.852479 0.855288 0.854776 0.856444 0.857142 0.857594 0.859222 0.858566 0.860700 0.859210 0.861348 0.863615 0.861291 0.865835 0.860337 0.866120 0.859980 0.867741 0.855703 0.867565 0.854815 0.867065 0.853394 0.866319 0.851658 0.865441 0.849873 0.864566 0.848313 0.863827 0.847216 0.863338 0.846749 0.858792 0.845046 0.856577 0.845998 0.853586 0.849111
0 0.300340 0.034012 0.301252 0.037011 0.301594 0.037807 0.303582 0.040224 0.306343 0.041697 0.309458 0.042001 0.312452 0.041090 0.314869 0.039102 0.316342 0.036340 0.316645 0.033226 0.315735 0.030232 0.315417 0.029423 0.313426 0.027002 0.310660 0.025526 0.307540 0.025222 0.304541 0.026135 0.302119 0.028126 0.300644 0.030892
0 0.561457 0.303025 0.561625 0.305142 0.562763 0.306503 0.565709 0.308470 0.567007 0.309048 0.568724 0.309302 0.570601 0.309193 0.572354 0.308740 0.573719 0.308008 0.576085 0.305734 0.577369 0.304233 0.577464 0.302678 0.577286 0.300557 0.575405 0.297277 0.574512 0.296172 0.572786 0.295384 0.570489 0.295036 0.567975 0.295181 0.565630 0.295797 0.563815 0.296790 0.562807 0.298004 0.561518 0.301467
0 0.237291 0.463389 0.237865 0.467661 0.239067 0.469757 0.243627 0.471168 0.243972 0.471207 0.244914 0.470884 0.246308 0.470251 0.247943 0.469404 0.249572 0.468470 0.250948 0.467591 0.251865 0.466899 0.252181 0.466499 0.253329 0.461983 0.252130 0.459891 0.248707 0.457179 0.248255 0.457103 0.247001 0.457511 0.245131 0.458344 0.242934 0.459474 0.240745 0.460729 0.238903 0.461915 0.237691 0.462849
0 0.825832 0.439171 0.825863 0.442300 0.827089 0.445179 0.829324 0.447370 0.832227 0.448539 0.835357 0.448507 0.835934 0.448419 0.838818 0.447190 0.841013 0.444951 0.842183 0.442043 0.842152 0.438908 0.840923 0.436024 0.838685 0.433830 0.835776 0.432659 0.832642 0.432691 0.832070 0.432806 0.829191 0.434033 0.827000 0.436268
0 0.807639 0.198107 0.807718 0.200636 0.807946 0.202787 0.808287 0.204233 0.808688 0.204754 0.812749 0.206207 0.815189 0.206094 0.818659 0.202648 0.818949 0.202293 0.819195 0.201242 0.819361 0.199657 0.819422 0.197778 0.819368 0.195888 0.819208 0.194273 0.818965 0.193178 0.818676 0.192771 0.815212 0.189648 0.812766 0.189770 0.808695 0.191620 0.808293 0.192078 0.807950 0.193472 0.807720 0.195589
0 0.321521 0.540255 0.321864 0.541316 0.324710 0.544408 0.325617 0.545010 0.327089 0.545490 0.328901 0.545776 0.330780 0.545825 0.332443 0.545630 0.333637 0.545219 0.336717 0.542672 0.337629 0.541727 0.337790 0.539458 0.337480 0.538394 0.336203 0.534677 0.335009 0.533858 0.333051 0.533202 0.330627 0.532811 0.328110 0.532745 0.325886 0.533015 0.324299 0.533578 0.323588 0.534348 0.321692 0.537982
