0 0.536962 0.303542 0.537237 0.305402 0.537768 0.306990 0.538476 0.308065 0.541282 0.310736 0.542584 0.311404 0.544777 0.311196 0.546006 0.310633 0.549307 0.308783 0.550083 0.307412 0.550526 0.305328 0.550567 0.302850 0.550200 0.300358 0.549481 0.298237 0.548521 0.296812 0.547468 0.296298 0.543703 0.295009 0.541505 0.295207 0.540285 0.295802 0.537874 0.299090 0.537307 0.300127 0.536987 0.301691
0 0.097339 0.387257 0.097352 0.390392 0.098564 0.393284 0.100790 0.395491 0.103691 0.396679 0.104372 0.396856 0.107502 0.396843 0.110388 0.395633 0.112592 0.393412 0.113777 0.390515 0.113764 0.387386 0.112555 0.384499 0.110333 0.382296 0.107436 0.381110 0.106760 0.380906 0.103625 0.380918 0.100734 0.382130 0.098527 0.384356
0 0.174518 0.986988 0.174664 0.990119 0.175996 0.992957 0.176361 0.993419 0.178220 0.995113 0.180586 0.995967 0.181263 0.996133 0.184394 0.995987 0.187232 0.994654 0.189343 0.992337 0.189877 0.991491 0.190939 0.988547 0.190794 0.985421 0.189464 0.982588 0.187150 0.980481 0.184207 0.979418 0.181081 0.979564 0.178248 0.980894 0.176140 0.983207 0.175583 0.984039
0 0.059968 0.956064 0.059996 0.959200 0.061223 0.962086 0.063461 0.964283 0.066370 0.965457 0.069506 0.965428 0.072392 0.964201 0.074589 0.961963 0.075321 0.961169 0.076492 0.958265 0.076463 0.955135 0.076107 0.954160 0.075130 0.951862 0.073348 0.950112 0.071032 0.949178 0.070101 0.948889 0.066970 0.948917 0.064089 0.950142 0.061895 0.952376 0.061141 0.953155
0 0.842913 0.717696 0.843874 0.720674 0.845902 0.723058 0.846498 0.723442 0.849289 0.724870 0.852413 0.725122 0.855397 0.724159 0.857784 0.722127 0.859212 0.719337 0.859465 0.716212 0.858501 0.713229 0.856470 0.710841 0.855857 0.710478 0.853071 0.709053 0.849952 0.708801 0.846974 0.709763 0.844590 0.711791 0.843164 0.714576
0 0.636957 0.457665 0.637807 0.460679 0.639746 0.463137 0.642478 0.464667 0.645587 0.465034 0.645838 0.464974 0.648856 0.464122 0.651319 0.462180 0.652851 0.459444 0.653219 0.456329 0.652368 0.453311 0.650426 0.450848 0.647689 0.449316 0.644575 0.448948 0.641556 0.449799 0.641313 0.449886 0.638854 0.451824 0.637325 0.454556
0 0.018449 0.476128 0.018668 0.479256 0.020068 0.482063 0.022436 0.484120 0.025410 0.485115 0.026226 0.485140 0.029349 0.484921 0.032151 0.483523 0.034204 0.481160 0.035197 0.478191 0.034978 0.475068 0.033581 0.472266 0.031217 0.470213 0.028248 0.469219 0.027436 0.469166 0.024307 0.469386 0.021500 0.470786 0.019444 0.473153
0 0.905290 0.771891 0.906082 0.774919 0.907971 0.777413 0.908674 0.777891 0.911379 0.779475 0.914484 0.779904 0.917517 0.779111 0.920016 0.777218 0.921601 0.774513 0.922029 0.771407 0.921236 0.768374 0.919344 0.765875 0.918623 0.765418 0.915922 0.763837 0.912822 0.763409 0.909794 0.764201 0.907300 0.766090 0.905718 0.768791
0 0.532679 0.107264 0.533640 0.110243 0.535668 0.112627 0.538453 0.114053 0.541572 0.114305 0.544551 0.113344 0.546935 0.111317 0.548361 0.108531 0.548445 0.107857 0.548697 0.104733 0.547734 0.101749 0.545704 0.099361 0.542913 0.097932 0.539789 0.097680 0.536805 0.098642 0.534417 0.100673 0.532988 0.103464 0.532932 0.104145
0 0.822408 0.764081 0.823318 0.767075 0.825304 0.769493 0.825864 0.769957 0.828630 0.771433 0.831750 0.771739 0.834749 0.770827 0.837172 0.768838 0.838648 0.766072 0.838954 0.762952 0.838042 0.759953 0.836052 0.757530 0.835475 0.757088 0.832714 0.755614 0.829599 0.755308 0.826605 0.756219 0.824187 0.758205 0.822713 0.760966
0 0.695412 0.352872 0.695417 0.356910 0.696310 0.358930 0.697422 0.359781 0.701211 0.360948 0.702450 0.361071 0.704075 0.360788 0.705840 0.360143 0.707481 0.359233 0.708748 0.358195 0.709448 0.357186 0.711125 0.353518 0.711171 0.352134 0.710267 0.350115 0.707277 0.347436 0.706401 0.346734 0.704750 0.346553 0.702575 0.346923 0.700209 0.347787 0.698017 0.349013 0.696337 0.350411 0.695423 0.351766
0 0.812073 0.799120 0.812099 0.802249 0.813321 0.805130 0.815552 0.807325 0.816095 0.807854 0.819002 0.809029 0.822137 0.809003 0.825023 0.807779 0.827221 0.805544 0.828396 0.802638 0.828370 0.799503 0.827146 0.796617 0.824911 0.794419 0.824353 0.793912 0.821451 0.792739 0.818322 0.792765 0.815441 0.793987 0.813246 0.796218
0 0.221641 0.289948 0.221736 0.293082 0.223022 0.295943 0.225306 0.298092 0.225778 0.298440 0.228705 0.299550 0.231835 0.299456 0.234690 0.298171 0.236836 0.295892 0.237947 0.292965 0.237852 0.289835 0.236568 0.286980 0.234288 0.284834 0.233831 0.284463 0.230898 0.283351 0.227764 0.283445 0.224903 0.284732 0.222754 0.287015
0 0.345433 0.473413 0.345767 0.476530 0.347268 0.479282 0.349708 0.481250 0.352715 0.482135 0.352968 0.482166 0.356080 0.481832 0.358828 0.480334 0.360792 0.477898 0.361676 0.474896 0.361342 0.471784 0.359844 0.469036 0.357408 0.467072 0.354405 0.466189 0.354155 0.466130 0.351038 0.466464 0.348285 0.467965 0.346317 0.470406
0 0.047150 0.870513 0.048021 0.873525 0.048151 0.873859 0.049722 0.875823 0.049978 0.875974 0.052724 0.877487 0.055839 0.877835 0.058851 0.876964 0.061299 0.875006 0.062053 0.874362 0.063564 0.871621 0.063911 0.868511 0.063042 0.865505 0.061088 0.863060 0.058347 0.861549 0.055237 0.861202 0.052231 0.862072 0.049786 0.864026 0.049011 0.864653 0.047497 0.867398
0 0.198943 0.041074 0.199298 0.044191 0.200819 0.046933 0.201333 0.047712 0.203784 0.049661 0.206794 0.050524 0.209904 0.050169 0.212642 0.048651 0.214591 0.046200 0.215453 0.043190 0.215099 0.040079 0.213580 0.037341 0.213087 0.036545 0.210632 0.034593 0.207617 0.033729 0.204501 0.034084 0.201759 0.035605 0.199807 0.038059
0 0.254069 0.832755 0.254330 0.835879 0.255767 0.838665 0.258161 0.840690 0.261147 0.841644 0.264271 0.841382 0.267057 0.839945 0.269082 0.837552 0.269479 0.836971 0.270431 0.833990 0.270170 0.830872 0.268735 0.828090 0.266346 0.826069 0.263365 0.825117 0.260246 0.825378 0.257465 0.826813 0.255444 0.829202 0.255023 0.829769
0 0.163691 0.089745 0.164295 0.092218 0.166903 0.096028 0.167485 0.096071 0.168958 0.095923 0.171098 0.095604 0.173578 0.095165 0.176016 0.094672 0.178036 0.094202 0.179329 0.093827 0.179703 0.093603 0.180314 0.089192 0.179721 0.086722 0.175677 0.083821 0.175231 0.083803 0.174123 0.083925 0.172523 0.084168 0.170672 0.084496 0.168849 0.084859 0.167330 0.085203 0.166346 0.085474 0.166048 0.085632
0 0.000000 0.088140 0.000463 0.089063 0.004098 0.091118 0.005665 0.091194 0.007669 0.090603 0.009806 0.089437 0.011756 0.087872 0.013225 0.086143 0.013991 0.084510 0.013936 0.083220 0.012758 0.079193 0.011248 0.077313 0.010151 0.076363 0.005765 0.075863 0.004587 0.075786 0.003073 0.076218 0.001454 0.077092 0.000000 0.078275
0 0.548900 0.568194 0.549256 0.570146 0.550113 0.572395 0.551338 0.574596 0.552744 0.576408 0.554114 0.577554 0.555237 0.577861 0.559249 0.577571 0.561252 0.576525 0.562125 0.575808 0.563252 0.571710 0.563382 0.570688 0.563103 0.569227 0.562457 0.567549 0.561542 0.565906 0.560497 0.564548 0.559478 0.563679 0.555851 0.562443 0.554450 0.562031 0.552455 0.563083 0.551563 0.563774 0.549096 0.566837
0 0.968964 0.424381 0.969974 0.427345 0.972042 0.429695 0.974852 0.431076 0.977977 0.431276 0.978800 0.431158 0.981768 0.430146 0.984123 0.428074 0.985506 0.425259 0.985707 0.422129 0.984695 0.419161 0.982623 0.416806 0.979808 0.415423 0.976678 0.415223 0.975859 0.415368 0.972896 0.416379 0.970545 0.418447 0.969164 0.421257
0 0.662665 0.445441 0.663726 0.448387 0.665834 0.450702 0.668667 0.452035 0.671794 0.452181 0.672090 0.452099 0.675041 0.451036 0.677360 0.448925 0.678695 0.446087 0.678842 0.442954 0.677779 0.440003 0.675668 0.437684 0.672830 0.436349 0.669697 0.436202 0.666746 0.437265 0.666459 0.437373 0.664144 0.439481 0.662812 0.442314
0 0.486862 0.063783 0.486885 0.064533 0.487097 0.067655 0.488488 0.070459 0.490846 0.072516 0.493812 0.073515 0.496934 0.073303 0.499738 0.071912 0.501795 0.069554 0.502794 0.066588 0.502799 0.065842 0.502586 0.062714 0.501193 0.059906 0.498831 0.057845 0.495860 0.056844 0.492732 0.057057 0.489924 0.058450 0.487863 0.060812
0 0.152436 0.574309 0.153560 0.577235 0.155719 0.579508 0.158583 0.580783 0.161717 0.580863 0.162299 0.580724 0.165220 0.579602 0.167489 0.577447 0.168762 0.574588 0.168842 0.571459 0.167720 0.568538 0.165565 0.566269 0.162706 0.564996 0.159577 0.564916 0.158991 0.565028 0.156065 0.566152 0.153791 0.568310 0.152517 0.571175
0 0.459801 0.916282 0.460084 0.917667 0.463059 0.920430 0.463895 0.921027 0.466066 0.921795 0.467254 0.921171 0.470797 0.919306 0.471611 0.918260 0.472407 0.916703 0.473065 0.914869 0.473485 0.913037 0.473604 0.911482 0.473404 0.910441 0.471597 0.906423 0.470778 0.905800 0.468609 0.905043 0.464530 0.905377 0.463577 0.905849 0.462479 0.907224 0.461403 0.909296 0.460515 0.911747 0.459952 0.914202
0 0.719109 0.819159 0.719933 0.821424 0.720426 0.822146 0.724466 0.824137 0.725424 0.824294 0.726894 0.824147 0.728652 0.823718 0.730429 0.823071 0.731950 0.822308 0.732983 0.821544 0.733371 0.820898 0.735275 0.816744 0.734449 0.814473 0.733924 0.813768 0.731120 0.810601 0.729838 0.810415 0.727885 0.810627 0.725558 0.811205 0.723209 0.812060 0.721189 0.813063 0.719804 0.814065 0.719265 0.814914
0 0.755405 0.185208 0.755821 0.188311 0.757392 0.191019 0.759880 0.192920 0.762906 0.193724 0.766009 0.193309 0.768717 0.191738 0.769180 0.191207 0.771084 0.188715 0.771889 0.185683 0.771473 0.182575 0.769900 0.179862 0.767407 0.177958 0.764376 0.177153 0.761268 0.177569 0.758555 0.179142 0.758110 0.179694 0.756210 0.182182
0 0.485088 0.048738 0.485114 0.049514 0.486304 0.052408 0.488511 0.054626 0.491400 0.055831 0.494529 0.055839 0.497423 0.054649 0.499642 0.052441 0.500847 0.049553 0.500856 0.045643 0.499664 0.042743 0.497452 0.040521 0.494559 0.039314 0.491424 0.039306 0.488525 0.040499 0.486303 0.042710 0.485096 0.045603
0 0.198700 0.664977 0.199182 0.668075 0.200812 0.670752 0.203343 0.672602 0.206389 0.673343 0.209487 0.672861 0.209986 0.672564 0.212659 0.670937 0.214506 0.668410 0.215246 0.665370 0.214765 0.662277 0.213138 0.659604 0.210611 0.657757 0.207570 0.657018 0.204478 0.657499 0.203969 0.657770 0.201291 0.659400 0.199441 0.661931
0 0.019261 0.823925 0.019503 0.825969 0.019750 0.827693 0.021786 0.830611 0.022983 0.831700 0.024994 0.832327 0.027512 0.832395 0.030148 0.831893 0.032498 0.830899 0.034201 0.829568 0.035002 0.828105 0.036292 0.824569 0.036061 0.822529 0.035783 0.820820 0.034276 0.819482 0.031310 0.818084 0.029804 0.817623 0.027925 0.817572 0.025955 0.817940 0.024192 0.818672 0.022903 0.819657 0.020294 0.822104
0 0.306594 0.418532 0.306636 0.421667 0.307873 0.424547 0.310119 0.426734 0.313031 0.427896 0.313352 0.428020 0.316482 0.427978 0.319357 0.426743 0.321540 0.424501 0.322700 0.421594 0.322658 0.418465 0.321423 0.415589 0.319181 0.413406 0.318869 0.413257 0.315958 0.412095 0.312823 0.412137 0.309943 0.413375 0.307756 0.415621
0 0.591754 0.937077 0.592048 0.940193 0.592206 0.940951 0.593673 0.943721 0.596088 0.945720 0.599084 0.946642 0.602205 0.946348 0.604976 0.944881 0.606975 0.942466 0.607897 0.939469 0.607602 0.936348 0.607417 0.935598 0.605953 0.932832 0.603542 0.930837 0.600551 0.929917 0.597435 0.930211 0.594669 0.931675 0.592674 0.934086
0 0.947632 0.797952 0.948431 0.800978 0.950327 0.803469 0.951102 0.803991 0.953811 0.805569 0.956917 0.805990 0.959948 0.805190 0.962443 0.803291 0.962566 0.803097 0.963832 0.800923 0.964021 0.800582 0.964442 0.797476 0.963642 0.794445 0.961743 0.791950 0.960950 0.791448 0.958245 0.789873 0.955144 0.789453 0.952118 0.790251 0.949628 0.792147 0.948053 0.794851
0 0.032015 0.882062 0.032936 0.885060 0.034934 0.887478 0.037705 0.888946 0.040827 0.889243 0.043825 0.888322 0.046243 0.886325 0.047023 0.885660 0.048489 0.882894 0.048785 0.879777 0.047866 0.876784 0.047749 0.876467 0.046158 0.874541 0.045871 0.874371 0.043105 0.872905 0.039988 0.872608 0.036995 0.873528 0.036198 0.874171 0.033780 0.876169 0.032312 0.878940
0 0.910419 0.170433 0.911539 0.173356 0.913692 0.175627 0.916550 0.176902 0.919678 0.176986 0.922600 0.175866 0.923328 0.175308 0.925603 0.173152 0.926880 0.170289 0.926964 0.167155 0.925843 0.164227 0.923686 0.161952 0.920823 0.160675 0.917689 0.160591 0.914762 0.161713 0.914049 0.162294 0.911778 0.164447 0.910503 0.167305
0 0.409302 0.577931 0.409981 0.580993 0.411780 0.583562 0.414425 0.585247 0.417513 0.585792 0.420575 0.585113 0.423144 0.583314 0.423276 0.583171 0.424959 0.580531 0.425502 0.577447 0.424825 0.574390 0.423029 0.571826 0.420388 0.570143 0.417305 0.569600 0.414248 0.570277 0.411684 0.572073 0.411532 0.572197 0.409846 0.574842
0 0.053103 0.911631 0.053471 0.914745 0.055003 0.917482 0.057465 0.919424 0.060484 0.920276 0.063598 0.919908 0.066335 0.918376 0.067081 0.917656 0.069019 0.915198 0.069869 0.912185 0.069502 0.909075 0.069210 0.908401 0.067990 0.906221 0.066029 0.904675 0.065514 0.904405 0.062501 0.903555 0.059392 0.903922 0.056660 0.905452 0.055896 0.906150 0.053954 0.908613
0 0.917461 0.381663 0.918292 0.384681 0.920214 0.387150 0.922935 0.388696 0.926040 0.389083 0.926774 0.388892 0.929797 0.388060 0.932270 0.386134 0.933819 0.383409 0.934206 0.380298 0.933374 0.377275 0.931449 0.374802 0.928723 0.373253 0.925612 0.372865 0.922590 0.373697 0.921863 0.373915 0.919394 0.375837 0.917848 0.378558
0 0.726130 0.054310 0.726302 0.056070 0.726982 0.057852 0.728068 0.059387 0.729396 0.060443 0.731607 0.061796 0.733887 0.062492 0.735895 0.062018 0.737579 0.060997 0.739011 0.059418 0.740762 0.056588 0.741271 0.054628 0.741059 0.052273 0.740157 0.049883 0.738702 0.047827 0.736919 0.046421 0.735082 0.045881 0.731897 0.046018 0.729889 0.046524 0.728198 0.047538 0.726786 0.049143 0.726179 0.051598
