0 0.166148 0.226222 0.166246 0.228747 0.166925 0.230938 0.168079 0.232462 0.170909 0.234393 0.172717 0.235173 0.174712 0.235451 0.176611 0.234995 0.178316 0.233377 0.179970 0.231353 0.180725 0.229831 0.181097 0.227988 0.181031 0.226102 0.180535 0.224459 0.179254 0.221915 0.177836 0.219993 0.176037 0.219181 0.174037 0.218912 0.172127 0.219339 0.169047 0.220435 0.167666 0.221721 0.166647 0.223753
0 0.841508 0.088649 0.841865 0.091758 0.843384 0.094494 0.845834 0.096440 0.848843 0.097301 0.851952 0.096945 0.854689 0.095425 0.855299 0.094729 0.857249 0.092274 0.858111 0.089260 0.857754 0.086146 0.856232 0.083405 0.853777 0.081455 0.850763 0.080593 0.847649 0.080950 0.844908 0.082472 0.844315 0.083189 0.842369 0.085640
0 0.764286 0.775986 0.764554 0.779104 0.765994 0.781882 0.766452 0.782367 0.768851 0.784386 0.771839 0.785333 0.774963 0.785065 0.777745 0.783622 0.779764 0.781224 0.780712 0.778235 0.780443 0.775112 0.779000 0.772329 0.778520 0.771861 0.776126 0.769845 0.773143 0.768900 0.770025 0.769167 0.767247 0.770608 0.765231 0.773002
0 0.288861 0.939450 0.288928 0.941049 0.289433 0.943217 0.290298 0.945623 0.291391 0.947897 0.292545 0.949687 0.293580 0.950719 0.294340 0.950838 0.298608 0.950618 0.300786 0.949570 0.301232 0.948562 0.302855 0.944440 0.302788 0.943240 0.302399 0.941622 0.301748 0.939832 0.300935 0.938141 0.300080 0.936802 0.299314 0.936019 0.295341 0.934538 0.294398 0.934356 0.292225 0.935401 0.289240 0.938662
0 0.656590 0.353064 0.657342 0.356102 0.659199 0.358621 0.661879 0.360237 0.664973 0.360705 0.668011 0.359953 0.670530 0.358096 0.670824 0.357852 0.672443 0.355167 0.672912 0.352068 0.672158 0.349025 0.670298 0.346501 0.667613 0.344882 0.664514 0.344413 0.661471 0.345167 0.658947 0.347027 0.658674 0.347290 0.657058 0.349970
0 0.497488 0.598282 0.498460 0.601262 0.500497 0.603644 0.503292 0.605065 0.506418 0.605308 0.509398 0.604336 0.511780 0.602299 0.513201 0.599504 0.513444 0.596378 0.513421 0.596213 0.512451 0.593237 0.510416 0.590859 0.507626 0.589441 0.504506 0.589199 0.501531 0.590169 0.499153 0.592203 0.497735 0.594993 0.497492 0.598113
0 0.818169 0.118463 0.818535 0.120025 0.819832 0.122879 0.821049 0.124559 0.822692 0.125065 0.824732 0.125365 0.828353 0.124214 0.829818 0.123613 0.831203 0.122093 0.832295 0.119885 0.832926 0.117326 0.832997 0.114808 0.832498 0.112721 0.831506 0.111384 0.828665 0.109305 0.827004 0.108827 0.824962 0.108517 0.823138 0.109301 0.820518 0.111862 0.819492 0.113013 0.818686 0.114671 0.818222 0.116584
0 0.931512 0.767347 0.932637 0.772023 0.933219 0.772389 0.934376 0.773102 0.935933 0.774054 0.937653 0.775099 0.939270 0.776077 0.940538 0.776838 0.941260 0.777265 0.941329 0.777294 0.946003 0.776124 0.947254 0.774056 0.947885 0.769731 0.947804 0.769680 0.946848 0.769101 0.945161 0.768080 0.943002 0.766774 0.940703 0.765385 0.938619 0.764126 0.936287 0.762719 0.932760 0.765283
0 0.383712 0.668275 0.384368 0.671987 0.384877 0.673334 0.386270 0.674657 0.388335 0.675753 0.390755 0.676451 0.393157 0.676646 0.395171 0.676307 0.396491 0.675488 0.398886 0.672656 0.399415 0.671197 0.399974 0.669147 0.399309 0.667475 0.397231 0.664651 0.396179 0.663670 0.394633 0.662858 0.392827 0.662336 0.391033 0.662184 0.389523 0.662425 0.386489 0.663773 0.384822 0.664772 0.384263 0.666219
0 0.610067 0.493229 0.611328 0.495040 0.612241 0.495954 0.615520 0.497947 0.616977 0.498057 0.618934 0.497523 0.621093 0.496426 0.623122 0.494933 0.624707 0.493275 0.625606 0.491707 0.625684 0.490468 0.624962 0.486594 0.623707 0.484773 0.622770 0.483882 0.618635 0.483352 0.617541 0.483286 0.616078 0.483698 0.614468 0.484524 0.612954 0.485638 0.611764 0.486873 0.611079 0.488041 0.610194 0.491680
0 0.856682 0.887733 0.857355 0.890789 0.859145 0.893356 0.859764 0.894033 0.862405 0.895722 0.865491 0.896271 0.868553 0.895598 0.871124 0.893804 0.872813 0.891163 0.873362 0.888076 0.872689 0.885015 0.870895 0.882444 0.870257 0.881786 0.867621 0.880101 0.864540 0.879552 0.861483 0.880224 0.858917 0.882015 0.857231 0.884652
0 0.383727 0.520286 0.384179 0.523389 0.385784 0.526082 0.388297 0.527955 0.391336 0.528725 0.394438 0.528273 0.394620 0.528224 0.397308 0.526623 0.399179 0.524114 0.399947 0.521080 0.399496 0.517983 0.397894 0.515295 0.395385 0.513424 0.392352 0.512656 0.392166 0.512677 0.389064 0.513130 0.386371 0.514734 0.384497 0.517247
0 0.070882 0.059098 0.071687 0.063497 0.072633 0.064196 0.074428 0.065037 0.076797 0.065891 0.079375 0.066627 0.081765 0.067132 0.083601 0.067329 0.084606 0.067190 0.087048 0.063736 0.087550 0.061349 0.087575 0.060793 0.085060 0.056593 0.084341 0.056077 0.082995 0.055453 0.081227 0.054816 0.079303 0.054260 0.077513 0.053871 0.076130 0.053708 0.075363 0.053796 0.071433 0.056150 0.070940 0.058545
0 0.892750 0.206303 0.892828 0.207654 0.893252 0.208104 0.896696 0.210650 0.899039 0.211219 0.903284 0.208831 0.903827 0.208440 0.904500 0.207375 0.905201 0.205798 0.905823 0.203950 0.906270 0.202113 0.906472 0.200570 0.906400 0.199558 0.904221 0.195755 0.903667 0.195216 0.901319 0.194646 0.896943 0.195299 0.896231 0.195844 0.895350 0.197278 0.894433 0.199379 0.893618 0.201829 0.893027 0.204259
0 0.762599 0.630090 0.762850 0.633209 0.764275 0.635995 0.766659 0.638024 0.767118 0.638261 0.770101 0.639225 0.773226 0.638973 0.776016 0.637546 0.778048 0.635158 0.779012 0.632175 0.778760 0.629050 0.777332 0.626259 0.774945 0.624228 0.774472 0.624014 0.771495 0.623052 0.768375 0.623303 0.765589 0.624729 0.763561 0.627112
0 0.405013 0.817612 0.406451 0.820942 0.407207 0.822352 0.408827 0.823507 0.411065 0.824228 0.413577 0.824405 0.415977 0.824009 0.417895 0.823103 0.419039 0.821827 0.420768 0.818719 0.421012 0.816912 0.421120 0.814872 0.420151 0.813128 0.417495 0.811070 0.416275 0.810217 0.414601 0.809685 0.412725 0.809553 0.410932 0.809841 0.409491 0.810508 0.406839 0.812193 0.405388 0.813766 0.405111 0.815568
0 0.879399 0.625509 0.879521 0.628636 0.880831 0.631478 0.883128 0.633603 0.886064 0.634687 0.886729 0.634919 0.889861 0.634796 0.892709 0.633484 0.894837 0.631183 0.895923 0.628242 0.895800 0.625109 0.894489 0.622262 0.892187 0.620134 0.889246 0.619048 0.888577 0.618843 0.885450 0.618966 0.882607 0.620275 0.880483 0.622573
0 0.294799 0.056308 0.295911 0.059239 0.296262 0.059997 0.298407 0.062275 0.301261 0.063559 0.304390 0.063654 0.307315 0.062544 0.309594 0.060399 0.310878 0.057544 0.310972 0.054416 0.309862 0.051490 0.309535 0.050718 0.307386 0.048436 0.304527 0.047149 0.301393 0.047055 0.298463 0.048167 0.296180 0.050316 0.294894 0.053175
0 0.540681 0.896978 0.540751 0.897662 0.541292 0.900751 0.542973 0.903399 0.545540 0.905201 0.548601 0.905884 0.551690 0.905344 0.554338 0.903663 0.556140 0.901096 0.556823 0.898035 0.556726 0.897351 0.556186 0.894267 0.554508 0.891624 0.551945 0.889825 0.548890 0.889142 0.545806 0.889682 0.543163 0.891360 0.541363 0.893922
0 0.678121 0.303512 0.679105 0.306482 0.681150 0.308851 0.683947 0.310256 0.687068 0.310484 0.690039 0.309501 0.692407 0.307455 0.692739 0.307124 0.694146 0.304322 0.694375 0.301196 0.693389 0.298220 0.691341 0.295847 0.688539 0.294440 0.685413 0.294211 0.682437 0.295197 0.680064 0.297245 0.679755 0.297594 0.678350 0.300390
0 0.805535 0.416004 0.805680 0.417755 0.806006 0.419603 0.806465 0.421271 0.806987 0.422506 0.807494 0.423120 0.811268 0.425666 0.813642 0.425247 0.814346 0.425080 0.817967 0.422841 0.818328 0.421764 0.818423 0.419910 0.818238 0.417559 0.817800 0.415075 0.817176 0.412839 0.816463 0.411196 0.815771 0.410395 0.811601 0.409519 0.809221 0.409939 0.808528 0.410140 0.805849 0.413800 0.805595 0.414615
0 0.574404 0.280566 0.574515 0.283695 0.575814 0.286543 0.578105 0.288678 0.581038 0.289773 0.584167 0.289663 0.587015 0.288363 0.589150 0.286073 0.589303 0.285704 0.590400 0.282766 0.590290 0.279631 0.588988 0.276778 0.586694 0.274640 0.583755 0.273543 0.580621 0.273653 0.577768 0.274955 0.575630 0.277250 0.574533 0.280188
0 0.277470 0.139824 0.277471 0.142959 0.278671 0.145855 0.279052 0.146464 0.281265 0.148676 0.284157 0.149873 0.287286 0.149872 0.290177 0.148674 0.292389 0.146460 0.293587 0.143569 0.293586 0.140439 0.292388 0.137548 0.292030 0.136924 0.289813 0.134708 0.286916 0.133509 0.283781 0.133510 0.280885 0.134710 0.278669 0.136927
0 0.150334 0.817627 0.150772 0.820731 0.152364 0.823432 0.154868 0.825317 0.157904 0.826101 0.161008 0.825664 0.163708 0.824072 0.164286 0.823515 0.166169 0.821015 0.166951 0.817985 0.166514 0.814886 0.164925 0.812190 0.162425 0.810307 0.159395 0.809525 0.156296 0.809962 0.153600 0.811551 0.153004 0.812087 0.151118 0.814592
0 0.722528 0.206156 0.722816 0.209273 0.724275 0.212043 0.726683 0.214044 0.729674 0.214971 0.732791 0.214683 0.735562 0.213224 0.737563 0.210816 0.737972 0.210317 0.738900 0.207322 0.738612 0.204199 0.737150 0.201424 0.734738 0.199420 0.731742 0.198492 0.728619 0.198780 0.725844 0.200242 0.723840 0.202654 0.723455 0.203165
0 0.963997 0.057802 0.964407 0.059576 0.964935 0.061528 0.966534 0.062744 0.969786 0.063579 0.971316 0.063867 0.973185 0.063669 0.975112 0.063016 0.976806 0.062006 0.978008 0.060791 0.980208 0.058099 0.981092 0.056033 0.980712 0.054243 0.980172 0.052285 0.977690 0.049760 0.976417 0.048767 0.974372 0.048373 0.971867 0.048637 0.969290 0.049521 0.967035 0.050886 0.965449 0.052522 0.964769 0.054178
0 0.131428 0.493180 0.132114 0.497464 0.132441 0.497684 0.133708 0.498094 0.135723 0.498633 0.138178 0.499218 0.140693 0.499759 0.142882 0.500172 0.144409 0.500394 0.145046 0.500393 0.147590 0.496849 0.148149 0.494504 0.145715 0.490446 0.145454 0.490291 0.144498 0.489992 0.142993 0.489595 0.141166 0.489160 0.139294 0.488752 0.137659 0.488433 0.136508 0.488252 0.136019 0.488236 0.131988 0.490829
0 0.118330 0.791051 0.119149 0.794078 0.121065 0.796561 0.123785 0.798122 0.126896 0.798524 0.129923 0.797704 0.132406 0.795788 0.133038 0.795280 0.134597 0.792564 0.134997 0.789459 0.134179 0.786437 0.132266 0.783958 0.129551 0.782400 0.126446 0.781999 0.123424 0.782817 0.122775 0.783305 0.120292 0.785221 0.118731 0.787940
0 0.063061 0.169601 0.063104 0.172737 0.064343 0.175618 0.066591 0.177806 0.067336 0.178359 0.070245 0.179518 0.073375 0.179476 0.076251 0.178238 0.078435 0.175995 0.079594 0.173086 0.079551 0.169955 0.078314 0.167079 0.076070 0.164896 0.075340 0.164319 0.072426 0.163158 0.069290 0.163200 0.066409 0.164440 0.064222 0.166687
0 0.675925 0.709228 0.676200 0.712345 0.677646 0.715120 0.677952 0.715491 0.680355 0.717505 0.683345 0.718446 0.686468 0.718171 0.689248 0.716722 0.691262 0.714319 0.692203 0.711329 0.691928 0.708206 0.690479 0.705426 0.690152 0.705073 0.687753 0.703063 0.684768 0.702123 0.681651 0.702398 0.678875 0.703844 0.676865 0.706243
0 0.560141 0.072979 0.560671 0.077480 0.561018 0.078249 0.562859 0.079741 0.566892 0.080879 0.567772 0.080680 0.569113 0.079690 0.570712 0.078058 0.572324 0.076031 0.573700 0.073922 0.574629 0.072055 0.574968 0.070718 0.574667 0.070112 0.572582 0.066263 0.570744 0.064760 0.566186 0.065333 0.565526 0.065502 0.564525 0.066260 0.563334 0.067492 0.562135 0.069010 0.561107 0.070585 0.560407 0.071978
0 0.911015 0.948701 0.912159 0.951615 0.912869 0.952393 0.915044 0.954652 0.917918 0.955907 0.921054 0.955966 0.923973 0.954821 0.926233 0.952646 0.927487 0.949771 0.927547 0.946636 0.926401 0.943716 0.925668 0.942953 0.923497 0.940698 0.920627 0.939445 0.917497 0.939386 0.916586 0.939705 0.914261 0.940618 0.912462 0.942350 0.911463 0.944639 0.911075 0.945571
0 0.926843 0.526921 0.927226 0.530027 0.928769 0.532750 0.931237 0.534675 0.934253 0.535509 0.935001 0.535570 0.938112 0.535186 0.940839 0.533640 0.942768 0.531169 0.943603 0.528147 0.943219 0.525036 0.941673 0.522309 0.939202 0.520380 0.936180 0.519545 0.935431 0.519511 0.932325 0.519894 0.929602 0.521437 0.927677 0.523905
0 0.159766 0.842499 0.160897 0.845423 0.163062 0.847691 0.165929 0.848958 0.169063 0.849031 0.171987 0.847900 0.174255 0.845735 0.174815 0.845141 0.176080 0.842279 0.176153 0.839150 0.175023 0.836231 0.172862 0.833968 0.170000 0.832702 0.166871 0.832630 0.163953 0.833759 0.161689 0.835920 0.161106 0.836498 0.159839 0.839365
0 0.751704 0.763657 0.752517 0.766679 0.754424 0.769160 0.754862 0.769623 0.757578 0.771188 0.760687 0.771595 0.763714 0.770780 0.766200 0.768870 0.767764 0.766153 0.768171 0.763045 0.767356 0.760017 0.765446 0.757532 0.764990 0.757089 0.762278 0.755527 0.759175 0.755122 0.756153 0.755934 0.753671 0.757842 0.752109 0.760554
0 0.706240 0.976388 0.706969 0.981208 0.707248 0.981856 0.708099 0.982868 0.709393 0.984092 0.710935 0.985340 0.712486 0.986420 0.713809 0.987165 0.714701 0.987464 0.719139 0.986806 0.719672 0.986483 0.721053 0.984500 0.722007 0.980184 0.721609 0.979323 0.720456 0.977983 0.718726 0.976369 0.716680 0.974724 0.714628 0.973295 0.712877 0.972298 0.711692 0.971884 0.711254 0.972116 0.707617 0.974408
0 0.900520 0.297764 0.900563 0.300894 0.901801 0.303770 0.904045 0.305953 0.906954 0.307111 0.910084 0.307068 0.912960 0.305830 0.913671 0.305496 0.915858 0.303248 0.917018 0.300334 0.916975 0.297198 0.915735 0.294317 0.913487 0.292130 0.910573 0.290970 0.907437 0.291013 0.904557 0.292254 0.903861 0.292611 0.901678 0.294855
0 0.399618 0.948775 0.399656 0.951911 0.400890 0.954794 0.403134 0.956985 0.406045 0.958151 0.409182 0.958114 0.412065 0.956879 0.414256 0.954635 0.415422 0.951724 0.415567 0.950947 0.415530 0.947816 0.414297 0.944938 0.412057 0.942751 0.409151 0.941587 0.406020 0.941624 0.403142 0.942857 0.400955 0.945097 0.399791 0.948003
0 0.750561 0.487630 0.751509 0.490614 0.753525 0.493009 0.756305 0.494449 0.759425 0.494717 0.759871 0.494708 0.762861 0.493759 0.765260 0.491739 0.766703 0.488954 0.766971 0.485830 0.766022 0.482840 0.764002 0.480441 0.761217 0.478998 0.758092 0.478730 0.757649 0.478767 0.754664 0.479714 0.752269 0.481731 0.750829 0.484511
0 0.074818 0.223974 0.075588 0.227013 0.077463 0.229526 0.078189 0.229990 0.080878 0.231592 0.083975 0.232042 0.087008 0.231274 0.089517 0.229403 0.091118 0.226714 0.091569 0.223617 0.090800 0.220583 0.088929 0.218075 0.088221 0.217590 0.085528 0.215985 0.082426 0.215534 0.079387 0.216304 0.076874 0.218178 0.075270 0.220872
