0 0.494218 0.405078 0.494265 0.408213 0.494275 0.408370 0.495515 0.411244 0.497761 0.413423 0.500670 0.414578 0.503799 0.414531 0.506672 0.413290 0.508851 0.411044 0.510006 0.408135 0.510023 0.407977 0.509976 0.404843 0.508733 0.401965 0.506484 0.399781 0.503570 0.398625 0.500435 0.398672 0.497557 0.399915 0.495374 0.402164
0 0.595133 0.163974 0.596159 0.166931 0.598238 0.169269 0.601054 0.170634 0.604178 0.170818 0.607135 0.169792 0.609474 0.167712 0.610839 0.164896 0.611030 0.164319 0.611213 0.161189 0.610185 0.158228 0.608102 0.155885 0.605281 0.154518 0.602152 0.154334 0.599190 0.155362 0.596847 0.157445 0.595480 0.160266 0.595316 0.160850
0 0.564666 0.434548 0.565391 0.437592 0.567225 0.440127 0.569890 0.441768 0.572980 0.442263 0.576025 0.441539 0.578560 0.439704 0.578695 0.439600 0.580339 0.436931 0.580835 0.433835 0.580109 0.430785 0.578271 0.428246 0.575602 0.426603 0.572506 0.426106 0.569457 0.426832 0.566917 0.428670 0.566802 0.428793 0.565161 0.431458
0 0.401155 0.339152 0.401878 0.342204 0.402047 0.342475 0.403879 0.345014 0.406543 0.346658 0.409634 0.347158 0.412680 0.346437 0.415219 0.344605 0.416863 0.341941 0.417363 0.338850 0.416642 0.335803 0.416498 0.335520 0.414663 0.332977 0.411994 0.331330 0.408898 0.330829 0.405846 0.331552 0.403303 0.333387 0.401656 0.336056
0 0.149254 0.270448 0.149403 0.272962 0.150115 0.275408 0.151281 0.277410 0.152721 0.278663 0.156004 0.279747 0.157864 0.280139 0.159890 0.279868 0.161528 0.279034 0.162701 0.277105 0.163895 0.274597 0.164216 0.272956 0.164105 0.271079 0.163580 0.269251 0.162718 0.267746 0.160742 0.265714 0.158961 0.264125 0.157102 0.263699 0.155073 0.263981 0.153417 0.264789 0.150650 0.266715 0.149693 0.268253
0 0.340792 0.041977 0.341255 0.045079 0.341528 0.045861 0.343141 0.048545 0.345657 0.050407 0.348695 0.051165 0.351792 0.050703 0.354475 0.049090 0.356338 0.046574 0.357095 0.043536 0.356633 0.040439 0.356386 0.039647 0.354771 0.036959 0.352250 0.035093 0.349207 0.034335 0.346105 0.034798 0.343417 0.036413 0.341551 0.038934
0 0.864285 0.129545 0.864501 0.132669 0.865896 0.135471 0.868257 0.137527 0.871226 0.138522 0.874349 0.138306 0.877152 0.136911 0.877802 0.136286 0.879861 0.133920 0.880858 0.130947 0.880641 0.127818 0.879244 0.125010 0.876878 0.122951 0.873905 0.121954 0.870776 0.122170 0.867968 0.123568 0.867336 0.124215 0.865280 0.126577
0 0.229859 0.525639 0.230338 0.528738 0.231966 0.531417 0.234495 0.533269 0.237540 0.534012 0.237992 0.533953 0.241084 0.533475 0.243759 0.531850 0.245608 0.529325 0.246349 0.526285 0.245872 0.523192 0.244246 0.520518 0.241721 0.518669 0.238681 0.517927 0.238231 0.517958 0.235133 0.518436 0.232454 0.520065 0.230602 0.522594
0 0.295676 0.302727 0.295873 0.304898 0.296238 0.307394 0.296716 0.309832 0.297232 0.311835 0.297707 0.313099 0.298070 0.313434 0.302320 0.314454 0.304705 0.314105 0.307543 0.310405 0.307677 0.309929 0.307667 0.308794 0.307515 0.307176 0.307243 0.305319 0.306893 0.303501 0.306517 0.302000 0.306173 0.301041 0.305912 0.300774 0.301980 0.298053 0.299589 0.298403 0.295878 0.300594 0.295678 0.301216
0 0.759690 0.502682 0.759992 0.505797 0.761462 0.508560 0.763877 0.510550 0.766870 0.511464 0.767330 0.511484 0.770450 0.511182 0.773218 0.509710 0.775211 0.507290 0.776126 0.504292 0.775825 0.501171 0.774352 0.498404 0.771933 0.496411 0.768934 0.495495 0.768472 0.495503 0.765357 0.495804 0.762594 0.497274 0.760605 0.499689
0 0.125438 0.698293 0.126422 0.701271 0.128471 0.703645 0.131272 0.705055 0.134400 0.705286 0.137378 0.704301 0.138002 0.703950 0.140372 0.701905 0.141779 0.699108 0.142009 0.695986 0.141027 0.693013 0.138981 0.690643 0.136185 0.689235 0.133062 0.689005 0.130090 0.689988 0.129452 0.690315 0.127078 0.692364 0.125668 0.695165
0 0.692303 0.404344 0.692657 0.407454 0.694175 0.410192 0.696626 0.412142 0.699635 0.413004 0.702746 0.412650 0.703095 0.412499 0.705838 0.410979 0.707790 0.408524 0.708655 0.405509 0.708300 0.402393 0.706779 0.399650 0.704325 0.397698 0.701310 0.396834 0.698193 0.397189 0.697853 0.397366 0.695115 0.398884 0.693166 0.401334
0 0.381976 0.440829 0.382311 0.443946 0.383813 0.446697 0.386253 0.448665 0.386449 0.448753 0.389452 0.449635 0.392563 0.449301 0.395310 0.447801 0.397274 0.445365 0.398156 0.442362 0.397822 0.439251 0.396323 0.436504 0.393886 0.434540 0.393704 0.434427 0.390696 0.433544 0.387579 0.433878 0.384827 0.435380 0.382860 0.437821
0 0.751929 0.156423 0.752766 0.159440 0.754694 0.161907 0.757419 0.163448 0.760526 0.163830 0.763543 0.162993 0.766010 0.161065 0.766468 0.160481 0.768012 0.157752 0.768394 0.154639 0.767556 0.151616 0.765625 0.149145 0.762895 0.147601 0.759782 0.147219 0.756760 0.148058 0.754289 0.149989 0.753851 0.150590 0.752310 0.153315
0 0.787893 0.837686 0.788076 0.840812 0.789442 0.843629 0.789940 0.844221 0.792284 0.846305 0.795247 0.847334 0.798378 0.847151 0.801200 0.845783 0.803284 0.843439 0.804313 0.840476 0.804129 0.837345 0.802761 0.834523 0.802241 0.833948 0.799901 0.831867 0.796944 0.830841 0.793818 0.831024 0.791001 0.832389 0.788920 0.834729
0 0.059891 0.940623 0.060634 0.943670 0.062486 0.946201 0.065166 0.947831 0.068265 0.948311 0.071312 0.947568 0.073843 0.945716 0.074576 0.944950 0.076203 0.942274 0.076682 0.939180 0.075940 0.936139 0.075701 0.935567 0.074227 0.933552 0.072093 0.932254 0.071416 0.931985 0.068322 0.931506 0.065281 0.932248 0.062754 0.934096 0.062001 0.934844 0.060372 0.937524
0 0.246082 0.939735 0.246097 0.941249 0.246249 0.942159 0.249167 0.945635 0.249606 0.945910 0.252017 0.946073 0.256197 0.944667 0.256634 0.943869 0.257100 0.942178 0.257526 0.939854 0.257847 0.937249 0.258014 0.934754 0.258004 0.932745 0.257817 0.931526 0.257480 0.931283 0.253631 0.929343 0.251225 0.929181 0.247492 0.932292 0.247152 0.932874 0.246789 0.934134 0.246457 0.935882 0.246209 0.937849
0 0.190219 0.301363 0.190313 0.302782 0.191252 0.306635 0.191934 0.307762 0.193138 0.308998 0.194680 0.310157 0.196328 0.311062 0.197832 0.311578 0.198965 0.311626 0.203144 0.311092 0.204134 0.310378 0.205401 0.308531 0.206123 0.304558 0.206074 0.303428 0.205185 0.301917 0.203589 0.300256 0.201530 0.298698 0.199323 0.297486 0.197308 0.296804 0.195796 0.296757 0.192468 0.298779 0.191497 0.299518
0 0.344672 0.494839 0.344824 0.495467 0.345314 0.496636 0.346069 0.498168 0.346972 0.499828 0.347885 0.501361 0.348668 0.502533 0.349201 0.503163 0.353651 0.504304 0.353979 0.504295 0.356097 0.503143 0.358842 0.499838 0.358617 0.498996 0.357950 0.497443 0.356944 0.495416 0.355749 0.493220 0.354545 0.491185 0.353514 0.489617 0.352813 0.488756 0.352548 0.488735 0.348222 0.489270 0.346099 0.490425
0 0.248436 0.869797 0.248784 0.871252 0.251196 0.874223 0.252299 0.874978 0.254277 0.875928 0.255876 0.875508 0.259361 0.873941 0.260470 0.873028 0.261564 0.871591 0.262478 0.869849 0.263075 0.868066 0.263264 0.866511 0.263015 0.865418 0.261960 0.861329 0.260879 0.860550 0.258901 0.859612 0.254951 0.859583 0.253673 0.859892 0.252184 0.861090 0.250710 0.862999 0.249478 0.865326 0.248679 0.867715
0 0.199082 0.735677 0.199622 0.738766 0.201304 0.741414 0.203870 0.743217 0.206931 0.743900 0.210020 0.743360 0.212668 0.741678 0.213162 0.741263 0.214962 0.738701 0.215643 0.735645 0.215105 0.732561 0.213426 0.729918 0.210864 0.728118 0.207808 0.727437 0.204724 0.727975 0.202081 0.729654 0.201568 0.730050 0.199765 0.732616
0 0.030707 0.490078 0.031486 0.493115 0.033369 0.495623 0.036069 0.497220 0.039174 0.497662 0.039966 0.497666 0.042999 0.496888 0.045502 0.495008 0.047096 0.492314 0.047538 0.489214 0.046760 0.486181 0.044880 0.483678 0.042185 0.482084 0.039085 0.481642 0.038292 0.481611 0.035254 0.482390 0.032746 0.484273 0.031149 0.486973
0 0.900693 0.500287 0.901140 0.503384 0.902739 0.506075 0.905246 0.507948 0.908278 0.508720 0.908981 0.508735 0.912084 0.508287 0.914779 0.506685 0.916656 0.504174 0.917429 0.501136 0.916981 0.498034 0.915380 0.495339 0.912869 0.493462 0.909831 0.492688 0.909126 0.492701 0.906029 0.493149 0.903338 0.494747 0.901465 0.497254
0 0.162779 0.729097 0.163969 0.731998 0.166177 0.734223 0.169069 0.735433 0.172204 0.735444 0.175105 0.734255 0.175663 0.733852 0.177884 0.731647 0.179092 0.728760 0.179103 0.725631 0.177916 0.722735 0.175711 0.720514 0.172824 0.719306 0.169695 0.719295 0.166799 0.720482 0.166226 0.720862 0.164001 0.723070 0.162791 0.725962
0 0.958752 0.289887 0.959445 0.292939 0.961253 0.295493 0.963901 0.297161 0.966985 0.297689 0.970037 0.296997 0.970847 0.296647 0.973406 0.294836 0.975076 0.292184 0.975606 0.289094 0.974911 0.286037 0.973101 0.283478 0.970448 0.281807 0.967358 0.281278 0.964301 0.281972 0.963503 0.282347 0.960949 0.284154 0.959280 0.286802
0 0.589659 0.076169 0.589945 0.079286 0.591402 0.082055 0.593808 0.084057 0.596797 0.084985 0.599913 0.084699 0.602683 0.083242 0.604684 0.080836 0.605613 0.077848 0.605795 0.077121 0.605508 0.073999 0.604049 0.071224 0.601638 0.069220 0.598645 0.068290 0.595523 0.068576 0.592748 0.070035 0.590744 0.072446 0.589813 0.075439
0 0.785417 0.458466 0.785420 0.459182 0.786248 0.460341 0.787777 0.461768 0.789774 0.463244 0.791932 0.464542 0.793919 0.465462 0.795430 0.465863 0.796235 0.465685 0.799834 0.463342 0.801182 0.461391 0.801145 0.460490 0.800356 0.456278 0.799719 0.455413 0.798564 0.454351 0.797069 0.453253 0.795458 0.452284 0.793974 0.451591 0.792843 0.451278 0.792235 0.451394 0.787629 0.452362 0.786292 0.454315
0 0.003733 0.634555 0.003780 0.637690 0.005023 0.640568 0.007273 0.642751 0.010187 0.643907 0.013322 0.643860 0.014158 0.643612 0.017031 0.642372 0.019210 0.640126 0.020365 0.637217 0.020317 0.634088 0.019077 0.631214 0.016831 0.629035 0.013922 0.627881 0.010792 0.627928 0.009950 0.628149 0.007072 0.629391 0.004889 0.631641
0 0.904441 0.323922 0.904455 0.325957 0.904592 0.327256 0.904830 0.327623 0.908873 0.329384 0.911367 0.329472 0.915125 0.326359 0.915340 0.325897 0.915573 0.324768 0.915787 0.323144 0.915950 0.321272 0.916038 0.319432 0.916038 0.317904 0.915949 0.316920 0.915784 0.316630 0.912457 0.313272 0.909957 0.313194 0.905689 0.314685 0.905387 0.315283 0.905064 0.316782 0.904771 0.318952 0.904552 0.321461
0 0.445291 0.876633 0.446327 0.879592 0.448417 0.881929 0.451242 0.883288 0.454372 0.883463 0.457331 0.882427 0.459667 0.880337 0.461027 0.877512 0.461094 0.876864 0.461268 0.873739 0.460234 0.870785 0.458148 0.868452 0.455328 0.867095 0.452203 0.866921 0.449249 0.867955 0.446917 0.870041 0.445560 0.872861 0.445466 0.873503
0 0.058141 0.035736 0.058533 0.038167 0.059446 0.039785 0.060970 0.041718 0.063389 0.042862 0.066334 0.043050 0.067859 0.042755 0.069679 0.042278 0.071274 0.041283 0.072009 0.040604 0.073889 0.038339 0.074713 0.035802 0.074353 0.033374 0.073433 0.031763 0.071936 0.029811 0.069215 0.028159 0.067285 0.027219 0.064919 0.027049 0.062480 0.027678 0.060343 0.029011 0.058837 0.030841 0.058193 0.032888
0 0.462563 0.310320 0.462628 0.310646 0.463426 0.313672 0.465322 0.316162 0.468026 0.317737 0.471127 0.318157 0.474153 0.317359 0.476643 0.315463 0.478218 0.312759 0.478638 0.309657 0.478602 0.309330 0.477802 0.306298 0.475903 0.303804 0.473194 0.302226 0.470088 0.301805 0.467056 0.302605 0.464562 0.304504 0.462984 0.307213
0 0.552331 0.861482 0.553951 0.865993 0.554260 0.866456 0.555196 0.867149 0.556617 0.867968 0.558309 0.868789 0.560015 0.869487 0.561478 0.869957 0.562476 0.870128 0.562856 0.869972 0.567161 0.868102 0.568100 0.865846 0.568178 0.861434 0.567788 0.860808 0.566552 0.859874 0.564654 0.858772 0.562388 0.857673 0.560103 0.856746 0.558149 0.856132 0.556825 0.855926 0.556330 0.856156 0.553277 0.859236
0 0.748087 0.656820 0.748438 0.659931 0.749952 0.662671 0.752400 0.664624 0.752835 0.664907 0.755849 0.665775 0.758965 0.665424 0.761710 0.663907 0.763666 0.661455 0.764533 0.658441 0.764183 0.655325 0.762665 0.652580 0.760213 0.650624 0.759766 0.650365 0.756757 0.649499 0.753646 0.649849 0.750906 0.651364 0.748954 0.653812
0 0.726329 0.339152 0.726492 0.341025 0.727013 0.342658 0.727813 0.343803 0.730085 0.346567 0.731687 0.347377 0.733777 0.347278 0.735408 0.346860 0.738590 0.345167 0.739721 0.343897 0.740498 0.341883 0.740801 0.339433 0.740583 0.336924 0.739878 0.334742 0.738794 0.333222 0.737499 0.332595 0.734042 0.331125 0.731948 0.331214 0.730323 0.331664 0.728931 0.333272 0.727119 0.335810 0.726549 0.337322
0 0.704584 0.238999 0.704777 0.241403 0.706716 0.245225 0.707330 0.245570 0.708832 0.245750 0.710992 0.245739 0.713485 0.245539 0.715935 0.245180 0.717974 0.244716 0.719292 0.244217 0.719685 0.243757 0.720987 0.239559 0.720794 0.237150 0.717273 0.234109 0.716823 0.233836 0.715698 0.233689 0.714069 0.233691 0.712185 0.233842 0.710335 0.234119 0.708805 0.234479 0.707826 0.234867
0 0.430644 0.127363 0.430672 0.130499 0.430791 0.131134 0.432015 0.134016 0.434248 0.136210 0.437151 0.137383 0.440282 0.137355 0.443164 0.136131 0.445358 0.133898 0.446530 0.130994 0.446503 0.127864 0.446410 0.127223 0.445184 0.124336 0.442947 0.122138 0.440039 0.120964 0.436903 0.120992 0.434016 0.122218 0.431818 0.124455
0 0.763615 0.593618 0.764110 0.595703 0.764999 0.597000 0.767241 0.599881 0.768823 0.600563 0.771033 0.600779 0.773534 0.600495 0.775941 0.599754 0.777883 0.598669 0.779063 0.597408 0.779796 0.593898 0.780093 0.592350 0.779607 0.590258 0.778687 0.588974 0.775163 0.587196 0.773969 0.586700 0.772313 0.586551 0.770446 0.586770 0.768649 0.587323 0.767195 0.588128 0.766302 0.589063 0.763942 0.592075
0 0.136864 0.842974 0.137526 0.846039 0.139310 0.848618 0.141946 0.850319 0.145031 0.850880 0.148097 0.850219 0.150676 0.848435 0.151276 0.847835 0.152974 0.845205 0.153535 0.842124 0.152874 0.839064 0.151093 0.836489 0.148462 0.834792 0.145382 0.834231 0.142321 0.834891 0.139747 0.836673 0.139126 0.837253 0.137426 0.839888
0 0.102847 0.883326 0.103871 0.886291 0.105952 0.888637 0.108772 0.890009 0.111903 0.890197 0.114867 0.889173 0.117214 0.887092 0.117872 0.886427 0.119241 0.883611 0.119429 0.880486 0.118407 0.877527 0.116330 0.875184 0.113514 0.873815 0.110389 0.873627 0.107430 0.874650 0.105087 0.876726 0.104407 0.877375 0.103035 0.880196
