0 0.181823 0.279172 0.182501 0.282233 0.184298 0.284801 0.184841 0.285171 0.187480 0.286853 0.190562 0.287398 0.193617 0.286721 0.196182 0.284927 0.197864 0.282288 0.198408 0.279206 0.197732 0.276151 0.195937 0.273586 0.195414 0.273196 0.192770 0.271512 0.189683 0.270966 0.186623 0.271644 0.184054 0.273441 0.182369 0.276085
0 0.270781 0.611964 0.271204 0.614125 0.273506 0.617386 0.274216 0.618290 0.275796 0.618855 0.278005 0.618992 0.280504 0.618680 0.282909 0.617967 0.284848 0.616963 0.286028 0.615823 0.286877 0.612169 0.287178 0.610799 0.286767 0.608640 0.285857 0.607531 0.282445 0.605577 0.281257 0.605166 0.279605 0.605070 0.277740 0.605303 0.275942 0.605829 0.274483 0.606571 0.273585 0.607414 0.271117 0.610593
0 0.529456 0.635930 0.529621 0.637981 0.530265 0.640338 0.531289 0.642639 0.532537 0.644529 0.533814 0.645717 0.534927 0.646025 0.538932 0.646174 0.541012 0.645351 0.541973 0.644581 0.543443 0.640684 0.543680 0.639604 0.543544 0.638068 0.543057 0.636309 0.542292 0.634591 0.541366 0.633175 0.540417 0.632275 0.536942 0.630589 0.535558 0.630175 0.533486 0.631006 0.532507 0.631747 0.529794 0.634498
0 0.569644 0.363327 0.569897 0.365224 0.570413 0.367092 0.572073 0.368597 0.574754 0.369708 0.576283 0.370252 0.578112 0.370355 0.579961 0.370000 0.581546 0.369242 0.583424 0.367817 0.585224 0.366072 0.585903 0.364118 0.585669 0.362217 0.585127 0.360354 0.583238 0.357660 0.581896 0.356469 0.579851 0.355756 0.577413 0.355626 0.574950 0.356098 0.572835 0.357103 0.571386 0.358487
0 0.556485 0.137120 0.558763 0.141026 0.559390 0.141643 0.560624 0.142298 0.562278 0.142893 0.564102 0.143339 0.565820 0.143568 0.567174 0.143545 0.567956 0.143273 0.571800 0.140864 0.572373 0.138522 0.572535 0.137710 0.571940 0.133505 0.571123 0.132667 0.569481 0.131775 0.567264 0.130968 0.564814 0.130369 0.562507 0.130071 0.560698 0.130118 0.559664 0.130504 0.557185 0.133958 0.556611 0.136305
0 0.778951 0.149178 0.780861 0.153096 0.782670 0.154691 0.787446 0.154429 0.787565 0.154319 0.788170 0.153650 0.789169 0.152527 0.790410 0.151119 0.791706 0.149638 0.792863 0.148308 0.793703 0.147330 0.794099 0.146855 0.793752 0.142062 0.791939 0.140464 0.787808 0.139067 0.787650 0.139190 0.786838 0.140067 0.785495 0.141567 0.783827 0.143460 0.782091 0.145453 0.780555 0.147240 0.779453 0.148548
0 0.552119 0.703161 0.552342 0.704803 0.552883 0.706604 0.553660 0.708291 0.554557 0.709610 0.555436 0.710360 0.559098 0.712257 0.560321 0.712369 0.562437 0.711589 0.565379 0.708768 0.566016 0.707925 0.566205 0.706279 0.565915 0.704081 0.565190 0.701669 0.564142 0.699414 0.562933 0.697663 0.561748 0.696682 0.560769 0.696619 0.556675 0.696383 0.554560 0.697153 0.553788 0.698225 0.552248 0.701926
0 0.899831 0.423369 0.900021 0.426494 0.901393 0.429308 0.903737 0.431384 0.906698 0.432404 0.909823 0.432214 0.910529 0.432097 0.913348 0.430723 0.915427 0.428374 0.916448 0.425409 0.916258 0.422279 0.914884 0.419460 0.912535 0.417381 0.909570 0.416359 0.906440 0.416549 0.905741 0.416693 0.902927 0.418065 0.900851 0.420409
0 0.448086 0.203361 0.448230 0.205035 0.448723 0.206869 0.449489 0.208586 0.450413 0.209927 0.451355 0.210688 0.454848 0.212697 0.456217 0.212810 0.458293 0.212076 0.461204 0.209310 0.461976 0.208451 0.462300 0.206778 0.462124 0.204541 0.461474 0.202083 0.460447 0.199783 0.459204 0.197995 0.457935 0.196992 0.454189 0.196665 0.452819 0.196583 0.450735 0.197309 0.449791 0.198406 0.448313 0.202100
0 0.832116 0.674051 0.832392 0.677168 0.833840 0.679943 0.836240 0.681952 0.836819 0.682265 0.839810 0.683204 0.842933 0.682927 0.845712 0.681476 0.847724 0.679072 0.848663 0.676081 0.848386 0.672959 0.846935 0.670180 0.844532 0.668167 0.843939 0.667878 0.840954 0.666941 0.837836 0.667217 0.835062 0.668666 0.833053 0.671065
0 0.285548 0.224974 0.285892 0.228092 0.287403 0.230840 0.287768 0.231303 0.290211 0.233261 0.293218 0.234135 0.296330 0.233792 0.299073 0.232284 0.301031 0.229841 0.301905 0.226834 0.301562 0.223722 0.300054 0.220978 0.299710 0.220498 0.297263 0.218536 0.294251 0.217661 0.291134 0.218005 0.288385 0.219515 0.286424 0.221962
0 0.930975 0.148669 0.931167 0.151086 0.933140 0.154823 0.934052 0.155143 0.935840 0.155242 0.938231 0.155103 0.940862 0.154746 0.943326 0.154227 0.945244 0.153625 0.946323 0.153033 0.947665 0.148831 0.947758 0.148224 0.947576 0.145801 0.943990 0.142939 0.943291 0.142713 0.941942 0.142653 0.940150 0.142768 0.938186 0.143040 0.936346 0.143428 0.934909 0.143872 0.934092 0.144307 0.931100 0.148065
0 0.931256 0.693542 0.931583 0.696655 0.933077 0.699405 0.935509 0.701374 0.936259 0.701721 0.939265 0.702610 0.942382 0.702283 0.945137 0.700786 0.947110 0.698350 0.948000 0.695344 0.947672 0.692226 0.946175 0.689471 0.943739 0.687498 0.942976 0.687176 0.939975 0.686288 0.936863 0.686615 0.934113 0.688109 0.932144 0.690542
0 0.025782 0.184588 0.026071 0.187710 0.027532 0.190483 0.029943 0.192486 0.030751 0.193015 0.033740 0.193941 0.036857 0.193653 0.039625 0.192194 0.041625 0.189787 0.042552 0.186798 0.042264 0.183682 0.040805 0.180913 0.038398 0.178913 0.037603 0.178360 0.034608 0.177432 0.031487 0.177721 0.028713 0.179182 0.028372 0.179511 0.026765 0.181445 0.026710 0.181593
0 0.823470 0.391646 0.823590 0.393395 0.823941 0.395676 0.824468 0.398138 0.825092 0.400403 0.825714 0.402123 0.826241 0.403035 0.830535 0.403696 0.830965 0.403656 0.833369 0.403126 0.836034 0.399292 0.836116 0.398570 0.836014 0.397257 0.835747 0.395553 0.835353 0.393714 0.834892 0.392020 0.834435 0.390725 0.834050 0.390027 0.830065 0.387705 0.829633 0.387711 0.827227 0.388253 0.823598 0.390695
0 0.793406 0.847371 0.794045 0.849243 0.795339 0.852394 0.796776 0.853763 0.798922 0.854790 0.801448 0.855314 0.803966 0.855254 0.806088 0.854620 0.807489 0.853510 0.809255 0.850634 0.809836 0.848870 0.809977 0.846840 0.809304 0.844972 0.807487 0.843280 0.805392 0.841529 0.803781 0.840773 0.801893 0.840388 0.800014 0.840433 0.798426 0.840900 0.795905 0.842231 0.794146 0.843596 0.793537 0.845344
0 0.822877 0.617199 0.823475 0.620272 0.825204 0.622882 0.827800 0.624633 0.828364 0.624848 0.831437 0.625472 0.834516 0.624873 0.837131 0.623141 0.838884 0.620541 0.839509 0.617467 0.838910 0.614389 0.837178 0.611774 0.834578 0.610021 0.834002 0.609831 0.830934 0.609208 0.827861 0.609806 0.825251 0.611535 0.823500 0.614131
0 0.510165 0.662149 0.510183 0.662428 0.510741 0.665512 0.512438 0.668148 0.515015 0.669935 0.518078 0.670599 0.521163 0.670040 0.523799 0.668343 0.525585 0.665767 0.526249 0.662703 0.526204 0.662423 0.525646 0.659344 0.523952 0.656712 0.521380 0.654929 0.518322 0.654267 0.515243 0.654824 0.512611 0.656518 0.510828 0.659090
0 0.946390 0.327836 0.946577 0.330960 0.947945 0.333775 0.950286 0.335851 0.953244 0.336874 0.956368 0.336687 0.957153 0.336406 0.959973 0.335036 0.962053 0.332691 0.963078 0.329728 0.962891 0.326599 0.961521 0.323779 0.959176 0.321699 0.956213 0.320674 0.953084 0.320861 0.952305 0.321169 0.949490 0.322537 0.947413 0.324878
0 0.337287 0.265129 0.337651 0.265655 0.340656 0.269038 0.341572 0.269340 0.343050 0.269589 0.344864 0.269746 0.346741 0.269788 0.348398 0.269709 0.349583 0.269520 0.350117 0.269250 0.353413 0.266010 0.353468 0.263599 0.351948 0.259492 0.351683 0.259060 0.350474 0.258638 0.348502 0.258291 0.346067 0.258072 0.343545 0.258015 0.341324 0.258129 0.339745 0.258397 0.339048 0.258776 0.337342 0.262713
0 0.180198 0.407728 0.180612 0.410836 0.182185 0.413548 0.184675 0.415452 0.185217 0.415597 0.188241 0.416402 0.191343 0.415988 0.194051 0.414418 0.195952 0.411932 0.196756 0.408908 0.196342 0.405806 0.194773 0.403098 0.192286 0.401198 0.191757 0.401027 0.188727 0.400222 0.185620 0.400636 0.182908 0.402209 0.181003 0.404699
0 0.126077 0.544090 0.126611 0.547180 0.128287 0.549831 0.130850 0.551638 0.133910 0.552328 0.134539 0.552238 0.137624 0.551704 0.140270 0.550031 0.142075 0.547472 0.142763 0.544418 0.142230 0.541333 0.140556 0.538687 0.137998 0.536883 0.134943 0.536194 0.134315 0.536257 0.131224 0.536791 0.128573 0.538467 0.126766 0.541030
0 0.735417 0.964703 0.735691 0.967821 0.736097 0.968626 0.737545 0.971406 0.739947 0.973420 0.742938 0.974362 0.746060 0.974088 0.748841 0.972640 0.750855 0.970237 0.751797 0.967247 0.751522 0.964124 0.750074 0.961344 0.749644 0.960551 0.747246 0.958540 0.744261 0.957600 0.741143 0.957874 0.738368 0.959320 0.736357 0.961718
0 0.324517 0.116096 0.324535 0.119232 0.325752 0.122122 0.326052 0.122772 0.328278 0.124973 0.331178 0.126155 0.334309 0.126137 0.337194 0.124922 0.339395 0.122696 0.340577 0.119796 0.340559 0.116665 0.340284 0.116005 0.339067 0.113115 0.336837 0.110910 0.333933 0.109726 0.330796 0.109744 0.327906 0.110961 0.325701 0.113191
0 0.882932 0.090000 0.883966 0.092954 0.886051 0.095287 0.888871 0.096645 0.891996 0.096820 0.894950 0.095786 0.897283 0.093700 0.897967 0.093001 0.899327 0.090176 0.899502 0.087046 0.898466 0.084087 0.898225 0.083709 0.896549 0.081834 0.896377 0.081750 0.893553 0.080390 0.890423 0.080215 0.887464 0.081250 0.885126 0.083340 0.884464 0.084056 0.883107 0.086875
0 0.829274 0.336897 0.829545 0.339293 0.833212 0.342262 0.833513 0.342376 0.834516 0.342376 0.836067 0.342262 0.837932 0.342051 0.839830 0.341774 0.841474 0.341474 0.842615 0.341196 0.843077 0.340982 0.845985 0.337153 0.845713 0.334752 0.843612 0.330966 0.843227 0.330793 0.841893 0.330779 0.839813 0.330924 0.837306 0.331208 0.834759 0.331587 0.832564 0.332002 0.831055 0.332389 0.830461 0.332689
0 0.847215 0.194852 0.847939 0.197896 0.849772 0.200433 0.852437 0.202074 0.855527 0.202571 0.858572 0.201847 0.861108 0.200014 0.861730 0.199498 0.863374 0.196828 0.863872 0.193733 0.863147 0.190683 0.861310 0.188143 0.858641 0.186499 0.855546 0.186001 0.852496 0.186725 0.849955 0.188562 0.849354 0.189097 0.847712 0.191762
0 0.067531 0.872615 0.067944 0.875722 0.068226 0.876283 0.069487 0.878460 0.071484 0.879989 0.072005 0.880340 0.075034 0.881148 0.078141 0.880735 0.080854 0.879164 0.081575 0.878512 0.083476 0.876027 0.084283 0.873003 0.083870 0.869901 0.082302 0.867192 0.079817 0.865291 0.076793 0.864484 0.073691 0.864897 0.070982 0.866465 0.070244 0.867096 0.068339 0.869586
0 0.290322 0.289072 0.291280 0.292058 0.293307 0.294451 0.293663 0.294804 0.296447 0.296236 0.299567 0.296494 0.302548 0.295538 0.304937 0.293514 0.306369 0.290730 0.306627 0.287610 0.305671 0.284629 0.303647 0.282240 0.303309 0.281865 0.300520 0.280430 0.297395 0.280172 0.294408 0.281130 0.292015 0.283157 0.290581 0.285946
0 0.912515 0.775202 0.913370 0.778213 0.915312 0.780666 0.916027 0.781150 0.918765 0.782676 0.921879 0.783038 0.924895 0.782182 0.927353 0.780236 0.928879 0.777498 0.929241 0.774384 0.928385 0.771368 0.926439 0.768910 0.925706 0.768448 0.922973 0.766924 0.919864 0.766563 0.916854 0.767418 0.914400 0.769360 0.912876 0.772094
0 0.699245 0.893648 0.699281 0.895528 0.699672 0.897449 0.700360 0.899123 0.701241 0.900294 0.703988 0.902869 0.705563 0.903688 0.707681 0.903392 0.709122 0.902947 0.712174 0.900881 0.713041 0.899563 0.713486 0.897486 0.713439 0.894968 0.712907 0.892397 0.711972 0.890168 0.710780 0.888622 0.709514 0.887992 0.705807 0.886814 0.703691 0.887100 0.702266 0.887573 0.701203 0.889230 0.699571 0.892094
0 0.086895 0.136964 0.087320 0.140072 0.088902 0.142780 0.089609 0.143394 0.092102 0.145287 0.095131 0.146083 0.098232 0.145658 0.100936 0.144080 0.102829 0.141586 0.103625 0.138558 0.103200 0.135456 0.101621 0.132752 0.100935 0.132120 0.098437 0.130223 0.095404 0.129426 0.092297 0.129851 0.089588 0.131433 0.087692 0.133931
0 0.697712 0.166437 0.698876 0.169343 0.701063 0.171581 0.703939 0.172813 0.707069 0.172849 0.709974 0.171686 0.712213 0.169499 0.712578 0.168930 0.713812 0.166048 0.713848 0.162913 0.712683 0.160003 0.710492 0.157761 0.707611 0.156527 0.704476 0.156490 0.701566 0.157656 0.699323 0.159846 0.698981 0.160431 0.697749 0.163308
0 0.688329 0.795838 0.688959 0.798903 0.689284 0.799418 0.691042 0.802013 0.693660 0.803738 0.696738 0.804331 0.699809 0.803700 0.702404 0.801942 0.704129 0.799325 0.704722 0.796246 0.704091 0.793175 0.702333 0.790580 0.701985 0.790080 0.699372 0.788358 0.696299 0.787767 0.693234 0.788397 0.690642 0.790151 0.688920 0.792764
0 0.587103 0.801574 0.588204 0.805675 0.588403 0.806361 0.589839 0.808305 0.594373 0.809041 0.595071 0.808997 0.596236 0.808497 0.597690 0.807619 0.599211 0.806495 0.600563 0.805300 0.601540 0.804216 0.601994 0.803409 0.602547 0.798914 0.602316 0.798244 0.600884 0.796305 0.597249 0.794076 0.596317 0.794160 0.594772 0.794840 0.592850 0.796011 0.590839 0.797497 0.589042 0.799074 0.587730 0.800505
0 0.951907 0.209879 0.952834 0.212868 0.954835 0.215275 0.957604 0.216732 0.960720 0.217020 0.963709 0.216092 0.964508 0.215603 0.966919 0.213599 0.968379 0.210825 0.968667 0.207704 0.967737 0.204710 0.965733 0.202299 0.962959 0.200839 0.959838 0.200551 0.956844 0.201480 0.956058 0.201993 0.953652 0.203994 0.952194 0.206763
0 0.279018 0.256622 0.279771 0.259666 0.281632 0.262190 0.282008 0.262599 0.284689 0.264217 0.287784 0.264685 0.290823 0.263933 0.293343 0.262075 0.294961 0.259395 0.295429 0.256299 0.294677 0.253260 0.292820 0.250740 0.292463 0.250310 0.289777 0.248690 0.286676 0.248221 0.283632 0.248974 0.281107 0.250835 0.279487 0.253521
0 0.306204 0.143107 0.306870 0.145430 0.307302 0.146225 0.311191 0.148481 0.312116 0.148719 0.313571 0.148686 0.315333 0.148388 0.317138 0.147870 0.318712 0.147211 0.319818 0.146509 0.320288 0.145871 0.322457 0.141877 0.321791 0.139559 0.321392 0.138750 0.318803 0.135396 0.317576 0.135055 0.315631 0.135082 0.313263 0.135473 0.310838 0.136169 0.308729 0.137062 0.307260 0.138015 0.306655 0.138881
0 0.511331 0.868808 0.511357 0.869636 0.512654 0.871675 0.516147 0.874140 0.516986 0.874244 0.518512 0.873763 0.520492 0.872769 0.522620 0.871414 0.524569 0.869907 0.526040 0.868481 0.526808 0.867353 0.526760 0.866695 0.525926 0.862376 0.524631 0.860342 0.520146 0.859315 0.519514 0.859255 0.518375 0.859628 0.516902 0.860375 0.515318 0.861383 0.513862 0.862500 0.512754 0.863558 0.512162 0.864397
0 0.420180 0.345500 0.420976 0.348532 0.421112 0.348792 0.423005 0.351284 0.425707 0.352862 0.428808 0.353286 0.431835 0.352491 0.434327 0.350598 0.435905 0.347895 0.436329 0.344795 0.435534 0.341768 0.435423 0.341495 0.433527 0.338999 0.430819 0.337418 0.427713 0.336994 0.424681 0.337790 0.422185 0.339687 0.420604 0.342394
