0 0.437714 0.274628 0.437821 0.275015 0.438849 0.277973 0.440930 0.280312 0.443748 0.281676 0.446874 0.281858 0.449831 0.280830 0.452170 0.278749 0.453534 0.275931 0.453717 0.272805 0.453637 0.272414 0.452607 0.269451 0.450522 0.267108 0.447699 0.265742 0.444569 0.265559 0.441606 0.266589 0.439263 0.268674 0.437897 0.271497
0 0.566144 0.392907 0.567464 0.394925 0.570998 0.397403 0.571684 0.397048 0.573075 0.396210 0.574959 0.395017 0.577052 0.393649 0.579039 0.392311 0.580621 0.391206 0.581558 0.390501 0.581704 0.390305 0.580841 0.386044 0.579519 0.384022 0.574967 0.382937 0.574455 0.383187 0.573408 0.383807 0.571984 0.384702 0.570402 0.385736 0.568905 0.386750 0.567722 0.387588 0.567035 0.388122 0.566945 0.388272
0 0.659280 0.862432 0.659962 0.865488 0.660237 0.866118 0.662040 0.868684 0.664688 0.870365 0.667777 0.870905 0.670838 0.870221 0.673404 0.868418 0.675086 0.865771 0.675625 0.862681 0.674942 0.859620 0.674641 0.859002 0.672841 0.856440 0.670198 0.854762 0.667114 0.854223 0.664058 0.854906 0.661497 0.856705 0.659818 0.859348
0 0.309712 0.189770 0.310053 0.190325 0.311255 0.191196 0.313134 0.192248 0.315404 0.193324 0.317723 0.194260 0.319742 0.194916 0.321157 0.195193 0.321751 0.195048 0.324757 0.191980 0.325660 0.189744 0.323936 0.185255 0.323699 0.184832 0.322810 0.184169 0.321402 0.183367 0.319691 0.182550 0.317938 0.181843 0.316413 0.181354 0.315351 0.181158 0.314911 0.181284 0.310616 0.183133 0.309712 0.185373
0 0.859749 0.049392 0.859751 0.052347 0.859841 0.053853 0.860398 0.055664 0.861425 0.057239 0.862767 0.058340 0.864614 0.059805 0.867038 0.060570 0.869288 0.060152 0.870935 0.059202 0.872671 0.057655 0.874380 0.054907 0.875143 0.052951 0.875160 0.050577 0.874424 0.048147 0.873048 0.046038 0.871245 0.044572 0.869291 0.043976 0.866296 0.043974 0.864044 0.044425 0.862389 0.045367 0.860673 0.046941
0 0.472361 0.313012 0.472409 0.313334 0.473115 0.316384 0.474934 0.318932 0.477590 0.320590 0.480678 0.321105 0.483728 0.320399 0.486276 0.318580 0.487934 0.315924 0.488450 0.312836 0.488430 0.312513 0.487722 0.309458 0.485900 0.306905 0.483240 0.305245 0.480146 0.304729 0.477091 0.305436 0.474538 0.307258 0.472878 0.309919
0 0.150132 0.946534 0.150454 0.949104 0.151064 0.951552 0.151868 0.953502 0.152741 0.954653 0.153550 0.954833 0.157762 0.955495 0.160107 0.954910 0.160868 0.953892 0.163270 0.950208 0.163514 0.948952 0.163512 0.947237 0.163265 0.945325 0.162811 0.943503 0.162219 0.942046 0.161576 0.941176 0.158055 0.938850 0.157057 0.938593 0.154717 0.939176 0.151121 0.941777 0.150494 0.942569 0.150146 0.944239
0 0.543152 0.147471 0.543583 0.150115 0.544052 0.151428 0.545614 0.153581 0.547578 0.154709 0.549542 0.155781 0.551922 0.156040 0.554358 0.155447 0.556484 0.154093 0.557977 0.152181 0.558581 0.150428 0.559371 0.147703 0.558966 0.145052 0.558478 0.143745 0.556933 0.141573 0.554482 0.140213 0.551497 0.139879 0.548438 0.140623 0.545777 0.142330 0.543920 0.144737
0 0.421683 0.084535 0.421721 0.087669 0.421856 0.088378 0.423089 0.091254 0.425329 0.093440 0.428234 0.094602 0.431364 0.094564 0.434240 0.093331 0.436426 0.091091 0.437588 0.088185 0.437549 0.085056 0.437442 0.084341 0.436207 0.081460 0.433963 0.079270 0.431052 0.078107 0.427918 0.078145 0.425036 0.079380 0.422847 0.081624
0 0.080498 0.338904 0.080912 0.342012 0.082484 0.344724 0.084974 0.346628 0.085687 0.346892 0.088712 0.347697 0.091814 0.347283 0.094521 0.345715 0.096422 0.343228 0.097228 0.340204 0.096814 0.337102 0.095245 0.334395 0.092759 0.332494 0.092058 0.332205 0.089028 0.331398 0.085921 0.331813 0.083209 0.333385 0.081304 0.335875
0 0.189040 0.914118 0.189278 0.917222 0.190654 0.920066 0.192958 0.922210 0.195836 0.923326 0.198843 0.923242 0.201519 0.921977 0.202380 0.921172 0.204318 0.918922 0.205227 0.916033 0.205137 0.914409 0.204932 0.911934 0.203828 0.909671 0.201993 0.907963 0.199703 0.907066 0.198452 0.906877 0.195458 0.906941 0.192778 0.908181 0.191931 0.908999 0.189974 0.911231
0 0.562868 0.490268 0.563725 0.493277 0.565669 0.495730 0.568403 0.497252 0.571512 0.497612 0.571635 0.497608 0.574650 0.496749 0.577107 0.494802 0.578632 0.492063 0.578992 0.488948 0.578133 0.485933 0.576186 0.483477 0.573447 0.481952 0.570333 0.481592 0.570212 0.481623 0.567202 0.482480 0.564749 0.484424 0.563227 0.487159
0 0.815531 0.918562 0.816520 0.921531 0.817065 0.922257 0.819118 0.924626 0.821922 0.926028 0.825049 0.926251 0.828023 0.925261 0.830392 0.923207 0.831795 0.920404 0.832017 0.917277 0.831027 0.914303 0.830458 0.913591 0.828408 0.911226 0.825610 0.909825 0.822488 0.909603 0.819519 0.910591 0.817154 0.912641 0.815754 0.915440
0 0.739312 0.084057 0.740884 0.085885 0.744755 0.087811 0.745077 0.087868 0.746108 0.087235 0.747691 0.086011 0.749587 0.084381 0.751510 0.082589 0.753171 0.080906 0.754319 0.079586 0.754776 0.078830 0.753405 0.074652 0.751829 0.072820 0.751439 0.072718 0.746850 0.072415 0.746073 0.072878 0.744876 0.073796 0.743443 0.075028 0.741994 0.076386 0.740752 0.077660 0.739905 0.078656 0.739582 0.079223
0 0.490594 0.664836 0.490980 0.667947 0.492528 0.670673 0.495002 0.672599 0.498024 0.673432 0.501135 0.673046 0.503861 0.671498 0.505787 0.669025 0.506620 0.666002 0.506609 0.665717 0.506223 0.662611 0.504678 0.659890 0.502209 0.657967 0.499192 0.657135 0.496086 0.657521 0.493365 0.659067 0.491442 0.661535 0.490610 0.664553
0 0.763916 0.769756 0.764260 0.772866 0.765767 0.775609 0.766225 0.776083 0.768672 0.778043 0.771682 0.778918 0.774798 0.778573 0.777545 0.777063 0.779505 0.774617 0.780380 0.771606 0.780035 0.768490 0.778525 0.765743 0.778046 0.765286 0.775604 0.763330 0.772598 0.762457 0.769488 0.762800 0.766745 0.764308 0.764789 0.766751
0 0.462597 0.206431 0.463688 0.208226 0.465858 0.210535 0.467127 0.211478 0.468817 0.212147 0.470674 0.212441 0.472417 0.212315 0.473783 0.211788 0.476869 0.210310 0.478174 0.208894 0.478539 0.206861 0.478672 0.205115 0.477708 0.201656 0.476855 0.200207 0.475171 0.198932 0.472912 0.198028 0.470424 0.197635 0.468092 0.197813 0.466273 0.198534 0.465244 0.199685 0.463073 0.202649 0.462697 0.204684
0 0.829554 0.319535 0.830285 0.322578 0.832124 0.325110 0.834792 0.326745 0.837883 0.327235 0.840926 0.326505 0.841513 0.326206 0.844050 0.324364 0.845688 0.321691 0.846178 0.318595 0.845447 0.315546 0.843604 0.313010 0.840931 0.311372 0.837835 0.310881 0.834787 0.311613 0.834211 0.311937 0.831679 0.313776 0.830044 0.316444
0 0.305181 0.091710 0.305530 0.092442 0.306303 0.093961 0.307381 0.096034 0.308602 0.098348 0.309780 0.100553 0.310739 0.102319 0.311335 0.103379 0.311475 0.103569 0.315805 0.103155 0.317931 0.102019 0.319377 0.097448 0.319134 0.096906 0.318569 0.095767 0.317766 0.094203 0.316849 0.092453 0.315958 0.090786 0.315231 0.089458 0.314778 0.088672 0.314668 0.088547 0.310077 0.087188 0.307945 0.088327
0 0.028646 0.544928 0.029765 0.547856 0.031920 0.550133 0.034782 0.551412 0.037916 0.551499 0.038710 0.551410 0.041633 0.550293 0.043906 0.548142 0.045183 0.545284 0.045270 0.542156 0.044152 0.539233 0.042001 0.536960 0.039144 0.535683 0.036015 0.535596 0.035217 0.535658 0.032288 0.536777 0.030011 0.538932 0.028732 0.541794
0 0.576917 0.901470 0.577360 0.904568 0.577493 0.905264 0.579090 0.907962 0.581598 0.909843 0.584634 0.910622 0.587738 0.910178 0.590435 0.908581 0.592316 0.906074 0.593095 0.903037 0.592651 0.899933 0.592492 0.899246 0.590898 0.896553 0.588395 0.894675 0.585363 0.893898 0.582265 0.894341 0.579572 0.895935 0.577694 0.898438
0 0.348390 0.501317 0.348970 0.503572 0.350046 0.505849 0.351454 0.507797 0.352977 0.509117 0.354379 0.509609 0.358155 0.509496 0.359486 0.508987 0.361427 0.508033 0.362136 0.506482 0.362993 0.502997 0.362985 0.501584 0.362545 0.499901 0.361741 0.498201 0.360695 0.496742 0.359563 0.495744 0.356432 0.494418 0.354686 0.493775 0.353345 0.494254 0.351404 0.495218 0.348985 0.498201 0.348396 0.499431
0 0.469221 0.259755 0.469274 0.260168 0.470201 0.263156 0.472203 0.265562 0.474972 0.267020 0.478088 0.267306 0.481077 0.266378 0.483483 0.264377 0.484941 0.261608 0.485227 0.258491 0.485202 0.258076 0.484272 0.255082 0.482268 0.252671 0.479493 0.251211 0.476372 0.250925 0.473378 0.251854 0.470967 0.253859 0.469507 0.256633
0 0.947220 0.215466 0.948180 0.218444 0.950208 0.220828 0.952994 0.222254 0.956113 0.222506 0.959092 0.221545 0.959882 0.221065 0.962270 0.219034 0.963699 0.216244 0.963951 0.213119 0.962988 0.210135 0.960957 0.207748 0.958166 0.206319 0.955041 0.206067 0.952058 0.207030 0.951281 0.207533 0.948897 0.209561 0.947471 0.212347
0 0.089581 0.969147 0.090232 0.972213 0.090533 0.972936 0.091958 0.975009 0.094067 0.976380 0.094636 0.976505 0.097718 0.977077 0.100785 0.976426 0.103368 0.974651 0.104050 0.973835 0.105755 0.971211 0.106326 0.968134 0.105676 0.965072 0.103904 0.962493 0.101280 0.960788 0.098203 0.960217 0.095141 0.960867 0.092562 0.962639 0.091861 0.963436 0.090153 0.966064
0 0.860318 0.200004 0.861387 0.202947 0.863501 0.205257 0.866338 0.206582 0.869466 0.206720 0.872409 0.205651 0.873050 0.205144 0.875363 0.203026 0.876691 0.200185 0.876829 0.197051 0.875758 0.194103 0.873640 0.191790 0.870799 0.190463 0.867666 0.190324 0.864718 0.191395 0.864091 0.191926 0.861781 0.194040 0.860456 0.196876
0 0.304036 0.928880 0.304392 0.931995 0.305914 0.934735 0.308368 0.936686 0.311382 0.937548 0.314497 0.937191 0.317238 0.935670 0.319188 0.933215 0.319499 0.932471 0.320360 0.929462 0.320004 0.926353 0.318485 0.923617 0.316034 0.921670 0.313026 0.920809 0.309916 0.921165 0.307180 0.922684 0.305233 0.925134 0.304898 0.925866
0 0.404099 0.966231 0.404277 0.969362 0.405641 0.972187 0.407980 0.974275 0.410942 0.975308 0.414073 0.975130 0.416897 0.973767 0.418986 0.971427 0.420019 0.968466 0.420157 0.967661 0.419979 0.964535 0.418618 0.961715 0.416282 0.959631 0.413326 0.958599 0.410200 0.958777 0.407381 0.960137 0.405296 0.962473 0.404264 0.965429
0 0.503921 0.070580 0.504495 0.074763 0.505418 0.075695 0.507129 0.076653 0.509368 0.077493 0.511796 0.078089 0.514049 0.078352 0.515787 0.078241 0.516746 0.077772 0.519232 0.074340 0.519807 0.071998 0.519852 0.071038 0.517591 0.067153 0.516912 0.066442 0.515631 0.065710 0.513943 0.065069 0.512108 0.064618 0.510407 0.064427 0.509100 0.064524 0.508388 0.064893 0.504507 0.067269 0.503931 0.069616
0 0.577709 0.319534 0.578484 0.322566 0.580360 0.325071 0.583052 0.326667 0.586150 0.327111 0.589182 0.326336 0.591687 0.324459 0.593283 0.321768 0.593444 0.321461 0.593888 0.318358 0.593112 0.315320 0.591232 0.312811 0.588536 0.311212 0.585433 0.310768 0.582395 0.311544 0.579887 0.313423 0.578288 0.316120 0.578153 0.316436
0 0.383085 0.382560 0.383131 0.384242 0.383245 0.386129 0.383411 0.387930 0.383603 0.389369 0.383792 0.390226 0.383948 0.390373 0.387601 0.393363 0.390007 0.393217 0.393899 0.391375 0.394016 0.390597 0.394043 0.388969 0.393976 0.386739 0.393824 0.384244 0.393611 0.381857 0.393369 0.379940 0.393135 0.378783 0.392943 0.378566 0.388803 0.377205 0.386391 0.377352 0.383217 0.380767 0.383116 0.381340
0 0.643472 0.726632 0.643658 0.729758 0.645026 0.732574 0.645276 0.732974 0.647622 0.735056 0.650586 0.736082 0.653716 0.735895 0.656537 0.734525 0.658619 0.732179 0.659645 0.729215 0.659458 0.726084 0.658087 0.723264 0.657816 0.722880 0.655474 0.720801 0.652515 0.719778 0.649390 0.719964 0.646574 0.721332 0.644496 0.723673
0 0.428373 0.890967 0.429101 0.892077 0.430577 0.893427 0.432577 0.894811 0.434794 0.896016 0.436886 0.896855 0.438530 0.897200 0.439478 0.897000 0.442775 0.894305 0.443929 0.892181 0.444054 0.891302 0.442889 0.886969 0.442327 0.886145 0.441215 0.885145 0.439721 0.884119 0.438071 0.883223 0.436515 0.882591 0.435286 0.882320 0.434573 0.882451 0.430201 0.883776 0.429050 0.885895 0.428891 0.886761
0 0.087295 0.304603 0.087557 0.306713 0.088513 0.308251 0.090519 0.311063 0.092266 0.311963 0.094139 0.312874 0.096404 0.312644 0.098719 0.311314 0.100420 0.310216 0.101632 0.308878 0.102484 0.307202 0.102846 0.305441 0.102751 0.303376 0.102447 0.300747 0.101281 0.298813 0.099531 0.297923 0.097671 0.296982 0.094229 0.297000 0.092410 0.297160 0.090541 0.298213 0.088911 0.299998 0.087771 0.302244
0 0.046665 0.120678 0.047520 0.123695 0.049465 0.126156 0.050239 0.126799 0.052973 0.128325 0.056083 0.128690 0.059095 0.127836 0.059626 0.127475 0.061586 0.125926 0.062804 0.123746 0.063078 0.123162 0.063442 0.120052 0.062589 0.117040 0.060647 0.114583 0.059891 0.113920 0.057153 0.112390 0.054038 0.112025 0.051020 0.112880 0.048559 0.114825 0.047030 0.117563
0 0.348629 0.841380 0.349791 0.844291 0.351978 0.846537 0.354858 0.847775 0.357993 0.847816 0.360905 0.846654 0.363150 0.844467 0.364388 0.841587 0.364621 0.841000 0.364662 0.837870 0.363503 0.834964 0.361319 0.832722 0.358444 0.831486 0.355314 0.831445 0.352408 0.832605 0.350166 0.834788 0.349908 0.835365 0.348670 0.838245
0 0.543476 0.877418 0.543620 0.880545 0.543695 0.881200 0.545027 0.884038 0.547344 0.886150 0.550292 0.887214 0.553424 0.887070 0.556262 0.885738 0.558374 0.883421 0.559439 0.880473 0.559294 0.877341 0.559193 0.876693 0.557863 0.873860 0.555550 0.871751 0.552607 0.870688 0.549480 0.870832 0.546647 0.872162 0.544539 0.874475
0 0.277723 0.248576 0.278900 0.251482 0.279280 0.251909 0.281475 0.254140 0.284357 0.255360 0.287486 0.255385 0.290387 0.254210 0.292617 0.252015 0.293837 0.249133 0.293862 0.246003 0.292687 0.243103 0.292330 0.242660 0.290131 0.240426 0.287245 0.239204 0.284110 0.239179 0.281204 0.240356 0.278970 0.242555 0.277748 0.245442
0 0.045739 0.401075 0.046738 0.404048 0.048799 0.406413 0.051607 0.407809 0.052378 0.407967 0.055502 0.408182 0.058469 0.407185 0.060830 0.405128 0.062223 0.402324 0.062438 0.399201 0.061441 0.396233 0.059384 0.393872 0.056580 0.392479 0.055816 0.392294 0.052688 0.392079 0.049715 0.393078 0.047350 0.395138 0.045954 0.397947
0 0.630956 0.123082 0.631204 0.127889 0.632953 0.129549 0.636983 0.131089 0.637417 0.131004 0.638462 0.130186 0.639957 0.128764 0.641679 0.126950 0.643367 0.125018 0.644768 0.123259 0.645669 0.121939 0.645930 0.121261 0.644129 0.117257 0.642376 0.115593 0.637656 0.115701 0.637330 0.115746 0.636541 0.116349 0.635410 0.117417 0.634108 0.118788 0.632837 0.120251 0.631792 0.121581 0.631132 0.122574
