0 0.097667 0.700638 0.098122 0.704903 0.098377 0.705519 0.099574 0.706289 0.101531 0.707097 0.103949 0.707817 0.106454 0.708339 0.108661 0.708582 0.110234 0.708511 0.110933 0.708137 0.113678 0.704689 0.114366 0.702378 0.114016 0.701619 0.111938 0.697842 0.111033 0.697275 0.109571 0.696679 0.107772 0.696143 0.105907 0.695749 0.104259 0.695555 0.103076 0.695592 0.102541 0.695855 0.098357 0.698322
0 0.729395 0.480349 0.730154 0.483385 0.732018 0.485899 0.734702 0.487508 0.737798 0.487968 0.738207 0.487947 0.741249 0.487186 0.743767 0.485319 0.745379 0.482630 0.745839 0.479529 0.745078 0.476488 0.743211 0.473970 0.740522 0.472358 0.737421 0.471897 0.737013 0.471946 0.733977 0.472705 0.731464 0.474569 0.729854 0.477253
0 0.068091 0.783889 0.068169 0.787024 0.069441 0.789891 0.071713 0.792053 0.074639 0.793181 0.077774 0.793103 0.080641 0.791831 0.081363 0.791329 0.083520 0.789061 0.084646 0.786139 0.084568 0.783009 0.083299 0.780147 0.081030 0.777990 0.078109 0.776864 0.074979 0.776941 0.072117 0.778211 0.071380 0.778690 0.069219 0.780962
0 0.202971 0.383762 0.203603 0.386832 0.205361 0.389428 0.207979 0.391153 0.208481 0.391340 0.211554 0.391931 0.214619 0.391300 0.217210 0.389545 0.218932 0.386932 0.219523 0.383859 0.218893 0.380794 0.217138 0.378202 0.214524 0.376481 0.214033 0.376268 0.210954 0.375676 0.207884 0.376307 0.205288 0.378065 0.203564 0.380683
0 0.755695 0.523732 0.756285 0.526807 0.758008 0.529421 0.760599 0.531178 0.763666 0.531809 0.764120 0.531864 0.767200 0.531273 0.769819 0.529547 0.771579 0.526952 0.772211 0.523880 0.771620 0.520800 0.769895 0.518181 0.767299 0.516421 0.764227 0.515789 0.763773 0.515761 0.760698 0.516351 0.758083 0.518074 0.756326 0.520665
0 0.485334 0.377472 0.485359 0.377683 0.486262 0.380680 0.488244 0.383105 0.491002 0.384586 0.494117 0.384899 0.497115 0.383995 0.499539 0.382014 0.501020 0.379256 0.501333 0.376140 0.501335 0.375927 0.500431 0.372924 0.498446 0.370496 0.495683 0.369012 0.492562 0.368699 0.489559 0.369604 0.487131 0.371588 0.485647 0.374351
0 0.624139 0.764355 0.624325 0.765170 0.627143 0.768438 0.629274 0.769533 0.630049 0.769441 0.634212 0.768132 0.634932 0.767426 0.635803 0.766176 0.636692 0.764574 0.637465 0.762860 0.638006 0.761295 0.638232 0.760113 0.638109 0.759496 0.636535 0.755067 0.634404 0.753984 0.630133 0.753622 0.629515 0.753668 0.628546 0.754589 0.627374 0.756246 0.626177 0.758386 0.625141 0.760682 0.624425 0.762779
0 0.412773 0.968734 0.413007 0.971862 0.414421 0.974661 0.416797 0.976707 0.419777 0.977687 0.422904 0.977453 0.425704 0.976039 0.427750 0.973662 0.428730 0.970683 0.428852 0.969873 0.428618 0.966751 0.427207 0.963957 0.424834 0.961914 0.421860 0.960936 0.418738 0.961170 0.415943 0.962581 0.413901 0.964954 0.412922 0.967928
0 0.771266 0.816315 0.771571 0.819431 0.773045 0.822194 0.773515 0.822748 0.775938 0.824740 0.778939 0.825652 0.782060 0.825348 0.784827 0.823871 0.786818 0.821448 0.787731 0.818448 0.787426 0.815326 0.785949 0.812559 0.785458 0.812022 0.783039 0.810034 0.780044 0.809123 0.776927 0.809427 0.774165 0.810901 0.772177 0.813320
0 0.164070 0.120751 0.164544 0.123850 0.166167 0.126532 0.166741 0.127174 0.169262 0.129027 0.172301 0.129775 0.175395 0.129302 0.178072 0.127682 0.179926 0.125160 0.180673 0.122121 0.180200 0.119028 0.178580 0.116350 0.178027 0.115690 0.175501 0.113833 0.172457 0.113084 0.169357 0.113558 0.166675 0.115181 0.164819 0.117707
0 0.855455 0.117177 0.856424 0.120154 0.858458 0.122534 0.861249 0.123954 0.864370 0.124198 0.867347 0.123229 0.869727 0.121195 0.870364 0.120543 0.871786 0.117748 0.872031 0.114621 0.871061 0.111639 0.869023 0.109255 0.866228 0.107832 0.863101 0.107587 0.860119 0.108558 0.857735 0.110595 0.857120 0.111265 0.855700 0.114055
0 0.938641 0.257263 0.938973 0.260375 0.940469 0.263123 0.942904 0.265090 0.945906 0.265975 0.949018 0.265644 0.949791 0.265240 0.952544 0.263741 0.954514 0.261302 0.955400 0.258295 0.955069 0.255178 0.953569 0.252425 0.951131 0.250455 0.948124 0.249568 0.945006 0.249900 0.942253 0.251399 0.941493 0.251827 0.939527 0.254261
0 0.425759 0.568637 0.426031 0.571761 0.427479 0.574544 0.429881 0.576560 0.432871 0.577504 0.435996 0.577231 0.438778 0.575784 0.440795 0.573382 0.440896 0.573256 0.441839 0.570270 0.441567 0.567151 0.440122 0.564373 0.437724 0.562361 0.434738 0.561418 0.431619 0.561690 0.428842 0.563135 0.428719 0.563244 0.426703 0.565646
0 0.280842 0.725518 0.281190 0.728633 0.282703 0.731379 0.285152 0.733336 0.288163 0.734208 0.291279 0.733860 0.294024 0.732348 0.294378 0.731948 0.296332 0.729504 0.297202 0.726498 0.296855 0.723387 0.295345 0.720646 0.292901 0.718692 0.289894 0.717822 0.286784 0.718169 0.284043 0.719679 0.283672 0.720058 0.281714 0.722506
0 0.100843 0.488071 0.101221 0.492728 0.103064 0.494320 0.107247 0.495772 0.107919 0.495683 0.109172 0.494877 0.110813 0.493475 0.112591 0.491692 0.114232 0.489802 0.115484 0.488096 0.116156 0.486836 0.116148 0.486212 0.114209 0.482363 0.112376 0.480766 0.107545 0.480891 0.107041 0.480974 0.106106 0.481589 0.104883 0.482642 0.103555 0.483974 0.102325 0.485382 0.101377 0.486655 0.100856 0.487600
0 0.494376 0.849903 0.495655 0.854540 0.497720 0.855796 0.501981 0.856460 0.502486 0.856228 0.503416 0.855158 0.504631 0.853411 0.505942 0.851255 0.507148 0.849023 0.508065 0.847059 0.508551 0.845662 0.508535 0.845043 0.505920 0.841530 0.503860 0.840277 0.499303 0.841348 0.498929 0.841540 0.498239 0.842351 0.497339 0.843657 0.496363 0.845261 0.495459 0.846921 0.494764 0.848386 0.494383 0.849433
0 0.698886 0.816798 0.699638 0.819838 0.699982 0.820389 0.701843 0.822913 0.704528 0.824533 0.707629 0.825002 0.710674 0.824249 0.713198 0.822388 0.714818 0.819702 0.715287 0.816601 0.714534 0.813557 0.714165 0.813018 0.712307 0.810497 0.709626 0.808880 0.706531 0.808412 0.703491 0.809164 0.700971 0.811022 0.699354 0.813703
0 0.585279 0.482349 0.586596 0.484369 0.590131 0.486871 0.590293 0.486848 0.591249 0.486301 0.592858 0.485310 0.594875 0.484027 0.596988 0.482649 0.598873 0.481389 0.600240 0.480440 0.600880 0.479946 0.600027 0.475705 0.598707 0.473681 0.594148 0.472551 0.594022 0.472587 0.593303 0.473014 0.592102 0.473765 0.590602 0.474725 0.589029 0.475750 0.587621 0.476686 0.586590 0.477390 0.586094 0.477756
0 0.295644 0.085482 0.295747 0.087999 0.296324 0.090572 0.297286 0.092805 0.298484 0.094359 0.299734 0.094998 0.303482 0.096075 0.305602 0.095729 0.306982 0.095267 0.307982 0.093621 0.309598 0.090662 0.309881 0.089112 0.309804 0.087234 0.309379 0.085311 0.308670 0.083634 0.307784 0.082456 0.304957 0.079973 0.303403 0.079141 0.301280 0.079498 0.299884 0.079931 0.296849 0.082101 0.296032 0.083411
0 0.530503 0.810278 0.530571 0.810975 0.531360 0.813259 0.535450 0.815321 0.536176 0.815477 0.537473 0.815342 0.539143 0.814934 0.540929 0.814317 0.542558 0.813584 0.543779 0.812849 0.544406 0.812224 0.546294 0.808097 0.546191 0.807406 0.545403 0.805127 0.542610 0.801912 0.541633 0.801726 0.539909 0.801923 0.537698 0.802471 0.535335 0.803288 0.533175 0.804251 0.531542 0.805215 0.530686 0.806034
0 0.005238 0.141994 0.005887 0.146367 0.006772 0.147000 0.008516 0.147820 0.010851 0.148701 0.013424 0.149511 0.015848 0.150127 0.017758 0.150458 0.018865 0.150453 0.021452 0.147118 0.021626 0.146684 0.022221 0.144347 0.019791 0.140098 0.019145 0.139613 0.017847 0.138987 0.016093 0.138313 0.014150 0.137695 0.012318 0.137229 0.010878 0.136986 0.010051 0.137003 0.005976 0.139201 0.005833 0.139652
0 0.583179 0.735462 0.583322 0.735867 0.584519 0.738765 0.586733 0.740983 0.589628 0.742186 0.592763 0.742189 0.595661 0.740992 0.597879 0.738777 0.599082 0.735883 0.599085 0.732748 0.597888 0.729850 0.597720 0.729455 0.595509 0.727240 0.592619 0.726039 0.589489 0.726037 0.586597 0.727231 0.584382 0.729442 0.583181 0.732332
0 0.131215 0.776925 0.131705 0.781447 0.131809 0.782249 0.132500 0.783354 0.133673 0.784592 0.135147 0.785774 0.136698 0.786718 0.138085 0.787280 0.139098 0.787374 0.143543 0.786808 0.144342 0.786166 0.145850 0.784285 0.147054 0.780226 0.146890 0.779163 0.145956 0.777704 0.144396 0.776069 0.142445 0.774506 0.140397 0.773247 0.138559 0.772485 0.137211 0.772335 0.133549 0.774424 0.132726 0.775040
0 0.740405 0.739387 0.740584 0.742511 0.741945 0.745329 0.742361 0.745752 0.744700 0.747838 0.747661 0.748871 0.750791 0.748692 0.753613 0.747328 0.755700 0.744989 0.756732 0.742029 0.756554 0.738899 0.755190 0.736076 0.754752 0.735670 0.752416 0.733587 0.749461 0.732557 0.746337 0.732735 0.743519 0.734096 0.741436 0.736432
0 0.910888 0.775476 0.911346 0.778572 0.912955 0.781256 0.915468 0.783122 0.916183 0.783609 0.919224 0.784371 0.922325 0.783913 0.925014 0.782301 0.926883 0.779784 0.927645 0.776743 0.927186 0.773642 0.925575 0.770953 0.923057 0.769085 0.922330 0.768622 0.919295 0.767861 0.916199 0.768319 0.913514 0.769927 0.911649 0.772441
0 0.782186 0.644198 0.782760 0.647275 0.784467 0.649898 0.787048 0.651668 0.787542 0.651929 0.790609 0.652578 0.793691 0.652003 0.796318 0.650293 0.798091 0.647708 0.798740 0.644641 0.798166 0.641559 0.796456 0.638931 0.793871 0.637159 0.793365 0.636923 0.790304 0.636275 0.787227 0.636849 0.784604 0.638555 0.782834 0.641136
0 0.341479 0.852981 0.342365 0.855990 0.344336 0.858429 0.347090 0.859930 0.350209 0.860261 0.353217 0.859375 0.355657 0.857404 0.357157 0.854650 0.357403 0.854040 0.357734 0.850927 0.356849 0.847924 0.354882 0.845488 0.352132 0.843991 0.349019 0.843659 0.346016 0.844544 0.343580 0.846512 0.342082 0.849261 0.341810 0.849862
0 0.021458 0.570295 0.021489 0.570661 0.023571 0.574896 0.025930 0.575755 0.030482 0.575676 0.030921 0.575254 0.031678 0.573976 0.032637 0.572035 0.033652 0.569729 0.034565 0.567415 0.035236 0.565447 0.035564 0.564125 0.035499 0.563650 0.032216 0.560709 0.029867 0.559843 0.025274 0.561622 0.024951 0.561955 0.024390 0.562922 0.023678 0.564376 0.022921 0.566097 0.022233 0.567825 0.021720 0.569299
0 0.912126 0.873804 0.912932 0.876828 0.914835 0.879312 0.915549 0.879966 0.918263 0.881536 0.921370 0.881948 0.924399 0.881140 0.924909 0.880791 0.926906 0.879261 0.928166 0.877085 0.928459 0.876521 0.928871 0.873413 0.928063 0.870384 0.926157 0.867895 0.925424 0.867263 0.922716 0.865695 0.919613 0.865284 0.916590 0.866090 0.914105 0.867993 0.912537 0.870702
0 0.447266 0.081723 0.447491 0.084851 0.447581 0.085565 0.448984 0.088364 0.451351 0.090413 0.454322 0.091401 0.457445 0.091176 0.460244 0.089773 0.462293 0.087406 0.463281 0.084435 0.463056 0.081312 0.462992 0.080591 0.461587 0.077787 0.459216 0.075735 0.456240 0.074745 0.453112 0.074971 0.450308 0.076376 0.448255 0.078747
0 0.400528 0.249622 0.401075 0.252710 0.401245 0.253135 0.402929 0.255775 0.405494 0.257569 0.408551 0.258245 0.411634 0.257699 0.414274 0.256015 0.416068 0.253449 0.416744 0.250392 0.416198 0.247309 0.416054 0.246874 0.414367 0.244230 0.411797 0.242433 0.408735 0.241756 0.405647 0.242302 0.403002 0.243989 0.401205 0.246559
0 0.438817 0.924267 0.439878 0.927218 0.441988 0.929539 0.444825 0.930875 0.447958 0.931024 0.450909 0.929963 0.453230 0.927853 0.454566 0.925016 0.454644 0.924285 0.454793 0.921158 0.453734 0.918211 0.451628 0.915895 0.448795 0.914561 0.445668 0.914412 0.442722 0.915471 0.440405 0.917578 0.439071 0.920410 0.438966 0.921134
0 0.722216 0.308314 0.722405 0.311440 0.723774 0.314255 0.726117 0.316332 0.729077 0.317354 0.732202 0.317165 0.735017 0.315796 0.735422 0.315478 0.737502 0.313131 0.738526 0.310167 0.738337 0.307036 0.736965 0.304216 0.734618 0.302136 0.731654 0.301112 0.728523 0.301301 0.725703 0.302673 0.725315 0.303012 0.723238 0.305355
0 0.245349 0.292084 0.246521 0.294992 0.248717 0.297230 0.249149 0.297578 0.252028 0.298803 0.255158 0.298833 0.258060 0.297663 0.260294 0.295471 0.261519 0.292591 0.261549 0.289462 0.260379 0.286559 0.258187 0.284325 0.257771 0.283954 0.254886 0.282727 0.251751 0.282697 0.248844 0.283869 0.246606 0.286065 0.245379 0.288950
0 0.325801 0.079489 0.326385 0.081379 0.328676 0.083916 0.330052 0.085308 0.331942 0.086072 0.333752 0.086286 0.335725 0.085297 0.338062 0.083608 0.339167 0.082383 0.340026 0.080711 0.340509 0.078844 0.340544 0.077065 0.339850 0.074417 0.339148 0.072045 0.337790 0.070625 0.335892 0.069868 0.334080 0.069622 0.330697 0.069959 0.329105 0.070736 0.327619 0.072369 0.326469 0.074610 0.325830 0.077111
0 0.791192 0.242076 0.791540 0.243886 0.792326 0.245594 0.793431 0.246942 0.795390 0.248313 0.797485 0.249616 0.799522 0.249783 0.801372 0.249001 0.803044 0.247998 0.805299 0.245364 0.806140 0.243744 0.806348 0.241552 0.805892 0.239126 0.804839 0.236838 0.803352 0.235040 0.801661 0.234010 0.798484 0.233786 0.796442 0.233650 0.794585 0.234423 0.792930 0.235455 0.791907 0.237493 0.791335 0.240435
0 0.564912 0.928983 0.565191 0.932100 0.565303 0.932844 0.566755 0.935622 0.569160 0.937633 0.572152 0.938570 0.575274 0.938291 0.578053 0.936839 0.580063 0.934434 0.581001 0.931442 0.580722 0.928320 0.580583 0.927584 0.579133 0.924810 0.576732 0.922803 0.573746 0.921867 0.570629 0.922146 0.567855 0.923596 0.565848 0.925997
0 0.315573 0.580434 0.316677 0.584941 0.317075 0.585409 0.318057 0.586159 0.319474 0.587078 0.321111 0.588024 0.322714 0.588852 0.324038 0.589435 0.324881 0.589685 0.329252 0.588344 0.329634 0.588146 0.330841 0.586058 0.331450 0.581809 0.330899 0.581193 0.329581 0.580205 0.327697 0.578994 0.325533 0.577742 0.323412 0.576638 0.321656 0.575848 0.320529 0.575493 0.320208 0.575629 0.316783 0.578342
0 0.477872 0.503602 0.478055 0.507562 0.479047 0.509580 0.479602 0.510585 0.483721 0.511832 0.484668 0.512064 0.486089 0.511894 0.487766 0.511347 0.489448 0.510507 0.490880 0.509500 0.491846 0.508479 0.492198 0.507597 0.493710 0.503538 0.492711 0.501528 0.492184 0.500504 0.489161 0.497963 0.487904 0.497631 0.486008 0.497841 0.483760 0.498565 0.481507 0.499691 0.479596 0.501045 0.478319 0.502419
0 0.134795 0.934876 0.135387 0.937954 0.137111 0.940573 0.137213 0.940708 0.139295 0.942120 0.139706 0.942332 0.142776 0.942964 0.145855 0.942373 0.148473 0.940649 0.149077 0.939891 0.150833 0.937301 0.151464 0.934236 0.150874 0.931162 0.149153 0.928548 0.146563 0.926793 0.143497 0.926161 0.140424 0.926751 0.137810 0.928472 0.137187 0.929210 0.135428 0.931805
