0 0.705682 0.944909 0.705705 0.948038 0.706924 0.950920 0.707280 0.951697 0.709513 0.953897 0.712418 0.955076 0.715553 0.955053 0.718440 0.953832 0.720641 0.951599 0.721819 0.948694 0.721796 0.945559 0.720576 0.942672 0.720196 0.941911 0.717967 0.939715 0.715067 0.938538 0.711938 0.938561 0.709055 0.939779 0.706859 0.942009
0 0.530647 0.878976 0.530700 0.879629 0.531263 0.882713 0.532962 0.885347 0.535541 0.887130 0.538605 0.887791 0.541689 0.887228 0.544324 0.885528 0.546106 0.882950 0.546767 0.879885 0.546687 0.879232 0.546125 0.876153 0.544428 0.873524 0.541854 0.871744 0.538795 0.871084 0.535716 0.871646 0.533086 0.873343 0.531307 0.875917
0 0.903834 0.512589 0.903884 0.515719 0.905128 0.518592 0.907377 0.520770 0.910289 0.521922 0.910996 0.521959 0.914131 0.521909 0.917009 0.520662 0.919191 0.518409 0.920344 0.515493 0.920294 0.512357 0.919048 0.509479 0.916794 0.507298 0.913878 0.506144 0.913166 0.506133 0.910036 0.506184 0.907163 0.507428 0.904985 0.509677
0 0.165092 0.831580 0.166239 0.834499 0.168415 0.836757 0.171289 0.838011 0.174425 0.838069 0.177344 0.836923 0.179603 0.834747 0.180154 0.834171 0.181405 0.831302 0.181463 0.828171 0.180319 0.825257 0.178147 0.823003 0.175277 0.821751 0.172147 0.821693 0.169232 0.822837 0.166978 0.825009 0.166404 0.825569 0.165150 0.828444
0 0.911730 0.808573 0.912396 0.811630 0.914183 0.814200 0.914896 0.814741 0.917534 0.816434 0.920619 0.816989 0.923682 0.816321 0.926256 0.814532 0.927950 0.811894 0.928505 0.808808 0.927837 0.805745 0.926047 0.803171 0.925315 0.802650 0.922681 0.800959 0.919601 0.800406 0.916544 0.801072 0.913974 0.802859 0.912283 0.805492
0 0.093231 0.649358 0.094070 0.652961 0.094769 0.654267 0.096121 0.655938 0.097782 0.656415 0.101576 0.656432 0.102995 0.656181 0.104624 0.655434 0.106216 0.654302 0.107532 0.652959 0.108372 0.651607 0.109091 0.648395 0.109487 0.646466 0.108819 0.645149 0.107462 0.643488 0.103938 0.641798 0.102622 0.641392 0.100729 0.641704 0.098547 0.642688 0.096410 0.644195 0.094647 0.645994 0.093531 0.647808
0 0.696234 0.168226 0.696714 0.171319 0.698341 0.173992 0.700867 0.175840 0.703908 0.176580 0.707001 0.176100 0.709674 0.174473 0.711521 0.171947 0.711886 0.171382 0.712627 0.168336 0.712146 0.165238 0.710516 0.162560 0.707986 0.160710 0.704940 0.159968 0.701842 0.160449 0.699164 0.162079 0.697313 0.164609 0.696974 0.165186
0 0.116814 0.923733 0.117456 0.926803 0.119223 0.929394 0.121848 0.931111 0.124930 0.931693 0.127999 0.931051 0.130590 0.929284 0.131225 0.928546 0.132939 0.925925 0.133520 0.922849 0.132880 0.919784 0.131115 0.917198 0.131049 0.917149 0.128959 0.915781 0.128495 0.915484 0.125419 0.914903 0.122354 0.915544 0.119768 0.917308 0.119113 0.918027 0.117396 0.920652
0 0.087497 0.818281 0.087501 0.819059 0.087972 0.821388 0.091877 0.823747 0.092612 0.823992 0.093972 0.823984 0.095747 0.823725 0.097668 0.823254 0.099446 0.822644 0.100812 0.821985 0.101559 0.821378 0.104091 0.817457 0.104118 0.816679 0.103638 0.814357 0.101231 0.810963 0.100267 0.810615 0.098464 0.810605 0.096094 0.810937 0.093520 0.811559 0.091138 0.812377 0.089315 0.813265 0.088331 0.814085
0 0.395443 0.693476 0.396139 0.697506 0.396854 0.698589 0.398746 0.699775 0.402741 0.700358 0.403841 0.700380 0.405293 0.699551 0.406875 0.697994 0.408343 0.695948 0.409472 0.693728 0.410088 0.691676 0.410099 0.690106 0.407955 0.686945 0.407217 0.685886 0.405334 0.684694 0.403959 0.684696 0.400146 0.685779 0.399064 0.686411 0.397886 0.687580 0.396790 0.689107 0.395941 0.690763 0.395468 0.692297
0 0.026207 0.801551 0.026362 0.804683 0.026562 0.805167 0.027638 0.807441 0.027703 0.807516 0.030027 0.809620 0.032978 0.810676 0.036110 0.810521 0.038943 0.809179 0.039736 0.808648 0.041836 0.806328 0.042890 0.803382 0.042735 0.800256 0.041396 0.797427 0.039076 0.795326 0.036130 0.794273 0.033004 0.794428 0.030175 0.795767 0.029366 0.796276 0.027262 0.798600
0 0.235235 0.888394 0.236022 0.891429 0.237911 0.893931 0.240613 0.895521 0.243717 0.895955 0.246752 0.895168 0.249254 0.893280 0.249685 0.892604 0.251272 0.889906 0.251705 0.886807 0.250920 0.883777 0.249035 0.881280 0.246337 0.879693 0.243238 0.879259 0.240209 0.880045 0.237711 0.881930 0.237259 0.882588 0.235670 0.885290
0 0.590113 0.555923 0.590392 0.558426 0.590942 0.560661 0.591677 0.562284 0.592484 0.563049 0.596386 0.564296 0.598683 0.564087 0.599616 0.563826 0.602333 0.560443 0.602767 0.559587 0.603011 0.558159 0.603031 0.556376 0.602822 0.554508 0.602417 0.552836 0.601877 0.551613 0.601283 0.551027 0.597867 0.548153 0.595576 0.548371 0.594635 0.548599 0.591085 0.550508 0.590489 0.551636 0.590147 0.553538
0 0.847048 0.919757 0.848206 0.922665 0.848806 0.923394 0.850992 0.925642 0.853873 0.926882 0.857009 0.926926 0.859923 0.925766 0.862171 0.923580 0.863411 0.920699 0.863456 0.917564 0.862296 0.914650 0.861673 0.913937 0.859490 0.911692 0.856615 0.910454 0.853484 0.910410 0.850575 0.911568 0.848330 0.913751 0.847092 0.916626
0 0.657640 0.373205 0.659574 0.377455 0.661814 0.378349 0.666168 0.378346 0.666466 0.378128 0.667100 0.377030 0.667973 0.375218 0.668952 0.372967 0.669887 0.370623 0.670632 0.368549 0.671075 0.367062 0.671148 0.366388 0.668031 0.363399 0.665786 0.362504 0.661363 0.364232 0.661146 0.364414 0.660680 0.365250 0.660035 0.366612 0.659311 0.368291 0.658615 0.370035 0.658054 0.371580 0.657711 0.372693
0 0.684733 0.788902 0.685064 0.789421 0.688281 0.792425 0.690531 0.793306 0.694783 0.791480 0.695289 0.791170 0.695962 0.790205 0.696700 0.788728 0.697389 0.786968 0.697923 0.785195 0.698221 0.783680 0.698237 0.782655 0.696290 0.778592 0.695851 0.777967 0.693605 0.777088 0.689331 0.777154 0.688668 0.777589 0.687785 0.778885 0.686815 0.780845 0.685904 0.783174 0.685188 0.785520 0.684777 0.787531
0 0.032735 0.785446 0.032856 0.788578 0.034165 0.791426 0.036465 0.793556 0.039405 0.794644 0.042538 0.794524 0.045386 0.793214 0.046168 0.792710 0.048294 0.790414 0.049380 0.787479 0.049260 0.784352 0.047953 0.781509 0.045656 0.779382 0.042721 0.778296 0.039594 0.778416 0.036751 0.779724 0.035953 0.780205 0.033823 0.782505
0 0.290409 0.252106 0.291126 0.255158 0.292955 0.257703 0.293311 0.258120 0.295971 0.259768 0.299060 0.260274 0.302106 0.259559 0.304648 0.257732 0.306296 0.255072 0.306802 0.251984 0.306086 0.248937 0.304260 0.246396 0.303923 0.245959 0.301258 0.244308 0.298165 0.243801 0.295113 0.244518 0.292567 0.246347 0.290916 0.249012
0 0.449775 0.169008 0.450885 0.170880 0.453018 0.173119 0.454295 0.174101 0.455989 0.174794 0.457844 0.175095 0.459582 0.174958 0.460938 0.174404 0.464057 0.173016 0.465342 0.171533 0.465723 0.169525 0.465836 0.167702 0.464903 0.164286 0.464035 0.162776 0.462340 0.161450 0.460075 0.160513 0.457589 0.160110 0.455265 0.160302 0.453458 0.161060 0.452446 0.162265 0.450246 0.165173 0.449855 0.167183
0 0.818706 0.045183 0.819181 0.047042 0.820107 0.048678 0.821345 0.049845 0.823279 0.051508 0.825550 0.052376 0.827690 0.052038 0.829436 0.051213 0.831123 0.049711 0.833087 0.047116 0.833865 0.045162 0.833949 0.042755 0.833323 0.040264 0.832082 0.038072 0.830417 0.036517 0.828586 0.035838 0.825484 0.035595 0.823341 0.035967 0.821587 0.036783 0.819919 0.038313 0.818974 0.040764 0.818756 0.043383
0 0.806779 0.530559 0.807729 0.533543 0.809748 0.535935 0.812530 0.537373 0.813068 0.537437 0.816193 0.537701 0.819181 0.536749 0.821578 0.534726 0.823018 0.531940 0.823282 0.528815 0.822330 0.525827 0.820307 0.523430 0.817521 0.521990 0.814396 0.521726 0.813856 0.521689 0.810872 0.522639 0.808480 0.524658 0.807042 0.527439
0 0.431307 0.917583 0.432086 0.920620 0.433969 0.923126 0.436668 0.924722 0.439771 0.925163 0.442808 0.924383 0.445314 0.922501 0.446910 0.919802 0.447351 0.916698 0.447442 0.915982 0.446663 0.912951 0.444784 0.910449 0.442090 0.908856 0.438991 0.908415 0.435960 0.909194 0.433458 0.911073 0.431865 0.913767 0.431748 0.914480
0 0.147718 0.479929 0.147750 0.482345 0.149461 0.486355 0.150089 0.486379 0.151627 0.486389 0.153837 0.486384 0.156384 0.486363 0.158884 0.486330 0.160961 0.486291 0.162303 0.486251 0.162703 0.486215 0.164302 0.482180 0.164271 0.479769 0.160922 0.476384 0.160465 0.476352 0.159319 0.476332 0.157658 0.476327 0.155735 0.476337 0.153845 0.476362 0.152279 0.476397 0.151277 0.476436 0.150990 0.476475
0 0.491342 0.843395 0.492042 0.846450 0.493859 0.849005 0.496515 0.850671 0.499606 0.851193 0.502661 0.850492 0.505216 0.848675 0.506882 0.846020 0.507404 0.842928 0.507391 0.842339 0.506692 0.839289 0.504878 0.836738 0.502227 0.835076 0.499141 0.834554 0.496091 0.835254 0.493540 0.837067 0.491878 0.839718 0.491357 0.842804
0 0.937858 0.029824 0.938920 0.032768 0.941027 0.035082 0.943860 0.036412 0.946986 0.036557 0.949930 0.035495 0.952243 0.033388 0.953022 0.032584 0.954355 0.029747 0.954500 0.026615 0.954215 0.025494 0.953361 0.023128 0.951667 0.021269 0.949391 0.020199 0.948488 0.020016 0.945356 0.019870 0.942407 0.020935 0.940090 0.023046 0.939333 0.023866 0.938003 0.026698
0 0.126328 0.534913 0.126497 0.538045 0.127851 0.540874 0.130184 0.542969 0.133142 0.544012 0.136274 0.543843 0.136899 0.543768 0.139723 0.542417 0.141815 0.540087 0.142856 0.537134 0.142688 0.534008 0.141336 0.531184 0.139007 0.529092 0.136054 0.528051 0.132928 0.528219 0.132295 0.528268 0.129466 0.529622 0.127371 0.531955
0 0.039122 0.278800 0.039772 0.281868 0.041547 0.284454 0.044176 0.286164 0.044960 0.286531 0.048038 0.287104 0.051101 0.286455 0.053682 0.284683 0.055389 0.282058 0.055962 0.278980 0.055312 0.275917 0.053540 0.273336 0.050916 0.271629 0.050142 0.271236 0.047059 0.270662 0.043991 0.271312 0.041405 0.273087 0.039695 0.275716
0 0.442502 0.877371 0.443525 0.880335 0.445604 0.882681 0.448423 0.884053 0.451552 0.884242 0.454515 0.883219 0.456862 0.881140 0.458234 0.878321 0.458306 0.877671 0.458494 0.874547 0.457473 0.871589 0.455397 0.869247 0.452583 0.867877 0.449460 0.867688 0.446501 0.868709 0.444159 0.870785 0.442789 0.873599 0.442691 0.874242
0 0.423172 0.367410 0.423537 0.370523 0.425065 0.373260 0.425194 0.373478 0.427649 0.375418 0.430660 0.376272 0.433769 0.375907 0.436501 0.374381 0.438441 0.371926 0.439295 0.368915 0.438930 0.365807 0.438825 0.365576 0.437297 0.362839 0.434837 0.360895 0.431821 0.360040 0.428707 0.360405 0.425970 0.361934 0.424026 0.364393
0 0.766371 0.943197 0.767019 0.946259 0.767479 0.947027 0.769251 0.949613 0.771879 0.951323 0.774960 0.951897 0.778028 0.951249 0.780613 0.949476 0.782323 0.946848 0.782898 0.943767 0.782249 0.940700 0.781764 0.939942 0.779994 0.937361 0.777371 0.935654 0.774295 0.935080 0.771233 0.935728 0.768652 0.937497 0.766945 0.940120
0 0.195501 0.375895 0.195662 0.377710 0.195960 0.379567 0.196349 0.381183 0.196771 0.382316 0.197163 0.382791 0.200973 0.385591 0.203376 0.385308 0.207178 0.383239 0.207595 0.382899 0.207829 0.381634 0.207843 0.379634 0.207635 0.377204 0.207236 0.374717 0.206708 0.372557 0.206132 0.371055 0.205596 0.370439 0.201389 0.369292 0.198979 0.369566 0.198475 0.370019 0.195662 0.373435 0.195501 0.374394
0 0.647599 0.771931 0.648617 0.774891 0.648873 0.775365 0.650951 0.777714 0.653770 0.779090 0.656900 0.779281 0.659866 0.778261 0.662215 0.776183 0.663590 0.773365 0.663782 0.770234 0.662762 0.767269 0.662482 0.766809 0.660408 0.764464 0.657594 0.763091 0.654469 0.762899 0.651508 0.763918 0.649163 0.765992 0.647790 0.768806
0 0.887413 0.399050 0.888517 0.401979 0.890656 0.404262 0.893508 0.405552 0.896636 0.405654 0.897319 0.405491 0.900252 0.404386 0.902539 0.402242 0.903832 0.399386 0.903933 0.396253 0.902828 0.393319 0.900684 0.391032 0.897828 0.389739 0.894695 0.389638 0.894016 0.389827 0.891088 0.390931 0.888805 0.393071 0.887514 0.395922
0 0.923777 0.141155 0.924894 0.144078 0.927045 0.146352 0.929902 0.147629 0.933030 0.147716 0.935953 0.146598 0.936704 0.145990 0.938981 0.143835 0.940260 0.140973 0.940347 0.137840 0.939228 0.134911 0.939128 0.134718 0.937399 0.132891 0.937074 0.132634 0.934212 0.131355 0.931078 0.131268 0.928150 0.132387 0.927414 0.133019 0.925140 0.135170 0.923864 0.138027
0 0.769746 0.309870 0.769748 0.312999 0.770949 0.315890 0.773163 0.318101 0.776056 0.319296 0.779185 0.319293 0.782076 0.318093 0.782561 0.317780 0.784776 0.315561 0.785973 0.312664 0.785971 0.309529 0.784768 0.306634 0.782550 0.304419 0.779652 0.303222 0.776517 0.303224 0.773622 0.304427 0.773152 0.304763 0.770941 0.306978
0 0.207523 0.216991 0.208456 0.219984 0.210464 0.222392 0.210961 0.222869 0.213732 0.224323 0.216849 0.224606 0.219837 0.223674 0.222241 0.221670 0.223695 0.218899 0.223977 0.215782 0.223046 0.212794 0.221041 0.210391 0.220561 0.209892 0.217785 0.208436 0.214663 0.208153 0.211670 0.209086 0.209263 0.211093 0.207806 0.213869
0 0.316793 0.720657 0.317087 0.723779 0.318554 0.726551 0.320969 0.728552 0.323966 0.729475 0.327089 0.729181 0.329861 0.727715 0.331861 0.725299 0.332150 0.724912 0.333072 0.721920 0.332779 0.718803 0.331315 0.716035 0.328904 0.714038 0.325912 0.713117 0.322794 0.713410 0.320027 0.714874 0.319717 0.715244 0.317717 0.717659
0 0.769013 0.597598 0.769173 0.600723 0.770518 0.603549 0.772842 0.605645 0.773312 0.605827 0.776266 0.606876 0.779397 0.606715 0.782227 0.605368 0.784327 0.603040 0.785376 0.600086 0.785215 0.596955 0.783868 0.594124 0.781540 0.592025 0.778586 0.590976 0.778107 0.590819 0.774982 0.590980 0.772156 0.592325 0.770060 0.594649
0 0.859752 0.604252 0.860875 0.607174 0.863031 0.609444 0.865892 0.610716 0.866522 0.610907 0.869658 0.610988 0.872585 0.609863 0.874859 0.607703 0.876133 0.604837 0.876214 0.601702 0.875089 0.598775 0.872929 0.596500 0.870064 0.595226 0.869427 0.595063 0.866298 0.594982 0.863375 0.596105 0.861105 0.598261 0.859833 0.601122
0 0.812229 0.902666 0.812933 0.905716 0.814750 0.908266 0.815292 0.908969 0.817952 0.910631 0.821045 0.911150 0.824101 0.910445 0.826655 0.908625 0.828317 0.905965 0.828836 0.902872 0.828131 0.899816 0.826310 0.897262 0.825749 0.896579 0.823094 0.894920 0.820007 0.894402 0.816956 0.895106 0.814406 0.896923 0.812747 0.899578
