0 0.460810 0.879096 0.461533 0.883459 0.462791 0.885550 0.467320 0.886741 0.467753 0.886822 0.468745 0.886485 0.470142 0.885784 0.471734 0.884826 0.473278 0.883755 0.474544 0.882733 0.475338 0.881914 0.475539 0.881423 0.476481 0.876701 0.475218 0.874620 0.471750 0.872038 0.471180 0.871906 0.469861 0.872332 0.467992 0.873253 0.465859 0.874529 0.463789 0.875964 0.462102 0.877337 0.461056 0.878437
0 0.383571 0.937599 0.384983 0.942205 0.385489 0.942578 0.386578 0.943201 0.388084 0.943979 0.389778 0.944794 0.391405 0.945523 0.392719 0.946057 0.393521 0.946312 0.393687 0.946251 0.398067 0.944330 0.399106 0.942024 0.399384 0.937515 0.398730 0.937009 0.397289 0.936169 0.395279 0.935122 0.393009 0.934030 0.390830 0.933061 0.389075 0.932364 0.388013 0.932044 0.387802 0.932149 0.384617 0.935301
0 0.356722 0.322727 0.357905 0.325632 0.358150 0.325931 0.360350 0.328159 0.363236 0.329374 0.366367 0.329393 0.369266 0.328211 0.371493 0.326011 0.372708 0.323125 0.372727 0.319995 0.371546 0.317095 0.371325 0.316780 0.369121 0.314549 0.366230 0.313332 0.363094 0.313313 0.360190 0.314496 0.357958 0.316700 0.356741 0.319591
0 0.964507 0.565653 0.965407 0.568652 0.967387 0.571077 0.970144 0.572561 0.970953 0.572686 0.974074 0.573003 0.977078 0.572101 0.979508 0.570118 0.980994 0.567357 0.981310 0.564236 0.980409 0.561233 0.978426 0.558803 0.975664 0.557316 0.974847 0.557217 0.971732 0.556902 0.968733 0.557802 0.966307 0.559781 0.964823 0.562538
0 0.818778 0.827911 0.818817 0.829281 0.821403 0.832609 0.822125 0.833355 0.824206 0.834584 0.828613 0.833455 0.829390 0.833248 0.830384 0.832416 0.831443 0.831084 0.832404 0.829457 0.833120 0.827784 0.833481 0.826323 0.833433 0.825296 0.832243 0.820980 0.831499 0.820261 0.829423 0.819035 0.825234 0.818419 0.824208 0.818718 0.822899 0.819839 0.821503 0.821610 0.820231 0.823762 0.819274 0.825974
0 0.514037 0.130896 0.514629 0.133970 0.516352 0.136584 0.518945 0.138340 0.522012 0.138969 0.525086 0.138378 0.527700 0.136654 0.529455 0.134062 0.530085 0.130995 0.530137 0.130359 0.529544 0.127280 0.527818 0.124661 0.525221 0.122903 0.522149 0.122272 0.519069 0.122865 0.516451 0.124591 0.514692 0.127188 0.514062 0.130260
0 0.536179 0.528102 0.537287 0.531029 0.539431 0.533309 0.539499 0.533366 0.542357 0.534655 0.545490 0.534751 0.548422 0.533641 0.550706 0.531493 0.551994 0.528635 0.552090 0.525502 0.550980 0.522570 0.548833 0.520286 0.545975 0.518998 0.545896 0.518965 0.542768 0.518869 0.539841 0.519977 0.537561 0.522121 0.536275 0.524974
0 0.452027 0.080883 0.452067 0.082279 0.452623 0.084290 0.453608 0.086608 0.454871 0.088875 0.456217 0.090744 0.457440 0.091928 0.458354 0.092250 0.462483 0.091850 0.464525 0.090715 0.465098 0.089986 0.466306 0.085683 0.466263 0.084636 0.465841 0.083133 0.465106 0.081403 0.464168 0.079707 0.463168 0.078300 0.462258 0.077396 0.461576 0.077135 0.457213 0.075764 0.455170 0.076911 0.454577 0.077617
0 0.544002 0.888694 0.544078 0.889363 0.544740 0.892427 0.546524 0.895004 0.549159 0.896703 0.552244 0.897263 0.555308 0.896601 0.557885 0.894817 0.559584 0.892182 0.560144 0.889097 0.560041 0.888429 0.559380 0.885370 0.557598 0.882797 0.554968 0.881101 0.551889 0.880542 0.548830 0.881203 0.546257 0.882984 0.544561 0.885615
0 0.547177 0.802185 0.547594 0.803257 0.548458 0.804628 0.549640 0.806090 0.550961 0.807422 0.552221 0.808424 0.553230 0.808943 0.557439 0.809135 0.558452 0.809060 0.560163 0.807451 0.561917 0.803556 0.562068 0.802744 0.561528 0.801311 0.560378 0.799473 0.558795 0.797515 0.557022 0.795737 0.555332 0.794413 0.553983 0.793744 0.553182 0.793829 0.549238 0.795274 0.547523 0.796872 0.547363 0.797896
0 0.264108 0.886360 0.264803 0.889417 0.266616 0.891975 0.269269 0.893645 0.272359 0.894172 0.275416 0.893477 0.277974 0.891665 0.279644 0.889012 0.280023 0.888343 0.280549 0.885258 0.279855 0.882207 0.278046 0.879653 0.275398 0.877986 0.272313 0.877460 0.269261 0.878153 0.266707 0.879963 0.265040 0.882611 0.264636 0.883270
0 0.104966 0.076786 0.106151 0.079689 0.106828 0.080411 0.109030 0.082635 0.111915 0.083847 0.115045 0.083862 0.117942 0.082680 0.120166 0.080478 0.121378 0.077592 0.121393 0.074463 0.120211 0.071566 0.119557 0.070828 0.117351 0.068600 0.114461 0.067386 0.111326 0.067371 0.108424 0.068555 0.108185 0.068658 0.106398 0.070428 0.106196 0.070761 0.104982 0.073651
0 0.780484 0.329642 0.780807 0.332756 0.782298 0.335510 0.784729 0.337483 0.787729 0.338376 0.790844 0.338052 0.793597 0.336562 0.794102 0.336280 0.796079 0.333845 0.796973 0.330839 0.796650 0.327720 0.795156 0.324962 0.792721 0.322985 0.789715 0.322091 0.786596 0.322415 0.783838 0.323908 0.783350 0.324211 0.781376 0.326641
0 0.203664 0.632506 0.204656 0.635481 0.206710 0.637851 0.209515 0.639253 0.212644 0.639476 0.215619 0.638484 0.216108 0.638246 0.218474 0.636195 0.219874 0.633395 0.220096 0.630272 0.219106 0.627302 0.217055 0.624936 0.214255 0.623536 0.211132 0.623314 0.208162 0.624304 0.207659 0.624518 0.205290 0.626572 0.203887 0.629377
0 0.593445 0.042936 0.593480 0.043948 0.594627 0.048314 0.595341 0.048953 0.597362 0.050077 0.601441 0.050436 0.602461 0.050028 0.603766 0.048759 0.605158 0.046818 0.606423 0.044501 0.607366 0.042166 0.607841 0.040171 0.607777 0.038824 0.605279 0.035536 0.604542 0.034921 0.602522 0.033785 0.598217 0.035216 0.597455 0.035541 0.596484 0.036508 0.595450 0.037970 0.594510 0.039703 0.593807 0.041446
0 0.788960 0.809933 0.789183 0.812485 0.789599 0.814969 0.790145 0.817003 0.790736 0.818274 0.791282 0.818591 0.795492 0.819950 0.797898 0.819780 0.800889 0.816248 0.801191 0.815739 0.801350 0.814558 0.801343 0.812888 0.801171 0.810982 0.800861 0.809128 0.800458 0.807606 0.800025 0.806645 0.796473 0.803794 0.795801 0.803370 0.793402 0.803550 0.789618 0.805484 0.789197 0.806145 0.788966 0.807707
0 0.678729 0.051323 0.678941 0.054445 0.680331 0.057249 0.682688 0.059307 0.685654 0.060306 0.688776 0.060095 0.691580 0.058705 0.693638 0.056348 0.693972 0.055584 0.694973 0.052613 0.694761 0.049485 0.693369 0.046677 0.691007 0.044615 0.688037 0.043614 0.684909 0.043825 0.682100 0.045218 0.680038 0.047579 0.679729 0.048357
0 0.573296 0.144975 0.573825 0.148059 0.575495 0.150706 0.578050 0.152513 0.581102 0.153203 0.584187 0.152674 0.586834 0.151004 0.588640 0.148449 0.588793 0.147844 0.589485 0.144786 0.588955 0.141696 0.587282 0.139045 0.584722 0.137235 0.581665 0.136543 0.578575 0.137073 0.575924 0.138746 0.574114 0.141306 0.573422 0.144364
0 0.273850 0.062334 0.273906 0.062467 0.274419 0.063502 0.275310 0.065282 0.276443 0.067536 0.277644 0.069915 0.278727 0.072053 0.279526 0.073624 0.279922 0.074388 0.284270 0.074087 0.286424 0.073004 0.287964 0.068459 0.287678 0.067878 0.287089 0.066694 0.286286 0.065086 0.285391 0.063302 0.284542 0.061613 0.283869 0.060281 0.283476 0.059508 0.283422 0.059412 0.278846 0.057929 0.276687 0.059015
0 0.568675 0.023538 0.569751 0.026477 0.571871 0.028781 0.574711 0.030099 0.577839 0.030229 0.580779 0.029152 0.583083 0.027032 0.584401 0.024192 0.584546 0.023373 0.584676 0.020239 0.583598 0.017294 0.581474 0.014986 0.578629 0.013667 0.575496 0.013536 0.572551 0.014615 0.570243 0.016738 0.568923 0.019583 0.568804 0.020410
0 0.050938 0.249915 0.051327 0.253026 0.052876 0.255752 0.055350 0.257676 0.056114 0.258093 0.059132 0.258923 0.062237 0.258536 0.064958 0.256989 0.066879 0.254519 0.067710 0.251502 0.067322 0.248396 0.065776 0.245675 0.063305 0.243754 0.062554 0.243313 0.059531 0.242481 0.056420 0.242869 0.053695 0.244419 0.051770 0.246893
0 0.916297 0.605035 0.916702 0.608138 0.918265 0.610849 0.920746 0.612756 0.921471 0.612951 0.923769 0.613569 0.924498 0.613764 0.927607 0.613358 0.930323 0.611792 0.932233 0.609307 0.933047 0.606279 0.932640 0.603171 0.931075 0.600455 0.928590 0.598544 0.925562 0.597731 0.924830 0.597563 0.921727 0.597968 0.919016 0.599531 0.917109 0.602012
0 0.590532 0.374651 0.591521 0.376715 0.592248 0.377472 0.595218 0.380101 0.596612 0.380218 0.598604 0.379822 0.600890 0.378972 0.603118 0.377798 0.604946 0.376481 0.606091 0.375224 0.606382 0.374219 0.606220 0.370110 0.605239 0.368038 0.604484 0.367299 0.600450 0.365983 0.599400 0.365912 0.597909 0.366220 0.596203 0.366861 0.594540 0.367738 0.593170 0.368717 0.592302 0.369651 0.590925 0.373398
0 0.429154 0.792170 0.429759 0.793647 0.431278 0.795159 0.432750 0.795742 0.436117 0.796959 0.437811 0.796634 0.439758 0.795564 0.441658 0.793912 0.443221 0.791933 0.444204 0.789932 0.444460 0.788215 0.443199 0.784800 0.442567 0.783342 0.441057 0.781825 0.439574 0.781271 0.435771 0.781702 0.434505 0.781959 0.433054 0.782764 0.431635 0.783998 0.430463 0.785472 0.429715 0.786965 0.429506 0.788250
0 0.729147 0.457876 0.730121 0.460850 0.732157 0.463226 0.734949 0.464641 0.738069 0.464881 0.738479 0.464821 0.741458 0.463846 0.743838 0.461806 0.745256 0.459009 0.745496 0.455884 0.744521 0.452904 0.742481 0.450524 0.739685 0.449107 0.736559 0.448866 0.736153 0.448954 0.733178 0.449927 0.730802 0.451964 0.729387 0.454756
0 0.086346 0.666900 0.086612 0.670276 0.087392 0.671884 0.089020 0.673393 0.091247 0.674570 0.093729 0.675234 0.096084 0.675284 0.097953 0.674713 0.100540 0.672460 0.101908 0.671088 0.102707 0.669210 0.102906 0.667391 0.101913 0.665398 0.100301 0.663058 0.099080 0.661936 0.097418 0.661057 0.095566 0.660555 0.093804 0.660504 0.091109 0.661155 0.088765 0.661840 0.087368 0.663194 0.086577 0.665079
0 0.902245 0.366481 0.903685 0.368416 0.907440 0.370669 0.908171 0.370437 0.909622 0.369646 0.911574 0.368416 0.913728 0.366933 0.915751 0.365427 0.917334 0.364128 0.918231 0.363238 0.918310 0.362890 0.917266 0.358685 0.915823 0.356746 0.911059 0.355952 0.910507 0.356146 0.909420 0.356754 0.907967 0.357682 0.906366 0.358791 0.904860 0.359912 0.903676 0.360877 0.902992 0.361538 0.902915 0.361797
0 0.248629 0.579704 0.248641 0.580885 0.249853 0.582821 0.253261 0.585183 0.254126 0.585614 0.255712 0.585456 0.257775 0.584731 0.260000 0.583551 0.262044 0.582098 0.263592 0.580594 0.264409 0.579272 0.264373 0.578331 0.263762 0.574253 0.262561 0.572316 0.261465 0.571805 0.257421 0.570973 0.256233 0.571104 0.254693 0.571652 0.253032 0.572532 0.251502 0.573613 0.250333 0.574732 0.249704 0.575718
0 0.326265 0.665604 0.327362 0.668541 0.329499 0.670834 0.332351 0.672136 0.335484 0.672246 0.338421 0.671150 0.340714 0.669012 0.340988 0.668722 0.342287 0.665875 0.342397 0.662747 0.341303 0.659815 0.339169 0.657526 0.336322 0.656227 0.333194 0.656116 0.330262 0.657211 0.329970 0.657482 0.327677 0.659619 0.326375 0.662471
0 0.078812 0.243576 0.079733 0.246573 0.081729 0.248990 0.082448 0.249421 0.085213 0.250887 0.088328 0.251184 0.091320 0.250266 0.093733 0.248272 0.095199 0.245507 0.095496 0.242392 0.094577 0.239400 0.092584 0.236987 0.091882 0.236535 0.089113 0.235066 0.085992 0.234769 0.082995 0.235689 0.080578 0.237686 0.079110 0.240455
0 0.909904 0.645999 0.910462 0.649079 0.912158 0.651711 0.914731 0.653495 0.915446 0.653759 0.918511 0.654423 0.921597 0.653863 0.924233 0.652165 0.926020 0.649587 0.926683 0.646522 0.926123 0.643436 0.924425 0.640799 0.921847 0.639013 0.921122 0.638774 0.918062 0.638111 0.914981 0.638670 0.912349 0.640365 0.910566 0.642939
0 0.665188 0.035495 0.665661 0.038588 0.667282 0.041265 0.669804 0.043118 0.672843 0.043865 0.675937 0.043392 0.678614 0.041771 0.680466 0.039249 0.680777 0.038455 0.681525 0.035411 0.681051 0.032312 0.679428 0.029630 0.676901 0.027775 0.673857 0.027026 0.670758 0.027500 0.668076 0.029124 0.666220 0.031651 0.665935 0.032456
0 0.599150 0.560867 0.600304 0.563776 0.602484 0.566021 0.602660 0.566135 0.605538 0.567378 0.608673 0.567425 0.611587 0.566269 0.613836 0.564086 0.615080 0.561208 0.615126 0.558074 0.613971 0.555160 0.611787 0.552910 0.611595 0.552819 0.608722 0.551578 0.605593 0.551531 0.602684 0.552685 0.600438 0.554865 0.599197 0.557737
0 0.678476 0.709525 0.679667 0.712420 0.679976 0.712786 0.682187 0.715008 0.685080 0.716215 0.688215 0.716224 0.691114 0.715032 0.693337 0.712821 0.694544 0.709928 0.694552 0.706793 0.693360 0.703894 0.693028 0.703543 0.690821 0.701324 0.687933 0.700119 0.684803 0.700111 0.681909 0.701301 0.679690 0.703508 0.678485 0.706396
0 0.253921 0.250667 0.254900 0.254880 0.255253 0.255554 0.256537 0.256319 0.258557 0.257057 0.261003 0.257656 0.263499 0.258023 0.265660 0.258101 0.267156 0.257880 0.267762 0.257395 0.270014 0.253822 0.270403 0.251486 0.269933 0.250654 0.267458 0.247043 0.266488 0.246479 0.264975 0.245932 0.263149 0.245485 0.261286 0.245205 0.259665 0.245135 0.258535 0.245286 0.255086 0.247737 0.254300 0.248324
0 0.790566 0.316998 0.791335 0.320033 0.793208 0.322542 0.795898 0.324144 0.798996 0.324594 0.802031 0.323825 0.802551 0.323522 0.805065 0.321646 0.806670 0.318952 0.807121 0.315848 0.806350 0.312808 0.804475 0.310294 0.801780 0.308689 0.798676 0.308239 0.795636 0.309009 0.795128 0.309337 0.792619 0.311210 0.791016 0.313900
0 0.116183 0.398192 0.116214 0.401136 0.117336 0.404077 0.119377 0.406562 0.122022 0.408209 0.124862 0.408770 0.127464 0.408163 0.128684 0.407424 0.130654 0.405746 0.131696 0.403255 0.132313 0.401433 0.132280 0.399087 0.131386 0.396744 0.129766 0.394759 0.127662 0.393431 0.125393 0.392964 0.123063 0.392695 0.120451 0.393277 0.119239 0.394035 0.117247 0.395698
0 0.529487 0.423912 0.533395 0.425748 0.535802 0.425896 0.539422 0.422923 0.539475 0.422819 0.539568 0.422001 0.539688 0.420593 0.539815 0.418809 0.539931 0.416922 0.540017 0.415223 0.540060 0.413972 0.540055 0.413360 0.536849 0.409958 0.534437 0.409810 0.530313 0.411161 0.530259 0.411320 0.530150 0.412425 0.530004 0.414302 0.529842 0.416666 0.529689 0.419162 0.529568 0.421414 0.529497 0.423082
0 0.344580 0.266145 0.345372 0.270851 0.345579 0.271159 0.346368 0.271842 0.347618 0.272797 0.349137 0.273878 0.350698 0.274922 0.352064 0.275772 0.353028 0.276299 0.353445 0.276422 0.358031 0.275437 0.359372 0.273433 0.360265 0.269164 0.360014 0.268750 0.358982 0.267830 0.357321 0.266544 0.355285 0.265086 0.353188 0.263683 0.351353 0.262551 0.350062 0.261862 0.349510 0.261721 0.345924 0.264137
0 0.619912 0.754492 0.620080 0.756897 0.620350 0.757474 0.623686 0.760551 0.624561 0.760825 0.626013 0.760981 0.627820 0.760993 0.629705 0.760861 0.631379 0.760605 0.632585 0.760263 0.633139 0.759889 0.636113 0.756370 0.635944 0.753959 0.634056 0.749996 0.633815 0.749548 0.632638 0.749202 0.630705 0.749011 0.628311 0.749002 0.625817 0.749177 0.623597 0.749508 0.621987 0.749948 0.621231 0.750429
