0 0.299685 0.306030 0.300537 0.309047 0.302478 0.311508 0.302818 0.311832 0.305549 0.313360 0.308657 0.313727 0.311669 0.312876 0.314125 0.310938 0.315654 0.308207 0.316020 0.305099 0.315170 0.302087 0.313231 0.299630 0.312910 0.299285 0.310174 0.297754 0.307061 0.297387 0.304044 0.298239 0.301583 0.300181 0.300052 0.302917
0 0.334972 0.255463 0.335181 0.258591 0.336570 0.261401 0.336851 0.261811 0.339207 0.263872 0.342171 0.264875 0.345294 0.264666 0.348099 0.263279 0.350160 0.260924 0.351162 0.257959 0.350954 0.254837 0.349567 0.252031 0.349308 0.251604 0.346949 0.249540 0.343979 0.248536 0.340851 0.248744 0.338041 0.250134 0.335977 0.252493
0 0.915742 0.155822 0.915952 0.158944 0.917342 0.161749 0.919699 0.163808 0.922664 0.164808 0.925786 0.164598 0.928591 0.163208 0.929328 0.162628 0.931391 0.160268 0.932393 0.157297 0.932182 0.154169 0.930790 0.151360 0.928430 0.149298 0.925459 0.148296 0.922332 0.148506 0.919523 0.149898 0.918801 0.150500 0.916742 0.152857
0 0.114499 0.821268 0.114638 0.824401 0.115965 0.827243 0.118279 0.829360 0.121227 0.830430 0.124360 0.830291 0.127201 0.828964 0.127843 0.828398 0.129956 0.826088 0.131025 0.823146 0.130886 0.820018 0.129561 0.817181 0.127251 0.815068 0.124308 0.813999 0.121180 0.814138 0.118344 0.815463 0.117686 0.816006 0.115569 0.818320
0 0.079164 0.299004 0.079608 0.302107 0.081207 0.304804 0.083715 0.306684 0.084431 0.307017 0.087463 0.307792 0.090561 0.307349 0.093253 0.305753 0.095130 0.303249 0.095905 0.300217 0.095462 0.297119 0.093866 0.294427 0.091362 0.292550 0.090659 0.292192 0.087621 0.291416 0.084518 0.291860 0.081821 0.293458 0.079941 0.295967
0 0.174562 0.142018 0.175723 0.144930 0.176280 0.145540 0.178464 0.147783 0.181339 0.149018 0.184468 0.149060 0.187375 0.147901 0.189617 0.145717 0.190853 0.142842 0.190895 0.139713 0.189735 0.136806 0.189201 0.136181 0.187014 0.133934 0.184134 0.132697 0.180999 0.132655 0.178087 0.133816 0.175841 0.136003 0.174604 0.138884
0 0.190986 0.865009 0.191470 0.868119 0.192918 0.870633 0.195107 0.872165 0.197698 0.872484 0.199098 0.872647 0.201695 0.871707 0.203534 0.870511 0.205303 0.868869 0.206494 0.866588 0.206929 0.864014 0.206544 0.861537 0.205397 0.859528 0.204022 0.858012 0.201854 0.856471 0.199274 0.856129 0.197877 0.855985 0.195276 0.856898 0.193050 0.858932 0.191543 0.861781
0 0.188293 0.939219 0.188413 0.939367 0.191360 0.942566 0.193561 0.943563 0.198119 0.941898 0.198525 0.941304 0.199196 0.940102 0.200029 0.938475 0.200899 0.936669 0.201673 0.934959 0.202236 0.933602 0.202502 0.932802 0.200876 0.928415 0.200752 0.928208 0.198556 0.927213 0.194176 0.927087 0.193627 0.927853 0.192721 0.929442 0.191594 0.931613 0.190420 0.934034 0.189379 0.936332 0.188632 0.938153
0 0.188789 0.176642 0.189358 0.179727 0.191063 0.182358 0.191595 0.182904 0.194173 0.184681 0.197235 0.185334 0.200314 0.184767 0.202941 0.183064 0.204717 0.180486 0.205371 0.177424 0.204804 0.174345 0.203101 0.171718 0.202589 0.171152 0.200007 0.169373 0.196940 0.168718 0.193855 0.169286 0.191223 0.170992 0.189444 0.173575
0 0.741691 0.559554 0.742000 0.560712 0.742577 0.562266 0.743337 0.563983 0.744165 0.565603 0.744935 0.566881 0.745531 0.567624 0.749821 0.569093 0.750382 0.569249 0.752592 0.568271 0.755577 0.565181 0.755612 0.564409 0.755216 0.562861 0.754449 0.560774 0.753428 0.558467 0.752310 0.556296 0.751268 0.554596 0.750462 0.553625 0.750012 0.553528 0.745644 0.553702 0.743439 0.554678 0.741700 0.558970
0 0.710801 0.355182 0.710943 0.357610 0.711287 0.359575 0.711777 0.360779 0.712339 0.361039 0.716319 0.362620 0.718700 0.362605 0.722041 0.359363 0.722442 0.358825 0.722773 0.357636 0.722984 0.355976 0.723044 0.354097 0.722943 0.352282 0.722697 0.350806 0.722342 0.349892 0.719201 0.346842 0.718511 0.346486 0.716126 0.346511 0.712178 0.348166 0.711627 0.348866 0.711171 0.350446 0.710881 0.352665
0 0.166685 0.413109 0.166903 0.414331 0.168106 0.418222 0.168880 0.419194 0.170179 0.420261 0.171806 0.421262 0.173515 0.422046 0.175048 0.422493 0.176173 0.422538 0.180323 0.421517 0.181239 0.420904 0.182375 0.418913 0.182814 0.414824 0.182667 0.413849 0.181656 0.412544 0.179933 0.411108 0.177760 0.409761 0.175470 0.408712 0.173417 0.408121 0.171916 0.408079 0.171196 0.408590 0.167832 0.411119
0 0.617240 0.196774 0.617282 0.198934 0.617624 0.201429 0.618212 0.203876 0.618957 0.205899 0.619742 0.207189 0.620449 0.207552 0.624583 0.208345 0.626886 0.207858 0.627526 0.207088 0.629934 0.203487 0.630120 0.202365 0.630082 0.200751 0.629827 0.198888 0.629393 0.197058 0.628845 0.195537 0.628267 0.194557 0.624747 0.192232 0.623870 0.191745 0.621564 0.192244 0.618030 0.194685 0.617503 0.195283
0 0.216376 0.916953 0.217451 0.919897 0.219572 0.922206 0.222415 0.923528 0.225547 0.923661 0.228491 0.922586 0.230800 0.920465 0.231263 0.919743 0.232583 0.916905 0.232715 0.913778 0.231642 0.910839 0.229525 0.908534 0.226687 0.907214 0.223561 0.907081 0.220621 0.908155 0.218316 0.910272 0.217831 0.910978 0.216509 0.913821
0 0.308020 0.260552 0.308354 0.263670 0.309855 0.266424 0.310182 0.266825 0.312619 0.268791 0.315623 0.269675 0.318736 0.269341 0.321484 0.267842 0.323450 0.265405 0.324334 0.262402 0.324000 0.259289 0.322502 0.256540 0.322196 0.256121 0.319755 0.254152 0.316746 0.253267 0.313628 0.253600 0.310874 0.255102 0.308905 0.257543
0 0.133149 0.215586 0.133365 0.217993 0.136982 0.221245 0.137469 0.221620 0.138635 0.221902 0.140300 0.222047 0.142213 0.222035 0.144082 0.221867 0.145629 0.221569 0.146617 0.221186 0.149419 0.217908 0.149890 0.217217 0.149674 0.214816 0.147666 0.210889 0.147034 0.210370 0.145489 0.209975 0.143262 0.209764 0.140695 0.209772 0.138181 0.209997 0.136110 0.210405 0.134799 0.210932 0.134446 0.211498
0 0.270795 0.186494 0.270806 0.188541 0.271362 0.190334 0.273070 0.191901 0.275441 0.193599 0.276999 0.194263 0.278857 0.194552 0.280732 0.194422 0.282343 0.193894 0.284546 0.192395 0.286383 0.190983 0.287096 0.189248 0.287075 0.187205 0.286552 0.185407 0.284997 0.182292 0.283647 0.181021 0.281571 0.180117 0.279085 0.179721 0.276572 0.179894 0.274420 0.180610 0.272957 0.181758 0.271481 0.184745
0 0.494274 0.373591 0.494284 0.373809 0.494827 0.376892 0.496509 0.379533 0.499073 0.381330 0.502129 0.382008 0.505213 0.381465 0.507854 0.379784 0.509650 0.377219 0.510328 0.374163 0.510346 0.373946 0.509803 0.370857 0.508118 0.368212 0.505549 0.366412 0.502488 0.365733 0.499399 0.366276 0.496753 0.367961 0.494954 0.370530
0 0.038747 0.471015 0.039454 0.474070 0.041275 0.476621 0.043935 0.478281 0.047027 0.478797 0.047805 0.478834 0.050854 0.478129 0.053401 0.476310 0.055058 0.473656 0.055574 0.470569 0.054869 0.467520 0.053050 0.464973 0.050396 0.463316 0.047309 0.462800 0.046530 0.462736 0.043475 0.463443 0.040924 0.465264 0.039264 0.467923
0 0.013376 0.453813 0.013682 0.454860 0.014439 0.456262 0.015529 0.457806 0.016787 0.459253 0.018018 0.460382 0.019034 0.461020 0.023437 0.461608 0.024505 0.461694 0.026474 0.460302 0.028741 0.456686 0.028966 0.455975 0.028541 0.454586 0.027530 0.452731 0.026087 0.450689 0.024429 0.448767 0.022805 0.447255 0.021460 0.446384 0.020600 0.446287 0.016292 0.447309 0.014318 0.448704 0.014004 0.449581
0 0.804654 0.485884 0.805153 0.487456 0.806560 0.489038 0.808018 0.489820 0.811323 0.491254 0.813083 0.491151 0.815165 0.490328 0.817250 0.488911 0.819018 0.487116 0.820194 0.485221 0.820601 0.483516 0.819628 0.480128 0.819099 0.478566 0.817697 0.476974 0.816218 0.476218 0.812310 0.476364 0.810991 0.476459 0.809437 0.477086 0.807883 0.478150 0.806564 0.479490 0.805679 0.480903 0.805362 0.482176
0 0.362236 0.095360 0.363086 0.098379 0.363321 0.099069 0.365259 0.101529 0.367989 0.103060 0.371098 0.103430 0.374112 0.102582 0.376572 0.100645 0.378103 0.097914 0.378473 0.094805 0.377625 0.091791 0.377414 0.091088 0.375473 0.088624 0.372738 0.087090 0.369624 0.086720 0.366605 0.087570 0.364141 0.089510 0.362607 0.092245
0 0.944744 0.087616 0.945216 0.090711 0.945449 0.091335 0.946741 0.093472 0.948754 0.094951 0.949359 0.095244 0.952400 0.095992 0.955495 0.095520 0.958174 0.093900 0.958963 0.093200 0.960820 0.090673 0.961570 0.087628 0.961097 0.084527 0.959474 0.081844 0.956947 0.079986 0.953901 0.079237 0.950801 0.079710 0.948117 0.081333 0.947347 0.082053 0.945492 0.084576
0 0.474788 0.036529 0.474833 0.037360 0.475723 0.038572 0.477318 0.039980 0.479376 0.041372 0.481588 0.042539 0.483620 0.043305 0.485166 0.043554 0.485991 0.043246 0.489264 0.040530 0.490389 0.038397 0.490368 0.037361 0.489175 0.033068 0.488522 0.032149 0.487330 0.031080 0.485779 0.030023 0.484107 0.029141 0.482572 0.028570 0.481408 0.028396 0.477409 0.029574 0.476392 0.029988 0.475264 0.032125
0 0.845028 0.212566 0.845960 0.215554 0.847965 0.217959 0.850738 0.219413 0.853856 0.219695 0.856845 0.218763 0.857459 0.218279 0.859868 0.216270 0.861325 0.213493 0.861607 0.210369 0.860674 0.207375 0.858665 0.204967 0.855887 0.203510 0.852764 0.203227 0.849770 0.204161 0.847361 0.206170 0.846764 0.206675 0.845310 0.209448
0 0.251026 0.425060 0.251181 0.427036 0.251942 0.428373 0.254290 0.431217 0.256186 0.432099 0.257739 0.432713 0.259661 0.432185 0.262566 0.430647 0.263766 0.429696 0.264833 0.428255 0.265607 0.426541 0.265970 0.424814 0.265867 0.423334 0.265152 0.420023 0.264228 0.418339 0.262331 0.417467 0.260789 0.416822 0.257134 0.416872 0.255590 0.417271 0.253976 0.418527 0.252540 0.420451 0.251503 0.422746
0 0.397233 0.458197 0.398331 0.461133 0.400468 0.463427 0.403320 0.464728 0.403486 0.464788 0.406614 0.464898 0.409546 0.463803 0.411835 0.461670 0.413133 0.458822 0.413244 0.455694 0.412148 0.452763 0.410015 0.450473 0.409860 0.450388 0.407007 0.449087 0.403874 0.448977 0.400938 0.450074 0.398644 0.452211 0.397344 0.455064
0 0.954115 0.697860 0.954895 0.700891 0.956777 0.703392 0.959472 0.704982 0.960263 0.705335 0.963367 0.705774 0.966403 0.704992 0.968908 0.703107 0.970501 0.700407 0.970940 0.697303 0.970158 0.694268 0.968273 0.691762 0.965573 0.690169 0.964773 0.689842 0.961675 0.689404 0.958644 0.690185 0.956143 0.692066 0.954552 0.694762
0 0.240909 0.318205 0.241870 0.321189 0.243901 0.323578 0.244341 0.323881 0.247126 0.325308 0.250245 0.325561 0.253224 0.324602 0.255608 0.322575 0.257036 0.319790 0.257289 0.316670 0.256329 0.313692 0.254302 0.311307 0.253879 0.310982 0.251089 0.309552 0.247965 0.309299 0.244981 0.310260 0.242592 0.312291 0.241162 0.315080
0 0.068295 0.449094 0.068343 0.452228 0.069588 0.455105 0.071839 0.457287 0.074754 0.458442 0.075485 0.458513 0.078614 0.458465 0.081486 0.457222 0.083664 0.454975 0.084817 0.452065 0.084768 0.448936 0.083526 0.446064 0.081279 0.443886 0.078369 0.442733 0.077643 0.442635 0.074509 0.442683 0.071631 0.443928 0.069449 0.446179
0 0.659585 0.483243 0.660357 0.486277 0.662231 0.488785 0.664923 0.490385 0.668021 0.490833 0.668311 0.490818 0.671350 0.490044 0.673862 0.488167 0.675465 0.485471 0.675914 0.482367 0.675141 0.479328 0.673264 0.476816 0.670568 0.475213 0.667464 0.474764 0.667176 0.474807 0.664142 0.475579 0.661633 0.477453 0.660034 0.480144
0 0.176562 0.540206 0.176721 0.543337 0.178065 0.546169 0.180391 0.548271 0.183344 0.549323 0.186475 0.549165 0.187013 0.549081 0.189841 0.547739 0.191939 0.545417 0.192990 0.542469 0.192832 0.539344 0.191490 0.536516 0.189168 0.534418 0.186220 0.533367 0.183095 0.533525 0.182549 0.533583 0.179717 0.534927 0.177615 0.537253
0 0.277850 0.857990 0.280976 0.861512 0.281265 0.861747 0.282250 0.861949 0.283782 0.862087 0.285628 0.862140 0.287507 0.862101 0.289138 0.861976 0.290272 0.861783 0.290738 0.861551 0.294104 0.858061 0.294187 0.855593 0.292705 0.851477 0.292341 0.851147 0.291042 0.850862 0.289002 0.850664 0.286533 0.850585 0.284015 0.850637 0.281835 0.850812 0.280329 0.851083 0.279724 0.851409 0.277943 0.855516
0 0.551265 0.382060 0.551675 0.383504 0.552535 0.385077 0.553715 0.386541 0.555036 0.387675 0.556298 0.388307 0.559820 0.389034 0.561513 0.389091 0.563222 0.387752 0.564248 0.386798 0.566003 0.383436 0.566162 0.381974 0.565630 0.380041 0.564486 0.377932 0.562906 0.375970 0.561133 0.374460 0.559439 0.373631 0.558085 0.373609 0.554339 0.374500 0.552621 0.375832 0.551619 0.376810 0.551448 0.378643
0 0.286641 0.915608 0.286724 0.916759 0.287164 0.918327 0.287896 0.920073 0.288807 0.921729 0.289758 0.923040 0.290601 0.923806 0.294633 0.925048 0.295638 0.925219 0.297756 0.924054 0.300568 0.920634 0.300925 0.919879 0.300791 0.918345 0.300190 0.916265 0.299213 0.913957 0.298008 0.911766 0.296755 0.910023 0.295645 0.908990 0.294844 0.908827 0.290609 0.909291 0.288496 0.910454 0.288022 0.911376
0 0.879208 0.018733 0.880422 0.022909 0.880919 0.023846 0.882005 0.024896 0.883516 0.025898 0.885220 0.026698 0.886856 0.027174 0.888174 0.027253 0.892158 0.025986 0.893485 0.025438 0.894700 0.023276 0.894956 0.022136 0.895528 0.017967 0.894846 0.016722 0.893385 0.015328 0.891367 0.013999 0.889098 0.012933 0.886918 0.012292 0.885159 0.012172 0.884087 0.012595 0.880685 0.015434 0.879489 0.017601
0 0.967381 0.349763 0.967811 0.352135 0.970184 0.355776 0.970350 0.355843 0.971496 0.355710 0.973446 0.355397 0.975906 0.354951 0.978506 0.354440 0.980855 0.353939 0.982597 0.353526 0.983464 0.353263 0.984409 0.348985 0.983978 0.346608 0.980042 0.343873 0.979929 0.343807 0.979073 0.343896 0.977603 0.344127 0.975743 0.344464 0.973780 0.344855 0.972015 0.345241 0.970718 0.345563 0.970085 0.345770
0 0.490780 0.417024 0.491115 0.420142 0.491131 0.420279 0.492632 0.423027 0.495069 0.424991 0.498074 0.425873 0.501186 0.425538 0.503934 0.424037 0.505899 0.421600 0.506780 0.418595 0.506792 0.418455 0.506457 0.415337 0.504953 0.412585 0.502511 0.410617 0.499502 0.409734 0.496383 0.410069 0.493631 0.411572 0.491663 0.414014
