0 0.575128 0.730804 0.575266 0.733000 0.575698 0.734544 0.576358 0.735200 0.579966 0.737330 0.582261 0.737639 0.583232 0.737224 0.586514 0.734595 0.587098 0.733650 0.587600 0.732151 0.587944 0.730327 0.588077 0.728451 0.587981 0.726809 0.587668 0.725648 0.585159 0.722338 0.584352 0.721494 0.582061 0.721195 0.578039 0.722307 0.577255 0.722613 0.576459 0.723856 0.575775 0.725851 0.575307 0.728291
0 0.519450 0.362771 0.520558 0.365699 0.522702 0.367981 0.525556 0.369268 0.528685 0.369365 0.531613 0.368257 0.533895 0.366113 0.535182 0.363259 0.535243 0.363024 0.535341 0.359889 0.534231 0.356956 0.532083 0.354670 0.529224 0.353381 0.526089 0.353283 0.523156 0.354393 0.520870 0.356541 0.519581 0.359399 0.519547 0.359641
0 0.633381 0.054899 0.634166 0.059238 0.635454 0.061276 0.636186 0.061542 0.640442 0.062441 0.641431 0.062146 0.642824 0.061444 0.644411 0.060441 0.645952 0.059288 0.647214 0.058159 0.648006 0.057225 0.648206 0.056629 0.649114 0.051847 0.647823 0.049805 0.644303 0.047346 0.643728 0.047109 0.642405 0.047484 0.640533 0.048418 0.638400 0.049766 0.636336 0.051321 0.634657 0.052843 0.633621 0.054099
0 0.073026 0.570309 0.073138 0.570633 0.075475 0.574736 0.077856 0.575456 0.082336 0.575116 0.082817 0.574617 0.083541 0.573255 0.084399 0.571235 0.085258 0.568867 0.085986 0.566517 0.086472 0.564546 0.086641 0.563254 0.086469 0.562836 0.083036 0.560092 0.080663 0.559364 0.076258 0.561403 0.075905 0.561792 0.075370 0.562821 0.074734 0.564334 0.074092 0.566101 0.073543 0.567856 0.073168 0.569334
0 0.649881 0.602326 0.650150 0.602510 0.651209 0.603200 0.652902 0.604295 0.654968 0.605626 0.657091 0.606989 0.658944 0.608175 0.660240 0.608999 0.660785 0.609339 0.664327 0.606828 0.665632 0.604795 0.664749 0.600162 0.664346 0.599896 0.663379 0.599269 0.661993 0.598377 0.660403 0.597355 0.658852 0.596362 0.657577 0.595549 0.656775 0.595041 0.656565 0.594913 0.651996 0.596041 0.650693 0.598070
0 0.172027 0.104928 0.172144 0.108061 0.173450 0.110910 0.174011 0.111579 0.176305 0.113708 0.179239 0.114797 0.182367 0.114680 0.185211 0.113376 0.187340 0.111082 0.188429 0.108148 0.188313 0.105021 0.187008 0.102176 0.186469 0.101491 0.184172 0.099359 0.181233 0.098268 0.178100 0.098385 0.175250 0.099691 0.173118 0.101989
0 0.021786 0.610057 0.022286 0.613152 0.023932 0.615820 0.026474 0.617654 0.029524 0.618377 0.032619 0.617877 0.033423 0.617674 0.036086 0.616031 0.037917 0.613493 0.038638 0.610448 0.038139 0.607358 0.036496 0.604695 0.033959 0.602863 0.030913 0.602142 0.027824 0.602641 0.027011 0.602818 0.024343 0.604465 0.022508 0.607006
0 0.943022 0.883854 0.943474 0.885365 0.944805 0.887067 0.946817 0.888701 0.949202 0.890015 0.951593 0.890806 0.953622 0.890953 0.954978 0.890433 0.958078 0.888243 0.959075 0.886348 0.959664 0.884973 0.959066 0.883083 0.957596 0.879786 0.956583 0.878518 0.955069 0.877305 0.953285 0.876329 0.951500 0.875739 0.949983 0.875622 0.946407 0.876150 0.944707 0.876776 0.943725 0.878666 0.943108 0.880022
0 0.365437 0.483590 0.366128 0.486650 0.367937 0.489212 0.370589 0.490886 0.373679 0.491419 0.373897 0.491434 0.376951 0.490744 0.379508 0.488938 0.381180 0.486291 0.381712 0.483206 0.381022 0.480152 0.379216 0.477594 0.376569 0.475923 0.376357 0.475881 0.373266 0.475348 0.370207 0.476039 0.367645 0.477848 0.365970 0.480500
0 0.735621 0.728313 0.735959 0.731426 0.737462 0.734172 0.737870 0.734576 0.740314 0.736542 0.743324 0.737423 0.746442 0.737084 0.749194 0.735579 0.751159 0.733135 0.752041 0.730125 0.751702 0.727007 0.750197 0.724256 0.749767 0.723870 0.747327 0.721908 0.744322 0.721029 0.741210 0.721366 0.738463 0.722869 0.736501 0.725309
0 0.581034 0.321292 0.581900 0.324300 0.583851 0.326747 0.586590 0.328261 0.589699 0.328612 0.592707 0.327746 0.595154 0.325795 0.596668 0.323057 0.596835 0.322752 0.597186 0.319637 0.596319 0.316624 0.594364 0.314173 0.591621 0.312656 0.588506 0.312305 0.585493 0.313172 0.583042 0.315126 0.581525 0.317870 0.581385 0.318183
0 0.435421 0.610715 0.435592 0.611531 0.435995 0.612890 0.436568 0.614586 0.437225 0.616358 0.437864 0.617935 0.438386 0.619073 0.438713 0.619601 0.442994 0.621429 0.445260 0.620590 0.448500 0.617682 0.448592 0.617471 0.448344 0.616377 0.447794 0.614571 0.447027 0.612327 0.446159 0.609982 0.445319 0.607890 0.444634 0.606365 0.444209 0.605641 0.439905 0.605535 0.437644 0.606373 0.437505 0.606612
0 0.059609 0.111125 0.059933 0.115532 0.060723 0.116221 0.062359 0.117159 0.064591 0.118202 0.067081 0.119193 0.069453 0.119983 0.071351 0.120453 0.072488 0.120532 0.075293 0.117391 0.075552 0.116978 0.076314 0.114690 0.074211 0.110279 0.073638 0.109754 0.072421 0.109039 0.070745 0.108244 0.068867 0.107490 0.067074 0.106893 0.065642 0.106544 0.064790 0.106498 0.060601 0.108400 0.060373 0.108832
0 0.288725 0.381249 0.289195 0.384349 0.290815 0.387032 0.293339 0.388891 0.293695 0.389082 0.296733 0.389832 0.299827 0.389363 0.302506 0.387745 0.304362 0.385226 0.305112 0.382187 0.304643 0.379093 0.303025 0.376414 0.300506 0.374558 0.300162 0.374342 0.297119 0.373591 0.294019 0.374061 0.291336 0.375682 0.289476 0.378205
0 0.488348 0.740963 0.489363 0.743156 0.492489 0.746093 0.493352 0.746097 0.494962 0.745661 0.497074 0.744852 0.499364 0.743793 0.501478 0.742647 0.503092 0.741590 0.503960 0.740786 0.503952 0.740355 0.503695 0.735991 0.502682 0.733803 0.498386 0.732131 0.497735 0.732145 0.496531 0.732483 0.494959 0.733092 0.493255 0.733880 0.491676 0.734729 0.490462 0.735510 0.489797 0.736105 0.488373 0.740423
0 0.227277 0.541257 0.228392 0.544188 0.230544 0.546470 0.233405 0.547755 0.236540 0.547846 0.236993 0.547764 0.239920 0.546651 0.242197 0.544503 0.243480 0.541646 0.243571 0.538517 0.242458 0.535590 0.240310 0.533313 0.237453 0.532030 0.234324 0.531939 0.233867 0.531994 0.230935 0.533109 0.228654 0.535261 0.227369 0.538122
0 0.853878 0.421326 0.854502 0.424394 0.856253 0.426989 0.858864 0.428717 0.861937 0.429315 0.862560 0.429193 0.865634 0.428568 0.868234 0.426814 0.869965 0.424199 0.870563 0.421120 0.869938 0.418047 0.868184 0.415447 0.865569 0.413715 0.862490 0.413117 0.859417 0.413742 0.858799 0.413891 0.856203 0.415642 0.854475 0.418252
0 0.538249 0.866629 0.538315 0.867260 0.539174 0.870275 0.541121 0.872732 0.543861 0.874256 0.546975 0.874617 0.549990 0.873758 0.552447 0.871811 0.553971 0.869071 0.554331 0.865957 0.554238 0.865328 0.553380 0.862319 0.551437 0.859866 0.548702 0.858344 0.545593 0.857984 0.542584 0.858842 0.540131 0.860786 0.538609 0.863520
0 0.221304 0.783551 0.221497 0.785529 0.221951 0.788733 0.223040 0.790331 0.224899 0.791696 0.227243 0.792618 0.229710 0.792954 0.231922 0.792654 0.233539 0.791765 0.236002 0.789330 0.236972 0.787661 0.237628 0.785753 0.237404 0.783781 0.236029 0.781804 0.234469 0.779852 0.233075 0.778838 0.231326 0.778150 0.229484 0.777893 0.227828 0.778104 0.224986 0.778898 0.222951 0.779982 0.221951 0.781636
0 0.049039 0.855836 0.049326 0.856570 0.050254 0.858908 0.052005 0.860713 0.052377 0.861000 0.055255 0.862244 0.058390 0.862292 0.061304 0.861136 0.062058 0.860515 0.064304 0.858336 0.065545 0.855463 0.065593 0.852334 0.064439 0.849425 0.062261 0.847179 0.059388 0.845938 0.056259 0.845890 0.053350 0.847044 0.052580 0.847641 0.050330 0.849824 0.049087 0.852701
0 0.164214 0.592260 0.165084 0.595273 0.167042 0.597723 0.169788 0.599238 0.172905 0.599587 0.175918 0.598716 0.176475 0.598546 0.178921 0.596592 0.180434 0.593851 0.180782 0.590740 0.179913 0.587732 0.177959 0.585286 0.175217 0.583773 0.172106 0.583425 0.171541 0.583569 0.168528 0.584439 0.166078 0.586397 0.164562 0.589143
0 0.623930 0.666049 0.624558 0.669115 0.626311 0.671707 0.626528 0.672003 0.629145 0.673730 0.632223 0.674324 0.635294 0.673695 0.637891 0.671939 0.639617 0.669322 0.640212 0.666244 0.639583 0.663173 0.637827 0.660576 0.637590 0.660300 0.634978 0.658577 0.631905 0.657983 0.628839 0.658611 0.626247 0.660364 0.624523 0.662976
0 0.813988 0.920665 0.815108 0.923589 0.815651 0.924318 0.817809 0.926594 0.820674 0.927871 0.823809 0.927955 0.826737 0.926832 0.829013 0.924675 0.830290 0.921810 0.830374 0.918675 0.829252 0.915746 0.828685 0.915032 0.826531 0.912759 0.823672 0.911484 0.820542 0.911401 0.817618 0.912521 0.815346 0.914676 0.814071 0.917535
0 0.023870 0.121616 0.025324 0.126274 0.025963 0.126777 0.027191 0.127570 0.028820 0.128532 0.030604 0.129517 0.032273 0.130377 0.033575 0.130981 0.034313 0.131240 0.038839 0.129901 0.040055 0.127541 0.040391 0.123162 0.039565 0.122485 0.037943 0.121416 0.035769 0.120117 0.033377 0.118788 0.031135 0.117632 0.029388 0.116829 0.028404 0.116501 0.025060 0.119228 0.023951 0.121381
0 0.549906 0.826882 0.550149 0.829860 0.550340 0.832094 0.551349 0.833495 0.553089 0.834669 0.554770 0.835021 0.558201 0.835521 0.559878 0.834916 0.561626 0.833514 0.563176 0.831529 0.564290 0.829267 0.564797 0.827077 0.564622 0.825294 0.562812 0.822223 0.561779 0.820846 0.560048 0.819666 0.558363 0.819344 0.554845 0.820560 0.553595 0.821025 0.552293 0.822078 0.551136 0.823560 0.550298 0.825246
0 0.916969 0.471316 0.917035 0.474445 0.918292 0.477311 0.920551 0.479477 0.923467 0.480614 0.926596 0.480548 0.927330 0.480515 0.930201 0.479255 0.932371 0.476993 0.933510 0.474072 0.933444 0.470938 0.932184 0.468067 0.929922 0.465897 0.927001 0.464758 0.923867 0.464824 0.923138 0.464884 0.920273 0.466142 0.918106 0.468400
0 0.948110 0.541631 0.948200 0.543895 0.948443 0.544965 0.951823 0.547806 0.952708 0.548361 0.954200 0.548748 0.956073 0.548909 0.958045 0.548818 0.959818 0.548491 0.961123 0.547975 0.963915 0.545240 0.964982 0.544191 0.964881 0.541923 0.964669 0.540843 0.962863 0.537252 0.961692 0.536497 0.959699 0.535971 0.957190 0.535756 0.954550 0.535885 0.952186 0.536338 0.950460 0.537044 0.949632 0.537894
0 0.261674 0.880748 0.262015 0.881266 0.262830 0.882210 0.263993 0.883436 0.265330 0.884758 0.266638 0.885977 0.267719 0.886909 0.268410 0.887412 0.268604 0.887407 0.273364 0.887017 0.275089 0.885174 0.276802 0.881001 0.276370 0.880309 0.275297 0.879045 0.273746 0.877401 0.271955 0.875630 0.270201 0.874005 0.268752 0.872774 0.267830 0.872126 0.267574 0.872158 0.263547 0.874102 0.261820 0.875934
0 0.344173 0.394007 0.344575 0.397116 0.346137 0.399834 0.348620 0.401748 0.348880 0.401917 0.351902 0.402733 0.355005 0.402331 0.357719 0.400772 0.359629 0.398293 0.360445 0.395272 0.360043 0.392168 0.358484 0.389455 0.358240 0.389264 0.355757 0.387351 0.352731 0.386533 0.349622 0.386936 0.346904 0.388498 0.344990 0.390981
0 0.052141 0.405237 0.052350 0.407747 0.053180 0.410094 0.054503 0.411918 0.056114 0.412941 0.059306 0.414104 0.061366 0.414188 0.063327 0.413948 0.065121 0.412832 0.066381 0.410689 0.067272 0.408490 0.067597 0.406781 0.067441 0.404908 0.066828 0.403152 0.065849 0.401781 0.064015 0.399533 0.062020 0.398231 0.059960 0.398114 0.057997 0.398365 0.056183 0.399457 0.053615 0.401240 0.052586 0.402951
0 0.183307 0.519094 0.183347 0.520556 0.184196 0.522559 0.185388 0.523526 0.189148 0.524701 0.190440 0.524899 0.192117 0.524687 0.193923 0.524099 0.195586 0.523223 0.196856 0.522192 0.197540 0.521161 0.199352 0.517641 0.199343 0.516179 0.198487 0.514183 0.195551 0.511497 0.194617 0.510705 0.192899 0.510419 0.190659 0.510686 0.188237 0.511465 0.186009 0.512638 0.184316 0.514025 0.183418 0.515411
0 0.000000 0.981489 0.002171 0.982516 0.005301 0.982331 0.008123 0.980961 0.008969 0.980135 0.011048 0.977794 0.012073 0.974836 0.011889 0.971710 0.011736 0.970767 0.010645 0.968520 0.008778 0.966861 0.006418 0.966043 0.005223 0.965789 0.002098 0.965973 0.000000 0.967341
0 0.859144 0.854510 0.859459 0.856693 0.859993 0.858181 0.862060 0.861471 0.863422 0.862441 0.865512 0.863045 0.868015 0.863193 0.870553 0.862863 0.872742 0.862104 0.874251 0.861030 0.874847 0.859802 0.875941 0.856088 0.875606 0.853903 0.875096 0.852405 0.873404 0.851179 0.870518 0.849304 0.868951 0.848845 0.867073 0.848734 0.865169 0.848987 0.863533 0.849565 0.862414 0.850379 0.859863 0.852970
0 0.324538 0.583242 0.324766 0.587653 0.325098 0.588502 0.325942 0.589661 0.327168 0.590952 0.328590 0.592181 0.329995 0.593162 0.331170 0.593747 0.331936 0.593847 0.336472 0.593552 0.338042 0.591795 0.338454 0.591119 0.339835 0.587227 0.339415 0.586092 0.338303 0.584539 0.336669 0.582806 0.334763 0.581159 0.332879 0.579853 0.331307 0.579087 0.330286 0.578978 0.326502 0.580794 0.324922 0.582548
0 0.593032 0.228437 0.594010 0.231410 0.596052 0.233781 0.598846 0.235191 0.601967 0.235424 0.604940 0.234446 0.607311 0.232404 0.608721 0.229610 0.608908 0.229144 0.609142 0.226018 0.608161 0.223040 0.606116 0.220665 0.603317 0.219252 0.600191 0.219019 0.597213 0.219999 0.594838 0.222045 0.593425 0.224844 0.593265 0.225316
0 0.571568 0.138130 0.571995 0.141232 0.573576 0.143934 0.576072 0.145825 0.579101 0.146617 0.582202 0.146190 0.584904 0.144608 0.586795 0.142113 0.587588 0.139084 0.587739 0.138462 0.587310 0.135355 0.585726 0.132649 0.583227 0.130755 0.580192 0.129961 0.577086 0.130389 0.574379 0.131973 0.572485 0.134473 0.571691 0.137507
0 0.909280 0.934487 0.909962 0.937542 0.911762 0.940105 0.912471 0.940863 0.915118 0.942544 0.918208 0.943084 0.921269 0.942401 0.923835 0.940598 0.925516 0.937951 0.926057 0.934861 0.925373 0.931800 0.923571 0.929234 0.922843 0.928496 0.920200 0.926818 0.917116 0.926278 0.914060 0.926960 0.913523 0.927204 0.911480 0.928640 0.910141 0.930748 0.909820 0.931403
0 0.016279 0.139324 0.017299 0.142289 0.019376 0.144637 0.020202 0.145248 0.023014 0.146620 0.026138 0.146812 0.029097 0.145794 0.031441 0.143720 0.032814 0.140908 0.033005 0.137784 0.031987 0.134825 0.029914 0.132481 0.029104 0.131848 0.026287 0.130473 0.023158 0.130281 0.020194 0.131301 0.019625 0.131632 0.017741 0.133299 0.016638 0.135559 0.016471 0.136195
0 0.835708 0.664988 0.836156 0.665915 0.836985 0.667247 0.838068 0.668780 0.839243 0.670284 0.840332 0.671531 0.841171 0.672333 0.841631 0.672565 0.846404 0.673248 0.848377 0.671853 0.850676 0.668201 0.850702 0.667693 0.850121 0.666451 0.849017 0.664663 0.847561 0.662602 0.845977 0.660588 0.844509 0.658929 0.843383 0.657880 0.842767 0.657596 0.838498 0.658593 0.836529 0.659984 0.835710 0.664604
0 0.321769 0.198857 0.322094 0.201403 0.323005 0.203739 0.324364 0.205513 0.325967 0.206455 0.329055 0.207556 0.331062 0.207515 0.332908 0.207214 0.334615 0.205958 0.335761 0.203675 0.336426 0.201483 0.336669 0.199707 0.336431 0.197795 0.335747 0.196041 0.334625 0.194580 0.332913 0.192362 0.330897 0.191198 0.328887 0.191263 0.327033 0.191546 0.325336 0.192827 0.322982 0.194646 0.322080 0.196484
