0 0.092729 0.892269 0.094748 0.898204 0.097479 0.901316 0.100794 0.903856 0.104508 0.905685 0.110763 0.906092 0.116698 0.904074 0.119810 0.901342 0.122060 0.899250 0.122924 0.898338 0.123861 0.896436 0.125683 0.892736 0.126088 0.886506 0.124078 0.880595 0.119958 0.875902 0.118056 0.874965 0.114357 0.873144 0.108127 0.872739 0.102215 0.874748 0.099116 0.877469 0.097523 0.878868 0.096601 0.879736 0.094966 0.882300 0.093137 0.886014
0 0.535799 0.435492 0.536245 0.441719 0.537194 0.443616 0.539040 0.447303 0.543759 0.451391 0.549684 0.453363 0.555911 0.452917 0.557807 0.451968 0.561495 0.450122 0.561741 0.449921 0.565847 0.445184 0.567826 0.439235 0.567530 0.435106 0.567262 0.433097 0.566425 0.431079 0.564572 0.427377 0.559834 0.423271 0.553886 0.421292 0.549756 0.421588 0.547551 0.421875 0.545729 0.422693 0.542027 0.424547 0.537922 0.429284 0.537771 0.429567
0 0.890907 0.656948 0.892736 0.662921 0.896713 0.667739 0.900357 0.669674 0.902922 0.670962 0.903847 0.671355 0.910091 0.671953 0.916089 0.670116 0.920927 0.666123 0.922869 0.662465 0.923868 0.660583 0.924466 0.654340 0.922629 0.648342 0.918636 0.643504 0.914978 0.641562 0.913096 0.640563 0.912150 0.640241 0.909331 0.639798 0.905224 0.639405 0.899250 0.641234 0.894432 0.645211 0.892497 0.648855 0.891300 0.652841
0 0.055192 0.071133 0.057581 0.076929 0.060504 0.079861 0.062759 0.082089 0.063759 0.083044 0.065716 0.083859 0.069523 0.085444 0.075767 0.085455 0.081539 0.083076 0.084460 0.080165 0.085962 0.078668 0.086777 0.076711 0.088362 0.072904 0.088373 0.066660 0.085994 0.060887 0.084331 0.059124 0.081408 0.056191 0.080628 0.055449 0.077940 0.053865 0.074118 0.052274 0.067849 0.052263 0.062054 0.054652 0.059121 0.057574 0.056795 0.061042 0.055204 0.064864
0 0.354771 0.568442 0.355556 0.574661 0.358662 0.580106 0.361933 0.582644 0.363850 0.583804 0.365669 0.584510 0.369662 0.585603 0.375881 0.584818 0.381327 0.581711 0.381802 0.581384 0.384329 0.578126 0.385628 0.576451 0.386188 0.574406 0.387276 0.570428 0.386494 0.564234 0.383400 0.558810 0.378466 0.554983 0.372444 0.553335 0.366249 0.554118 0.365712 0.554335 0.360267 0.557442 0.357729 0.560713 0.356671 0.562288 0.355863 0.564448
0 0.494218 0.459463 0.494243 0.459646 0.495794 0.460161 0.496588 0.460424 0.498046 0.460850 0.500874 0.461676 0.506450 0.463212 0.512488 0.464804 0.516190 0.465736 0.518097 0.466216 0.522445 0.467240 0.524871 0.467719 0.524985 0.467573 0.526431 0.462083 0.525866 0.461101 0.525033 0.460810 0.521268 0.459622 0.519670 0.459145 0.514286 0.457650 0.508422 0.456104 0.506292 0.455573 0.500482 0.454173 0.498862 0.453801 0.496641 0.453397 0.495664 0.453974
0 0.190661 0.111508 0.191601 0.115542 0.192085 0.117617 0.193325 0.119348 0.195738 0.122716 0.196956 0.124226 0.202261 0.127526 0.208425 0.128544 0.212443 0.127608 0.216234 0.125890 0.219587 0.123488 0.222887 0.118183 0.223905 0.112019 0.222969 0.108001 0.222010 0.105257 0.221372 0.104351 0.220132 0.102619 0.217719 0.099252 0.212393 0.095939 0.206204 0.094916 0.200096 0.096340 0.194996 0.099993 0.191684 0.105319
0 0.299749 0.245072 0.300650 0.246219 0.304483 0.250372 0.306185 0.249979 0.307056 0.249777 0.308369 0.249026 0.310915 0.247568 0.315476 0.244087 0.320064 0.239851 0.322663 0.236971 0.324002 0.235487 0.324918 0.234183 0.326705 0.231639 0.327756 0.228887 0.326979 0.227660 0.323127 0.223490 0.322013 0.223464 0.321072 0.223646 0.317364 0.225179 0.315911 0.225988 0.311489 0.229334 0.307034 0.233447 0.305545 0.235110 0.301700 0.239931 0.300706 0.241378 0.299806 0.243965
0 0.593505 0.106710 0.593763 0.112948 0.596389 0.118613 0.600982 0.122842 0.606845 0.124991 0.608963 0.124904 0.613083 0.124733 0.618748 0.122108 0.622977 0.117514 0.625126 0.111652 0.625412 0.110762 0.625540 0.107965 0.625369 0.103828 0.622733 0.098140 0.618121 0.093895 0.614234 0.092470 0.610108 0.091825 0.605972 0.091996 0.600284 0.094632 0.596038 0.099244 0.594613 0.103131 0.593719 0.105809
0 0.592504 0.247268 0.593693 0.253401 0.595968 0.256843 0.597306 0.258198 0.598897 0.259800 0.602316 0.262109 0.608438 0.263358 0.614571 0.262168 0.618012 0.259893 0.619988 0.258308 0.620969 0.256964 0.623278 0.253545 0.623773 0.252555 0.625027 0.246409 0.623833 0.240251 0.621549 0.236795 0.620374 0.235019 0.615175 0.231509 0.609029 0.230255 0.602871 0.231449 0.599416 0.233733 0.597639 0.234908 0.594129 0.240106 0.593752 0.241147
0 0.389664 0.764824 0.390876 0.770979 0.394351 0.776201 0.397790 0.778509 0.399559 0.779696 0.401647 0.780116 0.405708 0.780932 0.411863 0.779721 0.417085 0.776246 0.420580 0.771038 0.420762 0.770417 0.421316 0.767873 0.422129 0.763828 0.420923 0.757698 0.417462 0.752497 0.414036 0.750198 0.410194 0.748598 0.406149 0.747785 0.400019 0.748991 0.394818 0.752452 0.392519 0.755878 0.391151 0.758082 0.390901 0.758675
0 0.674350 0.627895 0.676612 0.633074 0.677411 0.633675 0.678444 0.634085 0.681273 0.633694 0.683026 0.633183 0.689056 0.631161 0.691193 0.630366 0.696751 0.627939 0.701550 0.625489 0.702846 0.624668 0.705635 0.622541 0.706141 0.621989 0.706569 0.620941 0.704297 0.615739 0.703377 0.615218 0.700334 0.615702 0.695647 0.617107 0.693736 0.617824 0.690027 0.619216 0.684305 0.621715 0.679324 0.624236 0.677018 0.625666 0.675828 0.626404 0.675327 0.626909
0 0.609791 0.394714 0.610622 0.400304 0.611537 0.400975 0.613356 0.401029 0.614856 0.400903 0.620357 0.400316 0.622408 0.400063 0.628278 0.399190 0.633919 0.398218 0.635710 0.397856 0.640198 0.396841 0.641304 0.396549 0.641910 0.396105 0.642594 0.395174 0.641758 0.389559 0.639947 0.389454 0.637301 0.389656 0.635937 0.389761 0.634037 0.389990 0.630337 0.390436 0.624019 0.391376 0.617977 0.392431 0.614788 0.393096 0.613154 0.393437 0.612177 0.393710 0.610286 0.394239
0 0.383628 0.470699 0.384223 0.476940 0.387162 0.482477 0.390355 0.485113 0.392182 0.486492 0.394032 0.487093 0.397990 0.488306 0.398398 0.488353 0.404613 0.487760 0.410129 0.484833 0.414104 0.480018 0.414726 0.477991 0.415935 0.474049 0.415341 0.467833 0.412414 0.462318 0.409234 0.459692 0.407599 0.458342 0.407387 0.458247 0.405193 0.457551 0.401235 0.456338 0.394994 0.456933 0.389457 0.459872 0.386821 0.463064 0.385662 0.464767 0.384841 0.466741
0 0.611534 0.893916 0.612487 0.900091 0.612939 0.901698 0.616195 0.907060 0.621256 0.910766 0.627349 0.912254 0.633548 0.911297 0.638909 0.908040 0.641357 0.904699 0.642616 0.902980 0.644104 0.896887 0.643147 0.890688 0.642574 0.889124 0.639330 0.883785 0.636002 0.881346 0.632229 0.879589 0.628221 0.878611 0.622047 0.879563 0.616708 0.882807 0.614270 0.886136 0.612513 0.889908
0 0.176509 0.294017 0.176589 0.300286 0.178221 0.304090 0.179613 0.306380 0.180585 0.307533 0.183550 0.310423 0.184815 0.311182 0.190614 0.313497 0.196857 0.313419 0.202595 0.310956 0.206954 0.306486 0.209270 0.300687 0.209191 0.294444 0.207565 0.290655 0.206728 0.288706 0.205210 0.287226 0.202258 0.284348 0.201062 0.283481 0.195240 0.281155 0.188972 0.281235 0.185167 0.282868 0.181725 0.285232 0.178835 0.288196
0 0.552184 0.723117 0.552394 0.724013 0.553709 0.727938 0.554292 0.729562 0.555783 0.731563 0.558500 0.734686 0.564112 0.737481 0.570366 0.737915 0.574291 0.736600 0.577916 0.734526 0.581039 0.731808 0.583834 0.726197 0.584268 0.719943 0.582953 0.716018 0.582135 0.713632 0.581947 0.713143 0.580555 0.711543 0.577849 0.708433 0.572260 0.705649 0.566031 0.705216 0.560111 0.707200 0.555400 0.711298 0.552617 0.716888
0 0.038043 0.419342 0.040533 0.424444 0.042602 0.424783 0.046654 0.424041 0.050229 0.422917 0.052061 0.422341 0.054084 0.421526 0.058010 0.419943 0.063621 0.417204 0.068067 0.414529 0.069794 0.413066 0.070684 0.412312 0.070813 0.411831 0.071065 0.410890 0.068586 0.405811 0.067472 0.405423 0.065614 0.405017 0.061807 0.405652 0.059776 0.406274 0.053116 0.408641 0.050850 0.409545 0.045400 0.412205 0.041127 0.414804 0.040169 0.415641 0.038547 0.417750 0.038206 0.418415
0 0.058931 0.181364 0.059554 0.187606 0.062518 0.193133 0.067372 0.197106 0.068364 0.197800 0.071135 0.198932 0.075085 0.200124 0.081301 0.199504 0.086807 0.196551 0.089420 0.193358 0.091377 0.189686 0.092569 0.185736 0.091949 0.179519 0.088996 0.174014 0.085804 0.171401 0.083447 0.169490 0.082490 0.168731 0.080451 0.168115 0.076486 0.166918 0.070244 0.167541 0.064716 0.170506 0.060744 0.175359 0.060128 0.177399
0 0.053920 0.598930 0.053944 0.603070 0.054782 0.607161 0.056389 0.610977 0.060847 0.615384 0.066653 0.617749 0.070793 0.617725 0.073655 0.617510 0.074630 0.617242 0.080385 0.614820 0.084774 0.610379 0.087130 0.604596 0.087094 0.598353 0.086271 0.596398 0.084671 0.592598 0.080231 0.588209 0.074448 0.585853 0.068205 0.585889 0.067215 0.586086 0.064508 0.587060 0.060693 0.588667 0.056285 0.593125
0 0.750966 0.201780 0.751029 0.205903 0.751062 0.208023 0.751903 0.209970 0.753539 0.213754 0.758021 0.218101 0.763826 0.220402 0.767949 0.220339 0.770069 0.220306 0.772015 0.219465 0.775800 0.217828 0.776908 0.216695 0.781272 0.212195 0.783582 0.206367 0.783518 0.202228 0.782641 0.198145 0.780998 0.194345 0.776498 0.189980 0.770670 0.187671 0.766531 0.187734 0.762448 0.188612 0.758648 0.190255 0.754283 0.194754 0.753266 0.195976
0 0.125277 0.611048 0.125662 0.617305 0.128413 0.622938 0.131515 0.625680 0.135123 0.627782 0.139038 0.629127 0.145295 0.628742 0.146714 0.628227 0.152325 0.625487 0.156460 0.620809 0.158490 0.614904 0.158106 0.608672 0.155366 0.603061 0.152277 0.600331 0.150688 0.598927 0.148683 0.598237 0.144783 0.596896 0.138551 0.597281 0.137100 0.597671 0.131466 0.600422 0.128725 0.603524 0.126623 0.607133
0 0.569073 0.657226 0.570696 0.663255 0.570981 0.663911 0.573505 0.667192 0.574674 0.668589 0.576648 0.669942 0.580236 0.672007 0.586452 0.672819 0.592505 0.671188 0.595787 0.668664 0.597306 0.667078 0.598536 0.665521 0.600602 0.661933 0.601413 0.655717 0.599783 0.649664 0.599384 0.649065 0.595577 0.644116 0.590166 0.641001 0.583974 0.640193 0.577945 0.641816 0.572996 0.645624 0.571938 0.647461 0.569881 0.651034
0 0.792626 0.849960 0.793948 0.851543 0.798667 0.854698 0.800385 0.854347 0.800719 0.854250 0.804233 0.852439 0.805531 0.851466 0.809153 0.847392 0.812524 0.842351 0.813542 0.840303 0.815977 0.834351 0.816530 0.832560 0.816554 0.829327 0.816357 0.828252 0.814934 0.826775 0.810236 0.823633 0.807617 0.824288 0.804187 0.826939 0.800461 0.831175 0.796990 0.836365 0.795204 0.839914 0.794285 0.841743 0.793764 0.843360 0.792750 0.846514
0 0.079452 0.617934 0.081626 0.623771 0.085995 0.628345 0.091886 0.630960 0.098398 0.631226 0.104543 0.629109 0.109393 0.624933 0.112215 0.619334 0.112555 0.618280 0.112798 0.614216 0.112777 0.612566 0.112198 0.610156 0.110788 0.606324 0.106469 0.601757 0.100616 0.599121 0.096327 0.598925 0.093941 0.599245 0.092030 0.599536 0.087967 0.600919 0.083104 0.605088 0.080278 0.610696 0.079809 0.611725 0.079573 0.615826
0 0.616150 0.630614 0.617324 0.634569 0.618131 0.636837 0.619265 0.638250 0.621864 0.641454 0.622354 0.642023 0.627869 0.645011 0.634107 0.645662 0.638078 0.644482 0.640120 0.643875 0.641775 0.642534 0.644992 0.639924 0.647980 0.634409 0.648630 0.628170 0.647451 0.624200 0.646844 0.622158 0.645502 0.620503 0.642893 0.617286 0.642321 0.616817 0.636828 0.613840 0.630614 0.613193 0.626659 0.614368 0.624840 0.615170 0.622978 0.616308 0.619774 0.618908 0.616797 0.624400
0 0.607916 0.059649 0.609419 0.063491 0.611663 0.066996 0.614523 0.069970 0.620247 0.072474 0.626493 0.072596 0.630335 0.071092 0.633840 0.068849 0.636814 0.065989 0.639318 0.060265 0.639878 0.058498 0.640001 0.052227 0.638491 0.048369 0.637714 0.046386 0.636238 0.044850 0.633367 0.041864 0.627620 0.039351 0.621349 0.039227 0.617491 0.040737 0.615508 0.041514 0.613972 0.042990 0.610986 0.045861 0.608473 0.051608 0.608038 0.053403
0 0.285624 0.677223 0.286516 0.681268 0.286975 0.683348 0.288194 0.685095 0.290566 0.688491 0.295853 0.691867 0.302029 0.692963 0.306074 0.692071 0.308154 0.691612 0.313296 0.688020 0.314043 0.687268 0.317407 0.682002 0.318498 0.675851 0.317609 0.671822 0.316838 0.670042 0.315938 0.668011 0.313575 0.664629 0.308310 0.661266 0.302159 0.660175 0.298130 0.661063 0.295707 0.661797 0.294319 0.662735 0.290936 0.665097 0.290096 0.665760 0.286720 0.671047
0 0.895659 0.475657 0.896077 0.479759 0.896292 0.481868 0.897297 0.483735 0.899252 0.487365 0.904092 0.491310 0.910073 0.493104 0.911720 0.493076 0.915839 0.492656 0.917238 0.492454 0.919831 0.491431 0.923475 0.489468 0.927437 0.484609 0.929237 0.478604 0.928818 0.474485 0.927592 0.470493 0.925629 0.466848 0.920770 0.462887 0.914765 0.461087 0.913106 0.461243 0.909004 0.461660 0.906894 0.461875 0.901397 0.464836 0.897452 0.469676
0 0.094722 0.109108 0.094807 0.115380 0.097286 0.121142 0.101781 0.125517 0.103375 0.127015 0.107208 0.128542 0.111300 0.129299 0.115426 0.129242 0.121165 0.126774 0.125521 0.122296 0.127048 0.118464 0.127805 0.114371 0.127749 0.110246 0.125280 0.104507 0.123774 0.102917 0.119278 0.098543 0.115430 0.097010 0.113451 0.096222 0.111321 0.096250 0.107179 0.096307 0.101417 0.098786 0.097043 0.103281 0.095510 0.107129
0 0.247686 0.251945 0.248063 0.258203 0.250807 0.263839 0.251804 0.264785 0.256477 0.268925 0.262378 0.270963 0.268611 0.270587 0.274225 0.267855 0.276960 0.264769 0.278366 0.263182 0.280404 0.257280 0.280028 0.251047 0.277296 0.245433 0.276401 0.244411 0.273303 0.241665 0.272102 0.240699 0.269697 0.239558 0.265784 0.238207 0.259526 0.238584 0.253890 0.241328 0.251144 0.244426 0.249037 0.248032
0 0.431054 0.744088 0.431057 0.746633 0.431296 0.750766 0.434024 0.756410 0.438704 0.760581 0.442614 0.761942 0.446750 0.762520 0.450883 0.762281 0.456527 0.759554 0.460697 0.754873 0.462059 0.750963 0.462823 0.748525 0.462908 0.747957 0.462549 0.741723 0.459832 0.736102 0.455170 0.731948 0.451276 0.730592 0.449273 0.729895 0.443040 0.730254 0.437418 0.732971 0.433264 0.737633 0.431211 0.743530
0 0.748074 0.859624 0.749411 0.863527 0.750528 0.866162 0.751104 0.867003 0.755252 0.871708 0.760886 0.874466 0.767146 0.874859 0.771065 0.873516 0.773080 0.872825 0.774678 0.871417 0.777785 0.868677 0.780543 0.863043 0.780935 0.856783 0.779593 0.852864 0.778902 0.850849 0.778263 0.850045 0.776383 0.847854 0.773653 0.844759 0.768043 0.842012 0.761807 0.841621 0.757904 0.842958 0.754306 0.845049 0.751212 0.847778 0.748464 0.853389
0 0.914758 0.272336 0.916150 0.276217 0.916866 0.278213 0.921063 0.282835 0.926710 0.285500 0.932947 0.285801 0.938823 0.283692 0.939829 0.283196 0.942162 0.281392 0.945227 0.278609 0.947903 0.272940 0.948205 0.266678 0.946807 0.262782 0.944657 0.259202 0.941874 0.256137 0.936204 0.253461 0.929943 0.253159 0.926046 0.254557 0.923313 0.255697 0.922346 0.256256 0.917723 0.260452 0.915058 0.266099
0 0.821478 0.662515 0.823103 0.668547 0.826914 0.673498 0.830490 0.675556 0.832900 0.676917 0.833664 0.677323 0.835777 0.677599 0.839884 0.678134 0.845941 0.676501 0.850911 0.672675 0.852977 0.669085 0.854039 0.667238 0.854315 0.665126 0.854849 0.661019 0.853217 0.654962 0.849391 0.649992 0.845801 0.647925 0.843955 0.646863 0.843166 0.646527 0.840474 0.646001 0.836383 0.645469 0.830350 0.647094 0.825400 0.650905 0.823342 0.654481 0.822010 0.658424
0 0.413453 0.947854 0.414771 0.953983 0.417124 0.957389 0.420122 0.960296 0.423599 0.962542 0.429766 0.963671 0.435895 0.962352 0.439301 0.959999 0.442208 0.957001 0.444454 0.953524 0.445583 0.947357 0.445800 0.945568 0.444488 0.939463 0.440939 0.934326 0.439158 0.933175 0.435695 0.930937 0.429552 0.929814 0.423448 0.931127 0.420055 0.933471 0.418311 0.934676 0.417160 0.936457 0.414922 0.939920 0.414581 0.941687
0 0.602867 0.495997 0.604554 0.502012 0.608415 0.506924 0.612012 0.508945 0.614057 0.510001 0.615968 0.510237 0.620065 0.510727 0.620547 0.510770 0.626587 0.509077 0.631518 0.505200 0.634591 0.499732 0.635337 0.493504 0.633643 0.487464 0.629767 0.482533 0.626155 0.480504 0.624298 0.479461 0.622183 0.479207 0.618071 0.478714 0.617598 0.478800 0.611582 0.480487 0.606671 0.484348 0.604650 0.487944 0.603789 0.489776 0.603358 0.491900
0 0.854890 0.178914 0.855822 0.180300 0.858002 0.181036 0.859120 0.181413 0.860873 0.181644 0.864275 0.182092 0.870517 0.182237 0.876927 0.181829 0.882556 0.180925 0.886557 0.179654 0.888303 0.178206 0.888436 0.172530 0.887632 0.171100 0.886850 0.170377 0.885637 0.169943 0.880736 0.168856 0.878787 0.168590 0.872724 0.168448 0.866515 0.168866 0.864399 0.169224 0.858860 0.170540 0.857400 0.171032 0.855872 0.172439 0.855022 0.173264
