0 0.260346 0.177469 0.260397 0.183737 0.262011 0.187550 0.263249 0.190043 0.263791 0.190752 0.268240 0.195132 0.274028 0.197475 0.280272 0.197426 0.286021 0.194990 0.290401 0.190540 0.292744 0.184753 0.292694 0.178509 0.291086 0.174712 0.290259 0.172760 0.289778 0.172010 0.287899 0.169952 0.284948 0.167048 0.279138 0.164695 0.272869 0.164745 0.269057 0.166360 0.265603 0.168708 0.262700 0.171658
0 0.213278 0.746632 0.215060 0.752643 0.217665 0.755860 0.220876 0.758530 0.224514 0.760505 0.230749 0.761160 0.236760 0.759379 0.239977 0.756774 0.242075 0.754995 0.242665 0.754412 0.245644 0.748925 0.246296 0.742715 0.244522 0.736728 0.240593 0.731876 0.235105 0.728898 0.228896 0.728245 0.222909 0.730019 0.219705 0.732614 0.218057 0.733949 0.217411 0.734485 0.215909 0.736759 0.213934 0.740398
0 0.635499 0.662239 0.635670 0.664353 0.636003 0.668463 0.638851 0.674019 0.639408 0.674719 0.644185 0.678779 0.648125 0.680049 0.649894 0.680391 0.652273 0.680530 0.656400 0.680195 0.661979 0.677337 0.666039 0.672560 0.667309 0.668620 0.667674 0.666307 0.667790 0.664472 0.667456 0.660345 0.664597 0.654766 0.663938 0.654147 0.659181 0.650103 0.655257 0.648838 0.653239 0.648188 0.651125 0.648359 0.647015 0.648692 0.641458 0.651539 0.637415 0.656297
0 0.333743 0.746566 0.334556 0.752782 0.337687 0.758213 0.340970 0.760735 0.344714 0.762585 0.348712 0.763659 0.354928 0.762846 0.360359 0.759715 0.362882 0.756432 0.364412 0.754306 0.364722 0.753725 0.365273 0.751677 0.366342 0.747695 0.365532 0.741504 0.362414 0.736094 0.357463 0.732290 0.351433 0.730670 0.345242 0.731480 0.339832 0.734598 0.337320 0.737868 0.336028 0.739550 0.335653 0.740098 0.334817 0.742568
0 0.123144 0.869586 0.124869 0.874994 0.125614 0.875828 0.128705 0.875668 0.133679 0.874531 0.139764 0.872590 0.146004 0.870151 0.149586 0.868463 0.151421 0.867597 0.152703 0.866824 0.155184 0.865326 0.156735 0.863683 0.155018 0.858298 0.154158 0.857545 0.153166 0.857096 0.152001 0.857176 0.147370 0.857962 0.145545 0.858388 0.139890 0.860191 0.134072 0.862445 0.132068 0.863374 0.126741 0.866114 0.125307 0.866954 0.123698 0.868530
0 0.011870 0.050896 0.014195 0.056722 0.018572 0.061214 0.020499 0.062970 0.024290 0.064599 0.028361 0.065464 0.032486 0.065517 0.038289 0.063202 0.042763 0.058842 0.044392 0.055052 0.045257 0.050981 0.045310 0.046855 0.042995 0.041053 0.038635 0.036578 0.036781 0.034715 0.031018 0.032240 0.028888 0.032212 0.024746 0.032158 0.018920 0.034483 0.014427 0.038860 0.012792 0.042667 0.011952 0.044624 0.011924 0.046754
0 0.456431 0.708700 0.457784 0.714821 0.460157 0.718214 0.461443 0.719580 0.463172 0.721103 0.466662 0.723330 0.472835 0.724422 0.478956 0.723069 0.482349 0.720696 0.484120 0.719099 0.485238 0.717681 0.487464 0.714191 0.488557 0.708018 0.488603 0.707186 0.487255 0.701089 0.484892 0.697710 0.483676 0.695973 0.481889 0.694832 0.478413 0.692614 0.472264 0.691526 0.466168 0.692874 0.461051 0.696453 0.459911 0.698240 0.457693 0.701717 0.457523 0.702527
0 0.818564 0.863766 0.819157 0.869982 0.822084 0.875497 0.823378 0.877005 0.826570 0.879642 0.827648 0.880342 0.830247 0.881621 0.834205 0.882835 0.840446 0.882240 0.845983 0.879301 0.848619 0.876109 0.850599 0.872432 0.851813 0.868474 0.851218 0.862233 0.848279 0.856696 0.846886 0.855268 0.842071 0.851293 0.840044 0.850671 0.836102 0.849462 0.829886 0.850056 0.824370 0.852982 0.820395 0.857797 0.819773 0.859824
0 0.533552 0.239233 0.535023 0.243085 0.535780 0.245065 0.537237 0.246606 0.540071 0.249601 0.545771 0.252150 0.552012 0.252324 0.555864 0.250853 0.557845 0.250096 0.562381 0.245806 0.564930 0.240106 0.565191 0.239062 0.565365 0.232795 0.563887 0.228928 0.563019 0.227408 0.561665 0.225392 0.558820 0.222385 0.553097 0.219825 0.546831 0.219651 0.542963 0.221129 0.540904 0.222367 0.539428 0.223351 0.536420 0.226196 0.533861 0.231919 0.533726 0.232991
0 0.417377 0.777069 0.419252 0.783051 0.421908 0.786227 0.425160 0.788847 0.428829 0.790765 0.435073 0.791323 0.441055 0.789448 0.444231 0.786792 0.445957 0.784936 0.446851 0.783540 0.448768 0.779871 0.448973 0.778751 0.449529 0.772532 0.447662 0.766574 0.443657 0.761784 0.438124 0.758891 0.431904 0.758336 0.425946 0.760203 0.421156 0.764208 0.418263 0.769741 0.417935 0.770825
0 0.531701 0.798939 0.531828 0.800140 0.534063 0.805997 0.538369 0.810552 0.542148 0.812244 0.546219 0.813173 0.550358 0.813289 0.556215 0.811055 0.560770 0.806748 0.562461 0.802969 0.563222 0.800509 0.563391 0.798898 0.563507 0.794760 0.563254 0.793580 0.561027 0.787747 0.556738 0.783209 0.551039 0.780659 0.548919 0.780599 0.544798 0.780483 0.538964 0.782709 0.534427 0.786999 0.532742 0.790762 0.531876 0.792698 0.531816 0.794817
0 0.905076 0.472723 0.905506 0.478428 0.906721 0.484553 0.907921 0.488276 0.908540 0.490194 0.909271 0.491659 0.910698 0.494516 0.912874 0.496859 0.914741 0.496846 0.920310 0.495741 0.920903 0.494803 0.921383 0.493909 0.922409 0.489956 0.922589 0.488297 0.922200 0.482782 0.921020 0.476834 0.920319 0.474694 0.917952 0.468891 0.917127 0.467286 0.915024 0.465158 0.914121 0.464531 0.912257 0.464691 0.906714 0.465790 0.905909 0.467440 0.905497 0.468286 0.905353 0.469796
0 0.715704 0.109347 0.716435 0.115548 0.718449 0.119146 0.719485 0.120996 0.721149 0.122310 0.724386 0.124864 0.730395 0.126561 0.736596 0.125829 0.740194 0.123816 0.742045 0.122780 0.743358 0.121116 0.745912 0.117879 0.746900 0.116343 0.748604 0.110311 0.747869 0.104085 0.745848 0.100472 0.743137 0.097296 0.739887 0.094732 0.733854 0.093027 0.727628 0.093762 0.724015 0.095784 0.721776 0.097516 0.720839 0.098494 0.718275 0.101745 0.717402 0.103338
0 0.671212 0.102336 0.672865 0.108357 0.676697 0.113288 0.682124 0.116376 0.688319 0.117153 0.694340 0.115499 0.699270 0.111667 0.702358 0.106241 0.702821 0.105339 0.703435 0.102547 0.703950 0.098439 0.702291 0.092394 0.698443 0.087444 0.694845 0.085396 0.690883 0.084079 0.686775 0.083564 0.680730 0.085223 0.675780 0.089071 0.673732 0.092669 0.672383 0.095216 0.671989 0.096141 0.671725 0.098245
0 0.769724 0.565853 0.770447 0.569915 0.773812 0.575179 0.778936 0.578753 0.780057 0.579069 0.784103 0.579959 0.786183 0.580416 0.788281 0.580043 0.792359 0.579317 0.797643 0.575938 0.801232 0.570793 0.802122 0.566748 0.802579 0.564667 0.802206 0.562570 0.801480 0.558492 0.798101 0.553207 0.792956 0.549618 0.788910 0.548729 0.786830 0.548272 0.786173 0.548161 0.783593 0.548450 0.779531 0.549174 0.774268 0.552539 0.770694 0.557663 0.769807 0.561692
0 0.456374 0.374770 0.456512 0.376672 0.456925 0.380791 0.457097 0.381268 0.460050 0.386770 0.464884 0.390722 0.470862 0.392524 0.477075 0.391901 0.482576 0.388948 0.486528 0.384114 0.488330 0.378136 0.488303 0.377857 0.488071 0.375528 0.487657 0.371409 0.484693 0.365885 0.479840 0.361917 0.475876 0.360722 0.473882 0.360349 0.471719 0.360321 0.467600 0.360734 0.462076 0.363698 0.458108 0.368552 0.456913 0.372516
0 0.818170 0.261073 0.819646 0.267140 0.822081 0.270468 0.823333 0.272179 0.825144 0.273282 0.828667 0.275425 0.834837 0.276382 0.840904 0.274905 0.842273 0.274001 0.845614 0.271557 0.846736 0.270694 0.848439 0.268481 0.850591 0.264944 0.851552 0.258749 0.850069 0.252658 0.847625 0.249317 0.844549 0.246492 0.841013 0.244340 0.834818 0.243379 0.828727 0.244862 0.825385 0.247306 0.823111 0.248995 0.822372 0.249569 0.819127 0.254903
0 0.861152 0.260700 0.861608 0.264800 0.864623 0.270272 0.869503 0.274173 0.873466 0.275320 0.877613 0.275675 0.881713 0.275218 0.887185 0.272203 0.888741 0.271288 0.892657 0.266388 0.893809 0.262409 0.894401 0.260363 0.894166 0.258246 0.893707 0.254129 0.890680 0.248635 0.885781 0.244718 0.881802 0.243567 0.879755 0.242975 0.873522 0.243669 0.868028 0.246697 0.866554 0.247710 0.862654 0.252590 0.861506 0.256553
0 0.881526 0.313534 0.881570 0.319778 0.883174 0.323576 0.884000 0.325530 0.888445 0.329914 0.894230 0.332263 0.900474 0.332219 0.902083 0.331545 0.905896 0.329934 0.907156 0.329399 0.909352 0.327590 0.912259 0.324642 0.914618 0.318834 0.914573 0.312565 0.912962 0.308751 0.910618 0.305295 0.907670 0.302389 0.901862 0.300030 0.895593 0.300074 0.891780 0.301685 0.889149 0.302853 0.888259 0.303304 0.886770 0.304813 0.883875 0.307749
0 0.769096 0.387070 0.771072 0.392993 0.775165 0.397709 0.778854 0.399552 0.780751 0.400499 0.782866 0.400649 0.786979 0.400940 0.792902 0.398964 0.794078 0.398558 0.798813 0.394449 0.800663 0.390746 0.801765 0.386718 0.802057 0.382588 0.800073 0.376641 0.795964 0.371907 0.792261 0.370057 0.789857 0.369330 0.788233 0.368955 0.784103 0.368663 0.778156 0.370646 0.777044 0.371164 0.772327 0.375256 0.769537 0.380842
0 0.269047 0.472395 0.269860 0.478611 0.272991 0.484042 0.276273 0.486565 0.278343 0.487883 0.280017 0.488415 0.284015 0.489489 0.284879 0.489531 0.291070 0.488721 0.296480 0.485603 0.300285 0.480652 0.301906 0.474623 0.301095 0.468431 0.297977 0.463022 0.294708 0.460509 0.293026 0.459217 0.286997 0.457597 0.286141 0.457426 0.279925 0.458239 0.274494 0.461370 0.271971 0.464653 0.271068 0.466399 0.270121 0.468397
0 0.093415 0.529820 0.093808 0.533978 0.094994 0.537944 0.098951 0.542806 0.104469 0.545783 0.108587 0.546205 0.111374 0.546342 0.112262 0.546236 0.114294 0.545629 0.118244 0.544447 0.123087 0.540506 0.126052 0.535011 0.126688 0.528800 0.126081 0.526768 0.124899 0.522818 0.120958 0.517975 0.115463 0.515010 0.109252 0.514374 0.108356 0.514407 0.105643 0.515041 0.101676 0.516227 0.096814 0.520184 0.093837 0.525702
0 0.764861 0.456396 0.766669 0.462376 0.770629 0.467208 0.774266 0.469156 0.776611 0.470106 0.778248 0.470367 0.782353 0.470775 0.783488 0.470657 0.789492 0.468841 0.794343 0.464865 0.796299 0.461214 0.797304 0.459336 0.797515 0.457216 0.797924 0.453094 0.796108 0.447090 0.792133 0.442238 0.788481 0.440283 0.786603 0.439278 0.784483 0.439067 0.780361 0.438658 0.779239 0.438904 0.773259 0.440712 0.768427 0.444672 0.766479 0.448309 0.765934 0.450094 0.765268 0.452291
0 0.495905 0.459910 0.496221 0.464038 0.496390 0.466219 0.496398 0.466296 0.497356 0.468187 0.499220 0.471865 0.503960 0.475930 0.509894 0.477872 0.516120 0.477395 0.518011 0.476437 0.521689 0.474573 0.525858 0.469712 0.527807 0.463754 0.527491 0.459626 0.527281 0.457576 0.526366 0.455604 0.524494 0.451912 0.519736 0.447830 0.513778 0.445881 0.509650 0.446197 0.507514 0.446452 0.505628 0.447322 0.501936 0.449194 0.497854 0.453952
0 0.155154 0.467892 0.155321 0.470016 0.155646 0.474146 0.158494 0.479734 0.163264 0.483807 0.167204 0.485087 0.169230 0.485745 0.169988 0.485778 0.172669 0.485636 0.176782 0.485312 0.182348 0.482476 0.186405 0.477725 0.187680 0.473801 0.188169 0.469668 0.187845 0.465555 0.185009 0.459989 0.180258 0.455932 0.176334 0.454657 0.173756 0.453923 0.173007 0.453817 0.170883 0.453984 0.166754 0.454309 0.161165 0.457157 0.157091 0.461927
0 0.043811 0.730405 0.046330 0.735493 0.046608 0.735401 0.048311 0.734581 0.049189 0.734158 0.050716 0.733409 0.053691 0.731949 0.059415 0.729115 0.065462 0.726102 0.069047 0.724305 0.070884 0.723383 0.072233 0.722700 0.074846 0.721376 0.076759 0.720380 0.074252 0.715315 0.073136 0.714967 0.072769 0.715134 0.071793 0.715613 0.067719 0.717620 0.066066 0.718436 0.060748 0.721069 0.055112 0.723865 0.053108 0.724861 0.047670 0.727568 0.046164 0.728319 0.044216 0.729300
0 0.431898 0.808308 0.432573 0.814541 0.435582 0.820040 0.438808 0.822636 0.442510 0.824568 0.446483 0.825731 0.452716 0.825056 0.458215 0.822047 0.460810 0.818821 0.462210 0.816617 0.462743 0.815119 0.463906 0.811146 0.464050 0.809901 0.463378 0.803694 0.460381 0.798216 0.455516 0.794303 0.453481 0.793707 0.449523 0.792549 0.443316 0.793221 0.437838 0.796218 0.433925 0.801083 0.432170 0.807075
0 0.812456 0.547200 0.813183 0.553401 0.816228 0.558852 0.819463 0.561409 0.821127 0.562723 0.827134 0.564425 0.828448 0.564683 0.834674 0.563954 0.840147 0.560897 0.842714 0.557649 0.844614 0.553930 0.845742 0.549947 0.845013 0.543720 0.841956 0.538247 0.838707 0.535681 0.836458 0.534302 0.834989 0.533781 0.831005 0.532652 0.829681 0.532521 0.823480 0.533248 0.818029 0.536293 0.815472 0.539529 0.814158 0.541192 0.813580 0.543232
0 0.852719 0.659638 0.853815 0.665182 0.855415 0.665929 0.859292 0.666153 0.862974 0.665929 0.864873 0.665813 0.867053 0.665523 0.871299 0.664958 0.877564 0.663719 0.882685 0.662292 0.885863 0.660899 0.886124 0.660510 0.886627 0.659758 0.885526 0.654188 0.884545 0.653530 0.882900 0.652873 0.879154 0.652715 0.877086 0.652855 0.870252 0.653567 0.867906 0.653887 0.862084 0.655038 0.857285 0.656355 0.856087 0.656859 0.853711 0.658291 0.853379 0.658710
0 0.526645 0.534394 0.527209 0.536438 0.528306 0.540413 0.528420 0.540575 0.532272 0.545520 0.537725 0.548614 0.541833 0.549124 0.543870 0.549301 0.545998 0.548820 0.549989 0.547719 0.554934 0.543866 0.558028 0.538414 0.558538 0.534305 0.558699 0.532137 0.558234 0.530140 0.557133 0.526150 0.553280 0.521204 0.547828 0.518110 0.547636 0.518038 0.543544 0.517530 0.541440 0.517269 0.535421 0.518929 0.530496 0.522767 0.527414 0.528198 0.526906 0.532290
0 0.012869 0.803042 0.012878 0.807181 0.015288 0.812968 0.019730 0.817392 0.023558 0.818969 0.027656 0.819775 0.031796 0.819767 0.037583 0.817356 0.039433 0.816087 0.043839 0.811662 0.045409 0.807850 0.046216 0.805889 0.046212 0.803769 0.046203 0.799645 0.043803 0.793882 0.039379 0.789476 0.035566 0.787905 0.033605 0.787098 0.031485 0.787102 0.027362 0.787111 0.021598 0.789512 0.019676 0.790674 0.015253 0.795116 0.013676 0.798944
0 0.565106 0.589724 0.566501 0.595810 0.566769 0.596195 0.569168 0.599569 0.570280 0.601130 0.572205 0.602435 0.575712 0.604634 0.581893 0.605679 0.588004 0.604278 0.591378 0.601879 0.592953 0.600472 0.594244 0.598842 0.596443 0.595334 0.597488 0.589153 0.596087 0.583042 0.593688 0.579668 0.592295 0.577799 0.592084 0.577622 0.590288 0.576495 0.586794 0.574305 0.580638 0.573265 0.574552 0.574660 0.571191 0.577049 0.569463 0.578278 0.566146 0.583568
0 0.533484 0.657733 0.533651 0.659847 0.533976 0.663957 0.534112 0.664616 0.536959 0.670201 0.541727 0.674271 0.545664 0.675550 0.547607 0.675904 0.549812 0.676040 0.553939 0.675714 0.559524 0.672867 0.563594 0.668099 0.564873 0.664161 0.565417 0.661858 0.565362 0.660014 0.565037 0.655887 0.564777 0.655263 0.561941 0.649701 0.557192 0.645646 0.553270 0.644373 0.551253 0.643719 0.549140 0.643885 0.545029 0.644209 0.539466 0.647045 0.535412 0.651794
0 0.728249 0.828005 0.730436 0.833853 0.731362 0.835194 0.734186 0.838222 0.735233 0.839194 0.737575 0.840661 0.741343 0.842377 0.747608 0.842596 0.753479 0.840399 0.756507 0.837575 0.758946 0.834186 0.760662 0.830418 0.760881 0.824153 0.758684 0.818282 0.757649 0.817008 0.754837 0.813993 0.753390 0.812443 0.751461 0.811563 0.747708 0.809854 0.741468 0.809637 0.735620 0.811824 0.731055 0.816083 0.730175 0.818013 0.728466 0.821765
0 0.218265 0.707187 0.218766 0.709258 0.219740 0.713284 0.223436 0.718352 0.228791 0.721619 0.232883 0.722260 0.234987 0.722589 0.237058 0.722089 0.241084 0.721114 0.246152 0.717418 0.247168 0.716548 0.250422 0.711215 0.251061 0.707139 0.250890 0.702981 0.249919 0.698971 0.246238 0.693923 0.240905 0.690669 0.236829 0.690031 0.234277 0.690029 0.232671 0.690202 0.228661 0.691172 0.227571 0.691940 0.222503 0.695636 0.219235 0.700990 0.218594 0.705083
0 0.220084 0.526878 0.220680 0.533122 0.223621 0.538662 0.228458 0.542656 0.232419 0.543870 0.234456 0.544494 0.240700 0.543898 0.241738 0.543722 0.247256 0.540793 0.251233 0.535975 0.252442 0.532030 0.252862 0.527890 0.252470 0.523783 0.249541 0.518264 0.244723 0.514287 0.240778 0.513078 0.238301 0.512478 0.237700 0.512507 0.235579 0.512709 0.231456 0.513103 0.225915 0.516044 0.221922 0.520881 0.220708 0.524841
0 0.139942 0.165796 0.140037 0.172068 0.142524 0.177826 0.147026 0.182194 0.148439 0.183467 0.154246 0.185769 0.158371 0.185707 0.162440 0.184834 0.166228 0.183198 0.170579 0.178714 0.172882 0.172907 0.172820 0.168782 0.171946 0.164713 0.170310 0.160925 0.168985 0.159562 0.164483 0.155194 0.158653 0.152881 0.154511 0.152944 0.152381 0.152977 0.150425 0.153821 0.146623 0.155464 0.142255 0.159966
0 0.749547 0.119564 0.750025 0.121630 0.750955 0.125647 0.754583 0.130728 0.759880 0.134034 0.766039 0.135061 0.768105 0.134583 0.772122 0.133653 0.777203 0.130024 0.778317 0.128538 0.781635 0.123220 0.782316 0.119136 0.782186 0.114962 0.781252 0.110929 0.777609 0.105827 0.772291 0.102508 0.768207 0.101827 0.764033 0.101957 0.760000 0.102891 0.754898 0.106534 0.753879 0.108109 0.750573 0.113406 0.749895 0.117473
0 0.504673 0.568325 0.504692 0.568599 0.505390 0.572680 0.505739 0.574650 0.506884 0.576580 0.509090 0.580082 0.514207 0.583705 0.520320 0.585092 0.524401 0.584394 0.526454 0.583890 0.528301 0.582900 0.531803 0.580694 0.535426 0.575577 0.536813 0.569464 0.536115 0.565383 0.535694 0.563176 0.535613 0.563031 0.534483 0.561237 0.532285 0.557749 0.527189 0.554141 0.521100 0.552759 0.517035 0.553454 0.514946 0.553812 0.513151 0.554942 0.509663 0.557140 0.506055 0.562236
0 0.913116 0.685851 0.913550 0.692080 0.916334 0.697669 0.919445 0.700375 0.921045 0.701766 0.922010 0.702229 0.924755 0.703253 0.928680 0.704568 0.934934 0.704133 0.940545 0.701337 0.943262 0.698213 0.945336 0.694588 0.946650 0.690663 0.946215 0.684409 0.943419 0.678798 0.940296 0.676081 0.937935 0.674384 0.936934 0.673985 0.934924 0.673311 0.931014 0.672002 0.924785 0.672435 0.919197 0.675220 0.916490 0.678331 0.915099 0.679931 0.914425 0.681941
