0 0.626653 0.290440 0.626981 0.293552 0.628150 0.298337 0.629981 0.304073 0.632199 0.309910 0.634477 0.314987 0.636480 0.318549 0.637904 0.320049 0.643187 0.318042 0.643835 0.317220 0.644294 0.316209 0.644198 0.315078 0.643393 0.310543 0.642969 0.308746 0.641216 0.303192 0.639061 0.297524 0.638191 0.295602 0.635668 0.290587 0.634911 0.289272 0.633558 0.287956 0.632532 0.287477 0.627226 0.289493
0 0.070000 0.455075 0.071045 0.457566 0.076442 0.459327 0.078348 0.459510 0.079314 0.459003 0.080243 0.458214 0.083233 0.454644 0.084235 0.453129 0.086610 0.447993 0.088450 0.442350 0.088856 0.440267 0.089528 0.434486 0.089556 0.432837 0.088645 0.430392 0.088169 0.429397 0.082796 0.427645 0.080910 0.427317 0.079254 0.428640 0.078399 0.429324 0.075643 0.433381 0.073073 0.438875 0.071092 0.444947 0.070379 0.448711 0.070014 0.450643 0.070009 0.452152
0 0.793668 0.272575 0.793839 0.278817 0.795521 0.282582 0.796386 0.284518 0.800921 0.288810 0.806753 0.291040 0.812995 0.290869 0.818695 0.288321 0.819425 0.287836 0.821439 0.285925 0.824284 0.282918 0.826524 0.277063 0.826351 0.270796 0.824663 0.267017 0.822248 0.263609 0.819241 0.260764 0.813386 0.258524 0.807120 0.258697 0.803340 0.260385 0.800878 0.261664 0.800190 0.262209 0.798732 0.263749 0.795898 0.266744
0 0.071915 0.860404 0.073279 0.866527 0.076882 0.871661 0.078680 0.872804 0.082176 0.875026 0.088354 0.876108 0.094476 0.874744 0.097867 0.872365 0.099611 0.871141 0.100528 0.870290 0.102352 0.867865 0.104565 0.864383 0.105643 0.858229 0.104284 0.852131 0.101914 0.848754 0.098905 0.845879 0.095423 0.843666 0.089269 0.842588 0.083172 0.843947 0.079795 0.846317 0.077333 0.848133 0.076362 0.848932 0.075219 0.850730 0.072997 0.854226
0 0.203635 0.727723 0.204818 0.728862 0.208365 0.729939 0.213740 0.730786 0.220109 0.731268 0.226470 0.731310 0.230013 0.731043 0.231829 0.730906 0.235363 0.730125 0.236553 0.729089 0.236980 0.723454 0.236222 0.722614 0.234983 0.721566 0.233648 0.721179 0.228526 0.720114 0.226554 0.719811 0.220636 0.719363 0.214706 0.719305 0.212723 0.719439 0.207561 0.720069 0.206213 0.720342 0.204951 0.721288 0.204064 0.722062
0 0.409181 0.319414 0.411114 0.325378 0.411469 0.326076 0.414145 0.329214 0.415521 0.330827 0.421082 0.333666 0.427306 0.334160 0.433246 0.332235 0.437997 0.328183 0.438961 0.326295 0.440835 0.322622 0.441330 0.316398 0.441095 0.315660 0.439161 0.309697 0.436475 0.306547 0.435205 0.305262 0.433197 0.303959 0.429510 0.302077 0.423261 0.301580 0.417297 0.303514 0.414147 0.306200 0.412678 0.307912 0.411559 0.309478 0.409678 0.313165
0 0.793771 0.002813 0.794531 0.009010 0.797605 0.014445 0.802525 0.018290 0.804568 0.018857 0.808541 0.019959 0.814738 0.019199 0.820173 0.016125 0.822712 0.012876 0.824017 0.011205 0.824760 0.010085 0.825888 0.007190 0.826995 0.003201 0.826232 0.000000 0.794873 0.000000
0 0.171571 0.041190 0.172743 0.045161 0.173907 0.047981 0.174652 0.049014 0.175985 0.050664 0.178576 0.053871 0.184060 0.056856 0.190269 0.057515 0.196258 0.055748 0.201114 0.051824 0.204099 0.046340 0.204758 0.040131 0.202991 0.034142 0.202310 0.033075 0.200460 0.030615 0.197858 0.027395 0.192352 0.024398 0.186118 0.023736 0.182147 0.024908 0.178450 0.026848 0.175230 0.029451 0.172232 0.034956
0 0.767786 0.401968 0.770993 0.406621 0.772218 0.406199 0.774291 0.405030 0.775361 0.404426 0.776919 0.403455 0.779959 0.401560 0.785306 0.398039 0.790565 0.394414 0.793436 0.392327 0.794909 0.391255 0.797663 0.389053 0.798415 0.388141 0.795194 0.383467 0.794045 0.383264 0.792788 0.383762 0.791597 0.384451 0.787124 0.387175 0.785428 0.388243 0.780450 0.391536 0.775564 0.394905 0.773967 0.396060 0.769878 0.399117 0.768835 0.399937 0.768010 0.400843
0 0.320999 0.471265 0.321037 0.477652 0.321266 0.481571 0.321384 0.483582 0.321588 0.485130 0.321984 0.488130 0.322742 0.490602 0.323539 0.490645 0.329191 0.490611 0.329975 0.489814 0.330232 0.488933 0.330924 0.485039 0.331114 0.483407 0.331355 0.477952 0.331320 0.472017 0.331200 0.469847 0.330689 0.463858 0.330479 0.462162 0.329796 0.459720 0.329003 0.458938 0.328230 0.458751 0.322553 0.458785 0.321823 0.461043 0.321276 0.465425
0 0.673161 0.215647 0.673452 0.221888 0.676110 0.227542 0.679160 0.230320 0.682725 0.232468 0.686606 0.233867 0.692847 0.233576 0.698500 0.230918 0.701278 0.227867 0.703055 0.225828 0.703521 0.225199 0.704244 0.223195 0.705649 0.219298 0.705356 0.213032 0.702688 0.207356 0.699625 0.204567 0.698050 0.203133 0.696046 0.202410 0.692149 0.201005 0.685884 0.201298 0.680207 0.203966 0.677418 0.207029 0.675984 0.208604 0.675581 0.209272 0.674560 0.211766
0 0.744219 0.813674 0.745289 0.817658 0.746262 0.820257 0.747132 0.821390 0.749646 0.824661 0.750649 0.825966 0.756083 0.829099 0.762302 0.829914 0.766303 0.828840 0.768360 0.828287 0.773334 0.824466 0.776468 0.819032 0.777283 0.812812 0.776208 0.808812 0.775655 0.806755 0.774358 0.805066 0.771834 0.801781 0.770746 0.800573 0.765334 0.797452 0.759139 0.796641 0.755155 0.797711 0.751423 0.799553 0.748152 0.802067 0.745031 0.807479
0 0.832936 0.585358 0.833344 0.589464 0.834557 0.593445 0.836506 0.597081 0.841340 0.601040 0.847320 0.602846 0.848716 0.603259 0.852838 0.602849 0.854958 0.602637 0.856835 0.601631 0.860486 0.599674 0.864460 0.594821 0.866274 0.588817 0.865652 0.582575 0.862689 0.577046 0.857836 0.573073 0.851831 0.571258 0.850423 0.570974 0.846317 0.571383 0.844798 0.571716 0.842336 0.572595 0.838700 0.574544 0.834742 0.579378
0 0.575730 0.193223 0.575852 0.195856 0.576343 0.199952 0.579403 0.205399 0.584315 0.209259 0.588287 0.210373 0.592436 0.210694 0.596533 0.210203 0.601980 0.207143 0.605840 0.202231 0.606265 0.201034 0.607384 0.197046 0.607959 0.194995 0.607706 0.192880 0.607213 0.188767 0.604141 0.183298 0.599209 0.179422 0.593170 0.177729 0.586942 0.178474 0.581473 0.181547 0.577597 0.186479 0.575903 0.192518
0 0.558307 0.478269 0.560366 0.484164 0.564524 0.488822 0.568238 0.490613 0.570148 0.491534 0.572265 0.491654 0.576382 0.491887 0.576689 0.491854 0.582607 0.489788 0.587284 0.485613 0.589082 0.481883 0.589852 0.480000 0.590127 0.477840 0.590361 0.473707 0.588295 0.467789 0.584119 0.463112 0.580390 0.461314 0.578338 0.460458 0.576347 0.460269 0.572214 0.460035 0.566296 0.462101 0.566031 0.462253 0.561373 0.466411 0.558661 0.472036
0 0.475906 0.962925 0.476306 0.969181 0.478130 0.972898 0.480667 0.976215 0.483775 0.978950 0.489707 0.980976 0.495963 0.980577 0.499680 0.978752 0.502997 0.976216 0.505732 0.973108 0.507758 0.967175 0.507726 0.965306 0.507329 0.959075 0.505512 0.955374 0.504577 0.953470 0.502986 0.952069 0.499891 0.949345 0.493981 0.947328 0.487750 0.947725 0.482146 0.950477 0.478021 0.955164 0.476003 0.961073
0 0.104812 0.751014 0.104827 0.757283 0.106421 0.761104 0.108749 0.764571 0.111684 0.767491 0.117481 0.769876 0.123750 0.769861 0.127571 0.768268 0.130172 0.766988 0.131018 0.766378 0.135423 0.761953 0.137798 0.756179 0.137783 0.749935 0.135380 0.744172 0.133877 0.742676 0.130954 0.739768 0.125180 0.737392 0.118936 0.737407 0.113173 0.739810 0.112287 0.740360 0.110118 0.742282 0.107198 0.745217
0 0.509065 0.403076 0.509161 0.405361 0.509378 0.409481 0.512069 0.415119 0.516713 0.419298 0.520602 0.420674 0.522641 0.421247 0.524721 0.421270 0.528841 0.421053 0.534479 0.418363 0.538658 0.413719 0.538813 0.413372 0.540906 0.407459 0.540794 0.405332 0.540576 0.401195 0.537874 0.395534 0.533212 0.391338 0.529307 0.389956 0.527299 0.389246 0.525171 0.389358 0.521035 0.389576 0.515374 0.392277 0.511178 0.396940 0.509796 0.400845 0.509086 0.402853
0 0.030129 0.189270 0.030143 0.193410 0.030972 0.197503 0.032569 0.201322 0.037017 0.205740 0.038869 0.206917 0.044646 0.209288 0.050889 0.209266 0.052846 0.208448 0.056650 0.206857 0.061050 0.202427 0.063420 0.196650 0.063406 0.192527 0.063398 0.190407 0.060990 0.184646 0.056560 0.180246 0.054778 0.178962 0.048978 0.176583 0.044838 0.176597 0.040745 0.177425 0.036926 0.179023 0.032508 0.183470
0 0.783769 0.200167 0.784401 0.202191 0.785631 0.206127 0.789632 0.210920 0.795164 0.213817 0.801382 0.214376 0.803406 0.213744 0.807342 0.212514 0.812135 0.208512 0.813389 0.207342 0.816297 0.201788 0.816668 0.197665 0.816224 0.193512 0.814989 0.189561 0.810972 0.184748 0.805418 0.181840 0.801295 0.181469 0.797142 0.181913 0.793191 0.183149 0.788378 0.187166 0.787225 0.188418 0.784328 0.193949 0.783958 0.198056
0 0.131836 0.051929 0.132622 0.053909 0.134151 0.057759 0.135616 0.059529 0.139969 0.064010 0.145705 0.066484 0.149831 0.066544 0.153924 0.065792 0.157758 0.064268 0.162240 0.059915 0.164713 0.054179 0.164773 0.050053 0.164021 0.045960 0.162497 0.042126 0.161141 0.040286 0.156770 0.035787 0.151011 0.033302 0.146869 0.033242 0.144739 0.033212 0.138910 0.035527 0.134411 0.039898 0.131927 0.045658 0.131866 0.049799
0 0.160702 0.320387 0.162156 0.324263 0.163482 0.326555 0.164356 0.327813 0.167182 0.330838 0.168513 0.331515 0.174197 0.334099 0.180438 0.334312 0.186284 0.332120 0.187834 0.330673 0.190847 0.327858 0.193432 0.322174 0.193644 0.315934 0.192197 0.312073 0.191452 0.310088 0.190005 0.308538 0.187190 0.305525 0.185934 0.304744 0.180227 0.302148 0.173962 0.301935 0.170085 0.303388 0.166536 0.305589 0.163511 0.308415 0.160916 0.314121
0 0.060237 0.239829 0.060272 0.244005 0.061115 0.248058 0.064641 0.253241 0.069883 0.256679 0.071604 0.257653 0.075655 0.258423 0.077738 0.258818 0.083851 0.257549 0.089013 0.254036 0.092438 0.248815 0.093604 0.242681 0.092334 0.236568 0.088821 0.231406 0.083600 0.227981 0.081927 0.226889 0.077860 0.226115 0.073684 0.226151 0.069631 0.226993 0.064448 0.230520 0.061010 0.235762
0 0.584657 0.618974 0.584949 0.621074 0.585518 0.625158 0.588679 0.630542 0.589035 0.631067 0.594037 0.634846 0.598044 0.635888 0.599932 0.636189 0.602213 0.636130 0.606313 0.635559 0.611719 0.632385 0.615498 0.627383 0.616540 0.623376 0.616874 0.621107 0.616782 0.619207 0.616211 0.615107 0.613037 0.609701 0.612585 0.609262 0.607603 0.605498 0.603612 0.604460 0.601560 0.603927 0.599460 0.604219 0.595376 0.604788 0.589992 0.607949 0.586228 0.612931 0.585190 0.616922
0 0.541956 0.805701 0.542125 0.806929 0.543100 0.813121 0.546371 0.818469 0.549718 0.820905 0.553509 0.822657 0.557534 0.823627 0.563726 0.822652 0.569074 0.819381 0.571511 0.816033 0.572638 0.813772 0.573262 0.812242 0.574232 0.808218 0.573257 0.802025 0.572964 0.800817 0.569706 0.795490 0.564658 0.791816 0.562596 0.791319 0.558588 0.790353 0.552420 0.791325 0.547093 0.794582 0.543419 0.799631 0.542922 0.801692
0 0.232394 0.845058 0.232830 0.849212 0.234059 0.853165 0.238067 0.857985 0.243615 0.860903 0.247738 0.861282 0.251891 0.860845 0.255844 0.859617 0.260664 0.855609 0.261622 0.854186 0.264529 0.848660 0.264906 0.844554 0.265099 0.842442 0.264471 0.840417 0.263248 0.836480 0.259255 0.831679 0.253729 0.828772 0.249623 0.828395 0.247512 0.828202 0.245487 0.828830 0.241549 0.830053 0.236748 0.834046 0.235691 0.835387 0.232772 0.840936
0 0.103347 0.827781 0.103710 0.834044 0.106441 0.839690 0.109535 0.842445 0.111126 0.843861 0.117050 0.845923 0.123312 0.845560 0.128958 0.842828 0.130444 0.841456 0.133187 0.838375 0.133970 0.837369 0.135296 0.834787 0.136651 0.830890 0.136290 0.824653 0.133569 0.819029 0.130488 0.816286 0.126900 0.814177 0.123003 0.812822 0.116766 0.813183 0.111143 0.815904 0.109580 0.817173 0.106825 0.820267 0.105409 0.821858
0 0.278407 0.387660 0.278868 0.393912 0.280730 0.397610 0.282062 0.399684 0.283299 0.400902 0.286434 0.403606 0.287288 0.403992 0.293217 0.405950 0.299444 0.405492 0.305020 0.402684 0.306406 0.401078 0.309099 0.397956 0.311058 0.392028 0.310599 0.385800 0.307791 0.380224 0.306186 0.378839 0.303064 0.376145 0.302272 0.375648 0.296320 0.373681 0.290068 0.374142 0.286370 0.376004 0.284839 0.377172 0.283078 0.378573 0.280374 0.381708
0 0.608326 0.176869 0.608805 0.183094 0.611630 0.188663 0.614760 0.191346 0.616370 0.192726 0.618385 0.193385 0.622305 0.194666 0.628530 0.194188 0.634099 0.191364 0.638162 0.186623 0.638479 0.185905 0.639379 0.183341 0.640665 0.179406 0.640185 0.173156 0.637349 0.167565 0.634206 0.164870 0.630566 0.162823 0.626631 0.161537 0.620381 0.162017 0.614790 0.164853 0.612096 0.167996 0.610520 0.170180 0.610267 0.170934 0.609608 0.172949
0 0.249918 0.491096 0.252163 0.496953 0.256478 0.501505 0.260262 0.503191 0.262208 0.504058 0.268478 0.504226 0.269405 0.504209 0.275238 0.501973 0.279772 0.497674 0.281452 0.493906 0.281941 0.491955 0.282372 0.489847 0.282482 0.485723 0.280246 0.479889 0.275947 0.475356 0.272179 0.473676 0.269847 0.472766 0.269318 0.472703 0.267189 0.472646 0.263048 0.472536 0.257191 0.474781 0.252639 0.479097 0.250952 0.482880 0.250085 0.484826 0.250028 0.486955
0 0.417169 0.659526 0.418362 0.665684 0.421821 0.670917 0.427019 0.674427 0.433165 0.675682 0.439323 0.674488 0.444556 0.671029 0.448066 0.665831 0.448185 0.665451 0.448698 0.663088 0.449523 0.659046 0.448335 0.652912 0.444889 0.647701 0.441470 0.645392 0.439608 0.644452 0.437633 0.643780 0.433591 0.642955 0.427457 0.644144 0.422246 0.647589 0.419937 0.651008 0.418610 0.653029 0.418423 0.653380 0.417997 0.655467
0 0.227530 0.540527 0.227834 0.546792 0.228743 0.548719 0.230511 0.552465 0.235156 0.556680 0.241061 0.558798 0.247326 0.558494 0.247905 0.558360 0.250256 0.557354 0.253987 0.555593 0.258186 0.550967 0.260294 0.545086 0.260095 0.540965 0.259086 0.536927 0.257325 0.533196 0.252699 0.528997 0.246818 0.526889 0.242697 0.527089 0.240132 0.527238 0.239535 0.527301 0.237609 0.528210 0.233863 0.529978 0.229647 0.534623
0 0.495599 0.765448 0.495615 0.769588 0.498035 0.775370 0.502485 0.779786 0.506315 0.781356 0.510414 0.782156 0.514554 0.782140 0.520337 0.779720 0.524753 0.775270 0.526323 0.771440 0.527084 0.769007 0.527122 0.767341 0.527107 0.763201 0.526999 0.762148 0.524588 0.756388 0.520156 0.751990 0.516341 0.750426 0.514379 0.749622 0.512258 0.749630 0.508135 0.749646 0.502375 0.752056 0.497977 0.756488 0.496413 0.760303 0.495609 0.762265 0.495599 0.762866
0 0.158754 0.801108 0.160453 0.807142 0.163015 0.810394 0.166189 0.813108 0.169800 0.815132 0.176025 0.815872 0.182060 0.814173 0.185312 0.811611 0.187522 0.809760 0.188237 0.809052 0.189274 0.807203 0.191290 0.803606 0.192027 0.797406 0.190335 0.791396 0.186471 0.786491 0.184622 0.785454 0.181025 0.783437 0.174825 0.782701 0.168814 0.784393 0.165575 0.786944 0.163910 0.788257 0.163140 0.788917 0.161518 0.791271 0.159494 0.794883
0 0.846375 0.179178 0.848283 0.185123 0.852321 0.189885 0.857874 0.192740 0.864097 0.193252 0.870042 0.191343 0.871529 0.190104 0.874686 0.187426 0.875663 0.186589 0.877283 0.184156 0.879176 0.180474 0.879691 0.174226 0.877774 0.168257 0.875097 0.165100 0.871827 0.162503 0.868145 0.160610 0.861897 0.160095 0.855928 0.162012 0.852770 0.164689 0.850543 0.166640 0.849742 0.167402 0.848772 0.169288 0.846887 0.172955
0 0.762045 0.113994 0.762784 0.120194 0.765839 0.125639 0.770746 0.129501 0.776756 0.131190 0.782956 0.130451 0.788402 0.127396 0.789713 0.125730 0.792263 0.122489 0.793437 0.120973 0.795134 0.114938 0.794392 0.108713 0.792366 0.105103 0.789651 0.101930 0.786398 0.099369 0.780363 0.097672 0.774138 0.098414 0.770528 0.100440 0.768210 0.102167 0.767355 0.103155 0.764794 0.106408 0.763735 0.107983
0 0.317958 0.789305 0.318786 0.795522 0.320863 0.799106 0.321932 0.800949 0.323623 0.802243 0.326913 0.804760 0.332975 0.806374 0.339193 0.805545 0.344620 0.802400 0.345914 0.800708 0.348430 0.797418 0.349037 0.796227 0.350645 0.790190 0.349819 0.783998 0.347750 0.780428 0.345001 0.777303 0.341724 0.774797 0.335687 0.773189 0.329495 0.774015 0.325925 0.776083 0.323787 0.777624 0.322800 0.778832 0.320294 0.782110 0.319572 0.783243
0 0.830671 0.197826 0.830707 0.202036 0.830726 0.204200 0.831574 0.206154 0.833225 0.209953 0.837787 0.214215 0.843724 0.216343 0.850138 0.216012 0.850426 0.215906 0.852660 0.214892 0.856586 0.213071 0.861129 0.208305 0.863574 0.202248 0.863553 0.198007 0.863303 0.195937 0.862691 0.193852 0.861034 0.190016 0.856430 0.185715 0.850437 0.183581 0.846168 0.183817 0.843768 0.184071 0.841955 0.184886 0.838032 0.186727 0.837574 0.187025 0.833073 0.191795
0 0.802188 0.929735 0.802576 0.935971 0.804388 0.939677 0.805845 0.942342 0.806548 0.943358 0.808144 0.944768 0.811249 0.947509 0.817182 0.949545 0.823443 0.949156 0.829077 0.946401 0.833229 0.941699 0.835265 0.935766 0.834876 0.929506 0.833056 0.925784 0.832120 0.923871 0.831359 0.922900 0.829201 0.920770 0.826108 0.918039 0.820199 0.916011 0.813964 0.916399 0.810257 0.918211 0.806947 0.920733 0.804216 0.923826
0 0.027329 0.054977 0.027541 0.057150 0.028714 0.062935 0.029257 0.064497 0.029829 0.065396 0.031945 0.067352 0.037469 0.068544 0.039891 0.067982 0.041469 0.066026 0.042278 0.065023 0.044276 0.060127 0.045594 0.054023 0.046036 0.047612 0.045705 0.043806 0.045533 0.041843 0.045066 0.040400 0.044153 0.037582 0.042092 0.035492 0.036542 0.034294 0.034085 0.034720 0.033297 0.035360 0.032385 0.036442 0.029776 0.040985 0.029007 0.042836 0.027727 0.048764
