0 0.880451 0.116734 0.881682 0.122855 0.885161 0.128040 0.890360 0.131498 0.894406 0.132294 0.896486 0.132703 0.898565 0.132285 0.902608 0.131472 0.907792 0.127993 0.909430 0.126499 0.912902 0.121279 0.913702 0.117217 0.913693 0.113041 0.912877 0.108982 0.909384 0.103777 0.904164 0.100305 0.900102 0.099506 0.895926 0.099514 0.891867 0.100330 0.886662 0.103823 0.885115 0.105409 0.881656 0.110607
0 0.089105 0.889801 0.089837 0.893879 0.090214 0.895975 0.091363 0.897768 0.093599 0.901255 0.098749 0.904837 0.104876 0.906176 0.108954 0.905445 0.111050 0.905068 0.112843 0.903919 0.116330 0.901682 0.117866 0.900075 0.121434 0.894946 0.122767 0.888843 0.122039 0.884782 0.120519 0.880908 0.118292 0.877435 0.113163 0.873867 0.107060 0.872534 0.102999 0.873262 0.100225 0.874279 0.099125 0.874782 0.095652 0.877009 0.094027 0.878524 0.090445 0.883673
0 0.123660 0.615446 0.124311 0.621684 0.127300 0.627199 0.130517 0.629809 0.132171 0.631150 0.134213 0.631757 0.138184 0.632937 0.144423 0.632286 0.145846 0.631757 0.151338 0.628780 0.153938 0.625576 0.155878 0.621894 0.157053 0.617940 0.156406 0.611726 0.153429 0.606233 0.150225 0.603634 0.146543 0.601693 0.142588 0.600519 0.136374 0.601166 0.134913 0.601573 0.129398 0.604561 0.125447 0.609433 0.124840 0.611475
0 0.111572 0.322640 0.111952 0.328897 0.113764 0.332619 0.115359 0.334817 0.116290 0.335945 0.119389 0.338690 0.120912 0.339335 0.126814 0.341372 0.133047 0.340994 0.138660 0.338260 0.140066 0.336673 0.142800 0.333586 0.144836 0.327684 0.144459 0.321451 0.142654 0.317744 0.141725 0.315838 0.140138 0.314432 0.137051 0.311698 0.135593 0.310942 0.129667 0.308897 0.123410 0.309276 0.119688 0.311089 0.116362 0.313614 0.113617 0.316714
0 0.505731 0.801512 0.505758 0.802876 0.507486 0.805882 0.510670 0.810084 0.512079 0.811696 0.514824 0.814835 0.519299 0.819392 0.523393 0.823037 0.526466 0.825206 0.528053 0.825575 0.532102 0.821596 0.532120 0.820424 0.531982 0.819054 0.530257 0.816170 0.529064 0.814618 0.524857 0.809535 0.523334 0.807803 0.519175 0.803569 0.515358 0.800145 0.514219 0.799321 0.511507 0.797764 0.510895 0.797585 0.509763 0.797552
0 0.702185 0.332501 0.702410 0.336997 0.702623 0.338775 0.703793 0.344311 0.705415 0.350020 0.706135 0.351995 0.708329 0.357257 0.709028 0.358679 0.710480 0.360326 0.711449 0.360882 0.716885 0.359337 0.717866 0.358702 0.718115 0.355771 0.717936 0.354144 0.717585 0.350970 0.716352 0.345034 0.714606 0.338891 0.713295 0.335332 0.712622 0.333505 0.710710 0.329716 0.709168 0.328096 0.703707 0.329648 0.702790 0.330414 0.702253 0.331378
0 0.731470 0.722944 0.731619 0.728594 0.732665 0.729627 0.734912 0.730220 0.736072 0.730526 0.737856 0.730738 0.741338 0.731150 0.747658 0.731398 0.754043 0.731230 0.759489 0.730672 0.760735 0.730380 0.763150 0.729813 0.764473 0.728789 0.764323 0.723114 0.763477 0.722299 0.762351 0.721349 0.761049 0.721030 0.756009 0.720202 0.754059 0.719987 0.748166 0.719774 0.742233 0.719930 0.740236 0.720127 0.735011 0.720903 0.733635 0.721207 0.732266 0.722141
0 0.044002 0.406697 0.044456 0.410812 0.045715 0.414794 0.047709 0.418422 0.052600 0.422343 0.058620 0.424092 0.060386 0.424396 0.066592 0.423712 0.068450 0.422691 0.072064 0.420705 0.075969 0.415832 0.077712 0.409837 0.077260 0.405738 0.077027 0.403631 0.076006 0.401772 0.074021 0.398159 0.069148 0.394254 0.063152 0.392511 0.061398 0.392079 0.057283 0.392533 0.055931 0.392951 0.053301 0.393792 0.049673 0.395786 0.045752 0.400677
0 0.219769 0.538862 0.220587 0.544897 0.223736 0.550258 0.227035 0.552819 0.228730 0.554134 0.230796 0.554749 0.234811 0.555944 0.241060 0.555416 0.246532 0.552628 0.249084 0.549574 0.250397 0.548001 0.250887 0.547122 0.251819 0.544514 0.252919 0.540717 0.252140 0.534701 0.249025 0.529335 0.245738 0.526763 0.241981 0.524820 0.237962 0.523615 0.231704 0.524144 0.226233 0.526947 0.223691 0.530013 0.221970 0.532223 0.221413 0.533072
0 0.253812 0.332629 0.255724 0.338603 0.258400 0.341765 0.259776 0.343390 0.260327 0.343749 0.262624 0.344989 0.266292 0.346878 0.272518 0.347396 0.278468 0.345491 0.281617 0.342826 0.284207 0.339569 0.286097 0.335901 0.286615 0.329675 0.284710 0.323725 0.282044 0.320576 0.280296 0.318646 0.279792 0.318229 0.274216 0.315356 0.267965 0.314837 0.261991 0.316749 0.258829 0.319425 0.257203 0.320802 0.254331 0.326378
0 0.065234 0.681824 0.067242 0.687135 0.068322 0.687591 0.068764 0.687521 0.069816 0.687152 0.074202 0.685564 0.075981 0.684907 0.081654 0.682762 0.087578 0.680482 0.089641 0.679672 0.095119 0.677496 0.096593 0.676901 0.098317 0.676145 0.098818 0.675090 0.096818 0.669803 0.096241 0.669950 0.094349 0.670629 0.093379 0.670978 0.091780 0.671572 0.088677 0.672726 0.082836 0.674935 0.076718 0.677277 0.071227 0.679408 0.067190 0.681007
0 0.168925 0.148705 0.170376 0.154193 0.171859 0.155750 0.174292 0.156287 0.175538 0.156562 0.180838 0.156518 0.186960 0.155631 0.192996 0.154036 0.198059 0.151969 0.199189 0.151211 0.201392 0.149732 0.202483 0.147660 0.201039 0.142196 0.199688 0.140578 0.198746 0.140038 0.197403 0.139708 0.192237 0.139188 0.190244 0.139184 0.184314 0.140016 0.178451 0.141565 0.176536 0.142359 0.171669 0.144912 0.170443 0.145764 0.169890 0.146610
0 0.565965 0.334281 0.567888 0.340222 0.570562 0.343360 0.571938 0.344974 0.573826 0.345939 0.577497 0.347815 0.583721 0.348312 0.589662 0.346389 0.594414 0.342340 0.594631 0.341978 0.595762 0.339811 0.597646 0.336124 0.598145 0.329875 0.596215 0.323911 0.593530 0.320760 0.591990 0.319450 0.590253 0.318171 0.586567 0.316287 0.580318 0.315788 0.574353 0.317718 0.571202 0.320403 0.569462 0.322090 0.568613 0.323680 0.566730 0.327366 0.566462 0.328057
0 0.455203 0.240612 0.455247 0.243183 0.455349 0.243770 0.456129 0.245742 0.457647 0.249575 0.461993 0.254059 0.467723 0.256539 0.473966 0.256637 0.479771 0.254338 0.484255 0.249993 0.486735 0.244262 0.486832 0.238020 0.486802 0.237419 0.485996 0.234988 0.484471 0.231139 0.480109 0.226637 0.474356 0.224147 0.470216 0.224082 0.466108 0.224833 0.462259 0.226357 0.457757 0.230719 0.455268 0.236473
0 0.291984 0.704483 0.293529 0.708324 0.295814 0.711819 0.298711 0.714776 0.304478 0.717235 0.310747 0.717299 0.314587 0.715754 0.316878 0.714590 0.318083 0.713469 0.321040 0.710572 0.321756 0.709729 0.324205 0.703986 0.324268 0.697742 0.322730 0.693917 0.321938 0.691950 0.320454 0.690435 0.317568 0.687490 0.311825 0.685041 0.305581 0.684977 0.301756 0.686516 0.299789 0.687308 0.299330 0.687737 0.297464 0.689550 0.294507 0.692447 0.292048 0.698214
0 0.920094 0.091534 0.921618 0.097589 0.925343 0.102601 0.930702 0.105804 0.936879 0.106714 0.942934 0.105190 0.947945 0.101465 0.949744 0.099864 0.951869 0.096310 0.953271 0.092377 0.953874 0.088281 0.952344 0.082202 0.948604 0.077171 0.945051 0.075046 0.941117 0.073644 0.937021 0.073041 0.930942 0.074571 0.925911 0.078311 0.924207 0.079998 0.922091 0.083537 0.921003 0.085357 0.920694 0.087455
0 0.726853 0.703813 0.727187 0.707925 0.730037 0.713485 0.730962 0.714342 0.735741 0.718405 0.741711 0.720328 0.743835 0.720156 0.747963 0.719821 0.753545 0.716959 0.757607 0.712179 0.758877 0.708237 0.759530 0.706209 0.759358 0.704086 0.759023 0.699957 0.756162 0.694375 0.751382 0.690314 0.750376 0.689552 0.746449 0.688286 0.744849 0.687958 0.742315 0.687807 0.738202 0.688141 0.732643 0.690991 0.728598 0.695752 0.727332 0.699679
0 0.889862 0.796522 0.890532 0.800593 0.891996 0.804489 0.894174 0.807993 0.895758 0.809231 0.900855 0.812886 0.906963 0.814314 0.913152 0.813294 0.914962 0.812170 0.918480 0.809984 0.922136 0.804886 0.923562 0.798778 0.922543 0.792589 0.921419 0.790780 0.919232 0.787261 0.914135 0.783606 0.912477 0.782470 0.906394 0.781050 0.902323 0.781720 0.898427 0.783185 0.894923 0.785362 0.891282 0.790439
0 0.000638 0.795718 0.001899 0.801862 0.004221 0.805293 0.005416 0.807056 0.007194 0.808229 0.010652 0.810510 0.016811 0.811696 0.022955 0.810435 0.024865 0.809192 0.028282 0.806880 0.029231 0.806216 0.031206 0.803919 0.033478 0.800475 0.034660 0.794340 0.033404 0.788221 0.031091 0.784804 0.028130 0.781879 0.024686 0.779608 0.018551 0.778426 0.012432 0.779682 0.010472 0.780806 0.005278 0.784322 0.004105 0.786100 0.001824 0.789558
0 0.142470 0.045038 0.143116 0.050605 0.144173 0.053721 0.147193 0.058588 0.152134 0.062024 0.154206 0.062526 0.158237 0.063501 0.164566 0.062792 0.170152 0.060009 0.172788 0.057084 0.174141 0.055581 0.175931 0.050190 0.175255 0.044656 0.174323 0.041515 0.171280 0.036662 0.168016 0.034403 0.164270 0.032741 0.160246 0.031767 0.153923 0.032461 0.148325 0.035223 0.145669 0.038137 0.143680 0.041469
0 0.568761 0.266337 0.569090 0.270447 0.569260 0.272560 0.570225 0.274448 0.572102 0.278120 0.576855 0.282168 0.582796 0.284090 0.586906 0.283761 0.589020 0.283591 0.590908 0.282626 0.594579 0.280749 0.598628 0.275996 0.599024 0.275096 0.600953 0.269131 0.600622 0.265005 0.600280 0.263290 0.599483 0.260987 0.597599 0.257301 0.592827 0.253236 0.586862 0.251307 0.582735 0.251637 0.580474 0.252234 0.578717 0.252776 0.575031 0.254661 0.570966 0.259433 0.569037 0.265398
0 0.713962 0.065198 0.715684 0.071200 0.719572 0.076086 0.725034 0.079112 0.731238 0.079817 0.737239 0.078095 0.742125 0.074206 0.743097 0.072497 0.746135 0.067013 0.746603 0.062899 0.746256 0.058738 0.745114 0.054758 0.741211 0.049853 0.735727 0.046815 0.731614 0.046347 0.727452 0.046694 0.723473 0.047836 0.718567 0.051739 0.715530 0.057223 0.714667 0.058995 0.714201 0.063092
0 0.382002 0.957171 0.383457 0.962659 0.385319 0.963976 0.386670 0.964091 0.389306 0.964315 0.394816 0.963614 0.400990 0.961977 0.404867 0.960447 0.406856 0.959662 0.411500 0.957034 0.414211 0.954504 0.414599 0.952459 0.413150 0.946996 0.411853 0.946179 0.411437 0.946008 0.408001 0.945138 0.406515 0.945037 0.401368 0.945720 0.395631 0.947241 0.393484 0.948077 0.387478 0.950853 0.385746 0.951809 0.383079 0.954181 0.382534 0.955114
0 0.897140 0.554654 0.898723 0.560697 0.901215 0.563985 0.903189 0.565788 0.904329 0.566747 0.907890 0.568830 0.909529 0.569107 0.915743 0.569961 0.921811 0.568372 0.925112 0.565869 0.926809 0.564582 0.929977 0.559168 0.930830 0.552954 0.929242 0.546886 0.926739 0.543585 0.925452 0.541888 0.920038 0.538720 0.913824 0.537867 0.912167 0.537715 0.906124 0.539298 0.902836 0.541790 0.900074 0.544903 0.897991 0.548465
0 0.625666 0.342366 0.628892 0.347007 0.630331 0.346269 0.632460 0.344922 0.633551 0.344231 0.638061 0.341204 0.643188 0.337641 0.648178 0.334066 0.652290 0.331009 0.654903 0.328931 0.655602 0.328158 0.652363 0.323496 0.651230 0.323304 0.649934 0.323919 0.648737 0.324665 0.644230 0.327590 0.642519 0.328733 0.637539 0.332193 0.632718 0.335663 0.631182 0.336817 0.627349 0.339788 0.626410 0.340552 0.625870 0.341233
0 0.152069 0.207172 0.153992 0.213142 0.158054 0.217922 0.159423 0.219051 0.164982 0.221901 0.169094 0.222235 0.173228 0.221757 0.177155 0.220492 0.181916 0.216446 0.184766 0.210887 0.185100 0.206775 0.184622 0.202641 0.183357 0.198714 0.179312 0.193953 0.178023 0.192723 0.172441 0.189861 0.168312 0.189526 0.166189 0.189354 0.164162 0.190006 0.160219 0.191276 0.155439 0.195338 0.152577 0.200920
0 0.388233 0.778562 0.388297 0.781155 0.388797 0.785265 0.391877 0.790725 0.396813 0.794590 0.400801 0.795701 0.404965 0.796015 0.409075 0.795515 0.414535 0.792435 0.418400 0.787499 0.418726 0.786349 0.419833 0.782377 0.420402 0.780334 0.420146 0.778229 0.419648 0.774136 0.416580 0.768698 0.411664 0.764848 0.405649 0.763173 0.403544 0.763429 0.399451 0.763927 0.394013 0.766995 0.390163 0.771911 0.389722 0.773003 0.388611 0.776991
0 0.563847 0.234271 0.564513 0.235209 0.570094 0.236098 0.570411 0.234903 0.571088 0.231389 0.571707 0.227880 0.572025 0.226070 0.573078 0.219764 0.574081 0.213457 0.574876 0.208139 0.575342 0.204639 0.575407 0.203482 0.569800 0.202590 0.568867 0.203282 0.568572 0.204551 0.567944 0.207968 0.567604 0.209944 0.566490 0.216573 0.566110 0.218878 0.565178 0.224739 0.564422 0.229715 0.564238 0.231027 0.563889 0.233797
0 0.206594 0.608945 0.206616 0.611075 0.206659 0.615217 0.209121 0.620987 0.213602 0.625375 0.217446 0.626920 0.219422 0.627714 0.221552 0.627692 0.225694 0.627649 0.231464 0.625188 0.232539 0.624687 0.236910 0.620223 0.238449 0.616395 0.238792 0.614623 0.239218 0.612305 0.239174 0.608179 0.236723 0.602433 0.232259 0.598062 0.228431 0.596523 0.225993 0.595897 0.224341 0.595754 0.220216 0.595798 0.219091 0.596182 0.213322 0.598644 0.208933 0.603125 0.207388 0.606969
0 0.394571 0.393922 0.394659 0.400194 0.397140 0.405954 0.401637 0.410327 0.401863 0.410532 0.404002 0.411470 0.407836 0.412995 0.414083 0.412908 0.419820 0.410436 0.422696 0.407478 0.424045 0.405795 0.424960 0.403986 0.426485 0.400152 0.426398 0.393905 0.423926 0.388168 0.423620 0.387718 0.419123 0.383346 0.417144 0.382558 0.413295 0.381027 0.407023 0.381115 0.401262 0.383597 0.398374 0.386566 0.396890 0.388094 0.396102 0.390073
0 0.570524 0.055839 0.570548 0.058012 0.570734 0.065128 0.570830 0.067551 0.571217 0.073473 0.571691 0.078259 0.571883 0.079409 0.572446 0.081578 0.572617 0.081826 0.573466 0.082610 0.579106 0.082242 0.579463 0.080353 0.579638 0.076164 0.579613 0.072296 0.579600 0.070300 0.579353 0.063662 0.578937 0.057289 0.578414 0.052183 0.577870 0.049137 0.577386 0.048604 0.571721 0.048975 0.570956 0.049873 0.570653 0.051798
0 0.880956 0.889857 0.881870 0.896037 0.885080 0.901396 0.886628 0.903010 0.891665 0.906748 0.897749 0.908274 0.903954 0.907356 0.909335 0.904133 0.913073 0.899096 0.914599 0.893012 0.913681 0.886807 0.910458 0.881425 0.908814 0.879899 0.905502 0.877440 0.904492 0.876822 0.901740 0.875660 0.897738 0.874656 0.891558 0.875570 0.886199 0.878781 0.883740 0.882094 0.881959 0.885855
0 0.555151 0.851327 0.555373 0.852739 0.557129 0.858760 0.561055 0.863652 0.566554 0.866669 0.572790 0.867351 0.578812 0.865596 0.582042 0.863003 0.583703 0.861669 0.584728 0.859802 0.586720 0.856170 0.587402 0.849935 0.587053 0.848534 0.585304 0.842536 0.582722 0.839319 0.581533 0.838245 0.579534 0.836644 0.575916 0.834660 0.569706 0.833979 0.563708 0.835728 0.560491 0.838311 0.557816 0.841499 0.555832 0.845116
0 0.025355 0.462114 0.025638 0.466246 0.025784 0.468371 0.026731 0.470279 0.028573 0.473989 0.033301 0.478111 0.039247 0.480111 0.041091 0.480190 0.045207 0.479908 0.046546 0.479728 0.049224 0.478820 0.052919 0.476984 0.057025 0.472275 0.059016 0.466354 0.058734 0.462238 0.057646 0.458221 0.055810 0.454526 0.051102 0.450420 0.045180 0.448429 0.043352 0.448222 0.037094 0.448650 0.031477 0.451440 0.027354 0.456168
0 0.713971 0.946739 0.713980 0.947820 0.714948 0.949844 0.719041 0.953777 0.721646 0.953926 0.725484 0.952136 0.729967 0.948671 0.734392 0.944065 0.738065 0.939044 0.739618 0.935971 0.740414 0.934395 0.741088 0.930835 0.740002 0.928897 0.735927 0.924981 0.733286 0.924953 0.732317 0.925014 0.730898 0.925703 0.726170 0.928752 0.724536 0.930031 0.720424 0.934310 0.716977 0.938976 0.716089 0.940683 0.714261 0.945402
0 0.589543 0.505568 0.590110 0.507611 0.591215 0.511584 0.595061 0.516502 0.600497 0.519574 0.600901 0.519652 0.605010 0.520155 0.606939 0.520378 0.609175 0.519843 0.613163 0.518734 0.618101 0.514873 0.621185 0.509415 0.621688 0.505305 0.621736 0.503186 0.621376 0.501141 0.620267 0.497152 0.616405 0.492214 0.610947 0.489130 0.606838 0.488628 0.604545 0.488390 0.604306 0.488416 0.598290 0.490088 0.593372 0.493934 0.590300 0.499371 0.589800 0.503464
0 0.135590 0.077178 0.137039 0.081059 0.137784 0.083054 0.138614 0.084009 0.140680 0.086276 0.143492 0.089295 0.149175 0.091889 0.155419 0.092110 0.159284 0.090667 0.162824 0.088479 0.165843 0.085667 0.168437 0.079984 0.168658 0.073740 0.167216 0.069875 0.165900 0.067145 0.165133 0.066151 0.163681 0.064592 0.160858 0.061561 0.155152 0.058957 0.148883 0.058734 0.145002 0.060183 0.143007 0.060928 0.141448 0.062380 0.138417 0.065203 0.135813 0.070909
0 0.629563 0.177436 0.631371 0.182791 0.633103 0.183336 0.636873 0.182922 0.638652 0.182479 0.642106 0.181618 0.648022 0.179622 0.653750 0.177226 0.656844 0.175616 0.658440 0.174785 0.659437 0.174066 0.661383 0.172662 0.662112 0.171183 0.660296 0.165804 0.659265 0.165327 0.657710 0.164733 0.656310 0.164868 0.651066 0.165828 0.649082 0.166314 0.643336 0.168253 0.637799 0.170590 0.636045 0.171521 0.631688 0.174196 0.630628 0.174992 0.630148 0.175978
0 0.819787 0.418647 0.819846 0.419478 0.820930 0.422919 0.821569 0.424307 0.824431 0.428744 0.828093 0.433414 0.829631 0.435065 0.834202 0.439528 0.835618 0.440758 0.838358 0.442327 0.839444 0.442459 0.840979 0.442199 0.845446 0.438695 0.845412 0.437264 0.845394 0.436525 0.844829 0.435254 0.843725 0.432774 0.840684 0.428014 0.836743 0.422988 0.832521 0.418487 0.828680 0.415211 0.825812 0.413659 0.824345 0.414047 0.819898 0.417535
0 0.216583 0.510931 0.216789 0.515066 0.219472 0.520731 0.224120 0.524938 0.228019 0.526330 0.230488 0.526999 0.232150 0.526940 0.236285 0.526734 0.237340 0.526628 0.242983 0.523954 0.247173 0.519325 0.249272 0.513445 0.249167 0.511327 0.248962 0.507209 0.246289 0.501566 0.241659 0.497376 0.235779 0.495277 0.235174 0.495266 0.232592 0.495363 0.228457 0.495569 0.222791 0.498253 0.218585 0.502901 0.217193 0.506800
