0 0.667915 0.066575 0.668335 0.067667 0.673546 0.069852 0.673757 0.069417 0.674919 0.066698 0.676196 0.063671 0.676851 0.062117 0.679266 0.056358 0.681807 0.050271 0.684098 0.044755 0.685218 0.042041 0.685796 0.040640 0.686635 0.038565 0.681400 0.036369 0.680324 0.036842 0.680148 0.037128 0.679043 0.039662 0.678310 0.041388 0.675748 0.047465 0.674828 0.049659 0.672376 0.055563 0.670200 0.060853 0.669585 0.062372 0.668197 0.065848
0 0.496161 0.957175 0.498435 0.963021 0.502773 0.967551 0.508515 0.970077 0.514786 0.970213 0.520631 0.967939 0.522170 0.966466 0.525162 0.963601 0.527688 0.957859 0.527824 0.951588 0.527712 0.949780 0.526216 0.945935 0.525491 0.944721 0.523980 0.942426 0.521126 0.939446 0.515408 0.936930 0.509162 0.936795 0.505317 0.938291 0.501807 0.940527 0.498827 0.943381 0.496311 0.949099 0.496177 0.955345
0 0.749404 0.126284 0.749738 0.132523 0.752434 0.138158 0.755503 0.140915 0.759082 0.143039 0.762973 0.144412 0.769211 0.144079 0.774847 0.141382 0.777604 0.138314 0.779501 0.136111 0.780143 0.135275 0.780852 0.133267 0.782231 0.129360 0.781895 0.123097 0.779189 0.117438 0.774523 0.113247 0.768608 0.111159 0.762344 0.111494 0.756686 0.114201 0.753917 0.117282 0.752494 0.118867 0.751916 0.119740 0.750777 0.122393
0 0.583266 0.558264 0.585030 0.564254 0.588953 0.569111 0.589157 0.569269 0.591180 0.570407 0.594816 0.572387 0.601049 0.573052 0.607062 0.571279 0.610283 0.568678 0.611747 0.567225 0.612958 0.565471 0.614938 0.561836 0.615603 0.555602 0.613830 0.549589 0.611229 0.546368 0.609703 0.544635 0.608022 0.543693 0.604387 0.541713 0.603969 0.541546 0.597760 0.540885 0.591771 0.542650 0.588563 0.545240 0.586914 0.546573 0.585899 0.548435 0.583926 0.552055
0 0.571090 0.698681 0.573079 0.704600 0.573246 0.705069 0.574771 0.707027 0.577491 0.710148 0.583104 0.712939 0.589358 0.713369 0.593283 0.712050 0.595137 0.711009 0.596906 0.709974 0.600027 0.707254 0.602818 0.701641 0.603248 0.695387 0.601929 0.691462 0.601077 0.689119 0.600846 0.688686 0.599454 0.687087 0.596745 0.683979 0.591154 0.681199 0.584924 0.680771 0.579006 0.682759 0.577407 0.684152 0.574298 0.686861 0.571519 0.692452
0 0.164220 0.706865 0.165917 0.712900 0.169794 0.717826 0.173404 0.719852 0.177375 0.721146 0.181486 0.721635 0.187521 0.719939 0.188771 0.719059 0.193678 0.715198 0.196733 0.709752 0.196984 0.707647 0.197472 0.703552 0.195782 0.697542 0.191920 0.692635 0.188324 0.690617 0.186475 0.689580 0.184370 0.689329 0.180275 0.688841 0.174264 0.690531 0.172956 0.691296 0.168030 0.695173 0.166004 0.698783 0.164710 0.702754
0 0.834243 0.303954 0.835649 0.310037 0.839275 0.315120 0.841074 0.316244 0.844571 0.318428 0.850729 0.319458 0.856812 0.318053 0.858246 0.317322 0.861616 0.314918 0.862724 0.314001 0.864477 0.311876 0.866670 0.308365 0.867705 0.302182 0.866294 0.296074 0.863889 0.292703 0.860847 0.289842 0.857336 0.287649 0.851153 0.286614 0.845045 0.288026 0.843664 0.288873 0.838582 0.292500 0.837458 0.294298 0.835273 0.297795
0 0.762020 0.666176 0.763658 0.672201 0.767477 0.677141 0.768552 0.677852 0.772145 0.679908 0.773522 0.680655 0.776105 0.681236 0.780211 0.681760 0.786260 0.680116 0.791219 0.676280 0.793276 0.672687 0.794603 0.668728 0.795128 0.664622 0.793483 0.658572 0.789648 0.653613 0.786055 0.651557 0.783719 0.650241 0.783070 0.649897 0.780967 0.649628 0.776877 0.649106 0.770852 0.650744 0.765913 0.654564 0.763864 0.658142 0.762811 0.659983 0.762542 0.662086
0 0.063338 0.776473 0.065197 0.782464 0.067845 0.785649 0.069207 0.787287 0.074758 0.790209 0.081004 0.790783 0.086994 0.788924 0.088648 0.787767 0.091820 0.785130 0.092753 0.784261 0.094440 0.781896 0.096361 0.778245 0.096934 0.772024 0.095082 0.766058 0.092444 0.762885 0.089211 0.760265 0.085560 0.758344 0.079338 0.757771 0.073372 0.759623 0.071657 0.760666 0.066834 0.764677 0.063912 0.770227
0 0.556125 0.117788 0.557389 0.123906 0.559706 0.127320 0.562670 0.130241 0.566117 0.132508 0.572253 0.133683 0.578371 0.132420 0.581785 0.130103 0.583684 0.128274 0.584706 0.127139 0.586973 0.123692 0.587323 0.122180 0.588503 0.116019 0.587234 0.109876 0.583712 0.104686 0.578472 0.101239 0.572311 0.100060 0.566168 0.101328 0.562740 0.103654 0.560978 0.104850 0.557530 0.110090 0.556351 0.116251
0 0.518178 0.143053 0.519393 0.149177 0.522860 0.154370 0.528051 0.157841 0.534174 0.159061 0.540298 0.157845 0.545491 0.154378 0.548962 0.149188 0.550182 0.143064 0.550383 0.141631 0.549163 0.135482 0.545682 0.130268 0.542240 0.127967 0.538383 0.126368 0.534323 0.125559 0.528174 0.126779 0.522960 0.130260 0.520659 0.133702 0.519442 0.136098 0.519059 0.137559 0.518251 0.141619
0 0.110657 0.213065 0.111188 0.217207 0.112506 0.221132 0.116623 0.225859 0.118156 0.226956 0.123747 0.229736 0.127861 0.230020 0.129976 0.230166 0.135895 0.228179 0.140604 0.224078 0.143384 0.218488 0.143668 0.214374 0.143814 0.212259 0.141827 0.206340 0.137726 0.201631 0.136272 0.200433 0.130658 0.197641 0.126528 0.197356 0.122386 0.197887 0.118461 0.199205 0.113734 0.203321 0.110942 0.208935
0 0.225206 0.025876 0.226428 0.032028 0.227523 0.033902 0.229814 0.037333 0.230530 0.038305 0.232756 0.040277 0.236185 0.042570 0.242312 0.043791 0.248440 0.042573 0.251871 0.040282 0.254815 0.037340 0.257108 0.033911 0.258329 0.027783 0.257111 0.021656 0.256136 0.019733 0.252652 0.014517 0.247438 0.011030 0.241286 0.009805 0.235134 0.011027 0.231689 0.013327 0.229918 0.014510 0.228733 0.016281 0.226431 0.019725
0 0.845668 0.278886 0.845938 0.282696 0.846078 0.284657 0.846994 0.286512 0.848778 0.290122 0.853360 0.294442 0.859123 0.296952 0.865181 0.297264 0.870603 0.295336 0.874562 0.291467 0.876668 0.289142 0.878568 0.283913 0.878271 0.280096 0.877192 0.276284 0.875392 0.272686 0.870810 0.268386 0.865063 0.265884 0.861072 0.265668 0.857177 0.266201 0.853591 0.267456 0.849601 0.271300 0.847602 0.273691
0 0.271921 0.199034 0.273093 0.205138 0.276549 0.210511 0.281759 0.214329 0.287921 0.216009 0.291995 0.215542 0.294088 0.215302 0.295868 0.214291 0.299324 0.212325 0.302838 0.207538 0.303662 0.205870 0.304932 0.199979 0.304157 0.195959 0.302591 0.192071 0.300319 0.188528 0.295132 0.184696 0.288977 0.182979 0.284889 0.183419 0.280991 0.184648 0.277499 0.186601 0.273930 0.191404 0.273216 0.193136
0 0.439583 0.649854 0.440277 0.651868 0.441628 0.655784 0.445786 0.660480 0.451425 0.663227 0.455559 0.663478 0.457686 0.663607 0.463616 0.661563 0.468311 0.657405 0.471059 0.651766 0.471174 0.651158 0.471425 0.647040 0.471504 0.645171 0.470862 0.642917 0.469517 0.639016 0.465376 0.634339 0.459759 0.631603 0.455641 0.631352 0.453443 0.631450 0.451518 0.631915 0.447617 0.633260 0.442940 0.637402 0.440204 0.643018 0.439963 0.643593 0.439712 0.647728
0 0.747226 0.064938 0.748838 0.070970 0.752636 0.075926 0.758041 0.079052 0.764231 0.079872 0.768215 0.078807 0.770263 0.078259 0.771946 0.076970 0.775219 0.074462 0.776324 0.072752 0.779463 0.067326 0.780285 0.061111 0.779216 0.057111 0.777372 0.053365 0.774854 0.050079 0.769427 0.046940 0.763213 0.046118 0.759213 0.047187 0.755466 0.049031 0.752180 0.051549 0.749042 0.056976 0.748046 0.058748
0 0.081619 0.409364 0.082571 0.415560 0.085823 0.420919 0.089161 0.423368 0.091581 0.424756 0.092945 0.425133 0.096967 0.426118 0.098579 0.426413 0.104750 0.425465 0.110089 0.422226 0.113781 0.417191 0.114286 0.415132 0.115266 0.411127 0.114317 0.404956 0.111079 0.399617 0.106044 0.395925 0.105141 0.395686 0.102394 0.395000 0.098373 0.394016 0.092177 0.394968 0.086817 0.398220 0.084368 0.401558 0.082603 0.405343
0 0.204359 0.060209 0.205869 0.066297 0.207046 0.068033 0.210756 0.073060 0.214290 0.075189 0.218205 0.076601 0.222284 0.077216 0.228348 0.075712 0.233375 0.072002 0.235504 0.068469 0.236916 0.064554 0.237531 0.060474 0.236027 0.054410 0.234967 0.052619 0.231242 0.047572 0.225869 0.044335 0.223763 0.044017 0.219667 0.043400 0.213579 0.044910 0.208532 0.048634 0.206394 0.052182 0.205295 0.054007 0.204977 0.056113
0 0.771720 0.090911 0.773279 0.096957 0.774554 0.098652 0.777033 0.101946 0.782411 0.105119 0.788593 0.105993 0.794639 0.104434 0.799629 0.100680 0.800832 0.099076 0.804018 0.093677 0.804895 0.087470 0.803861 0.083461 0.802049 0.079698 0.799560 0.076390 0.794161 0.073204 0.787954 0.072327 0.783945 0.073361 0.780183 0.075172 0.776875 0.077662 0.775767 0.079351 0.772594 0.084729
0 0.809967 0.059579 0.811404 0.062877 0.813615 0.065876 0.816477 0.068407 0.822308 0.070482 0.828750 0.070475 0.832754 0.069094 0.836427 0.067073 0.839564 0.064526 0.842273 0.059499 0.842645 0.056136 0.842901 0.050697 0.841424 0.047391 0.840665 0.045694 0.839177 0.044400 0.836287 0.041888 0.830441 0.039851 0.824015 0.039883 0.820027 0.041265 0.817977 0.041976 0.816368 0.043278 0.813238 0.045812 0.810511 0.050814 0.810262 0.054178
0 0.840421 0.578841 0.842011 0.584879 0.845791 0.589850 0.851184 0.592994 0.851989 0.593207 0.854704 0.593655 0.858807 0.594213 0.864869 0.592617 0.869859 0.588822 0.871944 0.585246 0.873304 0.581297 0.873862 0.577195 0.872266 0.571133 0.868471 0.566143 0.864894 0.564057 0.862431 0.562877 0.861603 0.562733 0.859502 0.562447 0.855416 0.561892 0.849378 0.563481 0.844408 0.567261 0.842331 0.570823 0.841263 0.572655 0.840977 0.574756
0 0.897326 0.295133 0.898692 0.299024 0.899395 0.301024 0.900809 0.302604 0.903560 0.305675 0.909189 0.308378 0.915423 0.308722 0.919314 0.307355 0.921314 0.306652 0.922280 0.306209 0.924593 0.304456 0.927676 0.301693 0.930390 0.296043 0.930735 0.289783 0.929363 0.285877 0.927237 0.282282 0.924475 0.279199 0.918825 0.276485 0.912565 0.276140 0.908659 0.277512 0.905951 0.278599 0.905023 0.279105 0.903444 0.280519 0.900372 0.283270 0.897669 0.288899
0 0.580270 0.052144 0.581230 0.058317 0.583376 0.061841 0.586192 0.064906 0.589523 0.067340 0.595593 0.068816 0.601766 0.067856 0.605290 0.065711 0.608355 0.062895 0.610789 0.059564 0.611234 0.057794 0.612717 0.051699 0.611753 0.045500 0.608491 0.040143 0.603427 0.036442 0.597332 0.034960 0.591134 0.035923 0.585776 0.039186 0.584519 0.040905 0.582075 0.044249 0.580593 0.050344
0 0.275546 0.960024 0.277649 0.965929 0.281852 0.970580 0.285592 0.972356 0.289642 0.973376 0.293776 0.973585 0.299682 0.971482 0.304333 0.967279 0.306108 0.963539 0.307353 0.960822 0.307793 0.959769 0.307901 0.957651 0.308109 0.953533 0.306014 0.947651 0.301827 0.943019 0.296187 0.940341 0.294069 0.940234 0.289951 0.940026 0.284069 0.942121 0.279437 0.946307 0.278551 0.948100 0.276776 0.951840 0.276248 0.952983 0.275755 0.955889
0 0.302208 0.187151 0.303275 0.193332 0.306626 0.198634 0.307400 0.199841 0.310771 0.202219 0.312182 0.202933 0.314574 0.203909 0.318599 0.204817 0.324755 0.203755 0.330036 0.200417 0.332415 0.197046 0.334105 0.193243 0.335012 0.189218 0.333950 0.183062 0.333283 0.181788 0.329932 0.176485 0.326547 0.174097 0.324807 0.172870 0.322729 0.172401 0.318688 0.171489 0.312507 0.172556 0.307205 0.175907 0.304816 0.179292 0.303588 0.181032
0 0.379264 0.639594 0.379445 0.645864 0.382012 0.651587 0.385025 0.654430 0.386575 0.655892 0.388565 0.656650 0.392436 0.658124 0.398706 0.657942 0.404430 0.655375 0.407272 0.652362 0.408734 0.650812 0.408943 0.650467 0.409855 0.648226 0.411322 0.644370 0.411142 0.638125 0.408584 0.632425 0.405584 0.629594 0.403876 0.628358 0.402058 0.627383 0.398202 0.625915 0.391957 0.626096 0.386257 0.628653 0.383426 0.631654 0.381767 0.633426 0.381495 0.633732 0.380737 0.635723
0 0.103738 0.129069 0.104271 0.135434 0.105453 0.141940 0.106538 0.145659 0.107095 0.147566 0.107722 0.148889 0.108938 0.151451 0.110698 0.153019 0.116329 0.152547 0.117717 0.151592 0.118341 0.150747 0.118653 0.149513 0.119233 0.144631 0.119296 0.142713 0.118800 0.136799 0.117722 0.130736 0.117133 0.128655 0.115183 0.123140 0.114511 0.121661 0.112856 0.120037 0.111938 0.119269 0.106280 0.119743 0.104832 0.120573 0.103936 0.123845
0 0.044907 0.590627 0.046114 0.594587 0.048087 0.598268 0.050717 0.601464 0.056249 0.604413 0.062489 0.605020 0.064239 0.604600 0.070212 0.602780 0.071849 0.601433 0.075033 0.598813 0.077970 0.593303 0.078574 0.587089 0.077373 0.583144 0.076755 0.581116 0.075408 0.579478 0.072788 0.576294 0.067278 0.573358 0.061063 0.572753 0.059300 0.573045 0.055340 0.574252 0.054071 0.574744 0.051659 0.576225 0.048463 0.578855 0.045514 0.584387
0 0.560691 0.910355 0.560934 0.912003 0.562848 0.917973 0.566901 0.922755 0.570583 0.924649 0.574597 0.925798 0.578723 0.926139 0.584693 0.924225 0.589475 0.920172 0.591369 0.916491 0.592184 0.913885 0.592518 0.912476 0.592859 0.908350 0.592488 0.906716 0.590581 0.900771 0.586545 0.896007 0.582878 0.894121 0.580992 0.893151 0.574770 0.892637 0.568824 0.894543 0.564061 0.898580 0.562174 0.902247 0.561205 0.904132 0.561030 0.906245
0 0.146270 0.515808 0.146468 0.519943 0.149140 0.525614 0.153780 0.529829 0.157676 0.531229 0.160264 0.531894 0.161806 0.531847 0.165941 0.531650 0.167278 0.531523 0.172925 0.528861 0.177125 0.524240 0.178519 0.520359 0.179235 0.518364 0.178938 0.512127 0.176276 0.506479 0.171654 0.502280 0.167774 0.500886 0.165778 0.500169 0.165012 0.500170 0.162309 0.500272 0.158174 0.500470 0.152504 0.503142 0.148288 0.507782 0.146888 0.511678
0 0.819017 0.079358 0.820932 0.085305 0.824978 0.090065 0.828649 0.091948 0.832652 0.093088 0.836764 0.093422 0.842711 0.091507 0.847471 0.087461 0.848868 0.085804 0.851730 0.080222 0.852238 0.073970 0.850315 0.068000 0.846254 0.063219 0.842568 0.061329 0.840672 0.060358 0.838549 0.060185 0.834420 0.059849 0.828450 0.061772 0.823670 0.065834 0.822374 0.067572 0.820492 0.071243 0.820073 0.072397 0.819352 0.075245
0 0.254632 0.929091 0.255257 0.933220 0.256662 0.937114 0.260884 0.941747 0.266559 0.944412 0.270695 0.944604 0.274824 0.943980 0.278718 0.942574 0.283351 0.938352 0.284218 0.936598 0.286872 0.930946 0.287063 0.926827 0.287161 0.924709 0.286441 0.922714 0.285041 0.918836 0.280836 0.914221 0.275184 0.911567 0.271065 0.911376 0.268947 0.911278 0.266952 0.911998 0.263074 0.913398 0.258459 0.917604 0.257489 0.919281 0.254824 0.924955
0 0.733032 0.208847 0.733203 0.210961 0.733536 0.215071 0.736384 0.220627 0.741142 0.224671 0.745066 0.225936 0.747085 0.226586 0.749198 0.226415 0.753308 0.226082 0.758865 0.223234 0.759904 0.222123 0.763964 0.217346 0.765234 0.213405 0.765430 0.211875 0.765715 0.209257 0.765380 0.205131 0.762522 0.199552 0.757745 0.195492 0.753805 0.194222 0.749656 0.193741 0.745530 0.194076 0.739951 0.196934 0.735891 0.201711 0.734947 0.202905 0.733682 0.206829
0 0.251490 0.205114 0.252047 0.209217 0.252760 0.211822 0.253406 0.213165 0.255491 0.216742 0.256470 0.217875 0.261439 0.221655 0.267477 0.223246 0.271563 0.222691 0.273664 0.222405 0.279058 0.219260 0.282838 0.214291 0.284429 0.208253 0.283873 0.204167 0.283587 0.202066 0.282520 0.200234 0.280443 0.196672 0.279561 0.195454 0.274572 0.191658 0.268510 0.190061 0.264407 0.190619 0.260459 0.191978 0.256882 0.194063 0.253086 0.199052
0 0.737463 0.887127 0.739279 0.893104 0.740240 0.894684 0.742869 0.897886 0.744221 0.899532 0.746099 0.900536 0.749753 0.902487 0.755995 0.903101 0.761997 0.901278 0.765199 0.898650 0.766845 0.897298 0.767849 0.895419 0.769800 0.891765 0.770414 0.885523 0.768592 0.879521 0.767516 0.878002 0.764898 0.874813 0.764005 0.873815 0.761681 0.872174 0.758041 0.870230 0.751824 0.869619 0.745846 0.871434 0.742657 0.874052 0.740018 0.877270 0.738074 0.880909
0 0.814142 0.887002 0.814581 0.891104 0.815348 0.893890 0.815823 0.895076 0.817799 0.898698 0.819076 0.900301 0.823959 0.904239 0.829977 0.906008 0.834095 0.905567 0.836213 0.905340 0.838083 0.904320 0.841720 0.902336 0.845657 0.897453 0.847427 0.891436 0.846986 0.887317 0.846759 0.885199 0.845739 0.883329 0.843755 0.879692 0.842379 0.878173 0.837516 0.874250 0.831522 0.872488 0.827420 0.872928 0.823448 0.874170 0.819826 0.876146 0.815904 0.881008
0 0.319410 0.549288 0.319780 0.553411 0.322685 0.558966 0.327496 0.562985 0.331447 0.564222 0.333765 0.564746 0.335600 0.564668 0.339723 0.564298 0.340364 0.564041 0.345896 0.561146 0.349900 0.556355 0.351132 0.552420 0.351765 0.550396 0.351576 0.548284 0.351208 0.544177 0.348313 0.538645 0.343522 0.534641 0.337563 0.532777 0.335451 0.532966 0.331344 0.533334 0.330667 0.533468 0.325112 0.536374 0.321093 0.541185 0.319856 0.545136 0.319531 0.547086
0 0.000000 0.617050 0.001578 0.617746 0.005493 0.619100 0.011754 0.618723 0.013709 0.618249 0.019327 0.615516 0.022064 0.612429 0.024165 0.608837 0.025513 0.604937 0.025139 0.598701 0.022406 0.593083 0.019319 0.590345 0.015727 0.588245 0.011827 0.586897 0.005591 0.587271 0.003604 0.587622 0.000000 0.590004
