0 0.887578 0.244998 0.887839 0.251240 0.889575 0.254982 0.892029 0.258343 0.895065 0.261137 0.900931 0.263286 0.907173 0.263025 0.910916 0.261289 0.913550 0.259984 0.914500 0.259433 0.915942 0.257866 0.918747 0.254817 0.920904 0.248927 0.920642 0.242660 0.918900 0.238903 0.918003 0.236970 0.916436 0.235528 0.913387 0.232723 0.907497 0.230566 0.901230 0.230827 0.897472 0.232570 0.895540 0.233467 0.894634 0.234078 0.892520 0.236095 0.889727 0.239132
0 0.043888 0.324071 0.043953 0.328247 0.044823 0.332294 0.048385 0.337452 0.053650 0.340855 0.055436 0.341492 0.059492 0.342234 0.061578 0.342615 0.063651 0.342170 0.067682 0.341304 0.072820 0.337755 0.076209 0.332511 0.076951 0.328455 0.077332 0.326369 0.076887 0.324296 0.076020 0.320265 0.072472 0.315127 0.067228 0.311738 0.065490 0.310982 0.061417 0.310237 0.060080 0.310181 0.057242 0.310301 0.053194 0.311171 0.048036 0.314733 0.044634 0.319999
0 0.737370 0.748410 0.738671 0.754517 0.742208 0.759662 0.743181 0.760705 0.746654 0.762958 0.748013 0.763663 0.750533 0.764505 0.754604 0.765258 0.760736 0.763953 0.765901 0.760400 0.768155 0.756928 0.769701 0.753048 0.770454 0.748978 0.769149 0.742846 0.765597 0.737681 0.764534 0.736730 0.759297 0.733331 0.757212 0.732945 0.753157 0.732195 0.747050 0.733495 0.741905 0.737033 0.739661 0.740492 0.738507 0.742271 0.738121 0.744355
0 0.684972 0.459407 0.686085 0.463377 0.686658 0.465419 0.687968 0.467086 0.690516 0.470328 0.695959 0.473387 0.702158 0.474131 0.702970 0.474027 0.706956 0.472909 0.708647 0.472382 0.710680 0.471019 0.713935 0.468461 0.717007 0.462996 0.717753 0.456771 0.716635 0.452785 0.715689 0.450820 0.714745 0.449061 0.712187 0.445807 0.706722 0.442735 0.700498 0.441989 0.696511 0.443106 0.694127 0.443778 0.693683 0.443907 0.692016 0.445217 0.688774 0.447765 0.685715 0.453208
0 0.638772 0.070682 0.639233 0.076909 0.642042 0.082485 0.646771 0.086562 0.648784 0.087227 0.652700 0.088519 0.658927 0.088058 0.664503 0.085250 0.668580 0.080520 0.668966 0.079559 0.669924 0.076814 0.671222 0.072882 0.670760 0.066631 0.667939 0.061032 0.664804 0.058329 0.661170 0.056271 0.657238 0.054974 0.650987 0.055436 0.645388 0.058257 0.642684 0.061392 0.641052 0.063756 0.640627 0.065026 0.639330 0.068957
0 0.876055 0.725628 0.876399 0.727720 0.877069 0.731788 0.880365 0.737092 0.885439 0.740730 0.886987 0.741697 0.891019 0.742638 0.892417 0.742704 0.895193 0.742776 0.899277 0.742103 0.904602 0.738795 0.908255 0.733700 0.909197 0.729669 0.909335 0.725495 0.908661 0.721410 0.905353 0.716085 0.900258 0.712432 0.898657 0.711582 0.892577 0.710163 0.890485 0.710507 0.886416 0.711178 0.881113 0.714473 0.877474 0.719547
0 0.137221 0.120695 0.137277 0.122780 0.138196 0.126519 0.138766 0.127434 0.140391 0.129111 0.145897 0.130387 0.147225 0.129853 0.147905 0.129579 0.150016 0.126442 0.151915 0.121460 0.153324 0.115378 0.153794 0.111229 0.154036 0.109091 0.153942 0.103530 0.153047 0.099531 0.151479 0.097720 0.145948 0.096439 0.144607 0.096885 0.143181 0.098163 0.141835 0.099505 0.141026 0.100660 0.139166 0.105456 0.137798 0.111363 0.137537 0.113756
0 0.376715 0.915001 0.376922 0.917803 0.377737 0.921862 0.381229 0.927068 0.386448 0.930541 0.390510 0.931341 0.394686 0.931333 0.398745 0.930518 0.403951 0.927026 0.407424 0.921807 0.407795 0.920120 0.408592 0.916074 0.409001 0.913994 0.408584 0.911915 0.407772 0.907872 0.404294 0.902687 0.399096 0.899228 0.392970 0.898021 0.390891 0.898438 0.386848 0.899250 0.381663 0.902729 0.378203 0.907926 0.377715 0.909565 0.376914 0.913627
0 0.097149 0.649214 0.099072 0.655184 0.103134 0.659963 0.108716 0.662825 0.114968 0.663332 0.118911 0.662062 0.120938 0.661408 0.121807 0.661039 0.124072 0.659389 0.127216 0.656717 0.130066 0.651157 0.130571 0.644930 0.129306 0.641003 0.127281 0.637367 0.124610 0.634224 0.119050 0.631373 0.112823 0.630868 0.108896 0.632134 0.106201 0.633013 0.105297 0.633318 0.103674 0.634697 0.100517 0.637380 0.097656 0.642962
0 0.142046 0.428563 0.142099 0.430693 0.142203 0.434834 0.144749 0.440566 0.149294 0.444889 0.155148 0.447143 0.155938 0.447264 0.158649 0.447301 0.162773 0.447197 0.168484 0.444663 0.172788 0.440135 0.174271 0.436285 0.174980 0.432184 0.174876 0.428060 0.172342 0.422350 0.167814 0.418045 0.163964 0.416562 0.161403 0.415655 0.160626 0.415462 0.158496 0.415515 0.154355 0.415619 0.148622 0.418164 0.144299 0.422709 0.142811 0.426575
0 0.623648 0.853996 0.624068 0.858251 0.625285 0.862414 0.627232 0.866251 0.632044 0.870527 0.637984 0.872608 0.642048 0.872323 0.644643 0.872007 0.645320 0.871780 0.650760 0.868895 0.654633 0.864006 0.656355 0.857868 0.655904 0.853607 0.655672 0.851419 0.654662 0.849454 0.652699 0.845636 0.647891 0.841389 0.641974 0.839316 0.637924 0.839587 0.635840 0.839727 0.635187 0.840021 0.632865 0.841201 0.629292 0.843070 0.625410 0.847896
0 0.164356 0.269633 0.165933 0.273461 0.167316 0.275815 0.168245 0.276938 0.171167 0.279871 0.172482 0.280752 0.178246 0.283154 0.184490 0.283167 0.188302 0.281597 0.190263 0.280789 0.194688 0.276384 0.197089 0.270621 0.197102 0.264377 0.194725 0.258603 0.190319 0.254179 0.189075 0.253191 0.183289 0.250780 0.177020 0.250767 0.173191 0.252343 0.169714 0.254656 0.166781 0.257577 0.164369 0.263364
0 0.753053 0.346247 0.754308 0.347569 0.756579 0.348723 0.757744 0.349314 0.762833 0.351218 0.768817 0.353001 0.774814 0.354399 0.779936 0.355204 0.783410 0.355290 0.784690 0.354636 0.786311 0.349195 0.785748 0.348208 0.784671 0.346944 0.783406 0.346282 0.778461 0.344126 0.776535 0.343397 0.770723 0.341665 0.764915 0.340331 0.762990 0.340043 0.758048 0.339587 0.756782 0.339579 0.755817 0.340111 0.754667 0.340831
0 0.733357 0.516633 0.734076 0.520693 0.734446 0.522781 0.737805 0.528044 0.742922 0.531622 0.749019 0.532969 0.750019 0.533101 0.754096 0.532379 0.755752 0.531953 0.757987 0.530863 0.761476 0.528636 0.765069 0.523498 0.766421 0.517377 0.765699 0.513300 0.764183 0.509409 0.761956 0.505920 0.756818 0.502327 0.750697 0.500975 0.749694 0.500971 0.745633 0.501690 0.743546 0.502060 0.738282 0.505418 0.734704 0.510536
0 0.607698 0.185334 0.608268 0.187377 0.609376 0.191348 0.613228 0.196262 0.618667 0.199329 0.624866 0.200079 0.630880 0.198401 0.635794 0.194549 0.638860 0.189110 0.639417 0.187861 0.639915 0.183751 0.639930 0.182185 0.639599 0.179587 0.638486 0.175600 0.634619 0.170666 0.629158 0.167588 0.625048 0.167090 0.620884 0.167406 0.616896 0.168519 0.611962 0.172386 0.608884 0.177847 0.608448 0.179136
0 0.332083 0.857184 0.332349 0.861317 0.332486 0.863443 0.333425 0.865355 0.335253 0.869072 0.339965 0.873213 0.345902 0.875236 0.352161 0.874832 0.354073 0.873893 0.357790 0.872065 0.361932 0.867354 0.362484 0.865883 0.364499 0.859969 0.364234 0.855852 0.363863 0.854343 0.363161 0.851831 0.361340 0.848129 0.356648 0.844004 0.350734 0.841990 0.346617 0.842255 0.342596 0.843327 0.338894 0.845148 0.334769 0.849840 0.334105 0.851246
0 0.090221 0.188606 0.091093 0.192653 0.092753 0.196485 0.095108 0.199890 0.096728 0.201091 0.101974 0.204476 0.108117 0.205596 0.114220 0.204280 0.115964 0.203074 0.119356 0.200728 0.122741 0.195482 0.123861 0.189339 0.122544 0.183236 0.118993 0.178100 0.117462 0.176808 0.112195 0.173408 0.106028 0.172284 0.101981 0.173157 0.098149 0.174816 0.094744 0.177172 0.091345 0.182439
0 0.523696 0.592541 0.524160 0.598767 0.524258 0.599164 0.527080 0.604761 0.531831 0.608852 0.535763 0.610147 0.537720 0.610623 0.539908 0.610655 0.544036 0.610347 0.549634 0.607525 0.553724 0.602774 0.555020 0.598842 0.555590 0.596654 0.555528 0.594697 0.555220 0.590569 0.552397 0.584971 0.552187 0.584632 0.547456 0.580557 0.541526 0.578603 0.535300 0.579068 0.529725 0.581879 0.525650 0.586610
0 0.055425 0.118494 0.055735 0.120601 0.056339 0.124700 0.059558 0.130083 0.061321 0.131564 0.066336 0.135290 0.070337 0.136297 0.074493 0.136505 0.078575 0.135904 0.083937 0.132697 0.087663 0.127683 0.088670 0.123682 0.088878 0.119526 0.088277 0.115444 0.085071 0.110082 0.083403 0.108515 0.078368 0.104773 0.072285 0.103243 0.066080 0.104157 0.060697 0.107377 0.056955 0.112411
0 0.508929 0.083474 0.511076 0.089341 0.515305 0.093939 0.519047 0.095676 0.523091 0.096658 0.527213 0.096831 0.533081 0.094684 0.537679 0.090455 0.539416 0.086712 0.540378 0.084074 0.540471 0.083119 0.540560 0.080991 0.540733 0.076852 0.538577 0.070962 0.534331 0.066345 0.528642 0.063704 0.526514 0.063615 0.522375 0.063442 0.516484 0.065597 0.511867 0.069843 0.509227 0.075533 0.508964 0.081800
0 0.863513 0.823715 0.863870 0.829949 0.866585 0.835571 0.868057 0.836919 0.872735 0.841092 0.878655 0.843156 0.882788 0.842920 0.886831 0.841873 0.890559 0.840073 0.894731 0.835394 0.896796 0.829475 0.896559 0.825342 0.895512 0.821299 0.893712 0.817571 0.889034 0.813398 0.887477 0.812145 0.881582 0.810088 0.875348 0.810445 0.869725 0.813159 0.865569 0.817819
0 0.912303 0.604600 0.912938 0.610812 0.915902 0.616307 0.919099 0.618911 0.920743 0.620250 0.926725 0.622041 0.928439 0.622531 0.934675 0.621894 0.940193 0.618918 0.942807 0.615708 0.944762 0.612018 0.945949 0.608052 0.945312 0.601815 0.942336 0.596298 0.939126 0.593683 0.936723 0.592180 0.935436 0.591728 0.931470 0.590541 0.929744 0.590178 0.923532 0.590813 0.918037 0.593778 0.915432 0.596975 0.914094 0.598619 0.913485 0.600650
0 0.786025 0.335146 0.788157 0.341019 0.792374 0.345628 0.796112 0.347375 0.798546 0.348012 0.800153 0.348367 0.804275 0.348551 0.810148 0.346419 0.811394 0.345802 0.816022 0.341568 0.817776 0.337815 0.818677 0.335885 0.818772 0.333757 0.818956 0.329619 0.816816 0.323723 0.812582 0.319095 0.808830 0.317341 0.806900 0.316439 0.800634 0.316160 0.794737 0.318300 0.793557 0.319028 0.788948 0.323245 0.787201 0.326983 0.786795 0.328611 0.786209 0.331024
0 0.747312 0.715029 0.748026 0.721235 0.750030 0.724841 0.751492 0.727085 0.752070 0.727607 0.753738 0.728931 0.756983 0.731506 0.763014 0.733229 0.769246 0.732512 0.772866 0.730500 0.774728 0.729465 0.778628 0.724552 0.780350 0.718521 0.779634 0.712289 0.777621 0.708668 0.776586 0.706807 0.774918 0.705482 0.771673 0.702907 0.770586 0.702095 0.764578 0.700379 0.758372 0.701093 0.754766 0.703097 0.751592 0.705790 0.749027 0.709022
0 0.824643 0.666465 0.826212 0.670281 0.827581 0.672539 0.828516 0.673747 0.831426 0.676671 0.832758 0.677382 0.838547 0.679796 0.844820 0.679811 0.848651 0.678235 0.850620 0.677424 0.852130 0.675922 0.855067 0.673000 0.857481 0.667211 0.857496 0.660938 0.855110 0.655138 0.850685 0.650692 0.849281 0.650088 0.843515 0.647683 0.837268 0.647669 0.833453 0.649238 0.829987 0.651542 0.827062 0.654452 0.824657 0.660218
0 0.206454 0.254207 0.207846 0.258106 0.209063 0.260523 0.209991 0.261689 0.212769 0.264758 0.213918 0.265700 0.219560 0.268373 0.225797 0.268684 0.231677 0.266584 0.236306 0.262394 0.238980 0.256752 0.239290 0.250516 0.237904 0.246632 0.237190 0.244635 0.235768 0.243063 0.233001 0.240006 0.231928 0.238962 0.226263 0.236277 0.220002 0.235966 0.216103 0.237358 0.212520 0.239502 0.209451 0.242281 0.206766 0.247945
0 0.319290 0.807712 0.320719 0.813820 0.324377 0.818915 0.327896 0.821100 0.329706 0.822223 0.331808 0.822569 0.335895 0.823240 0.342003 0.821811 0.347099 0.818153 0.349283 0.814634 0.350406 0.812824 0.350749 0.812107 0.351349 0.809478 0.352018 0.805407 0.350595 0.799324 0.346951 0.794249 0.343446 0.792073 0.339550 0.790610 0.335479 0.789941 0.329395 0.791364 0.324321 0.795008 0.322145 0.798513 0.320718 0.800832 0.320307 0.801523 0.319961 0.803625
0 0.899706 0.542425 0.900232 0.548647 0.903099 0.554194 0.907870 0.558222 0.913819 0.560117 0.915481 0.560358 0.919606 0.560010 0.921003 0.559727 0.923619 0.558853 0.927297 0.556952 0.931341 0.552162 0.933244 0.546189 0.932895 0.542064 0.931738 0.538051 0.929838 0.534373 0.925048 0.530329 0.919075 0.528427 0.917398 0.528313 0.913289 0.528660 0.911176 0.528839 0.909293 0.529812 0.905630 0.531705 0.901602 0.536476
0 0.090469 0.069360 0.091335 0.075573 0.094512 0.080981 0.096136 0.082658 0.099428 0.085145 0.100435 0.085712 0.103174 0.086957 0.107167 0.087994 0.113355 0.087132 0.118741 0.083967 0.121228 0.080675 0.123040 0.076929 0.124078 0.072936 0.123216 0.066748 0.120051 0.061362 0.118524 0.059599 0.113518 0.055818 0.111457 0.055282 0.107448 0.054241 0.101235 0.055107 0.095827 0.058284 0.093330 0.061589 0.092047 0.063289 0.091511 0.065351
0 0.494580 0.196159 0.494604 0.197525 0.496502 0.200276 0.499967 0.203983 0.504474 0.208088 0.509352 0.211986 0.512343 0.214042 0.513883 0.215100 0.515073 0.215733 0.517394 0.216967 0.519351 0.217296 0.522878 0.212881 0.522982 0.211583 0.522864 0.210486 0.522194 0.209471 0.519161 0.205728 0.517872 0.204327 0.513525 0.200340 0.508787 0.196555 0.507065 0.195381 0.502365 0.192512 0.501054 0.191835 0.499251 0.191621 0.498123 0.191723
0 0.540846 0.068967 0.541702 0.071405 0.542141 0.072654 0.543014 0.074306 0.544706 0.077507 0.548149 0.082799 0.551958 0.087746 0.554344 0.090303 0.555573 0.091620 0.556550 0.092373 0.558456 0.093842 0.560171 0.094065 0.564649 0.090616 0.564941 0.088766 0.565091 0.087688 0.564642 0.086329 0.562476 0.081386 0.561526 0.079553 0.558210 0.074417 0.554510 0.069613 0.553134 0.068152 0.549328 0.064640 0.548247 0.063834 0.547204 0.063653 0.545529 0.063556 0.541031 0.067020
0 0.368751 0.769849 0.370562 0.775851 0.374533 0.780702 0.378181 0.782658 0.382176 0.783876 0.386295 0.784287 0.392297 0.782475 0.397148 0.778504 0.399104 0.774856 0.400282 0.772510 0.400510 0.771887 0.400721 0.769778 0.401130 0.765675 0.399325 0.759697 0.395371 0.754866 0.391737 0.752917 0.389868 0.751915 0.387758 0.751704 0.383655 0.751295 0.377678 0.753100 0.372846 0.757054 0.369896 0.762557 0.369598 0.763159 0.369162 0.765730
0 0.306347 0.499793 0.306520 0.501913 0.306850 0.503939 0.308142 0.507872 0.312227 0.512627 0.317821 0.515456 0.321949 0.515769 0.324374 0.515902 0.324776 0.515866 0.326790 0.515205 0.330708 0.513919 0.335444 0.509850 0.338262 0.504278 0.338733 0.498052 0.338072 0.496037 0.336786 0.492120 0.332717 0.487384 0.327145 0.484566 0.326451 0.484504 0.322323 0.484191 0.320509 0.484058 0.318177 0.484694 0.314244 0.485986 0.309489 0.490071 0.306660 0.495665
0 0.450772 0.374293 0.452149 0.380412 0.452341 0.380891 0.454719 0.384263 0.455866 0.385800 0.457734 0.387130 0.461222 0.389336 0.467378 0.390401 0.473472 0.389028 0.476844 0.386650 0.478541 0.385231 0.479712 0.383634 0.481917 0.380147 0.482982 0.373991 0.482913 0.373485 0.481535 0.367366 0.479148 0.363980 0.477920 0.362240 0.476120 0.361101 0.472619 0.358887 0.466438 0.357818 0.460319 0.359196 0.456934 0.361583 0.455193 0.362811 0.451840 0.368112
0 0.704243 0.921002 0.704445 0.925074 0.705370 0.926995 0.710838 0.928520 0.712376 0.927973 0.713274 0.927401 0.713979 0.926298 0.716206 0.921734 0.716937 0.919891 0.718566 0.914049 0.719706 0.907976 0.719894 0.905872 0.720027 0.900301 0.719927 0.898809 0.718986 0.897105 0.718397 0.896080 0.712953 0.894563 0.711426 0.895243 0.710199 0.897234 0.709570 0.898255 0.708921 0.899913 0.707663 0.903133 0.705985 0.909147 0.704786 0.915413
0 0.898642 0.464773 0.899617 0.470941 0.901770 0.474457 0.902878 0.476265 0.907928 0.479937 0.913999 0.481397 0.915661 0.481322 0.921854 0.480343 0.925384 0.478181 0.928452 0.475348 0.930886 0.471999 0.932352 0.465904 0.931373 0.459712 0.929211 0.456181 0.926377 0.453114 0.923029 0.450680 0.916934 0.449214 0.915266 0.449417 0.909098 0.450392 0.905582 0.452545 0.903774 0.453653 0.900102 0.458703
0 0.615844 0.874014 0.617420 0.880055 0.617892 0.881582 0.621676 0.886580 0.625248 0.888673 0.629193 0.890041 0.633294 0.890608 0.639360 0.889025 0.644358 0.885241 0.646451 0.881669 0.647819 0.877723 0.648386 0.873622 0.646803 0.867557 0.646216 0.866086 0.642447 0.861108 0.637060 0.857951 0.630875 0.857096 0.624834 0.858673 0.619856 0.862442 0.617771 0.865999 0.616699 0.867829 0.616408 0.869929
0 0.659832 0.340971 0.660307 0.345070 0.660827 0.346914 0.661582 0.349031 0.663589 0.352636 0.668485 0.356517 0.674494 0.358227 0.678592 0.357753 0.681010 0.357264 0.682553 0.356477 0.686158 0.354471 0.686907 0.353886 0.690802 0.348970 0.692520 0.342937 0.692044 0.338822 0.691799 0.336707 0.690763 0.334845 0.688749 0.331226 0.683833 0.327330 0.677800 0.325612 0.673685 0.326088 0.671569 0.326333 0.669708 0.327369 0.666089 0.329384 0.665424 0.330067 0.661543 0.334963
0 0.251578 0.908833 0.252503 0.915033 0.254635 0.918583 0.257442 0.921675 0.260769 0.924138 0.266851 0.925657 0.273052 0.924731 0.276601 0.922600 0.278807 0.920779 0.279693 0.919793 0.282156 0.916466 0.283028 0.914800 0.284540 0.908742 0.283618 0.902566 0.281496 0.899031 0.280404 0.897213 0.275386 0.893498 0.269328 0.891986 0.263153 0.892907 0.259617 0.895030 0.257800 0.896122 0.256538 0.897826 0.254085 0.901140 0.253097 0.902751
0 0.561976 0.447306 0.563326 0.453402 0.565690 0.456781 0.566906 0.458518 0.568694 0.459658 0.572171 0.461874 0.578319 0.462961 0.584416 0.461611 0.584755 0.461457 0.588147 0.459084 0.589736 0.457935 0.591036 0.456068 0.593261 0.452577 0.594352 0.446404 0.592997 0.440283 0.590623 0.436891 0.589249 0.435258 0.587608 0.434002 0.584117 0.431777 0.577944 0.430686 0.571823 0.432041 0.568431 0.434415 0.566572 0.435746 0.566420 0.435893 0.563063 0.441157
