0 0.850635 0.948646 0.850981 0.950738 0.851655 0.954806 0.854954 0.960107 0.856379 0.961955 0.861476 0.965605 0.865508 0.966543 0.869682 0.966678 0.873767 0.966002 0.879089 0.962691 0.882739 0.957593 0.883677 0.953561 0.883812 0.949387 0.883136 0.945303 0.879824 0.939980 0.878305 0.938220 0.873228 0.934585 0.869212 0.933650 0.867147 0.933170 0.865055 0.933516 0.860987 0.934189 0.855686 0.937488 0.852051 0.942565
0 0.293171 0.862984 0.293618 0.869240 0.295472 0.872945 0.296425 0.874849 0.298035 0.876245 0.301165 0.878957 0.307117 0.880939 0.313373 0.880492 0.317077 0.878638 0.318982 0.877684 0.320377 0.876075 0.323090 0.872944 0.323798 0.871451 0.325772 0.865524 0.325326 0.859292 0.323480 0.855603 0.320927 0.852316 0.317809 0.849614 0.311881 0.847640 0.305650 0.848086 0.301961 0.849933 0.299720 0.851485 0.298674 0.852485 0.295972 0.855603 0.295152 0.857032
0 0.218731 0.349925 0.219915 0.356081 0.222193 0.359538 0.223840 0.361554 0.225127 0.362510 0.228555 0.364832 0.229641 0.365373 0.235756 0.366630 0.241888 0.365452 0.247101 0.362016 0.250604 0.356847 0.251861 0.350731 0.250682 0.344599 0.248413 0.341156 0.247246 0.339386 0.245491 0.338196 0.242077 0.335883 0.241041 0.335224 0.234901 0.333961 0.228745 0.335146 0.225288 0.337423 0.222316 0.340357 0.219994 0.343785
0 0.585386 0.031566 0.586989 0.037604 0.590782 0.042568 0.594351 0.044639 0.598288 0.045985 0.602378 0.046533 0.608416 0.044929 0.613380 0.041136 0.615451 0.037568 0.616716 0.034935 0.616984 0.033867 0.617816 0.027650 0.616205 0.021587 0.612398 0.016603 0.608815 0.014524 0.606972 0.013455 0.604861 0.013172 0.600755 0.012623 0.594693 0.014233 0.589708 0.018041 0.586561 0.023466 0.586363 0.024558 0.585933 0.027477
0 0.197099 0.237254 0.198324 0.243406 0.201810 0.248621 0.203004 0.249627 0.206434 0.251918 0.207697 0.252672 0.210279 0.253510 0.214326 0.254315 0.220453 0.253095 0.225647 0.249623 0.227939 0.246193 0.229531 0.242348 0.230335 0.238301 0.229116 0.232174 0.225644 0.226980 0.224541 0.225883 0.221097 0.223582 0.219325 0.222399 0.217236 0.221983 0.213173 0.221176 0.207021 0.222400 0.201806 0.225886 0.199506 0.229330 0.198323 0.231102 0.197907 0.233191
0 0.875812 0.993866 0.876433 0.997944 0.877400 1.000000 0.907940 1.000000 0.909441 0.997303 0.908817 0.993208 0.908496 0.991102 0.907394 0.989279 0.905251 0.985734 0.903628 0.983790 0.898596 0.980088 0.892530 0.978594 0.888451 0.979215 0.884538 0.980633 0.881008 0.982767 0.877305 0.987800
0 0.221333 0.554801 0.222874 0.558646 0.223667 0.560623 0.225156 0.562146 0.228052 0.565108 0.233819 0.567574 0.240091 0.567645 0.241132 0.567374 0.244961 0.565839 0.246495 0.565161 0.248447 0.563566 0.251398 0.560682 0.253854 0.554938 0.253924 0.548691 0.252389 0.544861 0.251172 0.542966 0.250116 0.541375 0.247232 0.538425 0.241487 0.535969 0.235240 0.535898 0.234176 0.536042 0.228355 0.538377 0.226831 0.539866 0.223869 0.542762 0.221404 0.548529
0 0.652897 0.761326 0.653392 0.765422 0.653911 0.767988 0.654688 0.769376 0.656713 0.772971 0.657342 0.774068 0.662278 0.777939 0.668319 0.779628 0.674546 0.778875 0.680011 0.775797 0.683882 0.770861 0.685570 0.764820 0.685073 0.760708 0.684817 0.758593 0.683772 0.756737 0.681739 0.753128 0.681012 0.752114 0.676096 0.748258 0.670079 0.746578 0.665983 0.747073 0.662029 0.748368 0.658434 0.750393 0.654578 0.755309
0 0.074548 0.812495 0.075824 0.818633 0.078153 0.822056 0.081131 0.824984 0.084593 0.827254 0.090751 0.828425 0.096889 0.827150 0.100312 0.824820 0.102756 0.823066 0.103664 0.822328 0.107089 0.817107 0.108254 0.810973 0.106984 0.804860 0.103471 0.799698 0.098251 0.796273 0.092117 0.795107 0.086003 0.796378 0.082594 0.798698 0.080842 0.799891 0.079881 0.800578 0.077990 0.802875 0.075720 0.806337
0 0.671506 0.936498 0.672884 0.940386 0.673892 0.943146 0.674292 0.944164 0.675717 0.945746 0.678491 0.948823 0.684154 0.951520 0.690418 0.951846 0.696329 0.949749 0.697912 0.948323 0.700989 0.945550 0.703686 0.939887 0.704011 0.933623 0.702627 0.929719 0.701914 0.927711 0.701452 0.926731 0.699686 0.924423 0.696923 0.921358 0.691283 0.918671 0.685044 0.918348 0.681156 0.919727 0.677581 0.921856 0.674516 0.924619 0.671829 0.930259
0 0.234746 0.193714 0.234757 0.194991 0.235176 0.200007 0.235435 0.201967 0.236625 0.207914 0.238159 0.213881 0.238802 0.215869 0.240698 0.220989 0.241278 0.222308 0.242384 0.223495 0.243360 0.224144 0.248902 0.223035 0.249470 0.221826 0.249393 0.218367 0.249154 0.216608 0.248689 0.213191 0.247463 0.207068 0.245898 0.200902 0.244222 0.195604 0.243702 0.194375 0.242685 0.191975 0.241522 0.190583 0.235956 0.191697 0.235346 0.192671
0 0.100291 0.952490 0.101371 0.958669 0.104734 0.963964 0.109867 0.967568 0.111946 0.968033 0.115989 0.968935 0.122168 0.967854 0.127463 0.964492 0.128954 0.962632 0.131325 0.959256 0.131913 0.958306 0.133007 0.955449 0.133905 0.951422 0.132830 0.945268 0.129480 0.939995 0.126104 0.937624 0.122297 0.935942 0.118270 0.935043 0.112116 0.936119 0.106843 0.939469 0.105263 0.941235 0.102882 0.944625 0.101658 0.946368 0.101193 0.948447
0 0.664311 0.621135 0.665055 0.621682 0.668159 0.622513 0.671465 0.623165 0.673171 0.623501 0.679323 0.624493 0.685654 0.625333 0.691169 0.625890 0.693708 0.626014 0.695009 0.626077 0.695549 0.626007 0.696595 0.625869 0.697342 0.620242 0.696638 0.619319 0.695797 0.618809 0.692763 0.618041 0.690898 0.617685 0.684526 0.616579 0.682276 0.616222 0.676393 0.615441 0.671236 0.614906 0.669801 0.614824 0.666597 0.614789 0.665965 0.614849 0.665055 0.615532
0 0.047618 0.701155 0.049725 0.707064 0.053931 0.711716 0.059598 0.714405 0.061726 0.714513 0.065863 0.714721 0.071771 0.712615 0.073486 0.711764 0.078119 0.707574 0.079888 0.703847 0.080904 0.699811 0.081112 0.695690 0.079014 0.689805 0.074824 0.685172 0.071097 0.683403 0.067061 0.682387 0.062941 0.682179 0.057056 0.684277 0.055276 0.685017 0.050623 0.689224 0.048847 0.692966 0.047934 0.694891
0 0.800490 0.688064 0.801848 0.688914 0.805540 0.689873 0.811021 0.690792 0.817451 0.691527 0.823823 0.691963 0.827334 0.692008 0.829136 0.692031 0.832564 0.691721 0.833592 0.691086 0.833980 0.685422 0.833204 0.684538 0.831780 0.683748 0.830372 0.683403 0.825048 0.682361 0.823020 0.682034 0.817026 0.681365 0.811105 0.680959 0.809155 0.680928 0.804136 0.681035 0.802845 0.681136 0.801755 0.681695 0.800876 0.682426
0 0.770653 0.431348 0.772073 0.435221 0.774240 0.438774 0.777034 0.441810 0.782702 0.444438 0.788944 0.444696 0.790105 0.444474 0.793995 0.443048 0.795994 0.442315 0.797562 0.440873 0.800610 0.438067 0.803248 0.432377 0.803507 0.426110 0.802082 0.422220 0.801349 0.420220 0.797101 0.415605 0.791410 0.412967 0.785143 0.412707 0.784002 0.413057 0.780128 0.414477 0.778614 0.415061 0.776575 0.416644 0.773539 0.419438 0.770911 0.425106
0 0.047310 0.264788 0.049567 0.270641 0.053891 0.275185 0.055677 0.276084 0.059448 0.277757 0.060634 0.278237 0.063508 0.278670 0.067633 0.278772 0.073462 0.276525 0.077988 0.272218 0.079661 0.268447 0.080573 0.264387 0.080675 0.260262 0.078429 0.254433 0.074121 0.249907 0.072410 0.248902 0.066676 0.246359 0.064547 0.246306 0.060406 0.246204 0.054553 0.248460 0.050009 0.252784 0.047466 0.258518 0.047413 0.260647
0 0.693603 0.115166 0.694560 0.121336 0.696703 0.124859 0.697805 0.126670 0.699516 0.127922 0.702844 0.130357 0.708910 0.131835 0.715080 0.130879 0.720415 0.127634 0.724102 0.122595 0.725001 0.121078 0.726485 0.114988 0.725525 0.108793 0.723373 0.105256 0.720549 0.102180 0.717208 0.099736 0.711117 0.098252 0.704922 0.099212 0.701385 0.101364 0.699223 0.103153 0.698309 0.104188 0.695865 0.107529 0.695081 0.109100
0 0.570203 0.441290 0.571720 0.447351 0.575441 0.452369 0.578980 0.454491 0.580938 0.455505 0.582898 0.455893 0.586979 0.456499 0.593040 0.454983 0.593413 0.454802 0.598452 0.451066 0.600582 0.447513 0.601677 0.445686 0.602599 0.439482 0.601075 0.433397 0.597340 0.428358 0.593787 0.426228 0.591960 0.425133 0.585756 0.424211 0.579671 0.425735 0.574632 0.429471 0.574333 0.429753 0.572212 0.433291 0.571243 0.434999 0.570809 0.437209
0 0.383398 0.174133 0.383452 0.179810 0.383976 0.181251 0.384762 0.182015 0.385837 0.182498 0.390259 0.183798 0.392037 0.184155 0.397694 0.184615 0.403629 0.184559 0.405720 0.184337 0.411358 0.183392 0.412907 0.183002 0.414855 0.181728 0.415649 0.180949 0.415594 0.175298 0.415214 0.173830 0.412427 0.172485 0.410804 0.172142 0.407638 0.171473 0.401576 0.170956 0.395189 0.171017 0.389482 0.171646 0.385341 0.172743
0 0.520731 0.211558 0.520895 0.214165 0.521283 0.218273 0.524207 0.223794 0.529021 0.227776 0.532964 0.228989 0.537104 0.229413 0.541212 0.229024 0.546733 0.226101 0.550715 0.221286 0.551928 0.217343 0.552642 0.214826 0.552763 0.214171 0.552172 0.207927 0.549237 0.202383 0.544403 0.198385 0.538408 0.196541 0.532163 0.197132 0.526620 0.200067 0.522622 0.204901 0.520778 0.210896
0 0.829315 0.653281 0.829541 0.659521 0.831255 0.663271 0.832137 0.665199 0.833689 0.666644 0.836709 0.669452 0.838061 0.670132 0.843935 0.672321 0.850200 0.672094 0.853965 0.670373 0.857352 0.667929 0.860171 0.664897 0.862360 0.659023 0.862133 0.652758 0.860411 0.648993 0.858908 0.646804 0.857967 0.645607 0.854936 0.642787 0.853516 0.642216 0.847665 0.640036 0.841425 0.640262 0.837675 0.641977 0.835747 0.642859 0.834303 0.644411 0.831495 0.647430
0 0.018057 0.175809 0.020209 0.181696 0.024451 0.186312 0.026353 0.187568 0.030093 0.189305 0.032016 0.190198 0.034134 0.190288 0.038254 0.190462 0.044119 0.188319 0.048716 0.184094 0.051347 0.178431 0.051610 0.172193 0.049467 0.166329 0.045242 0.161731 0.043416 0.160373 0.039661 0.158628 0.038525 0.158319 0.035603 0.157641 0.031467 0.157466 0.025579 0.159618 0.020963 0.163860 0.019219 0.167615 0.018232 0.171672
0 0.276257 0.496290 0.276457 0.502555 0.278162 0.506328 0.279419 0.508254 0.280591 0.509725 0.283611 0.512557 0.289475 0.514772 0.295741 0.514572 0.296558 0.514514 0.302248 0.511942 0.303699 0.510396 0.306520 0.507389 0.308725 0.501547 0.308527 0.495306 0.305955 0.489617 0.304409 0.488166 0.301402 0.485344 0.295560 0.483140 0.294739 0.483072 0.288473 0.483271 0.284701 0.484977 0.283134 0.485878 0.281304 0.487406 0.278472 0.490425
0 0.272510 0.143049 0.274517 0.148988 0.275419 0.150392 0.279530 0.155093 0.283225 0.156921 0.285126 0.157861 0.287242 0.158003 0.291356 0.158278 0.297271 0.156279 0.301971 0.152168 0.304740 0.146572 0.305156 0.140342 0.303157 0.134427 0.302367 0.132959 0.298240 0.128240 0.294529 0.126404 0.290497 0.125318 0.286366 0.125042 0.280427 0.127048 0.275709 0.131176 0.273872 0.134886 0.272786 0.138918
0 0.491440 0.204757 0.492925 0.208430 0.494195 0.211014 0.494866 0.211938 0.496309 0.213341 0.499118 0.216072 0.504740 0.218166 0.510878 0.217895 0.516596 0.215295 0.521016 0.210758 0.523460 0.204978 0.523553 0.198842 0.522054 0.195174 0.521283 0.193290 0.520669 0.192322 0.518747 0.190188 0.515910 0.187458 0.510255 0.185386 0.504105 0.185687 0.500333 0.187420 0.496897 0.189853 0.493986 0.192852 0.491544 0.198625
0 0.703338 0.397082 0.706223 0.401942 0.707154 0.401499 0.710114 0.399845 0.714667 0.397222 0.720116 0.394031 0.725609 0.390771 0.730281 0.387955 0.731345 0.387297 0.733408 0.386021 0.734516 0.385260 0.731619 0.380378 0.730495 0.380100 0.729510 0.380612 0.728384 0.381255 0.724033 0.383766 0.722351 0.384745 0.717275 0.387730 0.712171 0.390759 0.710455 0.391788 0.705971 0.394496 0.704792 0.395216 0.703630 0.395972
0 0.104424 0.173155 0.105895 0.177024 0.107328 0.179566 0.108112 0.180563 0.110953 0.183575 0.112509 0.184841 0.118205 0.187399 0.124446 0.187583 0.128300 0.186117 0.130282 0.185363 0.131825 0.183909 0.134825 0.181080 0.137383 0.175384 0.137566 0.169143 0.136101 0.165289 0.135347 0.163307 0.131064 0.158764 0.129582 0.157394 0.123863 0.154825 0.117597 0.154641 0.113727 0.156113 0.110188 0.158330 0.107176 0.161170 0.104608 0.166888
0 0.401344 0.664292 0.402765 0.670398 0.406416 0.675495 0.409931 0.677682 0.411890 0.678499 0.413839 0.679154 0.417923 0.679830 0.424029 0.678408 0.429125 0.674758 0.431313 0.671243 0.432553 0.669144 0.432708 0.668758 0.433727 0.662598 0.432311 0.656517 0.428676 0.651440 0.423374 0.648142 0.421282 0.647795 0.417214 0.647122 0.411133 0.648538 0.406057 0.652174 0.403878 0.655675 0.402758 0.657475 0.402535 0.657836 0.402020 0.660208
0 0.881010 0.373024 0.881152 0.379266 0.882008 0.381206 0.883673 0.384978 0.888188 0.389291 0.894010 0.391548 0.898132 0.391454 0.900252 0.391405 0.901169 0.391156 0.903807 0.390110 0.907595 0.388438 0.911925 0.383906 0.914191 0.378060 0.914096 0.373921 0.913188 0.369845 0.911516 0.366058 0.906984 0.361727 0.901139 0.359462 0.897000 0.359556 0.894193 0.359846 0.893292 0.360167 0.887579 0.362687 0.883266 0.367202
0 0.711252 0.713220 0.711268 0.719155 0.711627 0.725003 0.711881 0.726919 0.712788 0.731837 0.713120 0.733094 0.714035 0.734095 0.714873 0.734914 0.720550 0.734899 0.721468 0.733450 0.721931 0.730972 0.722169 0.729693 0.722541 0.724193 0.722523 0.717806 0.722119 0.711536 0.721640 0.708116 0.721394 0.706363 0.721077 0.705245 0.720463 0.703081 0.719471 0.702168 0.713819 0.702183 0.713038 0.702999 0.712206 0.704484 0.711960 0.705895 0.711381 0.711203
0 0.718932 0.501312 0.719235 0.507548 0.721901 0.513194 0.723471 0.514619 0.726525 0.517390 0.732403 0.519497 0.733336 0.519575 0.739598 0.519271 0.743341 0.517503 0.744845 0.516565 0.746697 0.515017 0.749479 0.511951 0.751594 0.506050 0.751290 0.499788 0.749522 0.496045 0.748185 0.494130 0.747036 0.492689 0.743970 0.489908 0.738069 0.487792 0.731807 0.488096 0.730880 0.488144 0.727151 0.489905 0.725234 0.490811 0.723809 0.492381 0.721039 0.495435
0 0.775902 0.666361 0.776398 0.670457 0.777129 0.672860 0.777696 0.674412 0.779722 0.678006 0.784639 0.681860 0.785783 0.682590 0.791824 0.684276 0.798051 0.683521 0.799907 0.682475 0.803515 0.680441 0.807385 0.675504 0.809071 0.669462 0.808572 0.665350 0.808315 0.663235 0.805236 0.657771 0.800298 0.653902 0.799096 0.653286 0.793079 0.651607 0.788983 0.652104 0.787370 0.652621 0.785029 0.653401 0.781435 0.655427 0.777580 0.660344
0 0.563769 0.187489 0.563887 0.193731 0.566385 0.199454 0.569355 0.202314 0.570883 0.203784 0.572857 0.204559 0.576696 0.206064 0.582938 0.205947 0.588661 0.203449 0.592991 0.198951 0.593766 0.196977 0.595272 0.193138 0.595654 0.191906 0.595536 0.185638 0.593027 0.179893 0.590045 0.177021 0.586530 0.174767 0.582676 0.173255 0.576408 0.173373 0.570663 0.175882 0.567791 0.178864 0.566201 0.180947 0.565537 0.182379 0.564026 0.186233
0 0.291675 0.519851 0.291690 0.521042 0.292105 0.527181 0.294917 0.532679 0.299687 0.536702 0.305687 0.538643 0.312005 0.538214 0.315757 0.536411 0.317686 0.535484 0.319108 0.533917 0.321872 0.530868 0.323930 0.525060 0.323545 0.518939 0.323407 0.517759 0.321581 0.514137 0.320695 0.512768 0.319034 0.510902 0.315906 0.508235 0.309921 0.506267 0.303597 0.506677 0.299838 0.508478 0.297921 0.509897 0.296482 0.510976 0.293717 0.514033
0 0.578830 0.685820 0.579419 0.687856 0.580566 0.691817 0.580890 0.692587 0.584804 0.697484 0.590295 0.700509 0.594410 0.700967 0.596360 0.700856 0.598571 0.700610 0.602547 0.699459 0.607443 0.695544 0.610468 0.690053 0.610927 0.685939 0.610971 0.683507 0.610570 0.681778 0.609418 0.677801 0.608981 0.677090 0.605081 0.672213 0.599613 0.669200 0.595515 0.668744 0.593407 0.668510 0.591371 0.669099 0.587410 0.670246 0.582533 0.674145 0.579520 0.679614 0.579064 0.683712
0 0.470164 0.851870 0.470193 0.853318 0.470402 0.858821 0.470507 0.860925 0.470928 0.867106 0.471437 0.873148 0.471640 0.875095 0.472224 0.879992 0.472398 0.881206 0.472700 0.881988 0.473572 0.882755 0.479229 0.882279 0.479323 0.880560 0.479207 0.876592 0.478902 0.870996 0.478453 0.864614 0.477929 0.858392 0.477407 0.853247 0.476963 0.849944 0.476665 0.848996 0.471033 0.849469 0.470292 0.850366
0 0.515629 0.364811 0.516988 0.370905 0.520576 0.376015 0.524056 0.378226 0.525846 0.379363 0.527935 0.379729 0.531997 0.380439 0.538091 0.379080 0.543201 0.375493 0.545412 0.372012 0.546548 0.370222 0.546655 0.369925 0.547102 0.367604 0.547816 0.363526 0.546452 0.357407 0.542849 0.352277 0.539354 0.350057 0.537493 0.349175 0.535460 0.348548 0.531382 0.347835 0.525264 0.349199 0.520133 0.352802 0.517914 0.356296 0.516743 0.358337 0.516405 0.360190 0.515692 0.364268
0 0.932860 0.779218 0.934835 0.785142 0.938927 0.789858 0.940690 0.791022 0.944393 0.792873 0.945531 0.793320 0.948421 0.793976 0.952551 0.794269 0.958498 0.792286 0.963233 0.788178 0.965084 0.784475 0.966187 0.780447 0.966479 0.776317 0.964497 0.770370 0.960388 0.765635 0.958547 0.764572 0.952962 0.761781 0.950847 0.761630 0.946734 0.761338 0.940810 0.763314 0.936094 0.767405 0.934250 0.771094 0.933303 0.772990 0.933152 0.775105
0 0.309940 0.326251 0.310087 0.328667 0.310405 0.330401 0.311661 0.334346 0.315703 0.339138 0.316440 0.339781 0.321986 0.342649 0.326095 0.342998 0.328208 0.343177 0.334157 0.341284 0.338930 0.337258 0.341799 0.331712 0.342326 0.325490 0.340433 0.319540 0.336406 0.314768 0.335750 0.314024 0.330181 0.311144 0.326056 0.310794 0.324237 0.310940 0.321906 0.311260 0.317961 0.312515 0.313169 0.316557 0.310290 0.322126
