0 0.481459 0.074171 0.481533 0.075875 0.482270 0.082075 0.483307 0.083925 0.485324 0.087521 0.490229 0.091384 0.496239 0.093076 0.502439 0.092340 0.507885 0.089286 0.511748 0.084381 0.513441 0.078371 0.513494 0.076677 0.513006 0.072566 0.512733 0.071190 0.511714 0.068595 0.509689 0.064984 0.504764 0.061105 0.498730 0.059407 0.494619 0.059895 0.490648 0.061188 0.487037 0.063212 0.483158 0.068137
0 0.239146 0.622266 0.240998 0.628255 0.245003 0.633079 0.248664 0.635010 0.250976 0.635769 0.252667 0.636200 0.256790 0.636582 0.262778 0.634730 0.263727 0.634191 0.268532 0.630202 0.271444 0.624680 0.272021 0.618463 0.270176 0.612498 0.266188 0.607694 0.262541 0.605770 0.260665 0.604781 0.258554 0.604585 0.254448 0.604204 0.248483 0.606049 0.247473 0.606475 0.242649 0.610479 0.240718 0.614141 0.240173 0.615825 0.239528 0.618144
0 0.426289 0.824594 0.427164 0.830801 0.429266 0.834368 0.432048 0.837483 0.435355 0.839973 0.441424 0.841541 0.447632 0.840667 0.451199 0.838564 0.453113 0.836903 0.454313 0.835783 0.456804 0.832476 0.458372 0.826406 0.458538 0.825100 0.457668 0.818917 0.455574 0.815365 0.454497 0.813539 0.449510 0.809782 0.443464 0.808221 0.437281 0.809091 0.431902 0.812262 0.428146 0.817250 0.426584 0.823295
0 0.269933 0.592231 0.271399 0.592728 0.273885 0.593061 0.275167 0.593232 0.277034 0.593379 0.280670 0.593664 0.287051 0.593955 0.293306 0.594059 0.296712 0.593995 0.298458 0.593962 0.301719 0.593680 0.302610 0.593258 0.302867 0.587612 0.302091 0.586779 0.300589 0.586334 0.299174 0.586157 0.293857 0.585647 0.291839 0.585494 0.285910 0.585224 0.280076 0.585113 0.278168 0.585138 0.273276 0.585318 0.272027 0.585409 0.271049 0.585776 0.270191 0.586560
0 0.749778 0.151090 0.750246 0.155225 0.751502 0.159155 0.755535 0.163927 0.761087 0.166790 0.765199 0.167135 0.769334 0.166666 0.773264 0.165411 0.778035 0.161378 0.779152 0.160017 0.782028 0.154442 0.782374 0.150314 0.782551 0.148192 0.780643 0.142217 0.776593 0.137427 0.771019 0.134551 0.766891 0.134205 0.764768 0.134028 0.758793 0.135936 0.754003 0.139985 0.752986 0.141426 0.750122 0.146979
0 0.732988 0.107865 0.733098 0.111989 0.735641 0.117696 0.740174 0.121994 0.744026 0.123471 0.748128 0.124175 0.752253 0.124065 0.757959 0.121522 0.762258 0.116989 0.763312 0.115450 0.764795 0.111582 0.765557 0.109593 0.765501 0.107464 0.765392 0.103323 0.762838 0.097594 0.758286 0.093278 0.754419 0.091794 0.752430 0.091032 0.750300 0.091088 0.746160 0.091198 0.740430 0.093751 0.736114 0.098303 0.735169 0.099911 0.733692 0.103763 0.733333 0.105066
0 0.145875 0.304712 0.147356 0.308578 0.148723 0.310891 0.149583 0.312111 0.152431 0.315115 0.153822 0.315855 0.159524 0.318398 0.165766 0.318564 0.171596 0.316329 0.173135 0.314871 0.176127 0.312034 0.178670 0.306331 0.178837 0.300090 0.177361 0.296239 0.176602 0.294260 0.172306 0.289728 0.170990 0.288884 0.165264 0.286331 0.158998 0.286164 0.155132 0.287645 0.151599 0.289872 0.148595 0.292720 0.146041 0.298445
0 0.634148 0.143818 0.634167 0.145320 0.634550 0.147960 0.635742 0.151910 0.639698 0.156745 0.645204 0.159697 0.649309 0.160108 0.653451 0.159706 0.657401 0.158514 0.662236 0.154558 0.665188 0.149052 0.665852 0.147642 0.666476 0.141400 0.665861 0.139361 0.664664 0.135395 0.660692 0.130540 0.655164 0.127576 0.651042 0.127164 0.648923 0.126953 0.646883 0.127568 0.642918 0.128764 0.638063 0.132737 0.635098 0.138264 0.634558 0.139713
0 0.807425 0.425504 0.808070 0.431715 0.811042 0.437206 0.812688 0.438543 0.815889 0.441142 0.821874 0.442923 0.828084 0.442279 0.829402 0.442047 0.833043 0.440076 0.834339 0.439167 0.836257 0.437410 0.838866 0.434196 0.840655 0.428188 0.840008 0.421952 0.838037 0.418311 0.835371 0.415097 0.832157 0.412488 0.826149 0.410699 0.819914 0.411346 0.818633 0.411701 0.813143 0.414673 0.811806 0.416319 0.809207 0.419520
0 0.813195 0.828521 0.814305 0.832495 0.815417 0.835113 0.816185 0.836207 0.818732 0.839454 0.820012 0.840818 0.825478 0.843896 0.831705 0.844648 0.835695 0.843534 0.837746 0.842960 0.839422 0.841646 0.842682 0.839089 0.845760 0.833624 0.846512 0.827397 0.844824 0.821356 0.840953 0.816420 0.839588 0.815154 0.834145 0.812088 0.827942 0.811339 0.823969 0.812449 0.820256 0.814329 0.817010 0.816876 0.813944 0.822319
0 0.435457 0.903533 0.435964 0.909785 0.438825 0.915368 0.441981 0.918051 0.443604 0.919430 0.445631 0.920084 0.449574 0.921355 0.455826 0.920848 0.461408 0.917988 0.464091 0.914832 0.465470 0.913209 0.466124 0.911181 0.467395 0.907239 0.467525 0.905609 0.467021 0.899382 0.464172 0.893822 0.461028 0.891150 0.457393 0.889125 0.453466 0.887859 0.447239 0.888363 0.441679 0.891212 0.439007 0.894356 0.437526 0.896653 0.436982 0.897991 0.435716 0.901918
0 0.001432 0.572094 0.003739 0.577927 0.008101 0.582434 0.011902 0.584082 0.013856 0.584928 0.015986 0.584963 0.020128 0.585031 0.022049 0.584690 0.027859 0.582394 0.032347 0.578049 0.033988 0.574263 0.034866 0.570195 0.034934 0.566070 0.032637 0.560260 0.028292 0.555771 0.024507 0.554131 0.021739 0.553379 0.020439 0.553252 0.016313 0.553185 0.014370 0.553399 0.008536 0.555705 0.004029 0.560067 0.001535 0.565822 0.001500 0.567952
0 0.732366 0.600237 0.733228 0.606425 0.736393 0.611811 0.739685 0.614298 0.741793 0.615775 0.742348 0.616041 0.744410 0.616577 0.748419 0.617619 0.754631 0.616753 0.760040 0.613575 0.763820 0.608570 0.764356 0.606508 0.765398 0.602499 0.764531 0.596287 0.761354 0.590879 0.758049 0.588382 0.756349 0.587098 0.755761 0.586899 0.753269 0.586216 0.749276 0.585178 0.743088 0.586041 0.737702 0.589206 0.735215 0.592498 0.733403 0.596244
0 0.241761 0.871626 0.242349 0.877867 0.245282 0.883408 0.248472 0.886047 0.252147 0.888031 0.256104 0.889248 0.262345 0.888660 0.267885 0.885727 0.270525 0.882537 0.272274 0.880242 0.272794 0.879373 0.273418 0.877347 0.274631 0.873406 0.274045 0.867190 0.271124 0.861671 0.267947 0.859042 0.266313 0.857691 0.260346 0.855853 0.254130 0.856441 0.248611 0.859361 0.245982 0.862538 0.244631 0.864172 0.244046 0.865006 0.242978 0.867669
0 0.478106 0.733369 0.478707 0.739609 0.480650 0.743264 0.481681 0.744723 0.483292 0.746498 0.486487 0.749131 0.492482 0.750965 0.498722 0.750364 0.502377 0.748420 0.504249 0.746996 0.505611 0.745778 0.508244 0.742584 0.510078 0.736589 0.510037 0.735642 0.509439 0.729427 0.506508 0.723914 0.501690 0.719942 0.495719 0.718117 0.489504 0.718715 0.485863 0.720651 0.483991 0.721647 0.480019 0.726464 0.478193 0.732435
0 0.637628 0.682643 0.637865 0.683725 0.638488 0.684556 0.643268 0.687618 0.644529 0.686787 0.645181 0.686357 0.646163 0.685275 0.648079 0.683162 0.651520 0.678513 0.654966 0.673135 0.656887 0.669658 0.657873 0.667873 0.659790 0.663549 0.660430 0.660826 0.659708 0.660101 0.654949 0.657053 0.653859 0.657302 0.653138 0.657814 0.650367 0.660467 0.649301 0.661666 0.646101 0.666021 0.642900 0.671019 0.641830 0.672940 0.639045 0.678398 0.638318 0.680002
0 0.537437 0.560932 0.537457 0.566867 0.537487 0.569062 0.537612 0.575160 0.537662 0.576903 0.537818 0.579499 0.537981 0.579841 0.538799 0.580642 0.544476 0.580624 0.544594 0.579244 0.544654 0.578531 0.544698 0.577089 0.544783 0.574277 0.544842 0.568506 0.544822 0.562119 0.544724 0.556120 0.544566 0.551445 0.544372 0.548807 0.544172 0.548586 0.538521 0.548605 0.537720 0.549405 0.537665 0.550225 0.537519 0.553954 0.537480 0.555540
0 0.585511 0.822668 0.586073 0.828890 0.586419 0.830212 0.589331 0.835768 0.590966 0.837133 0.594146 0.839787 0.600134 0.841656 0.606381 0.841093 0.611937 0.838181 0.615956 0.833366 0.617825 0.827378 0.617261 0.821131 0.616792 0.819846 0.614877 0.816191 0.614088 0.814852 0.612263 0.812953 0.609096 0.810309 0.603132 0.808446 0.596910 0.809008 0.593256 0.810923 0.590017 0.813537 0.587374 0.816705
0 0.477421 0.379762 0.477511 0.380244 0.479372 0.386207 0.482015 0.389376 0.483345 0.390818 0.485252 0.391991 0.488906 0.393907 0.495128 0.394470 0.501092 0.392609 0.504260 0.389967 0.505900 0.388416 0.506875 0.386729 0.508791 0.383075 0.509355 0.376853 0.509392 0.376358 0.507524 0.370370 0.504871 0.367189 0.503506 0.365553 0.497952 0.362640 0.491704 0.362075 0.485716 0.363943 0.482535 0.366596 0.480900 0.367960 0.479910 0.369847 0.477986 0.373515
0 0.399322 0.242843 0.400018 0.244856 0.401372 0.248771 0.401767 0.249777 0.405912 0.254451 0.411531 0.257181 0.415649 0.257428 0.419772 0.256861 0.423671 0.255513 0.428345 0.251367 0.431076 0.245749 0.431323 0.241630 0.431332 0.239065 0.431174 0.238466 0.430478 0.236452 0.429125 0.232537 0.424962 0.227845 0.419320 0.225103 0.415186 0.224855 0.413059 0.224728 0.411046 0.225424 0.407131 0.226778 0.402439 0.230940 0.399697 0.236582 0.399449 0.240717
0 0.316202 0.116685 0.318191 0.122634 0.318919 0.124144 0.321625 0.127259 0.322712 0.128222 0.324915 0.129808 0.328607 0.131649 0.334839 0.132087 0.340764 0.130106 0.343878 0.127400 0.346427 0.124110 0.348268 0.120418 0.348706 0.114186 0.346725 0.108261 0.346109 0.106686 0.341995 0.101952 0.336383 0.099151 0.330125 0.098712 0.324176 0.100701 0.319442 0.104815 0.316641 0.110428
0 0.768342 0.946416 0.768355 0.948537 0.768382 0.952660 0.770808 0.958413 0.771895 0.960255 0.776357 0.964659 0.780192 0.966219 0.784293 0.967007 0.788433 0.966980 0.794209 0.964545 0.798613 0.960083 0.800173 0.956248 0.800961 0.952147 0.800935 0.948008 0.798499 0.942231 0.797304 0.940462 0.792861 0.936075 0.789042 0.934522 0.787077 0.933723 0.780834 0.933763 0.775081 0.936189 0.770694 0.940633
0 0.565376 0.741715 0.565509 0.745839 0.565690 0.748386 0.565841 0.748956 0.566719 0.750897 0.568427 0.754671 0.573004 0.758960 0.578873 0.761172 0.583013 0.761038 0.585142 0.760969 0.587083 0.760091 0.590857 0.758383 0.595146 0.753807 0.597358 0.747937 0.597224 0.743797 0.597155 0.741668 0.596933 0.741114 0.595892 0.738768 0.594191 0.735009 0.589633 0.730736 0.583786 0.728534 0.579663 0.728667 0.577676 0.729129 0.575610 0.729610 0.571851 0.731311 0.567578 0.735869
0 0.756323 0.394226 0.758095 0.400217 0.760690 0.403424 0.762475 0.404910 0.763889 0.406087 0.767514 0.408057 0.773727 0.408713 0.779717 0.406940 0.780842 0.406567 0.785718 0.402621 0.786735 0.400750 0.788713 0.397110 0.789371 0.390872 0.787593 0.384857 0.783647 0.379981 0.778136 0.376986 0.771898 0.376328 0.765883 0.378107 0.764819 0.378595 0.761611 0.381190 0.760409 0.382322 0.758949 0.384388 0.756979 0.388013
0 0.004638 0.709924 0.005383 0.716152 0.008456 0.721620 0.013387 0.725497 0.017375 0.726616 0.019426 0.727191 0.025654 0.726446 0.027553 0.725539 0.033000 0.722480 0.036860 0.717568 0.037975 0.713596 0.038296 0.709446 0.037806 0.705350 0.034746 0.699903 0.029834 0.696042 0.025862 0.694927 0.023001 0.694689 0.021713 0.694607 0.017616 0.695097 0.015677 0.695881 0.010209 0.698953 0.006332 0.703884 0.005213 0.707873
0 0.146863 0.394712 0.146917 0.396841 0.147023 0.400982 0.149571 0.406714 0.154118 0.411034 0.157984 0.412521 0.159973 0.413285 0.160752 0.413484 0.163455 0.413579 0.167579 0.413473 0.173288 0.410936 0.177591 0.406406 0.179072 0.402556 0.179779 0.398455 0.179674 0.394330 0.177136 0.388621 0.172607 0.384318 0.168756 0.382837 0.166203 0.381873 0.165437 0.381602 0.163307 0.381656 0.159167 0.381762 0.153435 0.384310 0.149114 0.388857 0.147627 0.392723
0 0.934136 0.215357 0.936131 0.221274 0.940239 0.225976 0.945834 0.228748 0.952064 0.229168 0.957980 0.227172 0.959819 0.226076 0.962937 0.223353 0.963742 0.222430 0.965486 0.220045 0.967324 0.216335 0.967746 0.210080 0.965742 0.204140 0.963018 0.201023 0.959710 0.198474 0.956000 0.196636 0.949746 0.196214 0.943806 0.198218 0.942030 0.199425 0.937328 0.203533 0.934556 0.209127
0 0.299975 0.731484 0.301153 0.737641 0.303428 0.741100 0.306359 0.744074 0.309785 0.746399 0.315924 0.747668 0.322081 0.746489 0.325540 0.744214 0.327615 0.742627 0.328009 0.742072 0.329200 0.740318 0.331516 0.736906 0.332779 0.730791 0.331606 0.724659 0.329340 0.721214 0.328174 0.719442 0.326420 0.718251 0.323009 0.715935 0.316894 0.714672 0.310761 0.715846 0.307316 0.718112 0.305545 0.719277 0.305099 0.719780 0.303568 0.721919 0.301243 0.725345
0 0.611576 0.665507 0.613514 0.671446 0.613970 0.672135 0.618050 0.676900 0.621743 0.678776 0.623642 0.679740 0.625766 0.679905 0.629896 0.680225 0.635859 0.678280 0.640624 0.674201 0.642500 0.670507 0.643464 0.668608 0.643629 0.666485 0.643949 0.662355 0.642004 0.656391 0.637924 0.651626 0.637372 0.651020 0.633694 0.649151 0.632029 0.648445 0.629687 0.648026 0.625574 0.647708 0.619634 0.649645 0.614889 0.653708 0.613020 0.657386 0.612252 0.659552 0.611895 0.661393
0 0.081611 0.200279 0.081817 0.204413 0.084500 0.210079 0.089147 0.214286 0.090791 0.215429 0.094674 0.216816 0.096671 0.217529 0.098789 0.217424 0.102907 0.217219 0.108550 0.214546 0.112741 0.209917 0.114840 0.204037 0.114531 0.197801 0.111857 0.192159 0.107229 0.187968 0.105651 0.186715 0.101752 0.185322 0.097621 0.184712 0.093486 0.184918 0.087821 0.187601 0.083614 0.192249 0.082221 0.196147
0 0.256379 0.095173 0.256668 0.097990 0.256942 0.099311 0.258290 0.103225 0.259257 0.104813 0.263395 0.109489 0.269007 0.112226 0.273123 0.112477 0.275239 0.112606 0.281143 0.110573 0.285819 0.106435 0.288555 0.100823 0.288807 0.096707 0.288936 0.094591 0.286902 0.088687 0.286046 0.087035 0.281893 0.082340 0.276258 0.079593 0.272125 0.079340 0.267988 0.079904 0.264073 0.081252 0.259378 0.085406 0.256631 0.091041
0 0.941065 0.302318 0.941464 0.308549 0.944216 0.314154 0.947312 0.316878 0.948904 0.318278 0.950911 0.318963 0.954813 0.320294 0.961044 0.319896 0.962896 0.319173 0.968523 0.316409 0.971258 0.313301 0.973351 0.309688 0.974688 0.305770 0.974289 0.299514 0.971525 0.293887 0.968416 0.291152 0.964803 0.289058 0.960885 0.287721 0.954629 0.288121 0.952810 0.288969 0.947206 0.291722 0.944482 0.294817 0.943082 0.296409
0 0.718585 0.778530 0.719573 0.779789 0.720314 0.780596 0.721560 0.781066 0.726510 0.782412 0.728460 0.782811 0.734437 0.783480 0.740497 0.783697 0.742536 0.783591 0.747830 0.782995 0.749207 0.782716 0.750519 0.781677 0.751371 0.780927 0.751573 0.775254 0.750442 0.774015 0.747006 0.772794 0.741807 0.771774 0.735630 0.771104 0.729390 0.770881 0.724007 0.771137 0.720282 0.771838 0.718787 0.772882
0 0.370621 0.583529 0.372940 0.589354 0.375826 0.592322 0.377522 0.593686 0.379266 0.594690 0.383068 0.596327 0.389336 0.596415 0.395161 0.594096 0.395581 0.593720 0.398537 0.590845 0.400056 0.589367 0.400895 0.587419 0.402526 0.583632 0.402613 0.577389 0.400304 0.571587 0.395951 0.567112 0.394003 0.566273 0.390216 0.564642 0.383973 0.564555 0.378172 0.566864 0.377683 0.567133 0.374715 0.570019 0.373407 0.571380 0.372346 0.573458 0.370709 0.577261
0 0.635581 0.761616 0.635757 0.762020 0.636882 0.764472 0.637431 0.765649 0.639569 0.770166 0.642125 0.775522 0.643143 0.777640 0.646088 0.783750 0.646973 0.785578 0.648541 0.788775 0.649179 0.790016 0.650270 0.790417 0.655394 0.787972 0.654999 0.786986 0.653557 0.783842 0.651284 0.779012 0.648533 0.773248 0.646686 0.769420 0.645738 0.767456 0.644920 0.765783 0.643334 0.762540 0.641692 0.759257 0.641054 0.758090 0.635953 0.760524
0 0.728879 0.396644 0.728975 0.398373 0.729817 0.403885 0.731130 0.409673 0.731754 0.411715 0.733714 0.417223 0.734356 0.418738 0.735789 0.420652 0.736725 0.421255 0.742236 0.420004 0.743331 0.419643 0.743650 0.417857 0.743814 0.416935 0.743742 0.415354 0.743601 0.412271 0.742721 0.406364 0.741307 0.400136 0.740167 0.396454 0.739582 0.394565 0.738982 0.393188 0.737819 0.390520 0.736289 0.388614 0.730753 0.389871 0.729714 0.390366 0.729128 0.391304 0.728972 0.392347
0 0.952612 0.768526 0.954866 0.774352 0.959180 0.778871 0.961025 0.779992 0.964814 0.781666 0.966763 0.782527 0.968892 0.782577 0.973033 0.782674 0.978883 0.780410 0.983421 0.776079 0.985956 0.770342 0.986006 0.768212 0.986103 0.764071 0.983838 0.758222 0.979508 0.753683 0.977588 0.752668 0.973814 0.751001 0.972685 0.750573 0.969753 0.750094 0.965628 0.749997 0.959802 0.752252 0.955283 0.756566 0.953615 0.760339 0.952708 0.764401
0 0.082384 0.227840 0.082646 0.228986 0.082911 0.229183 0.083809 0.229785 0.087624 0.232328 0.089189 0.233367 0.094245 0.236717 0.099579 0.240241 0.101457 0.241478 0.106480 0.244782 0.107845 0.245677 0.109521 0.246765 0.110671 0.246557 0.113791 0.241845 0.112047 0.240679 0.109637 0.239076 0.106691 0.237119 0.103373 0.234916 0.097761 0.231195 0.092436 0.227667 0.088235 0.224889 0.085809 0.223290 0.085519 0.223107
