0 0.289254 0.963089 0.289823 0.969336 0.290813 0.971222 0.292738 0.974889 0.297557 0.978905 0.303546 0.980770 0.307671 0.980395 0.309793 0.980201 0.311679 0.979211 0.315346 0.977286 0.319361 0.972467 0.320085 0.970576 0.321942 0.964611 0.321569 0.960502 0.320390 0.956511 0.318472 0.952858 0.313673 0.948858 0.307708 0.947001 0.303599 0.947375 0.299608 0.948553 0.295955 0.950471 0.291955 0.955271 0.291120 0.957100
0 0.479415 0.453130 0.479629 0.453927 0.480630 0.457582 0.481063 0.459147 0.482555 0.464471 0.484204 0.470306 0.484811 0.472440 0.486483 0.478283 0.486955 0.479920 0.487632 0.482215 0.487685 0.482291 0.488679 0.482836 0.494118 0.481299 0.493490 0.479067 0.492308 0.474878 0.490753 0.469370 0.489055 0.463361 0.488006 0.459650 0.487043 0.456245 0.486219 0.453334 0.485506 0.450819 0.485440 0.450595 0.479977 0.452139
0 0.174003 0.456106 0.174703 0.460189 0.175064 0.462288 0.176200 0.464090 0.178410 0.467594 0.183531 0.471215 0.189649 0.472601 0.190891 0.472710 0.194957 0.472013 0.196528 0.471605 0.198843 0.470522 0.202333 0.468321 0.205940 0.463220 0.207319 0.457127 0.206622 0.453061 0.205131 0.449175 0.202931 0.445686 0.197830 0.442078 0.191736 0.440699 0.190498 0.440460 0.184316 0.441521 0.182514 0.442657 0.179010 0.444867 0.175389 0.449988
0 0.681092 0.496282 0.683306 0.502120 0.687585 0.506666 0.691346 0.508359 0.693279 0.509229 0.693722 0.509250 0.696183 0.509331 0.700321 0.509456 0.706183 0.507234 0.710748 0.502937 0.712447 0.499162 0.712954 0.497225 0.713386 0.495093 0.713511 0.490955 0.711289 0.485093 0.706992 0.480528 0.703217 0.478829 0.700929 0.477993 0.699147 0.477890 0.695009 0.477765 0.694229 0.477854 0.688391 0.480068 0.683844 0.484347 0.682152 0.488107 0.681282 0.490041 0.681217 0.492160
0 0.556136 0.157839 0.557666 0.163896 0.560129 0.167205 0.563218 0.169994 0.566761 0.172109 0.572943 0.173014 0.579000 0.171484 0.582309 0.169020 0.584155 0.167182 0.585098 0.165931 0.587212 0.162389 0.587563 0.161032 0.588471 0.154825 0.586936 0.148744 0.584462 0.145421 0.583190 0.143713 0.581361 0.142621 0.577803 0.140498 0.571597 0.139589 0.565515 0.141125 0.560485 0.144871 0.557270 0.150257 0.557041 0.151658
0 0.235750 0.667122 0.235867 0.671296 0.236789 0.675332 0.240417 0.680444 0.245726 0.683778 0.249808 0.684471 0.252333 0.684510 0.253982 0.684354 0.258018 0.683432 0.263130 0.679804 0.264078 0.679084 0.267399 0.673797 0.268444 0.667641 0.267972 0.665574 0.267054 0.661554 0.263440 0.656462 0.258152 0.653141 0.254087 0.652451 0.251997 0.652097 0.249930 0.652568 0.245910 0.653487 0.244889 0.654103 0.239777 0.657731 0.236443 0.663040
0 0.264097 0.325929 0.264409 0.328351 0.264730 0.330056 0.266143 0.333948 0.270375 0.338573 0.271294 0.339218 0.276951 0.341861 0.281070 0.342044 0.283188 0.342137 0.285181 0.341414 0.289057 0.340007 0.293664 0.335791 0.296306 0.330134 0.296489 0.326015 0.296582 0.323897 0.295859 0.321903 0.294451 0.318028 0.290236 0.313421 0.289394 0.312672 0.283714 0.310019 0.279578 0.309835 0.277834 0.310068 0.275450 0.310468 0.271559 0.311881 0.266934 0.316113 0.264281 0.321793
0 0.649979 0.833917 0.650207 0.840156 0.650811 0.841523 0.653420 0.847223 0.658013 0.851490 0.661893 0.852933 0.666016 0.853598 0.670153 0.853446 0.675853 0.850837 0.680120 0.846245 0.681564 0.842364 0.681992 0.839784 0.682228 0.838242 0.682076 0.834105 0.679467 0.828404 0.678749 0.827091 0.674175 0.822840 0.668323 0.820664 0.666204 0.820741 0.662084 0.820892 0.656406 0.823491 0.652155 0.828065 0.650718 0.831929
0 0.748881 0.441638 0.751161 0.447450 0.754022 0.450420 0.755493 0.451947 0.761215 0.454445 0.767458 0.454562 0.768532 0.454379 0.774368 0.452089 0.777350 0.449217 0.778404 0.447830 0.779735 0.445789 0.781390 0.441995 0.781508 0.435727 0.779218 0.429891 0.776346 0.426909 0.774397 0.425504 0.772918 0.424525 0.769124 0.422869 0.762856 0.422751 0.761804 0.423060 0.755992 0.425341 0.753022 0.428201 0.751495 0.429672 0.748997 0.435395
0 0.433217 0.759827 0.433229 0.761816 0.433427 0.767844 0.433761 0.773899 0.433925 0.775914 0.434444 0.781107 0.434614 0.782442 0.435000 0.783620 0.435847 0.784402 0.441515 0.784089 0.441778 0.782812 0.441887 0.779244 0.441867 0.777441 0.441827 0.773947 0.441609 0.767719 0.441265 0.761485 0.440847 0.756162 0.440415 0.752543 0.440034 0.751185 0.434391 0.751495 0.433621 0.752359 0.433336 0.753442 0.433282 0.754739
0 0.541391 0.529749 0.542689 0.533662 0.543357 0.535675 0.544744 0.537279 0.547442 0.540397 0.547632 0.540559 0.553235 0.543371 0.559488 0.543824 0.563417 0.542520 0.565325 0.541777 0.567048 0.540457 0.570179 0.537749 0.572991 0.532146 0.573443 0.525893 0.572139 0.521964 0.571346 0.519909 0.570076 0.518333 0.567368 0.515202 0.561765 0.512390 0.561518 0.512341 0.555290 0.511889 0.549364 0.513856 0.544641 0.517940 0.541841 0.523521
0 0.590906 0.364127 0.592234 0.370232 0.595798 0.375363 0.599268 0.377593 0.601227 0.378532 0.603141 0.379117 0.607201 0.379849 0.613306 0.378522 0.618437 0.374958 0.618914 0.374456 0.621153 0.370971 0.622304 0.369179 0.622683 0.367083 0.623419 0.363006 0.622085 0.356877 0.618507 0.351724 0.615022 0.349485 0.613230 0.348334 0.611134 0.347955 0.607058 0.347220 0.600929 0.348554 0.595776 0.352131 0.595393 0.352723 0.593162 0.356194 0.592174 0.357735 0.591639 0.360066
0 0.687094 0.125338 0.687639 0.127387 0.688699 0.131372 0.692492 0.136332 0.697893 0.139464 0.701981 0.140009 0.704082 0.140289 0.706132 0.139745 0.710116 0.138685 0.715077 0.134892 0.715941 0.133426 0.719084 0.128002 0.719632 0.123899 0.719366 0.119731 0.718302 0.115730 0.714495 0.110750 0.709071 0.107606 0.704967 0.107058 0.700800 0.107324 0.696799 0.108389 0.691819 0.112196 0.688675 0.117620 0.687920 0.119149
0 0.223673 0.220295 0.226003 0.226119 0.230384 0.230608 0.231464 0.231686 0.237206 0.234147 0.243453 0.234222 0.247283 0.232690 0.250771 0.230420 0.253724 0.227538 0.256185 0.221795 0.256260 0.215548 0.254727 0.211718 0.253516 0.209249 0.252950 0.208582 0.251462 0.207057 0.248569 0.204093 0.242803 0.201622 0.236531 0.201547 0.232686 0.203085 0.230708 0.203877 0.229183 0.205364 0.226219 0.208258 0.223749 0.214023
0 0.147048 0.074897 0.148482 0.081000 0.150899 0.084361 0.152740 0.086801 0.153533 0.087746 0.158841 0.091035 0.165003 0.092042 0.171081 0.090615 0.176151 0.086969 0.177268 0.085167 0.179440 0.081662 0.180447 0.075500 0.179019 0.069421 0.175374 0.064352 0.174630 0.063354 0.172261 0.061481 0.168742 0.059300 0.162555 0.058289 0.156452 0.059722 0.153091 0.062139 0.150241 0.065191 0.148060 0.068710
0 0.538149 0.869259 0.538399 0.873377 0.538593 0.876140 0.538682 0.877004 0.541429 0.882643 0.546125 0.886802 0.552055 0.888846 0.556189 0.888596 0.558316 0.888466 0.560231 0.887534 0.563954 0.885719 0.568113 0.881024 0.570158 0.875094 0.569778 0.868833 0.569618 0.867988 0.568569 0.865449 0.566762 0.861740 0.562086 0.857598 0.556179 0.855562 0.552061 0.855812 0.548036 0.856869 0.544327 0.858676 0.540185 0.863353
0 0.641298 0.330367 0.641989 0.336576 0.643979 0.340190 0.645252 0.341777 0.646660 0.343374 0.649882 0.345951 0.655882 0.347690 0.662091 0.346999 0.665705 0.345009 0.667851 0.343717 0.668237 0.343358 0.669568 0.341695 0.672155 0.338460 0.673901 0.332435 0.673208 0.326201 0.670181 0.320707 0.668518 0.319376 0.665283 0.316788 0.659258 0.315043 0.653024 0.315736 0.647530 0.318763 0.647192 0.319178 0.645614 0.321145 0.643037 0.324367
0 0.482095 0.408170 0.483105 0.414360 0.483173 0.414703 0.486462 0.420015 0.491534 0.423662 0.495550 0.424607 0.497611 0.424963 0.499709 0.424751 0.503781 0.424086 0.509092 0.420797 0.512740 0.415725 0.513685 0.411709 0.514194 0.409488 0.514227 0.409280 0.513884 0.407178 0.513216 0.403090 0.509914 0.397757 0.504822 0.394094 0.500790 0.393146 0.498716 0.392659 0.492526 0.393669 0.487193 0.396972 0.483530 0.402064 0.482582 0.406096
0 0.932108 0.243174 0.932557 0.249402 0.935356 0.254983 0.936959 0.256371 0.940077 0.259070 0.946003 0.261037 0.952231 0.260588 0.957812 0.257789 0.958861 0.257234 0.961044 0.255206 0.963753 0.252076 0.965729 0.246126 0.965277 0.239874 0.963422 0.236173 0.960858 0.232877 0.957727 0.230168 0.951778 0.228192 0.945525 0.228643 0.941824 0.230499 0.939165 0.231915 0.938161 0.232528 0.934076 0.237249
0 0.828078 0.540136 0.829474 0.546226 0.833095 0.551317 0.836590 0.553509 0.838969 0.554729 0.840480 0.554989 0.844548 0.555676 0.845933 0.555900 0.852047 0.554498 0.857159 0.550863 0.859359 0.547354 0.860490 0.545549 0.860845 0.543449 0.861535 0.539364 0.860133 0.533250 0.856499 0.528138 0.851184 0.524806 0.845000 0.523761 0.843618 0.523667 0.837529 0.525062 0.832438 0.528683 0.830246 0.532178 0.828766 0.536068
0 0.381469 0.316468 0.383024 0.322541 0.383492 0.323251 0.385966 0.326550 0.387238 0.328246 0.389063 0.329327 0.392611 0.331428 0.398792 0.332311 0.404840 0.330762 0.408139 0.328288 0.409835 0.327016 0.410916 0.325192 0.413017 0.321644 0.413900 0.315463 0.412352 0.309414 0.411999 0.308649 0.409515 0.305336 0.408396 0.303971 0.406406 0.302548 0.402844 0.300439 0.396639 0.299552 0.390566 0.301107 0.387253 0.303591 0.385747 0.305204 0.384465 0.306700 0.382356 0.310262
0 0.775820 0.655111 0.777831 0.661022 0.781951 0.665713 0.783084 0.666379 0.788708 0.669147 0.792840 0.669415 0.794457 0.669261 0.796980 0.668867 0.800899 0.667534 0.805609 0.663397 0.808378 0.657773 0.808646 0.653641 0.808098 0.649502 0.806764 0.645582 0.802628 0.640872 0.797003 0.638103 0.795815 0.637551 0.791700 0.637284 0.789584 0.637147 0.783673 0.639158 0.778982 0.643278 0.776224 0.648880 0.775957 0.652995
0 0.487183 0.762966 0.488523 0.769090 0.490889 0.772488 0.492118 0.773764 0.493897 0.775384 0.497383 0.777618 0.503553 0.778725 0.509677 0.777384 0.513075 0.775019 0.514797 0.773332 0.515971 0.772011 0.518205 0.768525 0.519311 0.762355 0.519234 0.761305 0.517899 0.755205 0.514332 0.750081 0.512547 0.748937 0.509075 0.746712 0.502930 0.745610 0.496830 0.746945 0.493446 0.749300 0.491706 0.750512 0.490561 0.752297 0.488336 0.755768 0.487235 0.761914
0 0.558210 0.837675 0.558444 0.839032 0.560756 0.844863 0.563640 0.847837 0.565123 0.849366 0.570881 0.851854 0.577153 0.851950 0.582984 0.849639 0.587486 0.845271 0.589975 0.839514 0.590070 0.833242 0.589710 0.831908 0.587407 0.826100 0.584535 0.823139 0.583200 0.822169 0.581110 0.820774 0.577323 0.819137 0.571076 0.819042 0.565269 0.821345 0.562307 0.824217 0.560889 0.826254 0.559943 0.827641 0.558306 0.831429
0 0.199824 0.701165 0.199912 0.705305 0.200813 0.709382 0.202479 0.713172 0.207004 0.717510 0.212846 0.719785 0.216985 0.719697 0.219596 0.719275 0.221062 0.718796 0.224852 0.717131 0.225954 0.716262 0.230274 0.711754 0.232540 0.705936 0.232407 0.699694 0.229896 0.693977 0.225388 0.689657 0.219570 0.687391 0.215448 0.687478 0.213328 0.687524 0.211386 0.688376 0.207611 0.690035 0.206437 0.690798 0.202099 0.695324
0 0.279971 0.690107 0.280450 0.691127 0.281734 0.692713 0.283039 0.693542 0.288029 0.696240 0.289944 0.697152 0.295609 0.699317 0.301172 0.700983 0.302977 0.701340 0.307541 0.701905 0.308683 0.701912 0.309694 0.701462 0.310550 0.700555 0.312567 0.695275 0.311099 0.693610 0.307564 0.691419 0.302503 0.689034 0.296670 0.686806 0.290925 0.685063 0.286119 0.684067 0.285055 0.684034 0.282978 0.683972 0.281998 0.684804
0 0.281076 0.428639 0.281634 0.430695 0.282720 0.434692 0.286556 0.439655 0.291999 0.442772 0.292832 0.443001 0.296924 0.443526 0.298683 0.443699 0.301076 0.443239 0.305057 0.442157 0.310000 0.438337 0.313105 0.432916 0.313629 0.428823 0.313579 0.426593 0.313342 0.424672 0.312261 0.420690 0.308440 0.415747 0.303019 0.412643 0.302227 0.412291 0.296006 0.411494 0.289953 0.413138 0.284990 0.416975 0.281873 0.422418 0.281346 0.426526
0 0.551036 0.760362 0.551353 0.764475 0.551605 0.767049 0.551723 0.767662 0.554562 0.773255 0.559325 0.777337 0.565288 0.779284 0.571542 0.778801 0.577135 0.775963 0.581216 0.771199 0.583164 0.765237 0.582681 0.758983 0.582491 0.758389 0.581390 0.756054 0.579522 0.752375 0.574778 0.748310 0.568839 0.746371 0.564726 0.746688 0.560719 0.747812 0.557040 0.749679 0.552975 0.754423
0 0.644844 0.518878 0.644920 0.521043 0.645281 0.527005 0.645440 0.528691 0.645996 0.531097 0.646781 0.531891 0.647444 0.532036 0.653121 0.532081 0.653557 0.530567 0.653782 0.529784 0.653962 0.528290 0.654313 0.525373 0.654630 0.519517 0.654680 0.513130 0.654533 0.509223 0.654457 0.507217 0.654301 0.505679 0.653997 0.502699 0.653373 0.500265 0.647696 0.500220 0.647032 0.500218 0.646234 0.501004 0.646001 0.501899 0.645355 0.505831 0.645170 0.507473 0.644891 0.512943
0 0.123477 0.113947 0.124377 0.120151 0.127584 0.125538 0.129074 0.127036 0.132378 0.129503 0.134078 0.130771 0.140130 0.132306 0.146309 0.131409 0.151674 0.128216 0.155409 0.123212 0.156944 0.117160 0.156047 0.110981 0.152854 0.105615 0.151459 0.104032 0.148141 0.101555 0.147043 0.100969 0.144372 0.099758 0.140359 0.098740 0.134155 0.099641 0.128769 0.102847 0.126292 0.106165 0.124495 0.109935
0 0.492084 0.194630 0.492115 0.195852 0.493889 0.201842 0.496485 0.205049 0.497816 0.206194 0.499684 0.207710 0.503310 0.209679 0.509523 0.210334 0.515513 0.208559 0.518720 0.205964 0.520404 0.204121 0.521382 0.202764 0.523351 0.199139 0.524005 0.192925 0.524101 0.191691 0.522320 0.185677 0.519714 0.182458 0.518373 0.180802 0.516501 0.179785 0.512861 0.177808 0.506623 0.177152 0.500609 0.178932 0.497389 0.181539 0.495734 0.182880 0.494717 0.184751 0.492740 0.188391
0 0.061588 0.902785 0.061934 0.904887 0.062609 0.908974 0.065921 0.914300 0.071019 0.917954 0.075054 0.918895 0.077128 0.919378 0.079230 0.919032 0.083317 0.918357 0.088643 0.915045 0.090290 0.913384 0.093929 0.908305 0.094866 0.904287 0.095003 0.900128 0.094331 0.896057 0.091032 0.890752 0.085954 0.887113 0.081936 0.886176 0.077776 0.886040 0.073706 0.886712 0.068400 0.890010 0.066665 0.891578 0.063011 0.896676 0.062071 0.900710
0 0.744432 0.299918 0.745336 0.303943 0.747022 0.307748 0.749398 0.311121 0.754676 0.314464 0.760831 0.315531 0.764857 0.314628 0.767386 0.313843 0.768000 0.313416 0.773128 0.309804 0.776484 0.304505 0.777556 0.298325 0.776649 0.294283 0.776182 0.292205 0.772570 0.287076 0.767271 0.283721 0.761091 0.282648 0.757049 0.283556 0.754971 0.284023 0.753229 0.285249 0.749842 0.287634 0.748842 0.288484 0.745499 0.293762
0 0.876237 0.451606 0.877389 0.457746 0.879644 0.461201 0.882555 0.464176 0.885960 0.466505 0.892074 0.467791 0.893649 0.467661 0.899814 0.466504 0.905067 0.463076 0.906270 0.461318 0.908608 0.457899 0.909899 0.451761 0.908742 0.445596 0.905314 0.440343 0.903556 0.439140 0.900137 0.436801 0.893999 0.435511 0.892422 0.435769 0.886281 0.436921 0.882826 0.439176 0.881705 0.440233 0.879852 0.442087 0.877522 0.445492
0 0.109375 0.282936 0.110012 0.289176 0.112988 0.294698 0.117851 0.298660 0.119381 0.299466 0.125366 0.301258 0.129470 0.300839 0.133448 0.299617 0.137080 0.297659 0.141026 0.292816 0.142818 0.286831 0.142400 0.282727 0.141178 0.278749 0.139220 0.275117 0.134377 0.271170 0.132907 0.270251 0.126898 0.268451 0.120658 0.269088 0.115137 0.272064 0.111175 0.276927
0 0.352560 0.318150 0.354759 0.323900 0.357499 0.326781 0.359706 0.328558 0.360767 0.329048 0.364384 0.330574 0.366221 0.331252 0.372172 0.331155 0.377713 0.328667 0.381993 0.324160 0.382796 0.322178 0.384358 0.318322 0.384439 0.312046 0.382226 0.306294 0.379474 0.303424 0.378059 0.301949 0.377036 0.301496 0.374397 0.300378 0.370768 0.298868 0.364795 0.298998 0.359257 0.301520 0.356439 0.304509 0.354193 0.308027 0.352642 0.311882
0 0.106552 0.084016 0.106866 0.088144 0.109697 0.093737 0.111259 0.095362 0.115996 0.099430 0.119914 0.100715 0.121929 0.101375 0.128154 0.100902 0.133725 0.098082 0.137793 0.093345 0.139078 0.089427 0.139738 0.087412 0.139265 0.081186 0.136445 0.075615 0.134985 0.073911 0.130229 0.069827 0.126295 0.068537 0.122149 0.068035 0.118021 0.068349 0.112428 0.071180 0.108344 0.075936 0.107054 0.079870
0 0.206783 0.805063 0.207547 0.811286 0.209586 0.814889 0.212312 0.818053 0.215574 0.820601 0.221615 0.822277 0.227837 0.821513 0.231440 0.819474 0.233752 0.817879 0.234360 0.817152 0.235666 0.815481 0.238204 0.812232 0.239873 0.806215 0.239112 0.800018 0.237082 0.796429 0.236037 0.794584 0.234367 0.793278 0.231117 0.790740 0.225101 0.789071 0.218903 0.789831 0.213469 0.792906 0.212813 0.793578 0.211007 0.795760 0.208459 0.799023
0 0.680824 0.413453 0.682192 0.417345 0.683210 0.419208 0.684312 0.420927 0.687065 0.423999 0.692698 0.426702 0.698936 0.427043 0.702828 0.425675 0.705182 0.424842 0.705653 0.424669 0.707239 0.423248 0.710324 0.420483 0.713037 0.414828 0.713381 0.408565 0.711300 0.402647 0.707114 0.397976 0.701459 0.395263 0.695195 0.394920 0.689278 0.397000 0.688844 0.397237 0.686940 0.398829 0.683868 0.401582 0.681165 0.407215
0 0.514963 0.206244 0.516110 0.212545 0.518318 0.216102 0.521159 0.219168 0.524474 0.221576 0.530407 0.222938 0.536347 0.221814 0.537798 0.221489 0.541147 0.219214 0.542867 0.218045 0.544027 0.216266 0.546280 0.212807 0.547522 0.206566 0.546402 0.200263 0.544212 0.196692 0.543084 0.194854 0.541382 0.193601 0.538067 0.191162 0.532108 0.189756 0.526116 0.190859 0.524704 0.191305 0.521345 0.193573 0.520213 0.194555 0.518455 0.196522 0.516195 0.199988
