0 0.486789 0.143642 0.486841 0.145069 0.487876 0.151230 0.490063 0.154728 0.491173 0.155936 0.492916 0.157758 0.496276 0.160153 0.502364 0.161556 0.508525 0.160522 0.512023 0.158334 0.513845 0.156620 0.515053 0.155481 0.517447 0.152121 0.518850 0.146033 0.518926 0.144611 0.517888 0.138425 0.514562 0.133107 0.509454 0.129466 0.503341 0.128058 0.497155 0.129096 0.491838 0.132422 0.490601 0.134157 0.488197 0.137530
0 0.246910 0.793211 0.248326 0.799322 0.251972 0.804426 0.257294 0.807746 0.261380 0.808427 0.263481 0.808776 0.265556 0.808296 0.269592 0.807362 0.274695 0.803715 0.275598 0.802499 0.278904 0.797199 0.279582 0.793129 0.279552 0.791537 0.279452 0.788969 0.278521 0.784950 0.274889 0.779866 0.269589 0.776560 0.265519 0.775882 0.261360 0.776012 0.257340 0.776943 0.252256 0.780575 0.251261 0.781702 0.247941 0.787024 0.247260 0.791110
0 0.538046 0.538812 0.538700 0.545022 0.541681 0.550508 0.541777 0.550624 0.543504 0.552050 0.546722 0.554654 0.552733 0.556433 0.558967 0.555776 0.562605 0.553799 0.564365 0.552692 0.565815 0.551128 0.568419 0.547909 0.570198 0.541898 0.569540 0.535664 0.567564 0.532026 0.566433 0.530104 0.564892 0.528816 0.561674 0.526212 0.561427 0.526107 0.555440 0.524336 0.549231 0.524990 0.545608 0.526959 0.543745 0.527972 0.542411 0.529620 0.539817 0.532825
0 0.490340 0.820555 0.490402 0.826231 0.492793 0.827573 0.497277 0.828579 0.503173 0.829088 0.509559 0.829018 0.515433 0.828381 0.519878 0.827278 0.522218 0.825884 0.522156 0.820208 0.522057 0.818766 0.521258 0.818004 0.520329 0.817521 0.516303 0.816226 0.514635 0.815872 0.509129 0.815419 0.503194 0.815484 0.501044 0.815708 0.495143 0.816662 0.493484 0.817054 0.491166 0.818332 0.490384 0.819112
0 0.652670 0.794359 0.654070 0.800444 0.654689 0.801651 0.657090 0.805023 0.658053 0.806230 0.660130 0.807887 0.663639 0.810083 0.669821 0.811123 0.675931 0.809717 0.679303 0.807315 0.682166 0.804276 0.684363 0.800766 0.685403 0.794584 0.683996 0.788475 0.683260 0.787321 0.680869 0.783962 0.679638 0.782235 0.677841 0.781110 0.674346 0.778923 0.668189 0.777887 0.662104 0.779287 0.658745 0.781679 0.657018 0.782909 0.653705 0.788202
0 0.408514 0.434318 0.409549 0.438329 0.410082 0.440391 0.413854 0.445403 0.414199 0.445621 0.419580 0.448795 0.425766 0.449667 0.429761 0.448637 0.431698 0.448017 0.433510 0.446831 0.436807 0.444349 0.439980 0.438968 0.440853 0.432782 0.439822 0.428787 0.439187 0.426607 0.438016 0.425038 0.435534 0.421741 0.435276 0.421427 0.429872 0.418241 0.423662 0.417365 0.417588 0.418932 0.415886 0.420213 0.412577 0.422704 0.409390 0.428107
0 0.770683 0.336524 0.771199 0.342746 0.774057 0.348298 0.777204 0.350963 0.778822 0.352333 0.780841 0.352980 0.784768 0.354238 0.790990 0.353722 0.792159 0.353135 0.797733 0.350265 0.800408 0.347106 0.801265 0.345747 0.802434 0.343454 0.803696 0.339511 0.803179 0.333264 0.800309 0.327690 0.797150 0.325015 0.793498 0.322989 0.789556 0.321727 0.783308 0.322244 0.777734 0.325114 0.776623 0.325813 0.773958 0.328960 0.772588 0.330578 0.771941 0.332597
0 0.918344 0.581540 0.918572 0.587783 0.921172 0.593463 0.924194 0.596272 0.926480 0.597885 0.927736 0.598457 0.931603 0.599895 0.933338 0.600297 0.939606 0.600067 0.945310 0.597457 0.949580 0.592863 0.950323 0.590866 0.951767 0.586984 0.951538 0.580716 0.948927 0.575012 0.944333 0.570742 0.942336 0.569999 0.938454 0.568555 0.936699 0.568280 0.930456 0.568508 0.924775 0.571109 0.921966 0.574130 0.919782 0.577673
0 0.184657 0.808675 0.185873 0.814825 0.188168 0.818270 0.191118 0.821227 0.194557 0.823531 0.200704 0.824762 0.206854 0.823547 0.210299 0.821251 0.212565 0.819520 0.213222 0.818790 0.214403 0.817028 0.216698 0.813603 0.217924 0.807480 0.216714 0.801355 0.213251 0.796159 0.208064 0.792683 0.201942 0.791458 0.195816 0.792668 0.190620 0.796131 0.189911 0.796809 0.188192 0.799089 0.185888 0.802528
0 0.703691 0.538294 0.703751 0.544538 0.705365 0.548332 0.706195 0.550283 0.710652 0.554656 0.716443 0.556991 0.717312 0.557220 0.723581 0.557160 0.727391 0.555539 0.728955 0.554612 0.730841 0.553187 0.733740 0.550231 0.736084 0.544417 0.736024 0.538149 0.734404 0.534339 0.733169 0.532324 0.732051 0.530889 0.729096 0.527990 0.723282 0.525645 0.722388 0.525543 0.716144 0.525602 0.710399 0.528047 0.708914 0.529560 0.706026 0.532503
0 0.536542 0.293831 0.537819 0.297754 0.538542 0.299427 0.539854 0.301384 0.542536 0.304520 0.548103 0.307354 0.554332 0.307840 0.558255 0.306563 0.560376 0.305573 0.561885 0.304528 0.565021 0.301847 0.567854 0.296279 0.568127 0.295460 0.568616 0.289206 0.566674 0.283242 0.565290 0.281623 0.562598 0.278474 0.557008 0.275630 0.550754 0.275141 0.546815 0.276423 0.544790 0.277083 0.543171 0.278467 0.540022 0.281159 0.537178 0.286749 0.537028 0.287603
0 0.116948 0.826099 0.117158 0.828218 0.117568 0.832340 0.120530 0.837870 0.125382 0.841844 0.131386 0.843660 0.137628 0.843039 0.143157 0.840078 0.144586 0.838716 0.148544 0.833883 0.149738 0.829934 0.150142 0.825792 0.149734 0.821686 0.146784 0.816179 0.141951 0.812221 0.138002 0.811027 0.133860 0.810622 0.129755 0.811031 0.124247 0.813980 0.122737 0.815242 0.118763 0.820095 0.117564 0.824060
0 0.754516 0.058562 0.754552 0.062687 0.756994 0.068438 0.761450 0.072816 0.765276 0.074361 0.769365 0.075137 0.773490 0.075101 0.779241 0.072659 0.783619 0.068203 0.784759 0.066468 0.787108 0.060651 0.787053 0.054379 0.784601 0.048606 0.780127 0.044209 0.776286 0.042658 0.774311 0.041861 0.772181 0.041879 0.768039 0.041916 0.762265 0.044367 0.757869 0.048842 0.756837 0.050648 0.755292 0.054473 0.754935 0.055678
0 0.644098 0.549053 0.645774 0.555068 0.649624 0.559984 0.653215 0.562010 0.655062 0.563052 0.655417 0.563196 0.657798 0.563562 0.661908 0.564061 0.667947 0.562379 0.672882 0.558514 0.674916 0.554908 0.675660 0.552962 0.676219 0.550940 0.676719 0.546831 0.675037 0.540792 0.671171 0.535857 0.667565 0.533822 0.665426 0.532720 0.665048 0.532645 0.662943 0.532389 0.658850 0.531892 0.652835 0.533567 0.647920 0.537417 0.645893 0.541009 0.644852 0.542855
0 0.559261 0.054488 0.559706 0.060719 0.562503 0.066306 0.565620 0.069008 0.569237 0.071067 0.573152 0.072370 0.579383 0.071925 0.584969 0.069128 0.587671 0.066010 0.589214 0.063658 0.589731 0.062394 0.591034 0.058479 0.591400 0.056704 0.590952 0.050448 0.588144 0.044839 0.585014 0.042126 0.583404 0.040731 0.577453 0.038750 0.571196 0.039197 0.565587 0.042005 0.561480 0.046746 0.559498 0.052697
0 0.107982 0.335135 0.110122 0.341027 0.114355 0.345651 0.118106 0.347403 0.120688 0.348564 0.121555 0.348910 0.123673 0.349004 0.127793 0.349186 0.133661 0.347054 0.138267 0.342838 0.140012 0.339102 0.140909 0.337181 0.141003 0.335063 0.141185 0.330943 0.139052 0.325075 0.134837 0.320469 0.133370 0.319748 0.129619 0.317996 0.128330 0.317410 0.125563 0.317001 0.121427 0.316819 0.115535 0.318959 0.110911 0.323192 0.109159 0.326943 0.108164 0.330999
0 0.357607 0.770699 0.358102 0.774809 0.358601 0.776447 0.359402 0.778778 0.361433 0.782385 0.366364 0.786256 0.372401 0.787944 0.376511 0.787449 0.378834 0.786700 0.380480 0.786149 0.384088 0.784119 0.387958 0.779187 0.388406 0.778070 0.390088 0.772057 0.389594 0.767963 0.389340 0.765858 0.386278 0.760417 0.381366 0.756562 0.375353 0.754881 0.371259 0.755374 0.369154 0.755629 0.367306 0.756668 0.363713 0.758691 0.359858 0.763603 0.359295 0.764662
0 0.927101 0.816591 0.927695 0.820674 0.929086 0.824596 0.931197 0.828141 0.932930 0.829460 0.937958 0.833210 0.944038 0.834751 0.948138 0.834155 0.950245 0.833848 0.952076 0.832758 0.955634 0.830638 0.959385 0.825610 0.960926 0.819530 0.960023 0.813323 0.958933 0.811493 0.956813 0.807934 0.951785 0.804183 0.949977 0.802966 0.943921 0.801431 0.939838 0.802025 0.935916 0.803416 0.932371 0.805528 0.928635 0.810535
0 0.911836 0.207460 0.912253 0.213693 0.915025 0.219292 0.918130 0.222008 0.921737 0.224084 0.925646 0.225405 0.931880 0.224988 0.937479 0.222216 0.939237 0.221100 0.941964 0.217982 0.943366 0.216378 0.944048 0.214360 0.945374 0.210436 0.944955 0.204178 0.942173 0.198556 0.939055 0.195829 0.937451 0.194427 0.935433 0.193745 0.931509 0.192419 0.925250 0.192838 0.919629 0.195620 0.917949 0.196839 0.915233 0.199944 0.914548 0.201028 0.913157 0.203551
0 0.250968 0.624454 0.251914 0.630655 0.255160 0.636022 0.260214 0.639738 0.266304 0.641237 0.270399 0.640613 0.272505 0.640292 0.277872 0.637045 0.278761 0.636497 0.282463 0.631464 0.283956 0.625397 0.283334 0.621319 0.281916 0.617406 0.279781 0.613876 0.274748 0.610174 0.268681 0.608682 0.264603 0.609303 0.262097 0.609812 0.261551 0.610064 0.259728 0.611166 0.256184 0.613310 0.252468 0.618363
0 0.330750 0.323535 0.331205 0.327652 0.331439 0.329769 0.332465 0.331636 0.334461 0.335266 0.335123 0.335925 0.339999 0.339832 0.345998 0.341574 0.350099 0.341122 0.351954 0.340615 0.354067 0.339867 0.357682 0.337879 0.361589 0.333003 0.363331 0.327004 0.362879 0.322903 0.362409 0.320486 0.361624 0.318935 0.359636 0.315320 0.359072 0.314577 0.354176 0.310656 0.348153 0.308906 0.344036 0.309361 0.341919 0.309595 0.340052 0.310621 0.336422 0.312616 0.332500 0.317511
0 0.066664 0.057454 0.069014 0.063266 0.073409 0.067736 0.075116 0.069466 0.080864 0.071904 0.087107 0.071958 0.092896 0.069617 0.097349 0.065240 0.099786 0.059491 0.099840 0.053248 0.097499 0.047459 0.095883 0.045641 0.091487 0.041171 0.087676 0.039555 0.083587 0.038705 0.079448 0.038670 0.073636 0.041019 0.069166 0.045415 0.067549 0.049226 0.066699 0.053315
0 0.542207 0.674145 0.542397 0.674932 0.544199 0.677476 0.545266 0.678807 0.547350 0.681403 0.551372 0.686113 0.555637 0.690868 0.559472 0.694921 0.562283 0.697642 0.563640 0.698620 0.567867 0.694830 0.567932 0.693675 0.567642 0.692847 0.566938 0.691881 0.564025 0.688139 0.562849 0.686689 0.559087 0.682305 0.555124 0.677886 0.553722 0.676397 0.549932 0.672498 0.548887 0.671471 0.547550 0.670442 0.546415 0.670372
0 0.115174 0.874835 0.116783 0.880894 0.120589 0.885875 0.124170 0.887953 0.128122 0.889303 0.132225 0.889852 0.138284 0.888243 0.143265 0.884436 0.144693 0.882898 0.147825 0.877498 0.148107 0.875396 0.148654 0.871309 0.147050 0.865274 0.143259 0.860313 0.139693 0.858244 0.137859 0.857180 0.131670 0.856352 0.125636 0.857955 0.120674 0.861746 0.119150 0.863199 0.117073 0.866780 0.115722 0.870732
0 0.190461 0.412135 0.190836 0.413228 0.191159 0.413503 0.193404 0.414952 0.194532 0.415612 0.199016 0.418017 0.204419 0.420771 0.206568 0.421820 0.212743 0.424764 0.214578 0.425614 0.217761 0.426955 0.218968 0.427267 0.220072 0.426916 0.222639 0.421881 0.221985 0.421374 0.221649 0.421114 0.218589 0.419355 0.213931 0.416873 0.208368 0.414037 0.202722 0.411266 0.201063 0.410488 0.197826 0.408970 0.194421 0.407495 0.193039 0.407077
0 0.293143 0.955865 0.295645 0.960961 0.296519 0.961529 0.296970 0.961822 0.298120 0.961653 0.300362 0.961323 0.305310 0.959528 0.311043 0.956713 0.314755 0.954472 0.316660 0.953321 0.321283 0.949885 0.324204 0.946938 0.324996 0.944926 0.322505 0.939853 0.321566 0.939348 0.320889 0.939242 0.318107 0.939128 0.316841 0.939338 0.312217 0.941041 0.306890 0.943657 0.304835 0.944888 0.298986 0.948743 0.297264 0.950003 0.294406 0.952790 0.293522 0.954735
0 0.418497 0.869100 0.419516 0.875285 0.422825 0.880610 0.426189 0.883022 0.429993 0.884747 0.434024 0.885688 0.440210 0.884670 0.445534 0.881360 0.447947 0.877996 0.449274 0.875619 0.449671 0.874193 0.450613 0.870161 0.450810 0.868680 0.449795 0.862520 0.446500 0.857216 0.441426 0.853578 0.435346 0.852158 0.429185 0.853173 0.423881 0.856469 0.420243 0.861543 0.418823 0.867623
0 0.555613 0.104884 0.556168 0.108970 0.556454 0.111071 0.559598 0.116465 0.564568 0.120245 0.570606 0.121836 0.574691 0.121281 0.576792 0.120995 0.582187 0.117851 0.585967 0.112881 0.587558 0.106843 0.587909 0.105264 0.587352 0.101162 0.586915 0.099742 0.585993 0.097213 0.583908 0.093637 0.578919 0.089841 0.572857 0.088244 0.568754 0.088802 0.564806 0.090160 0.561229 0.092246 0.557433 0.097234 0.555837 0.103297
0 0.147872 0.146439 0.148363 0.148512 0.149319 0.152543 0.152992 0.157627 0.154381 0.158998 0.159699 0.162276 0.163772 0.162933 0.167931 0.162781 0.171945 0.161829 0.177010 0.158171 0.180288 0.152853 0.180945 0.148780 0.180793 0.144621 0.179841 0.140607 0.176183 0.135542 0.174881 0.134078 0.169542 0.130786 0.165453 0.130126 0.163350 0.129788 0.161277 0.130279 0.157247 0.131235 0.152162 0.134908 0.148869 0.140247
0 0.779110 0.604719 0.779663 0.606766 0.780740 0.610746 0.784552 0.615691 0.789966 0.618802 0.791130 0.619278 0.795236 0.619810 0.796837 0.619876 0.799403 0.619527 0.803399 0.618447 0.808364 0.614620 0.811486 0.609184 0.812018 0.605078 0.811735 0.600911 0.810655 0.596915 0.806828 0.591950 0.801392 0.588828 0.800186 0.588472 0.793994 0.587671 0.791947 0.588224 0.787966 0.589301 0.783021 0.593112 0.779911 0.598527 0.779382 0.602616
0 0.484382 0.304351 0.484430 0.304932 0.485394 0.310501 0.487821 0.310875 0.492219 0.310718 0.497916 0.310056 0.500006 0.309694 0.504069 0.308990 0.509769 0.307677 0.514171 0.306310 0.516603 0.305094 0.516678 0.304213 0.515708 0.298619 0.514784 0.297979 0.512567 0.297568 0.508386 0.297680 0.506228 0.297924 0.499248 0.298931 0.496904 0.299337 0.491398 0.300623 0.487220 0.301960 0.486349 0.302423 0.485045 0.303650
0 0.509442 0.512724 0.510051 0.518938 0.510091 0.519014 0.512990 0.524447 0.513043 0.524545 0.516241 0.527173 0.517856 0.528476 0.519923 0.529144 0.523884 0.530348 0.530123 0.529738 0.535654 0.526786 0.538282 0.523587 0.539565 0.521904 0.540253 0.519905 0.541457 0.515944 0.540847 0.509705 0.537894 0.504175 0.534696 0.501547 0.532994 0.500195 0.531014 0.499576 0.527053 0.498372 0.526945 0.498378 0.520731 0.498986 0.515222 0.501926 0.512605 0.505112 0.511259 0.506751 0.510642 0.508779
0 0.289613 0.563808 0.290474 0.569420 0.291407 0.570093 0.292860 0.570021 0.294269 0.569851 0.299617 0.569140 0.301660 0.568851 0.307654 0.567931 0.313500 0.566970 0.315382 0.566636 0.320109 0.565747 0.321281 0.565508 0.322044 0.565228 0.322725 0.564302 0.321867 0.558716 0.320231 0.558837 0.317715 0.559158 0.316426 0.559323 0.314594 0.559586 0.311037 0.560097 0.304865 0.561044 0.298821 0.562025 0.295507 0.562598 0.293798 0.562894 0.290559 0.563521
0 0.875066 0.663810 0.877174 0.669687 0.881371 0.674310 0.887017 0.676975 0.888572 0.677686 0.892707 0.677885 0.894155 0.677682 0.896838 0.677269 0.900734 0.675871 0.905376 0.671658 0.908051 0.665988 0.908251 0.661853 0.907635 0.657723 0.906237 0.653826 0.902024 0.649184 0.896354 0.646509 0.894769 0.645923 0.890650 0.645724 0.888532 0.645622 0.882655 0.647730 0.878032 0.651927 0.875367 0.657573 0.875168 0.661692
0 0.088169 0.432105 0.088832 0.432274 0.090881 0.432685 0.091938 0.432897 0.097023 0.433880 0.103299 0.435071 0.109778 0.436282 0.113524 0.436972 0.115444 0.437325 0.116802 0.437568 0.119430 0.438038 0.121141 0.438317 0.122195 0.432764 0.121525 0.431816 0.120771 0.431658 0.119596 0.431431 0.114880 0.430526 0.113012 0.430169 0.107181 0.429062 0.101147 0.427923 0.099055 0.427530 0.093470 0.426485 0.091958 0.426204 0.090206 0.425887 0.089227 0.426527
0 0.491734 0.921990 0.491995 0.926121 0.492142 0.927510 0.493065 0.930158 0.494887 0.933875 0.499589 0.938021 0.505521 0.940050 0.509653 0.939790 0.513689 0.938719 0.517406 0.936898 0.521552 0.932195 0.523582 0.926264 0.523487 0.924558 0.523095 0.918327 0.522162 0.916423 0.520347 0.912720 0.515663 0.908592 0.509756 0.906569 0.505641 0.906829 0.503524 0.906963 0.497918 0.909710 0.493789 0.914394 0.491767 0.920301
0 0.423238 0.107037 0.423546 0.108610 0.424461 0.112633 0.424803 0.114039 0.426158 0.116433 0.428544 0.119799 0.433831 0.123127 0.439989 0.124177 0.444012 0.123262 0.447812 0.121565 0.451179 0.119179 0.454506 0.113892 0.455556 0.107734 0.455378 0.106157 0.454459 0.102118 0.453986 0.100041 0.452755 0.098303 0.450360 0.094923 0.445051 0.091582 0.438868 0.090527 0.434829 0.091446 0.432752 0.091919 0.431014 0.093150 0.427634 0.095545 0.424293 0.100854
0 0.377005 0.644409 0.378014 0.650596 0.381314 0.655926 0.384675 0.658344 0.386598 0.659313 0.388475 0.660075 0.392505 0.661023 0.398692 0.660014 0.404022 0.656714 0.406440 0.653353 0.407842 0.651364 0.408053 0.651018 0.409482 0.644941 0.408477 0.638778 0.405191 0.633470 0.401844 0.631061 0.400122 0.629823 0.398058 0.629337 0.394045 0.628393 0.387882 0.629398 0.382573 0.632685 0.382102 0.633218 0.379684 0.636579 0.378650 0.638069 0.377953 0.640379
0 0.271387 0.879371 0.272369 0.883395 0.272874 0.885464 0.274132 0.887183 0.276579 0.890526 0.281939 0.893784 0.288138 0.894743 0.292162 0.893762 0.294231 0.893257 0.295950 0.891999 0.299293 0.889552 0.302551 0.884192 0.303342 0.882654 0.304296 0.876480 0.303319 0.872472 0.301563 0.868699 0.299126 0.865370 0.293788 0.862124 0.287614 0.861170 0.283605 0.862147 0.281169 0.863273 0.279832 0.863903 0.276503 0.866340 0.275605 0.867812 0.272346 0.873172
0 0.458690 0.792027 0.459843 0.798189 0.463267 0.803440 0.466684 0.805779 0.470523 0.807420 0.474574 0.808273 0.480736 0.807120 0.485987 0.803696 0.488326 0.800280 0.489547 0.798010 0.489968 0.796440 0.490821 0.792389 0.490858 0.791219 0.489708 0.785082 0.486298 0.779851 0.482896 0.777522 0.481146 0.776325 0.475036 0.775037 0.468899 0.776186 0.463669 0.779597 0.460142 0.784749 0.458855 0.790859
