0 0.494445 0.430181 0.494467 0.430461 0.495034 0.434547 0.495317 0.436540 0.496399 0.438479 0.498486 0.442037 0.503469 0.445807 0.509514 0.447381 0.513601 0.446815 0.515729 0.446431 0.517532 0.445450 0.521091 0.443363 0.524860 0.438380 0.524960 0.438133 0.526542 0.432063 0.525680 0.425850 0.522507 0.420439 0.517504 0.416655 0.511434 0.415073 0.505221 0.415935 0.499811 0.419108 0.496027 0.424111
0 0.102422 0.502071 0.104175 0.508090 0.108099 0.512979 0.111728 0.514971 0.114258 0.515967 0.115711 0.516227 0.119826 0.516678 0.121347 0.516611 0.127341 0.514865 0.132212 0.510958 0.135215 0.505484 0.135447 0.503376 0.135896 0.499278 0.134150 0.493283 0.130242 0.488413 0.126627 0.486429 0.124768 0.485409 0.118562 0.484728 0.117030 0.484667 0.111011 0.486420 0.106122 0.490344 0.104130 0.493973 0.102873 0.497956
0 0.455223 0.326516 0.455401 0.327210 0.457145 0.333206 0.461051 0.338078 0.466523 0.341084 0.468631 0.341316 0.472729 0.341767 0.478725 0.340024 0.483596 0.336119 0.485582 0.332505 0.486603 0.330646 0.486835 0.328539 0.487286 0.324440 0.487235 0.323735 0.485485 0.317715 0.481564 0.312824 0.477935 0.310831 0.476110 0.310132 0.473953 0.309572 0.469838 0.309120 0.463819 0.310870 0.458927 0.314791 0.456934 0.318419 0.455985 0.320594 0.455676 0.322401
0 0.506826 0.319520 0.506939 0.321638 0.507159 0.325755 0.509853 0.331388 0.514498 0.335561 0.518386 0.336933 0.520386 0.337638 0.522503 0.337525 0.526621 0.337305 0.532253 0.334611 0.536427 0.329966 0.537799 0.326078 0.538504 0.324078 0.538592 0.323675 0.538545 0.321246 0.538324 0.317112 0.535619 0.311456 0.530956 0.307267 0.527052 0.305889 0.525001 0.305516 0.522918 0.305294 0.518784 0.305516 0.513129 0.308220 0.508939 0.312884 0.507562 0.316788 0.506842 0.319107
0 0.512874 0.465364 0.514376 0.469206 0.515174 0.471133 0.516618 0.472712 0.519476 0.475688 0.525199 0.478194 0.531445 0.478319 0.535287 0.476818 0.537327 0.476004 0.537413 0.475949 0.541937 0.471604 0.544453 0.465858 0.544579 0.459587 0.542296 0.453745 0.537951 0.449221 0.532205 0.446705 0.525934 0.446579 0.520092 0.448862 0.515568 0.453207 0.513052 0.458953 0.512999 0.459118
0 0.752480 0.426935 0.753081 0.429484 0.754292 0.433326 0.758323 0.438023 0.763944 0.440882 0.768141 0.441264 0.772380 0.440850 0.776422 0.439664 0.781367 0.435765 0.784376 0.430362 0.784550 0.429020 0.784958 0.424991 0.785167 0.422921 0.784530 0.420935 0.783291 0.417079 0.779215 0.412386 0.773567 0.409552 0.769365 0.409187 0.767206 0.409000 0.765131 0.409614 0.761097 0.410809 0.756162 0.414702 0.753146 0.420091 0.752508 0.426163
0 0.849106 0.189109 0.849109 0.193232 0.849111 0.195352 0.851504 0.201119 0.855923 0.205531 0.861693 0.207917 0.867937 0.207911 0.869895 0.207099 0.873703 0.205518 0.875204 0.204335 0.879634 0.199900 0.882029 0.194106 0.882026 0.189966 0.881208 0.185871 0.879621 0.182047 0.875185 0.177617 0.869392 0.175223 0.865252 0.175226 0.861156 0.176043 0.857333 0.177631 0.855903 0.178920 0.851491 0.183338
0 0.913720 0.161645 0.915881 0.167503 0.920119 0.172088 0.922044 0.172976 0.925789 0.174703 0.932028 0.174948 0.937886 0.172788 0.939645 0.171473 0.942685 0.168663 0.943485 0.167790 0.945140 0.165285 0.946873 0.161525 0.947120 0.155262 0.944951 0.149380 0.942141 0.146340 0.938762 0.143885 0.935003 0.142152 0.928739 0.141904 0.922857 0.144074 0.921165 0.145498 0.916580 0.149736 0.913965 0.155406
0 0.347953 0.742996 0.349828 0.748981 0.353851 0.753794 0.359410 0.756700 0.365658 0.757258 0.371643 0.755383 0.376455 0.751359 0.379362 0.745800 0.379844 0.744816 0.380211 0.740707 0.380194 0.739004 0.379766 0.736569 0.378532 0.732632 0.374525 0.727839 0.368989 0.724945 0.364879 0.724578 0.362530 0.724775 0.360742 0.725023 0.356804 0.726257 0.352011 0.730264 0.351417 0.731190 0.348511 0.736748 0.348142 0.740874
0 0.847432 0.542306 0.849680 0.548136 0.853987 0.552661 0.857759 0.554333 0.860316 0.555288 0.861144 0.555415 0.863273 0.555468 0.867414 0.555570 0.873267 0.553313 0.877810 0.548989 0.880353 0.543255 0.880406 0.541126 0.880508 0.536984 0.878251 0.531132 0.873927 0.526589 0.870140 0.524909 0.868193 0.524046 0.867349 0.523991 0.864598 0.523897 0.860473 0.523795 0.854644 0.526043 0.850119 0.530350 0.848447 0.534122 0.847534 0.538182
0 0.009897 0.499717 0.011108 0.505871 0.013401 0.509321 0.014581 0.511094 0.016349 0.512282 0.019788 0.514591 0.025937 0.515828 0.027835 0.515765 0.033965 0.514560 0.037401 0.512275 0.040350 0.509339 0.042650 0.505914 0.043882 0.499789 0.042677 0.493659 0.040392 0.490223 0.037456 0.487274 0.034031 0.484975 0.027906 0.483742 0.026009 0.483677 0.019854 0.484886 0.016405 0.487180 0.014631 0.488360 0.011134 0.493567
0 0.883939 0.272594 0.885517 0.278635 0.889286 0.283613 0.894673 0.286769 0.900859 0.287623 0.906900 0.286045 0.907832 0.285555 0.910231 0.283900 0.913532 0.281401 0.916701 0.275992 0.917558 0.269782 0.916512 0.265777 0.914689 0.262020 0.912190 0.258719 0.906781 0.255550 0.900571 0.254693 0.896565 0.255739 0.893827 0.256696 0.892927 0.257252 0.887949 0.261021 0.884793 0.266409
0 0.886982 0.653631 0.887157 0.655748 0.887498 0.659864 0.890457 0.665521 0.895415 0.669745 0.899515 0.671163 0.901627 0.671893 0.903841 0.671805 0.908153 0.671633 0.914000 0.668994 0.918272 0.664373 0.919616 0.660476 0.920307 0.658471 0.920338 0.657987 0.920187 0.655503 0.919847 0.651374 0.916868 0.645709 0.911885 0.641502 0.907776 0.640108 0.905619 0.639723 0.903457 0.639495 0.899166 0.639695 0.893372 0.642354 0.889161 0.646959 0.887842 0.650823 0.887086 0.653160
0 0.908372 0.653678 0.910718 0.659465 0.915100 0.663913 0.920850 0.666345 0.922541 0.667013 0.926681 0.667044 0.930783 0.666260 0.934619 0.664705 0.939085 0.660306 0.941527 0.654532 0.941558 0.650392 0.940774 0.646290 0.939218 0.642454 0.934819 0.637987 0.929046 0.635545 0.927329 0.635003 0.923206 0.634972 0.921086 0.634957 0.919120 0.635753 0.915299 0.637302 0.910851 0.641684 0.908419 0.647435
0 0.019880 0.352555 0.021787 0.358530 0.025836 0.363321 0.031410 0.366197 0.032484 0.366504 0.035400 0.366910 0.039511 0.367255 0.045463 0.365355 0.050234 0.361322 0.052126 0.357656 0.053276 0.353656 0.053621 0.349545 0.051722 0.343593 0.047688 0.338822 0.044022 0.336930 0.041350 0.335676 0.040297 0.335298 0.034046 0.334773 0.028071 0.336681 0.023280 0.340730 0.020404 0.346304 0.020226 0.348427
0 0.531213 0.681945 0.531226 0.688189 0.531351 0.688945 0.532943 0.692767 0.533704 0.694397 0.535271 0.696234 0.538204 0.699155 0.544000 0.701543 0.550269 0.701530 0.554091 0.699938 0.555960 0.698777 0.557558 0.697611 0.560480 0.694677 0.562867 0.688881 0.562854 0.682612 0.562603 0.681881 0.561017 0.678075 0.560201 0.676118 0.558699 0.674621 0.555778 0.671711 0.550004 0.669334 0.543760 0.669347 0.537997 0.671748 0.536500 0.673250 0.533591 0.676172
0 0.297403 0.739000 0.298828 0.745109 0.302482 0.750207 0.307809 0.753518 0.313998 0.754539 0.318032 0.753598 0.320106 0.753113 0.321838 0.751873 0.325204 0.749460 0.325904 0.748461 0.329203 0.743155 0.330219 0.736991 0.329281 0.732973 0.327563 0.729183 0.325160 0.725829 0.319854 0.722531 0.313690 0.721515 0.309672 0.722452 0.307275 0.723317 0.305882 0.724170 0.302528 0.726574 0.301735 0.727484 0.298423 0.732811
0 0.690896 0.192917 0.692838 0.198854 0.695524 0.201986 0.698797 0.204557 0.702477 0.206423 0.708706 0.206901 0.714643 0.204959 0.717776 0.202273 0.719763 0.200378 0.720268 0.199690 0.723105 0.194096 0.723585 0.187842 0.721635 0.181880 0.718939 0.178735 0.717552 0.177118 0.711958 0.174281 0.705704 0.173801 0.699742 0.175751 0.696597 0.178447 0.694980 0.179834 0.694534 0.180568 0.693240 0.183008 0.691374 0.186687
0 0.130223 0.944124 0.130452 0.950184 0.131275 0.955027 0.131780 0.956158 0.132823 0.957672 0.133834 0.958870 0.134904 0.959201 0.140577 0.958987 0.142195 0.956921 0.143585 0.952628 0.144544 0.946779 0.144933 0.940252 0.144697 0.934012 0.143871 0.928981 0.142575 0.925908 0.140998 0.925270 0.135350 0.925484 0.134532 0.926354 0.132963 0.928185 0.131588 0.932200 0.131210 0.934393 0.130380 0.941641
0 0.453766 0.293287 0.453910 0.295227 0.455507 0.300977 0.459305 0.305707 0.462885 0.307678 0.464727 0.308691 0.466838 0.308956 0.470944 0.309470 0.477005 0.307924 0.481981 0.304291 0.484050 0.300882 0.485113 0.299130 0.485390 0.297126 0.485928 0.293232 0.485909 0.291285 0.484283 0.285528 0.480464 0.280807 0.476878 0.278844 0.472925 0.277572 0.468821 0.277060 0.462760 0.278597 0.457771 0.282217 0.455685 0.285621 0.454673 0.288216 0.454325 0.289381
0 0.910530 0.045992 0.910980 0.047438 0.911211 0.048179 0.912261 0.048857 0.914297 0.050171 0.919310 0.051677 0.925503 0.052475 0.931961 0.052450 0.937730 0.051599 0.941943 0.050043 0.943942 0.048009 0.944667 0.042379 0.944307 0.040908 0.943091 0.039451 0.941657 0.038216 0.940521 0.037447 0.935696 0.035964 0.929681 0.035188 0.927224 0.035209 0.920062 0.035772 0.917899 0.036113 0.913958 0.037659 0.913112 0.038309 0.911253 0.040387
0 0.406148 0.945004 0.408256 0.950908 0.412464 0.955555 0.416205 0.957327 0.420256 0.958344 0.424390 0.958549 0.430294 0.956440 0.434941 0.952232 0.436713 0.948491 0.437731 0.945799 0.437874 0.944780 0.437979 0.942662 0.438183 0.938544 0.436083 0.932664 0.431892 0.928036 0.428166 0.926271 0.426249 0.925363 0.424131 0.925258 0.420013 0.925054 0.414133 0.927154 0.409504 0.931345 0.406833 0.936988 0.406619 0.937989 0.406353 0.940869
0 0.242860 0.581719 0.244637 0.587735 0.248581 0.592612 0.254091 0.595609 0.258210 0.596046 0.260328 0.596270 0.262371 0.595667 0.266344 0.594493 0.267279 0.594115 0.272138 0.590187 0.275122 0.584699 0.275557 0.580596 0.275395 0.578621 0.275179 0.576452 0.274011 0.572495 0.270083 0.567637 0.264595 0.564652 0.260492 0.564217 0.257967 0.564104 0.257411 0.564251 0.255368 0.564854 0.251395 0.566027 0.246518 0.569971 0.243520 0.575481 0.243084 0.579601
0 0.180197 0.278543 0.181045 0.282595 0.182029 0.285049 0.182682 0.286437 0.185016 0.289856 0.186276 0.290697 0.191502 0.294114 0.197638 0.295271 0.203749 0.293992 0.208906 0.290471 0.212323 0.285246 0.213480 0.279110 0.212635 0.275074 0.212200 0.272999 0.211005 0.271247 0.208680 0.267842 0.207510 0.266910 0.202264 0.263478 0.196103 0.262317 0.192051 0.263165 0.188209 0.264801 0.184790 0.267136 0.181359 0.272382
0 0.770963 0.448174 0.773297 0.453965 0.777669 0.458423 0.783414 0.460868 0.787537 0.460908 0.789657 0.460928 0.790321 0.460839 0.792795 0.459976 0.796635 0.458428 0.801111 0.454039 0.803566 0.448271 0.803606 0.444131 0.802831 0.440028 0.801284 0.436188 0.796894 0.431712 0.791126 0.429257 0.786986 0.429217 0.784368 0.429318 0.783718 0.429480 0.781751 0.430272 0.777926 0.431813 0.773469 0.436185 0.771024 0.441930
0 0.546040 0.197166 0.546432 0.203398 0.548245 0.207101 0.549178 0.209005 0.550768 0.210408 0.553861 0.213135 0.559768 0.215158 0.566000 0.214766 0.571607 0.212020 0.575736 0.207336 0.577759 0.201429 0.578072 0.200230 0.577679 0.193974 0.575858 0.190256 0.573324 0.186936 0.570219 0.184198 0.564288 0.182166 0.558032 0.182560 0.554314 0.184381 0.552312 0.185858 0.550994 0.186914 0.548256 0.190020 0.546225 0.195950
0 0.418665 0.800137 0.419965 0.804070 0.420634 0.806093 0.424731 0.810842 0.430334 0.813661 0.436590 0.814121 0.440523 0.812822 0.442545 0.812153 0.444158 0.810762 0.447295 0.808056 0.450114 0.802452 0.450314 0.801242 0.450772 0.795011 0.449478 0.791094 0.448724 0.789576 0.447426 0.787473 0.444731 0.784350 0.439150 0.781541 0.432919 0.781083 0.429002 0.782377 0.426862 0.783530 0.425381 0.784429 0.422258 0.787124 0.419449 0.792705 0.419126 0.793881
0 0.797661 0.636948 0.799897 0.642777 0.801356 0.644316 0.804193 0.647308 0.805415 0.647900 0.811141 0.650452 0.817408 0.650618 0.821273 0.649135 0.824806 0.646908 0.827810 0.644059 0.830362 0.638334 0.830528 0.632067 0.829046 0.628201 0.827719 0.625997 0.826818 0.624669 0.823970 0.621665 0.818244 0.619113 0.816970 0.618637 0.810729 0.618471 0.806879 0.619947 0.804899 0.620707 0.803360 0.622166 0.800369 0.625003 0.797827 0.630706
0 0.723225 0.730257 0.724161 0.736430 0.727390 0.741775 0.728303 0.742746 0.733351 0.746463 0.737370 0.747456 0.739025 0.747540 0.741542 0.747646 0.745635 0.747025 0.751001 0.743785 0.754718 0.738736 0.755710 0.734717 0.755901 0.730545 0.755280 0.726453 0.752039 0.721086 0.751031 0.720202 0.746003 0.716499 0.742000 0.715511 0.739941 0.715003 0.737845 0.715321 0.733768 0.715940 0.728424 0.719168 0.724721 0.724195 0.723733 0.728198
0 0.171165 0.082048 0.171481 0.087716 0.172959 0.089572 0.173758 0.090288 0.175158 0.090871 0.180462 0.092376 0.182484 0.092764 0.188474 0.093119 0.194400 0.092787 0.196355 0.092408 0.201394 0.090931 0.202692 0.090355 0.203410 0.089646 0.204585 0.087805 0.204269 0.082162 0.202934 0.080273 0.199260 0.078649 0.197407 0.078274 0.193791 0.077543 0.187365 0.077135 0.180987 0.077491 0.175662 0.078556 0.172215 0.080159
0 0.304801 0.352783 0.306170 0.356693 0.306875 0.358703 0.308295 0.360291 0.311056 0.363378 0.311813 0.363925 0.317442 0.366634 0.323680 0.366981 0.327574 0.365617 0.329283 0.364683 0.331157 0.363501 0.334232 0.360751 0.336941 0.355121 0.337288 0.348884 0.335924 0.344990 0.334940 0.342718 0.333809 0.341406 0.331058 0.338331 0.330380 0.337681 0.324727 0.334962 0.318464 0.334612 0.314555 0.335982 0.312544 0.336687 0.307869 0.340868 0.305150 0.346521
0 0.774702 0.706709 0.774897 0.712950 0.775326 0.717002 0.775547 0.719089 0.776558 0.724219 0.777783 0.727562 0.779039 0.728591 0.784713 0.728414 0.785467 0.727568 0.785884 0.727020 0.786983 0.723990 0.787275 0.722581 0.787577 0.717350 0.787387 0.711289 0.787132 0.708956 0.786125 0.702372 0.785731 0.700456 0.784525 0.697360 0.783722 0.696613 0.782445 0.695728 0.776796 0.695903 0.775725 0.697492 0.774992 0.701287
0 0.451227 0.429078 0.451620 0.435338 0.454380 0.440971 0.454485 0.441106 0.456154 0.442610 0.459249 0.445339 0.465159 0.447363 0.471394 0.446971 0.475099 0.445156 0.476965 0.444127 0.478408 0.442631 0.481136 0.439537 0.483161 0.433626 0.482768 0.427391 0.482699 0.427100 0.480877 0.423379 0.479940 0.421467 0.475235 0.417318 0.469301 0.415286 0.463041 0.415680 0.459321 0.417502 0.457408 0.418439 0.455999 0.420036 0.453260 0.423143
0 0.810582 0.774579 0.811275 0.776583 0.812624 0.780479 0.816768 0.785149 0.818040 0.786295 0.823679 0.789034 0.827812 0.789281 0.831949 0.788711 0.835861 0.787357 0.840550 0.783197 0.843289 0.777558 0.843536 0.773425 0.842966 0.769288 0.841612 0.765376 0.837452 0.760687 0.836102 0.759644 0.830485 0.756916 0.826369 0.756670 0.824253 0.756544 0.822249 0.757237 0.818352 0.758586 0.813682 0.762730 0.810954 0.768346 0.810708 0.772462
0 0.511917 0.789536 0.512066 0.793657 0.512143 0.795776 0.512171 0.796453 0.513077 0.798900 0.514799 0.802665 0.519388 0.806935 0.525263 0.809122 0.529401 0.808973 0.533464 0.808010 0.537229 0.806289 0.541499 0.801699 0.543687 0.795824 0.543537 0.791687 0.543385 0.789062 0.543286 0.788401 0.542405 0.786472 0.540690 0.782722 0.536118 0.778470 0.530267 0.776290 0.524027 0.776517 0.522099 0.777398 0.518349 0.779113 0.514096 0.783684
0 0.618001 0.313321 0.620268 0.319143 0.624592 0.323652 0.628369 0.325312 0.630535 0.325866 0.632432 0.326210 0.636557 0.326298 0.642379 0.324030 0.646888 0.319707 0.647479 0.318982 0.650002 0.313240 0.650135 0.306969 0.647858 0.301124 0.643517 0.296596 0.637775 0.294073 0.631504 0.293940 0.625659 0.296216 0.621130 0.300557 0.620646 0.301355 0.618987 0.305133 0.618336 0.306744 0.618088 0.309196
0 0.948731 0.902367 0.948841 0.906489 0.948898 0.908609 0.949762 0.910546 0.951442 0.914311 0.955974 0.918606 0.957805 0.920288 0.963659 0.922530 0.967798 0.922419 0.971870 0.921495 0.975651 0.919808 0.979963 0.915258 0.982206 0.909404 0.982095 0.905265 0.981170 0.901193 0.979484 0.897412 0.974934 0.893100 0.973034 0.891527 0.967203 0.889294 0.963081 0.889404 0.960961 0.889462 0.959025 0.890325 0.955259 0.892005 0.950964 0.896537
0 0.735659 0.393589 0.736623 0.399758 0.739876 0.405087 0.741589 0.406337 0.744920 0.408767 0.750989 0.410236 0.757158 0.409271 0.758191 0.408906 0.761725 0.406750 0.763089 0.405803 0.764797 0.403921 0.767236 0.400576 0.768712 0.394483 0.767742 0.388290 0.765586 0.384756 0.762757 0.381684 0.759412 0.379244 0.753319 0.377769 0.747126 0.378738 0.746136 0.379223 0.742617 0.381371 0.740807 0.382476 0.739557 0.384189 0.737127 0.387520
0 0.127828 0.594902 0.128371 0.599042 0.129699 0.602963 0.133829 0.607679 0.139450 0.610455 0.143581 0.610729 0.146314 0.610679 0.147122 0.610426 0.149131 0.609746 0.153036 0.608423 0.157733 0.604309 0.160498 0.598711 0.160771 0.594597 0.160911 0.592481 0.160231 0.590473 0.158908 0.586567 0.154794 0.581870 0.149196 0.579105 0.142966 0.578693 0.142148 0.578873 0.139515 0.579692 0.135594 0.581020 0.130878 0.585150 0.128102 0.590771
0 0.203551 0.259989 0.203833 0.266129 0.206548 0.271793 0.209673 0.274645 0.213324 0.276896 0.217299 0.278423 0.223684 0.278380 0.229460 0.275994 0.232295 0.273116 0.233833 0.271004 0.234485 0.269714 0.235911 0.265975 0.236111 0.264473 0.235816 0.258340 0.233105 0.252685 0.229991 0.249831 0.228389 0.248363 0.226349 0.247570 0.222378 0.246028 0.215980 0.246038 0.210166 0.248400 0.207300 0.251278 0.205826 0.252760 0.205079 0.254693 0.203626 0.258456
