0 0.723372 0.872751 0.723945 0.876836 0.724626 0.879588 0.725317 0.880765 0.727411 0.884320 0.728325 0.885865 0.733334 0.889640 0.739407 0.891211 0.745619 0.890338 0.751023 0.887155 0.754799 0.882146 0.756369 0.876073 0.755793 0.871971 0.755496 0.869861 0.752313 0.864457 0.751303 0.862998 0.746314 0.859237 0.740265 0.857674 0.736180 0.858247 0.732251 0.859619 0.728696 0.861713 0.724936 0.866702
0 0.797449 0.235269 0.797569 0.241516 0.800071 0.247240 0.803044 0.250101 0.806548 0.252346 0.810390 0.253850 0.816636 0.253730 0.822361 0.251228 0.823656 0.250228 0.828005 0.245708 0.828782 0.243725 0.830293 0.239868 0.830172 0.233597 0.827660 0.227849 0.823140 0.223500 0.821157 0.222723 0.817300 0.221212 0.811028 0.221333 0.805281 0.223845 0.804059 0.224951 0.801198 0.227924 0.800243 0.228988 0.798953 0.231428
0 0.059343 0.355012 0.060552 0.361167 0.064024 0.366391 0.069231 0.369888 0.070218 0.370186 0.073035 0.370828 0.077080 0.371642 0.083210 0.370439 0.088413 0.366980 0.090713 0.363555 0.092315 0.359714 0.093130 0.355670 0.091926 0.349539 0.088468 0.344337 0.085043 0.342036 0.082566 0.340580 0.081607 0.340214 0.079519 0.339793 0.075458 0.338975 0.069303 0.340183 0.064079 0.343656 0.061770 0.347094 0.060582 0.348863 0.060161 0.350951
0 0.682943 0.672515 0.683061 0.674632 0.683291 0.678749 0.685998 0.684375 0.686745 0.685116 0.691419 0.689294 0.695326 0.690663 0.696996 0.691038 0.699461 0.691248 0.703594 0.691017 0.709243 0.688299 0.713422 0.683626 0.714790 0.679719 0.715123 0.677404 0.715375 0.675584 0.715144 0.671450 0.712426 0.665801 0.707753 0.661623 0.706922 0.660976 0.701029 0.658912 0.698912 0.659030 0.694795 0.659261 0.689169 0.661968 0.685007 0.666622
0 0.047105 0.446350 0.047344 0.448580 0.048488 0.454716 0.048986 0.456444 0.050718 0.458918 0.051458 0.459728 0.053476 0.459910 0.059126 0.460052 0.061012 0.457818 0.062509 0.453531 0.063400 0.447843 0.063557 0.441602 0.062956 0.435725 0.061682 0.431085 0.059920 0.428388 0.057931 0.428063 0.052255 0.427921 0.051475 0.428704 0.050754 0.429496 0.048730 0.433197 0.048147 0.434795 0.047257 0.440287
0 0.585397 0.129781 0.587547 0.135646 0.590341 0.138682 0.593703 0.141135 0.597446 0.142870 0.603689 0.143128 0.609554 0.140978 0.612590 0.138184 0.614347 0.136123 0.615043 0.134822 0.616778 0.131079 0.617248 0.129596 0.617507 0.123329 0.615348 0.117440 0.611100 0.112825 0.605409 0.110187 0.599142 0.109928 0.593253 0.112087 0.590205 0.114892 0.588638 0.116335 0.587742 0.118267 0.586000 0.122025 0.585656 0.123538
0 0.787736 0.369209 0.788800 0.373195 0.790636 0.376930 0.793144 0.380206 0.798551 0.383336 0.804744 0.384157 0.808731 0.383094 0.811315 0.382345 0.812029 0.382075 0.813721 0.380780 0.817010 0.378262 0.820153 0.372834 0.820978 0.366615 0.819361 0.360555 0.815548 0.355574 0.810119 0.352432 0.803901 0.351607 0.797841 0.353224 0.797159 0.353560 0.794964 0.355101 0.791688 0.357609 0.788558 0.363016
0 0.690560 0.055239 0.690692 0.059363 0.691634 0.063416 0.693335 0.067175 0.697891 0.071449 0.703737 0.073653 0.707861 0.073521 0.711914 0.072579 0.715673 0.070878 0.719947 0.066322 0.720831 0.064579 0.723044 0.058710 0.722912 0.054569 0.722843 0.052440 0.720258 0.046725 0.715683 0.042435 0.709814 0.040221 0.703545 0.040422 0.697830 0.043007 0.693539 0.047582 0.692764 0.049393
0 0.818149 0.304660 0.818497 0.308771 0.819651 0.312770 0.821546 0.316434 0.826321 0.320464 0.832274 0.322358 0.836385 0.322010 0.839080 0.321525 0.840383 0.320856 0.844048 0.318961 0.845431 0.318234 0.849476 0.313440 0.851379 0.307463 0.851029 0.303335 0.850849 0.301213 0.849871 0.299321 0.847968 0.295641 0.843174 0.291596 0.837197 0.289694 0.833070 0.290043 0.830947 0.290223 0.829055 0.291201 0.825375 0.293104 0.824073 0.293932 0.820044 0.298707
0 0.900221 0.414409 0.901062 0.418446 0.901495 0.420522 0.902688 0.422274 0.905010 0.425682 0.910232 0.429104 0.916367 0.430267 0.918039 0.429987 0.922092 0.429143 0.923448 0.428831 0.925936 0.427510 0.929357 0.425179 0.932793 0.419936 0.933961 0.413776 0.933117 0.409723 0.931484 0.405880 0.929153 0.402458 0.923910 0.399022 0.917750 0.397855 0.913697 0.398699 0.910906 0.399307 0.909966 0.399537 0.908214 0.400730 0.904806 0.403052 0.901384 0.408275
0 0.019304 0.562602 0.021592 0.568442 0.025941 0.572962 0.031689 0.575474 0.037960 0.575595 0.039809 0.575292 0.043651 0.573787 0.044845 0.573139 0.047155 0.571542 0.050128 0.568682 0.052631 0.562957 0.052751 0.556711 0.051246 0.552870 0.049001 0.549365 0.046140 0.546392 0.040416 0.543890 0.034170 0.543770 0.032297 0.543945 0.026457 0.546234 0.021937 0.550582 0.019425 0.556330
0 0.536411 0.417676 0.536506 0.423922 0.538142 0.427710 0.539050 0.429537 0.540506 0.431135 0.543467 0.434008 0.549274 0.436312 0.555520 0.436217 0.559308 0.434582 0.561361 0.433626 0.562733 0.432218 0.565606 0.429257 0.565870 0.428973 0.568183 0.423142 0.568088 0.416870 0.565601 0.411112 0.561099 0.406744 0.555269 0.404431 0.548997 0.404526 0.545194 0.406168 0.543239 0.407013 0.541755 0.408542 0.538871 0.411514 0.538715 0.411869
0 0.539528 0.201120 0.540605 0.207270 0.543954 0.212540 0.547328 0.214910 0.549064 0.216128 0.555158 0.217487 0.561308 0.216410 0.566578 0.213062 0.568948 0.209687 0.570166 0.207952 0.570327 0.207282 0.570911 0.204701 0.571812 0.200660 0.570732 0.194485 0.567369 0.189194 0.563981 0.186815 0.560161 0.185128 0.556120 0.184228 0.549945 0.185308 0.544654 0.188670 0.542275 0.192058 0.540982 0.194327 0.540589 0.195879 0.539688 0.199919
0 0.259549 0.732022 0.261265 0.738055 0.265160 0.742972 0.270640 0.746024 0.276870 0.746747 0.282903 0.745030 0.287821 0.741136 0.288669 0.740170 0.290677 0.736566 0.291351 0.735116 0.291954 0.732605 0.292429 0.728507 0.290720 0.722497 0.286841 0.717601 0.283236 0.715593 0.279275 0.714316 0.275177 0.713841 0.269168 0.715550 0.264271 0.719430 0.263324 0.720311 0.261308 0.723930 0.260272 0.725791 0.260026 0.727907
0 0.216299 0.651523 0.216374 0.652671 0.220711 0.656334 0.221968 0.655631 0.224667 0.653153 0.225934 0.651839 0.228390 0.649291 0.232576 0.644629 0.236605 0.639859 0.238769 0.637103 0.239883 0.635683 0.240574 0.634680 0.241922 0.632723 0.242406 0.631432 0.238088 0.627785 0.236931 0.627883 0.235801 0.628432 0.234807 0.629323 0.231088 0.632935 0.229682 0.634377 0.225619 0.638880 0.221706 0.643513 0.220469 0.645098 0.217403 0.649260 0.216661 0.650361
0 0.714351 0.148350 0.714866 0.150407 0.715869 0.154407 0.719589 0.159421 0.724945 0.162631 0.729024 0.163235 0.731122 0.163545 0.733178 0.163030 0.737178 0.162028 0.742192 0.158307 0.743165 0.156935 0.746387 0.151557 0.746994 0.147462 0.746789 0.143291 0.745782 0.139275 0.742047 0.134240 0.736669 0.131019 0.732574 0.130412 0.728403 0.130617 0.724387 0.131624 0.719353 0.135359 0.718475 0.136818 0.715266 0.142174
0 0.595606 0.043418 0.597480 0.049374 0.601492 0.054159 0.603372 0.055139 0.607029 0.057045 0.613249 0.057592 0.619204 0.055717 0.622364 0.053068 0.623989 0.051705 0.624969 0.049825 0.626875 0.046168 0.627384 0.044345 0.627934 0.038101 0.626051 0.032121 0.623392 0.028948 0.620136 0.026333 0.616465 0.024420 0.610220 0.023870 0.604241 0.025753 0.601068 0.028412 0.599266 0.030588 0.598453 0.031668 0.596539 0.035339 0.596153 0.037198
0 0.836364 0.125875 0.837808 0.131953 0.840225 0.135297 0.843275 0.138129 0.846787 0.140293 0.852956 0.141285 0.859034 0.139840 0.862377 0.137423 0.864722 0.135555 0.865560 0.134718 0.868850 0.129378 0.869845 0.123184 0.868395 0.117082 0.865969 0.113725 0.864720 0.111999 0.862907 0.110881 0.859380 0.108709 0.853187 0.107713 0.847085 0.109163 0.842001 0.112838 0.841218 0.113725 0.839520 0.116194 0.837356 0.119707
0 0.378060 0.828783 0.378796 0.835008 0.381859 0.840478 0.385110 0.843041 0.388831 0.844937 0.392815 0.846060 0.399041 0.845324 0.404510 0.842261 0.407074 0.839010 0.408549 0.836758 0.408970 0.835289 0.410093 0.831304 0.410453 0.829979 0.409719 0.823778 0.406669 0.818330 0.401765 0.814465 0.395756 0.812770 0.389555 0.813504 0.384107 0.816555 0.380242 0.821458 0.379968 0.822195 0.379183 0.824798
0 0.717583 0.102033 0.717946 0.106179 0.719101 0.110140 0.723011 0.115013 0.728489 0.118017 0.732590 0.118466 0.736736 0.118103 0.740697 0.116948 0.745569 0.113038 0.746556 0.111483 0.749573 0.105983 0.750255 0.099748 0.748500 0.093726 0.744573 0.088835 0.739074 0.085817 0.732839 0.085135 0.726817 0.086890 0.721925 0.090817 0.718909 0.096316 0.718032 0.097932
0 0.390312 0.927840 0.390736 0.934095 0.392575 0.937804 0.395124 0.941112 0.398242 0.943835 0.404182 0.945838 0.410437 0.945415 0.414146 0.943576 0.417454 0.941027 0.420177 0.937908 0.422180 0.931968 0.422491 0.930240 0.422070 0.924010 0.419296 0.918416 0.417699 0.917021 0.414594 0.914309 0.408677 0.912314 0.402447 0.912736 0.398753 0.914567 0.396853 0.915509 0.395458 0.917106 0.392746 0.920212 0.390752 0.926129
0 0.753284 0.822468 0.753744 0.828101 0.754892 0.829584 0.755721 0.830291 0.759043 0.831418 0.761024 0.831678 0.767760 0.832140 0.770125 0.832178 0.776169 0.831684 0.781286 0.830680 0.782620 0.830148 0.785389 0.828416 0.785798 0.828030 0.786603 0.826995 0.786141 0.821337 0.784853 0.819891 0.781279 0.818762 0.777777 0.818334 0.775982 0.818115 0.769762 0.818041 0.763539 0.818549 0.758230 0.819564 0.755854 0.820470 0.754628 0.820938
0 0.605352 0.554729 0.605612 0.558846 0.608362 0.564456 0.613050 0.568586 0.613504 0.568862 0.619439 0.570891 0.621565 0.570757 0.625699 0.570496 0.631331 0.567735 0.635478 0.563028 0.637508 0.557094 0.637112 0.550834 0.634351 0.545202 0.629645 0.541055 0.625725 0.539714 0.623710 0.539025 0.623426 0.538936 0.621097 0.539002 0.616980 0.539263 0.611370 0.542013 0.607240 0.546700 0.605905 0.550604 0.605399 0.552702
0 0.269384 0.106666 0.269466 0.112935 0.271941 0.118694 0.272854 0.120220 0.275808 0.123097 0.277327 0.124576 0.279296 0.125362 0.283126 0.126889 0.289369 0.126807 0.295106 0.124342 0.297983 0.121388 0.299462 0.119869 0.300248 0.117899 0.301775 0.114069 0.301693 0.107826 0.299228 0.102089 0.298421 0.100491 0.295456 0.097603 0.294285 0.096812 0.291953 0.095329 0.288108 0.093795 0.281840 0.093877 0.276080 0.096353 0.273191 0.099318 0.270917 0.102821
0 0.929665 0.348118 0.930553 0.354302 0.933742 0.359674 0.937044 0.362147 0.940798 0.363943 0.944796 0.364963 0.950980 0.364075 0.952792 0.363528 0.958187 0.360328 0.961946 0.355306 0.962473 0.353243 0.963498 0.349229 0.962605 0.343020 0.959404 0.337626 0.956088 0.335143 0.954383 0.333867 0.948305 0.332315 0.942097 0.333208 0.940327 0.333875 0.934954 0.337063 0.932481 0.340366 0.930685 0.344120
0 0.378598 0.882748 0.380318 0.888776 0.382890 0.892020 0.386074 0.894722 0.389692 0.896734 0.395919 0.897453 0.401948 0.895733 0.405191 0.893161 0.407019 0.891164 0.407894 0.889977 0.409906 0.886359 0.410266 0.884813 0.410982 0.878611 0.409269 0.872606 0.406707 0.869376 0.405389 0.867715 0.403536 0.866684 0.399933 0.864680 0.393730 0.863964 0.387725 0.865677 0.384495 0.868239 0.382834 0.869557 0.381803 0.871410 0.379799 0.875014 0.379317 0.876520
0 0.414067 0.356314 0.414418 0.358136 0.415390 0.362160 0.415728 0.362712 0.419404 0.367759 0.424732 0.371015 0.428805 0.371655 0.430900 0.371984 0.432961 0.371487 0.436969 0.370520 0.442016 0.366843 0.445273 0.361516 0.446242 0.355348 0.444777 0.349278 0.444555 0.348673 0.440865 0.343605 0.435515 0.340336 0.431426 0.339693 0.429444 0.339639 0.427253 0.339862 0.423229 0.340834 0.418161 0.344524 0.414892 0.349873 0.414249 0.353963
0 0.789069 0.319640 0.789972 0.325818 0.793171 0.331180 0.798179 0.334909 0.804233 0.336439 0.810411 0.335534 0.811658 0.334874 0.817041 0.331662 0.819514 0.328341 0.820234 0.326932 0.821307 0.324570 0.822321 0.320556 0.821414 0.314353 0.818201 0.308970 0.814881 0.306497 0.811110 0.304704 0.807096 0.303690 0.800893 0.304597 0.795510 0.307810 0.794327 0.308578 0.791864 0.311885 0.790598 0.313586
0 0.030261 0.928790 0.030484 0.932923 0.033192 0.938577 0.037858 0.942764 0.041763 0.944140 0.045897 0.944732 0.050031 0.944508 0.055684 0.941801 0.057462 0.940033 0.061632 0.935386 0.063002 0.931496 0.063706 0.929496 0.063592 0.927379 0.063370 0.923262 0.060672 0.917631 0.056025 0.913461 0.050136 0.911386 0.043901 0.911723 0.038270 0.914421 0.036415 0.916085 0.032229 0.920751 0.030853 0.924656
0 0.847322 0.604341 0.849380 0.610240 0.853540 0.614901 0.857255 0.616695 0.859783 0.617819 0.860610 0.618089 0.862736 0.618211 0.866872 0.618446 0.872794 0.616379 0.877474 0.612204 0.880201 0.606555 0.880558 0.600292 0.878491 0.594370 0.874315 0.589689 0.870584 0.587889 0.868666 0.586964 0.867821 0.586764 0.865072 0.586495 0.860953 0.586260 0.855054 0.588318 0.850393 0.592478 0.848600 0.596193 0.847557 0.600222
0 0.233010 0.243440 0.234184 0.249601 0.236458 0.253064 0.237628 0.254844 0.238229 0.255406 0.240432 0.257018 0.243845 0.259337 0.249962 0.260605 0.256099 0.259435 0.259547 0.257170 0.262513 0.254251 0.264833 0.250839 0.266101 0.244721 0.264930 0.238584 0.262665 0.235136 0.261091 0.232904 0.260542 0.232291 0.255355 0.228764 0.249212 0.227492 0.243051 0.228667 0.237808 0.232110 0.234282 0.237298
0 0.849453 0.954770 0.850581 0.958736 0.851162 0.960775 0.851966 0.961831 0.853894 0.964295 0.856464 0.967540 0.861940 0.970592 0.868168 0.971314 0.872150 0.970182 0.875866 0.968277 0.879112 0.965707 0.882163 0.960231 0.882885 0.954003 0.881753 0.950021 0.880515 0.947204 0.879848 0.946305 0.877278 0.943060 0.875769 0.941287 0.870314 0.938248 0.864112 0.937528 0.858106 0.939237 0.856444 0.940553 0.853212 0.943113 0.850173 0.948568
0 0.480181 0.916431 0.481726 0.921893 0.482714 0.922409 0.484869 0.923463 0.486464 0.923513 0.492206 0.923092 0.494316 0.922769 0.500151 0.921118 0.505533 0.918899 0.507140 0.917940 0.510946 0.915073 0.511797 0.914182 0.512343 0.913232 0.512286 0.911372 0.510748 0.905934 0.508392 0.904907 0.504109 0.904832 0.502220 0.905131 0.498551 0.905712 0.492543 0.907411 0.486971 0.909681 0.484127 0.911334 0.482661 0.912187 0.481851 0.912989 0.480270 0.914557
0 0.147532 0.940797 0.149033 0.944658 0.149806 0.946643 0.151279 0.948182 0.154143 0.951174 0.159885 0.953700 0.166156 0.953836 0.172002 0.951563 0.176532 0.947225 0.177827 0.945435 0.180343 0.939716 0.180479 0.933470 0.178983 0.929625 0.176747 0.926115 0.173894 0.923135 0.168175 0.920619 0.161930 0.920484 0.158084 0.921979 0.155516 0.923475 0.154575 0.924215 0.151595 0.927069 0.150194 0.928785 0.147668 0.934526
0 0.252628 0.150564 0.252790 0.152688 0.253106 0.156818 0.255943 0.162413 0.256920 0.163765 0.261662 0.167831 0.265583 0.169115 0.269715 0.169612 0.273829 0.169297 0.279401 0.166472 0.283468 0.161730 0.284751 0.157809 0.285249 0.153677 0.284933 0.149563 0.282109 0.143991 0.281233 0.142560 0.276472 0.138477 0.270510 0.136526 0.264256 0.137005 0.258661 0.139841 0.254578 0.144603 0.253290 0.148540
0 0.000000 0.396206 0.000779 0.398037 0.002897 0.401597 0.007923 0.405350 0.014002 0.406894 0.015948 0.407266 0.020031 0.406674 0.023954 0.405285 0.027499 0.403176 0.031238 0.398170 0.032775 0.392115 0.032183 0.388032 0.030794 0.384109 0.028684 0.380563 0.023679 0.376825 0.021764 0.376330 0.015685 0.374786 0.009477 0.375686 0.007646 0.376775 0.004087 0.378893 0.000333 0.383919 0.000000 0.389999
0 0.420207 0.184821 0.420526 0.186082 0.422479 0.192016 0.425170 0.195144 0.426428 0.196231 0.428448 0.197708 0.432131 0.199567 0.438361 0.200034 0.444295 0.198081 0.447422 0.195390 0.448943 0.193480 0.449986 0.192112 0.451846 0.188429 0.452313 0.182199 0.452121 0.180922 0.450161 0.174964 0.446069 0.170210 0.440470 0.167383 0.434215 0.166914 0.428256 0.168875 0.423502 0.172966 0.420675 0.178565
0 0.133296 0.355610 0.133633 0.361873 0.136343 0.367531 0.141010 0.371721 0.142447 0.372234 0.146338 0.373606 0.147735 0.374095 0.150458 0.374197 0.154577 0.373975 0.160213 0.371277 0.164386 0.366628 0.165757 0.362737 0.166348 0.358618 0.166126 0.354498 0.163429 0.348863 0.158779 0.344690 0.157408 0.344065 0.153501 0.342688 0.151492 0.341981 0.149365 0.342095 0.145229 0.342317 0.139572 0.345027 0.135381 0.349694 0.134004 0.353601
0 0.766434 0.021510 0.767944 0.027569 0.771657 0.032588 0.777009 0.035805 0.783184 0.036728 0.789242 0.035219 0.794262 0.031505 0.794936 0.030432 0.796541 0.027799 0.798673 0.024251 0.799601 0.018051 0.798085 0.011968 0.795623 0.008640 0.792532 0.005831 0.788984 0.003699 0.782784 0.002771 0.776701 0.004287 0.773373 0.006749 0.771195 0.008861 0.770565 0.009840 0.768432 0.013388 0.767358 0.015335
