0 0.833595 0.876792 0.835128 0.878523 0.837306 0.879557 0.870550 0.878877 0.884337 0.849832 0.863847 0.823645 0.862184 0.822165 0.860015 0.821136
0 0.685832 0.666775 0.696309 0.698256 0.697213 0.699169 0.698922 0.700879 0.742813 0.657028 0.741104 0.655318 0.739999 0.654606 0.708528 0.644100
0 0.166901 0.455265 0.167264 0.457655 0.168789 0.457849 0.229849 0.448582 0.229487 0.446203 0.210364 0.419089 0.209030 0.418717 0.177165 0.423553 0.174787 0.430900
0 0.036471 0.378940 0.065686 0.394816 0.067672 0.395297 0.070071 0.395379 0.072174 0.333806 0.070208 0.333043 0.067799 0.332961 0.037568 0.346807
0 0.410478 0.328352 0.410887 0.329137 0.468232 0.351658 0.469110 0.349424 0.467397 0.330318 0.466839 0.324095 0.466154 0.316458 0.465999 0.315615 0.436072 0.303861 0.411360 0.326107
0 0.111208 0.154892 0.112029 0.157166 0.136176 0.180142 0.137844 0.181608 0.168018 0.170710 0.171894 0.137758 0.171076 0.135495 0.169562 0.133816
0 0.792799 0.557521 0.793146 0.560488 0.795755 0.582779 0.796647 0.590395 0.826743 0.601282 0.828243 0.601747 0.852344 0.578840 0.853164 0.576572 0.794964 0.555517 0.793615 0.555263
0 0.319014 0.283061 0.323091 0.316060 0.324425 0.318069 0.325228 0.318901 0.376539 0.284801 0.375972 0.283812 0.374638 0.281804 0.345792 0.265265
0 0.023713 0.055022 0.039545 0.115011 0.041656 0.116775 0.043982 0.116161 0.068889 0.094241 0.060702 0.063220 0.058679 0.061209 0.044961 0.058348 0.028996 0.055019 0.026050 0.054405
0 0.282478 0.350853 0.309228 0.406833 0.310103 0.407260 0.312274 0.406223 0.332653 0.380040 0.318820 0.351092 0.317986 0.350407 0.303975 0.350156 0.297540 0.350041 0.284659 0.349811
0 0.347114 0.749798 0.350509 0.755400 0.369738 0.747247 0.370998 0.746610 0.372568 0.745704 0.386540 0.737234 0.388174 0.736199 0.389617 0.735196 0.390649 0.734380 0.404427 0.722716 0.404594 0.722326 0.401204 0.716734 0.400232 0.717018 0.390635 0.719824 0.363267 0.736415 0.356671 0.741790 0.353602 0.744291 0.347381 0.749361
0 0.475050 0.886223 0.476308 0.888280 0.504513 0.905889 0.531939 0.889111 0.531793 0.887332 0.530607 0.873467 0.530062 0.867099 0.529226 0.857331 0.528971 0.854354 0.527718 0.852306 0.475164 0.884457
0 0.835334 0.681824 0.835992 0.686019 0.837091 0.693024 0.838223 0.700233 0.838816 0.700584 0.845089 0.702471 0.853679 0.682450 0.854314 0.680702 0.859019 0.665056 0.859464 0.663216 0.863248 0.642092 0.862611 0.641843 0.856349 0.639960 0.855263 0.640992 0.851729 0.644351 0.847239 0.648619 0.844551 0.651175
0 0.184806 0.912286 0.195922 0.973171 0.198294 0.972738 0.224880 0.952768 0.226138 0.950698 0.220390 0.919214 0.191477 0.910804 0.188608 0.909970 0.186247 0.910401
0 0.451767 0.576343 0.456105 0.608280 0.487653 0.619038 0.490049 0.618712 0.490094 0.618168 0.481780 0.556972 0.479396 0.557296 0.451987 0.575994
0 0.253772 0.193028 0.253812 0.195445 0.269212 0.225006 0.270270 0.226266 0.302348 0.225733 0.316691 0.195814 0.316651 0.193408 0.315807 0.191996
0 0.606876 0.282165 0.610780 0.315114 0.612102 0.317125 0.663707 0.283197 0.664461 0.282199 0.663133 0.280179 0.660530 0.278669 0.640979 0.267330 0.634299 0.263456 0.607368 0.281162
0 0.456203 0.737688 0.458593 0.738010 0.490056 0.727255 0.494360 0.695393 0.494386 0.694500 0.467030 0.675868 0.464651 0.675547 0.464489 0.676353
0 0.046407 0.204989 0.047578 0.207760 0.056379 0.228577 0.059386 0.235689 0.061405 0.236901 0.093423 0.238942 0.110119 0.210270 0.110272 0.207868 0.108478 0.206523 0.046560 0.202576
0 0.482394 0.493483 0.483181 0.495769 0.483258 0.495788 0.541651 0.475678 0.541843 0.475567 0.541056 0.473281 0.522768 0.455352 0.517254 0.449947 0.486780 0.460441 0.484089 0.480713
0 0.906373 0.844063 0.908244 0.845647 0.924909 0.857498 0.932956 0.863220 0.935408 0.864963 0.937796 0.865335 0.947343 0.804031 0.945293 0.802638 0.942915 0.802268 0.911309 0.812363
0 0.125333 0.880438 0.152284 0.936154 0.154455 0.935104 0.156035 0.933114 0.157859 0.930748 0.163844 0.922982 0.171559 0.912971 0.176239 0.906898 0.162303 0.878087 0.154636 0.877986 0.129207 0.877654 0.127046 0.878699
0 0.043163 0.909831 0.088236 0.952465 0.089897 0.950709 0.091777 0.948643 0.101390 0.916888 0.078082 0.894841 0.046910 0.906204 0.044824 0.908075
0 0.256454 0.866733 0.258827 0.899980 0.260059 0.902060 0.313437 0.870434 0.314291 0.868736 0.313065 0.866666 0.285172 0.848698 0.257570 0.865052
0 0.288485 0.651345 0.288499 0.653762 0.300088 0.676600 0.303583 0.683486 0.335812 0.683294 0.336565 0.682454 0.351226 0.652690 0.351212 0.650284 0.289454 0.650651
0 0.879331 0.128798 0.908381 0.144827 0.910785 0.144925 0.912677 0.143290 0.915191 0.081298 0.912776 0.081200 0.910032 0.082435 0.889424 0.091715 0.882384 0.094886 0.880631 0.096742
0 0.391557 0.666784 0.418983 0.685584 0.421371 0.685914 0.421731 0.685064 0.430161 0.624034 0.427783 0.623706 0.415666 0.627807 0.396432 0.634318 0.395956 0.634935
0 0.063484 0.456584 0.065857 0.457015 0.067841 0.457212 0.080122 0.453631 0.099617 0.447946 0.105344 0.416458 0.078866 0.396597 0.076932 0.396122 0.074560 0.395691
0 0.189916 0.456795 0.191633 0.460574 0.206409 0.482202 0.238489 0.477317 0.252642 0.451283 0.252587 0.449381 0.251101 0.445563 0.189923 0.454880
0 0.058790 0.643866 0.064480 0.649087 0.073858 0.657692 0.081133 0.664367 0.083350 0.666401 0.085674 0.667066 0.087573 0.666300 0.104568 0.606926 0.102254 0.606264 0.069640 0.612363 0.067659 0.612880
0 0.029900 0.880540 0.052887 0.903133 0.072231 0.896498 0.084417 0.892318 0.086321 0.890520 0.088008 0.888804 0.043961 0.845514 0.041862 0.847104 0.040167 0.848829
0 0.396481 0.769414 0.412355 0.797464 0.420067 0.797068 0.445643 0.795753 0.447747 0.794562 0.447986 0.793212 0.417568 0.739464 0.415474 0.740649 0.396955 0.768180
0 0.495995 0.740871 0.509542 0.752688 0.539018 0.766967 0.541966 0.767158 0.551536 0.767777 0.554332 0.762006 0.554238 0.761557 0.538380 0.750860 0.536946 0.749993 0.535279 0.749125 0.520845 0.742132 0.519193 0.741392 0.517801 0.740891 0.498793 0.734697 0.496002 0.740458
0 0.841491 0.286793 0.853562 0.317698 0.855347 0.319311 0.856984 0.318480 0.898579 0.272445 0.896785 0.270824 0.893886 0.270018 0.878173 0.265650 0.864672 0.261897 0.863000 0.262988
0 0.565819 0.885868 0.566123 0.887645 0.593420 0.904781 0.621896 0.887456 0.623181 0.885409 0.622616 0.883643 0.570310 0.850807 0.569031 0.852844
0 0.191529 0.506935 0.213121 0.528225 0.215264 0.530337 0.217563 0.531086 0.218857 0.530943 0.237973 0.472217 0.235684 0.471472 0.234468 0.471341 0.215363 0.474208 0.201505 0.476288
0 0.763896 0.774885 0.765111 0.776150 0.789534 0.797182 0.817508 0.785479 0.820283 0.784317 0.821861 0.782486 0.820385 0.781191 0.773587 0.740891 0.772017 0.742715
0 0.504726 0.724678 0.504747 0.725712 0.505821 0.727878 0.508222 0.729692 0.526256 0.743315 0.532418 0.747969 0.561294 0.733654 0.561321 0.725933 0.561343 0.719641 0.561399 0.703331 0.561409 0.700322 0.561128 0.699405 0.560059 0.697249
