0 0.137534 0.503037 0.166249 0.517673 0.167779 0.517593 0.194476 0.497891 0.195569 0.495748 0.140546 0.467701 0.138891 0.467552 0.137793 0.469706 0.137594 0.495315
0 0.459028 0.680420 0.470172 0.741454 0.472550 0.741020 0.474956 0.739213 0.493027 0.725639 0.499200 0.721002 0.499205 0.719989 0.493442 0.688428 0.461583 0.679161 0.459216 0.679593
0 0.674874 0.665461 0.679741 0.671386 0.683707 0.676214 0.693987 0.688728 0.695884 0.691037 0.696783 0.691914 0.698986 0.692896 0.724192 0.636369 0.723167 0.635746 0.720974 0.634768 0.717990 0.634900 0.695568 0.635892 0.687908 0.636231
0 0.732470 0.213686 0.787775 0.241173 0.789100 0.239981 0.790176 0.237817 0.790130 0.218498 0.790115 0.212206 0.790096 0.204484 0.761234 0.190140 0.734616 0.210203 0.733541 0.211531
0 0.449618 0.382127 0.449848 0.382666 0.472628 0.405146 0.479886 0.402674 0.501130 0.395436 0.503958 0.394472 0.505644 0.392764 0.505670 0.392271 0.461617 0.348798 0.459923 0.350514
0 0.082751 0.897395 0.084686 0.898835 0.117421 0.904666 0.119170 0.902816 0.138281 0.877143 0.124719 0.850260 0.123373 0.847593 0.121447 0.846159 0.119709 0.847749
0 0.714022 0.685935 0.715007 0.686792 0.775221 0.701746 0.775804 0.699400 0.775147 0.696464 0.770210 0.674409 0.768523 0.666873 0.767293 0.666108 0.736156 0.658375 0.714602 0.683600
0 0.315490 0.696692 0.316169 0.729935 0.345214 0.743723 0.371402 0.723234 0.371990 0.722213 0.373019 0.720045 0.317363 0.693624 0.316524 0.694513
0 0.676857 0.943548 0.677669 0.945585 0.706567 0.962031 0.708975 0.962161 0.712299 0.900358 0.711329 0.898528 0.708932 0.898399 0.691338 0.906044 0.678575 0.911590
0 0.817751 0.487535 0.818317 0.489874 0.819783 0.489828 0.880086 0.475240 0.879518 0.472890 0.877578 0.470591 0.867059 0.458127 0.863001 0.453319 0.858020 0.447418 0.856379 0.447659 0.825196 0.455202
0 0.498622 0.596233 0.498649 0.598650 0.560688 0.597939 0.560661 0.595522 0.545414 0.565882 0.545206 0.565580 0.513125 0.565947 0.498628 0.595791
0 0.371878 0.083372 0.372576 0.085679 0.373159 0.087574 0.390636 0.106048 0.395906 0.111618 0.426537 0.102342 0.428886 0.088626 0.432124 0.069718 0.431812 0.067742 0.431113 0.065434
0 0.348692 0.281518 0.348957 0.281900 0.354336 0.285620 0.355394 0.284917 0.361060 0.281152 0.363215 0.279720 0.365835 0.277979 0.384040 0.251656 0.390136 0.233854 0.389943 0.233387 0.384555 0.229661 0.370830 0.244877 0.369828 0.245991 0.368726 0.247466 0.359433 0.260904 0.358404 0.262510 0.357607 0.263996
0 0.417783 0.899327 0.458636 0.946021 0.460455 0.944429 0.467771 0.926550 0.473077 0.913580 0.473201 0.911685 0.452076 0.887539 0.419971 0.895912 0.418160 0.897496
0 0.537116 0.534622 0.540464 0.535625 0.542454 0.536141 0.553402 0.533001 0.570592 0.528070 0.578982 0.497022 0.570543 0.488123 0.558782 0.475721 0.556806 0.475152 0.553393 0.474389
0 0.288926 0.583711 0.317613 0.598228 0.318447 0.597779 0.324604 0.593208 0.329620 0.589484 0.345022 0.578048 0.346106 0.575906 0.291135 0.548088 0.290176 0.548309 0.289087 0.550461
0 0.639635 0.485528 0.642815 0.492505 0.652126 0.512925 0.653366 0.515644 0.655233 0.517152 0.655946 0.517231 0.694833 0.469081 0.692957 0.467566 0.660477 0.460448 0.659743 0.460629
0 0.665609 0.928244 0.666376 0.930226 0.717090 0.966494 0.718503 0.964518 0.723745 0.931435 0.722715 0.929448 0.696491 0.910694 0.669676 0.924871 0.667016 0.926278
0 0.780764 0.693453 0.782056 0.694344 0.784195 0.695470 0.817520 0.696170 0.832536 0.667651 0.820612 0.651037 0.813100 0.640571 0.810961 0.639445 0.809536 0.638806
0 0.444948 0.164347 0.445385 0.172056 0.446106 0.184764 0.446836 0.197625 0.447080 0.199011 0.448276 0.201099 0.501861 0.170395 0.501870 0.168877 0.500668 0.166780 0.498163 0.165114 0.472913 0.148323
0 0.310211 0.780459 0.310512 0.782852 0.371920 0.775132 0.372506 0.773874 0.372207 0.771493 0.370548 0.769008 0.353827 0.743966 0.322073 0.747958 0.321256 0.749097
0 0.630282 0.128903 0.685072 0.157402 0.685924 0.155825 0.687039 0.153680 0.687088 0.150672 0.687449 0.128073 0.687572 0.120352 0.658979 0.105479 0.647635 0.113707 0.642425 0.117486 0.631997 0.125050 0.630881 0.127195
0 0.642715 0.390460 0.643991 0.392500 0.672305 0.409797 0.673098 0.409382 0.700426 0.392296 0.699096 0.378346 0.697547 0.362110 0.697261 0.359115 0.695980 0.357065 0.643372 0.389955
0 0.213124 0.892511 0.221163 0.953878 0.223554 0.953565 0.251111 0.934958 0.252249 0.932969 0.248092 0.901236 0.219639 0.891382 0.216815 0.890405 0.214435 0.890717
0 0.831370 0.577280 0.833257 0.639009 0.834791 0.639650 0.837207 0.639576 0.859754 0.627428 0.866552 0.623765 0.865567 0.591550 0.838043 0.578824 0.835312 0.577562 0.833776 0.577206
0 0.007903 0.508746 0.064414 0.534356 0.066410 0.534198 0.067403 0.532006 0.066138 0.498851 0.036916 0.485608 0.034783 0.485542 0.011237 0.504648 0.008901 0.506544
0 0.706910 0.318506 0.706930 0.319722 0.707150 0.321372 0.707538 0.323206 0.711388 0.338776 0.711885 0.340522 0.712419 0.341920 0.712907 0.342758 0.724425 0.357451 0.730773 0.355881 0.731178 0.355629 0.716044 0.294422 0.709685 0.295994 0.709318 0.296351
0 0.165911 0.600270 0.167943 0.632436 0.175054 0.635447 0.198637 0.645432 0.201050 0.645280 0.202420 0.644614 0.198525 0.582978 0.196123 0.583130 0.194724 0.583513 0.192123 0.585025
0 0.873091 0.324123 0.873760 0.357296 0.902738 0.371062 0.904593 0.370468 0.920702 0.357872 0.928479 0.351790 0.930849 0.349936 0.931887 0.347753 0.875846 0.321130 0.874123 0.321950
0 0.511476 0.529869 0.511528 0.530006 0.533861 0.554640 0.536109 0.555514 0.558530 0.497826 0.556283 0.496953 0.556025 0.496967 0.553050 0.497244 0.536925 0.498747 0.530704 0.499327 0.523070 0.500039
0 0.074202 0.404920 0.074733 0.407279 0.076682 0.407703 0.136929 0.394121 0.136400 0.391773 0.115398 0.366087 0.113627 0.365471 0.082186 0.372559 0.080336 0.380056 0.077287 0.392413 0.074922 0.401999
0 0.813920 0.242493 0.858752 0.284751 0.860400 0.283762 0.862054 0.282007 0.871632 0.250166 0.848235 0.228113 0.817016 0.239556 0.815566 0.240747
0 0.208071 0.471250 0.208940 0.473506 0.210274 0.473627 0.267910 0.451441 0.267045 0.449196 0.242537 0.426830 0.241352 0.426494 0.211273 0.438072 0.210531 0.445758 0.208360 0.468255
0 0.290258 0.415287 0.304678 0.475631 0.305574 0.475743 0.307914 0.475183 0.333329 0.453854 0.325872 0.422650 0.325070 0.422294 0.305154 0.417650 0.295539 0.415408 0.292609 0.414725
0 0.500329 0.843888 0.500330 0.845471 0.501698 0.847464 0.524104 0.859868 0.530860 0.863607 0.557432 0.845367 0.554621 0.825112 0.553263 0.815332 0.552849 0.812351 0.552607 0.810920 0.551246 0.808936
0 0.228816 0.819858 0.243058 0.835961 0.244380 0.837309 0.256493 0.848274 0.257949 0.849439 0.275561 0.862169 0.279957 0.857312 0.280342 0.856687 0.279760 0.855078 0.274013 0.839211 0.250285 0.817733 0.240182 0.815735 0.233679 0.814449 0.229291 0.819297
0 0.081305 0.746162 0.082618 0.748192 0.085209 0.749722 0.093711 0.754742 0.104671 0.761213 0.111320 0.765138 0.138388 0.747642 0.140045 0.746507 0.136398 0.713529 0.135091 0.711508 0.133411 0.712482
0 0.915920 0.063187 0.942714 0.080833 0.971428 0.064210 0.973599 0.062203 0.974928 0.060184 0.923113 0.026060 0.921173 0.028232 0.919850 0.030242
