0 0.749670 0.429867 0.780840 0.483098 0.782962 0.481939 0.783745 0.480926 0.785434 0.478462 0.790973 0.470381 0.802426 0.453671 0.786050 0.425955 0.778248 0.426306 0.771894 0.426592 0.752413 0.427469 0.750296 0.428625
0 0.051777 0.753046 0.054153 0.753493 0.072731 0.748197 0.086207 0.744355 0.088104 0.743235 0.094035 0.711706 0.067614 0.691637 0.065249 0.691192 0.063247 0.692072
0 0.782852 0.118313 0.783942 0.120458 0.810608 0.140201 0.839214 0.125675 0.840776 0.123952 0.840588 0.093630 0.840569 0.090621 0.839475 0.088466 0.784154 0.116555
0 0.785573 0.467888 0.812532 0.523286 0.813967 0.523392 0.816136 0.522337 0.836370 0.495953 0.822302 0.467043 0.789053 0.466685 0.787731 0.466838
0 0.262895 0.951841 0.265035 0.952965 0.268043 0.953024 0.290640 0.953467 0.298360 0.953618 0.313336 0.925078 0.314191 0.923130 0.294808 0.896201 0.292677 0.895083 0.291722 0.896902
0 0.277081 0.284186 0.286240 0.315087 0.287220 0.315935 0.319890 0.321727 0.322197 0.321043 0.304645 0.261831 0.303746 0.260734 0.301428 0.261421 0.299230 0.263476 0.292018 0.270219 0.282721 0.278912
0 0.806278 0.163725 0.813832 0.194906 0.846168 0.202339 0.848506 0.201773 0.850111 0.200400 0.835502 0.140101 0.833153 0.140670 0.818394 0.153135 0.807689 0.162177
0 0.730126 0.134792 0.743630 0.163894 0.776795 0.164862 0.778978 0.163850 0.780263 0.162302 0.754147 0.106023 0.751954 0.107040 0.743927 0.117116 0.731186 0.133110
0 0.577450 0.601158 0.577806 0.601624 0.583537 0.606799 0.600312 0.621946 0.602545 0.623962 0.604874 0.624609 0.621472 0.564827 0.620915 0.564530 0.618596 0.563886 0.586032 0.570245
0 0.606041 0.240072 0.606295 0.242459 0.667558 0.235942 0.668328 0.234729 0.668073 0.232332 0.650140 0.204331 0.618169 0.207732 0.617629 0.209069 0.614944 0.216251
0 0.655004 0.416317 0.679794 0.472718 0.680620 0.472593 0.682828 0.471623 0.704070 0.446043 0.691133 0.416609 0.657923 0.414963 0.655716 0.415933
0 0.075797 0.099179 0.097162 0.124657 0.099004 0.126373 0.101206 0.127328 0.125725 0.070809 0.124006 0.068837 0.121794 0.067878 0.088593 0.069683
0 0.516809 0.230366 0.534505 0.258432 0.536564 0.259679 0.568559 0.206854 0.568875 0.205505 0.566807 0.204252 0.541281 0.202181 0.533585 0.201557 0.516887 0.229125
0 0.686345 0.572301 0.727559 0.618295 0.728607 0.618840 0.730407 0.617227 0.735144 0.605247 0.742662 0.586230 0.721154 0.562227 0.720140 0.561941 0.688137 0.570695
0 0.530698 0.503020 0.532284 0.504822 0.535052 0.505946 0.562951 0.517271 0.563241 0.517351 0.587380 0.496113 0.578900 0.463962 0.577307 0.462152 0.576954 0.462325
0 0.253721 0.744965 0.260459 0.748736 0.265950 0.751809 0.282808 0.761243 0.285223 0.761355 0.286207 0.760157 0.289081 0.698465 0.286677 0.698353 0.256342 0.711795 0.255221 0.712770
0 0.417509 0.654579 0.419352 0.656143 0.451728 0.664067 0.472582 0.639492 0.472708 0.638853 0.459681 0.608338 0.457847 0.606781 0.417887 0.653871
0 0.787714 0.581199 0.789761 0.642924 0.791095 0.643582 0.793511 0.643502 0.816026 0.631296 0.822814 0.627615 0.821746 0.595403 0.814729 0.592180 0.794189 0.582748 0.791455 0.581493 0.790119 0.581119
0 0.738972 0.582022 0.741067 0.583230 0.773798 0.585242 0.775555 0.584750 0.790462 0.556888 0.773258 0.531695 0.771553 0.529199 0.769464 0.527994 0.767744 0.528739
0 0.553913 0.407874 0.562637 0.469013 0.565019 0.468674 0.565318 0.468529 0.581204 0.457536 0.592727 0.449561 0.588174 0.417654 0.574880 0.413220 0.559409 0.408060 0.556554 0.407108 0.554161 0.407450
0 0.433444 0.413388 0.433882 0.415765 0.434185 0.416151 0.494924 0.404978 0.494901 0.404541 0.494464 0.402164 0.474410 0.375539 0.442711 0.381370 0.440564 0.388787
0 0.841094 0.844793 0.841680 0.845385 0.843616 0.846444 0.854238 0.852252 0.863545 0.857340 0.894833 0.867028 0.897302 0.865586 0.900634 0.863639 0.902530 0.857514 0.901840 0.856901 0.885574 0.849061 0.883795 0.848339 0.881936 0.847703 0.866615 0.842959 0.864951 0.842504 0.842988 0.838679
0 0.764401 0.785876 0.765619 0.787192 0.793775 0.802877 0.800153 0.798524 0.805350 0.794977 0.818820 0.785783 0.821306 0.784086 0.822482 0.781975 0.821004 0.780683 0.767052 0.750628 0.765881 0.752730
0 0.788467 0.668417 0.809463 0.726497 0.810888 0.727540 0.813161 0.726719 0.822039 0.717384 0.836131 0.702565 0.825174 0.672254 0.823684 0.671465 0.790730 0.667599
0 0.088266 0.629663 0.099323 0.690713 0.101702 0.690282 0.103527 0.689410 0.130084 0.669520 0.124366 0.637952 0.092521 0.628640 0.090153 0.629069
0 0.455816 0.184007 0.456018 0.185456 0.463820 0.217704 0.495084 0.224903 0.516203 0.199313 0.516743 0.196968 0.516820 0.195572 0.456358 0.181652
0 0.819340 0.367291 0.820668 0.399346 0.850932 0.412943 0.853336 0.412843 0.854964 0.412442 0.852395 0.350452 0.849980 0.350552 0.848376 0.351237
0 0.130615 0.208397 0.170305 0.256083 0.171816 0.257201 0.173666 0.255662 0.186982 0.225272 0.166458 0.200613 0.164922 0.199235 0.157405 0.200999 0.132472 0.206850
0 0.215411 0.274357 0.216900 0.276261 0.218198 0.277287 0.248171 0.291514 0.273438 0.271743 0.266836 0.239228 0.265354 0.237333 0.264273 0.236123
0 0.134060 0.786654 0.139193 0.805278 0.140865 0.811344 0.142917 0.818788 0.174538 0.825023 0.176030 0.823534 0.196329 0.797289 0.196795 0.794928 0.136203 0.782980 0.134528 0.784282
0 0.599557 0.109368 0.599593 0.111774 0.614869 0.141226 0.646948 0.140751 0.661345 0.110858 0.662088 0.109066 0.662052 0.106649 0.600015 0.107569
0 0.223709 0.403391 0.224431 0.403688 0.226820 0.404670 0.231866 0.406744 0.262432 0.418513 0.266875 0.420175 0.281301 0.425568 0.281676 0.425695 0.283976 0.419722 0.267067 0.409562 0.264358 0.408511 0.263696 0.408255 0.262437 0.407769 0.258959 0.406429 0.245530 0.401258 0.243712 0.400558 0.242030 0.399911 0.240743 0.399416 0.240048 0.399149 0.226013 0.397407
0 0.588794 0.726127 0.589202 0.727166 0.613363 0.748377 0.644159 0.735838 0.645750 0.734026 0.645084 0.732956 0.598785 0.692310 0.597201 0.694114 0.596442 0.697004
0 0.058343 0.878613 0.058764 0.880994 0.119860 0.870192 0.121602 0.868495 0.121183 0.866126 0.101404 0.839486 0.069812 0.845072 0.067831 0.846661 0.063842 0.860094
