0 0.397483 0.151489 0.398031 0.153838 0.398497 0.155421 0.458498 0.141439 0.458308 0.139792 0.457760 0.137443 0.436529 0.111854 0.405216 0.119151
0 0.038431 0.397800 0.051140 0.458373 0.053192 0.458563 0.055541 0.458070 0.057883 0.456214 0.075468 0.442269 0.081476 0.437504 0.074904 0.406182 0.067488 0.404234 0.042891 0.397774 0.040791 0.397305
0 0.445275 0.046980 0.445525 0.049056 0.461834 0.077951 0.463829 0.079297 0.498359 0.028093 0.498351 0.025920 0.496347 0.024568 0.493364 0.024179 0.477191 0.022070 0.463295 0.020258
0 0.137125 0.226701 0.153311 0.255746 0.154896 0.256863 0.156879 0.258216 0.191602 0.207325 0.190186 0.205980 0.188194 0.204621 0.155246 0.200143
0 0.303145 0.550942 0.304528 0.557345 0.324428 0.556524 0.325266 0.556364 0.326687 0.556072 0.328475 0.555691 0.344445 0.552242 0.346320 0.551832 0.347989 0.551458 0.349198 0.551176 0.349762 0.551029 0.351489 0.550442 0.366392 0.543960 0.365012 0.537568 0.363943 0.537782 0.358220 0.538930 0.353398 0.539898 0.322114 0.546653 0.310783 0.549208 0.305204 0.550466 0.303490 0.550853
0 0.327261 0.696542 0.381471 0.726407 0.382635 0.724295 0.383171 0.723269 0.384491 0.690197 0.356459 0.674754 0.350146 0.679106 0.329209 0.693541 0.328425 0.694430
0 0.435027 0.743903 0.460528 0.763484 0.490435 0.748952 0.491903 0.747040 0.491940 0.745910 0.443075 0.708389 0.441613 0.710293 0.441345 0.711259
0 0.896936 0.943996 0.932510 0.994480 0.934501 0.996757 0.936477 0.995365 0.937902 0.992715 0.942578 0.984019 0.952262 0.966008 0.933697 0.939661 0.931710 0.937646 0.898903 0.942610
0 0.421607 0.485603 0.480119 0.506234 0.480211 0.506205 0.481011 0.503936 0.476885 0.471014 0.476779 0.470881 0.446382 0.460163 0.431675 0.474372 0.424575 0.481232 0.422411 0.483323
0 0.591110 0.274830 0.591250 0.277233 0.652904 0.273635 0.653608 0.272593 0.653467 0.270180 0.651967 0.267571 0.647045 0.259012 0.636850 0.241285 0.604674 0.243163 0.592716 0.271029 0.591530 0.273794
0 0.829611 0.360440 0.832383 0.392403 0.863230 0.404621 0.865627 0.404413 0.867311 0.403973 0.861950 0.342162 0.859542 0.342371 0.857894 0.343094
0 0.295888 0.777678 0.296011 0.780092 0.357973 0.776929 0.358624 0.775660 0.358501 0.773256 0.342169 0.744376 0.310129 0.746011 0.309254 0.747144 0.297094 0.774922
0 0.589211 0.356621 0.589653 0.358986 0.650360 0.347641 0.651053 0.346940 0.650609 0.344564 0.635143 0.324151 0.630479 0.317996 0.598798 0.323917 0.598345 0.324724
0 0.773125 0.124883 0.793412 0.149636 0.822778 0.142980 0.825692 0.142319 0.827548 0.140798 0.829053 0.139148 0.789821 0.091279 0.787956 0.092807 0.786639 0.094669 0.785419 0.097396
0 0.016485 0.614648 0.017854 0.616640 0.047030 0.632757 0.049107 0.632149 0.075541 0.613968 0.070950 0.581108 0.069586 0.579125 0.067604 0.579489
0 0.651904 0.707545 0.652603 0.708501 0.710475 0.730865 0.711347 0.728610 0.711062 0.725615 0.709517 0.709379 0.708921 0.703116 0.708189 0.695429 0.707235 0.694533 0.677309 0.682968 0.652771 0.705300
0 0.677816 0.086909 0.684467 0.090723 0.689887 0.093831 0.703937 0.101887 0.706529 0.103373 0.708925 0.103510 0.709885 0.101689 0.713409 0.039897 0.711002 0.039760 0.680463 0.052912 0.679638 0.054957
0 0.129031 0.056389 0.166725 0.105669 0.168253 0.107476 0.170164 0.106014 0.184720 0.076198 0.183268 0.074247 0.163687 0.048647 0.133906 0.054354 0.130951 0.054921
0 0.607023 0.907466 0.607516 0.909342 0.669550 0.910417 0.669592 0.908000 0.668815 0.906130 0.654493 0.876202 0.622415 0.875646 0.607065 0.905060
0 0.133092 0.662861 0.151887 0.689044 0.159511 0.687822 0.165724 0.686826 0.184799 0.683768 0.186243 0.682926 0.188198 0.681523 0.152184 0.631352 0.150583 0.631956 0.148619 0.633366 0.142618 0.644765 0.139620 0.650460
0 0.680028 0.297445 0.698682 0.356319 0.700975 0.355592 0.701900 0.354928 0.715763 0.341473 0.725819 0.331712 0.716084 0.300987 0.683161 0.295782 0.680857 0.296512
0 0.392660 0.934966 0.454161 0.941911 0.454431 0.939515 0.454640 0.937506 0.453612 0.934700 0.450239 0.925494 0.443253 0.906427 0.411450 0.902836 0.393420 0.930593 0.392931 0.932570
0 0.602098 0.467699 0.606755 0.473790 0.620387 0.491619 0.622202 0.493992 0.624359 0.495046 0.624930 0.495023 0.652093 0.439410 0.649926 0.438352 0.616677 0.438661 0.616143 0.438942
0 0.476045 0.307317 0.476155 0.308200 0.527325 0.342780 0.528672 0.340787 0.528804 0.340054 0.529196 0.337071 0.531321 0.320900 0.533146 0.307006 0.506442 0.288959 0.488623 0.298993 0.477398 0.305314
0 0.942154 0.810951 0.959960 0.838946 0.962078 0.840507 0.964150 0.841751 0.996084 0.788557 0.994011 0.787313 0.991747 0.785996 0.958666 0.783444
0 0.902368 0.749791 0.902399 0.752197 0.917623 0.781678 0.919546 0.782974 0.951774 0.782554 0.966290 0.752549 0.966258 0.750132 0.964121 0.748986
0 0.407529 0.380095 0.410999 0.385487 0.411151 0.385683 0.429080 0.377639 0.430446 0.376885 0.432013 0.375921 0.445501 0.367243 0.447036 0.366212 0.448310 0.365266 0.449132 0.364550 0.462963 0.352348 0.462899 0.352095 0.459430 0.346703 0.458224 0.347135 0.451608 0.349505 0.445812 0.351582 0.418268 0.369304 0.415739 0.371845 0.411625 0.375979
0 0.472022 0.212359 0.472150 0.213678 0.498179 0.232434 0.527567 0.217033 0.528973 0.215081 0.529107 0.213769 0.478771 0.177496 0.477358 0.179457 0.476876 0.182427 0.473258 0.204737
0 0.162060 0.923873 0.163048 0.926080 0.219682 0.900744 0.220966 0.898907 0.219984 0.896710 0.194320 0.875681 0.165035 0.888782 0.163492 0.890573
0 0.822367 0.562017 0.823206 0.564266 0.825391 0.566303 0.847418 0.586833 0.849014 0.587232 0.879139 0.575999 0.882682 0.542938 0.881839 0.540678 0.880093 0.540492
0 0.852596 0.646774 0.853841 0.649490 0.863196 0.669891 0.866392 0.676860 0.868075 0.677673 0.900208 0.678756 0.916072 0.649534 0.916153 0.647124 0.914251 0.646451 0.852677 0.644375
0 0.151552 0.744562 0.153192 0.746337 0.156007 0.747402 0.184370 0.758125 0.185817 0.756942 0.209385 0.735175 0.200151 0.703307 0.198519 0.701539 0.197130 0.702467
0 0.572107 0.745810 0.577780 0.807308 0.578138 0.808722 0.580545 0.808501 0.596958 0.798311 0.608863 0.790919 0.605902 0.758825 0.605417 0.757638 0.574503 0.745589
0 0.476793 0.356814 0.476899 0.357468 0.485002 0.388430 0.517389 0.395255 0.519712 0.394647 0.519802 0.394163 0.504132 0.334288 0.501799 0.334898
0 0.037769 0.666311 0.038272 0.668676 0.040147 0.671029 0.050312 0.683783 0.059046 0.694741 0.090573 0.688045 0.092450 0.687184 0.100799 0.655072 0.100299 0.652718 0.039888 0.665550
