0 0.380419 0.180731 0.380966 0.182191 0.439303 0.201999 0.440075 0.199726 0.438337 0.187053 0.435577 0.166935 0.435281 0.165405 0.404837 0.155067 0.381194 0.178447
0 0.937097 0.848673 0.939110 0.850278 0.965396 0.868927 0.972209 0.865293 0.992150 0.854654 0.994804 0.853237 0.996203 0.851266 0.945601 0.815365 0.943559 0.813920 0.942167 0.815883
0 0.033026 0.887976 0.039546 0.906161 0.044276 0.919352 0.076277 0.923190 0.078219 0.921251 0.096486 0.893552 0.096772 0.891163 0.035453 0.883809 0.033314 0.885575
0 0.866335 0.808331 0.868016 0.840291 0.869706 0.841854 0.900186 0.855142 0.902595 0.855015 0.899344 0.793209 0.897518 0.791868 0.895121 0.791994 0.873004 0.804546
0 0.410917 0.696861 0.412475 0.698701 0.443045 0.711782 0.467577 0.691000 0.467725 0.690127 0.465909 0.682678 0.460593 0.660873 0.459885 0.657971 0.458333 0.656139 0.411324 0.695961
0 0.810718 0.333369 0.853175 0.378220 0.854801 0.377659 0.856556 0.375997 0.857586 0.373170 0.867960 0.344677 0.845803 0.321270 0.813904 0.330940 0.812466 0.331715
0 0.521762 0.157491 0.522793 0.159658 0.578430 0.133198 0.578790 0.131513 0.577754 0.129335 0.551552 0.108864 0.522517 0.122673 0.522414 0.124399
0 0.122218 0.435763 0.128553 0.468404 0.159523 0.477041 0.161080 0.477146 0.183290 0.452606 0.183935 0.450294 0.124590 0.433744 0.122866 0.433440
0 0.780399 0.306064 0.782770 0.306440 0.785618 0.305539 0.801059 0.300653 0.807015 0.298768 0.814326 0.296454 0.815770 0.295519 0.820802 0.263764 0.793756 0.244422 0.791375 0.244045 0.790042 0.245215
0 0.279758 0.280401 0.280768 0.281408 0.283104 0.281984 0.315470 0.274683 0.323152 0.243534 0.322337 0.242353 0.316458 0.237346 0.296961 0.220742 0.294614 0.220163
0 0.883640 0.424536 0.890799 0.436517 0.900655 0.453010 0.902559 0.454299 0.905970 0.453520 0.932831 0.401626 0.930944 0.400328 0.901099 0.396643 0.897721 0.397672
0 0.597998 0.894298 0.598449 0.896113 0.626889 0.911278 0.643565 0.899441 0.651616 0.893726 0.654070 0.891984 0.655207 0.889851 0.654495 0.888065 0.600000 0.859007 0.598868 0.861130
0 0.578630 0.324028 0.578702 0.327015 0.579434 0.357117 0.608399 0.370730 0.614420 0.365982 0.632042 0.352084 0.634388 0.350233 0.635005 0.349546 0.636030 0.347363 0.580016 0.321038 0.578991 0.323220
0 0.861890 0.570204 0.884456 0.592899 0.886222 0.593326 0.917796 0.582901 0.919506 0.581201 0.875867 0.537312 0.874148 0.537141 0.872446 0.538834 0.868366 0.550958 0.864335 0.562937
0 0.751534 0.887319 0.756607 0.920107 0.757789 0.922042 0.759188 0.924013 0.809786 0.888108 0.808387 0.886137 0.806973 0.884367 0.777699 0.868752
0 0.408203 0.265988 0.408623 0.267058 0.427066 0.293214 0.456837 0.288699 0.459791 0.288251 0.461752 0.286867 0.461576 0.285889 0.425909 0.235307 0.423939 0.236697
0 0.659203 0.393480 0.660761 0.395306 0.684178 0.405223 0.691239 0.408213 0.692118 0.407791 0.716572 0.386918 0.708574 0.354643 0.707009 0.352809 0.706062 0.353482
0 0.626967 0.482167 0.629373 0.482176 0.629968 0.482094 0.659833 0.467291 0.659945 0.435061 0.653050 0.431583 0.641686 0.425852 0.632870 0.421406 0.630183 0.420051 0.627766 0.420043 0.627181 0.420409
0 0.341585 0.693650 0.343734 0.755656 0.346150 0.755572 0.348793 0.754134 0.375428 0.739642 0.376000 0.738544 0.374888 0.706480 0.344716 0.692679 0.342311 0.692762
0 0.353019 0.641575 0.355716 0.648810 0.364663 0.672806 0.366431 0.674455 0.408735 0.629070 0.409153 0.628478 0.407393 0.626838 0.375567 0.617457 0.374995 0.617999
0 0.868905 0.437095 0.879677 0.467315 0.912612 0.471328 0.914512 0.471196 0.916789 0.470384 0.895958 0.411943 0.894143 0.412346 0.891876 0.413154
0 0.540273 0.578862 0.540448 0.581262 0.540634 0.581636 0.542171 0.584222 0.547217 0.592709 0.557668 0.610286 0.589813 0.607943 0.597605 0.589036 0.602513 0.577125 0.602337 0.574715 0.601868 0.574372
0 0.334445 0.362897 0.336046 0.364707 0.336798 0.365327 0.367575 0.377721 0.391603 0.356462 0.383052 0.324404 0.382513 0.323595 0.380911 0.321785
0 0.295071 0.652166 0.340707 0.693976 0.342336 0.692198 0.343056 0.691319 0.350036 0.666865 0.352140 0.659491 0.328542 0.637872 0.321381 0.640612 0.300420 0.648633 0.297630 0.649701 0.296700 0.650388
0 0.037084 0.325195 0.038055 0.327402 0.063642 0.348637 0.065637 0.349329 0.094933 0.336441 0.096561 0.303383 0.095594 0.301185 0.093737 0.300272
0 0.807213 0.465896 0.807619 0.468268 0.827247 0.495019 0.828754 0.494995 0.860523 0.489563 0.862763 0.482173 0.870191 0.457664 0.869783 0.455281 0.868088 0.455486
0 0.847279 0.990485 0.848873 0.992738 0.854135 0.996869 0.857885 0.999493 0.858911 1.000000 0.876560 1.000000 0.879021 0.994734 0.879818 0.993024 0.891296 0.954724 0.889508 0.952645 0.887176 0.952074 0.884263 0.952735 0.854899 0.959401
0 0.351711 0.093143 0.367030 0.153265 0.367640 0.154854 0.369972 0.154260 0.395066 0.132553 0.387144 0.101464 0.386624 0.099629 0.379079 0.097988 0.356994 0.093185 0.354054 0.092546
0 0.486692 0.221407 0.486716 0.221895 0.501533 0.230566 0.532964 0.236599 0.536511 0.235952 0.539426 0.235420 0.548527 0.233759 0.549760 0.227337 0.549847 0.226859 0.529355 0.220126 0.527520 0.219698 0.511475 0.216618 0.509630 0.216340 0.487927 0.214973
0 0.863600 0.371852 0.865977 0.372228 0.897607 0.362209 0.899438 0.361574 0.904474 0.329740 0.898192 0.325250 0.877356 0.310358 0.874968 0.309981 0.873250 0.310852
