0 0.070930 0.675918 0.079434 0.737376 0.081828 0.737044 0.083745 0.735958 0.111107 0.717192 0.106709 0.685413 0.075280 0.674782 0.072896 0.675112
0 0.700576 0.382137 0.702760 0.389487 0.706360 0.401602 0.710004 0.413864 0.711645 0.415616 0.712617 0.415229 0.757796 0.372927 0.756148 0.371167 0.724967 0.359621 0.723938 0.360263
0 0.146257 0.170743 0.152942 0.203398 0.154435 0.205300 0.156018 0.206650 0.204596 0.168514 0.203110 0.166621 0.201744 0.165087 0.178590 0.154141 0.171609 0.150841
0 0.814003 0.158857 0.875012 0.167436 0.876734 0.165909 0.877070 0.163521 0.866486 0.132000 0.834648 0.127522 0.833118 0.129226 0.828767 0.135539 0.814337 0.156480
0 0.766245 0.768170 0.766702 0.768630 0.768525 0.769424 0.782443 0.775482 0.787291 0.777592 0.819329 0.784400 0.821152 0.783707 0.826384 0.781718 0.827069 0.781457 0.828402 0.775185 0.827839 0.774713 0.810583 0.768236 0.808824 0.767711 0.806942 0.767259 0.791253 0.763925 0.789528 0.763611 0.788215 0.763483 0.767575 0.761908
0 0.450345 0.427947 0.450572 0.428276 0.499615 0.465813 0.501077 0.463902 0.507331 0.431318 0.507365 0.431002 0.481771 0.411413 0.474831 0.414798 0.451814 0.426027
0 0.013415 0.724664 0.060790 0.764726 0.062803 0.763513 0.064356 0.761675 0.072188 0.729434 0.047691 0.708718 0.017199 0.721797 0.014976 0.722818
0 0.425069 0.240426 0.425413 0.241616 0.439537 0.270422 0.472715 0.270680 0.474876 0.269621 0.474761 0.268560 0.447445 0.212853 0.445275 0.213917 0.433564 0.229281
0 0.053995 0.573489 0.054859 0.575759 0.055917 0.575783 0.115897 0.553588 0.115042 0.551344 0.090144 0.528924 0.089249 0.528688 0.057903 0.540158 0.056998 0.547869 0.055506 0.560594 0.054348 0.570476
0 0.460689 0.329015 0.462935 0.361167 0.463104 0.361803 0.493742 0.374538 0.496142 0.374371 0.496125 0.373792 0.491803 0.311900 0.489392 0.312068 0.472756 0.321890
0 0.833761 0.326909 0.849038 0.386594 0.851363 0.385999 0.852977 0.385475 0.878101 0.363695 0.870129 0.332548 0.837630 0.325516 0.835294 0.326114
0 0.640527 0.168407 0.641662 0.170522 0.652114 0.177898 0.668706 0.189606 0.696905 0.174469 0.697809 0.172974 0.696846 0.139737 0.695705 0.137613 0.641173 0.166884
0 0.181784 0.431698 0.181809 0.434115 0.187690 0.445577 0.197026 0.463771 0.198415 0.463937 0.230495 0.463602 0.245023 0.433773 0.244998 0.431367 0.243824 0.431050
0 0.275599 0.395842 0.300519 0.416282 0.301433 0.416666 0.331726 0.403131 0.333252 0.401271 0.285502 0.362104 0.284514 0.361469 0.282981 0.363338 0.277309 0.388312
0 0.157524 0.543359 0.160136 0.576507 0.189933 0.588583 0.191351 0.588178 0.197105 0.583110 0.213946 0.568276 0.216188 0.566301 0.217090 0.564076 0.159992 0.540936 0.158430 0.541124
0 0.094900 0.354619 0.137570 0.399659 0.139232 0.400119 0.140978 0.398464 0.152317 0.367282 0.130252 0.343992 0.128549 0.343274 0.099534 0.352082 0.096655 0.352956
0 0.727972 0.684466 0.729022 0.685315 0.757509 0.700390 0.768911 0.692243 0.784629 0.681012 0.785759 0.678875 0.784449 0.678056 0.729863 0.649168 0.728737 0.651295
0 0.794121 0.656518 0.795475 0.657239 0.857372 0.661496 0.857538 0.659084 0.850105 0.641253 0.844713 0.628319 0.843133 0.627730 0.811126 0.625529 0.794286 0.654117
0 0.228177 0.774600 0.246743 0.798575 0.248586 0.800954 0.250764 0.802001 0.251906 0.800617 0.278670 0.744959 0.276502 0.743916 0.243326 0.744428 0.242145 0.745554
0 0.183551 0.526206 0.183734 0.528616 0.245599 0.523927 0.246765 0.523817 0.246584 0.521418 0.229545 0.492948 0.228300 0.492916 0.196162 0.495351 0.193240 0.502499 0.184689 0.523420
0 0.614151 0.426994 0.674553 0.439870 0.675357 0.439594 0.675861 0.437230 0.675106 0.434317 0.671014 0.418529 0.667498 0.404964 0.635976 0.398244 0.635353 0.398710 0.614653 0.424640
0 0.359180 0.764874 0.398369 0.812778 0.400236 0.811251 0.413839 0.780910 0.414233 0.779626 0.393967 0.754855 0.386488 0.756543 0.374159 0.759326 0.361681 0.762143 0.359823 0.763663
0 0.713878 0.193822 0.714457 0.217263 0.714632 0.218537 0.715091 0.220181 0.715764 0.221944 0.722121 0.236670 0.722909 0.238292 0.723694 0.239532 0.724359 0.240200 0.727906 0.243270 0.738822 0.251608 0.744826 0.249016 0.745256 0.248576 0.720268 0.190689 0.714254 0.193285
0 0.866030 0.400532 0.867353 0.414384 0.867961 0.420746 0.869178 0.433480 0.870451 0.435515 0.872152 0.435219 0.924626 0.402400 0.923348 0.400356 0.894970 0.383026 0.893164 0.383561
0 0.667137 0.798002 0.667906 0.799375 0.698716 0.853227 0.700815 0.852027 0.719290 0.824284 0.703284 0.796308 0.702353 0.794950 0.669226 0.796808
0 0.391899 0.508491 0.393858 0.509907 0.426753 0.515284 0.427090 0.515214 0.445879 0.489209 0.430514 0.459802 0.428564 0.458393 0.428235 0.458201
0 0.891001 0.242925 0.910452 0.301541 0.912736 0.300783 0.914636 0.299866 0.928315 0.286224 0.932770 0.281781 0.938237 0.276328 0.928086 0.245738 0.898073 0.241409 0.895095 0.240980 0.892801 0.241741
0 0.189072 0.575780 0.251765 0.578726 0.252710 0.578490 0.252835 0.576080 0.251628 0.573333 0.242551 0.552680 0.239447 0.545618 0.206836 0.543852 0.206082 0.544241 0.189209 0.573348
0 0.256714 0.073624 0.257830 0.075579 0.259935 0.076743 0.293085 0.078125 0.308616 0.050052 0.307734 0.047980 0.290567 0.022985 0.288863 0.020505 0.286748 0.019335
0 0.221221 0.485276 0.281660 0.499293 0.282661 0.499296 0.283204 0.496952 0.275454 0.464691 0.244201 0.457442 0.243023 0.457247 0.238099 0.463194 0.229982 0.472998 0.223686 0.480603 0.221767 0.482921
0 0.520887 0.660922 0.520983 0.661661 0.549181 0.679282 0.551581 0.679510 0.557444 0.617897 0.557182 0.617358 0.554792 0.617130 0.552005 0.618207 0.531071 0.626297 0.523919 0.629061
0 0.417971 0.957857 0.447836 0.994468 0.453485 1.000000 0.457333 1.000000 0.461866 0.995741 0.464902 0.990065 0.471511 0.977709 0.471642 0.975519 0.453106 0.949333 0.420311 0.954368 0.418347 0.955758
0 0.065588 0.607792 0.066092 0.610156 0.067968 0.612508 0.086879 0.636212 0.118403 0.629500 0.120152 0.628907 0.128485 0.596791 0.127984 0.594437 0.067579 0.607298
0 0.293465 0.928890 0.345659 0.962433 0.346966 0.960400 0.347668 0.958290 0.351229 0.925303 0.324240 0.907958 0.295713 0.924900 0.294412 0.926924
0 0.286928 0.224505 0.287999 0.226672 0.288971 0.227925 0.315426 0.247948 0.344185 0.233727 0.344331 0.200548 0.343264 0.198392 0.342542 0.197003
0 0.009944 0.564514 0.044814 0.615830 0.046900 0.615299 0.048890 0.613947 0.065096 0.584995 0.047065 0.558459 0.044979 0.558729 0.037326 0.559754 0.014925 0.562755 0.011943 0.563155
0 0.230942 0.872882 0.231230 0.880598 0.232073 0.903183 0.232186 0.906190 0.233347 0.908310 0.287767 0.878514 0.288739 0.876779 0.287583 0.874668 0.260316 0.855765 0.232175 0.871172
