0 0.281763 0.341016 0.282727 0.374252 0.283867 0.376377 0.284855 0.376942 0.339138 0.347804 0.338003 0.345689 0.337259 0.344980 0.310091 0.325810
0 0.517579 0.670447 0.518087 0.703622 0.518171 0.704560 0.519285 0.706705 0.574347 0.678112 0.574006 0.677295 0.572897 0.675160 0.546052 0.655661
0 0.850679 0.065474 0.865333 0.094014 0.898510 0.093658 0.900651 0.092559 0.902496 0.090683 0.874155 0.035491 0.872005 0.036595 0.870300 0.038719
0 0.674294 0.155917 0.674362 0.158316 0.686384 0.180726 0.690009 0.187483 0.722001 0.186563 0.723020 0.185124 0.737030 0.154968 0.736960 0.152558 0.675094 0.154337
0 0.966202 0.505731 0.968070 0.507237 1.000000 0.514361 1.000000 0.457575
0 0.177683 0.304858 0.178516 0.307128 0.180706 0.309191 0.202778 0.329982 0.204140 0.330761 0.234260 0.319711 0.237969 0.286740 0.237140 0.284481 0.235930 0.283488
0 0.529797 0.574266 0.529835 0.575224 0.529921 0.576726 0.530039 0.578543 0.531142 0.594544 0.531277 0.596406 0.531407 0.598037 0.531514 0.599189 0.531581 0.599687 0.536031 0.616843 0.536093 0.617044 0.542490 0.616603 0.542368 0.604014 0.540116 0.571338 0.539676 0.567499 0.538960 0.561253 0.538247 0.555035 0.538181 0.554940 0.531795 0.555380 0.529811 0.573997
0 0.013291 0.548715 0.064834 0.582978 0.066823 0.582599 0.068152 0.580600 0.068519 0.577635 0.072214 0.547752 0.045561 0.530034 0.043474 0.530172 0.014626 0.546707
0 0.206737 0.740554 0.215734 0.771504 0.245563 0.776955 0.248523 0.777495 0.250844 0.776821 0.251986 0.775552 0.234747 0.716248 0.232436 0.716920 0.231205 0.717918
0 0.116410 0.541292 0.118337 0.542751 0.143514 0.547443 0.151104 0.548857 0.152704 0.548634 0.172066 0.523053 0.157359 0.493311 0.155440 0.491859 0.153854 0.491821
0 0.568668 0.167715 0.572893 0.200624 0.603181 0.211201 0.626974 0.188076 0.627558 0.186640 0.628355 0.184358 0.569781 0.163903 0.568984 0.166185
0 0.414604 0.055338 0.422355 0.116895 0.422712 0.118651 0.425099 0.118350 0.452689 0.099920 0.452471 0.098078 0.448444 0.066100 0.429154 0.059312 0.417002 0.055036
0 0.373337 0.345270 0.373916 0.345977 0.375957 0.347240 0.408922 0.350216 0.425750 0.322993 0.425410 0.322180 0.407932 0.293893 0.405881 0.292625
0 0.206734 0.189515 0.208078 0.190938 0.255504 0.230497 0.257045 0.228649 0.264660 0.196355 0.263576 0.194957 0.238825 0.174313 0.231750 0.177404 0.211039 0.186454 0.208282 0.187659
0 0.417980 0.164164 0.418355 0.165703 0.419249 0.167937 0.476590 0.144999 0.476483 0.143365 0.475585 0.141121 0.461146 0.128286 0.450672 0.118976 0.420747 0.130947 0.418229 0.161165
0 0.414939 0.934218 0.415595 0.936539 0.475157 0.919718 0.475270 0.917800 0.474618 0.915490 0.472606 0.913281 0.452328 0.891022 0.421528 0.899720 0.421167 0.901556
0 0.110741 0.664519 0.125265 0.694430 0.157414 0.694804 0.158981 0.693913 0.165348 0.681540 0.172758 0.667140 0.174125 0.664483 0.174153 0.662083 0.112549 0.661367 0.110769 0.662108
0 0.530413 0.091450 0.533157 0.124516 0.534407 0.126571 0.587173 0.094479 0.587575 0.092612 0.586318 0.090547 0.575409 0.083696 0.564630 0.076927 0.558091 0.072821 0.530554 0.089569
0 0.017712 0.125644 0.019923 0.127360 0.022181 0.128191 0.055156 0.124518 0.066239 0.094411 0.043516 0.070235 0.041414 0.068256 0.039146 0.067421
0 0.223409 0.452769 0.230346 0.484244 0.243935 0.487667 0.250176 0.489239 0.262668 0.492385 0.263756 0.492420 0.266106 0.491902 0.252814 0.431591 0.251677 0.431276 0.249316 0.431796 0.246977 0.433689
0 0.355432 0.833680 0.412755 0.857416 0.413680 0.855183 0.414076 0.853555 0.411720 0.820460 0.382078 0.808185 0.357015 0.829927 0.356357 0.831446
0 0.297364 0.751247 0.302243 0.755618 0.318197 0.742846 0.318699 0.742331 0.319623 0.741331 0.320826 0.739998 0.331729 0.727829 0.333025 0.726372 0.334211 0.725017 0.335107 0.723972 0.335575 0.723397 0.337465 0.720828 0.344588 0.708294 0.339718 0.703930 0.337177 0.706558 0.333230 0.710642 0.311873 0.734479 0.299021 0.749304 0.297719 0.750807
0 0.118432 0.820428 0.145624 0.837730 0.163159 0.827208 0.174205 0.820579 0.175698 0.819110 0.176990 0.817080 0.124885 0.783926 0.123158 0.785233 0.121860 0.787273 0.119873 0.806489 0.119226 0.812747
0 0.732727 0.913097 0.734282 0.919449 0.734693 0.920185 0.755695 0.917377 0.757585 0.917043 0.773456 0.913160 0.775204 0.912604 0.795936 0.905200 0.794379 0.898837 0.793864 0.898138 0.773272 0.893237 0.742184 0.900844 0.740029 0.903636 0.736430 0.908299
0 0.321476 0.799737 0.328451 0.832331 0.329961 0.834219 0.378419 0.795474 0.378976 0.794120 0.377474 0.792241 0.347352 0.778329 0.322295 0.798363
0 0.079804 0.364792 0.133034 0.396370 0.134711 0.396844 0.135936 0.394780 0.136854 0.382021 0.138310 0.361766 0.110785 0.345437 0.108997 0.344727 0.081034 0.362718
0 0.701121 0.716709 0.711170 0.747095 0.712140 0.748230 0.745045 0.753010 0.747334 0.752253 0.727901 0.693492 0.726859 0.692607 0.724580 0.693361 0.722462 0.695468 0.706555 0.711300
0 0.290405 0.796949 0.290529 0.799409 0.292789 0.799766 0.351914 0.792967 0.351760 0.790502 0.335683 0.761990 0.333610 0.761469 0.302978 0.765128
0 0.394209 0.606226 0.413832 0.631793 0.427591 0.629133 0.446558 0.625466 0.448476 0.623994 0.448712 0.623426 0.411109 0.574434 0.409200 0.575899 0.408783 0.576249 0.407467 0.578955 0.403150 0.587834 0.397585 0.599281
0 0.433790 0.726231 0.435753 0.727643 0.448471 0.729695 0.461036 0.731722 0.468659 0.732951 0.487480 0.706787 0.487538 0.705839 0.472111 0.676464 0.470158 0.675059 0.434094 0.725195
0 0.858048 0.847584 0.859696 0.849185 0.920681 0.860597 0.921126 0.858221 0.914082 0.833599 0.911958 0.826176 0.910070 0.824680 0.878535 0.818779 0.858490 0.845219
0 0.954139 0.794511 0.955959 0.796084 0.958059 0.797447 0.960975 0.798189 0.982879 0.803759 0.990363 0.805662 0.999868 0.785071 1.000000 0.783917 1.000000 0.761644 0.999782 0.753282 0.998625 0.750504 0.996796 0.748923 0.994520 0.747783
0 0.809089 0.543417 0.813478 0.548265 0.814028 0.548349 0.829976 0.537472 0.831405 0.536433 0.832884 0.535184 0.844996 0.524218 0.846294 0.522953 0.860767 0.506032 0.856371 0.501176 0.855746 0.501174 0.837251 0.511084 0.813526 0.532564 0.811683 0.537071 0.809497 0.542418
0 0.618026 0.841426 0.618568 0.842994 0.630254 0.874123 0.662230 0.877477 0.680122 0.849451 0.680373 0.847053 0.679549 0.845466 0.618276 0.839038
0 0.424750 0.707283 0.425911 0.708457 0.430123 0.710699 0.453490 0.713181 0.458818 0.706185 0.468259 0.692980 0.472435 0.686681 0.466000 0.660514 0.464789 0.659406 0.460685 0.657016
0 0.342659 0.888238 0.352359 0.906817 0.353384 0.908470 0.362658 0.921921 0.363759 0.923353 0.378449 0.940146 0.383842 0.936427 0.384045 0.935663 0.380566 0.923150 0.378095 0.914264 0.359928 0.887915 0.349387 0.884220 0.348319 0.883846 0.342935 0.887558
0 0.379939 0.730991 0.401953 0.756019 0.404192 0.756928 0.427537 0.699444 0.427869 0.698530 0.425639 0.697625 0.392560 0.700207 0.392066 0.701129
