0 0.339388 0.415004 0.348352 0.425776 0.358785 0.438313 0.360710 0.440625 0.362923 0.441596 0.363551 0.441863 0.388344 0.385300 0.387830 0.384772 0.385616 0.383801 0.382611 0.383953 0.352327 0.385485
0 0.904860 0.228902 0.945834 0.275111 0.947887 0.274076 0.949695 0.272472 0.950816 0.269680 0.962113 0.241539 0.940730 0.217424 0.933271 0.219422 0.920976 0.222716 0.908533 0.226050 0.906661 0.227306
0 0.521267 0.508498 0.552128 0.561993 0.552368 0.562279 0.554462 0.561071 0.572837 0.533262 0.556731 0.505344 0.556472 0.505319 0.523351 0.507296
0 0.131989 0.313046 0.153953 0.371071 0.155539 0.371662 0.157789 0.370810 0.180291 0.346427 0.168934 0.316422 0.167409 0.315577 0.159727 0.314792 0.134250 0.312190
0 0.568472 0.125715 0.569091 0.128040 0.628766 0.112133 0.629359 0.110347 0.628737 0.108011 0.611770 0.088827 0.606654 0.083043 0.575512 0.091345 0.572684 0.105070 0.568787 0.123992
0 0.905045 0.691275 0.927155 0.716013 0.929122 0.717007 0.931369 0.717899 0.954254 0.660230 0.952007 0.659339 0.949935 0.658608 0.916879 0.661454
0 0.314954 0.893383 0.315371 0.896363 0.319578 0.926393 0.350126 0.936668 0.355601 0.931223 0.373760 0.913163 0.374530 0.910872 0.375105 0.908989 0.316569 0.889300 0.315725 0.891092
0 0.868823 0.625746 0.874920 0.657244 0.876647 0.657968 0.884083 0.660046 0.896342 0.663471 0.908749 0.666937 0.911122 0.666477 0.899331 0.605565 0.897500 0.605081 0.895138 0.605539
0 0.483966 0.195110 0.484039 0.196508 0.488691 0.229359 0.519115 0.239541 0.542605 0.216109 0.543368 0.213827 0.543568 0.212509 0.484733 0.192818
0 0.759509 0.643899 0.778870 0.669481 0.780154 0.670262 0.809964 0.664708 0.812922 0.664156 0.814849 0.662698 0.777408 0.613225 0.776136 0.612707 0.774218 0.614159
0 0.707039 0.115870 0.707447 0.118242 0.768311 0.107768 0.769546 0.105963 0.769136 0.103580 0.767354 0.101156 0.753965 0.082948 0.749390 0.076727 0.717627 0.082193 0.716629 0.084107
0 0.951600 0.668985 0.954422 0.700943 0.956515 0.701868 0.963698 0.704701 0.984724 0.712991 0.987523 0.714094 0.989931 0.713882 0.984473 0.652079 0.982252 0.651382 0.979855 0.651594
0 0.741184 0.964903 0.746198 0.996592 0.747332 0.998878 0.754693 1.000000 0.781495 1.000000 0.771799 0.947283 0.770553 0.945233 0.768177 0.945609
0 0.715936 0.872441 0.716930 0.874156 0.770982 0.904614 0.772169 0.902508 0.773125 0.883214 0.773818 0.869218 0.772563 0.867525 0.744613 0.851775 0.717117 0.870344
0 0.235044 0.707705 0.236234 0.709809 0.238729 0.711490 0.257475 0.724116 0.263880 0.728429 0.291939 0.712570 0.292892 0.711596 0.291208 0.678460 0.290024 0.676365 0.236259 0.706753
0 0.613984 0.271331 0.674304 0.283865 0.675105 0.282872 0.675595 0.280511 0.667086 0.248368 0.635607 0.241826 0.614998 0.267919 0.614472 0.268981
0 0.674553 0.627765 0.675357 0.628354 0.737349 0.630855 0.737447 0.628440 0.726927 0.605090 0.723755 0.598050 0.722729 0.597601 0.690673 0.596307 0.674650 0.625361
0 0.043590 0.839487 0.045108 0.871682 0.052169 0.874806 0.075590 0.885167 0.078005 0.885053 0.079939 0.883289 0.077031 0.821598 0.074627 0.821712 0.045682 0.837931
0 0.857852 0.367213 0.872348 0.396968 0.904351 0.397297 0.906209 0.396826 0.921384 0.367240 0.921409 0.364829 0.859521 0.364192 0.857877 0.364812
0 0.070458 0.465911 0.072398 0.467353 0.097615 0.471819 0.105219 0.473165 0.107028 0.473288 0.126160 0.447535 0.111187 0.417927 0.109256 0.416492 0.107456 0.416107
0 0.829350 0.230080 0.829563 0.233014 0.830927 0.234755 0.860694 0.248187 0.888426 0.230383 0.888464 0.227406 0.887392 0.220465 0.885632 0.209073 0.884273 0.200279 0.883860 0.197607 0.882452 0.195877
0 0.127172 0.432471 0.153618 0.452626 0.155987 0.453075 0.157560 0.453290 0.169048 0.392762 0.167528 0.392269 0.165159 0.391819 0.133168 0.400883
0 0.525192 0.400130 0.579399 0.429409 0.579764 0.429084 0.580910 0.426962 0.581960 0.393729 0.553671 0.378449 0.526454 0.397550 0.525308 0.399671
0 0.836238 0.451766 0.893506 0.474885 0.895318 0.474769 0.896223 0.472528 0.895983 0.469529 0.893561 0.439303 0.863674 0.427238 0.862007 0.427571 0.837139 0.449535
0 0.932154 0.539940 0.941234 0.570710 0.973896 0.576543 0.976078 0.576895 0.978397 0.576211 0.960838 0.516705 0.958725 0.516628 0.956417 0.517309
0 0.444583 0.109376 0.444837 0.111166 0.464077 0.138197 0.466202 0.139326 0.495188 0.084792 0.495166 0.082880 0.493031 0.081746 0.490023 0.081671 0.480153 0.081425 0.467429 0.081108 0.459710 0.080916
0 0.496824 0.720045 0.501994 0.725780 0.506207 0.730453 0.519143 0.744801 0.521394 0.745683 0.544030 0.687916 0.543828 0.687055 0.541588 0.686177 0.508543 0.689165 0.496838 0.719036
0 0.554102 0.221155 0.592961 0.268964 0.594824 0.267450 0.605301 0.244278 0.608460 0.237291 0.608958 0.236084 0.588679 0.211135 0.556222 0.218354 0.554351 0.219875
0 0.446847 0.701332 0.507764 0.703981 0.508887 0.703676 0.508967 0.701236 0.503676 0.689378 0.495309 0.670628 0.463862 0.669397 0.462545 0.669545 0.446935 0.698900
0 0.945302 0.200465 0.949516 0.232191 0.980812 0.242966 0.983192 0.242649 0.985411 0.241467 0.977260 0.180115 0.974870 0.180432 0.972699 0.181893 0.962110 0.189071 0.951648 0.196163
0 0.747887 0.424699 0.749268 0.457849 0.778536 0.470991 0.779818 0.470857 0.785798 0.465971 0.790670 0.461990 0.805628 0.449766 0.806618 0.447560 0.750019 0.422147 0.748873 0.422504
0 0.000000 0.878649 0.026669 0.886383 0.030096 0.884796 0.048848 0.859146 0.049286 0.856775 0.000000 0.842243
0 0.133209 0.646974 0.139800 0.708514 0.142198 0.708257 0.143834 0.707305 0.146349 0.705692 0.165240 0.693575 0.171694 0.689435 0.168285 0.657612 0.137273 0.646047 0.134886 0.646302
0 0.471279 0.631919 0.508465 0.681394 0.510393 0.679945 0.525232 0.650189 0.525117 0.649503 0.505888 0.623919 0.498345 0.625298 0.473329 0.629873 0.471410 0.631316
0 0.301969 0.120861 0.304011 0.182870 0.304909 0.184324 0.307314 0.184245 0.336486 0.168437 0.335430 0.136372 0.334672 0.134698 0.327656 0.131474 0.321939 0.128847 0.304385 0.120781
0 0.840198 0.275567 0.842166 0.276940 0.845122 0.277374 0.867328 0.280630 0.874914 0.281742 0.876636 0.280740 0.895035 0.254373 0.879155 0.225159 0.877177 0.223779 0.875453 0.225042
