0 0.413522 0.421093 0.416260 0.424912 0.417076 0.424414 0.417082 0.424341 0.414343 0.420523 0.413527 0.421019
0 0.736966 0.538098 0.740477 0.538599 0.767955 0.542256 0.789624 0.381827 0.762340 0.376730 0.758735 0.376924
0 0.489624 0.569939 0.489745 0.570162 0.490061 0.570100 0.490136 0.570079 0.490785 0.569826 0.494679 0.568305 0.495975 0.567798 0.496050 0.567761 0.496232 0.567628 0.496257 0.566882 0.496135 0.566659 0.489643 0.569194
0 0.501153 0.445070 0.503291 0.449299 0.503655 0.449768 0.503848 0.449657 0.503836 0.449409 0.503827 0.449383 0.503806 0.449340 0.502951 0.447647 0.502310 0.446380 0.501883 0.445536 0.501854 0.445482 0.501821 0.445425 0.501790 0.445375 0.501764 0.445338 0.501582 0.445103 0.501566 0.445086 0.501346 0.444960
0 0.416583 0.360594 0.416667 0.361980 0.422787 0.363421 0.422961 0.363316 0.422880 0.361927 0.416758 0.360490
0 0.799274 0.664680 0.800652 0.665439 0.961560 0.674294 0.963331 0.642113 0.961208 0.641461 0.801038 0.632646
0 0.582954 0.624711 0.583535 0.626249 0.583762 0.626275 0.589783 0.622055 0.589206 0.620521 0.588979 0.620497
0 0.592141 0.505342 0.608628 0.533028 0.748875 0.450398 0.732237 0.422460 0.731602 0.422559 0.592151 0.505061
0 0.485491 0.580613 0.485534 0.580731 0.489101 0.583784 0.489905 0.583086 0.489862 0.582969 0.486296 0.579914
0 0.510222 0.610936 0.510344 0.611656 0.510423 0.611704 0.510470 0.611731 0.512071 0.612392 0.513270 0.612887 0.514069 0.613216 0.514343 0.613306 0.514458 0.613185 0.514335 0.612465 0.510338 0.610814
0 0.719107 0.456434 0.830925 0.571451 0.832448 0.571780 0.855558 0.549314 0.743225 0.433767 0.742111 0.434071
0 0.398947 0.488641 0.553566 0.534057 0.562649 0.503133 0.408030 0.457717
0 0.309575 0.527671 0.469097 0.547566 0.469238 0.547348 0.473199 0.515590 0.314407 0.495786 0.313554 0.495766
0 0.507472 0.691195 0.507495 0.691460 0.507504 0.691485 0.507781 0.692073 0.508472 0.693539 0.508748 0.694124 0.508770 0.694166 0.508803 0.694218 0.508842 0.694273 0.508880 0.694322 0.509182 0.694688 0.509214 0.694724 0.509234 0.694740 0.509459 0.694860 0.509642 0.694729 0.508263 0.691797 0.507657 0.691063
0 0.475900 0.019260 0.476010 0.021463 0.491823 0.181094 0.523749 0.177932 0.523859 0.176449 0.507973 0.016083
0 0.696084 0.267651 0.852308 0.302314 0.853926 0.301406 0.860890 0.270018 0.703949 0.235196 0.703016 0.236407
0 0.551443 0.181678 0.709282 0.208026 0.710243 0.206685 0.715537 0.174972 0.556973 0.148503 0.551679 0.180216
0 0.482491 0.445840 0.482692 0.446353 0.485715 0.448892 0.485852 0.448773 0.485819 0.448554 0.485814 0.448530 0.485713 0.448273 0.485694 0.448238 0.485665 0.448197 0.485629 0.448155 0.485592 0.448120 0.482873 0.445835 0.482840 0.445812 0.482628 0.445720
0 0.530118 0.162251 0.682500 0.216027 0.683347 0.214710 0.694152 0.184092 0.541063 0.130067 0.530258 0.160685
0 0.720085 0.093667 0.788186 0.238906 0.817234 0.225285 0.818694 0.224021 0.750280 0.078113 0.721098 0.091796
0 0.465263 0.541581 0.465781 0.541847 0.465931 0.541900 0.466052 0.541674 0.466238 0.541217 0.466795 0.539848 0.467166 0.538936 0.467537 0.538023 0.467722 0.537566 0.467738 0.537511 0.467787 0.537336 0.467268 0.537072 0.467117 0.537019
0 0.432458 0.454187 0.432499 0.454253 0.433090 0.454848 0.436466 0.451749 0.436425 0.451682 0.435834 0.451088
0 0.338464 0.360678 0.339205 0.361317 0.370227 0.369497 0.411128 0.214386 0.410718 0.213071 0.379554 0.204854
0 0.032482 0.377824 0.183169 0.434950 0.184621 0.435248 0.195994 0.405249 0.045998 0.348386 0.043908 0.347687
0 0.525483 0.475207 0.525523 0.475342 0.528524 0.477136 0.528653 0.477042 0.528991 0.476782 0.529199 0.476616 0.529159 0.476481 0.526157 0.474688
