0 0.280726 0.715120 0.312939 0.718485 0.313801 0.717479 0.330550 0.557154 0.298485 0.553804 0.297552 0.554053
0 0.632214 0.803870 0.633028 0.804927 0.665487 0.805169 0.666426 0.641678 0.665465 0.641378 0.633360 0.641026
0 0.509832 0.520737 0.509868 0.521572 0.514444 0.522864 0.514540 0.522753 0.514505 0.521918 0.509928 0.520627
0 0.484526 0.474844 0.484627 0.474942 0.485384 0.475200 0.487899 0.470806 0.487799 0.470708 0.487042 0.470451
0 0.257273 0.552752 0.327807 0.697647 0.356786 0.683541 0.357442 0.682700 0.287232 0.538468 0.286252 0.538645
0 0.448895 0.349364 0.448967 0.349541 0.450827 0.351892 0.451814 0.351396 0.451742 0.351219 0.449879 0.348869 0.449693 0.348923 0.449632 0.348946 0.449140 0.349193 0.449088 0.349227
0 0.559023 0.640342 0.559294 0.640988 0.576409 0.668299 0.712962 0.582724 0.695847 0.555413 0.694949 0.555159
0 0.535771 0.353644 0.695968 0.361956 0.696870 0.361320 0.698540 0.329134 0.537606 0.320783 0.537433 0.321605
0 0.508856 0.555611 0.508950 0.555876 0.509375 0.556339 0.516301 0.553387 0.516208 0.553121 0.515776 0.552663 0.515590 0.552673 0.515509 0.552686 0.515424 0.552715 0.514041 0.553304 0.509195 0.555369 0.509121 0.555408
0 0.122029 0.314651 0.122138 0.315092 0.125112 0.318050 0.125253 0.317945 0.125242 0.317720 0.125189 0.317500 0.125176 0.317468 0.125152 0.317428 0.125119 0.317385 0.125084 0.317346 0.122703 0.314978 0.122405 0.314682 0.122373 0.314654 0.122347 0.314639 0.122171 0.314546
0 0.487060 0.708447 0.487312 0.708630 0.488134 0.709097 0.488372 0.708849 0.488439 0.708767 0.489452 0.707245 0.490464 0.705724 0.491981 0.703443 0.492991 0.701924 0.493040 0.701831 0.493193 0.701492 0.492941 0.701309 0.492114 0.700851
0 0.531617 0.685707 0.531763 0.686562 0.672262 0.765491 0.688047 0.737391 0.687185 0.736303 0.547330 0.657736
0 0.225863 0.540218 0.255560 0.553550 0.256368 0.552665 0.322633 0.407023 0.292962 0.393355 0.292315 0.393513
0 0.520733 0.582795 0.521038 0.583054 0.669622 0.647305 0.670001 0.647339 0.682665 0.617361 0.533485 0.553247
0 0.739949 0.374293 0.763361 0.396229 0.764573 0.395751 0.874759 0.278155 0.851239 0.256118 0.849630 0.257236
0 0.518587 0.299583 0.519155 0.302942 0.527795 0.329487 0.683003 0.284571 0.683126 0.281108 0.673018 0.254946
0 0.763539 0.229436 0.776179 0.258838 0.923192 0.195636 0.925136 0.194238 0.912438 0.164701 0.764749 0.228193
0 0.593373 0.493976 0.619736 0.512122 0.620286 0.512178 0.711433 0.379757 0.684949 0.361528 0.684104 0.362161
0 0.367023 0.427925 0.371013 0.429588 0.371093 0.429456 0.371096 0.428960 0.370984 0.428881 0.370938 0.428856 0.367345 0.427359 0.367299 0.427346 0.367104 0.427296 0.367024 0.427428
0 0.533092 0.481740 0.533231 0.481798 0.536256 0.482859 0.536613 0.481939 0.536474 0.481882 0.533449 0.480819 0.533347 0.481040 0.533168 0.481501
0 0.446909 0.522449 0.449640 0.525456 0.449771 0.525431 0.450133 0.524741 0.447400 0.521735 0.447270 0.521759
0 0.257814 0.410323 0.271628 0.439356 0.272672 0.439633 0.417172 0.370881 0.403422 0.341981 0.402978 0.341255
0 0.284513 0.133580 0.285498 0.135255 0.312913 0.151769 0.395482 0.014693 0.395002 0.012464 0.372376 0.001560 0.368066 0.000000 0.367461 0.000000
0 0.621198 0.325634 0.782611 0.336047 0.783979 0.332689 0.783186 0.304991 0.622621 0.294633 0.621940 0.298118
0 0.496239 0.529622 0.497543 0.535661 0.497686 0.535766 0.498906 0.535199 0.497598 0.529161 0.497456 0.529055
0 0.486314 0.465910 0.486316 0.466149 0.486325 0.466189 0.486345 0.466245 0.486553 0.466752 0.486581 0.466814 0.486613 0.466872 0.486644 0.466918 0.486669 0.466945 0.486849 0.467081 0.488113 0.468035 0.488295 0.468171 0.488537 0.468288 0.488743 0.468186 0.488326 0.467167 0.486520 0.465809
0 0.374782 0.474643 0.377063 0.476947 0.377129 0.477005 0.377672 0.476444 0.375392 0.474139 0.375325 0.474082
0 0.537973 0.501184 0.538058 0.501462 0.538212 0.501827 0.539289 0.504378 0.539443 0.504742 0.539469 0.504786 0.539508 0.504830 0.539554 0.504866 0.539600 0.504888 0.539970 0.505012 0.540252 0.505077 0.540376 0.504945 0.538839 0.501299 0.538097 0.501053
0 0.491986 0.569231 0.492059 0.569473 0.492324 0.569519 0.492365 0.569516 0.492426 0.569504 0.492995 0.569369 0.493065 0.569350 0.493135 0.569327 0.493193 0.569304 0.493231 0.569283 0.493450 0.569133 0.494320 0.568534 0.495188 0.567936 0.495200 0.567922 0.495372 0.567707 0.495299 0.567466 0.494164 0.567735
0 0.193093 0.306473 0.194500 0.307360 0.347044 0.356983 0.356969 0.326474 0.356311 0.325675 0.203064 0.275824
0 0.491519 0.600242 0.491571 0.600514 0.491648 0.600881 0.491673 0.600977 0.491783 0.601034 0.492159 0.601177 0.494036 0.601887 0.495161 0.602312 0.495425 0.602397 0.495542 0.602285 0.495387 0.601551 0.491636 0.600130
0 0.512311 0.497300 0.544524 0.498604 0.544731 0.498597 0.551277 0.336786 0.518915 0.335477 0.518827 0.336234
0 0.509119 0.606763 0.509247 0.606852 0.509299 0.606886 0.509753 0.607120 0.511571 0.608056 0.512480 0.608524 0.513388 0.608991 0.513663 0.609102 0.513771 0.608966 0.513858 0.608300 0.509316 0.605962 0.509209 0.606098
0 0.431541 0.438325 0.441943 0.468831 0.442209 0.468973 0.594038 0.417204 0.594471 0.416823 0.584070 0.386317
0 0.533555 0.465418 0.536510 0.469227 0.536623 0.469208 0.536774 0.469089 0.536767 0.468945 0.536753 0.468919 0.536728 0.468881 0.536695 0.468837 0.536400 0.468456 0.534626 0.466169 0.534034 0.465407 0.533999 0.465363 0.533967 0.465327 0.533942 0.465303 0.533929 0.465296 0.533817 0.465277 0.533706 0.465300
