0 0.479395 0.494698 0.479731 0.495538 0.483794 0.494212 0.483846 0.494161 0.483510 0.493322 0.479447 0.494647
0 0.453638 0.606696 0.453834 0.606984 0.457653 0.604508 0.458863 0.603658 0.458668 0.603373 0.458283 0.603410 0.458253 0.603429 0.456730 0.604414 0.455967 0.604908 0.455201 0.605404 0.454818 0.605652 0.454760 0.605690 0.454683 0.605742 0.454599 0.605800 0.453992 0.606226 0.453853 0.606324 0.453819 0.606349
0 0.648279 0.297757 0.648422 0.297892 0.648703 0.297821 0.649029 0.297692 0.649071 0.297669 0.649117 0.297631 0.649159 0.297585 0.649190 0.297537 0.649402 0.297148 0.649826 0.296369 0.650672 0.294813 0.651094 0.294036 0.651111 0.293994 0.651190 0.293744 0.651047 0.293609 0.650395 0.293868
0 0.247783 0.630475 0.247957 0.632121 0.248068 0.632222 0.256487 0.630383 0.256308 0.628737 0.256199 0.628636
0 0.504716 0.357009 0.507809 0.359974 0.507924 0.360043 0.508598 0.359204 0.505503 0.356240 0.505389 0.356171
0 0.543089 0.921047 0.543287 0.922981 0.556502 0.952291 0.703052 0.886215 0.689837 0.856905 0.688969 0.855273
0 0.550637 0.565850 0.552330 0.569403 0.552603 0.569895 0.552776 0.569809 0.552779 0.569590 0.552772 0.569571 0.552079 0.568115 0.551232 0.566337 0.551209 0.566290 0.551184 0.566240 0.551140 0.566156 0.551004 0.565911 0.550992 0.565891 0.550810 0.565764
0 0.448099 0.526634 0.448781 0.527800 0.454077 0.525657 0.454191 0.525536 0.453508 0.524367 0.448213 0.526514
0 0.496097 0.589223 0.498508 0.595652 0.498603 0.595724 0.499899 0.595115 0.497491 0.588686 0.497396 0.588615
0 0.539654 0.425153 0.540142 0.425714 0.540313 0.425797 0.543605 0.420983 0.543115 0.420426 0.542943 0.420342 0.542736 0.420594 0.540433 0.423963 0.539776 0.424925
0 0.519526 0.612545 0.519542 0.612562 0.520807 0.613145 0.523725 0.606801 0.523710 0.606783 0.522446 0.606201
0 0.509134 0.527547 0.509528 0.528234 0.514969 0.529470 0.515073 0.529262 0.514922 0.528955 0.514726 0.528611 0.514691 0.528569 0.514637 0.528527 0.514571 0.528493 0.514504 0.528471 0.513959 0.528347 0.510692 0.527606 0.510148 0.527483 0.509604 0.527360 0.509547 0.527354 0.509238 0.527340
0 0.497825 0.857171 0.497949 0.857275 0.506872 0.856503 0.506892 0.854633 0.506770 0.854528 0.497852 0.855303
0 0.574927 0.513383 0.574991 0.513533 0.575714 0.513807 0.575843 0.513696 0.576178 0.513369 0.578183 0.511409 0.578850 0.510756 0.579056 0.510540 0.578992 0.510389 0.578268 0.510117
0 0.205679 0.354946 0.205979 0.355282 0.237299 0.365223 0.284893 0.212104 0.284953 0.211120 0.253675 0.200535
0 0.159231 0.923318 0.191378 0.923852 0.192789 0.921914 0.195445 0.761913 0.163445 0.761382 0.161899 0.762583
0 0.573951 0.368216 0.573987 0.368325 0.574011 0.368373 0.574045 0.368420 0.576231 0.371006 0.576856 0.371745 0.576894 0.371783 0.577074 0.371910 0.577223 0.371802 0.577397 0.371426 0.574271 0.367729 0.574122 0.367837
0 0.756004 0.554449 0.766848 0.584643 0.768077 0.585033 0.919744 0.530564 0.908849 0.500231 0.906976 0.500230
0 0.398784 0.588380 0.404999 0.590855 0.405477 0.591027 0.405583 0.590760 0.405409 0.590530 0.405392 0.590522 0.405347 0.590503 0.404659 0.590229 0.402795 0.589487 0.400378 0.588525 0.399692 0.588252 0.399539 0.588192 0.399433 0.588152 0.399178 0.588060 0.398890 0.588113
0 0.408283 0.195011 0.408703 0.196409 0.419472 0.226630 0.570577 0.172785 0.570902 0.171278 0.560084 0.140918
0 0.025358 0.796779 0.178105 0.839968 0.180087 0.838409 0.188020 0.807212 0.035822 0.764485 0.033194 0.765691
0 0.504351 0.584878 0.504388 0.584902 0.505204 0.585188 0.506725 0.581006 0.506689 0.580983 0.505873 0.580698
0 0.089045 0.207363 0.095626 0.238834 0.097474 0.240028 0.254110 0.207278 0.247560 0.175950 0.246400 0.174462
0 0.517596 0.529021 0.518289 0.529940 0.518343 0.529951 0.522853 0.526347 0.522161 0.525428 0.522106 0.525418
0 0.501403 0.667531 0.501404 0.667895 0.501418 0.667933 0.501607 0.668368 0.501637 0.668430 0.501676 0.668507 0.501719 0.668586 0.501760 0.668656 0.503357 0.671278 0.504313 0.672847 0.504632 0.673369 0.504664 0.673419 0.504682 0.673442 0.504972 0.673639 0.505242 0.673491 0.504860 0.672618 0.501673 0.667383
0 0.533567 0.365934 0.539667 0.367873 0.544129 0.365081 0.544642 0.363512 0.544815 0.362975 0.545187 0.361808 0.545703 0.360188 0.546839 0.356614 0.551786 0.341047 0.561128 0.311650 0.590817 0.218223 0.591360 0.216511 0.591772 0.215212 0.591989 0.214524 0.590192 0.208706 0.583949 0.206722 0.534352 0.362798
0 0.180533 0.422309 0.181997 0.422665 0.340266 0.448801 0.345493 0.417147 0.344782 0.416766 0.185784 0.390510
