0 0.543290 0.572437 0.543590 0.573040 0.543714 0.573128 0.543926 0.572954 0.546738 0.570382 0.547089 0.570060 0.547228 0.569914 0.546931 0.569309 0.546807 0.569221
0 0.485715 0.332746 0.486680 0.334111 0.494231 0.329762 0.494230 0.329604 0.493269 0.328234 0.485716 0.332587
0 0.417313 0.667284 0.431135 0.827447 0.463168 0.824682 0.463336 0.823198 0.449577 0.663768 0.417691 0.666519
0 0.510114 0.539668 0.510508 0.540046 0.510662 0.540098 0.512737 0.535877 0.512342 0.535501 0.512188 0.535449 0.512070 0.535626 0.512042 0.535670 0.511834 0.536092 0.511419 0.536936 0.510175 0.539467 0.510156 0.539520
0 0.380838 0.516634 0.384319 0.518973 0.384398 0.518914 0.384718 0.518259 0.381236 0.515919 0.381157 0.515978
0 0.603345 0.128760 0.727403 0.230456 0.728450 0.229214 0.748882 0.204289 0.624254 0.102125 0.603821 0.127051
0 0.104380 0.112200 0.215443 0.231359 0.217465 0.231733 0.239712 0.209036 0.128764 0.089897 0.126323 0.088871
0 0.507360 0.527233 0.509036 0.530582 0.509142 0.530654 0.509859 0.530078 0.508185 0.526729 0.508079 0.526658
0 0.471161 0.457116 0.473256 0.461054 0.473951 0.460769 0.474029 0.460702 0.471935 0.456766 0.471240 0.457049
0 0.770206 0.672449 0.792588 0.695653 0.793941 0.696559 0.910503 0.584135 0.888018 0.560822 0.886231 0.560542
0 0.039938 0.864338 0.148861 0.983104 0.172614 0.961320 0.174115 0.959205 0.065690 0.840984 0.063690 0.842554
0 0.626095 0.801635 0.629563 0.833451 0.630158 0.834983 0.789970 0.817565 0.786486 0.785603 0.785176 0.784297
0 0.459258 0.493139 0.463401 0.496168 0.463445 0.496176 0.464044 0.495325 0.459902 0.492295 0.459858 0.492288
0 0.169492 0.000000 0.278673 0.078568 0.302455 0.057034 0.301545 0.054995 0.251663 0.005748 0.250155 0.004629 0.242726 0.000000
0 0.502596 0.547859 0.502756 0.547999 0.503053 0.547921 0.503388 0.547787 0.505738 0.546842 0.506074 0.546706 0.506118 0.546681 0.506165 0.546640 0.506209 0.546590 0.506242 0.546538 0.506464 0.546111 0.506482 0.546066 0.506557 0.545797 0.506397 0.545656 0.503041 0.547009
0 0.510553 0.555264 0.510614 0.555512 0.510631 0.555548 0.511040 0.556256 0.511653 0.557317 0.512265 0.558376 0.512469 0.558728 0.512499 0.558773 0.512537 0.558820 0.512578 0.558861 0.512615 0.558890 0.512897 0.559077 0.512924 0.559090 0.513159 0.559171 0.513311 0.559040 0.511270 0.555505 0.510706 0.555134
0 0.498836 0.535244 0.500828 0.538808 0.501330 0.539208 0.501489 0.539086 0.501441 0.538839 0.501423 0.538803 0.501225 0.538447 0.500628 0.537378 0.499831 0.535951 0.499631 0.535594 0.499603 0.535549 0.499567 0.535501 0.499530 0.535458 0.499496 0.535427 0.499245 0.535228 0.499221 0.535213 0.498995 0.535122
0 0.384424 0.518026 0.545175 0.519500 0.545470 0.487350 0.384719 0.485876
0 0.537081 0.091489 0.567775 0.100825 0.614984 0.000000 0.570138 0.000000 0.565816 0.008084 0.537252 0.089608
0 0.572101 0.492075 0.572187 0.492308 0.572192 0.492318 0.572217 0.492345 0.572258 0.492384 0.572657 0.492755 0.572708 0.492801 0.572761 0.492846 0.572807 0.492884 0.572841 0.492909 0.573263 0.493193 0.574527 0.494042 0.574737 0.494183 0.574752 0.494190 0.575005 0.494232 0.575163 0.494053 0.574367 0.493313 0.572259 0.491895
0 0.784578 0.588205 0.838259 0.741889 0.839840 0.743019 0.870720 0.732233 0.816789 0.577831 0.815315 0.577468
0 0.425620 0.866935 0.432637 0.898312 0.589519 0.863225 0.582502 0.831849 0.582125 0.830332 0.425960 0.865258
0 0.503333 0.479343 0.503428 0.479460 0.504154 0.479335 0.505513 0.475908 0.505418 0.475791 0.505159 0.475828 0.504795 0.475890 0.504691 0.475915 0.504645 0.476012 0.504373 0.476698 0.503830 0.478070 0.503559 0.478755 0.503424 0.479097
0 0.491398 0.522085 0.492269 0.522315 0.493579 0.520382 0.493603 0.520223 0.493420 0.520137 0.493373 0.520119 0.492939 0.520005 0.492886 0.519996 0.492735 0.519994 0.491423 0.521925
0 0.479486 0.419271 0.481102 0.423393 0.481215 0.423388 0.481852 0.422995 0.480237 0.418873 0.480124 0.418879
0 0.497304 0.655797 0.497415 0.655892 0.498510 0.655885 0.499603 0.650089 0.499492 0.649993 0.498399 0.650003
0 0.488270 0.652537 0.492741 0.657312 0.494030 0.656714 0.494045 0.656493 0.489576 0.651715 0.488285 0.652316
0 0.168306 0.150136 0.169826 0.151740 0.290886 0.256985 0.311935 0.232772 0.311069 0.231542 0.189451 0.125812
0 0.885729 0.000000 0.929392 0.150142 0.960263 0.141410 0.962382 0.139759 0.918518 0.000000
0 0.328756 0.247663 0.329541 0.248820 0.360565 0.256991 0.401427 0.101870 0.400972 0.100037 0.369806 0.091828
0 0.150921 0.153209 0.178278 0.315822 0.180456 0.315813 0.211066 0.311201 0.184186 0.148778 0.181990 0.148019
0 0.806709 0.639586 0.929977 0.742237 0.931956 0.743353 0.952582 0.718586 0.828747 0.615462 0.827240 0.614933
