0 0.240517 0.217381 0.260705 0.242404 0.261800 0.243582 0.386342 0.143100 0.385819 0.141460 0.365631 0.116438
0 0.244740 0.129331 0.245910 0.131029 0.271641 0.150193 0.367458 0.021542 0.366848 0.019339 0.340999 0.000087
0 0.522361 0.453290 0.522512 0.453482 0.522750 0.453451 0.522765 0.453442 0.522800 0.453417 0.523304 0.453028 0.524669 0.451973 0.526032 0.450919 0.526941 0.450216 0.526996 0.450173 0.527050 0.450130 0.527094 0.450093 0.527122 0.450069 0.527270 0.449929 0.527277 0.449921 0.527355 0.449687 0.527204 0.449496 0.522654 0.453012
0 0.372282 0.592793 0.372477 0.592928 0.372889 0.592937 0.372985 0.592891 0.373026 0.592858 0.373071 0.592807 0.373113 0.592748 0.375050 0.589632 0.375373 0.589112 0.376018 0.588073 0.376051 0.588013 0.376069 0.587962 0.376117 0.587743 0.375922 0.587608 0.375512 0.587595
0 0.501427 0.394848 0.501714 0.395146 0.502142 0.395016 0.502195 0.394980 0.502270 0.394918 0.502979 0.394299 0.503066 0.394220 0.503151 0.394134 0.503221 0.394057 0.503266 0.393999 0.503515 0.393617 0.504011 0.392856 0.504506 0.392096 0.505492 0.390582 0.505504 0.390552 0.505604 0.390112 0.505320 0.389816 0.503910 0.391049
0 0.498592 0.525717 0.501873 0.527888 0.502088 0.527920 0.502465 0.526689 0.499181 0.524523 0.498966 0.524490 0.498824 0.524823 0.498637 0.525436 0.498623 0.525512
0 0.515928 0.128108 0.523830 0.288326 0.555873 0.286745 0.556130 0.285763 0.548192 0.124808 0.516001 0.126396
0 0.498972 0.542940 0.502521 0.544287 0.502671 0.544238 0.502682 0.543944 0.502688 0.543459 0.502682 0.543270 0.499132 0.541926 0.498982 0.541974
0 0.491612 0.541108 0.491752 0.541314 0.491775 0.541336 0.492051 0.541552 0.493435 0.542632 0.493990 0.543065 0.494267 0.543281 0.494308 0.543309 0.494359 0.543338 0.494413 0.543364 0.494461 0.543383 0.494830 0.543504 0.494867 0.543513 0.495120 0.543511 0.495212 0.543330 0.492442 0.541169 0.491704 0.540927
0 0.302837 0.922334 0.328667 0.941611 0.425049 0.812459 0.425393 0.811027 0.399681 0.791839 0.303741 0.920399
0 0.512661 0.362257 0.512665 0.362394 0.513403 0.362868 0.516723 0.360136 0.516720 0.359998 0.515981 0.359525
0 0.447550 0.411708 0.450876 0.414059 0.451428 0.413994 0.451496 0.413834 0.451343 0.413666 0.451311 0.413638 0.450315 0.412933 0.449317 0.412227 0.448318 0.411521 0.448274 0.411495 0.448223 0.411474 0.448175 0.411462 0.448136 0.411460 0.447860 0.411493 0.447619 0.411548
0 0.406216 0.284530 0.407202 0.285484 0.566317 0.301030 0.569851 0.268827 0.569606 0.267786 0.409680 0.252494
0 0.557922 0.491001 0.557968 0.491924 0.558082 0.491990 0.562289 0.490630 0.562244 0.489708 0.562131 0.489642
0 0.520428 0.424820 0.524207 0.427147 0.524270 0.427063 0.524617 0.426431 0.520837 0.424103 0.520774 0.424188
0 0.825095 0.561671 0.873621 0.714568 0.875341 0.715556 0.906062 0.705806 0.857312 0.552206 0.855675 0.551966
0 0.301095 0.716284 0.309400 0.747426 0.465110 0.705905 0.465270 0.704961 0.457003 0.673962 0.302007 0.715293
0 0.477114 0.570703 0.478076 0.602840 0.638762 0.598027 0.637799 0.565890 0.637169 0.565589 0.477218 0.570380
0 0.043890 0.557371 0.075766 0.563510 0.077568 0.562819 0.106011 0.405482 0.074094 0.399213 0.072263 0.399153
0 0.088756 0.187833 0.090636 0.189260 0.119072 0.203946 0.192502 0.061765 0.191089 0.059752 0.162522 0.044998
0 0.480703 0.319046 0.480715 0.319110 0.480752 0.319192 0.480810 0.319280 0.480878 0.319361 0.482664 0.321211 0.483856 0.322445 0.485049 0.323680 0.486243 0.324915 0.486311 0.324977 0.486684 0.325199 0.486960 0.324989 0.486991 0.324126 0.481023 0.317950 0.480748 0.318159 0.480715 0.318612
0 0.526385 0.415196 0.529049 0.417594 0.529177 0.417610 0.529569 0.416825 0.526904 0.414428 0.526775 0.414412
0 0.494247 0.457903 0.498019 0.460255 0.498104 0.460145 0.498337 0.459617 0.498170 0.459494 0.497415 0.459023 0.495906 0.458082 0.494774 0.457377 0.494563 0.457265 0.494479 0.457374
0 0.577214 0.511015 0.577914 0.511479 0.577996 0.511477 0.580044 0.507573 0.579343 0.507109 0.579261 0.507111
0 0.013814 0.254786 0.067800 0.406208 0.069775 0.406637 0.099922 0.395889 0.046183 0.245160 0.044098 0.243989
0 0.065374 0.242724 0.065873 0.243474 0.092878 0.263904 0.192450 0.137797 0.166487 0.116048 0.165573 0.115824
0 0.466803 0.577854 0.466917 0.577949 0.467530 0.578181 0.467655 0.578003 0.467908 0.577591 0.469672 0.574712 0.469924 0.574300 0.470051 0.574067 0.469937 0.573971 0.469324 0.573742
