0 0.512782 0.580539 0.513851 0.581433 0.513901 0.581455 0.518379 0.575975 0.517311 0.575081 0.517261 0.575060
0 0.508163 0.575571 0.511452 0.578709 0.511538 0.578644 0.512004 0.578060 0.508717 0.574923 0.508631 0.574988
0 0.255608 0.203890 0.256725 0.205243 0.413389 0.237862 0.419912 0.206529 0.419544 0.205181 0.262162 0.172413
0 0.291815 0.295081 0.292769 0.296020 0.453176 0.297319 0.453436 0.265238 0.453222 0.264157 0.292076 0.262852
0 0.501815 0.548290 0.502260 0.549073 0.505880 0.547573 0.505949 0.547497 0.505504 0.546716 0.501884 0.548215
0 0.500557 0.422959 0.500724 0.423140 0.500748 0.423162 0.501327 0.423557 0.503358 0.424941 0.503400 0.424964 0.503454 0.424985 0.503511 0.425001 0.503562 0.425008 0.503950 0.425034 0.503987 0.425033 0.504233 0.424988 0.504291 0.424801 0.501390 0.422826 0.500615 0.422773
0 0.737878 0.102597 0.755699 0.261624 0.787504 0.258060 0.788825 0.256949 0.770922 0.097191 0.738971 0.100772
0 0.265546 0.529156 0.426672 0.532027 0.427008 0.531880 0.427579 0.499803 0.267192 0.496945 0.266120 0.496931
0 0.417126 0.143506 0.417506 0.145140 0.449496 0.147572 0.461659 0.000000 0.429344 0.000000
0 0.395757 0.745980 0.556187 0.756244 0.558240 0.724158 0.557974 0.723133 0.398277 0.712916 0.397810 0.713894
0 0.537483 0.526525 0.542169 0.532155 0.543317 0.531247 0.543325 0.531182 0.538638 0.525554 0.537491 0.526460
0 0.519437 0.539893 0.519525 0.540086 0.524629 0.538097 0.524685 0.537704 0.524596 0.537511 0.524394 0.537523 0.524346 0.537529 0.524288 0.537548 0.523268 0.537945 0.522246 0.538343 0.519692 0.539338 0.519633 0.539365 0.519582 0.539397 0.519546 0.539429 0.519489 0.539501
0 0.521495 0.429559 0.521586 0.429725 0.522425 0.429585 0.524548 0.426482 0.524457 0.426316 0.524156 0.426324 0.523736 0.426393 0.523683 0.426408 0.523628 0.426435 0.523580 0.426470 0.523546 0.426507 0.523333 0.426818 0.522908 0.427440 0.521636 0.429302
0 0.433513 0.551520 0.437017 0.554211 0.437073 0.554181 0.437555 0.553482 0.434050 0.550791 0.433994 0.550821
0 0.506817 0.566044 0.506937 0.566343 0.508496 0.565803 0.509022 0.563096 0.508901 0.562796 0.508596 0.562793 0.508523 0.562802 0.508435 0.562827 0.507651 0.563098 0.507559 0.563135 0.507480 0.563179 0.507424 0.563223 0.507333 0.563338
0 0.527455 0.472344 0.529138 0.476724 0.529323 0.476910 0.529501 0.476836 0.529522 0.476663 0.529521 0.476644 0.529510 0.476607 0.529493 0.476559 0.529325 0.476121 0.528820 0.474807 0.527979 0.472620 0.527957 0.472567 0.527935 0.472519 0.527915 0.472481 0.527901 0.472460 0.527808 0.472366 0.527633 0.472270
0 0.487813 0.604445 0.488714 0.604751 0.488832 0.604789 0.490642 0.599387 0.490524 0.599347 0.489740 0.599083 0.489622 0.599044
0 0.512270 0.526979 0.514530 0.529286 0.514681 0.529280 0.514918 0.528495 0.512660 0.526187 0.512508 0.526192 0.512414 0.526438 0.512295 0.526832 0.512286 0.526882
0 0.458873 0.508177 0.460897 0.510412 0.461014 0.510485 0.461579 0.509781 0.459554 0.507547 0.459437 0.507474 0.459274 0.507655 0.458992 0.508007
0 0.488896 0.524089 0.488922 0.524316 0.488934 0.524346 0.489081 0.524659 0.489103 0.524701 0.489132 0.524746 0.489164 0.524789 0.489193 0.524823 0.489416 0.525054 0.491200 0.526902 0.491223 0.526921 0.491422 0.527025 0.491575 0.526923 0.491279 0.526297 0.489049 0.523986
0 0.073774 0.616283 0.105925 0.616482 0.107727 0.615949 0.108719 0.455929 0.106921 0.455727 0.074770 0.455528
0 0.408577 0.280050 0.477082 0.427178 0.506242 0.413603 0.506217 0.413492 0.438214 0.266814 0.437925 0.266248
0 0.486333 0.325028 0.486535 0.325215 0.487033 0.324673 0.488468 0.323105 0.488898 0.322635 0.489681 0.321779 0.490494 0.320890 0.490952 0.320389 0.490751 0.320202 0.490461 0.320303 0.490460 0.320304 0.490441 0.320324 0.490403 0.320365 0.490323 0.320452 0.490187 0.320600 0.489937 0.320873 0.489266 0.321606 0.487019 0.324061 0.486803 0.324297 0.486577 0.324544 0.486429 0.324706 0.486409 0.324728
0 0.490698 0.586019 0.490857 0.586275 0.490886 0.586299 0.491220 0.586548 0.493554 0.588283 0.493887 0.588530 0.493935 0.588563 0.493996 0.588600 0.494059 0.588636 0.494117 0.588665 0.494549 0.588868 0.494592 0.588886 0.494612 0.588890 0.494899 0.588904 0.495024 0.588686 0.491691 0.586206 0.490824 0.585801
0 0.365315 0.216288 0.369026 0.220814 0.369946 0.220175 0.369969 0.220080 0.366259 0.215551 0.365338 0.216193
0 0.513604 0.613842 0.513666 0.614364 0.522383 0.645312 0.677120 0.601726 0.668402 0.570779 0.667633 0.570455
0 0.034566 0.339114 0.052343 0.365998 0.054395 0.366613 0.188198 0.278132 0.170503 0.251372 0.168985 0.250227
0 0.229913 0.979805 0.390168 0.992515 0.390670 0.990263 0.393200 0.958359 0.233678 0.945707 0.232455 0.947754
0 0.481996 0.401414 0.487046 0.406623 0.487051 0.406624 0.488089 0.405612 0.483040 0.400404 0.483035 0.400402
