0 0.446928 0.474169 0.447703 0.474407 0.447780 0.474424 0.449035 0.470098 0.448260 0.469858 0.448183 0.469842
0 0.516875 0.731749 0.516953 0.732816 0.578062 0.881931 0.607885 0.869708 0.607390 0.868014 0.546561 0.719583
0 0.831620 0.498617 0.967042 0.578599 0.969314 0.579720 0.986584 0.552173 0.850426 0.471411 0.848676 0.470776
0 0.455729 0.519080 0.455772 0.519753 0.455908 0.519810 0.457428 0.520363 0.458569 0.520778 0.459330 0.521054 0.459574 0.521136 0.459667 0.521033 0.459625 0.520359 0.455822 0.518977
0 0.325321 0.185827 0.326121 0.187267 0.352510 0.205513 0.443738 0.073567 0.443479 0.071604 0.416968 0.053274
0 0.052887 0.486620 0.060191 0.518012 0.062207 0.517929 0.218446 0.481573 0.211175 0.450326 0.209845 0.450097
0 0.359675 0.687830 0.384735 0.708098 0.486078 0.582802 0.486142 0.582422 0.461197 0.562247 0.360318 0.686969
0 0.566633 0.538633 0.566675 0.538828 0.568526 0.541256 0.568712 0.541237 0.568777 0.541222 0.569309 0.541043 0.569366 0.541017 0.569590 0.540899 0.569548 0.540704 0.567700 0.538274
0 0.500534 0.529475 0.500576 0.529595 0.501133 0.530074 0.504763 0.527364 0.504721 0.527244 0.504163 0.526767
0 0.364380 0.443128 0.364432 0.443213 0.365862 0.443420 0.367282 0.436441 0.367231 0.436355 0.365802 0.436148
0 0.225441 0.278543 0.225443 0.278596 0.225455 0.278657 0.225596 0.279187 0.226304 0.281836 0.226729 0.283425 0.226750 0.283485 0.226776 0.283535 0.226867 0.283668 0.227245 0.283615 0.227443 0.283565 0.226028 0.278271 0.225649 0.278321 0.225451 0.278371
0 0.557127 0.610611 0.561087 0.612470 0.561153 0.612416 0.561415 0.611645 0.557456 0.609786 0.557391 0.609841
0 0.000000 0.613207 0.015178 0.616761 0.017394 0.616227 0.035087 0.457186 0.003278 0.453647 0.000997 0.453434 0.000307 0.477701 0.000000 0.491919
0 0.509649 0.270090 0.509657 0.270141 0.509965 0.270944 0.514119 0.269387 0.514111 0.269335 0.513803 0.268533
0 0.393591 0.263353 0.394081 0.264124 0.394239 0.264295 0.394553 0.264080 0.399028 0.260421 0.399588 0.259963 0.399832 0.259722 0.399346 0.258946 0.399188 0.258776
0 0.488714 0.532531 0.490292 0.534999 0.490794 0.535483 0.490930 0.535366 0.490886 0.535156 0.490874 0.535133 0.490717 0.534887 0.489771 0.533406 0.489613 0.533159 0.489455 0.532912 0.489431 0.532878 0.489399 0.532838 0.489364 0.532798 0.489332 0.532765 0.489080 0.532523 0.489055 0.532501 0.489041 0.532493 0.488850 0.532414
0 0.578388 0.449625 0.590646 0.479274 0.591063 0.479178 0.739989 0.417608 0.727674 0.387823 0.578749 0.449393
0 0.439451 0.649161 0.560275 0.758153 0.581850 0.733670 0.581693 0.733130 0.461332 0.624964 0.460935 0.625003
0 0.442904 0.427390 0.442969 0.427483 0.443000 0.427519 0.443040 0.427552 0.443396 0.427810 0.444821 0.428839 0.445177 0.429096 0.445889 0.429610 0.446245 0.429867 0.446287 0.429893 0.446465 0.429962 0.446568 0.429835 0.446686 0.429496 0.443126 0.426925 0.443024 0.427052
0 0.746620 0.488697 0.751339 0.520431 0.752496 0.520525 0.911895 0.496822 0.907154 0.464943 0.905288 0.465103
0 0.398817 0.302766 0.398921 0.302919 0.399149 0.302890 0.399181 0.302878 0.399505 0.302724 0.399547 0.302701 0.399592 0.302672 0.399634 0.302639 0.399665 0.302610 0.399877 0.302383 0.400088 0.302156 0.401562 0.300569 0.401578 0.300547 0.401676 0.300344 0.401572 0.300192 0.400925 0.300499
0 0.196217 0.882674 0.307951 0.998800 0.331176 0.976452 0.331950 0.974269 0.220728 0.858676 0.197609 0.880921
