0 0.489461 0.436825 0.491212 0.440940 0.491373 0.440878 0.491566 0.440692 0.491576 0.440603 0.491574 0.440567 0.491563 0.440521 0.491545 0.440472 0.491195 0.439648 0.489969 0.436766 0.489946 0.436721 0.489923 0.436687 0.489815 0.436575 0.489654 0.436637
0 0.000000 0.842716 0.012333 0.848755 0.108020 0.892619 0.109812 0.890825 0.122605 0.861488 0.000000 0.797523
0 0.501550 0.427741 0.501690 0.427850 0.501871 0.427862 0.504553 0.424274 0.504413 0.424165 0.504233 0.424151 0.504150 0.424168 0.504134 0.424175 0.504107 0.424198 0.504075 0.424233 0.504043 0.424274 0.503774 0.424633 0.503237 0.425351 0.502432 0.426428 0.501628 0.427505 0.501599 0.427546 0.501579 0.427581 0.501570 0.427605
0 0.520964 0.830331 0.523489 0.838916 0.525219 0.838779 0.525350 0.838589 0.522817 0.830009 0.521094 0.830140
0 0.595663 0.760257 0.595916 0.761129 0.596042 0.761115 0.599026 0.759726 0.598970 0.759528 0.598843 0.759092 0.598773 0.758853 0.598646 0.758867
0 0.460883 0.000000 0.526620 0.114025 0.555901 0.100914 0.556159 0.099076 0.510359 0.007132 0.509272 0.005601 0.504222 0.000000
0 0.533313 0.468502 0.535486 0.473168 0.535634 0.473131 0.536238 0.472690 0.536148 0.472481 0.535931 0.472014 0.534193 0.468281 0.534066 0.468024 0.533918 0.468062
0 0.615729 0.691040 0.623789 0.722975 0.624788 0.723588 0.781410 0.682757 0.773210 0.651008 0.771536 0.650735
0 0.484848 0.553622 0.486964 0.556522 0.487054 0.556592 0.487718 0.555989 0.485603 0.553088 0.485514 0.553019
0 0.492617 0.629786 0.494302 0.631102 0.495409 0.631850 0.495567 0.631617 0.495462 0.631360 0.495456 0.631353 0.493933 0.630167 0.493901 0.630144 0.493849 0.630107 0.493785 0.630062 0.493718 0.630016 0.493107 0.629604 0.493045 0.629565 0.492774 0.629555
0 0.523653 0.546218 0.523688 0.546282 0.523696 0.546296 0.523715 0.546328 0.523741 0.546370 0.524509 0.547595 0.525712 0.549513 0.525959 0.549906 0.526037 0.550030 0.526050 0.550050 0.526052 0.550052 0.526202 0.550108 0.526361 0.550009 0.526296 0.549887 0.523831 0.545956 0.523672 0.546056
0 0.576796 0.607662 0.577150 0.608158 0.692302 0.720894 0.714849 0.697864 0.599697 0.585127 0.599240 0.584737
0 0.493932 0.524185 0.494004 0.524298 0.499152 0.525724 0.499640 0.524707 0.499568 0.524595 0.494420 0.523171
0 0.439709 0.418960 0.489780 0.572135 0.520415 0.562121 0.520322 0.561836 0.470344 0.408946
0 0.514540 0.707484 0.519032 0.710264 0.519303 0.710343 0.519933 0.708718 0.515446 0.705931 0.515174 0.705852 0.514961 0.706274 0.514644 0.707090
0 0.815074 0.819578 0.816524 0.821050 0.944052 0.919571 0.963757 0.894066 0.961631 0.892259 0.834688 0.794190
0 0.523793 0.493857 0.523864 0.494049 0.525333 0.497334 0.525517 0.497744 0.525629 0.497964 0.525763 0.497925 0.526264 0.497579 0.524429 0.493474 0.524295 0.493512
0 0.499402 0.452101 0.499904 0.452831 0.503591 0.451287 0.503647 0.451188 0.503145 0.450459 0.499457 0.452001
0 0.505472 0.636409 0.505654 0.636670 0.506077 0.636709 0.506504 0.636726 0.506566 0.636716 0.506644 0.636683 0.506727 0.636632 0.506802 0.636570 0.509624 0.633884 0.510189 0.633346 0.510754 0.632808 0.511885 0.631731 0.511941 0.631668 0.512156 0.631327 0.511974 0.631066 0.511123 0.631026
0 0.802658 0.521483 0.931935 0.616454 0.933924 0.616991 0.953006 0.591017 0.823134 0.495608 0.821653 0.495628
0 0.455501 0.215532 0.458507 0.247621 0.458697 0.248778 0.618411 0.233820 0.618956 0.232594 0.615950 0.200505
0 0.551589 0.000000 0.688630 0.070035 0.705155 0.042627 0.706097 0.040526 0.642834 0.004719 0.631229 0.000000
0 0.656622 0.682831 0.669323 0.712831 0.670524 0.713392 0.817106 0.649410 0.804349 0.619616 0.802551 0.619489
0 0.521684 0.735886 0.521784 0.736973 0.678872 0.772929 0.686064 0.741512 0.685211 0.740405 0.528843 0.704613
0 0.627969 0.472546 0.633288 0.475830 0.634003 0.475375 0.634074 0.475164 0.633775 0.474932 0.628989 0.471979 0.628919 0.471947 0.628757 0.471883 0.628040 0.472334
0 0.095000 0.308330 0.118928 0.329922 0.120675 0.330701 0.228139 0.211606 0.226887 0.210278 0.202959 0.188687
0 0.450316 0.716382 0.582608 0.807588 0.600038 0.786605 0.601214 0.783103 0.468148 0.691363 0.452097 0.713204
0 0.516927 0.364776 0.517213 0.365064 0.517264 0.365102 0.521705 0.367740 0.522259 0.368068 0.522335 0.368106 0.522424 0.368138 0.522514 0.368159 0.522590 0.368167 0.523141 0.368167 0.523192 0.368160 0.523579 0.368073 0.523676 0.367772 0.518127 0.364472 0.517025 0.364474
