0 0.498458 0.522349 0.501278 0.526131 0.501932 0.525715 0.502010 0.525636 0.499189 0.521853 0.498537 0.522271
0 0.122453 0.378449 0.126173 0.383841 0.134719 0.386496 0.137211 0.386831 0.137991 0.386772 0.139255 0.386305 0.140809 0.385504 0.142419 0.384488 0.155621 0.375380 0.168823 0.366272 0.234832 0.320732 0.261236 0.302515 0.262690 0.301418 0.263799 0.300382 0.264395 0.299566 0.266437 0.295624 0.262802 0.290356 0.257253 0.285451
0 0.542772 0.316835 0.546816 0.320686 0.546992 0.320545 0.547008 0.320244 0.547015 0.319946 0.547006 0.319903 0.546980 0.319848 0.546941 0.319791 0.546895 0.319740 0.544062 0.317042 0.543253 0.316272 0.543207 0.316235 0.542959 0.316095 0.542783 0.316237
0 0.533889 0.557684 0.535447 0.563785 0.536528 0.563748 0.536665 0.563649 0.535106 0.557546 0.534025 0.557586
0 0.864002 0.833466 0.865674 0.834999 1.000000 0.855252 1.000000 0.821878 0.868035 0.801718
0 0.501759 0.668667 0.501919 0.669830 0.504906 0.671633 0.505126 0.671561 0.505145 0.671258 0.505143 0.671196 0.505062 0.670615 0.505046 0.670545 0.505019 0.670476 0.504985 0.670421 0.504965 0.670400 0.504949 0.670387 0.502262 0.668761 0.501979 0.668593
0 0.543561 0.723615 0.543563 0.723631 0.544328 0.724053 0.546404 0.720209 0.546402 0.720193 0.545637 0.719772
0 0.765905 0.546409 0.771208 0.578050 0.772457 0.578409 0.931391 0.551771 0.926063 0.519984 0.924111 0.519893
0 0.330569 0.538515 0.344607 0.567523 0.489794 0.498665 0.490097 0.498237 0.476166 0.469076 0.331599 0.537908
0 0.507744 0.551231 0.509602 0.557558 0.510410 0.557485 0.510608 0.557402 0.510540 0.557049 0.509983 0.555151 0.509797 0.554518 0.509054 0.551990 0.508868 0.551358 0.508838 0.551286 0.508751 0.551079 0.507942 0.551148
0 0.142147 0.914340 0.168924 0.932278 0.170442 0.930297 0.259719 0.797024 0.233065 0.779168 0.231836 0.780454
0 0.421377 0.815329 0.421857 0.815677 0.422108 0.815802 0.422275 0.815619 0.422325 0.815563 0.422371 0.815488 0.424501 0.811339 0.425564 0.809267 0.425599 0.809183 0.425618 0.809105 0.425656 0.808889 0.425174 0.808548 0.424923 0.808423
0 0.395789 0.446284 0.399431 0.448424 0.400003 0.448374 0.400067 0.448198 0.399897 0.448029 0.399862 0.448003 0.397313 0.446505 0.396583 0.446077 0.396535 0.446053 0.396480 0.446033 0.396429 0.446022 0.396388 0.446020 0.396102 0.446046 0.395853 0.446109
0 0.464548 0.793199 0.484295 0.818670 0.611654 0.719931 0.611142 0.718923 0.591485 0.693568 0.464710 0.791855
0 0.523720 0.417512 0.523832 0.417631 0.527027 0.416367 0.527305 0.415743 0.527193 0.415624 0.526946 0.415687 0.526626 0.415813 0.525668 0.416191 0.524709 0.416570 0.524069 0.416823 0.524029 0.416845 0.523989 0.416877 0.523955 0.416916 0.523932 0.416955 0.523793 0.417268
0 0.464688 0.764107 0.496711 0.767756 0.514957 0.607641 0.514888 0.607148 0.483012 0.603515 0.482934 0.603992
0 0.632744 0.272811 0.648789 0.300503 0.787250 0.220278 0.788569 0.218994 0.772450 0.191174 0.633353 0.271767
0 0.330219 0.261376 0.330998 0.262470 0.357542 0.280488 0.447634 0.147764 0.447393 0.146142 0.420726 0.128041
0 0.790681 0.639795 0.914388 0.741303 0.916291 0.742412 0.936686 0.717556 0.812411 0.615582 0.810983 0.615054
0 0.069953 0.863280 0.200259 0.955751 0.202259 0.954070 0.219836 0.926783 0.089870 0.835118 0.087384 0.836234
0 0.501323 0.459443 0.502483 0.460274 0.504361 0.459118 0.504515 0.458887 0.504374 0.458677 0.504330 0.458629 0.504267 0.458579 0.503684 0.458161 0.503613 0.458116 0.503544 0.458083 0.503488 0.458067 0.503349 0.458052 0.501476 0.459213
0 0.488432 0.581246 0.488654 0.581587 0.491083 0.584548 0.492300 0.586031 0.492357 0.586087 0.492483 0.586184 0.493410 0.586061 0.493547 0.585860 0.489496 0.580926 0.488569 0.581046
0 0.396311 0.739400 0.396556 0.739452 0.396760 0.739224 0.396778 0.739193 0.397112 0.738454 0.397781 0.736972 0.398116 0.736229 0.398283 0.735858 0.398303 0.735804 0.398323 0.735734 0.398338 0.735660 0.398347 0.735593 0.398392 0.735083 0.398393 0.735033 0.398387 0.735007 0.398318 0.734726 0.398073 0.734673 0.396402 0.738380
0 0.468573 0.479888 0.468718 0.479980 0.615509 0.544667 0.616041 0.544873 0.629038 0.515379 0.481570 0.450395
0 0.248536 0.327234 0.252064 0.359192 0.253197 0.359835 0.412254 0.342277 0.408742 0.310465 0.408323 0.309595
