0 0.507543 0.867318 0.507720 0.875911 0.509610 0.878861 0.510592 0.879720 0.512054 0.880650 0.513773 0.881509 0.528720 0.888107 0.648297 0.940889 0.649973 0.941528 0.651312 0.941835 0.657540 0.942043 0.660185 0.936050 0.656523 0.926082 0.510128 0.861462
0 0.488724 0.700259 0.488926 0.700454 0.489428 0.700839 0.489729 0.701031 0.489879 0.700885 0.491399 0.697117 0.490398 0.696348 0.490249 0.696493
0 0.721439 0.753384 0.722459 0.754550 0.831878 0.872860 0.855540 0.850976 0.746121 0.732666 0.744993 0.731600
0 0.486475 0.578184 0.487117 0.579192 0.487261 0.579142 0.490955 0.575960 0.490311 0.574950 0.490167 0.575000
0 0.688187 0.110458 0.688534 0.111776 0.689227 0.113386 0.690160 0.115044 0.715839 0.155736 0.758638 0.223555 0.767198 0.237119 0.768251 0.238607 0.769285 0.239734 0.770144 0.240327 0.773733 0.242671 0.779146 0.239255 0.785677 0.233155 0.698277 0.094660 0.692737 0.098156 0.688331 0.107343
0 0.072257 0.465540 0.073444 0.475523 0.073561 0.475637 0.075667 0.475268 0.074485 0.465288 0.074369 0.465177
0 0.555385 0.353881 0.646441 0.485945 0.647115 0.485880 0.673649 0.467585 0.582174 0.334913 0.555640 0.353208
0 0.496431 0.398661 0.496627 0.398755 0.496921 0.398688 0.496995 0.398654 0.497017 0.398639 0.497046 0.398603 0.497076 0.398552 0.497105 0.398493 0.497761 0.396980 0.499074 0.393951 0.499095 0.393894 0.499107 0.393847 0.499108 0.393643 0.498912 0.393549 0.498619 0.393611
0 0.511437 0.475622 0.511555 0.476245 0.514988 0.478468 0.515120 0.478353 0.515091 0.478091 0.515032 0.477780 0.515017 0.477739 0.514989 0.477694 0.514952 0.477652 0.514911 0.477620 0.513883 0.476953 0.512166 0.475841 0.511822 0.475619 0.511784 0.475600 0.511569 0.475506
0 0.509698 0.615374 0.509743 0.615904 0.532288 0.638937 0.647450 0.526210 0.624905 0.503177 0.624332 0.503163
0 0.474058 0.515535 0.479865 0.522022 0.480015 0.521961 0.481116 0.520802 0.475311 0.514315 0.475163 0.514378
0 0.485502 0.313017 0.485746 0.313201 0.486102 0.313024 0.486158 0.312990 0.487687 0.311787 0.490755 0.309372 0.490817 0.309313 0.490876 0.309239 0.490922 0.309160 0.490950 0.309089 0.491088 0.308548 0.491129 0.308100 0.490885 0.307915 0.485780 0.311938
0 0.754573 0.687713 0.824232 0.835385 0.826508 0.836190 0.854439 0.821713 0.784537 0.673987 0.782473 0.673922
0 0.526702 0.555372 0.526752 0.555607 0.526937 0.555842 0.527509 0.556567 0.527881 0.557038 0.528281 0.557544 0.528440 0.557745 0.528468 0.557780 0.528505 0.557824 0.528544 0.557870 0.528610 0.557945 0.528867 0.558236 0.528896 0.558267 0.528911 0.558283 0.529132 0.558372 0.529292 0.558236 0.527431 0.555881 0.526861 0.555236
0 0.903255 0.612310 0.929718 0.630310 0.931692 0.630909 0.998062 0.529482 0.998798 0.527745 1.000000 0.518188 1.000000 0.487053 0.999849 0.486316 0.995525 0.479905 0.993259 0.479997
0 0.406113 0.271387 0.406544 0.272435 0.505186 0.398934 0.530485 0.379205 0.530625 0.378649 0.431530 0.251568
0 0.535071 0.414533 0.649776 0.527307 0.671649 0.506961 0.673012 0.504827 0.557570 0.391329 0.555730 0.392993
0 0.297383 0.698992 0.354581 0.849651 0.384713 0.838212 0.385241 0.836662 0.328306 0.686693 0.298312 0.698080
0 0.456747 0.465599 0.457129 0.466397 0.461196 0.464708 0.461219 0.464655 0.460836 0.463856 0.456770 0.465546
0 0.382693 0.447072 0.382817 0.447239 0.387262 0.446037 0.387655 0.445285 0.387532 0.445119 0.387205 0.445165 0.383649 0.446125 0.383203 0.446246 0.383148 0.446268 0.383092 0.446304 0.383043 0.446349 0.383011 0.446395 0.382815 0.446771
0 0.416679 0.418860 0.460703 0.573472 0.491626 0.564668 0.491664 0.564372 0.447841 0.410467 0.447602 0.410055
0 0.841382 0.757661 0.919823 0.897587 0.921756 0.899417 0.949869 0.883656 0.871067 0.743087 0.869366 0.741973
0 0.705734 0.392367 0.706644 0.424437 0.866992 0.419888 0.868682 0.419519 0.867768 0.387302 0.706681 0.391871
0 0.486133 0.481920 0.486483 0.482777 0.490910 0.481307 0.490935 0.481244 0.490585 0.480386 0.486158 0.481856
0 0.384887 0.628860 0.390421 0.630534 0.391003 0.630559 0.391067 0.630310 0.390858 0.630125 0.390822 0.630110 0.390766 0.630091 0.390212 0.629923 0.386340 0.628753 0.385787 0.628587 0.385717 0.628567 0.385645 0.628550 0.385580 0.628538 0.385534 0.628532 0.385241 0.628519 0.385220 0.628521 0.384951 0.628611
0 0.603897 0.725812 0.604376 0.726851 0.697639 0.858273 0.723923 0.839619 0.722897 0.838063 0.630060 0.707244
0 0.017840 0.119998 0.020050 0.121740 0.179108 0.142542 0.183269 0.110731 0.181811 0.108938 0.022021 0.088041
0 0.309237 0.514514 0.341462 0.515082 0.342189 0.515013 0.345017 0.354625 0.344303 0.353956 0.312078 0.353388
