0 0.498575 0.649541 0.498761 0.649642 0.498973 0.649523 0.498989 0.649511 0.499359 0.649120 0.500464 0.647950 0.500647 0.647755 0.500673 0.647723 0.500703 0.647676 0.500733 0.647621 0.500759 0.647567 0.500946 0.647136 0.500963 0.647090 0.500969 0.647061 0.500977 0.646828 0.500792 0.646727 0.498949 0.648675
0 0.531597 0.501362 0.533553 0.502745 0.533704 0.502804 0.534094 0.501961 0.532136 0.500580 0.531986 0.500521 0.531874 0.500683 0.531848 0.500728 0.531653 0.501148 0.531635 0.501200
0 0.643805 0.280012 0.646944 0.311941 0.806587 0.296248 0.807998 0.295310 0.804846 0.263234 0.644468 0.279000
0 0.725965 0.457640 0.842115 0.572041 0.842880 0.571973 0.866425 0.549065 0.749257 0.434369 0.726190 0.457052
0 0.431805 0.592006 0.431922 0.592234 0.431955 0.592291 0.432652 0.593237 0.434047 0.595130 0.434744 0.596075 0.435093 0.596548 0.435139 0.596600 0.435291 0.596737 0.435869 0.596495 0.436023 0.596359 0.432535 0.591626 0.431959 0.591871
0 0.159805 0.126604 0.161364 0.128315 0.289755 0.224481 0.308988 0.198803 0.308109 0.197416 0.179127 0.100808
0 0.854303 0.811784 0.855931 0.813216 0.885547 0.825730 0.948119 0.677650 0.918502 0.665135 0.916589 0.664380
0 0.789574 0.494357 0.809745 0.519305 0.811171 0.519394 0.936484 0.418070 0.916220 0.393008 0.914312 0.393498
0 0.512228 0.442091 0.512974 0.442892 0.513052 0.442968 0.517477 0.438756 0.516733 0.437953 0.516654 0.437878
0 0.188362 0.760218 0.198644 0.790881 0.348497 0.738573 0.349768 0.737699 0.339231 0.706998 0.190349 0.759253
0 0.473680 0.647763 0.473819 0.648820 0.477525 0.652516 0.477763 0.652399 0.477780 0.652051 0.477780 0.651998 0.477709 0.651470 0.477693 0.651401 0.477662 0.651326 0.477621 0.651255 0.477577 0.651201 0.477208 0.650832 0.474987 0.648614 0.474244 0.647873 0.474203 0.647843 0.473918 0.647645
0 0.909859 0.157112 0.936956 0.174287 0.938968 0.172787 0.998581 0.071013 0.999257 0.069261 1.000000 0.060637 1.000000 0.028692 0.999013 0.023866 0.998016 0.019418 0.995733 0.021621
0 0.512650 0.662812 0.512926 0.662956 0.513202 0.662786 0.513507 0.662225 0.514248 0.660859 0.514570 0.660264 0.514647 0.660116 0.514688 0.660036 0.515050 0.659328 0.515072 0.659284 0.515078 0.659269 0.515062 0.658943 0.514785 0.658798 0.513303 0.661536
0 0.585752 0.721078 0.614174 0.736858 0.690664 0.595472 0.690726 0.594955 0.661962 0.579502 0.586288 0.719998
0 0.458442 0.596722 0.458456 0.597278 0.458617 0.597399 0.458839 0.597267 0.458881 0.597233 0.461029 0.595132 0.462104 0.594080 0.462145 0.594033 0.462179 0.593981 0.462201 0.593931 0.462209 0.593892 0.462200 0.593614 0.462182 0.593341 0.462021 0.593219
0 0.613846 0.435692 0.614407 0.436003 0.646171 0.440614 0.671087 0.279890 0.638994 0.275157 0.638314 0.275583
0 0.159330 0.443971 0.260574 0.569347 0.261672 0.569029 0.286632 0.548873 0.185852 0.424071 0.184405 0.423722
0 0.482628 0.723920 0.500008 0.886762 0.506521 0.886067 0.509551 0.880355 0.509578 0.880217 0.509468 0.875846 0.509417 0.874986 0.509295 0.873529 0.509123 0.871698 0.508925 0.869770 0.507223 0.853821 0.502117 0.805976 0.493606 0.726234 0.493409 0.724462 0.493238 0.723076 0.493120 0.722286 0.493072 0.722214 0.489390 0.718122 0.483026 0.718801
0 0.304751 0.757257 0.334805 0.768901 0.335562 0.767668 0.393511 0.618089 0.363595 0.606499 0.362967 0.606989
0 0.451265 0.400628 0.515887 0.548255 0.545412 0.535331 0.480790 0.387704
0 0.686236 0.557593 0.686274 0.557645 0.713445 0.575825 0.713532 0.575857 0.805351 0.440453 0.777638 0.422557
0 0.631335 0.561745 0.641352 0.592224 0.642003 0.592648 0.795098 0.542333 0.785034 0.511714 0.783728 0.511661
0 0.604103 0.173803 0.614348 0.333888 0.646365 0.331839 0.647039 0.331065 0.636747 0.170243 0.604583 0.172301
0 0.646658 0.603756 0.660646 0.763557 0.661385 0.764771 0.693493 0.761961 0.679441 0.601423 0.678619 0.600958
0 0.541082 0.522025 0.541435 0.522854 0.541588 0.522863 0.544389 0.519982 0.544038 0.519154 0.543886 0.519146
0 0.148459 0.677343 0.161644 0.706752 0.308691 0.640821 0.309568 0.640176 0.296443 0.610901 0.150070 0.676530
0 0.329000 0.885135 0.360172 0.893324 0.360813 0.891521 0.401573 0.736374 0.370544 0.728222 0.369948 0.729273
0 0.717891 0.652879 0.732063 0.812664 0.733131 0.814103 0.765235 0.811256 0.750998 0.650735 0.749848 0.650045
0 0.447428 0.530129 0.447578 0.530262 0.447927 0.530542 0.448126 0.530689 0.448227 0.530598 0.449693 0.527823 0.448993 0.527262 0.448892 0.527353
