0 0.295579 0.282776 0.314187 0.309091 0.315039 0.309967 0.341234 0.291444 0.322711 0.265249 0.321895 0.264168
0 0.410792 0.939271 0.440943 0.950658 0.452331 0.920507 0.452550 0.918580 0.422536 0.907244 0.411201 0.937258
0 0.384954 0.911703 0.415181 0.922889 0.426367 0.892661 0.426704 0.890862 0.396616 0.879727 0.385481 0.909816
0 0.196422 0.285814 0.215428 0.311747 0.216729 0.312608 0.242543 0.293689 0.223625 0.267875 0.222355 0.266809
0 0.380691 0.594247 0.397713 0.621523 0.424989 0.604501 0.425332 0.604023 0.408388 0.576872 0.381237 0.593816
0 0.784946 0.544580 0.816143 0.552066 0.817599 0.552306 0.825119 0.520965 0.793779 0.513445 0.792432 0.513383
0 0.021228 0.258128 0.023422 0.259236 0.054754 0.266138 0.061655 0.234807 0.059637 0.233586 0.028161 0.226652
0 0.849408 0.526113 0.864577 0.554383 0.866256 0.554633 0.894656 0.539394 0.879417 0.510994 0.877678 0.510944
0 0.338671 0.139360 0.339410 0.141013 0.368900 0.153648 0.381535 0.124158 0.380989 0.122428 0.351364 0.109735
0 0.118805 0.230454 0.143926 0.250520 0.145554 0.251661 0.165528 0.226655 0.163992 0.225399 0.138871 0.205333
0 0.000000 0.344020 0.014746 0.369980 0.016970 0.370575 0.043525 0.352572 0.025520 0.326017 0.023336 0.325216 0.000000 0.343302
0 0.888717 0.507505 0.890576 0.539543 0.919724 0.539489 0.923075 0.538868 0.921127 0.506860 0.891938 0.506739
0 0.901268 0.702969 0.925974 0.723436 0.927935 0.724465 0.948497 0.699646 0.923678 0.679085 0.921736 0.678263
0 0.785875 0.601975 0.787188 0.602443 0.819292 0.604180 0.821029 0.572075 0.819561 0.571745 0.787603 0.570017
0 0.038731 0.143768 0.056383 0.170640 0.058412 0.172146 0.085161 0.154574 0.067589 0.127825 0.065603 0.126115
0 0.704207 0.728686 0.707659 0.734076 0.712517 0.739553 0.716492 0.739436 0.717631 0.739136 0.719135 0.738460 0.720773 0.737512 0.734532 0.728701 0.736049 0.727628 0.737208 0.726599 0.737832 0.725771 0.740100 0.721889 0.736567 0.716373 0.731159 0.711426
0 0.830816 0.333038 0.835541 0.364692 0.867195 0.359967 0.868882 0.359324 0.864135 0.327524 0.832335 0.332271
0 0.776305 0.171101 0.798994 0.193673 0.821566 0.170984 0.823043 0.169473 0.800250 0.146797 0.777574 0.169590
0 0.734958 0.076606 0.744994 0.107079 0.775466 0.097043 0.776735 0.095188 0.766653 0.064575 0.736040 0.074657
0 0.838028 0.132562 0.866271 0.147779 0.867958 0.146157 0.883245 0.117784 0.854871 0.102496 0.853245 0.104319
0 0.494170 0.780521 0.505536 0.810585 0.533732 0.802618 0.535833 0.800473 0.524418 0.770280 0.496421 0.778488
0 0.389091 0.821322 0.420297 0.829064 0.428039 0.797858 0.428368 0.796496 0.397305 0.788790 0.396833 0.790116
0 0.641257 0.646139 0.641907 0.646813 0.671563 0.659436 0.684187 0.629781 0.683343 0.629186 0.653823 0.616620
0 0.520983 0.784899 0.521080 0.786208 0.538756 0.813064 0.565613 0.795387 0.565312 0.794036 0.547717 0.767303
0 0.066397 0.791286 0.096301 0.803308 0.098151 0.801917 0.110117 0.772150 0.080350 0.760184 0.078418 0.761382
0 0.517888 0.046754 0.523597 0.078325 0.555167 0.072616 0.555422 0.070648 0.549686 0.038933 0.517971 0.044667
0 0.437432 0.119153 0.437718 0.120895 0.449044 0.150828 0.478978 0.139502 0.478881 0.137846 0.467503 0.107776
0 0.569666 0.371835 0.583004 0.401013 0.612182 0.387675 0.612699 0.387159 0.599300 0.357845 0.569987 0.371245
0 0.907917 0.752038 0.926791 0.777885 0.928752 0.779161 0.954717 0.760200 0.935756 0.734234 0.933763 0.733163
0 0.925427 0.284974 0.931520 0.316473 0.963018 0.310380 0.965150 0.309507 0.959029 0.277863 0.927386 0.283984
0 0.427263 0.504730 0.459464 0.506105 0.459650 0.506077 0.461019 0.474024 0.460839 0.473905 0.428639 0.472529
0 0.364363 0.735952 0.364659 0.739306 0.364721 0.739908 0.365261 0.740984 0.366197 0.742370 0.367387 0.743855 0.378059 0.756227 0.379316 0.757578 0.380445 0.758586 0.381273 0.759096 0.385757 0.760753 0.390717 0.756475 0.393216 0.750612 0.372311 0.726377 0.367464 0.730558
0 0.565533 0.292209 0.572130 0.323606 0.603526 0.317009 0.604003 0.316167 0.597376 0.284625 0.565834 0.291252
0 0.828298 0.936165 0.829809 0.938173 0.860222 0.948845 0.870893 0.918432 0.869193 0.916514 0.838919 0.905892
0 0.603687 0.862397 0.604164 0.864066 0.616084 0.894010 0.646029 0.882091 0.645360 0.880340 0.633494 0.850532
0 0.692607 0.379290 0.695115 0.411274 0.727099 0.408767 0.728145 0.408347 0.725626 0.376216 0.693495 0.378734
0 0.826466 0.824966 0.827969 0.826462 0.854041 0.845412 0.872990 0.819341 0.871281 0.817877 0.845329 0.799014
