0 0.732144 0.205184 0.734672 0.237167 0.766654 0.234640 0.767882 0.233418 0.765343 0.201288 0.733213 0.203827
0 0.871414 0.873466 0.873120 0.875181 0.904531 0.882043 0.911393 0.850632 0.909512 0.849029 0.878244 0.842199
0 0.473057 0.588721 0.479330 0.620335 0.510944 0.614062 0.510894 0.613540 0.504650 0.582071 0.473181 0.588315
0 0.376113 0.917900 0.402033 0.937056 0.421189 0.911137 0.421550 0.909252 0.395750 0.890184 0.376681 0.915984
0 0.385410 0.616040 0.417124 0.621785 0.417504 0.621227 0.423222 0.589658 0.391653 0.583940 0.391154 0.584326
0 0.477130 0.149983 0.477236 0.151587 0.506810 0.164022 0.519245 0.134447 0.519333 0.132764 0.489622 0.120272
0 0.672993 0.713184 0.691654 0.739185 0.692534 0.740284 0.718655 0.721538 0.699909 0.695417 0.698995 0.694523
0 0.591317 0.318001 0.622044 0.326957 0.622604 0.326162 0.631600 0.295295 0.600733 0.286298 0.600273 0.287275
0 0.230971 0.190926 0.237688 0.222449 0.238890 0.223721 0.270268 0.217035 0.263582 0.185657 0.262494 0.184210
0 0.363917 0.771045 0.369119 0.802853 0.400927 0.797651 0.401381 0.796287 0.396203 0.764624 0.364541 0.769803
0 0.571211 0.336630 0.574779 0.368513 0.606662 0.364945 0.607153 0.364323 0.603569 0.332293 0.571538 0.335878
0 0.781779 0.154957 0.781942 0.156874 0.784001 0.172780 0.784312 0.174521 0.784725 0.175828 0.787752 0.181026 0.794100 0.180204 0.800980 0.172723 0.796775 0.140240 0.790279 0.141082 0.785578 0.146842 0.782295 0.150902 0.781970 0.151726 0.781789 0.153150
0 0.266521 0.909458 0.295315 0.923938 0.309795 0.895143 0.310667 0.893332 0.282004 0.878919 0.281001 0.880663
0 0.820981 0.924307 0.822460 0.926261 0.853638 0.934426 0.861803 0.903248 0.860145 0.901399 0.829110 0.893272
0 0.054640 0.463748 0.083752 0.477577 0.085660 0.477680 0.099426 0.448701 0.070447 0.434935 0.068469 0.434636
0 0.572093 0.155790 0.584734 0.185277 0.614221 0.172637 0.614747 0.171130 0.602048 0.141506 0.572425 0.154205
0 0.788575 0.774475 0.807487 0.800390 0.808903 0.801773 0.834938 0.782773 0.815938 0.756739 0.814490 0.755562
0 0.139311 0.887454 0.167246 0.903529 0.168771 0.901680 0.184772 0.873873 0.156965 0.857871 0.155385 0.859519
0 0.463661 0.190534 0.463828 0.191952 0.486003 0.215137 0.509188 0.192961 0.509230 0.191548 0.486952 0.168256
0 0.747457 0.163308 0.754006 0.194715 0.785412 0.188167 0.786727 0.186731 0.780148 0.155180 0.748596 0.161758
0 0.117047 0.934038 0.121273 0.965911 0.153146 0.961684 0.154732 0.959574 0.150525 0.927847 0.118798 0.932054
0 0.473684 0.673869 0.494732 0.698277 0.519140 0.677229 0.519052 0.676416 0.498100 0.652120 0.473804 0.673072
0 0.726156 0.722339 0.737390 0.752391 0.738484 0.753553 0.768673 0.742266 0.757387 0.712077 0.756207 0.711105
0 0.565169 0.286973 0.596147 0.295015 0.596588 0.294073 0.604667 0.262953 0.573547 0.254875 0.573210 0.255995
0 0.636333 0.525666 0.661479 0.545590 0.662222 0.545800 0.682238 0.520539 0.656977 0.500523 0.656258 0.500520
0 0.440383 0.645918 0.464966 0.666762 0.485810 0.642179 0.485875 0.641527 0.461405 0.620779 0.440656 0.645249
0 0.932295 0.758268 0.942046 0.788833 0.944081 0.790163 0.974786 0.780367 0.964991 0.749662 0.962860 0.748517
0 0.529251 0.361230 0.560268 0.369429 0.560546 0.368827 0.568782 0.337667 0.537622 0.329431 0.529386 0.360591
0 0.312405 0.772955 0.342964 0.783199 0.343684 0.781900 0.353880 0.751482 0.323461 0.741285 0.322648 0.742396
0 0.623348 0.820184 0.626906 0.852068 0.627490 0.853689 0.659522 0.850115 0.655947 0.818084 0.655233 0.816626
0 0.431959 0.434203 0.432270 0.434504 0.463787 0.440074 0.469357 0.408558 0.469216 0.408138 0.437555 0.402543
0 0.525694 0.045891 0.548766 0.068183 0.571059 0.045111 0.571385 0.043016 0.548207 0.020622 0.525812 0.043800
0 0.880392 0.325977 0.893203 0.355306 0.902402 0.351921 0.908405 0.349299 0.908332 0.344111 0.908006 0.342536 0.907363 0.340775 0.900824 0.325802 0.899966 0.324130 0.899027 0.322808 0.895295 0.319284 0.889292 0.321906
0 0.596349 0.213896 0.626974 0.223456 0.627558 0.222183 0.637163 0.191417 0.606397 0.181813 0.605909 0.183271
0 0.780154 0.497082 0.810265 0.508155 0.811694 0.508192 0.822817 0.477942 0.792567 0.466818 0.791226 0.466971
0 0.405265 0.709292 0.437403 0.711728 0.437690 0.710758 0.440115 0.678767 0.408124 0.676342 0.407701 0.677154
0 0.068337 0.904201 0.094701 0.922741 0.096558 0.920804 0.115014 0.894561 0.088771 0.876106 0.086878 0.877838
0 0.652930 0.371728 0.684806 0.375362 0.685657 0.374788 0.689308 0.342765 0.657284 0.339115 0.656564 0.339852
0 0.873479 0.798665 0.897256 0.820205 0.899084 0.821680 0.920724 0.797794 0.896839 0.776155 0.895020 0.774889
