0 0.017631 0.464721 0.027417 0.495429 0.029583 0.495451 0.060151 0.485709 0.050410 0.455142 0.048340 0.454935
0 0.889427 0.611196 0.911960 0.634033 0.913857 0.634651 0.936800 0.612014 0.914163 0.589072 0.912265 0.588663
0 0.621251 0.591052 0.643308 0.614349 0.643969 0.614875 0.667372 0.592716 0.645213 0.569312 0.644547 0.568994
0 0.538672 0.066185 0.561086 0.089030 0.583932 0.066616 0.584317 0.064626 0.561800 0.041676 0.538850 0.064192
0 0.478251 0.613533 0.500911 0.636452 0.523831 0.613792 0.523721 0.613270 0.501165 0.590456 0.478350 0.613013
0 0.319654 0.870901 0.324433 0.875382 0.346838 0.851491 0.350339 0.843456 0.345670 0.839077 0.340046 0.840853 0.339510 0.841234 0.338562 0.842119 0.337344 0.843372 0.326373 0.855072 0.325068 0.856508 0.323868 0.857914 0.322956 0.859076 0.322471 0.859818 0.320407 0.864003
0 0.035334 0.133203 0.037464 0.134884 0.069477 0.136997 0.071589 0.104984 0.069617 0.103165 0.037456 0.101043
0 0.091285 0.597009 0.101075 0.627716 0.131782 0.617926 0.133470 0.617386 0.123725 0.586819 0.121993 0.587219
0 0.678436 0.929504 0.679258 0.931482 0.697324 0.958172 0.724014 0.940105 0.722987 0.938088 0.705004 0.911520
0 0.810980 0.842178 0.826283 0.870375 0.827786 0.872080 0.856112 0.856706 0.840739 0.828379 0.839177 0.826874
0 0.702444 0.531613 0.730304 0.547523 0.731364 0.547742 0.747347 0.519754 0.719360 0.503770 0.718354 0.503753
0 0.830260 0.098550 0.847027 0.125902 0.874379 0.109136 0.876103 0.107336 0.859258 0.079858 0.831781 0.096702
0 0.265844 0.686201 0.284530 0.712461 0.310790 0.693775 0.311658 0.692887 0.293057 0.666747 0.266917 0.685347
0 0.073074 0.673725 0.105139 0.676990 0.106948 0.676178 0.110198 0.644261 0.078280 0.641011 0.076338 0.641661
0 0.602582 0.177601 0.625488 0.200064 0.647951 0.177158 0.648632 0.175671 0.625620 0.153105 0.603054 0.176117
0 0.207923 0.507263 0.209272 0.539465 0.241474 0.538117 0.242659 0.537942 0.241316 0.505887 0.240125 0.505915
0 0.614929 0.338854 0.639519 0.359460 0.640162 0.358813 0.660863 0.334110 0.636159 0.313409 0.615459 0.338112
0 0.603398 0.099887 0.626266 0.122387 0.648768 0.099519 0.649453 0.097674 0.626478 0.075070 0.603873 0.098044
0 0.309428 0.551736 0.337934 0.566776 0.338677 0.566469 0.353647 0.538094 0.325272 0.523123 0.324467 0.523230
0 0.657834 0.316070 0.686230 0.331001 0.687088 0.330224 0.702088 0.301696 0.673561 0.286696 0.672765 0.287674
0 0.350050 0.063330 0.350735 0.065327 0.374650 0.086595 0.395919 0.062680 0.395441 0.060672 0.371416 0.039305
0 0.417576 0.513865 0.427303 0.544510 0.457948 0.534782 0.458140 0.534623 0.448458 0.504119 0.448221 0.504138
0 0.278924 0.925271 0.309622 0.935091 0.310494 0.933097 0.320270 0.902540 0.289713 0.892765 0.288745 0.894573
0 0.541755 0.914506 0.541948 0.916415 0.552687 0.946804 0.583075 0.936064 0.582694 0.934066 0.572004 0.903816
0 0.783970 0.525898 0.810282 0.544255 0.811711 0.544459 0.830152 0.518026 0.803719 0.499585 0.802328 0.499586
0 0.088515 0.098287 0.099340 0.128646 0.101176 0.130348 0.131395 0.119573 0.120620 0.089353 0.118873 0.087463
0 0.690001 0.047127 0.717966 0.062851 0.733690 0.034885 0.734766 0.032743 0.706672 0.016947 0.690876 0.045042
0 0.876750 0.413100 0.894736 0.439573 0.896549 0.439295 0.923143 0.421227 0.905075 0.394632 0.903223 0.395114
0 0.382613 0.195568 0.383151 0.196963 0.412328 0.210304 0.425669 0.181126 0.425327 0.179658 0.396015 0.166256
0 0.826512 0.165962 0.835049 0.196888 0.865975 0.188351 0.867660 0.186916 0.859084 0.155848 0.828015 0.164424
0 0.952470 0.400187 0.982312 0.411750 0.984528 0.411345 0.996144 0.381365 0.966164 0.369749 0.964032 0.370345
0 0.151484 0.547168 0.183347 0.552024 0.184798 0.551785 0.189631 0.520069 0.157914 0.515236 0.156339 0.515306
0 0.739681 0.908129 0.740785 0.910008 0.768332 0.926739 0.785063 0.899192 0.783756 0.897362 0.756336 0.880708
0 0.352401 0.177920 0.353077 0.179396 0.383759 0.188772 0.393136 0.158091 0.392644 0.156516 0.361821 0.147096
0 0.364697 0.258293 0.365315 0.259398 0.381943 0.286744 0.409289 0.270117 0.408872 0.269060 0.392169 0.241589
0 0.701395 0.380808 0.733422 0.382696 0.734497 0.382156 0.736394 0.349982 0.704220 0.348085 0.703284 0.348781
0 0.754496 0.405506 0.784313 0.417134 0.785619 0.416754 0.797301 0.386800 0.767347 0.375118 0.766124 0.375689
0 0.185066 0.841093 0.216656 0.847485 0.217955 0.845892 0.224317 0.814447 0.192871 0.808085 0.191458 0.809503
0 0.761949 0.476847 0.770676 0.507720 0.771923 0.507756 0.802937 0.498988 0.794170 0.467973 0.792822 0.468120
