0 0.542919 0.195785 0.571096 0.210963 0.586273 0.182786 0.586669 0.181329 0.558363 0.166082 0.543116 0.194388
0 0.247110 0.151293 0.263704 0.178924 0.264786 0.180395 0.292290 0.163878 0.275773 0.136373 0.274740 0.134699
0 0.043085 0.031340 0.056290 0.060741 0.058324 0.062754 0.087590 0.049609 0.074445 0.020343 0.072486 0.018135
0 0.631331 0.543458 0.633438 0.549502 0.638370 0.551957 0.639979 0.552561 0.640518 0.552509 0.641679 0.552219 0.643288 0.551735 0.645097 0.551131 0.660525 0.545753 0.662253 0.545124 0.663630 0.544567 0.664446 0.544167 0.664578 0.543986 0.667487 0.539879 0.665331 0.533693 0.661552 0.532923
0 0.618619 0.682177 0.618820 0.685723 0.621600 0.690067 0.626907 0.693907 0.646105 0.667370 0.642765 0.663544 0.637579 0.659792 0.633321 0.661399 0.632560 0.662064 0.631546 0.663209 0.630432 0.664658 0.621031 0.677653 0.619983 0.679192 0.619157 0.680591 0.618677 0.681640
0 0.500022 0.873891 0.532027 0.877699 0.535834 0.845695 0.535670 0.844110 0.503812 0.840320 0.500022 0.872177
0 0.170123 0.411865 0.172662 0.443995 0.174162 0.444252 0.206145 0.441725 0.203618 0.409743 0.202254 0.409327
0 0.420663 0.824297 0.450827 0.835651 0.462181 0.805488 0.462355 0.804088 0.432329 0.792785 0.421027 0.822810
0 0.862567 0.445724 0.866596 0.449798 0.867185 0.450160 0.868405 0.450654 0.870069 0.451205 0.885406 0.455897 0.887268 0.456425 0.889051 0.456849 0.890486 0.457107 0.891353 0.457158 0.895904 0.456660 0.902369 0.454037 0.904286 0.447773 0.872966 0.438190 0.864439 0.439603
0 0.850319 0.252926 0.856398 0.254929 0.862702 0.251532 0.866920 0.248643 0.867527 0.247953 0.868276 0.246659 0.869053 0.244957 0.869738 0.243107 0.874850 0.227589 0.875337 0.225880 0.875549 0.224580 0.874983 0.218086 0.868761 0.216036 0.860331 0.222528
0 0.246148 0.887960 0.250707 0.919866 0.282613 0.915306 0.283609 0.913403 0.279071 0.881643 0.247311 0.886182
0 0.259970 0.595165 0.286825 0.612987 0.287802 0.612469 0.305542 0.585737 0.278810 0.567997 0.277792 0.568310
0 0.186841 0.727604 0.218588 0.733163 0.219878 0.732094 0.225412 0.700493 0.193810 0.694959 0.192400 0.695857
0 0.756664 0.945356 0.757846 0.947406 0.780797 0.970036 0.803425 0.947085 0.802035 0.945036 0.779189 0.922511
0 0.639392 0.854730 0.640034 0.856363 0.661228 0.880645 0.685510 0.859452 0.684660 0.857804 0.663563 0.833633
0 0.806835 0.511084 0.808699 0.543035 0.815922 0.544041 0.822461 0.543660 0.824262 0.539636 0.824568 0.538621 0.824721 0.537063 0.824699 0.535200 0.823747 0.518890 0.823552 0.517013 0.823214 0.515414 0.822786 0.514338 0.820553 0.510962 0.813225 0.510712
0 0.000000 0.817204 0.014758 0.841708 0.016982 0.840142 0.041828 0.819846 0.021531 0.794999 0.019328 0.796358 0.000000 0.815295
0 0.806326 0.553335 0.828567 0.576456 0.830080 0.576808 0.853308 0.554464 0.830965 0.531237 0.829448 0.531093
0 0.446478 0.516612 0.464493 0.543337 0.491218 0.525323 0.491258 0.525207 0.473326 0.498604 0.473204 0.498597
0 0.937829 0.082392 0.964040 0.100893 0.966176 0.099056 0.984762 0.072724 0.958431 0.054138 0.956330 0.056181
0 0.472098 0.105422 0.472225 0.107230 0.482587 0.137594 0.512950 0.127232 0.513010 0.125516 0.502601 0.095013
0 0.437881 0.686822 0.470106 0.687413 0.470243 0.686554 0.470831 0.654477 0.438754 0.653889 0.438471 0.654597
0 0.637399 0.948344 0.646605 0.979077 0.647280 0.981283 0.678155 0.972035 0.668907 0.941160 0.668133 0.939138
0 0.868073 0.136171 0.900121 0.137664 0.901963 0.135996 0.903464 0.103800 0.871268 0.102300 0.869567 0.104122
0 0.060388 0.112393 0.075100 0.141070 0.077047 0.142715 0.105593 0.128070 0.090948 0.099525 0.089065 0.097681
0 0.514875 0.074010 0.515987 0.080958 0.521422 0.084339 0.538328 0.057164 0.539225 0.046804 0.533663 0.043344 0.528651 0.046647 0.528123 0.047034 0.527304 0.048040 0.526321 0.049512 0.517690 0.063385 0.516695 0.065094 0.515843 0.066772 0.515265 0.068163 0.515048 0.069056
0 0.152379 0.717333 0.157001 0.749231 0.188898 0.744608 0.190324 0.743487 0.185723 0.711736 0.153972 0.716337
0 0.861955 0.767058 0.886836 0.787312 0.888617 0.788634 0.908964 0.763638 0.883968 0.743291 0.882208 0.742177
0 0.824268 0.277139 0.824560 0.309220 0.856642 0.308928 0.858284 0.308048 0.857990 0.275819 0.825761 0.276113
0 0.936776 0.928522 0.938787 0.930495 0.969851 0.939089 0.978445 0.908026 0.976252 0.906156 0.945331 0.897601
0 0.677267 0.220011 0.680234 0.225682 0.708593 0.210846 0.713473 0.204081 0.710436 0.198277 0.704667 0.198245 0.703959 0.198395 0.702705 0.198903 0.701097 0.199692 0.686620 0.207266 0.684909 0.208213 0.683361 0.209171 0.682214 0.209992 0.681641 0.210551 0.679553 0.213879
0 0.414801 0.153391 0.415191 0.154980 0.447065 0.158632 0.450717 0.126758 0.450490 0.125039 0.418470 0.121370
0 0.947269 0.676652 0.976332 0.690240 0.978525 0.691116 0.992176 0.661919 0.962978 0.648269 0.960857 0.647589
0 0.494050 0.652318 0.503104 0.683250 0.534037 0.674196 0.533881 0.673398 0.524868 0.642607 0.494078 0.651620
0 0.114556 0.404169 0.140239 0.423640 0.141888 0.423990 0.161270 0.398424 0.135704 0.379042 0.134027 0.378485
0 0.950924 0.268024 0.982875 0.270925 0.985099 0.269870 0.988012 0.237772 0.955914 0.234857 0.953825 0.236073
0 0.698626 0.779979 0.699540 0.781268 0.726679 0.798656 0.744066 0.771518 0.742948 0.770273 0.715934 0.752966
0 0.195916 0.092793 0.199059 0.124870 0.200439 0.126589 0.232368 0.123461 0.229240 0.091531 0.227993 0.089650
0 0.745216 0.762355 0.758404 0.791601 0.759593 0.792944 0.788975 0.779696 0.775726 0.750315 0.774463 0.749167
