0 0.580519 0.408508 0.600185 0.433757 0.600645 0.433453 0.626011 0.413698 0.606255 0.388332 0.580889 0.408087
0 0.241761 0.889623 0.260773 0.915551 0.286701 0.896539 0.287676 0.894726 0.268751 0.868916 0.242941 0.887841
0 0.402876 0.862612 0.412793 0.889121 0.415260 0.891728 0.443699 0.875949 0.433328 0.849736 0.430960 0.847031
0 0.894521 0.755242 0.896337 0.756417 0.924284 0.772472 0.940339 0.744525 0.912392 0.728470 0.910502 0.727423
0 0.901528 0.667125 0.910922 0.671035 0.943376 0.675456 0.944260 0.668965 0.939135 0.664284 0.938917 0.664115 0.933871 0.662228 0.932936 0.661965 0.931418 0.661643 0.929549 0.661312 0.927612 0.661021 0.911720 0.658857 0.910003 0.658650 0.908761 0.658557 0.908181 0.658593 0.902392 0.660783
0 0.492676 0.882146 0.523805 0.890496 0.532156 0.859366 0.532008 0.857719 0.501021 0.849407 0.492709 0.880395
0 0.149474 0.438224 0.159674 0.468797 0.161234 0.468941 0.191667 0.458786 0.181513 0.428353 0.180047 0.428023
0 0.396740 0.890316 0.412541 0.918407 0.440633 0.902606 0.440904 0.900760 0.425176 0.872798 0.397213 0.888527
0 0.292446 0.202496 0.293397 0.203859 0.315772 0.226852 0.338764 0.204476 0.338021 0.203116 0.315544 0.180018
0 0.769408 0.713645 0.770649 0.714628 0.801488 0.723997 0.810856 0.693158 0.809431 0.692273 0.778734 0.682947
0 0.933447 0.140615 0.961925 0.155390 0.964052 0.153803 0.978894 0.125194 0.950285 0.110351 0.948221 0.112137
0 0.676671 0.582438 0.701873 0.602291 0.702803 0.602761 0.722747 0.577443 0.697428 0.557499 0.696523 0.557236
0 0.028984 0.606395 0.031935 0.612243 0.042635 0.609677 0.071209 0.595261 0.068325 0.589546 0.061430 0.588458 0.056329 0.589486 0.055404 0.589774 0.053952 0.590354 0.052194 0.591138 0.050400 0.592007 0.035813 0.599367 0.034262 0.600185 0.033197 0.600825 0.032780 0.601188
0 0.095726 0.332810 0.125296 0.345630 0.127014 0.346338 0.139776 0.316903 0.138117 0.316060 0.108547 0.303239
0 0.494284 0.607373 0.517502 0.629727 0.539856 0.606510 0.539674 0.606021 0.516562 0.583769 0.494310 0.606881
0 0.825946 0.459989 0.848078 0.483215 0.849681 0.483137 0.873014 0.460903 0.850779 0.437570 0.849171 0.437857
0 0.882837 0.206206 0.885931 0.238060 0.917786 0.234967 0.919704 0.233750 0.916597 0.201749 0.884596 0.204856
0 0.705098 0.847145 0.706043 0.848744 0.734470 0.863931 0.749658 0.835504 0.748514 0.833966 0.720217 0.818848
0 0.191411 0.820679 0.222151 0.830367 0.223424 0.828853 0.233068 0.798254 0.202469 0.788611 0.201099 0.789940
0 0.723530 0.984301 0.724557 0.986526 0.738464 1.000000 0.761712 1.000000 0.768225 0.999195 0.766999 0.996913 0.751570 0.968873
0 0.242532 0.786611 0.270449 0.802558 0.271499 0.801175 0.287374 0.773385 0.259584 0.757510 0.258479 0.758693
0 0.443138 0.404205 0.444438 0.406395 0.470051 0.425584 0.473889 0.420461 0.473214 0.415337 0.472902 0.414352 0.472568 0.414014 0.471687 0.413280 0.470394 0.412261 0.468884 0.411113 0.455808 0.401317 0.454319 0.400219 0.453083 0.399343 0.452287 0.398821 0.452054 0.398733 0.447065 0.398962
0 0.520334 0.165695 0.552111 0.169504 0.552350 0.167986 0.556177 0.136063 0.524254 0.132237 0.520427 0.164160
0 0.506090 0.496828 0.532699 0.514750 0.532850 0.514818 0.550855 0.488085 0.524122 0.470081 0.524012 0.470218
0 0.530738 0.357199 0.558372 0.373343 0.574516 0.345708 0.574859 0.344999 0.547097 0.328781 0.530879 0.356543
0 0.957218 0.203800 0.975309 0.230295 0.977497 0.229053 1.000000 0.212203 1.000000 0.210878 0.999636 0.210034 0.985941 0.184261 0.983714 0.185708
0 0.284304 0.345458 0.297154 0.374931 0.298081 0.375503 0.327419 0.362712 0.314628 0.333374 0.313777 0.332609
0 0.912421 0.711103 0.914321 0.712075 0.946547 0.712536 0.947009 0.680309 0.944960 0.679483 0.912881 0.679023
0 0.846050 0.241693 0.852510 0.273039 0.883856 0.266579 0.885619 0.265507 0.879129 0.234017 0.847639 0.240507
0 0.126129 0.608677 0.134576 0.639780 0.165680 0.631334 0.167212 0.630732 0.158804 0.599771 0.127843 0.608178
0 0.823502 0.556460 0.849291 0.575414 0.850895 0.575760 0.869935 0.549853 0.844028 0.530812 0.842455 0.530672
0 0.479621 0.327426 0.479714 0.328217 0.489579 0.358745 0.520107 0.348881 0.520200 0.348186 0.510290 0.317516
0 0.273956 0.319235 0.274992 0.320064 0.302581 0.336439 0.318956 0.308851 0.318123 0.307970 0.290407 0.291520
0 0.757977 0.913832 0.759165 0.915737 0.785121 0.934844 0.804228 0.908888 0.802833 0.907014 0.776997 0.887995
0 0.277468 0.654161 0.308703 0.661780 0.309578 0.661040 0.317162 0.629947 0.286069 0.622363 0.285087 0.622925
0 0.353120 0.473094 0.355440 0.505241 0.356102 0.505217 0.388102 0.502907 0.385792 0.470908 0.385266 0.470773
0 0.361589 0.858482 0.384249 0.881401 0.407168 0.858742 0.407594 0.857097 0.385038 0.834282 0.362224 0.856838
0 0.821200 0.518891 0.853013 0.523034 0.854639 0.523140 0.858801 0.491180 0.826840 0.487018 0.825342 0.487077
0 0.567470 0.206061 0.599536 0.207081 0.599994 0.205732 0.601020 0.173519 0.568806 0.172493 0.568491 0.173995
0 0.623734 0.852404 0.624302 0.854023 0.654201 0.865845 0.666024 0.835946 0.665265 0.834411 0.635503 0.822642
