0 0.595263 0.118968 0.608620 0.148138 0.637790 0.134781 0.638425 0.133099 0.625006 0.103795 0.595702 0.117213
0 0.235856 0.082312 0.236298 0.086327 0.248094 0.111816 0.278571 0.102390 0.278311 0.098441 0.266339 0.073065
0 0.478214 0.875431 0.500614 0.898496 0.523679 0.876097 0.523570 0.874378 0.501274 0.851418 0.478314 0.873715
0 0.466721 0.373494 0.466874 0.374073 0.477775 0.404247 0.507949 0.393346 0.507985 0.392855 0.497034 0.362542
0 0.167199 0.168425 0.168377 0.200633 0.169897 0.202005 0.201958 0.200832 0.200785 0.168771 0.199407 0.167246
0 0.077505 0.078094 0.081344 0.110096 0.083263 0.111882 0.115117 0.108062 0.111296 0.076207 0.109506 0.074256
0 0.858582 0.511167 0.871138 0.540691 0.872847 0.540878 0.902506 0.528264 0.889892 0.498605 0.888106 0.498611
0 0.072996 0.198972 0.086986 0.228007 0.088879 0.229254 0.117781 0.215328 0.103856 0.186426 0.102032 0.184982
0 0.466878 0.902486 0.497021 0.912069 0.499139 0.908333 0.502735 0.881889 0.472423 0.872449 0.470190 0.876046
0 0.922813 0.900376 0.935246 0.929952 0.937250 0.931932 0.966962 0.919442 0.954471 0.889729 0.952389 0.887944
0 0.319505 0.107089 0.321752 0.113971 0.323801 0.118409 0.324356 0.119088 0.325468 0.120014 0.326968 0.121046 0.328629 0.122029 0.342702 0.129723 0.344277 0.130510 0.345531 0.130984 0.346276 0.131073 0.351713 0.131424 0.354784 0.125808 0.351386 0.117054 0.322648 0.101341
0 0.835563 0.110513 0.841791 0.141985 0.873262 0.135758 0.874981 0.134081 0.868726 0.102464 0.837109 0.108719
0 0.600906 0.967039 0.602012 0.973343 0.604399 0.984417 0.636659 0.978757 0.635527 0.972305 0.632429 0.961508 0.627724 0.960470 0.626091 0.960396 0.624244 0.960594 0.608447 0.963366 0.606661 0.963805 0.605201 0.964422
0 0.235951 0.413676 0.256251 0.438609 0.257365 0.438890 0.282184 0.418683 0.261977 0.393864 0.260884 0.393376
0 0.136100 0.835589 0.167739 0.841735 0.169262 0.840169 0.175379 0.808675 0.143885 0.802557 0.142246 0.803951
0 0.637680 0.691315 0.650678 0.720647 0.651372 0.721663 0.680838 0.708605 0.667780 0.679138 0.667011 0.678317
0 0.396117 0.766687 0.415916 0.792119 0.441348 0.772321 0.441617 0.771072 0.421909 0.745757 0.396594 0.765464
0 0.487601 0.794349 0.488939 0.826551 0.521141 0.825214 0.519803 0.793011 0.519713 0.791668 0.487658 0.793000
0 0.450013 0.036947 0.453210 0.069018 0.453424 0.070993 0.485348 0.067811 0.485281 0.065822 0.482084 0.033750
0 0.575217 0.922003 0.575563 0.923947 0.607451 0.928629 0.612134 0.896741 0.611620 0.894923 0.579878 0.890262
0 0.653649 0.033638 0.657709 0.065462 0.689534 0.061403 0.690406 0.059383 0.686328 0.027412 0.654357 0.031491
0 0.494526 0.650482 0.497766 0.656175 0.502321 0.656663 0.502647 0.656688 0.503573 0.656341 0.504957 0.655673 0.506588 0.654787 0.520788 0.646705 0.522412 0.645738 0.523776 0.644842 0.524670 0.644153 0.524960 0.643777 0.526231 0.639973 0.525632 0.636773 0.522465 0.631210 0.494651 0.647042
0 0.898970 0.756483 0.900803 0.757661 0.930990 0.768726 0.942055 0.738539 0.940034 0.737448 0.909985 0.726434
0 0.647240 0.807905 0.661079 0.836849 0.661821 0.838400 0.690898 0.824496 0.676995 0.795419 0.676183 0.794065
0 0.739751 0.568372 0.763099 0.590376 0.764310 0.590792 0.786415 0.567336 0.762959 0.545231 0.761754 0.545024
0 0.762567 0.382644 0.788933 0.400922 0.790264 0.400466 0.808626 0.373978 0.782138 0.355615 0.780845 0.356278
0 0.591849 0.804205 0.592272 0.805605 0.604817 0.835294 0.634505 0.822749 0.633889 0.821270 0.621401 0.791718
0 0.129205 0.736012 0.160731 0.742714 0.162286 0.741601 0.168956 0.710220 0.137575 0.703549 0.135906 0.704486
0 0.688270 0.592734 0.698282 0.623214 0.699195 0.623782 0.729816 0.613724 0.719758 0.583103 0.718751 0.582722
0 0.393937 0.074868 0.412965 0.100768 0.415435 0.100886 0.438403 0.079665 0.419275 0.053630 0.416798 0.053311
0 0.763919 0.911485 0.765135 0.913380 0.784180 0.939381 0.810181 0.920335 0.791135 0.894334 0.789801 0.892527
0 0.309009 0.546338 0.309660 0.552857 0.342251 0.549601 0.345857 0.548467 0.345221 0.542098 0.340789 0.539257 0.340633 0.539242 0.339772 0.539302 0.338338 0.539428 0.336548 0.539600 0.320588 0.541194 0.318709 0.541388 0.317019 0.541574 0.315774 0.541725 0.315165 0.541816 0.313016 0.542303
0 0.502073 0.910259 0.502083 0.912148 0.521563 0.937825 0.547240 0.918345 0.547024 0.916427 0.527632 0.890868
0 0.856600 0.226039 0.869668 0.255339 0.898968 0.242271 0.900805 0.241084 0.887677 0.211649 0.858242 0.224777
0 0.485995 0.261246 0.486156 0.263991 0.486842 0.269970 0.491798 0.274021 0.512054 0.249243 0.512336 0.243376 0.507265 0.239230 0.502251 0.241020 0.501581 0.241548 0.500576 0.242582 0.499389 0.243966 0.489048 0.256615 0.487864 0.258132 0.486868 0.259545 0.486212 0.260639
0 0.150708 0.644889 0.172619 0.668526 0.174119 0.667754 0.197647 0.645942 0.175837 0.622414 0.174344 0.622978
0 0.423009 0.083713 0.450884 0.096136 0.453216 0.096267 0.464387 0.064933 0.436337 0.052602 0.433925 0.052287
0 0.321550 0.629438 0.336292 0.658099 0.364953 0.643356 0.365572 0.642700 0.350897 0.614170 0.322368 0.628845
0 0.239264 0.135567 0.240459 0.137237 0.271077 0.146822 0.280661 0.116205 0.279651 0.114437 0.248893 0.104809
0 0.313381 0.312275 0.313450 0.318825 0.317828 0.323303 0.319922 0.325335 0.320527 0.325561 0.321771 0.325744 0.323465 0.325858 0.325353 0.325884 0.341391 0.325713 0.343191 0.325647 0.344636 0.325501 0.345508 0.325295 0.349718 0.322626 0.349649 0.316225 0.346132 0.311925
