0 0.745129 0.942199 0.746258 0.944235 0.777758 0.951057 0.784580 0.919557 0.783276 0.917634 0.751921 0.910843
0 0.114259 0.352870 0.117644 0.384922 0.119397 0.385449 0.151302 0.382079 0.147932 0.350174 0.146311 0.349484
0 0.032835 0.661079 0.039604 0.692590 0.071115 0.685820 0.073081 0.684969 0.066342 0.653602 0.034976 0.660341
0 0.130546 0.656561 0.140018 0.687277 0.160366 0.682040 0.165273 0.680236 0.163423 0.672086 0.158657 0.656629 0.155708 0.649218 0.135497 0.654876
0 0.441864 0.792870 0.466487 0.813665 0.487283 0.789042 0.487342 0.787717 0.462831 0.767017 0.442130 0.791527
0 0.387603 0.540411 0.413343 0.559809 0.413740 0.559535 0.433049 0.533914 0.407428 0.514605 0.407002 0.514672
0 0.713132 0.161618 0.727411 0.189942 0.729478 0.190353 0.756882 0.173552 0.742759 0.144982 0.740618 0.144767
0 0.148193 0.870897 0.167472 0.896726 0.193300 0.877446 0.194706 0.875717 0.175515 0.850006 0.149806 0.869197
0 0.938506 0.925828 0.940524 0.927789 0.964430 0.949407 0.986048 0.925502 0.962142 0.903884 0.960025 0.902033
0 0.574405 0.853339 0.574748 0.854967 0.594201 0.880663 0.619898 0.861209 0.619349 0.859554 0.599984 0.833975
0 0.440762 0.630903 0.449478 0.661932 0.480507 0.653216 0.480596 0.652514 0.471920 0.621627 0.441033 0.630303
0 0.123517 0.303203 0.136620 0.332650 0.138286 0.333417 0.167597 0.320373 0.154554 0.291062 0.152963 0.290100
0 0.540522 0.947064 0.540708 0.949117 0.559159 0.975447 0.585489 0.956997 0.585099 0.954908 0.566732 0.928697
0 0.172218 0.526978 0.201958 0.539400 0.203324 0.539219 0.215690 0.509616 0.186086 0.497250 0.184640 0.497238
0 0.029121 0.086400 0.033728 0.118299 0.035865 0.120049 0.067618 0.115463 0.063032 0.083709 0.061020 0.081793
0 0.832944 0.566455 0.840898 0.597536 0.842467 0.597985 0.873692 0.589994 0.865701 0.558770 0.864025 0.558501
0 0.159772 0.665793 0.159928 0.666641 0.161006 0.671706 0.167402 0.673121 0.175005 0.669164 0.181918 0.637915 0.175668 0.636532 0.168080 0.639726 0.165929 0.641346 0.165402 0.641898 0.164793 0.643096 0.164195 0.644756 0.163701 0.646627 0.160171 0.662579 0.159857 0.664367
0 0.884443 0.882390 0.886213 0.884151 0.911060 0.904679 0.931589 0.879833 0.929611 0.878092 0.904878 0.857657
0 0.949443 0.289870 0.981443 0.290446 0.983654 0.289483 0.984232 0.257337 0.952085 0.256759 0.950019 0.257871
0 0.774478 0.880856 0.788554 0.909685 0.789883 0.911572 0.818845 0.897430 0.804704 0.868468 0.803307 0.866779
0 0.287733 0.326724 0.293870 0.358365 0.294814 0.359013 0.326310 0.352905 0.320201 0.321409 0.319373 0.320587
0 0.026898 0.727920 0.059126 0.728257 0.061147 0.727211 0.061482 0.695130 0.029402 0.694795 0.027235 0.695691
0 0.316420 0.278188 0.317262 0.279204 0.345900 0.293666 0.360362 0.265028 0.359719 0.263947 0.330949 0.249418
0 0.369430 0.165188 0.370029 0.166723 0.401735 0.171620 0.406632 0.139913 0.406202 0.138255 0.374350 0.133336
0 0.686953 0.142314 0.706510 0.167746 0.731942 0.148188 0.733010 0.146568 0.713362 0.121019 0.687813 0.140667
0 0.830080 0.145786 0.850286 0.170706 0.875206 0.150500 0.876934 0.148891 0.856635 0.123856 0.831599 0.144155
0 0.920070 0.971132 0.922004 0.973302 0.951315 0.986704 0.964718 0.957393 0.962589 0.955297 0.933411 0.941956
0 0.577298 0.142404 0.602591 0.162142 0.622328 0.136849 0.622892 0.135177 0.597482 0.115349 0.577654 0.140758
0 0.798531 0.052837 0.812611 0.081915 0.835956 0.073109 0.839734 0.070173 0.835917 0.062223 0.828891 0.047714 0.825727 0.041247 0.802186 0.049788
0 0.698294 0.247202 0.723271 0.267338 0.724298 0.266267 0.744527 0.241175 0.719436 0.220947 0.699207 0.246039
0 0.414553 0.663380 0.415971 0.695579 0.448170 0.694160 0.448408 0.693270 0.446996 0.661219 0.414944 0.662631
0 0.008702 0.628584 0.011641 0.660680 0.043736 0.657741 0.045828 0.657018 0.042902 0.625069 0.010954 0.627995
0 0.301735 0.689673 0.331470 0.702107 0.332243 0.701181 0.344620 0.671583 0.315022 0.659205 0.314170 0.659938
0 0.779220 0.079233 0.793196 0.108111 0.822075 0.094135 0.823557 0.092266 0.809517 0.063256 0.780505 0.077296
0 0.407120 0.784510 0.438782 0.790098 0.439062 0.788772 0.444626 0.757255 0.413108 0.751691 0.412709 0.752847
0 0.659876 0.113421 0.685351 0.132922 0.704852 0.107447 0.705795 0.105640 0.680203 0.086048 0.660612 0.111641
0 0.082974 0.848652 0.098125 0.877099 0.126572 0.861948 0.128284 0.860289 0.113202 0.831973 0.084886 0.847054
0 0.549856 0.326340 0.563528 0.355364 0.592552 0.341691 0.592978 0.340962 0.579242 0.311805 0.550085 0.325541
0 0.493708 0.726453 0.512654 0.752527 0.538728 0.733581 0.538550 0.732511 0.519691 0.706556 0.493737 0.725415
0 0.156103 0.292615 0.173840 0.319526 0.175334 0.320353 0.202122 0.302698 0.184467 0.275910 0.183015 0.274878
