0 0.301735 0.571812 0.322494 0.596466 0.323308 0.596024 0.347849 0.575360 0.327185 0.550819 0.326389 0.551053
0 0.054266 0.779912 0.059943 0.811639 0.091669 0.805962 0.093541 0.804560 0.087890 0.772978 0.056309 0.778630
0 0.288602 0.251737 0.289569 0.252872 0.317855 0.267845 0.332828 0.239560 0.332060 0.238363 0.303644 0.223321
0 0.604824 0.266328 0.608496 0.298200 0.640368 0.294527 0.641014 0.293581 0.637325 0.261563 0.605306 0.265252
0 0.438965 0.800778 0.470012 0.809430 0.478663 0.778382 0.478761 0.777106 0.447856 0.768495 0.439245 0.799400
0 0.092830 0.421897 0.123976 0.430188 0.125699 0.430509 0.133953 0.399506 0.132268 0.399043 0.101122 0.390752
0 0.231096 0.297800 0.245284 0.326739 0.246452 0.327533 0.275258 0.313409 0.261135 0.284602 0.260034 0.283611
0 0.683490 0.129410 0.715554 0.130498 0.716547 0.128798 0.717641 0.096585 0.685429 0.095492 0.684579 0.097345
0 0.322554 0.929608 0.330467 0.960851 0.361711 0.952938 0.362344 0.950862 0.354468 0.919762 0.323367 0.927639
0 0.191741 0.017660 0.193154 0.019870 0.219964 0.037492 0.237585 0.010682 0.236377 0.008429 0.215757 0.000218 0.214017 0.000000 0.209444 0.000000
0 0.455297 0.466878 0.477109 0.491312 0.477632 0.491511 0.482407 0.487248 0.482714 0.482496 0.482492 0.482245 0.481816 0.481486 0.480790 0.480335 0.479569 0.478966 0.468888 0.467001 0.466588 0.464427 0.465855 0.463608 0.465565 0.463286 0.465164 0.462859 0.460183 0.462516
0 0.786067 0.841324 0.787385 0.842895 0.815386 0.858856 0.831346 0.830855 0.829827 0.829339 0.801955 0.813451
0 0.415968 0.593427 0.444855 0.607722 0.445107 0.607228 0.459337 0.578474 0.430583 0.564244 0.430263 0.564540
0 0.113284 0.459389 0.138347 0.479653 0.140004 0.479746 0.160176 0.454798 0.135228 0.434627 0.133548 0.434326
0 0.137353 0.562995 0.166417 0.576924 0.167946 0.576571 0.181811 0.547639 0.152880 0.533774 0.151281 0.533930
0 0.800245 0.671369 0.810167 0.702536 0.812424 0.702449 0.841871 0.693183 0.831860 0.662020 0.829531 0.662288
0 0.473966 0.230645 0.474086 0.231880 0.505835 0.236494 0.510449 0.204745 0.510497 0.203385 0.478602 0.198750
0 0.250541 0.489534 0.268728 0.516143 0.269788 0.516069 0.296275 0.497966 0.278171 0.471479 0.277150 0.471348
0 0.363658 0.796591 0.384842 0.820882 0.409132 0.799698 0.409549 0.798324 0.388462 0.774145 0.364283 0.795232
0 0.049919 0.279657 0.070874 0.304146 0.072841 0.305043 0.097217 0.284185 0.076358 0.259808 0.074408 0.258702
0 0.032060 0.207882 0.054993 0.230528 0.057033 0.231763 0.079575 0.208934 0.056746 0.186392 0.054705 0.184948
0 0.924121 0.321706 0.943051 0.347609 0.945091 0.346907 0.971113 0.327891 0.952096 0.301868 0.950024 0.302777
0 0.146981 0.905582 0.171555 0.926436 0.192408 0.901861 0.193818 0.900020 0.169357 0.879261 0.167834 0.881007
0 0.763066 0.628800 0.764277 0.629394 0.794199 0.641371 0.806177 0.611449 0.776255 0.599472 0.774989 0.599016
0 0.076108 0.109390 0.078045 0.111176 0.104377 0.129368 0.122569 0.103037 0.120836 0.101213 0.094383 0.082938
0 0.616448 0.321428 0.632168 0.349395 0.660136 0.333675 0.660873 0.332909 0.645080 0.304813 0.616984 0.320605
0 0.246323 0.084182 0.262590 0.112006 0.263678 0.113784 0.291375 0.097591 0.290414 0.095739 0.274146 0.067914
0 0.139922 0.237377 0.149974 0.267999 0.151578 0.269063 0.182060 0.259057 0.172055 0.228575 0.170545 0.227325
0 0.060473 0.953713 0.077002 0.981382 0.104672 0.964854 0.106483 0.962723 0.090031 0.935181 0.062488 0.951633
0 0.839750 0.855875 0.839861 0.857128 0.840203 0.858825 0.843952 0.874420 0.844472 0.876309 0.845095 0.878109 0.845724 0.879547 0.846267 0.880406 0.850294 0.884830 0.856492 0.889452 0.862861 0.887920 0.855205 0.856074 0.847085 0.847934 0.840861 0.849431
0 0.930267 0.851211 0.932248 0.852828 0.964469 0.853629 0.965269 0.821409 0.963137 0.819935 0.931064 0.819139
0 0.412305 0.907380 0.443865 0.913920 0.450405 0.882361 0.450632 0.880608 0.419217 0.874098 0.418845 0.875821
0 0.480059 0.690155 0.490258 0.720646 0.520749 0.710447 0.520654 0.709485 0.510502 0.679133 0.480150 0.689285
0 0.674139 0.699578 0.679868 0.731066 0.680694 0.732128 0.712326 0.726373 0.706572 0.694741 0.705627 0.693850
0 0.046843 0.164164 0.048920 0.165703 0.079217 0.176257 0.089771 0.145959 0.087882 0.144330 0.057445 0.133727
0 0.770007 0.717777 0.771251 0.718780 0.800415 0.732500 0.814134 0.703336 0.812695 0.702404 0.783664 0.688747
0 0.152724 0.298577 0.179439 0.316608 0.180908 0.317449 0.198857 0.290856 0.197470 0.289893 0.170756 0.271863
0 0.086348 0.388310 0.088244 0.388821 0.120026 0.393198 0.124402 0.361415 0.122673 0.360777 0.090744 0.356381
0 0.283675 0.528388 0.287127 0.560354 0.319093 0.556902 0.319919 0.556642 0.316484 0.524823 0.284664 0.528259
