0 0.872464 0.952920 0.884860 0.982511 0.886632 0.984732 0.916359 0.972279 0.903906 0.942552 0.902055 0.940523
0 0.307355 0.728281 0.335221 0.744318 0.335975 0.743201 0.351939 0.715462 0.324200 0.699498 0.323393 0.700415
0 0.645781 0.492938 0.667422 0.516622 0.668192 0.516699 0.691986 0.494958 0.670245 0.471165 0.669465 0.471297
0 0.244950 0.257746 0.256713 0.287753 0.257828 0.288725 0.287697 0.277016 0.275988 0.247146 0.274957 0.245982
0 0.308237 0.538747 0.332432 0.560040 0.333200 0.559765 0.354395 0.535681 0.330311 0.514485 0.329530 0.514552
0 0.520050 0.381241 0.527115 0.412536 0.558410 0.405470 0.558679 0.405035 0.551582 0.373596 0.520143 0.380694
0 0.575661 0.896405 0.576010 0.898230 0.603958 0.914282 0.620010 0.886333 0.619460 0.884563 0.591640 0.868584
0 0.130825 0.450781 0.162282 0.457427 0.163826 0.457622 0.170442 0.426309 0.168928 0.425970 0.137471 0.419324
0 0.810154 0.886356 0.811578 0.888131 0.831773 0.913149 0.856791 0.892954 0.836596 0.867936 0.835058 0.866254
0 0.636293 0.310013 0.667661 0.316746 0.668433 0.315902 0.675197 0.284390 0.643684 0.277626 0.643026 0.278645
0 0.744607 0.150017 0.752289 0.181086 0.783358 0.173405 0.784659 0.171905 0.776942 0.140693 0.745730 0.148410
0 0.021045 0.770718 0.022307 0.775639 0.022811 0.777181 0.023707 0.778827 0.032615 0.792524 0.033762 0.794018 0.034982 0.795126 0.038904 0.798175 0.049445 0.791358 0.054810 0.787868 0.037360 0.761039 0.026537 0.767146
0 0.550841 0.284789 0.560084 0.315430 0.590725 0.306187 0.591141 0.305297 0.581856 0.274515 0.551074 0.283800
0 0.692332 0.255981 0.723809 0.261767 0.724837 0.260673 0.730650 0.229051 0.699029 0.223238 0.698119 0.224504
0 0.527918 0.959151 0.528047 0.961265 0.558024 0.973103 0.569862 0.943126 0.569542 0.941095 0.539702 0.929311
0 0.022753 0.137655 0.042395 0.163109 0.044488 0.164649 0.069825 0.145098 0.050273 0.119759 0.048208 0.118013
0 0.867220 0.646532 0.868947 0.678568 0.870646 0.679390 0.902829 0.677654 0.901094 0.645470 0.899255 0.644804
0 0.399565 0.855906 0.402132 0.861933 0.432266 0.849097 0.433814 0.841116 0.431305 0.835227 0.426368 0.834971 0.425490 0.835007 0.424109 0.835369 0.422434 0.836003 0.407678 0.842288 0.405960 0.843100 0.404452 0.843968 0.403383 0.844762 0.402918 0.845361 0.401861 0.847770
0 0.934099 0.162443 0.962197 0.177929 0.964325 0.176446 0.979882 0.148220 0.951655 0.132662 0.949585 0.134346
0 0.716903 0.810803 0.733909 0.838007 0.734987 0.839563 0.762316 0.822479 0.745232 0.795150 0.744107 0.793797
0 0.203412 0.000000 0.206012 0.027222 0.207359 0.029388 0.239337 0.026801 0.236750 0.000000
0 0.661457 0.184007 0.678447 0.211222 0.705662 0.194232 0.706609 0.192824 0.689541 0.165484 0.662201 0.182553
0 0.370983 0.693066 0.396037 0.713341 0.416312 0.688286 0.416695 0.687423 0.391756 0.667241 0.371574 0.692181
0 0.879840 0.613320 0.881739 0.645346 0.883497 0.646015 0.915670 0.644108 0.913763 0.611934 0.911866 0.611421
0 0.715668 0.524099 0.733300 0.550902 0.734374 0.551137 0.761301 0.533424 0.743587 0.506497 0.742471 0.506467
0 0.322636 0.068311 0.323449 0.070289 0.350799 0.087060 0.367570 0.059710 0.366960 0.057683 0.339484 0.040835
0 0.680986 0.112335 0.711576 0.122008 0.712550 0.120267 0.722267 0.089537 0.691537 0.079820 0.690659 0.081746
0 0.585473 0.588346 0.599988 0.616869 0.600448 0.617406 0.629102 0.602823 0.614520 0.574169 0.613996 0.573830
0 0.438969 0.650696 0.466037 0.668191 0.483532 0.641123 0.483608 0.640476 0.456663 0.623061 0.439248 0.650005
0 0.907986 0.144102 0.938772 0.153132 0.940792 0.151535 0.949864 0.120608 0.918936 0.111536 0.917017 0.113317
0 0.243461 0.926890 0.243771 0.959118 0.275999 0.958809 0.277026 0.956706 0.276718 0.924626 0.244637 0.924933
0 0.889600 0.524771 0.913732 0.545912 0.915637 0.546123 0.936876 0.521880 0.912632 0.500641 0.910741 0.500639
0 0.107183 0.799935 0.127101 0.825274 0.152440 0.805355 0.154033 0.803955 0.134206 0.778733 0.132521 0.780016
0 0.711072 0.389067 0.743067 0.389879 0.744183 0.389374 0.744999 0.357232 0.712858 0.356416 0.711885 0.357073
0 0.737914 0.038246 0.766237 0.053316 0.767462 0.051259 0.782602 0.022805 0.754149 0.007666 0.739009 0.036120
0 0.113815 0.162853 0.115585 0.164397 0.140528 0.184575 0.160705 0.159631 0.159143 0.158064 0.134085 0.137794
0 0.712458 0.891852 0.713436 0.893656 0.744467 0.902369 0.753180 0.871340 0.752019 0.869637 0.721131 0.860964
0 0.049134 0.961151 0.079221 0.972709 0.081149 0.970543 0.092654 0.940593 0.062705 0.929088 0.060692 0.931064
0 0.618134 0.947174 0.619427 0.953443 0.622221 0.964052 0.654299 0.957435 0.652976 0.951020 0.649479 0.940709 0.644757 0.939756 0.643120 0.939744 0.641279 0.940001 0.625570 0.943241 0.623799 0.943729 0.622361 0.944375
