0 0.815131 0.805336 0.835115 0.830434 0.836657 0.831955 0.861872 0.811880 0.841795 0.786666 0.840229 0.785352
0 0.194161 0.752076 0.194893 0.784297 0.227115 0.783566 0.228366 0.782266 0.227637 0.750192 0.195563 0.750920
0 0.895843 0.370221 0.917999 0.393425 0.919923 0.392934 0.943234 0.370676 0.920975 0.347366 0.919046 0.348065
0 0.488085 0.160556 0.488140 0.162113 0.519323 0.169655 0.526865 0.138473 0.526989 0.136808 0.495662 0.129230
0 0.924501 0.783594 0.926456 0.784899 0.958051 0.791266 0.964417 0.759670 0.962288 0.758481 0.930838 0.752143
0 0.630630 0.265743 0.633253 0.269213 0.634073 0.269861 0.635422 0.270616 0.637094 0.271364 0.651971 0.277357 0.653720 0.277987 0.655283 0.278406 0.656427 0.278549 0.660316 0.277702 0.664067 0.272501 0.666515 0.266425 0.636134 0.254186 0.633022 0.259805
0 0.733254 0.421042 0.765319 0.422081 0.766541 0.421722 0.767585 0.389509 0.735372 0.388465 0.734293 0.388976
0 0.248091 0.441547 0.278965 0.450799 0.279978 0.451025 0.289187 0.420292 0.288217 0.419925 0.257343 0.410674
0 0.750747 0.038760 0.752524 0.070714 0.784480 0.068937 0.785786 0.066957 0.784001 0.034856 0.751899 0.036641
0 0.467984 0.852704 0.470354 0.884847 0.502497 0.882477 0.502486 0.880724 0.500127 0.848728 0.468131 0.851088
0 0.386304 0.843125 0.413377 0.860613 0.430865 0.833539 0.431181 0.832010 0.404232 0.814603 0.386824 0.841553
0 0.753858 0.192995 0.774874 0.217236 0.799114 0.196220 0.800492 0.194822 0.779379 0.170469 0.755027 0.191582
0 0.917637 0.490402 0.949654 0.492441 0.951724 0.492407 0.953773 0.460242 0.921609 0.458193 0.919676 0.458384
0 0.702962 0.272510 0.732646 0.284473 0.738089 0.279431 0.740538 0.273355 0.737384 0.269800 0.736669 0.269142 0.735374 0.268373 0.733697 0.267610 0.718543 0.261503 0.716745 0.260865 0.715108 0.260453 0.713880 0.260328 0.710159 0.261112 0.705354 0.266573
0 0.322579 0.445506 0.323393 0.445756 0.354161 0.454843 0.363248 0.424074 0.362619 0.423725 0.331708 0.414596
0 0.018977 0.911061 0.021233 0.943211 0.053384 0.940956 0.055431 0.938935 0.053186 0.906931 0.021182 0.909176
0 0.709488 0.138883 0.732629 0.161104 0.754850 0.137964 0.756024 0.136297 0.732776 0.113973 0.710453 0.137220
0 0.774497 0.579530 0.786294 0.609365 0.787612 0.609869 0.817584 0.598017 0.805733 0.568045 0.804332 0.567733
0 0.497161 0.055012 0.497175 0.057052 0.511989 0.085509 0.540446 0.070695 0.540632 0.068718 0.525750 0.040130
0 0.721134 0.812436 0.722149 0.813871 0.743577 0.837841 0.767547 0.816413 0.766324 0.814966 0.744994 0.791106
0 0.155351 0.705981 0.160886 0.737733 0.192638 0.732197 0.194046 0.731133 0.188536 0.699527 0.156930 0.705037
0 0.065612 0.240089 0.075543 0.246030 0.081257 0.248915 0.085003 0.245498 0.086016 0.244294 0.086954 0.242717 0.094182 0.228399 0.094906 0.226683 0.095308 0.225085 0.095680 0.220345 0.086221 0.213802 0.080373 0.210850
0 0.148079 0.633710 0.156829 0.664730 0.187849 0.655979 0.189280 0.655264 0.180569 0.624387 0.149691 0.633098
0 0.194715 0.943423 0.219631 0.963272 0.222994 0.960029 0.236237 0.937683 0.211157 0.917862 0.207730 0.920939
0 0.422673 0.144412 0.423927 0.150842 0.425666 0.158824 0.457078 0.152697 0.456074 0.144572 0.454820 0.138142 0.450794 0.137060 0.449696 0.136852 0.448098 0.136881 0.446243 0.137143 0.430206 0.140271 0.428384 0.140726 0.426880 0.141302 0.425922 0.141912
0 0.573079 0.249399 0.585980 0.278774 0.615354 0.265873 0.615885 0.264794 0.602925 0.235285 0.573415 0.248245
0 0.221222 0.924688 0.237657 0.952413 0.265382 0.935978 0.266457 0.933979 0.250098 0.906382 0.222499 0.922741
0 0.280664 0.263939 0.285678 0.269335 0.290726 0.273272 0.310407 0.248035 0.305972 0.242140 0.300806 0.238111 0.296734 0.240020 0.295850 0.240562 0.294718 0.241619 0.293510 0.243029 0.283462 0.255913 0.282366 0.257457 0.281555 0.258893 0.281150 0.260003
0 0.183593 0.138126 0.183802 0.144673 0.191030 0.152796 0.223018 0.151776 0.222814 0.145378 0.216330 0.137082 0.214614 0.135838 0.213861 0.135363 0.212475 0.134983 0.210668 0.134757 0.208716 0.134719 0.192386 0.135240 0.190593 0.135397 0.189240 0.135724
0 0.214231 0.666593 0.215413 0.698723 0.247543 0.697541 0.248697 0.696638 0.247521 0.664655 0.215537 0.665832
0 0.169003 0.229348 0.190890 0.253006 0.192307 0.254138 0.215857 0.232351 0.194070 0.208802 0.192661 0.207461
0 0.170846 0.979975 0.196984 0.998832 0.215841 0.972694 0.217143 0.970527 0.191124 0.951757 0.172354 0.977775
0 0.450171 0.923789 0.467360 0.951053 0.494624 0.933865 0.494649 0.931876 0.477539 0.904737 0.450400 0.921847
0 0.768757 0.439995 0.799435 0.449383 0.800814 0.449149 0.810244 0.418330 0.779425 0.408899 0.778144 0.409317
0 0.828019 0.122239 0.859226 0.129684 0.860880 0.127979 0.868359 0.096629 0.837008 0.089150 0.835464 0.091033
0 0.690224 0.503686 0.710280 0.528627 0.711246 0.528758 0.736301 0.508610 0.716153 0.483555 0.715165 0.483630
0 0.139279 0.536951 0.142585 0.569012 0.174646 0.565705 0.176137 0.565404 0.172846 0.533491 0.171340 0.533645
0 0.664826 0.846261 0.665582 0.847852 0.690169 0.868569 0.710887 0.843983 0.709923 0.842410 0.685449 0.821787
0 0.868987 0.231820 0.879940 0.261975 0.910096 0.251022 0.911984 0.249876 0.900980 0.219582 0.870686 0.230586
0 0.149515 0.865005 0.152657 0.869279 0.153713 0.870446 0.155178 0.871591 0.168740 0.880703 0.170385 0.881647 0.171953 0.882243 0.176702 0.883271 0.184093 0.874509 0.187663 0.869196 0.161097 0.851348 0.153168 0.859568
