0 0.803428 0.889393 0.804825 0.891187 0.829780 0.911583 0.850177 0.886628 0.848571 0.884856 0.823731 0.864553
0 0.766023 0.193787 0.786339 0.218618 0.811169 0.198303 0.812602 0.196914 0.792194 0.171969 0.767249 0.192377
0 0.887005 0.231837 0.914216 0.248832 0.916123 0.247676 0.933198 0.220339 0.905861 0.203266 0.904001 0.204625
0 0.124644 0.552601 0.148590 0.574174 0.150201 0.573834 0.171674 0.549998 0.147838 0.528524 0.146217 0.528656
0 0.441599 0.674100 0.441695 0.674661 0.442126 0.675797 0.442827 0.677335 0.443691 0.679040 0.451345 0.693474 0.452237 0.695079 0.453017 0.696335 0.453567 0.697049 0.458142 0.699530 0.463929 0.696461 0.464754 0.691970 0.449760 0.663695 0.444105 0.666694 0.442270 0.672098
0 0.734823 0.542948 0.764349 0.555498 0.765566 0.555754 0.778174 0.526092 0.748511 0.513484 0.747373 0.513422
0 0.392618 0.763647 0.417072 0.784642 0.438067 0.760189 0.438351 0.758996 0.414009 0.738097 0.393110 0.762438
0 0.859585 0.048906 0.891571 0.049999 0.900732 0.039471 0.900955 0.032924 0.895032 0.030865 0.893743 0.030454 0.891974 0.030265 0.875645 0.029707 0.873670 0.029769 0.871800 0.030071 0.870319 0.030567 0.868221 0.031805 0.859803 0.042509
0 0.492258 0.229730 0.492293 0.230965 0.499226 0.262210 0.530471 0.255277 0.530611 0.254153 0.523646 0.222765
0 0.395197 0.187639 0.402211 0.219097 0.402659 0.220385 0.433973 0.213403 0.426991 0.182090 0.426655 0.180626
0 0.775997 0.451178 0.799861 0.472505 0.806876 0.471861 0.811241 0.466977 0.809445 0.462121 0.809004 0.461371 0.808053 0.460282 0.806737 0.459022 0.794554 0.448134 0.793078 0.446899 0.791671 0.445880 0.790550 0.445235 0.789885 0.445061 0.786819 0.445152 0.780262 0.446405
0 0.916394 0.757389 0.931021 0.785944 0.933005 0.787260 0.961691 0.772566 0.946997 0.743880 0.944949 0.742763
0 0.926060 0.690364 0.931471 0.695103 0.936489 0.697372 0.937443 0.697663 0.938998 0.697964 0.940917 0.698230 0.942905 0.698419 0.959201 0.699606 0.960949 0.699689 0.962183 0.699653 0.962717 0.699503 0.968694 0.697197 0.969170 0.690663 0.958445 0.686305 0.926525 0.683980
0 0.481473 0.069365 0.481559 0.071338 0.511498 0.082868 0.523027 0.052929 0.523133 0.050870 0.493056 0.039288
0 0.425902 0.917296 0.452059 0.936127 0.470890 0.909971 0.471023 0.908091 0.444986 0.889347 0.426242 0.915384
0 0.876759 0.829904 0.878494 0.831423 0.909863 0.838826 0.917266 0.807458 0.915354 0.806049 0.884129 0.798679
0 0.790173 0.556672 0.791509 0.556933 0.823375 0.561767 0.828209 0.529902 0.796343 0.525067 0.794985 0.524953
0 0.207608 0.681502 0.237123 0.694253 0.238325 0.693364 0.251017 0.663984 0.221636 0.651292 0.220358 0.651987
0 0.746130 0.469769 0.758718 0.499278 0.759910 0.499275 0.789555 0.486628 0.776908 0.456983 0.775639 0.457180
0 0.621678 0.997711 0.622238 1.000000 0.651180 1.000000 0.666448 0.988910 0.665685 0.986669 0.638161 0.970187
0 0.511852 0.738176 0.511906 0.739270 0.540871 0.753226 0.554827 0.724262 0.554577 0.723236 0.525745 0.709344
0 0.686788 0.763383 0.687648 0.764596 0.719047 0.771868 0.726319 0.740469 0.725282 0.739367 0.694027 0.732128
0 0.895070 0.054210 0.895087 0.058725 0.909876 0.071064 0.915717 0.070780 0.923026 0.039518 0.908413 0.026604 0.902497 0.027034 0.899609 0.034795 0.899015 0.036461 0.895322 0.052253
0 0.484024 0.493487 0.504221 0.518604 0.529338 0.498407 0.509141 0.473290
0 0.146817 0.890801 0.177672 0.900115 0.179150 0.898282 0.188422 0.867568 0.157708 0.858296 0.156132 0.859945
0 0.924647 0.114707 0.925472 0.121055 0.931899 0.122592 0.933125 0.122672 0.934838 0.122534 0.950743 0.120467 0.952688 0.120131 0.954575 0.119646 0.956120 0.119087 0.957086 0.118537 0.962402 0.114100 0.967906 0.107970 0.967062 0.101474 0.934582 0.105693
0 0.140863 0.059081 0.142505 0.061098 0.173607 0.068644 0.181154 0.037541 0.179689 0.035417 0.148444 0.027837
0 0.777525 0.759739 0.778727 0.766026 0.785248 0.772249 0.817418 0.766095 0.816187 0.759661 0.808959 0.753725 0.806931 0.752429 0.806166 0.752165 0.804798 0.752080 0.803038 0.752185 0.801150 0.752465 0.785397 0.755479 0.783662 0.755892 0.782339 0.756377 0.781628 0.756860
0 0.529176 0.296298 0.550383 0.320372 0.574457 0.299165 0.574800 0.298240 0.553495 0.274056 0.529310 0.295360
0 0.533006 0.041983 0.564860 0.045088 0.565157 0.042999 0.568278 0.010999 0.536278 0.007879 0.533157 0.039879
0 0.802102 0.128311 0.833472 0.135035 0.835008 0.133355 0.841763 0.101839 0.810248 0.095085 0.808826 0.096941
0 0.516184 0.144107 0.546010 0.155927 0.557830 0.126101 0.558096 0.124379 0.528133 0.112505 0.516259 0.142468
0 0.833798 0.212795 0.865010 0.220218 0.866690 0.218930 0.874147 0.187574 0.842791 0.180117 0.841221 0.181583
0 0.051178 0.193077 0.061439 0.200093 0.092290 0.208606 0.093993 0.202436 0.089466 0.196572 0.084692 0.193044 0.083778 0.192534 0.082282 0.191903 0.080433 0.191246 0.078513 0.190665 0.062763 0.186319 0.061071 0.185904 0.059873 0.185720 0.059350 0.185794 0.052921 0.186762
0 0.031835 0.836173 0.057828 0.855229 0.059855 0.853601 0.078824 0.827727 0.052950 0.808758 0.050891 0.810179
0 0.928814 0.877805 0.940393 0.907726 0.942420 0.909603 0.972479 0.897971 0.960847 0.867913 0.958735 0.866227
0 0.335730 0.092570 0.336483 0.094437 0.368336 0.098267 0.372167 0.066414 0.371578 0.064418 0.339579 0.060569
0 0.894685 0.701062 0.916732 0.724462 0.941803 0.708872 0.942748 0.705581 0.920500 0.681967 0.895797 0.697842
0 0.613396 0.911567 0.613917 0.913457 0.636069 0.936760 0.659371 0.914608 0.658643 0.912713 0.636592 0.889516
