0 0.087480 0.281935 0.096910 0.286920 0.126683 0.298662 0.129031 0.292708 0.125312 0.287300 0.125159 0.287154 0.120800 0.284678 0.119947 0.284254 0.118528 0.283620 0.116760 0.282872 0.114913 0.282126 0.099714 0.276132 0.098076 0.275503 0.096903 0.275091 0.096373 0.274957 0.089883 0.275841
0 0.760908 0.890859 0.767012 0.900003 0.772231 0.903962 0.792024 0.877866 0.785349 0.869228 0.780249 0.865360 0.775663 0.868187 0.774514 0.869156 0.773329 0.870527 0.763636 0.883306 0.762592 0.884873 0.761844 0.886405 0.761505 0.887670
0 0.486891 0.214123 0.509271 0.237457 0.532531 0.215707 0.532918 0.214168 0.510591 0.190607 0.487467 0.212593
0 0.727444 0.835874 0.728488 0.837416 0.760579 0.839399 0.762561 0.807309 0.761361 0.805904 0.729417 0.803930
0 0.011246 0.956559 0.042065 0.965992 0.044164 0.963857 0.053554 0.933178 0.022876 0.923789 0.020679 0.925740
0 0.590728 0.918912 0.591145 0.920841 0.611616 0.945735 0.636510 0.925264 0.635885 0.923316 0.615508 0.898535
0 0.199063 0.230949 0.200443 0.232182 0.232405 0.234954 0.235178 0.202992 0.233958 0.201624 0.201849 0.198839
0 0.428644 0.477808 0.443411 0.506456 0.443671 0.506427 0.472188 0.491727 0.457488 0.463210 0.457292 0.463041
0 0.338995 0.552995 0.359678 0.577714 0.360320 0.577358 0.384926 0.556771 0.364339 0.532165 0.363714 0.532313
0 0.419897 0.958585 0.429884 0.989229 0.460528 0.979243 0.460709 0.977046 0.450768 0.946542 0.420265 0.956483
0 0.363601 0.122196 0.367280 0.154215 0.367888 0.155800 0.399761 0.152139 0.396099 0.120266 0.395621 0.118517
0 0.438112 0.324055 0.438396 0.324861 0.470449 0.326234 0.471822 0.294180 0.471691 0.293233 0.439491 0.291854
0 0.062062 0.310468 0.090051 0.326451 0.091929 0.327246 0.107839 0.299387 0.079978 0.283477 0.078045 0.282480
0 0.256195 0.357146 0.257312 0.357801 0.288369 0.365849 0.296417 0.334793 0.295480 0.334032 0.264280 0.325947
0 0.539121 0.930752 0.539301 0.932730 0.569103 0.944795 0.581167 0.914993 0.580797 0.913096 0.551131 0.901086
0 0.299815 0.543060 0.309379 0.573838 0.340157 0.564273 0.340890 0.563979 0.331369 0.533341 0.330593 0.533495
0 0.912607 0.833327 0.930914 0.859674 0.932898 0.861330 0.959366 0.842939 0.940975 0.816471 0.938954 0.815021
0 0.338580 0.388196 0.339319 0.388708 0.371401 0.388928 0.371621 0.356846 0.371030 0.356187 0.338801 0.355966
0 0.773534 0.635136 0.801897 0.650133 0.803286 0.650824 0.818352 0.622331 0.789859 0.607266 0.788530 0.606774
0 0.508224 0.173800 0.509737 0.205846 0.541784 0.204334 0.541976 0.202972 0.540456 0.170778 0.508262 0.172298
0 0.254009 0.810123 0.257759 0.842134 0.289771 0.838384 0.290734 0.836833 0.287001 0.804968 0.255136 0.808702
0 0.658901 0.550908 0.688471 0.563354 0.689339 0.563645 0.701842 0.533939 0.672136 0.521436 0.671347 0.521338
0 0.526906 0.237443 0.558415 0.243482 0.558683 0.242301 0.564750 0.210647 0.533096 0.204580 0.527029 0.236234
0 0.163339 0.649665 0.189373 0.668666 0.190797 0.667893 0.209710 0.641979 0.183795 0.623065 0.182339 0.623632
0 0.024353 0.389291 0.032345 0.420515 0.034488 0.420879 0.065569 0.412924 0.057613 0.381843 0.055577 0.381299
0 0.161440 0.094455 0.162992 0.096314 0.186225 0.118439 0.208350 0.095205 0.207007 0.093341 0.183666 0.071115
0 0.135535 0.290194 0.139900 0.295601 0.144039 0.297951 0.144863 0.298312 0.146268 0.298809 0.148039 0.299365 0.149909 0.299896 0.165397 0.304064 0.167088 0.304491 0.168349 0.304752 0.168987 0.304805 0.174772 0.303308 0.176435 0.297127 0.168866 0.292380 0.137238 0.283868
0 0.919103 0.445728 0.951178 0.446413 0.953255 0.446167 0.953945 0.413944 0.921722 0.413255 0.919789 0.413652
0 0.019429 0.719852 0.045736 0.738473 0.047818 0.737380 0.066353 0.711194 0.040167 0.692658 0.038049 0.693546
0 0.219178 0.038770 0.220465 0.040884 0.246172 0.060077 0.265366 0.034370 0.264286 0.032225 0.238460 0.012944
0 0.173108 0.292047 0.174603 0.292998 0.206403 0.296610 0.210015 0.264810 0.208683 0.263730 0.176737 0.260101
0 0.436336 0.829413 0.457016 0.854134 0.481737 0.833453 0.481820 0.831925 0.461235 0.807317 0.436627 0.827903
0 0.873788 0.326322 0.880456 0.357704 0.911838 0.351036 0.913734 0.350350 0.907036 0.318824 0.875510 0.325523
0 0.497741 0.566633 0.530494 0.566812 0.530530 0.560261 0.529832 0.558884 0.526804 0.555784 0.526401 0.555709 0.525328 0.555641 0.523748 0.555591 0.521900 0.555566 0.505861 0.555479 0.504021 0.555483 0.502461 0.555516 0.501419 0.555572 0.501053 0.555644 0.497828 0.558708 0.497777 0.560082
0 0.764874 0.248136 0.796722 0.252004 0.798088 0.250863 0.801975 0.218867 0.769980 0.214981 0.768742 0.216287
0 0.932367 0.870431 0.935658 0.874096 0.960990 0.881494 0.976136 0.854573 0.972683 0.851001 0.947420 0.843366
0 0.509715 0.374535 0.541715 0.375062 0.541907 0.374488 0.542436 0.342341 0.510289 0.341812 0.510242 0.342535
0 0.713938 0.700710 0.714924 0.701635 0.743839 0.715871 0.758076 0.686955 0.756892 0.686098 0.728110 0.671927
