0 0.872659 0.535363 0.872672 0.567445 0.874388 0.567756 0.906618 0.567743 0.906605 0.535513 0.904741 0.535350
0 0.041371 0.736241 0.072473 0.744692 0.074433 0.743570 0.082845 0.712610 0.051885 0.704198 0.049821 0.705139
0 0.500093 0.881602 0.500094 0.883358 0.525838 0.902750 0.545229 0.877005 0.545022 0.875277 0.519396 0.855975
0 0.564871 0.732536 0.565201 0.764617 0.565501 0.765836 0.597730 0.765504 0.597398 0.733276 0.596952 0.732206
0 0.173935 0.918078 0.203274 0.931420 0.204634 0.929443 0.217915 0.900238 0.188711 0.886957 0.187278 0.888738
0 0.793906 0.621511 0.813811 0.646672 0.815256 0.647347 0.840533 0.627350 0.820536 0.602074 0.819067 0.601606
0 0.216161 0.827086 0.228993 0.856652 0.258559 0.843820 0.259665 0.842244 0.246892 0.812814 0.217461 0.825588
0 0.183994 0.714480 0.187403 0.746530 0.219453 0.743121 0.220738 0.742006 0.217345 0.710104 0.185443 0.713497
0 0.821379 0.808584 0.821415 0.840667 0.822895 0.842235 0.855125 0.842200 0.855089 0.809969 0.853462 0.808549
0 0.767697 0.292575 0.799454 0.297131 0.800833 0.296197 0.805410 0.264293 0.773506 0.259717 0.772252 0.260818
0 0.748609 0.436870 0.763683 0.465191 0.764898 0.465031 0.793348 0.449887 0.778205 0.421436 0.776929 0.421795
0 0.258349 0.292098 0.270788 0.321831 0.271839 0.322647 0.301436 0.310265 0.289053 0.280669 0.288082 0.279659
0 0.467465 0.739089 0.478823 0.769252 0.508986 0.757893 0.508944 0.756712 0.497638 0.726687 0.467614 0.737994
0 0.826855 0.096047 0.835885 0.126832 0.866670 0.117803 0.868358 0.116043 0.859287 0.085116 0.828360 0.094187
0 0.530091 0.273838 0.531250 0.280133 0.562725 0.274335 0.564193 0.269056 0.563006 0.262613 0.558523 0.260929 0.557545 0.260850 0.556026 0.260957 0.554196 0.261233 0.538128 0.264193 0.536273 0.264596 0.534684 0.265062 0.533602 0.265520 0.533191 0.265901 0.530795 0.268547
0 0.625361 0.744605 0.625938 0.745732 0.654105 0.761398 0.669772 0.733233 0.668994 0.732163 0.640957 0.716568
0 0.896890 0.803169 0.906830 0.833591 0.916348 0.841396 0.922574 0.839361 0.922994 0.832679 0.922821 0.831420 0.922351 0.829725 0.917277 0.814195 0.916583 0.812329 0.915774 0.810582 0.914973 0.809222 0.914304 0.808456 0.909541 0.804910 0.902974 0.801181
0 0.680193 0.120657 0.711914 0.125462 0.712889 0.123738 0.717717 0.091871 0.685851 0.087043 0.684999 0.088935
0 0.012537 0.393692 0.036394 0.415363 0.038519 0.415750 0.060090 0.392002 0.036342 0.370431 0.034207 0.369834
0 0.841424 0.384184 0.841660 0.385752 0.842149 0.387531 0.847189 0.402757 0.847858 0.404480 0.848608 0.405893 0.849326 0.406780 0.852137 0.409507 0.860375 0.407390 0.866594 0.405332 0.856304 0.374237 0.850085 0.376295 0.842082 0.379123 0.841477 0.383062
0 0.500255 0.177055 0.523594 0.199068 0.545607 0.175729 0.545816 0.174235 0.522370 0.152122 0.500255 0.175568
0 0.693897 0.448423 0.706431 0.477955 0.707382 0.477853 0.737050 0.465261 0.724458 0.435593 0.723429 0.435888
0 0.273152 0.369560 0.274191 0.370157 0.304360 0.381074 0.315276 0.350906 0.314426 0.350219 0.284119 0.339253
0 0.265438 0.412883 0.267714 0.445033 0.268779 0.445285 0.300782 0.443019 0.298516 0.411017 0.297587 0.410607
0 0.344010 0.906140 0.359673 0.934309 0.387841 0.918647 0.388356 0.916728 0.372765 0.888688 0.344726 0.904278
0 0.944416 0.157070 0.954116 0.187569 0.984615 0.177869 0.986841 0.176390 0.977096 0.145751 0.946457 0.155495
0 0.369674 0.035502 0.370272 0.037631 0.396918 0.055497 0.414786 0.028851 0.414393 0.026681 0.387624 0.008732
0 0.202302 0.164390 0.203667 0.165928 0.228791 0.185880 0.248743 0.160756 0.247586 0.159194 0.222346 0.139150
0 0.724145 0.263466 0.725325 0.295527 0.757386 0.294347 0.758570 0.293400 0.757385 0.261191 0.725177 0.262377
0 0.498605 0.031980 0.498612 0.034126 0.520818 0.057281 0.543973 0.035075 0.544175 0.032934 0.521867 0.009672
0 0.509015 0.228167 0.536036 0.245463 0.553333 0.218442 0.553578 0.217146 0.526433 0.199770 0.509057 0.226915
0 0.399912 0.594943 0.419580 0.620476 0.445113 0.600808 0.445364 0.600346 0.425787 0.574930 0.400370 0.594508
0 0.393198 0.794484 0.393445 0.826713 0.425674 0.826466 0.426015 0.824970 0.425769 0.792889 0.393688 0.793134
0 0.016864 0.900269 0.041284 0.921304 0.043386 0.919373 0.064325 0.895066 0.040017 0.874127 0.037900 0.875850
0 0.156458 0.023760 0.157961 0.055955 0.159529 0.057990 0.191577 0.056495 0.190081 0.024447 0.188654 0.022258
0 0.663975 0.742853 0.664730 0.743971 0.693424 0.758650 0.708103 0.729957 0.707149 0.728903 0.678587 0.714291
0 0.246665 0.761145 0.278825 0.763282 0.279838 0.762075 0.281966 0.730063 0.249953 0.727937 0.248802 0.728986
0 0.796189 0.550974 0.797012 0.583046 0.798379 0.583428 0.830599 0.582602 0.829773 0.550382 0.828262 0.550152
0 0.169892 0.232245 0.172209 0.264392 0.173712 0.265472 0.205711 0.263165 0.203405 0.231165 0.202038 0.229928
0 0.837340 0.239808 0.868504 0.247094 0.870196 0.245933 0.877516 0.214625 0.846209 0.207306 0.844626 0.208644
