0 0.811977 0.700962 0.817735 0.715909 0.837129 0.715635 0.866230 0.700461 0.863859 0.691675 0.862965 0.689957 0.860417 0.685371 0.850487 0.685823 0.814401 0.699724
0 0.836015 0.375178 0.836085 0.376262 0.836500 0.377767 0.837196 0.379465 0.838069 0.381100 0.838987 0.382425 0.839811 0.383240 0.842910 0.385531 0.846875 0.384208 0.882024 0.367659 0.868233 0.338368 0.864024 0.340216 0.861129 0.341579 0.836094 0.371053
0 0.967508 0.808806 0.983153 0.812240 0.996334 0.805658 0.998213 0.767642 0.990832 0.763822 0.989174 0.763340 0.987217 0.763029 0.985261 0.762937 0.983606 0.763078 0.982504 0.763430 0.975979 0.767896 0.967690 0.805669
0 0.274105 0.689529 0.276965 0.705289 0.285542 0.707239 0.322765 0.698554 0.323828 0.692979 0.323855 0.691490 0.323632 0.689688 0.323194 0.687849 0.322608 0.686256 0.321965 0.685153 0.319878 0.682644 0.315236 0.681925 0.277186 0.688830
0 0.071537 0.264412 0.076434 0.267105 0.105418 0.280679 0.121706 0.245899 0.118239 0.240163 0.118067 0.239976 0.117230 0.239476 0.115850 0.238739 0.114139 0.237876 0.112358 0.237021 0.110781 0.236304 0.109651 0.235836 0.109139 0.235687 0.102673 0.236095 0.072910 0.261480
0 0.427404 0.979721 0.444570 1.000000 0.459559 1.000000 0.458358 0.962967 0.456944 0.960096 0.428234 0.974238
0 0.026298 0.420686 0.027169 0.423804 0.052341 0.453749 0.058934 0.456442 0.059869 0.456401 0.061366 0.456169 0.063196 0.455782 0.065084 0.455298 0.066744 0.454791 0.067926 0.454336 0.068450 0.454004 0.072870 0.449972 0.062538 0.412983 0.057479 0.411977
0 0.561804 0.805488 0.575513 0.813771 0.584121 0.808858 0.601426 0.775075 0.597669 0.770545 0.596617 0.769548 0.595135 0.768525 0.593450 0.767634 0.591820 0.767012 0.590496 0.766754 0.587586 0.766713 0.583250 0.769606 0.563252 0.802705
0 0.222536 0.279283 0.227172 0.285040 0.238978 0.296501 0.246135 0.302080 0.257281 0.290598 0.234316 0.268305 0.233708 0.267774
0 0.673024 0.880081 0.677070 0.888971 0.679922 0.890581 0.708860 0.903565 0.713435 0.899866 0.714367 0.898798 0.715335 0.897288 0.716189 0.895569 0.716799 0.893905 0.717071 0.892551 0.716814 0.889467 0.714337 0.885016 0.680887 0.866143
0 0.613976 0.705876 0.615294 0.708255 0.616996 0.711117 0.617509 0.711479 0.618663 0.711953 0.620283 0.712466 0.622121 0.712940 0.623894 0.713302 0.625331 0.713497 0.626212 0.713494 0.631064 0.711907 0.640726 0.679285 0.641464 0.676094 0.638230 0.672071 0.622640 0.668460
0 0.768953 0.688394 0.771151 0.694072 0.771207 0.694120 0.771868 0.694585 0.773037 0.695400 0.774535 0.696438 0.776133 0.697543 0.777587 0.698543 0.778671 0.699286 0.779222 0.699658 0.785387 0.699764 0.818933 0.679642 0.820772 0.676977 0.794123 0.658593 0.790761 0.656781
0 0.757550 0.413111 0.787770 0.423649 0.791097 0.422766 0.792163 0.419710 0.788605 0.380753 0.785062 0.376866 0.784391 0.376382 0.783121 0.375772 0.781444 0.375129 0.779620 0.374552 0.777928 0.374129 0.776627 0.373924 0.775915 0.373970 0.770196 0.376847
0 0.476120 0.562134 0.476127 0.563112 0.476152 0.563396 0.479394 0.567063 0.514703 0.583901 0.517940 0.583961 0.518534 0.551591 0.518322 0.551002 0.479923 0.550297 0.476329 0.553742 0.476291 0.554180 0.476245 0.555290 0.476199 0.556903 0.476159 0.558772 0.476131 0.560610
0 0.740065 0.774906 0.742841 0.778085 0.746048 0.778532 0.783554 0.767419 0.786651 0.762406 0.787083 0.761047 0.787415 0.759279 0.787595 0.757375 0.787596 0.755627 0.787419 0.754302 0.787090 0.753603 0.785791 0.751387 0.782524 0.748514 0.744487 0.743208
0 0.689975 0.016241 0.690032 0.017440 0.690188 0.017945 0.692553 0.023812 0.726840 0.041697 0.730036 0.041870 0.732695 0.036573 0.734448 0.004246 0.695655 0.002143 0.690942 0.008033 0.690670 0.009048 0.690401 0.010639 0.690174 0.012562 0.690025 0.014529
0 0.059926 0.334430 0.077731 0.359938 0.095026 0.373031 0.107319 0.362763 0.105823 0.360656 0.081032 0.330977 0.072337 0.324064 0.066337 0.328408
0 0.614966 0.171650 0.653355 0.172780 0.657750 0.167782 0.657969 0.166975 0.658177 0.165553 0.658342 0.163732 0.658438 0.161790 0.658451 0.160026 0.658378 0.158711 0.658232 0.158046 0.655604 0.152816 0.621409 0.147695 0.618136 0.147599 0.615438 0.155655
0 0.593280 0.483684 0.616841 0.505344 0.618192 0.505406 0.644484 0.476805 0.643599 0.472242 0.643518 0.471956 0.642906 0.471215 0.641856 0.470130 0.640529 0.468867 0.639127 0.467621 0.637867 0.466582 0.636941 0.465910 0.636490 0.465707 0.632567 0.465850 0.631052 0.466240 0.595446 0.481328
0 0.128479 0.396400 0.133108 0.411445 0.148678 0.415203 0.149694 0.412451 0.158767 0.374859 0.156749 0.367038 0.153905 0.365322 0.152247 0.364441 0.150400 0.363826 0.148649 0.363573 0.141030 0.363244
0 0.689540 0.076857 0.692193 0.080835 0.693361 0.081996 0.694856 0.083106 0.696454 0.083997 0.697912 0.084535 0.702976 0.085550 0.723838 0.053304 0.726426 0.048140 0.699244 0.030554 0.697486 0.033272 0.695228 0.038607
0 0.679052 0.245245 0.679774 0.249067 0.680284 0.250112 0.681211 0.251443 0.682416 0.252859 0.683716 0.254145 0.684915 0.255107 0.685833 0.255600 0.689933 0.256978 0.718094 0.230864 0.720615 0.227753 0.698602 0.204014 0.696228 0.206215 0.693985 0.209573
0 0.380414 0.776386 0.381477 0.779444 0.408459 0.807768 0.413381 0.808459 0.414275 0.808461 0.415695 0.808176 0.417424 0.807649 0.419197 0.806959 0.420740 0.806214 0.421819 0.805527 0.422269 0.805003 0.423749 0.802454 0.424620 0.798997 0.412012 0.762720 0.381781 0.773227
0 0.642006 0.369767 0.643598 0.372237 0.666525 0.403379 0.672243 0.407753 0.675993 0.406339 0.677633 0.405695 0.679256 0.404698 0.680613 0.403501 0.685265 0.398166 0.666227 0.368202 0.654904 0.360271
0 0.174904 0.676944 0.207230 0.678707 0.210577 0.676664 0.210751 0.673469 0.196690 0.637444 0.191958 0.634447 0.191259 0.634240 0.189930 0.634055 0.188173 0.633919 0.186252 0.633854 0.184458 0.633869 0.183061 0.633962 0.182276 0.634118 0.177019 0.638152
0 0.000000 0.036208 0.005156 0.042487 0.020826 0.055645 0.025984 0.054227 0.026260 0.053758 0.026865 0.052724 0.027705 0.051281 0.028654 0.049650 0.029565 0.048082 0.030299 0.046817 0.030743 0.046048 0.030830 0.045892 0.029701 0.040356 0.000000 0.017059
0 0.952264 0.592842 0.962887 0.629749 0.969586 0.632892 0.970561 0.632965 0.972097 0.632824 0.973961 0.632489 0.975868 0.632011 0.977524 0.631464 0.978675 0.630931 0.983794 0.626772 0.989500 0.588072 0.988605 0.584961 0.983020 0.583990
0 0.687769 0.168253 0.699588 0.205074 0.701740 0.207443 0.725434 0.185928 0.728040 0.182297 0.701924 0.153535 0.696068 0.154950 0.695511 0.155268 0.694495 0.156066 0.693173 0.157222 0.691750 0.158558 0.690444 0.159870 0.689455 0.160956 0.688932 0.161650
0 0.446245 0.092528 0.449083 0.093759 0.486088 0.104991 0.492345 0.102781 0.493949 0.101512 0.494868 0.100292 0.495735 0.098645 0.496417 0.096822 0.496810 0.095103 0.496852 0.093754 0.497041 0.087308 0.462808 0.072138 0.450897 0.077201
0 0.292008 0.559127 0.298025 0.597779 0.299802 0.600485 0.302091 0.599337 0.328842 0.581769 0.307761 0.549667 0.302088 0.548860 0.301519 0.549127 0.300419 0.549758 0.298956 0.550658 0.297353 0.551689 0.295857 0.552693 0.294698 0.553515 0.294052 0.554031
0 0.326134 0.842259 0.348598 0.873956 0.375012 0.855236 0.376440 0.851176 0.374590 0.848565 0.341178 0.829094 0.335578 0.829834 0.334910 0.830069 0.333759 0.830726 0.332300 0.831704 0.330753 0.832856 0.329352 0.834008 0.328309 0.834986 0.327782 0.835640
0 0.252435 0.446605 0.254826 0.448787 0.292043 0.460836 0.294420 0.461283 0.297934 0.460989 0.298448 0.460769 0.299377 0.460041 0.300579 0.458918 0.301872 0.457568 0.303062 0.456197 0.303968 0.455010 0.304454 0.454188 0.305207 0.449463 0.276838 0.423575 0.274258 0.422691
0 0.176823 0.856051 0.187229 0.893000 0.198995 0.896987 0.213703 0.890642 0.212820 0.887598 0.197503 0.852089 0.190728 0.848938 0.189717 0.848801 0.188182 0.848976 0.186357 0.849437 0.184522 0.850113 0.182959 0.850902 0.181908 0.851682
0 0.569419 0.257846 0.572526 0.258615 0.610544 0.251536 0.615272 0.247805 0.615513 0.247114 0.615894 0.245812 0.616359 0.244096 0.616835 0.242229 0.617249 0.240497 0.617538 0.239167 0.617658 0.238442 0.615710 0.232950 0.577997 0.223619 0.577106 0.226778
0 0.224431 0.351818 0.226081 0.354603 0.258156 0.376996 0.260920 0.378401 0.264058 0.379005 0.264685 0.378977 0.265846 0.378580 0.267364 0.377875 0.269009 0.376969 0.270534 0.375998 0.271707 0.375109 0.272351 0.374437 0.274689 0.370247 0.255118 0.337202 0.252286 0.335320
0 0.224354 0.674432 0.235654 0.711602 0.266629 0.702185 0.269296 0.699874 0.268365 0.696812 0.242815 0.667783 0.237257 0.666299 0.236552 0.666417 0.235254 0.666747 0.233562 0.667239 0.231730 0.667819 0.230035 0.668399 0.228733 0.668891 0.228023 0.669221
0 0.758773 0.463230 0.772109 0.472101 0.785397 0.460234 0.801690 0.431273 0.796414 0.426707 0.795029 0.425538 0.793333 0.424657 0.788226 0.422318 0.781559 0.428640 0.760141 0.460838
