0 0.218192 0.182393 0.238872 0.215281 0.241857 0.218535 0.245566 0.218275 0.246733 0.218034 0.248244 0.217413 0.249869 0.216507 0.251363 0.215452 0.252500 0.214408 0.253108 0.213532 0.255404 0.210017 0.250210 0.171696 0.248506 0.168987 0.245598 0.165159
0 0.543079 0.288577 0.543166 0.289193 0.543528 0.290389 0.544109 0.291981 0.544822 0.293728 0.545558 0.295368 0.546206 0.296652 0.546669 0.297386 0.550991 0.300220 0.586304 0.285122 0.588326 0.280094 0.581888 0.265036 0.578876 0.266324 0.545218 0.283026
0 0.117741 0.660707 0.124644 0.666165 0.131192 0.669682 0.138705 0.662407 0.160167 0.630238 0.161464 0.627935 0.148139 0.619046 0.133140 0.632842
0 0.244164 0.147055 0.250950 0.185580 0.254645 0.191502 0.255323 0.192001 0.256608 0.192605 0.258301 0.193224 0.260147 0.193764 0.261868 0.194143 0.263204 0.194305 0.263951 0.194224 0.269292 0.193168 0.278879 0.155978 0.276322 0.152000 0.244972 0.143920
0 0.939663 0.681312 0.944310 0.686259 0.944539 0.686421 0.945485 0.686751 0.947006 0.687201 0.948871 0.687702 0.950794 0.688176 0.952479 0.688552 0.953668 0.688770 0.954180 0.688799 0.960503 0.687118 0.984420 0.656163 0.985162 0.653012 0.979617 0.651263 0.948464 0.643929
0 0.015900 0.066680 0.021433 0.071633 0.051901 0.095014 0.055942 0.092087 0.057224 0.091153 0.058461 0.089799 0.059466 0.088230 0.060089 0.086684 0.061643 0.082319 0.043456 0.048191 0.038178 0.042967 0.035609 0.040996
0 0.839706 0.442990 0.841704 0.444808 0.872485 0.468217 0.881728 0.471934 0.885507 0.468074 0.886840 0.466686 0.891517 0.459063 0.867612 0.436953 0.849402 0.430241
0 0.881489 0.731568 0.881767 0.737337 0.881817 0.738001 0.882243 0.739214 0.882982 0.740791 0.883921 0.742493 0.884919 0.744065 0.885826 0.745269 0.886502 0.745919 0.893273 0.748656 0.932350 0.746846 0.935232 0.745371 0.920486 0.716550 0.915679 0.714075
0 0.553689 0.839342 0.554310 0.843265 0.555526 0.846265 0.585528 0.834100 0.584551 0.830281 0.570119 0.794690 0.565827 0.794174 0.564786 0.794238 0.563291 0.794606 0.561567 0.795221 0.559877 0.795990 0.558473 0.796798 0.557570 0.797522 0.555290 0.800704
0 0.416712 0.845020 0.426656 0.859145 0.458070 0.872731 0.462734 0.866929 0.463784 0.865492 0.464589 0.863727 0.466175 0.858738 0.460796 0.851686 0.427332 0.832306 0.424739 0.831159
0 0.072246 0.559909 0.073427 0.565478 0.073987 0.566829 0.074913 0.568383 0.076064 0.569900 0.077261 0.571149 0.078322 0.571937 0.081313 0.573319 0.119882 0.566781 0.124227 0.566018 0.126878 0.564225 0.108951 0.537713 0.104430 0.538149
0 0.388570 0.522445 0.388617 0.522787 0.389046 0.523704 0.389792 0.525057 0.390741 0.526638 0.391748 0.528206 0.392657 0.529519 0.393330 0.530376 0.393665 0.530648 0.397680 0.531761 0.436473 0.526723 0.437199 0.526417 0.439918 0.524729 0.423032 0.497541 0.422142 0.497513 0.389140 0.518010
0 0.706267 0.608129 0.708180 0.612236 0.731885 0.642790 0.733893 0.645230 0.746548 0.635411 0.743493 0.627595 0.719043 0.598217 0.713764 0.599718 0.712405 0.600404 0.710900 0.601443 0.709481 0.602673 0.708366 0.603906 0.707724 0.604954
0 0.608749 0.883525 0.610006 0.887960 0.611444 0.890860 0.641765 0.915578 0.646978 0.915208 0.648496 0.914821 0.650197 0.914107 0.651818 0.913175 0.653111 0.912168 0.656268 0.908388 0.654481 0.903720 0.637424 0.869310
0 0.283180 0.361221 0.294852 0.396928 0.300466 0.397294 0.301957 0.397235 0.303737 0.396876 0.305531 0.396273 0.307064 0.395517 0.308102 0.394726 0.310467 0.392724 0.310717 0.387446 0.300663 0.350104 0.299716 0.347146 0.284250 0.351310
0 0.687316 0.517550 0.698689 0.528807 0.703335 0.529483 0.705639 0.527155 0.728316 0.501531 0.727162 0.496564 0.726671 0.495822 0.725724 0.494714 0.724465 0.493408 0.723089 0.492105 0.721806 0.491007 0.720813 0.490279 0.720260 0.490034 0.716812 0.490143 0.714335 0.490255
0 0.228848 0.875483 0.229676 0.878767 0.230037 0.880003 0.230830 0.881504 0.231934 0.883039 0.233179 0.884373 0.234373 0.885299 0.239103 0.888008 0.269162 0.863396 0.271801 0.859243 0.251525 0.834480 0.249049 0.836507 0.246147 0.840398
0 0.747477 0.881801 0.753265 0.890732 0.755616 0.893012 0.778222 0.913267 0.782994 0.910950 0.784300 0.910131 0.785666 0.908908 0.786882 0.907470 0.787760 0.906038 0.789493 0.901649 0.786185 0.897059 0.758620 0.870316
0 0.294569 0.772412 0.332848 0.779043 0.337728 0.774851 0.338005 0.774127 0.338364 0.772792 0.338751 0.771051 0.339107 0.769165 0.339380 0.767421 0.339527 0.766081 0.339526 0.765348 0.337490 0.760086 0.305533 0.738310 0.302379 0.737763 0.300095 0.740512
0 0.626586 0.263943 0.632780 0.278714 0.635342 0.277797 0.671004 0.262842 0.678973 0.257761 0.677478 0.252216 0.676945 0.250391 0.672720 0.242848 0.641765 0.253685
0 0.090964 0.393454 0.096223 0.408584 0.099357 0.407714 0.135885 0.395016 0.138377 0.391715 0.139372 0.389425 0.139540 0.388695 0.139441 0.387379 0.139090 0.385678 0.138540 0.383853 0.137875 0.382183 0.137198 0.380925 0.136612 0.380270 0.133068 0.376441 0.095051 0.386742
0 0.588639 0.108606 0.594137 0.146884 0.595863 0.149580 0.622819 0.132328 0.624239 0.128077 0.603298 0.095355 0.597195 0.096313 0.595945 0.096857 0.594408 0.097751 0.592822 0.098856 0.591430 0.100003 0.590445 0.101016 0.590016 0.101740
0 0.158560 0.076495 0.160371 0.079223 0.183996 0.113757 0.187609 0.118173 0.192315 0.117198 0.193845 0.116620 0.195459 0.115702 0.196914 0.114583 0.197989 0.113431 0.200940 0.109322 0.179698 0.077327 0.172203 0.067437
0 0.177765 0.771803 0.188971 0.802176 0.192009 0.801056 0.195529 0.797615 0.223019 0.770416 0.223759 0.767069 0.223706 0.765792 0.223371 0.764129 0.222806 0.762332 0.222096 0.760673 0.221348 0.759401 0.217480 0.755403 0.181449 0.768696
0 0.650265 0.343120 0.657079 0.357616 0.659567 0.356511 0.694564 0.340060 0.702667 0.335531 0.700824 0.329770 0.700222 0.327989 0.699249 0.326421 0.695787 0.320897 0.665715 0.334023
0 0.884390 0.201638 0.884861 0.206342 0.885318 0.207934 0.886094 0.209629 0.887072 0.211173 0.888105 0.212331 0.892012 0.215709 0.930589 0.213011 0.933403 0.211487 0.938414 0.208151 0.922995 0.179685 0.888835 0.198188
0 0.645273 0.884242 0.661250 0.885381 0.665643 0.880075 0.666254 0.840474 0.661879 0.837956 0.661046 0.837579 0.659622 0.837265 0.657825 0.837062 0.655930 0.837002 0.654230 0.837094 0.652983 0.837322 0.652379 0.837653 0.650125 0.839324 0.648092 0.842399 0.645342 0.880973
0 0.628162 0.507816 0.643611 0.512042 0.650239 0.499239 0.657838 0.465170 0.651752 0.462075 0.650044 0.461430 0.648183 0.461098 0.642241 0.460903 0.639013 0.467698 0.628809 0.504998
0 0.305094 0.664236 0.305289 0.665385 0.305763 0.666953 0.306443 0.668700 0.307226 0.670359 0.307989 0.671674 0.308618 0.672445 0.312350 0.675171 0.351459 0.675996 0.354434 0.674718 0.356098 0.672721 0.343472 0.643313 0.308181 0.658464 0.305964 0.660296 0.305206 0.663682
0 0.727901 0.409010 0.766304 0.409436 0.769383 0.408389 0.771653 0.405242 0.771969 0.404086 0.772191 0.402443 0.772283 0.400564 0.772232 0.398736 0.772045 0.397242 0.771752 0.396309 0.769563 0.392202 0.734132 0.375621 0.730895 0.375585 0.728256 0.377007
0 0.815584 0.334821 0.818921 0.366651 0.822104 0.366317 0.825828 0.364772 0.859559 0.344960 0.860996 0.341719 0.861291 0.340498 0.861399 0.338815 0.861300 0.336929 0.861012 0.335128 0.860578 0.333690 0.857871 0.328861 0.819233 0.332911
0 0.327839 0.344096 0.329806 0.345878 0.357017 0.362726 0.358702 0.360005 0.363629 0.321648 0.361909 0.316021 0.361414 0.315584 0.360366 0.314825 0.358926 0.313859 0.357312 0.312834 0.355773 0.311907 0.354547 0.311222 0.353818 0.310881 0.348290 0.311065
0 0.380533 0.047417 0.381898 0.052590 0.384577 0.054341 0.422802 0.060203 0.427931 0.056748 0.428839 0.055772 0.429865 0.054346 0.430854 0.052688 0.431657 0.051046 0.432153 0.049670 0.432264 0.048768 0.430764 0.041567 0.398242 0.020316
0 0.738818 0.311975 0.767660 0.325846 0.770755 0.323832 0.772158 0.320914 0.773004 0.281805 0.770042 0.278130 0.769399 0.277426 0.768185 0.276579 0.766584 0.275716 0.764844 0.274972 0.763230 0.274460 0.761991 0.274258 0.758416 0.274790 0.755462 0.277364
0 0.690026 0.926694 0.692103 0.931083 0.693215 0.932707 0.694469 0.933929 0.700363 0.939130 0.730173 0.921380 0.735573 0.904128 0.725334 0.891810 0.722880 0.893302 0.693141 0.918021
0 0.624071 0.161745 0.624692 0.168154 0.647082 0.199684 0.649849 0.201293 0.665937 0.173626 0.667856 0.169852 0.634271 0.150324 0.628910 0.153257 0.628527 0.153775 0.627834 0.154874 0.626936 0.156386 0.625970 0.158079 0.625087 0.159692 0.624420 0.160980
0 0.338140 0.285978 0.339587 0.291876 0.340092 0.292371 0.341105 0.293230 0.342471 0.294323 0.343984 0.295483 0.345415 0.296537 0.346549 0.297324 0.347213 0.297726 0.352779 0.298042 0.375862 0.267348 0.374427 0.264658 0.348553 0.245199 0.346607 0.247787
0 0.226073 0.519593 0.232398 0.525979 0.267178 0.541259 0.271234 0.537459 0.272159 0.536268 0.273057 0.534683 0.273791 0.532947 0.274247 0.531326 0.274357 0.530070 0.274308 0.526745 0.270713 0.523547 0.236003 0.506496 0.233135 0.505216
