0 0.282939 0.929780 0.283269 0.968628 0.288661 0.970463 0.290074 0.970802 0.291873 0.970910 0.293781 0.970771 0.295506 0.970405 0.296783 0.969869 0.299455 0.968491 0.315340 0.932743 0.317451 0.927797 0.317424 0.924596 0.285420 0.924868
0 0.866621 0.728245 0.866774 0.729973 0.867103 0.731273 0.868602 0.734072 0.872864 0.736778 0.911598 0.739778 0.914097 0.707500 0.909364 0.705128 0.906173 0.704881 0.869837 0.718117 0.867300 0.723182 0.866906 0.724572 0.866668 0.726350
0 0.619492 0.818272 0.634891 0.829287 0.666893 0.836584 0.670595 0.828443 0.670990 0.826559 0.671962 0.821228 0.663884 0.815810 0.627162 0.803688 0.624513 0.803061
0 0.176117 0.519856 0.192629 0.547704 0.196142 0.547158 0.229177 0.527571 0.229090 0.522870 0.228860 0.521946 0.228266 0.520587 0.227398 0.518998 0.226387 0.517418 0.225386 0.516087 0.224546 0.515206 0.223995 0.514910 0.221015 0.513806 0.217790 0.513966 0.178902 0.518205
0 0.754236 0.272804 0.756993 0.274429 0.795447 0.278520 0.801726 0.276210 0.802312 0.275598 0.803184 0.274442 0.804209 0.272919 0.805230 0.271262 0.806091 0.269725 0.806659 0.268545 0.806848 0.267901 0.807083 0.262014 0.773614 0.242287 0.770487 0.245233
0 0.451801 0.055319 0.452352 0.060401 0.467776 0.088444 0.501427 0.069935 0.502881 0.062994 0.502707 0.062094 0.502205 0.060684 0.501449 0.058977 0.500556 0.057237 0.499662 0.055729 0.498906 0.054686 0.498402 0.054267 0.493642 0.050779 0.454638 0.053758
0 0.905006 0.544123 0.908153 0.544703 0.912872 0.545220 0.950828 0.535753 0.953546 0.531688 0.954171 0.530167 0.954626 0.528351 0.954842 0.526521 0.954786 0.524957 0.953761 0.519834 0.915554 0.512795 0.910805 0.512648
0 0.290294 0.680075 0.295048 0.693826 0.321444 0.717488 0.327701 0.713730 0.329119 0.712633 0.330412 0.711211 0.331381 0.709683 0.333292 0.706482 0.330519 0.699482 0.304200 0.671148 0.302030 0.669174
0 0.409672 0.577635 0.441046 0.593574 0.454301 0.597203 0.461040 0.582672 0.458434 0.581368 0.423353 0.565097 0.416476 0.562965 0.412664 0.567700 0.411726 0.569331 0.411106 0.571057
0 0.064026 0.954798 0.066876 0.956334 0.105905 0.958972 0.112371 0.955400 0.112708 0.955122 0.113392 0.954199 0.114319 0.952773 0.115347 0.951061 0.116321 0.949322 0.117094 0.947818 0.117550 0.946776 0.117618 0.946355 0.117999 0.939638 0.084188 0.921424 0.079380 0.926296
0 0.574494 0.094270 0.605695 0.116664 0.611025 0.114051 0.611510 0.113633 0.612337 0.112653 0.613382 0.111258 0.614485 0.109660 0.615482 0.108099 0.616221 0.106812 0.616588 0.105995 0.616355 0.099081 0.596863 0.065165 0.594232 0.063278 0.575355 0.089579
0 0.164714 0.687953 0.173331 0.690653 0.175254 0.690810 0.180590 0.691028 0.185173 0.682538 0.192525 0.644573 0.192788 0.641847 0.177063 0.638801 0.167619 0.655046
0 0.781356 0.039210 0.781930 0.077611 0.813931 0.077132 0.817561 0.072243 0.817513 0.069006 0.800795 0.033640 0.795102 0.031828 0.793752 0.031501 0.791975 0.031405 0.790045 0.031556 0.788258 0.031931 0.786887 0.032471 0.784609 0.033882
0 0.803885 0.295984 0.819876 0.323707 0.823575 0.321668 0.826379 0.320051 0.849139 0.288235 0.848763 0.284352 0.848630 0.283201 0.848106 0.281677 0.847271 0.280014 0.846254 0.278466 0.845209 0.277272 0.841051 0.274213 0.807398 0.293625
0 0.285704 0.297185 0.288732 0.302690 0.289354 0.303081 0.290565 0.303671 0.292181 0.304371 0.293957 0.305075 0.295626 0.305678 0.296934 0.306087 0.297684 0.306241 0.303115 0.305179 0.330564 0.277939 0.331699 0.274947 0.329754 0.272345 0.299484 0.260862
0 0.823110 0.643867 0.836977 0.672711 0.840873 0.674708 0.875887 0.657874 0.875750 0.652454 0.875717 0.651679 0.875318 0.650377 0.874614 0.648746 0.873712 0.647036 0.872751 0.645510 0.871880 0.644403 0.871230 0.643881 0.864657 0.641648 0.825994 0.642480
0 0.698702 0.464831 0.701142 0.469372 0.701839 0.469896 0.703068 0.470651 0.704641 0.471522 0.706321 0.472379 0.707855 0.473091 0.709011 0.473551 0.709611 0.473689 0.715295 0.472017 0.746297 0.448160 0.747815 0.445301 0.719223 0.430114 0.716718 0.430913
0 0.279679 0.546915 0.288489 0.548986 0.326135 0.551223 0.328395 0.546490 0.328835 0.544992 0.329092 0.543170 0.329128 0.541303 0.328936 0.539678 0.327416 0.535103 0.322610 0.534213 0.284060 0.531149 0.280948 0.530948
0 0.327005 0.277604 0.330961 0.282686 0.341425 0.294793 0.370482 0.269681 0.370220 0.263686 0.369808 0.263095 0.368976 0.262036 0.367850 0.260669 0.366603 0.259203 0.365426 0.257864 0.364500 0.256857 0.363967 0.256336 0.358400 0.254771 0.329483 0.275462
0 0.521607 0.221179 0.534313 0.250553 0.569562 0.235305 0.571823 0.229472 0.571772 0.228777 0.571436 0.227509 0.570866 0.225863 0.570148 0.224089 0.569394 0.222460 0.568718 0.221227 0.568225 0.220577 0.563940 0.217388 0.524828 0.216670 0.521857 0.217955
0 0.472003 0.313385 0.472323 0.315518 0.473140 0.319052 0.473489 0.319481 0.474411 0.320225 0.475764 0.321169 0.477345 0.322172 0.478913 0.323081 0.480233 0.323760 0.481104 0.324106 0.486000 0.323825 0.505937 0.291000 0.506006 0.288583 0.478335 0.271777 0.476654 0.274544
0 0.706748 0.134027 0.708360 0.137708 0.708552 0.138119 0.709355 0.138832 0.710647 0.139738 0.712231 0.140699 0.713864 0.141567 0.715296 0.142208 0.716306 0.142526 0.720807 0.142017 0.741029 0.106790 0.742559 0.103455 0.728633 0.095541 0.726807 0.098707
0 0.538802 0.808722 0.539251 0.812291 0.541412 0.814702 0.577240 0.830407 0.581857 0.829094 0.582730 0.828762 0.583962 0.827960 0.585364 0.826808 0.586722 0.825485 0.587826 0.824192 0.588508 0.823129 0.588665 0.822458 0.589291 0.819599 0.588270 0.815946 0.562629 0.787354
0 0.127742 0.364151 0.130852 0.365222 0.167444 0.377732 0.170279 0.378611 0.173619 0.376008 0.174239 0.375100 0.174935 0.373671 0.175600 0.371939 0.176132 0.370170 0.176450 0.368635 0.176504 0.367569 0.175510 0.363310 0.137926 0.350162 0.132924 0.348995
0 0.771719 0.843495 0.779382 0.853189 0.795184 0.857771 0.799767 0.841969 0.796680 0.817942 0.796002 0.817215 0.780633 0.812758
0 0.639661 0.395989 0.675732 0.409175 0.681060 0.406804 0.681425 0.406336 0.681989 0.405245 0.682665 0.403698 0.683350 0.401931 0.683938 0.400216 0.684339 0.398816 0.684493 0.397945 0.683322 0.392922 0.655432 0.365492 0.652392 0.364380 0.650650 0.365930
0 0.823598 0.751897 0.823730 0.760384 0.825887 0.762645 0.827266 0.763969 0.828884 0.765070 0.830494 0.765778 0.837839 0.768286 0.859224 0.740217 0.858219 0.723646 0.844244 0.715819 0.842495 0.718157
0 0.868015 0.792098 0.870798 0.801773 0.875418 0.803381 0.877309 0.803904 0.886754 0.804399 0.897046 0.772666 0.890929 0.753905 0.875124 0.751303 0.874296 0.753941
0 0.575298 0.880659 0.576169 0.885060 0.579338 0.885720 0.617502 0.877133 0.621066 0.872643 0.621416 0.872034 0.621827 0.870775 0.622237 0.869057 0.622583 0.867145 0.622811 0.865333 0.622887 0.863897 0.622800 0.863057 0.619422 0.857156 0.581823 0.849326
0 0.928474 0.055918 0.929767 0.058706 0.952304 0.090132 0.960571 0.091759 0.961869 0.091676 0.963569 0.091177 0.965412 0.090336 0.967116 0.089284 0.968419 0.088180 0.974100 0.081836 0.958773 0.047940 0.941490 0.046584
0 0.837178 0.316676 0.839476 0.321692 0.840389 0.322863 0.841676 0.324133 0.843142 0.325311 0.844565 0.326220 0.845731 0.326720 0.849133 0.327313 0.884490 0.311649 0.888935 0.309471 0.891087 0.307052 0.866900 0.285532 0.862707 0.287984
0 0.301749 0.172987 0.306283 0.180465 0.326433 0.213159 0.330506 0.212918 0.331584 0.212691 0.333039 0.212086 0.334650 0.211195 0.336175 0.210153 0.337383 0.209117 0.338091 0.208243 0.340056 0.204762 0.338206 0.201348 0.317409 0.167183 0.315690 0.164394
0 0.049721 0.075454 0.060009 0.097524 0.075989 0.096426 0.076190 0.093901 0.073540 0.055321 0.068597 0.043969 0.061775 0.044160 0.052465 0.045078
0 0.189649 0.382376 0.206512 0.410012 0.209867 0.411040 0.242651 0.391036 0.242563 0.385718 0.242307 0.384954 0.241685 0.383707 0.240794 0.382165 0.239767 0.380562 0.238759 0.379139 0.237922 0.378112 0.237385 0.377637 0.231244 0.375958 0.192413 0.380690
0 0.868382 0.448787 0.880533 0.485500 0.881810 0.488255 0.897016 0.483223 0.901208 0.470012 0.885505 0.436815 0.877808 0.437428 0.876094 0.437850 0.874295 0.438591 0.872688 0.439537 0.871519 0.440542 0.870153 0.441896
0 0.203786 0.764583 0.215471 0.775538 0.217733 0.773152 0.244182 0.744940 0.246070 0.742633 0.245109 0.738559 0.244528 0.737612 0.243507 0.736385 0.242199 0.735064 0.240807 0.733854 0.239544 0.732939 0.238602 0.732459 0.234273 0.731573 0.206744 0.760334
0 0.421025 0.231668 0.434603 0.240166 0.436210 0.237942 0.456727 0.205162 0.459822 0.196389 0.455560 0.192729 0.454061 0.191545 0.452423 0.190766 0.446115 0.187811 0.426528 0.214483
0 0.033558 0.520727 0.034607 0.536710 0.038216 0.536605 0.078768 0.533872 0.080968 0.530468 0.081203 0.530088 0.081355 0.529031 0.081400 0.527457 0.081331 0.525607 0.081158 0.523765 0.080908 0.522213 0.080619 0.521188 0.080337 0.520847 0.077710 0.517736 0.037146 0.520282
0 0.134955 0.958379 0.134967 0.959583 0.136366 0.966282 0.168778 0.988184 0.171970 0.988724 0.175719 0.983138 0.181059 0.951582 0.143192 0.945174 0.137232 0.950336 0.136691 0.951294 0.136109 0.952834 0.135574 0.954723 0.135168 0.956671
0 0.144198 0.206400 0.147473 0.222446 0.155534 0.228791 0.193163 0.221109 0.194436 0.215684 0.194568 0.214978 0.194484 0.213661 0.194195 0.211931 0.193747 0.210051 0.193206 0.208304 0.192654 0.206954 0.192175 0.206207 0.186377 0.202025 0.147407 0.205745
