0 0.864954 0.761907 0.890247 0.781518 0.894759 0.784773 0.918564 0.754071 0.915968 0.748038 0.915606 0.747673 0.914676 0.746896 0.913320 0.745825 0.911746 0.744625 0.910196 0.743479 0.908909 0.742564 0.908079 0.742019 0.907831 0.741925 0.901133 0.741362 0.866915 0.759378
0 0.262346 0.568542 0.262806 0.573594 0.297754 0.590563 0.300066 0.589528 0.314045 0.560738 0.311166 0.559340 0.272507 0.558358 0.269877 0.559033 0.266717 0.560095 0.266248 0.560506 0.265528 0.561517 0.264665 0.562977 0.263794 0.564662 0.263046 0.566312 0.262538 0.567675
0 0.306745 0.210508 0.308954 0.213817 0.310535 0.216030 0.311147 0.216459 0.312391 0.216929 0.314075 0.217371 0.315945 0.217717 0.317718 0.217915 0.319128 0.217935 0.319960 0.217775 0.324781 0.216181 0.345808 0.183725 0.346281 0.180560 0.344503 0.176867 0.312484 0.172085
0 0.569733 0.405917 0.569782 0.409118 0.586314 0.444077 0.590080 0.447126 0.590329 0.447190 0.591272 0.447234 0.592765 0.447249 0.594582 0.447235 0.596448 0.447194 0.598083 0.447131 0.599238 0.447056 0.599736 0.446980 0.603498 0.443185 0.602910 0.404340 0.570539 0.404830
0 0.179937 0.827116 0.182379 0.829241 0.219869 0.840410 0.226052 0.838440 0.226434 0.838028 0.227260 0.837097 0.228406 0.835787 0.229694 0.834300 0.230927 0.832865 0.231917 0.831702 0.232512 0.830987 0.232624 0.830827 0.233577 0.824448 0.204606 0.799235 0.201191 0.802695
0 0.758245 0.517143 0.774055 0.519712 0.782057 0.506768 0.784490 0.471817 0.777672 0.469306 0.775936 0.468851 0.774019 0.468712 0.768528 0.469223 0.764672 0.476080 0.758468 0.514251
0 0.816333 0.413552 0.818785 0.451879 0.850724 0.449835 0.854780 0.449255 0.854573 0.446025 0.836144 0.411519 0.830852 0.408723 0.830175 0.408688 0.828855 0.408719 0.827091 0.408814 0.825155 0.408956 0.823345 0.409125 0.821936 0.409293 0.821145 0.409437
0 0.464031 0.716172 0.466784 0.717877 0.505583 0.722864 0.510360 0.720626 0.510924 0.719981 0.511760 0.718810 0.512739 0.717292 0.513712 0.715658 0.514528 0.714162 0.515064 0.713031 0.515237 0.712437 0.513944 0.706712 0.481293 0.686492 0.464442 0.713701
0 0.758936 0.776915 0.762442 0.815160 0.765476 0.818804 0.797716 0.815848 0.797420 0.812624 0.778049 0.778638 0.774871 0.775454 0.772933 0.773925 0.772208 0.773597 0.770864 0.773387 0.769108 0.773326 0.767204 0.773423 0.765439 0.773662 0.764081 0.774009 0.763335 0.774411
0 0.075032 0.185708 0.092780 0.222215 0.098371 0.222819 0.099174 0.222758 0.100519 0.222402 0.102203 0.221803 0.103965 0.221054 0.105537 0.220269 0.106677 0.219569 0.107212 0.219061 0.109507 0.213107 0.095416 0.177094 0.093970 0.174072 0.079054 0.179909
0 0.137966 0.178622 0.148954 0.216166 0.153675 0.221638 0.154495 0.222057 0.155914 0.222515 0.157716 0.222942 0.159629 0.223275 0.161363 0.223463 0.162657 0.223478 0.163315 0.223317 0.168808 0.221673 0.174240 0.183654 0.170474 0.179996 0.138424 0.175417
0 0.157693 0.065735 0.161605 0.070699 0.197894 0.083272 0.201634 0.078646 0.202367 0.077484 0.203048 0.075855 0.203573 0.074004 0.203864 0.072209 0.203875 0.070744 0.203133 0.068151 0.199701 0.063158 0.171350 0.036204 0.168291 0.035144
0 0.194987 0.773283 0.210289 0.809284 0.215808 0.811801 0.217166 0.812073 0.218945 0.812201 0.220872 0.812165 0.222651 0.811970 0.224009 0.811646 0.224741 0.811244 0.226471 0.809685 0.229597 0.806145 0.230547 0.767751 0.198552 0.766960 0.195067 0.770046
0 0.041299 0.436329 0.057215 0.440186 0.067338 0.441551 0.076380 0.404225 0.071830 0.399639 0.071293 0.399505 0.070095 0.399212 0.068418 0.398805 0.066515 0.398345 0.064673 0.397901 0.063171 0.397541 0.062237 0.397319 0.062016 0.397271 0.055750 0.399307 0.042070 0.433146
0 0.099208 0.517873 0.100563 0.520855 0.119915 0.553037 0.126446 0.554514 0.127272 0.554291 0.128639 0.553798 0.130337 0.553112 0.132110 0.552336 0.133691 0.551588 0.134840 0.550980 0.135384 0.550604 0.138829 0.545811 0.122940 0.510846 0.114117 0.511098
0 0.107552 0.942038 0.120845 0.971558 0.156269 0.955607 0.160198 0.950400 0.160339 0.947723 0.160289 0.946271 0.159901 0.944515 0.159234 0.942720 0.158389 0.941156 0.157492 0.940060 0.153627 0.935808 0.114956 0.935671 0.112038 0.936985
0 0.885186 0.492228 0.886364 0.530615 0.890831 0.530969 0.923190 0.529976 0.923091 0.526740 0.905819 0.491641 0.900325 0.488366 0.900164 0.488370 0.899270 0.488396 0.897780 0.488441 0.893979 0.488557 0.890972 0.488650 0.890364 0.488670
0 0.580966 0.199173 0.582527 0.201967 0.613670 0.224893 0.618965 0.224911 0.619744 0.224708 0.621018 0.224152 0.622594 0.223326 0.624234 0.222355 0.625690 0.221385 0.626743 0.220564 0.627231 0.220016 0.629115 0.213815 0.610163 0.179902 0.581902 0.195695
0 0.794337 0.614256 0.797356 0.652543 0.800794 0.654306 0.833069 0.651761 0.832814 0.648533 0.813877 0.614304 0.808595 0.610491 0.807823 0.610374 0.806438 0.610333 0.804653 0.610374 0.802738 0.610490 0.800981 0.610663 0.799648 0.610869 0.798940 0.611075
0 0.292088 0.641476 0.293051 0.645811 0.293549 0.646728 0.294488 0.647966 0.295725 0.649336 0.297069 0.650628 0.298314 0.651642 0.299269 0.652225 0.303355 0.653099 0.305603 0.651349 0.333178 0.624617 0.310902 0.601638 0.308715 0.602813 0.306391 0.605066
0 0.014656 0.312023 0.021344 0.316597 0.022871 0.317422 0.024746 0.318054 0.026681 0.318397 0.028380 0.318398 0.029520 0.318391 0.037023 0.314193 0.052250 0.278646 0.052975 0.275756 0.038251 0.269448 0.023097 0.276989
0 0.876715 0.297996 0.903553 0.315433 0.908219 0.313299 0.909982 0.310585 0.915811 0.271903 0.912405 0.267254 0.911397 0.266224 0.909950 0.265152 0.908288 0.264204 0.906665 0.263525 0.905331 0.263219 0.902237 0.263084 0.897640 0.265792
0 0.845583 0.301633 0.847581 0.303577 0.878436 0.326888 0.887755 0.329102 0.891501 0.325704 0.892831 0.324277 0.893731 0.322751 0.897502 0.316199 0.873598 0.292522 0.855238 0.288853
0 0.356447 0.197932 0.358088 0.201385 0.389179 0.208978 0.389938 0.205869 0.382746 0.167873 0.381390 0.164033 0.379757 0.161878 0.379240 0.161344 0.378085 0.160715 0.376468 0.160087 0.374634 0.159558 0.372866 0.159208 0.371436 0.159091 0.370562 0.159224 0.365665 0.160192
0 0.910274 0.301522 0.915508 0.304222 0.916088 0.304489 0.917337 0.304707 0.919067 0.304843 0.921017 0.304877 0.922892 0.304804 0.924409 0.304635 0.925336 0.304394 0.931188 0.299977 0.949007 0.265153 0.949157 0.261919 0.916817 0.260419 0.912053 0.263158
0 0.041385 0.096558 0.046627 0.101169 0.080934 0.118432 0.095320 0.089843 0.090641 0.085101 0.087749 0.083646 0.048661 0.082098 0.043961 0.087185 0.043007 0.088733 0.042294 0.090497 0.041932 0.092206
0 0.460945 0.128651 0.461035 0.129500 0.474587 0.138008 0.491605 0.110903 0.491360 0.099923 0.477425 0.091175 0.468676 0.105110
0 0.134444 0.003153 0.136145 0.035483 0.140304 0.040792 0.143500 0.040624 0.177816 0.022794 0.179916 0.016424 0.180073 0.015225 0.180060 0.013513 0.179879 0.011547 0.179558 0.009622 0.179145 0.008030 0.178702 0.007014 0.173240 0.001112
0 0.432018 0.744135 0.436932 0.761282 0.454251 0.789474 0.460651 0.787030 0.462347 0.786363 0.463918 0.785291 0.468527 0.781879 0.465743 0.773099 0.447578 0.738960 0.446159 0.736612
0 0.135620 0.160062 0.137451 0.169344 0.138234 0.171144 0.140437 0.175498 0.150500 0.176902 0.187415 0.165383 0.189903 0.164197 0.185132 0.148907 0.165509 0.145471
0 0.081284 0.892805 0.109369 0.911221 0.129726 0.907795 0.135936 0.893030 0.133595 0.891529 0.097949 0.876535 0.087553 0.877899 0.085023 0.881724 0.084066 0.883462
0 0.326035 0.136850 0.328023 0.141001 0.329950 0.143556 0.363922 0.162033 0.368236 0.161110 0.369217 0.160859 0.370561 0.160172 0.372065 0.159152 0.373503 0.157954 0.374656 0.156758 0.375351 0.155746 0.376699 0.152399 0.375274 0.148380 0.351885 0.117360
0 0.735985 0.551770 0.772302 0.564262 0.775450 0.565005 0.778635 0.562435 0.779289 0.561513 0.780010 0.560073 0.780686 0.558335 0.781216 0.556567 0.781515 0.555040 0.781541 0.553987 0.780715 0.549698 0.752305 0.522807 0.749244 0.521754 0.746395 0.521505
0 0.011750 0.822528 0.013218 0.861619 0.017830 0.865353 0.018922 0.866223 0.020511 0.867023 0.022352 0.867630 0.024163 0.867950 0.025666 0.867935 0.028196 0.867759 0.033588 0.863556 0.048157 0.828021 0.018545 0.815880 0.012978 0.819532
0 0.565792 0.946881 0.566553 0.952048 0.595394 0.978077 0.600734 0.975340 0.601862 0.974531 0.603131 0.973279 0.604346 0.971778 0.605320 0.970259 0.605904 0.968954 0.606011 0.968063 0.606239 0.966060 0.605025 0.960733 0.589611 0.925266 0.587236 0.923122
0 0.016704 0.172608 0.020569 0.181535 0.021717 0.183154 0.024571 0.186735 0.035304 0.186773 0.069089 0.167956 0.071229 0.166223 0.063435 0.152229 0.042319 0.151419
0 0.312273 0.328947 0.312302 0.330642 0.312438 0.331877 0.312659 0.332465 0.314778 0.334970 0.316895 0.336857 0.350875 0.355318 0.354067 0.355545 0.356339 0.323622 0.354678 0.321582 0.315927 0.318824 0.313072 0.322966 0.312788 0.323814 0.312536 0.325249 0.312355 0.327053
0 0.477185 0.669523 0.500864 0.698024 0.509728 0.703741 0.521619 0.693011 0.519647 0.690665 0.493740 0.661955 0.489190 0.658689 0.484990 0.660268 0.483525 0.661106 0.482045 0.662271 0.480777 0.663585 0.479917 0.664845
0 0.163548 0.431631 0.187043 0.462571 0.193474 0.463563 0.194170 0.463389 0.195343 0.462799 0.196813 0.461882 0.198359 0.460779 0.199747 0.459654 0.200768 0.458679 0.201266 0.458001 0.203364 0.453321 0.194818 0.415606 0.192882 0.413057 0.189331 0.412052
