0 0.184399 0.036401 0.185552 0.039426 0.189147 0.044690 0.216641 0.071885 0.221239 0.072013 0.222906 0.071776 0.224699 0.071232 0.226348 0.070463 0.227604 0.069586 0.231593 0.066184 0.217911 0.030298 0.214650 0.024867
0 0.717087 0.846809 0.717146 0.848749 0.717404 0.850496 0.717822 0.851782 0.720299 0.857739 0.758464 0.858829 0.766289 0.850219 0.764917 0.834260 0.761763 0.834194 0.723234 0.837506 0.718914 0.841628 0.718040 0.842682 0.717572 0.843525 0.717237 0.844974
0 0.945626 0.606991 0.949023 0.612203 0.949430 0.612594 0.950453 0.613282 0.951936 0.614162 0.953655 0.615102 0.955352 0.615960 0.956770 0.616606 0.957692 0.616941 0.957977 0.616914 0.964853 0.616226 0.996521 0.593262 0.998121 0.590447 0.969973 0.574452 0.964602 0.573601
0 0.074389 0.526991 0.085457 0.539061 0.094936 0.538166 0.123240 0.512208 0.121670 0.507315 0.121387 0.506537 0.120614 0.505381 0.119468 0.504023 0.118124 0.502666 0.116783 0.501517 0.115648 0.500748 0.114892 0.500478 0.112424 0.500415 0.107942 0.500420 0.076802 0.524777
0 0.348694 0.796834 0.376317 0.824151 0.399082 0.801131 0.400235 0.797689 0.397959 0.795438 0.361675 0.782062 0.356117 0.783455 0.355543 0.783881 0.354553 0.784780 0.353296 0.786014 0.351962 0.787399 0.350753 0.788724 0.349852 0.789790 0.349395 0.790434
0 0.044738 0.075264 0.049942 0.080119 0.053050 0.080884 0.091060 0.073763 0.094128 0.068684 0.094803 0.067490 0.095350 0.065815 0.095684 0.063913 0.095756 0.062070 0.095555 0.060566 0.094886 0.058225 0.090202 0.053117 0.052479 0.043828
0 0.748443 0.344101 0.751391 0.349363 0.783700 0.370614 0.786405 0.372094 0.795207 0.358712 0.790176 0.348266 0.757330 0.330591 0.752746 0.334489 0.751694 0.335448 0.750610 0.336871 0.749660 0.338540 0.748991 0.340198 0.748704 0.341591
0 0.117704 0.623504 0.120961 0.662217 0.126507 0.664609 0.127133 0.664706 0.128420 0.664698 0.130169 0.664586 0.132114 0.664387 0.133954 0.664132 0.135409 0.663860 0.136256 0.663613 0.141239 0.659021 0.154234 0.622599 0.153965 0.619410 0.122073 0.622093
0 0.769871 0.104222 0.796133 0.122515 0.799557 0.118150 0.821761 0.086271 0.818843 0.082176 0.817792 0.080965 0.816355 0.079795 0.814750 0.078846 0.813226 0.078264 0.808479 0.077020 0.774842 0.096990 0.772991 0.099646
0 0.382325 0.572598 0.389667 0.604129 0.392821 0.603394 0.423833 0.579552 0.424704 0.578642 0.426872 0.575184 0.426885 0.574727 0.426730 0.573627 0.426430 0.572051 0.426032 0.570239 0.425595 0.568464 0.425185 0.566993 0.424864 0.566050 0.424682 0.565779 0.421074 0.563057 0.383670 0.571768
0 0.540669 0.622676 0.541140 0.624095 0.542962 0.626770 0.576392 0.647086 0.580538 0.647255 0.580949 0.647242 0.581907 0.646817 0.583267 0.646042 0.584821 0.645036 0.586331 0.643955 0.587564 0.642963 0.588332 0.642212 0.588519 0.641818 0.589769 0.637972 0.588743 0.636395 0.567119 0.604656
0 0.359249 0.127676 0.360857 0.131932 0.364051 0.132135 0.400202 0.118401 0.403396 0.113356 0.403571 0.112745 0.403742 0.111476 0.403884 0.109740 0.403975 0.107800 0.404003 0.105948 0.403962 0.104464 0.403859 0.103575 0.400076 0.097834 0.361305 0.095367
0 0.184389 0.496472 0.198982 0.503904 0.205865 0.503813 0.223294 0.469590 0.220429 0.464787 0.219810 0.464353 0.218628 0.463670 0.217060 0.462844 0.215345 0.461999 0.213740 0.461261 0.212489 0.460744 0.211782 0.460525 0.205670 0.461893 0.185876 0.493553
0 0.688641 0.512738 0.725285 0.524236 0.727889 0.524517 0.730806 0.522328 0.731222 0.522007 0.731795 0.521030 0.732439 0.519547 0.733056 0.517783 0.733549 0.516010 0.733844 0.514499 0.733896 0.513483 0.732736 0.509072 0.703603 0.482965 0.700514 0.481996 0.698222 0.482202
0 0.398507 0.785799 0.431543 0.799449 0.445660 0.797044 0.450291 0.781710 0.447549 0.780601 0.410529 0.769421 0.403182 0.770319 0.401086 0.773323 0.400149 0.774886 0.399445 0.776679 0.399080 0.778428
0 0.000000 0.610195 0.029251 0.616545 0.032931 0.612575 0.033314 0.611807 0.033758 0.610445 0.034194 0.608697 0.034555 0.606831 0.034787 0.605134 0.034853 0.603866 0.034745 0.603218 0.031131 0.598279 0.000000 0.589401
0 0.422596 0.779940 0.438798 0.782805 0.456136 0.778461 0.458929 0.762668 0.459023 0.762067 0.427507 0.756494 0.425461 0.763739
0 0.567797 0.837637 0.570257 0.853464 0.585130 0.858905 0.619065 0.849363 0.619325 0.841809 0.619220 0.840038 0.618757 0.838152 0.618007 0.836439 0.616582 0.833384 0.608825 0.830932 0.570612 0.836870
0 0.012676 0.132296 0.044393 0.160297 0.049237 0.159893 0.049508 0.159727 0.050234 0.159042 0.051304 0.157942 0.052555 0.156594 0.053795 0.155205 0.054833 0.153989 0.055512 0.153132 0.055727 0.152762 0.055279 0.148339 0.055009 0.147540 0.026411 0.121508 0.023806 0.119187 0.013023 0.131032
0 0.923968 0.444052 0.935263 0.455409 0.954123 0.444912 0.973963 0.420630 0.968071 0.413904 0.962560 0.409165 0.953051 0.414780 0.925633 0.442050
0 0.117271 0.319766 0.121394 0.336207 0.136722 0.340857 0.137911 0.338219 0.149139 0.301214 0.147392 0.292720 0.143106 0.290050 0.141294 0.289317 0.139565 0.288976 0.131918 0.288025
0 0.248977 0.936865 0.263033 0.944545 0.264485 0.942121 0.284128 0.906046 0.282550 0.902164 0.282333 0.901800 0.281503 0.901138 0.280185 0.900278 0.278582 0.899353 0.276938 0.898504 0.275507 0.897861 0.274506 0.897523 0.274089 0.897540 0.269938 0.898292 0.250130 0.934277
0 0.903326 0.375341 0.935321 0.376102 0.940355 0.374670 0.941279 0.335831 0.935814 0.333050 0.935254 0.332838 0.934009 0.332675 0.932270 0.332587 0.930303 0.332587 0.928411 0.332675 0.926883 0.332837 0.925952 0.333049 0.920237 0.337327 0.903402 0.372141
0 0.878632 0.645381 0.880839 0.646626 0.914880 0.664973 0.925133 0.669883 0.929206 0.663106 0.932805 0.655648 0.906367 0.640498 0.886232 0.631281
0 0.314445 0.594677 0.320585 0.609859 0.323621 0.608631 0.358676 0.594023 0.360292 0.592948 0.361453 0.589216 0.361498 0.588758 0.361261 0.587691 0.360779 0.586178 0.360125 0.584449 0.359398 0.582763 0.358707 0.581376 0.358157 0.580498 0.357832 0.580264 0.354293 0.578113 0.318689 0.592511
0 0.912099 0.187183 0.917436 0.190296 0.918664 0.190791 0.920369 0.191184 0.922295 0.191416 0.924150 0.191450 0.925654 0.191282 0.926578 0.190937 0.932817 0.186308 0.943985 0.147131 0.944540 0.143903 0.928400 0.141128 0.918607 0.149334
0 0.125031 0.138951 0.126261 0.155360 0.136513 0.164809 0.152471 0.163614 0.150079 0.131697 0.149277 0.130854 0.133283 0.132052
0 0.072847 0.753059 0.077464 0.757024 0.078625 0.757751 0.080257 0.758450 0.082111 0.759013 0.083900 0.759353 0.085352 0.759420 0.086245 0.759202 0.088068 0.758568 0.092776 0.755613 0.119806 0.727957 0.120895 0.724947 0.090802 0.714054 0.086071 0.716529
0 0.588983 0.436526 0.591500 0.438503 0.629071 0.447661 0.634491 0.446941 0.634896 0.446582 0.635695 0.445696 0.636768 0.444420 0.637949 0.442947 0.639057 0.441504 0.639923 0.440313 0.640414 0.439556 0.640455 0.439347 0.640561 0.434325 0.610007 0.410331 0.608750 0.411356
0 0.654585 0.672390 0.658101 0.710635 0.659929 0.713070 0.692168 0.710107 0.691871 0.706883 0.672492 0.672902 0.670520 0.670926 0.667982 0.668797 0.667395 0.668608 0.666169 0.668515 0.664490 0.668533 0.662613 0.668657 0.660822 0.668870 0.659386 0.669139 0.658523 0.669424
0 0.816070 0.477698 0.819271 0.477709 0.822962 0.477452 0.858630 0.461388 0.860477 0.457980 0.860885 0.456884 0.861161 0.455280 0.861263 0.453414 0.861174 0.451573 0.860909 0.450039 0.860508 0.449047 0.858687 0.445201 0.819837 0.445066 0.816181 0.445694
0 0.706698 0.062064 0.732515 0.080980 0.755214 0.050000 0.758164 0.044797 0.755588 0.040797 0.754512 0.039523 0.753083 0.038306 0.751522 0.037332 0.750066 0.036751 0.745107 0.035230 0.711002 0.054389 0.709088 0.057001
0 0.154675 0.119905 0.157445 0.136046 0.165278 0.144366 0.203130 0.137870 0.204577 0.132161 0.204730 0.131542 0.204686 0.130278 0.204452 0.128560 0.204063 0.126647 0.203578 0.124829 0.203070 0.123380 0.202616 0.122520 0.196958 0.117729 0.157903 0.119351
0 0.929952 0.406419 0.933512 0.411440 0.934518 0.412327 0.935971 0.413317 0.937652 0.414262 0.939308 0.415018 0.940689 0.415473 0.941583 0.415554 0.948698 0.413839 0.981178 0.392039 0.982879 0.389284 0.955330 0.372278 0.950126 0.373738
0 0.000000 0.090676 0.000548 0.093342 0.001076 0.093593 0.002297 0.093774 0.004027 0.093857 0.005998 0.093831 0.007908 0.093699 0.009465 0.093480 0.010433 0.093210 0.015787 0.088561 0.016385 0.049894 0.015972 0.046552 0.000000 0.046304
0 0.602534 0.917884 0.603720 0.922716 0.622325 0.949211 0.624974 0.947350 0.644816 0.913637 0.644933 0.906660 0.644531 0.905824 0.643770 0.904516 0.642765 0.902937 0.641670 0.901325 0.640648 0.899922 0.639855 0.898942 0.639411 0.898532 0.633965 0.895813
0 0.127329 0.428956 0.133864 0.443636 0.149813 0.445120 0.150414 0.442271 0.153996 0.403766 0.150978 0.396090 0.147878 0.394888 0.146116 0.394239 0.144203 0.393891 0.142431 0.393896 0.134877 0.394593
0 0.792761 0.691823 0.794626 0.694747 0.795840 0.696153 0.797318 0.697412 0.798832 0.698331 0.805835 0.701339 0.830416 0.674778 0.831334 0.660418 0.818383 0.650993 0.816368 0.653206 0.793611 0.684473
