0 0.339079 0.117747 0.342201 0.123386 0.342910 0.124537 0.344088 0.125851 0.345553 0.127127 0.347081 0.128168 0.348438 0.128816 0.349416 0.128973 0.350629 0.129065 0.356818 0.128194 0.383884 0.100574 0.385816 0.098112 0.374375 0.086902 0.362226 0.087784
0 0.737961 0.582083 0.738156 0.586489 0.771734 0.605128 0.778094 0.607588 0.786042 0.593270 0.783178 0.591680 0.748766 0.573337 0.745922 0.572498 0.742285 0.574292 0.741508 0.575122 0.740570 0.576432 0.739614 0.578022 0.738782 0.579652 0.738202 0.581078
0 0.046692 0.564826 0.067242 0.589843 0.072189 0.588816 0.074662 0.586784 0.091708 0.552073 0.090063 0.546508 0.089377 0.545267 0.088316 0.543832 0.087039 0.542420 0.085739 0.541245 0.084613 0.540483 0.083831 0.540252 0.081551 0.539708 0.076712 0.540167
0 0.777831 0.232332 0.785109 0.246600 0.787434 0.245516 0.821883 0.227947 0.831230 0.222046 0.828127 0.214919 0.823883 0.207641 0.795803 0.220486
0 0.773996 0.052519 0.781104 0.090262 0.796830 0.087300 0.803775 0.077648 0.803168 0.074429 0.793072 0.044351 0.786901 0.043352 0.785572 0.043301 0.783825 0.043524 0.781929 0.043987 0.780175 0.044619 0.778831 0.045323 0.778102 0.045991 0.777165 0.047347
0 0.210742 0.690607 0.210923 0.693877 0.216230 0.727195 0.221263 0.729410 0.221998 0.729609 0.223358 0.729694 0.225137 0.729652 0.227060 0.729490 0.228832 0.729231 0.230183 0.728916 0.230906 0.728594 0.235452 0.723716 0.233333 0.685369 0.217355 0.686252
0 0.747384 0.250086 0.748433 0.266062 0.751109 0.266096 0.789708 0.263572 0.799412 0.260613 0.799740 0.253212 0.798351 0.244484 0.766114 0.243812
0 0.514333 0.898446 0.514499 0.903053 0.532129 0.937671 0.537717 0.937167 0.539145 0.936782 0.540808 0.936055 0.542449 0.935099 0.543816 0.934060 0.544701 0.933098 0.546553 0.930325 0.544817 0.891245 0.544304 0.886773 0.542852 0.883921
0 0.611771 0.399267 0.614351 0.437586 0.618450 0.440423 0.618660 0.440477 0.619569 0.440473 0.621038 0.440413 0.622843 0.440305 0.624713 0.440165 0.626365 0.440016 0.627550 0.439879 0.628084 0.439775 0.631824 0.435777 0.645582 0.399158 0.645365 0.395928 0.613063 0.398103
0 0.345215 0.723969 0.347366 0.726439 0.372521 0.750677 0.378043 0.749789 0.378698 0.749380 0.379792 0.748535 0.381158 0.747383 0.382587 0.746100 0.383859 0.744885 0.384780 0.743922 0.385209 0.743359 0.386046 0.737302 0.360822 0.708341 0.348755 0.718851
0 0.803288 0.471150 0.818475 0.476240 0.829552 0.462897 0.836999 0.429824 0.830503 0.426539 0.828876 0.425789 0.826994 0.425363 0.821667 0.424685 0.816215 0.431748 0.803926 0.468414
0 0.631950 0.265416 0.632664 0.268536 0.663863 0.261399 0.665757 0.258641 0.657094 0.220769 0.652133 0.219470 0.651281 0.219389 0.649863 0.219529 0.648095 0.219869 0.646249 0.220356 0.644609 0.220915 0.643425 0.221462 0.642877 0.221911 0.641315 0.224379 0.639699 0.227529
0 0.139001 0.685125 0.139599 0.690252 0.140125 0.691749 0.140970 0.693398 0.142005 0.694944 0.143069 0.696152 0.144001 0.696835 0.147209 0.699077 0.186111 0.694972 0.188902 0.693330 0.192458 0.691120 0.176230 0.663535 0.172486 0.665426
0 0.064714 0.423574 0.087698 0.446375 0.092410 0.446988 0.119459 0.419723 0.117639 0.414421 0.117324 0.413781 0.116501 0.412746 0.115294 0.411472 0.113886 0.410151 0.112489 0.408984 0.111314 0.408146 0.110540 0.407766 0.103567 0.407395 0.066995 0.421276
0 0.331738 0.551883 0.332185 0.555128 0.338985 0.589771 0.343566 0.592204 0.343724 0.592275 0.344588 0.592236 0.346028 0.592090 0.347824 0.591861 0.349701 0.591584 0.351369 0.591301 0.352574 0.591056 0.353132 0.590886 0.356678 0.586562 0.351437 0.548516 0.335585 0.550699
0 0.846048 0.100092 0.865352 0.133294 0.871780 0.132825 0.872268 0.132710 0.873340 0.132199 0.874835 0.131369 0.876525 0.130347 0.878157 0.129286 0.879483 0.128347 0.880302 0.127671 0.880486 0.127364 0.883570 0.120918 0.879664 0.081995 0.878037 0.079196 0.850049 0.095468
0 0.444054 0.578026 0.476426 0.578464 0.476695 0.577567 0.476738 0.574367 0.461214 0.538949 0.457819 0.535709 0.457507 0.535657 0.456511 0.535603 0.454982 0.535556 0.453152 0.535521 0.451298 0.535506 0.449700 0.535511 0.448598 0.535537 0.448163 0.535579 0.444580 0.539180
0 0.391807 0.459690 0.393160 0.476011 0.395605 0.476559 0.433879 0.473386 0.436641 0.469742 0.436694 0.469416 0.436678 0.468410 0.436597 0.466878 0.436461 0.465051 0.436292 0.463206 0.436116 0.461622 0.435958 0.460537 0.435843 0.460119 0.432557 0.457438 0.431776 0.456946 0.395071 0.459420
0 0.904746 0.333487 0.915418 0.370657 0.920298 0.373989 0.920862 0.374282 0.922092 0.374605 0.923803 0.374907 0.925736 0.375144 0.927600 0.375280 0.929111 0.375294 0.930041 0.375183 0.936234 0.371533 0.941926 0.333103 0.909901 0.328360 0.905215 0.330322
0 0.417172 0.384591 0.418119 0.385910 0.440844 0.408446 0.467887 0.381175 0.467825 0.375797 0.467521 0.375374 0.466739 0.374495 0.465599 0.373295 0.464273 0.371956 0.462966 0.370684 0.461879 0.369676 0.461177 0.369084 0.460968 0.368998 0.456021 0.368403 0.419452 0.382292
0 0.406763 0.300352 0.406835 0.303882 0.407900 0.306124 0.437620 0.330449 0.457891 0.305682 0.457404 0.303435 0.454899 0.301385 0.417088 0.291356 0.412531 0.292891 0.411768 0.293470 0.410707 0.294531 0.409509 0.295912 0.408358 0.297400 0.407433 0.298767 0.406873 0.299804
0 0.396447 0.968411 0.434309 0.977115 0.438742 0.972267 0.438909 0.971774 0.439215 0.970597 0.439614 0.968914 0.440045 0.966984 0.440442 0.965103 0.440744 0.963561 0.440904 0.962591 0.440900 0.962339 0.438645 0.956066 0.407920 0.932583 0.404801 0.931866 0.397631 0.963057
0 0.606395 0.473415 0.606405 0.474956 0.606477 0.475973 0.606601 0.476308 0.609245 0.479793 0.647612 0.481508 0.651068 0.481075 0.651800 0.464715 0.648528 0.464568 0.611233 0.463388 0.609960 0.463806 0.607032 0.466661 0.606875 0.467072 0.606709 0.468152 0.606559 0.469735 0.606449 0.471583
0 0.000000 0.298980 0.001791 0.301278 0.038683 0.311953 0.041722 0.307841 0.042498 0.306484 0.043129 0.304766 0.043522 0.302946 0.043615 0.301298 0.043131 0.296581 0.013762 0.271424 0.008140 0.268781 0.005030 0.267881 0.000301 0.288994 0.000000 0.296341
0 0.905968 0.268109 0.906133 0.269889 0.906485 0.271279 0.908693 0.276527 0.944391 0.291399 0.947590 0.291297 0.952765 0.288884 0.951733 0.256526 0.912903 0.257764 0.908183 0.260533 0.906689 0.263163 0.906268 0.264471 0.906015 0.266207
0 0.262676 0.143918 0.270992 0.150734 0.305132 0.168898 0.307522 0.169954 0.315045 0.155814 0.299158 0.142132 0.270272 0.129642 0.265625 0.137072
0 0.487432 0.875591 0.502547 0.880889 0.507080 0.876215 0.518686 0.838557 0.515389 0.835148 0.514631 0.834531 0.513304 0.833831 0.511611 0.833155 0.509812 0.832607 0.508183 0.832271 0.506973 0.832198 0.503425 0.833208 0.501199 0.835991 0.488407 0.872486
0 0.449941 0.182999 0.453643 0.187543 0.454781 0.188461 0.456323 0.189405 0.458031 0.190230 0.459644 0.190810 0.460914 0.191056 0.464144 0.190730 0.467683 0.188132 0.486173 0.154167 0.487554 0.151278 0.473487 0.143620 0.466449 0.147930
0 0.579688 0.228152 0.618092 0.228514 0.622221 0.223767 0.622386 0.223034 0.622533 0.221674 0.622639 0.219894 0.622689 0.217966 0.622674 0.216187 0.622597 0.214830 0.622470 0.214101 0.619610 0.209189 0.584980 0.205447 0.581705 0.205416 0.579840 0.212150
0 0.277771 0.479065 0.281865 0.482943 0.281942 0.482962 0.282741 0.483060 0.284139 0.483223 0.285925 0.483426 0.287823 0.483637 0.289543 0.483825 0.290820 0.483960 0.291461 0.484023 0.296213 0.481093 0.316050 0.447897 0.316408 0.444716 0.314285 0.444077 0.282113 0.440459
0 0.541020 0.198210 0.541217 0.198875 0.541885 0.199973 0.542922 0.201336 0.544170 0.202757 0.545442 0.204023 0.546545 0.204942 0.547312 0.205375 0.552023 0.206947 0.588650 0.194539 0.590984 0.192350 0.592036 0.188793 0.569891 0.165177 0.541552 0.191751 0.541077 0.195274
0 0.919921 0.065059 0.920053 0.065299 0.920620 0.066080 0.921537 0.067284 0.922664 0.068729 0.923828 0.070191 0.924850 0.071446 0.925574 0.072303 0.925890 0.072632 0.931115 0.072973 0.961487 0.049035 0.964215 0.046802 0.963457 0.045542 0.953331 0.032695 0.920383 0.059926
0 0.136892 0.446418 0.159701 0.477867 0.163591 0.478120 0.189499 0.459330 0.187620 0.456739 0.153996 0.437636 0.147394 0.436399 0.146630 0.436531 0.145384 0.437075 0.143846 0.437951 0.142252 0.439023 0.140845 0.440127 0.139843 0.441094 0.139398 0.441776
0 0.554216 0.246744 0.554761 0.254472 0.560768 0.255760 0.562629 0.255928 0.564462 0.255740 0.570908 0.254384 0.571979 0.219171 0.570569 0.204227 0.554437 0.204314 0.554373 0.207263
0 0.745269 0.144035 0.754483 0.157118 0.780650 0.138690 0.788561 0.128491 0.779086 0.115039 0.765634 0.124513 0.745830 0.143219
0 0.385143 0.052251 0.391615 0.060911 0.422429 0.084276 0.424679 0.085644 0.434357 0.072881 0.422172 0.055614 0.394913 0.039365 0.388948 0.046142
0 0.638504 0.673027 0.643561 0.675723 0.645333 0.676420 0.647120 0.676739 0.654053 0.677471 0.665661 0.645166 0.665853 0.629395 0.650452 0.624994 0.649509 0.627677 0.638883 0.664859
0 0.377751 0.693481 0.390216 0.703540 0.396383 0.697333 0.419759 0.667575 0.417226 0.663057 0.416221 0.661846 0.414856 0.660604 0.413341 0.659522 0.411908 0.658766 0.407175 0.657420 0.403982 0.660936 0.379696 0.691031
0 0.087507 0.373704 0.092222 0.375148 0.123768 0.380545 0.124308 0.377391 0.114472 0.339991 0.109660 0.335157 0.108782 0.334878 0.107309 0.334515 0.105465 0.334126 0.103534 0.333770 0.101811 0.333501 0.100562 0.333361 0.099976 0.333371 0.094059 0.335411
