0 0.292187 0.362426 0.292361 0.362961 0.293591 0.366220 0.295950 0.367749 0.332909 0.378189 0.341609 0.347389 0.339778 0.345625 0.336662 0.344745 0.297991 0.350642 0.294615 0.353829 0.294099 0.354675 0.293518 0.356078 0.292959 0.357824 0.292510 0.359646 0.292239 0.361262
0 0.931548 0.694426 0.959812 0.720428 0.965129 0.722977 0.987048 0.699151 0.984666 0.696960 0.979126 0.694708 0.942383 0.682649 0.939401 0.683780 0.938203 0.684344 0.936820 0.685355 0.935459 0.686662 0.934325 0.688066 0.933592 0.689357
0 0.597200 0.653765 0.606080 0.684513 0.607306 0.686646 0.610416 0.685748 0.640139 0.660315 0.641811 0.655204 0.641679 0.654370 0.641349 0.652977 0.640872 0.651235 0.640321 0.649415 0.639780 0.647794 0.639333 0.646622 0.639047 0.646075 0.634097 0.643109
0 0.651369 0.308829 0.651370 0.308885 0.651629 0.314510 0.672553 0.347032 0.675243 0.348765 0.677269 0.347017 0.694807 0.319804 0.662151 0.298759 0.656601 0.300768 0.656196 0.301339 0.655456 0.302439 0.654494 0.303898 0.653456 0.305497 0.652498 0.306995 0.651766 0.308164
0 0.661109 0.943334 0.664876 0.953704 0.667342 0.955860 0.692224 0.974025 0.697225 0.971211 0.698407 0.970382 0.699679 0.969109 0.700846 0.967590 0.701729 0.966057 0.702193 0.964746 0.702876 0.961836 0.700558 0.956558 0.671639 0.931285
0 0.122184 0.829855 0.122300 0.831622 0.122598 0.832943 0.124824 0.838680 0.163672 0.838324 0.167516 0.834457 0.167223 0.802453 0.164023 0.802483 0.128966 0.818807 0.124676 0.822493 0.123443 0.823889 0.122948 0.824685 0.122535 0.826099 0.122266 0.827914
0 0.781746 0.102147 0.783626 0.104493 0.812118 0.130640 0.820331 0.131281 0.821544 0.130868 0.823058 0.130159 0.824658 0.129044 0.826099 0.127695 0.827160 0.126318 0.831264 0.119366 0.808775 0.090785 0.792575 0.090345
0 0.103217 0.533663 0.103331 0.535197 0.104883 0.540344 0.143467 0.544879 0.147542 0.544366 0.151278 0.512581 0.148100 0.512207 0.144031 0.512348 0.106773 0.524267 0.104696 0.527326 0.104130 0.528399 0.103650 0.529981 0.103329 0.531830
0 0.901545 0.829344 0.906188 0.833152 0.938467 0.835635 0.941447 0.796900 0.935963 0.791537 0.935022 0.791124 0.933496 0.790719 0.931616 0.790383 0.929667 0.790165 0.927943 0.790100 0.926704 0.790197 0.920446 0.792279 0.901791 0.826153
0 0.310218 0.331294 0.314383 0.335814 0.314995 0.336046 0.316244 0.336272 0.317941 0.336458 0.319829 0.336577 0.321622 0.336611 0.323050 0.336554 0.323897 0.336414 0.328376 0.333884 0.345821 0.299372 0.345953 0.296174 0.344172 0.293817 0.311825 0.292478
0 0.297105 0.478213 0.298097 0.483271 0.298609 0.483998 0.299563 0.485103 0.300815 0.486417 0.302171 0.487738 0.303424 0.488863 0.304382 0.489620 0.304899 0.489895 0.310682 0.489835 0.346959 0.476440 0.349234 0.474189 0.326718 0.451444 0.324715 0.450882
0 0.123437 0.830549 0.148748 0.855033 0.167179 0.855189 0.176409 0.841866 0.174295 0.839860 0.142131 0.817575 0.132757 0.817098 0.129066 0.820247 0.127783 0.821776 0.126933 0.823325
0 0.828065 0.238896 0.829871 0.242637 0.830983 0.244822 0.831548 0.245346 0.832742 0.245973 0.834383 0.246606 0.836220 0.247148 0.837970 0.247515 0.839366 0.247652 0.840194 0.247538 0.845545 0.246611 0.858337 0.209026 0.854131 0.202236 0.838604 0.198300 0.837568 0.201410
0 0.704998 0.099938 0.706716 0.102639 0.739113 0.123755 0.745026 0.123051 0.745633 0.122911 0.746768 0.122354 0.748257 0.121465 0.749876 0.120377 0.751381 0.119255 0.752544 0.118269 0.753187 0.117568 0.755536 0.110717 0.734685 0.077937 0.707369 0.095313
0 0.158480 0.733908 0.159758 0.736882 0.188691 0.763210 0.194723 0.763771 0.195345 0.763653 0.196560 0.763230 0.198184 0.762567 0.199966 0.761766 0.201633 0.760950 0.202931 0.760244 0.203660 0.759755 0.206952 0.753883 0.191788 0.718598 0.162384 0.731234
0 0.723196 0.659417 0.723743 0.662570 0.726330 0.664450 0.758229 0.658920 0.751593 0.620641 0.746391 0.617128 0.745704 0.617036 0.744401 0.617084 0.742681 0.617263 0.740803 0.617547 0.739051 0.617893 0.737690 0.618247 0.736925 0.618558 0.732950 0.621996
0 0.731679 0.470447 0.732593 0.486423 0.764546 0.484595 0.765152 0.484559 0.764236 0.468546 0.754636 0.468673 0.738209 0.469613
0 0.529356 0.388897 0.540693 0.425591 0.571271 0.416143 0.572095 0.415174 0.571140 0.412081 0.545161 0.382834 0.540816 0.381190 0.540519 0.381142 0.539562 0.381318 0.538090 0.381693 0.536329 0.382209 0.534548 0.382787 0.533022 0.383339 0.531983 0.383779 0.531590 0.384041 0.529695 0.387613
0 0.256113 0.874212 0.259335 0.878215 0.260531 0.879257 0.262092 0.880252 0.263778 0.881046 0.265330 0.881518 0.270290 0.882024 0.301654 0.858645 0.303921 0.854546 0.305466 0.851743 0.277435 0.836298 0.274861 0.840186
0 0.237841 0.403276 0.241906 0.442182 0.245370 0.446825 0.246080 0.447098 0.247380 0.447556 0.249072 0.448130 0.250896 0.448732 0.252572 0.449268 0.253843 0.449657 0.254516 0.449840 0.260033 0.447916 0.272206 0.411491 0.269573 0.410467 0.238867 0.400205
0 0.394425 0.686693 0.396469 0.691829 0.430312 0.702400 0.433499 0.703157 0.435017 0.698512 0.438715 0.682944 0.401349 0.674067 0.396712 0.677409 0.396490 0.678002 0.396132 0.679222 0.395691 0.680885 0.395235 0.682737 0.394834 0.684492 0.394550 0.685882
0 0.544324 0.791628 0.544337 0.792345 0.544398 0.793685 0.544497 0.795447 0.544620 0.797363 0.544748 0.799144 0.544861 0.800522 0.544942 0.801285 0.548831 0.806051 0.585367 0.807461 0.588636 0.807264 0.587650 0.790917 0.585644 0.784266 0.547308 0.786580
0 0.866220 0.818981 0.866526 0.820536 0.867146 0.822340 0.867986 0.824114 0.868917 0.825589 0.869797 0.826535 0.874576 0.831367 0.910300 0.818101 0.913393 0.805128 0.905724 0.791065 0.902782 0.792185 0.868831 0.810699 0.866276 0.817911
0 0.477745 0.453837 0.481096 0.460159 0.499315 0.494270 0.500688 0.496837 0.514816 0.489291 0.508753 0.477120 0.492009 0.446219 0.485791 0.447884 0.484083 0.448610 0.482527 0.449628
0 0.514381 0.215777 0.535451 0.239867 0.537860 0.237760 0.553824 0.202537 0.554446 0.199098 0.554588 0.196153 0.554418 0.195474 0.553789 0.194343 0.552794 0.192931 0.551588 0.191455 0.550354 0.190140 0.549282 0.189191 0.548537 0.188750 0.543789 0.186914 0.514547 0.212491
0 0.548729 0.453665 0.560626 0.464391 0.570981 0.453577 0.593824 0.427869 0.589992 0.422742 0.588741 0.421371 0.587243 0.420264 0.581814 0.417041 0.576528 0.422823 0.550634 0.451545
0 0.668966 0.140344 0.671326 0.142506 0.708095 0.154485 0.713953 0.152623 0.714419 0.152240 0.715314 0.151348 0.716502 0.150082 0.717802 0.148632 0.719020 0.147217 0.719971 0.146052 0.720510 0.145314 0.720553 0.145117 0.721435 0.138553 0.692787 0.112312 0.670919 0.136185
0 0.741641 0.396902 0.742292 0.403792 0.760771 0.437762 0.762412 0.440265 0.776482 0.432611 0.775894 0.419284 0.755846 0.389175 0.748757 0.391079 0.747118 0.391804 0.745506 0.392847 0.744169 0.394050
0 0.673132 0.601627 0.676025 0.640190 0.677564 0.642996 0.679617 0.644649 0.708004 0.629085 0.689327 0.595020 0.687163 0.593934 0.683773 0.593022 0.683209 0.593076 0.682088 0.593474 0.680584 0.594155 0.678922 0.595016 0.677354 0.595926 0.676116 0.596749 0.675396 0.597359
0 0.387887 0.631269 0.387936 0.631753 0.388372 0.632787 0.389131 0.634213 0.390095 0.635814 0.391118 0.637343 0.392041 0.638565 0.392724 0.639295 0.397083 0.641117 0.429881 0.620293 0.430682 0.618918 0.413528 0.591899 0.410826 0.593615 0.409795 0.594697 0.388407 0.627451
0 0.841061 0.266074 0.853596 0.302376 0.883848 0.291931 0.888286 0.289525 0.887229 0.286465 0.860305 0.258086 0.854195 0.257094 0.853601 0.257164 0.852381 0.257495 0.850721 0.258036 0.848876 0.258705 0.847131 0.259398 0.845751 0.260010 0.844947 0.260446
0 0.904730 0.726719 0.905073 0.731448 0.909757 0.734124 0.946395 0.747044 0.957162 0.716513 0.951936 0.714038 0.948918 0.712973 0.910395 0.716357 0.906995 0.720295 0.906173 0.721603 0.905454 0.723282 0.904948 0.725077
0 0.215992 0.470692 0.235694 0.497710 0.249730 0.507905 0.261991 0.497599 0.260342 0.495371 0.235458 0.465769 0.228370 0.460286 0.223478 0.463165 0.221897 0.464231 0.220645 0.465546
0 0.262188 0.794052 0.263157 0.797141 0.289268 0.826270 0.294654 0.827015 0.295425 0.827068 0.296770 0.826842 0.298486 0.826373 0.300308 0.825732 0.301955 0.825018 0.303177 0.824340 0.303788 0.823801 0.306944 0.817748 0.295441 0.781105 0.264906 0.790691
0 0.453424 0.204683 0.456316 0.205579 0.494110 0.213772 0.500588 0.212180 0.502737 0.209061 0.503495 0.207422 0.504037 0.205575 0.504279 0.203805 0.504013 0.196376 0.469131 0.185281 0.456817 0.189029
0 0.849935 0.756346 0.877906 0.782664 0.882276 0.785932 0.904461 0.762353 0.902103 0.760135 0.897507 0.757161 0.860901 0.744691 0.857555 0.746042 0.856441 0.746527 0.855105 0.747481 0.853750 0.748757 0.852581 0.750164 0.851773 0.751488
0 0.828690 0.928275 0.829855 0.931256 0.833669 0.936243 0.863824 0.924461 0.849685 0.888275 0.845688 0.883837 0.842638 0.883657 0.841283 0.883608 0.839575 0.883891 0.837771 0.884461 0.836143 0.885231 0.834939 0.886087 0.830783 0.889661
0 0.049003 0.773121 0.079001 0.785296 0.083813 0.782035 0.098257 0.746450 0.093932 0.742364 0.092787 0.741596 0.091188 0.740840 0.089374 0.740210 0.087620 0.739802 0.086191 0.739677 0.085304 0.739855 0.083430 0.740431 0.078613 0.743211 0.050221 0.770121
0 0.071062 0.395105 0.096744 0.414816 0.101354 0.415790 0.103302 0.413251 0.112042 0.375580 0.109565 0.370140 0.109172 0.369649 0.108225 0.368796 0.106867 0.367709 0.105303 0.366553 0.103769 0.365502 0.102497 0.364715 0.101681 0.364313 0.094715 0.364286
