0 0.098266 0.879277 0.111902 0.908640 0.147137 0.892277 0.151171 0.887793 0.151217 0.884821 0.151167 0.883445 0.150769 0.881743 0.150085 0.879973 0.149218 0.878402 0.148298 0.877267 0.144431 0.873279 0.105761 0.873594 0.102858 0.874941
0 0.189318 0.570886 0.209620 0.596104 0.212939 0.595005 0.242854 0.570921 0.242132 0.566303 0.241765 0.565415 0.240978 0.564150 0.239891 0.562699 0.238668 0.561281 0.237493 0.560110 0.236544 0.559362 0.235966 0.559155 0.232819 0.558456 0.229730 0.559132 0.191839 0.568856
0 0.314076 0.358730 0.316567 0.360798 0.318664 0.362389 0.355974 0.372560 0.359834 0.371534 0.360253 0.371421 0.361076 0.370761 0.362176 0.369656 0.363388 0.368273 0.364529 0.366822 0.365426 0.365520 0.365943 0.364565 0.366001 0.364104 0.366194 0.360246 0.364647 0.358630 0.334753 0.333818
0 0.846194 0.562904 0.850197 0.563631 0.882490 0.565931 0.885250 0.527180 0.880203 0.523389 0.879583 0.523340 0.878300 0.523246 0.876550 0.523120 0.874602 0.522983 0.872755 0.522854 0.871292 0.522754 0.870436 0.522698 0.870313 0.522694 0.864885 0.525732 0.846422 0.559712
0 0.527387 0.028752 0.527573 0.029665 0.528172 0.031023 0.529093 0.032617 0.530197 0.034208 0.531317 0.035554 0.532283 0.036454 0.537669 0.039599 0.568289 0.016418 0.569079 0.010827 0.560813 0.001381 0.557401 0.000000 0.546420 0.000000 0.539837 0.007133 0.528334 0.021370
0 0.639178 0.229683 0.640508 0.232459 0.659911 0.265910 0.664951 0.269238 0.667495 0.269076 0.668897 0.268876 0.670587 0.268307 0.672305 0.267454 0.673788 0.266450 0.674808 0.265447 0.678938 0.261124 0.663082 0.227436 0.653033 0.221646
0 0.404461 0.283412 0.405553 0.285888 0.407747 0.288218 0.443530 0.302883 0.448229 0.302043 0.449047 0.301548 0.450222 0.300626 0.451576 0.299416 0.452904 0.298101 0.454007 0.296879 0.454717 0.295936 0.454924 0.295414 0.455181 0.291914 0.454663 0.289508 0.428034 0.261221
0 0.346624 0.592036 0.348420 0.596770 0.386146 0.606047 0.387447 0.604835 0.395090 0.573756 0.391982 0.572992 0.353974 0.580125 0.352286 0.581051 0.349045 0.582894 0.348757 0.583361 0.348337 0.584474 0.347848 0.586063 0.347365 0.587886 0.346963 0.589663 0.346703 0.591120
0 0.874904 0.736330 0.891858 0.770791 0.896388 0.773922 0.925438 0.759630 0.924009 0.756725 0.893764 0.731916 0.889263 0.729266 0.886263 0.728796 0.884895 0.729001 0.883207 0.729520 0.881455 0.730273 0.879902 0.731146 0.878783 0.732008
0 0.541067 0.214778 0.541130 0.216135 0.541262 0.217899 0.541442 0.219804 0.541645 0.221563 0.541839 0.222909 0.541994 0.223639 0.545562 0.228049 0.583759 0.224052 0.584728 0.220862 0.581359 0.188663 0.578139 0.189000 0.544405 0.208805 0.541083 0.214036
0 0.873499 0.678693 0.888979 0.714131 0.890515 0.717006 0.905193 0.710595 0.908394 0.702668 0.889566 0.667967 0.883270 0.668049 0.881920 0.668394 0.880254 0.669036 0.878529 0.669876 0.877008 0.670785 0.875925 0.671623 0.875443 0.672264 0.874748 0.674440
0 0.407873 0.105944 0.408400 0.109138 0.409447 0.113606 0.430964 0.145738 0.434749 0.146958 0.435852 0.147182 0.437440 0.147191 0.439273 0.146984 0.441075 0.146592 0.442572 0.146074 0.443540 0.145509 0.446753 0.143134 0.446138 0.139008 0.439816 0.100676
0 0.375212 0.684411 0.376501 0.723508 0.379051 0.727057 0.379885 0.727715 0.381246 0.728488 0.382927 0.729259 0.384670 0.729910 0.386206 0.730340 0.387302 0.730484 0.391450 0.729718 0.392691 0.727092 0.407423 0.691624 0.377866 0.679348 0.376454 0.681421
0 0.491103 0.094108 0.503646 0.104069 0.505454 0.102162 0.529503 0.071878 0.533975 0.062136 0.528667 0.057088 0.521312 0.052080 0.499333 0.074870
0 0.723474 0.771527 0.726058 0.774666 0.728132 0.777152 0.763373 0.794132 0.767157 0.793157 0.768262 0.792814 0.769670 0.792027 0.771165 0.790916 0.772517 0.789653 0.773518 0.788430 0.774017 0.787435 0.775804 0.783763 0.750920 0.753929 0.748052 0.751027
0 0.347550 0.758080 0.375014 0.775221 0.395583 0.742263 0.396777 0.739494 0.395090 0.735759 0.394321 0.734944 0.393076 0.733942 0.391541 0.732906 0.389950 0.731991 0.388543 0.731337 0.387531 0.731042 0.383201 0.731022 0.350987 0.752415 0.349292 0.755130
0 0.131928 0.345461 0.158239 0.364326 0.162145 0.365877 0.164010 0.363276 0.171519 0.325341 0.169146 0.319706 0.168667 0.319298 0.167645 0.318523 0.166235 0.317498 0.164651 0.316377 0.163131 0.315329 0.161905 0.314514 0.161160 0.314055 0.161012 0.314023 0.154566 0.313889
0 0.239506 0.433135 0.243686 0.467366 0.251697 0.481031 0.267386 0.477802 0.267019 0.474970 0.259225 0.437092 0.255345 0.429876 0.249754 0.429764 0.247851 0.429971 0.246129 0.430510
0 0.842695 0.424332 0.847339 0.427833 0.847987 0.428044 0.849277 0.428292 0.851013 0.428540 0.852932 0.428751 0.854746 0.428892 0.856179 0.428943 0.857014 0.428895 0.862719 0.425474 0.883216 0.392156 0.883619 0.388943 0.851497 0.384911 0.847479 0.386226
0 0.941210 0.241373 0.945711 0.245391 0.946831 0.246154 0.948427 0.246897 0.950258 0.247507 0.952047 0.247893 0.953524 0.247995 0.954464 0.247798 0.956093 0.247252 0.961366 0.244330 0.989504 0.217154 0.990694 0.214143 0.960582 0.202250 0.955318 0.205653
0 0.249343 0.954920 0.274031 0.975863 0.276125 0.973394 0.278684 0.967983 0.289256 0.930785 0.287802 0.927769 0.287243 0.926616 0.286211 0.925288 0.284863 0.923985 0.283402 0.922905 0.282049 0.922209 0.277053 0.920433 0.252208 0.949720
0 0.435019 0.237046 0.436792 0.244259 0.452777 0.245002 0.454262 0.213032 0.454158 0.212375 0.438136 0.211630 0.435782 0.220610
0 0.307662 0.240826 0.308102 0.241418 0.323310 0.246396 0.333267 0.215980 0.328554 0.207966 0.312918 0.202848 0.307799 0.218485
0 0.089263 0.748871 0.098150 0.762197 0.100954 0.760333 0.133128 0.738877 0.134838 0.737676 0.135151 0.733640 0.135145 0.733191 0.134732 0.732197 0.133973 0.730810 0.132986 0.729241 0.131920 0.727731 0.130941 0.726512 0.130197 0.725771 0.129801 0.725618 0.125866 0.724222 0.091789 0.746654
0 0.407737 0.814844 0.409518 0.834553 0.420328 0.864667 0.428815 0.863019 0.435868 0.860195 0.434703 0.850082 0.424008 0.812920 0.423129 0.810414
0 0.829427 0.047858 0.839611 0.085164 0.840700 0.087585 0.856153 0.083367 0.860164 0.061442 0.846729 0.032390 0.837405 0.034245 0.831129 0.036648
0 0.154107 0.696750 0.165985 0.726867 0.202125 0.712613 0.205530 0.710183 0.206091 0.706527 0.206036 0.705325 0.205682 0.703720 0.205084 0.701954 0.204331 0.700293 0.203537 0.698989 0.202822 0.698239 0.199659 0.695296 0.161038 0.693327 0.158061 0.694501
0 0.697198 0.102610 0.697555 0.105775 0.697973 0.107041 0.698779 0.108570 0.699852 0.110130 0.701030 0.111486 0.702135 0.112433 0.706976 0.115278 0.737378 0.091813 0.742934 0.082261 0.732927 0.069297 0.730335 0.071299 0.699479 0.098015
0 0.651046 0.431663 0.652023 0.436456 0.652640 0.437957 0.653580 0.439565 0.654699 0.441032 0.655826 0.442133 0.660046 0.445098 0.691596 0.424570 0.698619 0.418762 0.689705 0.405455 0.687105 0.407166 0.654976 0.428688
0 0.864734 0.153775 0.881693 0.180917 0.895264 0.172437 0.906415 0.163202 0.897697 0.149248 0.879172 0.144482 0.865570 0.152982
0 0.000000 0.883488 0.001039 0.886714 0.005915 0.898206 0.007845 0.901337 0.045957 0.882797 0.047321 0.877543 0.047335 0.877357 0.047056 0.876524 0.046527 0.875168 0.045829 0.873497 0.045068 0.871767 0.044361 0.870245 0.043817 0.869162 0.043518 0.868683 0.038284 0.866722 0.002748 0.881976
0 0.715513 0.251800 0.729237 0.280713 0.732129 0.279340 0.734813 0.276789 0.760043 0.246894 0.760443 0.243304 0.760285 0.242068 0.759807 0.240455 0.759080 0.238711 0.758217 0.237106 0.757350 0.235884 0.756612 0.235233 0.753101 0.232271 0.718005 0.248930
0 0.147538 0.263103 0.150473 0.264639 0.185004 0.282048 0.187668 0.282769 0.190868 0.281156 0.191345 0.280909 0.192081 0.280042 0.192965 0.278687 0.193860 0.277050 0.194631 0.275383 0.195157 0.273941 0.195360 0.272945 0.194947 0.268329 0.159493 0.249551 0.154748 0.248800
0 0.182648 0.779497 0.182725 0.780766 0.183135 0.782408 0.183816 0.784172 0.184664 0.785785 0.185548 0.787002 0.189557 0.790783 0.228675 0.790841 0.231624 0.789506 0.234692 0.786197 0.221492 0.757041 0.186505 0.772882 0.182880 0.776037
0 0.290857 0.755291 0.291093 0.757078 0.292142 0.764139 0.325464 0.766549 0.342355 0.760754 0.342061 0.744739 0.339297 0.744561 0.300633 0.745269 0.291846 0.747971 0.291025 0.753377
0 0.280139 0.141051 0.287269 0.155794 0.292134 0.163662 0.326708 0.146939 0.327456 0.140667 0.327389 0.140523 0.326349 0.138368 0.325535 0.136683 0.323369 0.132206 0.323110 0.131675 0.317655 0.128285 0.283087 0.139625
