0 0.619978 0.793322 0.621365 0.796713 0.659054 0.806139 0.662542 0.802129 0.662979 0.801449 0.663483 0.800151 0.663976 0.798431 0.664382 0.796555 0.664640 0.794809 0.664710 0.793462 0.664582 0.792718 0.661119 0.787115 0.630848 0.763050 0.627743 0.762274
0 0.628125 0.589314 0.628210 0.590798 0.628389 0.592604 0.628635 0.594458 0.628911 0.596080 0.629176 0.597226 0.629389 0.597719 0.633927 0.601103 0.671169 0.613074 0.674385 0.612700 0.670649 0.580542 0.668699 0.579621 0.630550 0.584052 0.628274 0.588127 0.628148 0.588376
0 0.746865 0.666820 0.762342 0.694833 0.765375 0.697086 0.768209 0.695520 0.791552 0.664130 0.791520 0.658603 0.791340 0.657862 0.790798 0.656606 0.789978 0.655024 0.789006 0.653360 0.788030 0.651871 0.787200 0.650784 0.786643 0.650263 0.780481 0.648247
0 0.511116 0.216757 0.535492 0.246435 0.540585 0.245680 0.541346 0.245301 0.542522 0.244500 0.543934 0.243398 0.545369 0.242161 0.546610 0.240977 0.547470 0.240024 0.547817 0.239448 0.548411 0.233229 0.538317 0.195435 0.536263 0.192933 0.511245 0.213482
0 0.263191 0.347638 0.263312 0.384620 0.268801 0.386619 0.270175 0.387090 0.271955 0.387351 0.273866 0.387362 0.275615 0.387121 0.279439 0.385809 0.282220 0.380392 0.285062 0.341826 0.285073 0.338767 0.269098 0.337590
0 0.135196 0.090750 0.135300 0.092211 0.135920 0.094845 0.140082 0.099476 0.176834 0.110625 0.186124 0.079999 0.182495 0.075142 0.179397 0.074203 0.140619 0.079355 0.137183 0.084200 0.136454 0.085391 0.135820 0.087056 0.135378 0.088939
0 0.484830 0.984235 0.489540 0.989542 0.496631 0.995290 0.521026 0.974955 0.529652 0.955386 0.517962 0.944436 0.515953 0.946141 0.489515 0.974363
0 0.340489 0.414440 0.343165 0.416328 0.374079 0.437825 0.375520 0.438536 0.379454 0.437524 0.379824 0.437306 0.380561 0.436523 0.381550 0.435295 0.382642 0.433807 0.383673 0.432285 0.384487 0.430957 0.384961 0.430026 0.385020 0.429633 0.384744 0.425460 0.353362 0.403322 0.349929 0.401058
0 0.481463 0.828442 0.485207 0.832600 0.486517 0.833992 0.493801 0.838895 0.516831 0.815558 0.525050 0.798869 0.512829 0.788516 0.510933 0.790466 0.485936 0.819972
0 0.408290 0.185598 0.409475 0.193008 0.410023 0.194702 0.410896 0.196425 0.411959 0.197913 0.414500 0.200528 0.421505 0.201101 0.457210 0.186249 0.459862 0.184832 0.453711 0.170043 0.440225 0.168223
0 0.896248 0.868432 0.896427 0.870265 0.896791 0.871721 0.897288 0.872578 0.898168 0.873895 0.902772 0.878218 0.937069 0.897031 0.940297 0.897274 0.942726 0.864991 0.937665 0.860819 0.899368 0.857938 0.896938 0.863473 0.896525 0.864759 0.896283 0.866499
0 0.260336 0.965216 0.273484 0.994801 0.276442 0.993486 0.302412 0.964232 0.304670 0.958926 0.305366 0.957233 0.305473 0.956295 0.305266 0.954832 0.304777 0.953066 0.304081 0.951265 0.303281 0.949700 0.302500 0.948607 0.298172 0.944302 0.263076 0.959899
0 0.872771 0.974754 0.874740 0.981792 0.874964 0.982179 0.875730 0.983066 0.876923 0.984319 0.878362 0.985746 0.879825 0.987131 0.881088 0.988258 0.881957 0.988956 0.882300 0.989119 0.888987 0.991211 0.915309 0.962638 0.910562 0.957350 0.887024 0.935665 0.884855 0.938019
0 0.376281 0.939884 0.403027 0.958125 0.404851 0.955451 0.405939 0.950245 0.412555 0.912144 0.411134 0.909126 0.410371 0.908081 0.409148 0.906898 0.407650 0.905754 0.406104 0.904822 0.404743 0.904243 0.399335 0.903127 0.377695 0.934856
0 0.882794 0.540498 0.891778 0.553758 0.911322 0.547307 0.935852 0.526948 0.931453 0.519190 0.926782 0.513560 0.916858 0.517134 0.884844 0.538825
0 0.436607 0.705452 0.436766 0.706000 0.437386 0.707020 0.438375 0.708357 0.439581 0.709807 0.440818 0.711146 0.441897 0.712168 0.442653 0.712719 0.447362 0.714112 0.476582 0.688510 0.476849 0.686355 0.455758 0.662284 0.453351 0.664393 0.437418 0.699629 0.436694 0.701937
0 0.840786 0.533472 0.850931 0.563826 0.854989 0.564564 0.858060 0.563537 0.886704 0.536896 0.887200 0.531282 0.886992 0.529815 0.886507 0.528065 0.885817 0.526299 0.885030 0.524790 0.884267 0.523768 0.881572 0.521544 0.877211 0.521297
0 0.097840 0.581877 0.097876 0.585114 0.130249 0.584747 0.134475 0.583778 0.134040 0.545375 0.128802 0.542201 0.128172 0.542166 0.126888 0.542152 0.125144 0.542162 0.123204 0.542194 0.121361 0.542243 0.119892 0.542302 0.119023 0.542362 0.118888 0.542414 0.113622 0.546083
0 0.564937 0.371387 0.566172 0.375265 0.566393 0.375628 0.567198 0.376330 0.568462 0.377266 0.569993 0.378293 0.571562 0.379256 0.572930 0.380010 0.573891 0.380441 0.574298 0.380482 0.578404 0.380032 0.579310 0.378645 0.600298 0.345952 0.573054 0.328463 0.571305 0.331187 0.570490 0.333117
0 0.336892 0.139238 0.338756 0.143362 0.361007 0.166366 0.363307 0.164141 0.377486 0.128163 0.377003 0.121334 0.376584 0.120570 0.375716 0.119390 0.374531 0.117975 0.373209 0.116542 0.371953 0.115310 0.370958 0.114470 0.370373 0.114148 0.364816 0.112229
0 0.838567 0.467220 0.851152 0.477128 0.866998 0.466004 0.884644 0.438636 0.878219 0.432439 0.876581 0.431430 0.871939 0.428632 0.863972 0.434578 0.840049 0.464961
0 0.294728 0.513223 0.296643 0.518024 0.297278 0.518641 0.298418 0.519549 0.299890 0.520609 0.301467 0.521658 0.302907 0.522535 0.303990 0.523106 0.304551 0.523285 0.310235 0.522176 0.332083 0.490591 0.305762 0.472383 0.303517 0.472064 0.301675 0.474727
0 0.256780 0.190371 0.261746 0.194270 0.262923 0.194986 0.264565 0.195664 0.266419 0.196200 0.268201 0.196512 0.269638 0.196552 0.270512 0.196315 0.272056 0.195677 0.276600 0.192588 0.289289 0.156057 0.290046 0.152977 0.274916 0.147721 0.265685 0.153016
0 0.349705 0.615311 0.350491 0.620592 0.375051 0.651040 0.377944 0.652493 0.379339 0.650750 0.393702 0.622149 0.359382 0.604913 0.354073 0.606858 0.353715 0.607328 0.353080 0.608386 0.352264 0.609871 0.351393 0.611557 0.350600 0.613184 0.350008 0.614503
0 0.419783 0.613983 0.420901 0.617021 0.448391 0.644852 0.452889 0.646117 0.453172 0.646183 0.454105 0.645985 0.455545 0.645552 0.457273 0.644950 0.459024 0.644271 0.460528 0.643621 0.461556 0.643098 0.461952 0.642782 0.463582 0.639261 0.463998 0.637670 0.450735 0.601627 0.420699 0.612680
0 0.225686 0.578762 0.228122 0.591156 0.252825 0.618081 0.259564 0.615185 0.261065 0.614202 0.262494 0.612924 0.263632 0.611546 0.265627 0.608202 0.264020 0.601833 0.240394 0.571218 0.238367 0.568976
0 0.307165 0.850018 0.308587 0.856009 0.345855 0.866980 0.347617 0.862786 0.356656 0.832084 0.353585 0.831180 0.315294 0.836589 0.310043 0.840645 0.309688 0.841449 0.309178 0.842838 0.308591 0.844603 0.308017 0.846472 0.307544 0.848159 0.307245 0.849404
0 0.267660 0.137797 0.270624 0.144285 0.271264 0.144897 0.272481 0.145701 0.274088 0.146574 0.275842 0.147386 0.277479 0.148013 0.278751 0.148360 0.279467 0.148376 0.285048 0.148185 0.313525 0.122022 0.314775 0.119076 0.312633 0.114671 0.282828 0.102031
0 0.818617 0.500959 0.818754 0.502178 0.819185 0.503793 0.819844 0.505556 0.820631 0.507199 0.821425 0.508467 0.822103 0.509168 0.825650 0.512316 0.862325 0.498488 0.866980 0.493337 0.860719 0.478594 0.857696 0.479753 0.822102 0.494870 0.819329 0.497432
0 0.290394 0.159094 0.294249 0.183666 0.294720 0.184389 0.310658 0.185813 0.313506 0.153936 0.308246 0.144170 0.291858 0.142706
0 0.805156 0.582119 0.822177 0.609222 0.825902 0.610485 0.828644 0.608763 0.850193 0.576115 0.849630 0.570916 0.849464 0.570106 0.848891 0.568828 0.847997 0.567276 0.846919 0.565689 0.845824 0.564310 0.844879 0.563350 0.844229 0.562955 0.841584 0.562407 0.837680 0.561694
0 0.425351 0.397064 0.426157 0.402337 0.426541 0.402694 0.427438 0.403455 0.428712 0.404503 0.430169 0.405678 0.431589 0.406803 0.432758 0.407710 0.433499 0.408260 0.433698 0.408368 0.438701 0.408235 0.473187 0.390738 0.475186 0.388238 0.474899 0.386946 0.449616 0.366724
0 0.131135 0.284734 0.131762 0.300442 0.145322 0.308968 0.147208 0.306682 0.167792 0.273944 0.167861 0.265902 0.165911 0.263363 0.164586 0.262000 0.163020 0.260829 0.161453 0.260030 0.154172 0.257295
0 0.418067 0.023895 0.424369 0.032613 0.456187 0.054592 0.458545 0.055828 0.467648 0.042649 0.455820 0.025224 0.427258 0.010590 0.421435 0.017730
0 0.198796 0.718670 0.201720 0.757409 0.206881 0.759412 0.207598 0.759624 0.208946 0.759701 0.210718 0.759630 0.212643 0.759422 0.214424 0.759109 0.215789 0.758740 0.216530 0.758371 0.221086 0.753263 0.234394 0.716954 0.234153 0.713762 0.202239 0.716170
0 0.300639 0.561880 0.300672 0.563749 0.300811 0.565584 0.301033 0.567103 0.301304 0.568075 0.304022 0.571822 0.342830 0.570024 0.344627 0.569224 0.343145 0.537254 0.339948 0.537402 0.338098 0.537834 0.303273 0.555652 0.301136 0.558706 0.300891 0.559151 0.300716 0.560265
0 0.446329 0.829186 0.453222 0.832948 0.461219 0.835492 0.474706 0.806475 0.480403 0.787883 0.465654 0.781637 0.464550 0.784053 0.449470 0.819662
0 0.475030 0.684770 0.493415 0.718994 0.521935 0.703673 0.521684 0.701345 0.520170 0.698526 0.489412 0.675085 0.484594 0.674545 0.483691 0.674845 0.482328 0.675453 0.480711 0.676279 0.479083 0.677197 0.477691 0.678068 0.476745 0.678762 0.476391 0.679172 0.475315 0.682658
0 0.910984 0.109616 0.926215 0.137764 0.929030 0.136241 0.933991 0.132035 0.957608 0.100850 0.956895 0.096458 0.956490 0.094774 0.955728 0.093036 0.954725 0.091513 0.949904 0.086614 0.915736 0.105102
