0 0.272882 0.270564 0.275478 0.273187 0.306744 0.280023 0.314948 0.242504 0.311470 0.236995 0.310861 0.236569 0.309624 0.236049 0.307946 0.235516 0.306084 0.235050 0.304325 0.234724 0.302937 0.234587 0.302134 0.234661 0.296994 0.236069 0.273574 0.267401
0 0.745383 0.856994 0.752310 0.867071 0.762885 0.879675 0.775490 0.869099 0.780828 0.849480 0.780185 0.848681 0.769900 0.836423
0 0.634903 0.284913 0.651581 0.319508 0.656961 0.320231 0.657726 0.319978 0.659015 0.319435 0.660632 0.318682 0.662333 0.317835 0.663862 0.317020 0.664987 0.316362 0.665536 0.315960 0.667915 0.310392 0.667031 0.271283 0.665625 0.268367 0.636463 0.282426
0 0.615795 0.155829 0.615796 0.156616 0.616104 0.157947 0.616671 0.159620 0.617412 0.161381 0.618214 0.162966 0.618956 0.164133 0.619527 0.164707 0.623581 0.167998 0.658459 0.151918 0.660291 0.147893 0.646736 0.118493 0.643796 0.119848 0.618233 0.149459
0 0.563403 0.540669 0.564955 0.545447 0.565363 0.545683 0.566358 0.546237 0.567787 0.547025 0.569432 0.547925 0.571041 0.548800 0.572366 0.549516 0.573205 0.549962 0.573431 0.550072 0.578345 0.548893 0.596954 0.514790 0.568534 0.499283 0.567751 0.499291 0.566218 0.502101
0 0.631596 0.986747 0.633117 0.992375 0.665422 0.994498 0.667969 0.955732 0.666049 0.950523 0.663434 0.948872 0.662209 0.948303 0.660531 0.947866 0.658651 0.947628 0.656855 0.947625 0.655413 0.947856 0.650082 0.949474 0.631805 0.983554
0 0.204368 0.631865 0.208414 0.670503 0.213635 0.672779 0.214357 0.672864 0.215706 0.672830 0.217475 0.672682 0.219393 0.672444 0.221165 0.672151 0.222520 0.671849 0.223251 0.671584 0.227662 0.666888 0.239911 0.630208 0.239578 0.627025 0.207747 0.630358
0 0.756453 0.902483 0.760553 0.905212 0.762233 0.906221 0.771144 0.909240 0.789224 0.881518 0.788738 0.861526 0.774186 0.854834 0.772709 0.857145 0.756551 0.892279
0 0.703789 0.557207 0.703851 0.558711 0.704051 0.560520 0.704358 0.562360 0.704725 0.563954 0.705098 0.565061 0.705419 0.565511 0.708053 0.567839 0.710459 0.568624 0.747958 0.579760 0.751165 0.579315 0.746713 0.547248 0.743894 0.546708 0.705853 0.551989 0.703873 0.556236
0 0.306552 0.072209 0.308763 0.077099 0.331756 0.099362 0.333982 0.097063 0.346975 0.060639 0.346162 0.053418 0.345694 0.052572 0.344767 0.051340 0.343522 0.049910 0.342149 0.048502 0.340858 0.047331 0.339850 0.046579 0.339276 0.046357 0.333576 0.044299
0 0.757169 0.541363 0.761737 0.545137 0.762450 0.545211 0.763793 0.545300 0.765562 0.545392 0.767484 0.545473 0.769266 0.545529 0.770634 0.545553 0.771378 0.545541 0.776318 0.542440 0.793812 0.507451 0.793931 0.504215 0.761579 0.503018 0.758589 0.502984
0 0.565921 0.357484 0.579563 0.393384 0.609480 0.382016 0.610746 0.380652 0.609596 0.377626 0.581815 0.350086 0.576879 0.348825 0.575984 0.349028 0.574572 0.349473 0.572859 0.350092 0.571107 0.350790 0.569586 0.351459 0.568528 0.351998 0.568094 0.352324
0 0.476324 0.241268 0.476867 0.247181 0.485989 0.260330 0.517544 0.238438 0.518620 0.232341 0.518435 0.231685 0.517857 0.230522 0.516975 0.229029 0.515923 0.227434 0.514862 0.225983 0.513956 0.224898 0.513343 0.224345 0.508520 0.222114 0.479015 0.239401
0 0.149597 0.651626 0.152673 0.688708 0.153325 0.691918 0.169374 0.688657 0.176932 0.684341 0.169284 0.646706 0.163631 0.644721 0.162983 0.644767 0.161704 0.644970 0.159988 0.645299 0.158094 0.645704 0.156308 0.646123 0.154900 0.646495 0.154084 0.646762
0 0.078597 0.809976 0.078921 0.816536 0.115633 0.829245 0.120026 0.825482 0.130496 0.795238 0.127472 0.794191 0.088969 0.797796 0.082321 0.801431 0.081649 0.802177 0.080837 0.803508 0.080008 0.805220 0.079291 0.807053 0.078795 0.808723
0 0.596446 0.260966 0.598047 0.266284 0.598764 0.267616 0.599835 0.269094 0.601094 0.270491 0.602349 0.271592 0.603407 0.272230 0.606627 0.273529 0.610663 0.271715 0.640706 0.247366 0.643105 0.245291 0.633020 0.232847 0.625331 0.235688
0 0.265590 0.665649 0.284408 0.699944 0.287001 0.701883 0.289435 0.699575 0.308607 0.673949 0.277855 0.650942 0.271911 0.652339 0.271390 0.652835 0.270505 0.653846 0.269391 0.655220 0.268220 0.656745 0.267170 0.658188 0.266404 0.659327 0.266038 0.659988
0 0.755339 0.470793 0.755413 0.474080 0.758591 0.477482 0.792665 0.495770 0.795511 0.497145 0.803086 0.483032 0.797604 0.476268 0.763060 0.459832 0.758754 0.463513 0.757806 0.464665 0.756859 0.466215 0.756056 0.467926 0.755523 0.469534
0 0.704966 0.514162 0.705116 0.527429 0.710266 0.560896 0.710731 0.562790 0.727040 0.561449 0.727014 0.534712 0.721099 0.512816
0 0.384257 0.815565 0.384310 0.817346 0.385126 0.824738 0.419448 0.830965 0.434352 0.824983 0.435454 0.809004 0.432608 0.808511 0.394029 0.805850 0.386238 0.808606 0.384564 0.813654
0 0.849821 0.360091 0.866018 0.387694 0.870250 0.386396 0.873043 0.384758 0.895565 0.352773 0.894859 0.347521 0.894360 0.346051 0.893526 0.344412 0.892484 0.342854 0.891395 0.341617 0.890426 0.340891 0.887373 0.338812 0.882945 0.340654
0 0.340490 0.410146 0.356346 0.438372 0.357988 0.439077 0.391472 0.420268 0.392254 0.415328 0.392216 0.415120 0.391825 0.414304 0.391141 0.413007 0.390268 0.411424 0.389337 0.409795 0.388489 0.408365 0.387852 0.407351 0.387524 0.406909 0.382290 0.405233 0.343313 0.408561
0 0.038846 0.835989 0.077685 0.836885 0.082512 0.833035 0.083606 0.831810 0.084163 0.831006 0.084651 0.829592 0.084997 0.827786 0.085148 0.825859 0.085082 0.824103 0.084808 0.822782 0.082881 0.817037 0.048055 0.800227 0.044855 0.800153 0.039592 0.803623
0 0.482368 0.294173 0.485291 0.294561 0.523878 0.297119 0.530806 0.295429 0.532183 0.291706 0.532742 0.290027 0.533024 0.288140 0.532987 0.286335 0.531876 0.279294 0.496584 0.274368 0.483427 0.278191
0 0.165867 0.914519 0.165955 0.916474 0.166219 0.918209 0.166618 0.919459 0.169374 0.925168 0.208049 0.921486 0.211386 0.916668 0.208353 0.884808 0.205167 0.885111 0.171637 0.904378 0.166650 0.910231 0.166244 0.911139 0.165969 0.912645
0 0.650772 0.051027 0.650812 0.052253 0.650933 0.052797 0.653501 0.058485 0.687931 0.076091 0.691129 0.076239 0.693338 0.071339 0.694830 0.038999 0.656021 0.037210 0.651743 0.042691 0.651560 0.042928 0.651343 0.043897 0.651126 0.045449 0.650942 0.047347 0.650817 0.049305
0 0.392501 0.415290 0.402668 0.427667 0.405011 0.425886 0.434894 0.401340 0.439381 0.396055 0.436904 0.390571 0.435832 0.389018 0.434555 0.387711 0.429117 0.383560 0.400676 0.404894
0 0.932728 0.034653 0.932772 0.035944 0.932937 0.037689 0.933197 0.039620 0.933512 0.041441 0.933835 0.042873 0.934115 0.043698 0.939025 0.048058 0.977441 0.043619 0.980790 0.042852 0.978952 0.026941 0.975691 0.018431 0.935137 0.028010 0.932811 0.034013
0 0.829522 0.332926 0.844685 0.338041 0.854405 0.333478 0.859666 0.317887 0.855730 0.307276 0.840533 0.302148 0.839755 0.302600
0 0.851536 0.581110 0.851687 0.583906 0.858110 0.622040 0.862987 0.629923 0.868164 0.630066 0.870103 0.629940 0.871813 0.629451 0.878933 0.627237 0.877394 0.593470 0.867331 0.578450
0 0.552137 0.453631 0.554550 0.455234 0.587220 0.475925 0.593791 0.479252 0.598177 0.474950 0.599319 0.473462 0.600157 0.471823 0.602443 0.465591 0.573437 0.446069 0.560707 0.440099
0 0.505751 0.640047 0.505843 0.640590 0.506092 0.641769 0.506460 0.643404 0.506890 0.645245 0.507316 0.647011 0.507673 0.648428 0.507907 0.649282 0.507981 0.649442 0.512122 0.652662 0.549921 0.643687 0.542442 0.612188 0.541957 0.610906 0.538843 0.611645 0.508287 0.635347
0 0.221462 0.119779 0.222770 0.122740 0.225939 0.127053 0.254795 0.152797 0.258367 0.152940 0.259592 0.152905 0.261199 0.152533 0.262946 0.151881 0.264569 0.151046 0.265823 0.150154 0.269435 0.146334 0.253925 0.111200 0.251080 0.106704
0 0.698467 0.045711 0.698652 0.047180 0.699113 0.048955 0.699779 0.050768 0.700550 0.052347 0.701309 0.053452 0.705575 0.057836 0.740937 0.042856 0.746576 0.032160 0.740188 0.017081 0.737172 0.018359 0.701638 0.037818 0.698585 0.044773
0 0.235010 0.151183 0.235388 0.190031 0.238413 0.193574 0.240161 0.195201 0.240871 0.195599 0.242204 0.195929 0.243958 0.196140 0.245866 0.196202 0.247641 0.196104 0.249015 0.195863 0.254414 0.193418 0.270073 0.158059 0.270042 0.154858 0.267383 0.150868
0 0.010652 0.155196 0.021696 0.161688 0.056449 0.178648 0.058649 0.179622 0.065674 0.165228 0.044267 0.152168 0.017744 0.140663
0 0.170967 0.103142 0.180914 0.108415 0.219004 0.115092 0.221610 0.115231 0.224376 0.099454 0.205176 0.088596 0.173759 0.087215 0.171624 0.096129
0 0.017425 0.573098 0.053056 0.588582 0.058164 0.587570 0.070920 0.558217 0.067985 0.556941 0.029319 0.557586 0.023877 0.558252 0.021416 0.559923 0.020461 0.560952 0.019475 0.562439 0.018610 0.564156 0.017997 0.565839 0.017733 0.567230
