0 0.532042 0.496338 0.532987 0.499087 0.545941 0.535524 0.548666 0.542203 0.554899 0.541519 0.556707 0.541053 0.558386 0.540280 0.563902 0.536786 0.552672 0.503538 0.547134 0.490973
0 0.654825 0.635284 0.657830 0.640255 0.658391 0.640544 0.659575 0.641000 0.661202 0.641552 0.663022 0.642116 0.664756 0.642605 0.666138 0.642944 0.666957 0.643082 0.672136 0.641445 0.684383 0.608553 0.685313 0.605413 0.681076 0.603005 0.665733 0.598460
0 0.403784 0.599009 0.406926 0.599933 0.442166 0.608834 0.446689 0.606087 0.446863 0.605595 0.447217 0.604475 0.447697 0.602900 0.448231 0.601106 0.448738 0.599366 0.449140 0.597941 0.449379 0.597047 0.449415 0.596823 0.447347 0.592239 0.410504 0.581395 0.408408 0.583298
0 0.450522 0.931445 0.479107 0.957755 0.484844 0.955141 0.485896 0.954327 0.487148 0.953082 0.488407 0.951599 0.489479 0.950105 0.490201 0.948830 0.490463 0.947967 0.490183 0.940749 0.475117 0.905133 0.472762 0.902966 0.451088 0.926514
0 0.844798 0.858107 0.848785 0.862247 0.851543 0.863943 0.890357 0.868811 0.894415 0.865428 0.895534 0.864364 0.896610 0.862880 0.897477 0.861206 0.898001 0.859597 0.898837 0.855023 0.894278 0.850965 0.861565 0.830845
0 0.942057 0.837206 0.942838 0.839542 0.958749 0.874788 0.966326 0.884828 0.972957 0.881941 0.981064 0.878174 0.971941 0.849989 0.956656 0.830615
0 0.878716 0.390925 0.895669 0.425683 0.897322 0.428233 0.911719 0.421212 0.914542 0.407367 0.894299 0.376675 0.886684 0.378343 0.885046 0.378988 0.883358 0.379965 0.881878 0.381123 0.880833 0.382286 0.879765 0.383764
0 0.756277 0.512913 0.756318 0.513890 0.756617 0.515363 0.757126 0.517107 0.757771 0.518861 0.758453 0.520359 0.759069 0.521374 0.759526 0.521752 0.762275 0.523601 0.800721 0.527767 0.804198 0.528089 0.807272 0.527074 0.797129 0.496330 0.793733 0.496372 0.757261 0.508405
0 0.417476 0.372381 0.418419 0.373839 0.448715 0.384158 0.461097 0.347803 0.460647 0.346044 0.458929 0.342653 0.458527 0.342327 0.457487 0.341812 0.455968 0.341186 0.454201 0.340547 0.452458 0.339991 0.451008 0.339605 0.450070 0.339447 0.445325 0.340825 0.418520 0.369316
0 0.135420 0.771867 0.144151 0.774249 0.151318 0.774823 0.156156 0.765453 0.163226 0.727434 0.163440 0.724782 0.147692 0.721854 0.137722 0.739884
0 0.236187 0.321129 0.239235 0.327770 0.240094 0.329342 0.241328 0.330822 0.245332 0.334466 0.253443 0.332443 0.285338 0.310575 0.287540 0.308747 0.278482 0.295536 0.262603 0.298843
0 0.253345 0.837188 0.254018 0.846394 0.286871 0.851941 0.304556 0.845177 0.305241 0.829174 0.302514 0.828738 0.263878 0.827085 0.254710 0.830238 0.253635 0.835265
0 0.761045 0.680376 0.764063 0.682461 0.796311 0.685320 0.796597 0.682095 0.783618 0.645193 0.779083 0.640667 0.778350 0.640450 0.776999 0.640201 0.775237 0.639958 0.773331 0.639759 0.771568 0.639633 0.770214 0.639599 0.769475 0.639663 0.764436 0.642120
0 0.362177 0.655344 0.378246 0.691009 0.382365 0.693599 0.383282 0.693820 0.384766 0.693970 0.386590 0.694028 0.388473 0.693983 0.390127 0.693843 0.391298 0.693629 0.391809 0.693375 0.394433 0.691063 0.395639 0.688880 0.395767 0.650474 0.363763 0.650368 0.362188 0.652106
0 0.387869 0.173799 0.389151 0.177528 0.419828 0.200633 0.424357 0.198503 0.425069 0.198006 0.426065 0.196984 0.427192 0.195592 0.428281 0.194041 0.429167 0.192565 0.429717 0.191386 0.429845 0.190685 0.429456 0.187851 0.428640 0.184242 0.409932 0.149887 0.407346 0.147939
0 0.185703 0.395848 0.207910 0.419406 0.211249 0.420327 0.213577 0.418132 0.228218 0.382340 0.227045 0.376870 0.226633 0.376248 0.225766 0.375204 0.224575 0.373897 0.223239 0.372523 0.221961 0.371291 0.220933 0.370387 0.220313 0.369948 0.213972 0.369200
0 0.917766 0.557132 0.942423 0.586924 0.945301 0.588324 0.950449 0.589345 0.964613 0.560233 0.929678 0.543237 0.924767 0.542743 0.922007 0.544658 0.921080 0.545547 0.920083 0.546917 0.919167 0.548561 0.918471 0.550230 0.918100 0.551672
0 0.253178 0.874434 0.254881 0.877187 0.287376 0.898967 0.293174 0.898222 0.293834 0.898117 0.295016 0.897589 0.296539 0.896719 0.298169 0.895640 0.299656 0.894518 0.300772 0.893525 0.301348 0.892812 0.303417 0.885992 0.283222 0.853325 0.256000 0.870154
0 0.891667 0.379848 0.894485 0.381366 0.933068 0.383968 0.940095 0.382089 0.940851 0.381609 0.941843 0.380552 0.942919 0.379079 0.943915 0.377415 0.944677 0.375815 0.945088 0.374526 0.945751 0.368375 0.911545 0.349955 0.906841 0.351670
0 0.412512 0.890957 0.420314 0.929015 0.452029 0.922513 0.452578 0.917684 0.451935 0.914548 0.429188 0.883275 0.423741 0.882126 0.422268 0.882155 0.420485 0.882425 0.418660 0.882895 0.417068 0.883494 0.415952 0.884133 0.413512 0.886489
0 0.040237 0.789546 0.051095 0.801322 0.053661 0.799062 0.082093 0.772848 0.082619 0.771181 0.082883 0.767274 0.082695 0.766807 0.082037 0.765869 0.081007 0.764603 0.079765 0.763203 0.078499 0.761883 0.077405 0.760846 0.076649 0.760250 0.076347 0.760186 0.071657 0.759292 0.040410 0.786528
0 0.100820 0.958973 0.127954 0.980676 0.147488 0.976739 0.154828 0.962502 0.152564 0.960729 0.118193 0.943008 0.108230 0.944600 0.105246 0.947882 0.104169 0.949564 0.103551 0.951171
0 0.505676 0.156295 0.529866 0.186125 0.554724 0.165967 0.555357 0.162105 0.553318 0.159591 0.518315 0.142125 0.513288 0.143314 0.512488 0.143575 0.511276 0.144297 0.509839 0.145371 0.508397 0.146632 0.507171 0.147886 0.506349 0.148941 0.506055 0.149635 0.505742 0.152321
0 0.783076 0.952828 0.786349 0.958064 0.816996 0.968498 0.818040 0.965434 0.814195 0.926505 0.810444 0.919778 0.809687 0.919107 0.808353 0.918302 0.806645 0.917487 0.804822 0.916785 0.803158 0.916300 0.801905 0.916107 0.795455 0.916472
0 0.905240 0.742870 0.907638 0.781201 0.912351 0.784452 0.944663 0.782431 0.944461 0.779200 0.926081 0.744668 0.920206 0.740049 0.919286 0.739755 0.917776 0.739553 0.915906 0.739472 0.913960 0.739524 0.912230 0.739702 0.910978 0.739978
0 0.144785 0.609388 0.149703 0.616978 0.186273 0.629370 0.190441 0.625043 0.191240 0.623851 0.192025 0.622235 0.192678 0.620442 0.193097 0.618747 0.193219 0.617410 0.192559 0.614471 0.189656 0.610706 0.154026 0.595673 0.151012 0.594630
0 0.884304 0.559348 0.886923 0.564473 0.887340 0.565009 0.888320 0.565871 0.889715 0.566927 0.891314 0.568018 0.892875 0.568979 0.894164 0.569665 0.894983 0.569972 0.901902 0.569467 0.924543 0.537897 0.898234 0.519030 0.893682 0.518812 0.891817 0.521413
0 0.104965 0.748226 0.137339 0.748478 0.141484 0.745638 0.141509 0.742438 0.125782 0.707109 0.120572 0.704581 0.119951 0.704345 0.118673 0.704180 0.116932 0.704113 0.114989 0.704152 0.113140 0.704292 0.111662 0.704512 0.110782 0.704779 0.105268 0.709377
0 0.866021 0.312912 0.897902 0.315714 0.902503 0.313583 0.905905 0.274883 0.900232 0.271808 0.898967 0.271499 0.897225 0.271277 0.895274 0.271175 0.893413 0.271209 0.891929 0.271373 0.891045 0.271643 0.885324 0.276055 0.866301 0.309724
0 0.181335 0.107701 0.181752 0.114302 0.181953 0.114758 0.182549 0.115801 0.183449 0.117271 0.184517 0.118942 0.185587 0.120558 0.186496 0.121872 0.187105 0.122682 0.187323 0.122868 0.193474 0.125745 0.231803 0.120611 0.234515 0.118911 0.217521 0.091792 0.214255 0.087072
0 0.950481 0.512269 0.950650 0.513832 0.952056 0.518730 0.985351 0.538400 0.988533 0.538742 0.994182 0.539190 0.997639 0.507001 0.959012 0.502852 0.953765 0.502819 0.951377 0.507059 0.950874 0.508606 0.950559 0.510435
0 0.401997 0.485163 0.402020 0.486224 0.402119 0.486608 0.404715 0.490041 0.438871 0.509109 0.442098 0.509376 0.442759 0.509269 0.445398 0.477373 0.444766 0.477111 0.406049 0.473909 0.402915 0.476985 0.402757 0.477321 0.402561 0.478341 0.402359 0.479891 0.402180 0.481733 0.402053 0.483586
0 0.017602 0.404332 0.021175 0.443287 0.022778 0.446100 0.028233 0.446716 0.056038 0.430866 0.037018 0.397501 0.029867 0.395535 0.028926 0.395579 0.027486 0.395981 0.025766 0.396682 0.024031 0.397573 0.022546 0.398517 0.021539 0.399371
0 0.640337 0.107736 0.674970 0.124337 0.680372 0.120922 0.680622 0.120403 0.681162 0.119278 0.681910 0.117718 0.682754 0.115957 0.683566 0.114261 0.684223 0.112887 0.684625 0.112045 0.684710 0.111864 0.683990 0.105396 0.658873 0.075406 0.655954 0.074006 0.641960 0.103200
0 0.072531 0.237381 0.080276 0.251811 0.089873 0.257484 0.123712 0.239322 0.123364 0.233399 0.123290 0.232776 0.122833 0.231600 0.122061 0.230047 0.121091 0.228354 0.120069 0.226774 0.119150 0.225548 0.118474 0.224862 0.111706 0.222046 0.075417 0.235832
0 0.867285 0.616234 0.868820 0.648201 0.873084 0.649915 0.911889 0.648052 0.913724 0.642758 0.913959 0.641295 0.913980 0.639480 0.913782 0.637592 0.913396 0.635921 0.912883 0.634721 0.911113 0.631883 0.874766 0.617422 0.870482 0.616080
0 0.700908 0.522302 0.701494 0.529052 0.704923 0.531158 0.706491 0.531959 0.708308 0.532537 0.710094 0.532803 0.717238 0.532740 0.727912 0.498323 0.726188 0.485450 0.710593 0.481796 0.709729 0.484650
