0 0.790951 0.999051 0.792393 1.000000 0.842369 1.000000 0.844641 0.999854 0.840703 0.994142 0.817897 0.971685
0 0.331546 0.341179 0.358465 0.369191 0.360083 0.370686 0.383159 0.348510 0.381808 0.346758 0.379565 0.344424 0.343218 0.329962 0.338951 0.330735 0.338014 0.331273 0.336759 0.332235 0.335380 0.333475 0.334086 0.334804 0.333079 0.336015 0.332510 0.336925
0 0.629788 0.872781 0.630358 0.879095 0.666558 0.892102 0.675956 0.887128 0.679814 0.871582 0.676816 0.870528 0.639283 0.861214 0.634252 0.863401 0.632851 0.864307 0.632180 0.864917 0.631433 0.866149 0.630724 0.867816 0.630162 0.869664 0.629833 0.871408
0 0.281117 0.050363 0.283789 0.052341 0.316512 0.072950 0.322896 0.071859 0.323525 0.071441 0.324453 0.070464 0.325536 0.069075 0.326609 0.067487 0.327508 0.065944 0.328094 0.064682 0.328278 0.063894 0.328863 0.058343 0.296635 0.034171 0.289653 0.036809
0 0.463029 0.408987 0.467736 0.410821 0.469254 0.411286 0.471085 0.411525 0.472948 0.411504 0.474557 0.411223 0.479172 0.409939 0.479779 0.404265 0.482056 0.365661 0.482211 0.362622 0.466222 0.361679 0.464705 0.372252
0 0.484575 0.783660 0.506598 0.807390 0.535074 0.780964 0.535190 0.774663 0.534894 0.774032 0.534145 0.772961 0.533057 0.771613 0.531796 0.770192 0.530551 0.768912 0.529511 0.767968 0.528833 0.767501 0.523788 0.766023 0.487098 0.778240 0.484752 0.780417
0 0.565363 0.770840 0.565444 0.772652 0.565847 0.774533 0.566511 0.776196 0.570097 0.782616 0.605134 0.775596 0.615639 0.766034 0.611023 0.750697 0.608128 0.751299 0.571097 0.762443 0.565437 0.767132
0 0.463665 0.307730 0.464080 0.309928 0.465071 0.312971 0.495505 0.303070 0.495453 0.300793 0.483434 0.263849 0.479033 0.262751 0.478012 0.262809 0.476501 0.263118 0.474732 0.263629 0.472976 0.264265 0.471503 0.264927 0.470538 0.265515 0.468041 0.268857
0 0.171673 0.264493 0.174352 0.281986 0.189560 0.287013 0.190768 0.284448 0.202904 0.247730 0.201880 0.238724 0.197496 0.236101 0.195714 0.235313 0.193982 0.234940 0.186526 0.233649
0 0.728226 0.551013 0.730419 0.556044 0.731042 0.556543 0.732187 0.557340 0.733679 0.558315 0.735293 0.559321 0.736786 0.560205 0.737932 0.560834 0.738556 0.561112 0.744514 0.560306 0.777309 0.538982 0.779050 0.536252 0.751753 0.518846 0.748875 0.518630
0 0.188191 0.906262 0.197689 0.919186 0.203136 0.920277 0.216394 0.910533 0.224170 0.899274 0.214694 0.886379 0.188904 0.905333
0 0.588585 0.944507 0.589609 0.949646 0.591977 0.951773 0.593104 0.952507 0.594708 0.953187 0.596543 0.953707 0.598327 0.953989 0.599787 0.953989 0.605413 0.953150 0.628925 0.921886 0.629626 0.918726 0.628144 0.913940 0.596898 0.907012
0 0.620212 0.296024 0.620796 0.299547 0.620898 0.300069 0.621507 0.301025 0.622529 0.302269 0.623809 0.303612 0.625154 0.304853 0.626361 0.305804 0.627247 0.306321 0.631613 0.307253 0.658561 0.279889 0.660395 0.277344 0.637328 0.254628 0.635056 0.256934 0.633513 0.259713
0 0.603000 0.093661 0.604711 0.098569 0.605134 0.099350 0.606048 0.100470 0.607315 0.101756 0.608739 0.103011 0.610102 0.104042 0.611195 0.104693 0.611853 0.104864 0.614756 0.104764 0.618109 0.104063 0.644664 0.075949 0.646803 0.073427 0.635159 0.062429 0.628737 0.062963
0 0.155316 0.501970 0.192976 0.511511 0.196485 0.511379 0.199334 0.508796 0.199926 0.507774 0.200533 0.506255 0.201063 0.504468 0.201437 0.502684 0.201598 0.501171 0.201522 0.500159 0.200415 0.495867 0.170218 0.471709 0.167115 0.470923 0.163266 0.470587
0 0.618038 0.607978 0.619403 0.609226 0.652999 0.628735 0.657085 0.626779 0.657788 0.626013 0.658696 0.624749 0.659669 0.623178 0.660558 0.621543 0.661226 0.620094 0.661571 0.619053 0.661543 0.618578 0.661128 0.614737 0.638460 0.582855 0.636878 0.581908 0.634110 0.580301
0 0.592996 0.053548 0.630007 0.063801 0.634830 0.059332 0.634910 0.059104 0.635186 0.058167 0.635618 0.056660 0.636139 0.054814 0.636670 0.052909 0.637129 0.051241 0.637446 0.050064 0.637571 0.049558 0.635832 0.043157 0.605834 0.018051 0.602714 0.017186 0.594071 0.048386
0 0.272951 0.081859 0.273113 0.082752 0.273783 0.084627 0.276369 0.089375 0.303051 0.117367 0.306020 0.118562 0.317972 0.088873 0.315867 0.084119 0.279828 0.069611 0.275644 0.074067 0.274889 0.075205 0.274137 0.076813 0.273505 0.078644 0.273088 0.080417
0 0.075920 0.577374 0.079714 0.581610 0.080203 0.582123 0.081327 0.582815 0.082915 0.583582 0.084722 0.584305 0.086471 0.584872 0.087895 0.585198 0.088775 0.585233 0.095422 0.582918 0.124219 0.557106 0.125504 0.554176 0.096196 0.541319 0.091527 0.541797
0 0.232912 0.648998 0.265267 0.650122 0.267950 0.648406 0.269284 0.610024 0.264803 0.606973 0.264022 0.606817 0.262637 0.606683 0.260859 0.606591 0.258956 0.606555 0.257214 0.606580 0.255898 0.606663 0.255209 0.606791 0.250439 0.610734 0.233024 0.645762
0 0.862905 0.730848 0.862957 0.734049 0.879524 0.768991 0.884979 0.773905 0.885856 0.774261 0.887338 0.774552 0.889199 0.774733 0.891156 0.774775 0.892906 0.774673 0.894181 0.774442 0.900097 0.771841 0.899472 0.732996 0.894906 0.730333
0 0.744070 0.107994 0.744601 0.110247 0.746204 0.113448 0.746617 0.113823 0.747669 0.114366 0.749200 0.114994 0.750977 0.115610 0.752726 0.116119 0.754178 0.116444 0.755114 0.116536 0.760006 0.115165 0.773893 0.076652 0.772220 0.072841 0.756961 0.067969 0.755832 0.071154
0 0.632542 0.697544 0.633781 0.735930 0.635327 0.738658 0.667685 0.737613 0.667581 0.734378 0.650253 0.699306 0.648536 0.697028 0.646062 0.694846 0.645503 0.694601 0.644297 0.694418 0.642629 0.694323 0.640751 0.694332 0.638947 0.694442 0.637489 0.694637 0.636598 0.694889
0 0.059385 0.711401 0.087221 0.727932 0.091939 0.725327 0.111550 0.692306 0.108036 0.687647 0.106985 0.686710 0.105505 0.685721 0.103818 0.684829 0.102179 0.684169 0.100836 0.683841 0.099993 0.683896 0.097791 0.684135 0.093141 0.686264 0.061038 0.708617
0 0.271515 0.387849 0.274398 0.389128 0.309800 0.404692 0.313926 0.406383 0.316808 0.403793 0.317637 0.402997 0.318541 0.401670 0.319382 0.400013 0.320030 0.398282 0.320386 0.396742 0.320397 0.395628 0.320434 0.391579 0.285632 0.375938 0.277961 0.373186
0 0.756744 0.915927 0.759713 0.920736 0.792085 0.921120 0.792547 0.882273 0.789203 0.877904 0.787687 0.876618 0.786941 0.876117 0.785576 0.875685 0.783802 0.875386 0.781887 0.875266 0.780119 0.875343 0.778765 0.875604 0.773201 0.877714 0.756782 0.912726
0 0.106219 0.122995 0.116288 0.153765 0.120674 0.157722 0.123716 0.156727 0.152198 0.130569 0.152855 0.123896 0.152628 0.122692 0.152146 0.121041 0.151483 0.119191 0.150737 0.117422 0.150021 0.116001 0.149445 0.115145 0.143142 0.110913
0 0.654754 0.677462 0.672187 0.711683 0.674177 0.714130 0.678159 0.714602 0.679294 0.714367 0.680829 0.713814 0.682529 0.713029 0.684132 0.712131 0.685393 0.711260 0.686120 0.710547 0.688601 0.706782 0.674453 0.677096 0.672966 0.674178 0.669013 0.670198
0 0.318017 0.687917 0.343048 0.717628 0.367807 0.696768 0.369318 0.694519 0.367256 0.692072 0.332335 0.675459 0.326654 0.675930 0.326049 0.676407 0.324984 0.677281 0.323622 0.678421 0.322167 0.679655 0.320840 0.680795 0.319840 0.681671 0.319321 0.682147
0 0.112074 0.379108 0.112286 0.380506 0.112778 0.382230 0.113474 0.384017 0.114267 0.385592 0.115035 0.386713 0.115661 0.387210 0.117735 0.388523 0.122104 0.389797 0.160580 0.393675 0.163612 0.392649 0.153357 0.362332 0.149349 0.360740 0.112548 0.373189
0 0.936317 0.530417 0.946421 0.567470 0.951582 0.568250 0.982816 0.559733 0.981965 0.556609 0.956978 0.526510 0.950347 0.523905 0.949399 0.523970 0.947890 0.524218 0.946050 0.524611 0.944157 0.525089 0.942496 0.525580 0.941318 0.526010 0.940803 0.526315
0 0.018543 0.631970 0.020143 0.634784 0.051821 0.657735 0.058623 0.658237 0.058886 0.658210 0.059787 0.657820 0.061186 0.657128 0.062870 0.656239 0.064585 0.655287 0.066072 0.654417 0.067106 0.653760 0.067531 0.653415 0.070854 0.648021 0.051865 0.614638 0.046683 0.615963
0 0.538799 0.948003 0.552593 0.961424 0.585829 0.966283 0.588889 0.959245 0.589588 0.957626 0.589952 0.955700 0.590476 0.950795 0.583191 0.944201 0.546151 0.933089 0.543402 0.932661
0 0.293743 0.491449 0.301695 0.529476 0.303962 0.529139 0.335288 0.522588 0.334633 0.519455 0.311764 0.488271 0.306831 0.485515 0.306216 0.485571 0.304971 0.485770 0.303287 0.486081 0.301420 0.486457 0.299658 0.486840 0.298271 0.487171 0.297471 0.487400 0.297379 0.487492
0 0.525073 0.477101 0.556866 0.480781 0.557523 0.480559 0.557895 0.477343 0.545909 0.440106 0.542841 0.436682 0.542532 0.436556 0.541538 0.436365 0.540008 0.436136 0.538177 0.435906 0.536325 0.435710 0.534738 0.435578 0.533658 0.435529 0.533249 0.435572 0.529830 0.438245 0.529489 0.438950
0 0.599842 0.885917 0.613961 0.900406 0.643954 0.912199 0.648825 0.904604 0.651454 0.897873 0.644011 0.890662 0.609750 0.872726 0.607271 0.871726
0 0.567650 0.607971 0.569377 0.611887 0.570078 0.613453 0.571145 0.615012 0.572414 0.616323 0.577860 0.620511 0.606479 0.599344 0.614542 0.588904 0.604429 0.576483 0.602070 0.578250 0.572082 0.602666
