0 0.844851 0.654297 0.844870 0.656015 0.845054 0.657907 0.845375 0.659681 0.845783 0.661066 0.846216 0.661850 0.849007 0.666165 0.888463 0.663217 0.893504 0.658009 0.891319 0.642141 0.888063 0.642404 0.849752 0.647680 0.846801 0.650145 0.845291 0.652364 0.844999 0.653015
0 0.350937 0.272852 0.351009 0.276127 0.353512 0.314320 0.355186 0.316443 0.357647 0.318736 0.358201 0.318967 0.359403 0.319146 0.361069 0.319247 0.362946 0.319254 0.364752 0.319166 0.366213 0.318997 0.367109 0.318772 0.371185 0.316093 0.370343 0.277697 0.367310 0.272493
0 0.641775 0.472836 0.644176 0.511433 0.646793 0.515841 0.646943 0.515951 0.647754 0.516306 0.649103 0.516850 0.650784 0.517502 0.652545 0.518163 0.654118 0.518734 0.655267 0.519127 0.655816 0.519284 0.660967 0.517335 0.674816 0.481038 0.644568 0.469497 0.642916 0.469846
0 0.890425 0.531708 0.890496 0.533572 0.890684 0.535400 0.890960 0.536909 0.891282 0.537870 0.894065 0.541617 0.934291 0.539601 0.938469 0.537848 0.937349 0.521870 0.934029 0.522053 0.895451 0.524758 0.892934 0.525486 0.890925 0.528519 0.890658 0.528973 0.890482 0.530092
0 0.238854 0.626341 0.242955 0.633520 0.248350 0.639429 0.256329 0.634089 0.287629 0.611378 0.289788 0.609771 0.280381 0.596807 0.264750 0.606818
0 0.216929 0.764049 0.249195 0.785685 0.255152 0.783343 0.255270 0.783275 0.255797 0.782596 0.256651 0.781414 0.257702 0.779907 0.258791 0.778304 0.259754 0.776847 0.260445 0.775756 0.260759 0.775196 0.260974 0.769129 0.240647 0.736231 0.237989 0.734449 0.234959 0.737160
0 0.028189 0.419513 0.029009 0.425890 0.062745 0.447846 0.067530 0.445561 0.068236 0.445053 0.069226 0.444017 0.070351 0.442610 0.071437 0.441049 0.072317 0.439573 0.072858 0.438409 0.072978 0.437732 0.072406 0.434878 0.071544 0.431599 0.040531 0.408497 0.037758 0.406668
0 0.908530 0.066418 0.910228 0.071782 0.910705 0.072116 0.911767 0.072730 0.913253 0.073532 0.914937 0.074399 0.916558 0.075197 0.917869 0.075804 0.918670 0.076128 0.918839 0.076120 0.924257 0.075111 0.945260 0.038261 0.941949 0.036040 0.927645 0.028833 0.925929 0.031881
0 0.587256 0.745905 0.591750 0.784046 0.592810 0.787331 0.624963 0.783543 0.624584 0.780327 0.623160 0.777123 0.603148 0.744032 0.599648 0.742139 0.598499 0.741990 0.596875 0.741993 0.595021 0.742145 0.593217 0.742424 0.591735 0.742787 0.590799 0.743181
0 0.426282 0.739496 0.447306 0.764115 0.449768 0.762012 0.466337 0.726576 0.466722 0.723986 0.467041 0.720605 0.466846 0.720035 0.466205 0.718995 0.465216 0.717645 0.464029 0.716188 0.462824 0.714844 0.461781 0.713816 0.461060 0.713260 0.456329 0.711817 0.427125 0.736759
0 0.358393 0.558098 0.360715 0.560354 0.397537 0.573561 0.402822 0.573213 0.403205 0.572853 0.404041 0.572023 0.405201 0.570850 0.406509 0.569510 0.407768 0.568207 0.408788 0.567138 0.409414 0.566463 0.409551 0.566287 0.409859 0.561243 0.382314 0.534480 0.380953 0.534879
0 0.182374 0.756857 0.183321 0.763491 0.197801 0.770339 0.199333 0.767450 0.215867 0.732491 0.215741 0.728886 0.214515 0.726281 0.214167 0.725705 0.213206 0.724901 0.211778 0.723991 0.210102 0.723116 0.208433 0.722409 0.207029 0.721979 0.206105 0.721891 0.201123 0.721972
0 0.403110 0.486650 0.428266 0.516255 0.433345 0.516684 0.433713 0.516424 0.434583 0.515730 0.435821 0.514707 0.437241 0.513511 0.438628 0.512321 0.439773 0.511319 0.440503 0.510655 0.440704 0.510431 0.441280 0.505708 0.430679 0.468518 0.428606 0.466079 0.427781 0.465687
0 0.533725 0.298755 0.537248 0.301486 0.538249 0.301769 0.539779 0.302008 0.541607 0.302169 0.543456 0.302226 0.545048 0.302170 0.546142 0.302011 0.546570 0.301771 0.549699 0.299698 0.567749 0.265497 0.568532 0.262786 0.568723 0.259554 0.536405 0.257646 0.535989 0.260416
0 0.274487 0.316645 0.288894 0.323645 0.290367 0.321191 0.307267 0.286408 0.308165 0.278143 0.303937 0.274706 0.302292 0.273706 0.300608 0.273088 0.293621 0.271077 0.275607 0.300566
0 0.889449 0.114899 0.889467 0.116762 0.889616 0.118255 0.889874 0.119151 0.894312 0.124543 0.932810 0.128207 0.936123 0.128131 0.937641 0.112186 0.933473 0.102653 0.893329 0.103863 0.890114 0.109960 0.889800 0.111214 0.889566 0.112949
0 0.744440 0.801847 0.747266 0.805337 0.778994 0.811776 0.786721 0.773703 0.782599 0.768138 0.781867 0.767711 0.780529 0.767205 0.778790 0.766695 0.776912 0.766259 0.775179 0.765962 0.773853 0.765850 0.773135 0.765939 0.767761 0.767391 0.745076 0.798710
0 0.885098 0.890275 0.885207 0.892002 0.885518 0.893935 0.885983 0.895781 0.886534 0.897262 0.887086 0.898151 0.893110 0.903277 0.931706 0.898850 0.928017 0.866686 0.923124 0.862495 0.919945 0.862859 0.886793 0.882770 0.885207 0.889014
0 0.887874 0.159040 0.890567 0.163483 0.891483 0.164724 0.892805 0.165979 0.894332 0.167059 0.895835 0.167801 0.900250 0.169184 0.934944 0.152101 0.939973 0.148079 0.942025 0.145575 0.916987 0.125052 0.912220 0.129337
0 0.024689 0.069321 0.024928 0.071210 0.025382 0.072735 0.026429 0.074687 0.031842 0.079548 0.070139 0.082420 0.072533 0.050506 0.067591 0.045308 0.064362 0.045066 0.027639 0.058545 0.024967 0.065624 0.024703 0.067359
0 0.391722 0.834771 0.397963 0.849546 0.410478 0.852172 0.425635 0.845769 0.427678 0.836292 0.421451 0.821551 0.391970 0.834006
0 0.029586 0.819995 0.047518 0.846950 0.050213 0.845157 0.055354 0.841212 0.075803 0.808389 0.074683 0.803670 0.074135 0.802143 0.073227 0.800531 0.072095 0.799076 0.070910 0.797998 0.066940 0.795066 0.034963 0.816338
0 0.277427 0.400748 0.300669 0.423285 0.302948 0.424161 0.329683 0.396590 0.328774 0.391299 0.328736 0.391187 0.328178 0.390582 0.327185 0.389576 0.325908 0.388323 0.324540 0.387012 0.323288 0.385840 0.322340 0.384985 0.321841 0.384577 0.316093 0.384125 0.279681 0.398423
0 0.161475 0.598252 0.164705 0.598479 0.168537 0.597353 0.204778 0.583860 0.207131 0.580898 0.207531 0.579766 0.207859 0.578149 0.208064 0.576292 0.208117 0.574474 0.208009 0.572971 0.207756 0.572010 0.205901 0.567897 0.167590 0.565203 0.163747 0.565957
0 0.643714 0.262380 0.646272 0.265121 0.647241 0.265801 0.648722 0.266503 0.650489 0.267119 0.652270 0.267554 0.653793 0.267742 0.654823 0.267654 0.659219 0.266973 0.671219 0.230001 0.671418 0.222914 0.656060 0.218364 0.655085 0.221424 0.644100 0.258503
0 0.623584 0.194917 0.636019 0.205014 0.637726 0.203031 0.662104 0.173011 0.668027 0.164378 0.662372 0.158955 0.655473 0.154184 0.634748 0.177916
0 0.469593 0.771594 0.483336 0.807589 0.488912 0.813364 0.503631 0.807046 0.502479 0.804079 0.487226 0.768542 0.484453 0.765216 0.481020 0.764790 0.479783 0.764877 0.478156 0.765277 0.476390 0.765931 0.474756 0.766737 0.473504 0.767572
0 0.296405 0.659400 0.297762 0.663634 0.298326 0.664508 0.299359 0.665664 0.300703 0.666927 0.302152 0.668101 0.303484 0.669008 0.304494 0.669507 0.308602 0.670042 0.310790 0.668098 0.336039 0.639159 0.311923 0.618118 0.309749 0.619484 0.307620 0.621924
0 0.116242 0.570046 0.116373 0.571556 0.118054 0.576774 0.151873 0.596433 0.155095 0.596756 0.159037 0.595650 0.162229 0.563805 0.124016 0.559974 0.119668 0.560667 0.117589 0.563630 0.117055 0.564745 0.116611 0.566357 0.116326 0.568220
0 0.426276 0.696712 0.427541 0.702391 0.428133 0.704194 0.429038 0.705776 0.432815 0.711502 0.464723 0.699503 0.477583 0.689986 0.471105 0.675337 0.468468 0.676349 0.433100 0.691987
0 0.315188 0.298895 0.328239 0.335772 0.330485 0.338104 0.332423 0.339954 0.355471 0.317749 0.353800 0.315642 0.326846 0.287664 0.322651 0.288631 0.321697 0.289122 0.320432 0.290054 0.319049 0.291285 0.317762 0.292626 0.316768 0.293871 0.316218 0.294829
0 0.122261 0.635834 0.122994 0.638987 0.154527 0.631653 0.158476 0.630148 0.149775 0.592741 0.143964 0.590636 0.143345 0.590771 0.142090 0.591057 0.140390 0.591450 0.138502 0.591892 0.136710 0.592314 0.135286 0.592654 0.134447 0.592860 0.134322 0.592899 0.129959 0.597480
0 0.377096 0.585915 0.385677 0.595355 0.416205 0.614127 0.421325 0.609529 0.422473 0.608110 0.423406 0.606469 0.423981 0.604856 0.425297 0.600755 0.420598 0.595983 0.388619 0.574239 0.386102 0.572669
0 0.909949 0.660087 0.910906 0.666347 0.911438 0.667540 0.912319 0.669050 0.913416 0.670648 0.914563 0.672093 0.915587 0.673167 0.916333 0.673706 0.923380 0.675595 0.956155 0.654736 0.938773 0.627423 0.933757 0.625967 0.931057 0.627685
0 0.300958 0.377255 0.303894 0.382302 0.304495 0.382587 0.305689 0.383090 0.307293 0.383733 0.309065 0.384418 0.310736 0.385044 0.312055 0.385514 0.312822 0.385758 0.312918 0.385738 0.318189 0.384352 0.345670 0.357144 0.346809 0.354153 0.345037 0.352467 0.314781 0.340948
