0 0.051302 0.102497 0.058219 0.140726 0.063269 0.144832 0.064535 0.145583 0.065470 0.145985 0.066983 0.146194 0.068842 0.146180 0.070767 0.145945 0.072467 0.145524 0.073685 0.144981 0.079016 0.141983 0.088494 0.104491 0.087924 0.101342 0.083159 0.096733
0 0.262040 0.730784 0.262161 0.732690 0.262407 0.734474 0.262740 0.735860 0.263109 0.736639 0.265834 0.740942 0.302872 0.753528 0.306094 0.753208 0.308310 0.750314 0.305145 0.718466 0.266928 0.722264 0.264233 0.724834 0.262503 0.727083 0.262226 0.727749 0.262063 0.729049
0 0.282428 0.482401 0.283172 0.521244 0.287702 0.524480 0.287790 0.524505 0.288601 0.524512 0.290013 0.524500 0.291812 0.524471 0.293720 0.524429 0.295444 0.524381 0.296721 0.524334 0.297357 0.524294 0.301650 0.520694 0.316975 0.485189 0.316914 0.481990 0.314797 0.481781
0 0.099738 0.135381 0.105160 0.174884 0.111413 0.177281 0.112726 0.177458 0.114487 0.177489 0.116426 0.177371 0.118244 0.177121 0.119663 0.176777 0.120468 0.176393 0.125111 0.171271 0.124202 0.132610 0.123778 0.129346 0.107765 0.129723
0 0.660469 0.391597 0.668138 0.422669 0.671245 0.421902 0.673225 0.421000 0.703921 0.396751 0.705298 0.393400 0.705481 0.392902 0.705460 0.391763 0.705238 0.390156 0.704848 0.388327 0.704350 0.386557 0.703820 0.385117 0.703341 0.384228 0.700042 0.381035 0.662325 0.390344
0 0.777902 0.263591 0.780007 0.265511 0.811447 0.288028 0.820162 0.289696 0.824032 0.286303 0.825310 0.284836 0.826186 0.283294 0.829578 0.276549 0.804346 0.253146 0.787228 0.250569
0 0.905272 0.344537 0.912988 0.382430 0.917541 0.386041 0.918093 0.386402 0.919303 0.386836 0.920988 0.387278 0.922893 0.387661 0.924731 0.387927 0.926225 0.388035 0.927145 0.387970 0.933540 0.384694 0.942236 0.346830 0.910683 0.339584 0.905988 0.341417
0 0.356200 0.902582 0.356251 0.904062 0.356462 0.905903 0.356800 0.907826 0.357214 0.909534 0.357639 0.910764 0.358011 0.911330 0.361479 0.915997 0.399521 0.908119 0.400670 0.903454 0.394180 0.872115 0.391046 0.872764 0.359817 0.895572 0.356315 0.901691
0 0.659671 0.703092 0.661517 0.705441 0.664706 0.706000 0.702581 0.696215 0.705676 0.692400 0.706088 0.691583 0.706515 0.690179 0.706890 0.688403 0.707156 0.686527 0.707272 0.684841 0.707221 0.683602 0.707011 0.682997 0.705380 0.680272 0.703032 0.678211 0.665205 0.671570
0 0.156432 0.287170 0.161303 0.319325 0.171645 0.335932 0.187162 0.331962 0.186736 0.329298 0.177151 0.291834 0.172098 0.283162 0.166777 0.283846 0.164867 0.284105
0 0.159308 0.534130 0.163742 0.572725 0.169191 0.575395 0.169863 0.575360 0.171176 0.575237 0.172932 0.575045 0.174859 0.574814 0.176663 0.574579 0.178067 0.574376 0.178856 0.574235 0.183483 0.570068 0.195363 0.533266 0.194998 0.530087 0.191471 0.530435
0 0.199600 0.709657 0.199726 0.710448 0.201031 0.715612 0.239084 0.723439 0.242066 0.720885 0.248514 0.689536 0.245379 0.688892 0.207672 0.697473 0.201993 0.701072 0.201525 0.701698 0.200979 0.702952 0.200438 0.704643 0.199986 0.706514 0.199692 0.708275
0 0.546703 0.459400 0.557743 0.471004 0.568781 0.461055 0.593588 0.437149 0.590178 0.431737 0.589034 0.430275 0.587627 0.429056 0.582442 0.425434 0.576786 0.430774 0.548769 0.457430
0 0.212506 0.898895 0.217343 0.901843 0.218671 0.902452 0.220416 0.902921 0.222307 0.903178 0.224055 0.903183 0.225392 0.902937 0.228380 0.902064 0.251227 0.870312 0.254071 0.866079 0.254697 0.862940 0.223312 0.856673 0.220113 0.860797
0 0.705452 0.733749 0.705538 0.735045 0.705759 0.735720 0.707514 0.738008 0.709913 0.740760 0.748396 0.746082 0.752831 0.714012 0.749941 0.711566 0.746770 0.711128 0.709705 0.722157 0.706759 0.726219 0.706385 0.727001 0.706017 0.728379 0.705711 0.730143 0.705513 0.732028
0 0.465825 0.196495 0.466216 0.199964 0.466672 0.202891 0.467015 0.203495 0.467904 0.204429 0.469202 0.205552 0.470713 0.206693 0.472209 0.207681 0.473463 0.208366 0.474286 0.208644 0.479275 0.209213 0.501471 0.177871 0.501488 0.174146 0.475068 0.155436 0.473196 0.158078
0 0.260947 0.128818 0.271329 0.141016 0.273764 0.139467 0.303213 0.114403 0.306240 0.106011 0.304108 0.101545 0.302977 0.099942 0.301709 0.098727 0.295760 0.093697 0.266172 0.112146
0 0.740135 0.901304 0.758288 0.913468 0.789364 0.918189 0.792342 0.909601 0.793696 0.902609 0.784259 0.896646 0.747001 0.886287 0.744426 0.885872
0 0.065334 0.694575 0.069558 0.701709 0.074105 0.708161 0.084100 0.702403 0.116589 0.681429 0.118676 0.680019 0.109989 0.666562 0.090317 0.677449
0 0.000000 0.553485 0.032973 0.572887 0.037810 0.569875 0.038467 0.569451 0.039398 0.568451 0.040462 0.567029 0.041495 0.565402 0.042338 0.563820 0.042862 0.562526 0.042989 0.561716 0.041441 0.555190 0.009574 0.533282 0.006706 0.531661 0.000000 0.543062
0 0.543463 0.202586 0.557948 0.231125 0.592195 0.213743 0.594318 0.207680 0.594276 0.206965 0.593907 0.205701 0.593266 0.204079 0.592452 0.202348 0.591588 0.200773 0.590809 0.199597 0.590233 0.198999 0.585935 0.195999 0.546853 0.197682 0.543966 0.199147
0 0.667604 0.748548 0.667632 0.749189 0.667887 0.752274 0.669828 0.755191 0.702891 0.775591 0.719891 0.748038 0.717377 0.745203 0.714654 0.743523 0.676290 0.738655 0.672282 0.740965 0.671542 0.741585 0.670594 0.742734 0.669582 0.744237 0.668660 0.745869 0.667965 0.747382
0 0.650479 0.108555 0.650771 0.109929 0.651346 0.111622 0.652118 0.113377 0.652969 0.114929 0.653771 0.116045 0.658347 0.119946 0.697002 0.118805 0.699875 0.117396 0.702186 0.112972 0.687926 0.083907 0.653048 0.101019 0.651299 0.105579 0.650516 0.107709
0 0.649610 0.337306 0.662309 0.373551 0.692513 0.362968 0.694739 0.361384 0.693668 0.358329 0.666616 0.330072 0.661356 0.328781 0.660547 0.328936 0.659184 0.329327 0.657476 0.329895 0.655686 0.330553 0.654087 0.331199 0.652925 0.331735 0.652377 0.332078
0 0.661334 0.491940 0.661604 0.495129 0.680513 0.528862 0.685046 0.532165 0.685657 0.532177 0.686911 0.532124 0.688617 0.532016 0.690514 0.531868 0.692311 0.531704 0.693732 0.531548 0.694559 0.531424 0.694668 0.531352 0.698730 0.527833 0.695459 0.489121 0.693225 0.489246
0 0.192961 0.362424 0.195330 0.399313 0.202501 0.401484 0.204274 0.401673 0.206199 0.401605 0.207980 0.401290 0.209345 0.400777 0.211491 0.399842 0.214710 0.394265 0.215972 0.355614 0.215799 0.352563 0.199790 0.352040
0 0.635339 0.058268 0.635720 0.074281 0.638504 0.074614 0.677164 0.073695 0.685717 0.069054 0.686579 0.064251 0.686732 0.062293 0.686491 0.060552 0.685333 0.052888 0.651754 0.048549
0 0.391490 0.497300 0.406640 0.502498 0.407674 0.499740 0.420224 0.463161 0.421557 0.456444 0.416477 0.453032 0.414756 0.452276 0.412977 0.451831 0.406262 0.451196 0.393575 0.484436
0 0.499140 0.710890 0.502333 0.711423 0.540123 0.701313 0.543913 0.697442 0.544135 0.696628 0.544427 0.695226 0.544743 0.693448 0.545036 0.691569 0.545261 0.689877 0.545383 0.688630 0.545383 0.688019 0.542296 0.683228 0.504414 0.676911 0.499149 0.708480
0 0.898288 0.076820 0.898390 0.080019 0.930378 0.078990 0.935355 0.074123 0.934106 0.035293 0.927914 0.033557 0.926665 0.033258 0.924924 0.033195 0.922959 0.033377 0.921073 0.033777 0.919553 0.034333 0.918633 0.034960 0.913150 0.041119
0 0.904266 0.874584 0.913561 0.905209 0.918343 0.909894 0.921440 0.908954 0.950816 0.883121 0.951252 0.876411 0.951134 0.875189 0.950715 0.873514 0.950058 0.871642 0.949264 0.869861 0.948457 0.868443 0.947758 0.867606 0.941016 0.863430
0 0.421955 0.349934 0.424992 0.383715 0.428016 0.399313 0.443936 0.397547 0.443668 0.394748 0.439403 0.356313 0.438027 0.348151 0.431885 0.347722 0.430012 0.347738 0.428207 0.348130
0 0.116345 0.239548 0.116527 0.240852 0.116980 0.242553 0.117635 0.244390 0.118390 0.246080 0.119131 0.247365 0.119744 0.248049 0.126118 0.251527 0.164496 0.256279 0.167551 0.255323 0.157988 0.224780 0.154033 0.221598 0.116958 0.233206
0 0.310591 0.662857 0.337596 0.680714 0.339452 0.678649 0.341217 0.675979 0.347287 0.637787 0.345508 0.633572 0.344810 0.632847 0.343623 0.631887 0.342128 0.630837 0.340550 0.629855 0.339128 0.629090 0.338076 0.628658 0.337556 0.628625 0.333939 0.628961 0.332019 0.630452
0 0.167642 0.317762 0.169530 0.329449 0.183721 0.354288 0.214412 0.344500 0.212274 0.332978 0.211178 0.330925 0.183239 0.312787 0.174557 0.315329
0 0.539444 0.719848 0.539664 0.720466 0.540186 0.721648 0.540932 0.723213 0.541788 0.724922 0.542621 0.726513 0.543304 0.727741 0.543733 0.728419 0.548633 0.731080 0.587710 0.729268 0.590592 0.727793 0.589556 0.725189 0.574977 0.696698 0.540788 0.714194
