0 0.383505 0.194474 0.391546 0.232482 0.392786 0.235540 0.396522 0.236970 0.397659 0.237048 0.399263 0.236921 0.401091 0.236609 0.402867 0.236158 0.404324 0.235638 0.405239 0.235126 0.408441 0.232228 0.416811 0.194473 0.416149 0.191342 0.415179 0.187773
0 0.658367 0.564417 0.665849 0.578579 0.681349 0.573925 0.710506 0.556572 0.708344 0.550132 0.707664 0.548436 0.706615 0.546860 0.702952 0.542275 0.694984 0.544929 0.660793 0.562995
0 0.191425 0.885816 0.193034 0.892257 0.231367 0.898574 0.234438 0.894018 0.239641 0.862439 0.236483 0.861919 0.199145 0.871984 0.193518 0.876742 0.193053 0.877603 0.192538 0.879062 0.192052 0.880897 0.191669 0.882826 0.191449 0.884555
0 0.384293 0.958081 0.393599 0.995800 0.425031 0.988045 0.425888 0.982466 0.425121 0.979359 0.401152 0.949012 0.395521 0.948289 0.394083 0.948329 0.392323 0.948653 0.390506 0.949211 0.388908 0.949921 0.387768 0.950674 0.385615 0.952845
0 0.772753 0.138781 0.774489 0.141247 0.800959 0.169439 0.808705 0.170842 0.810137 0.170446 0.811661 0.169866 0.813314 0.168884 0.814842 0.167649 0.816012 0.166351 0.820493 0.159773 0.799749 0.129770 0.784430 0.127817
0 0.447032 0.480762 0.466608 0.506548 0.466990 0.506473 0.497579 0.483251 0.498343 0.478523 0.498118 0.478201 0.497481 0.477341 0.496529 0.476072 0.495407 0.474589 0.494288 0.473120 0.493343 0.471889 0.492716 0.471086 0.492504 0.470831 0.487763 0.470164 0.449611 0.478804
0 0.797244 0.768602 0.797619 0.800604 0.801060 0.804080 0.839907 0.803625 0.842153 0.797934 0.842391 0.796586 0.842460 0.794810 0.842348 0.792879 0.842073 0.791090 0.841677 0.789715 0.841222 0.788966 0.839717 0.787439 0.835834 0.784154 0.800444 0.768564
0 0.655420 0.106333 0.677423 0.129575 0.679747 0.127375 0.681825 0.123066 0.696558 0.086829 0.695705 0.083698 0.695203 0.082469 0.694269 0.081015 0.693046 0.079558 0.691720 0.078323 0.690497 0.077499 0.685430 0.075073 0.657217 0.101782
0 0.087591 0.602638 0.096179 0.616158 0.099021 0.614486 0.131663 0.593750 0.133439 0.591147 0.133818 0.587982 0.133826 0.587368 0.133439 0.586225 0.132714 0.584727 0.131762 0.583104 0.130730 0.581604 0.129775 0.580458 0.129044 0.579840 0.124768 0.577498 0.090245 0.597562
0 0.548665 0.204194 0.563382 0.232614 0.597486 0.214953 0.599603 0.208884 0.599566 0.208172 0.599195 0.206913 0.598547 0.205298 0.597720 0.203574 0.596842 0.202006 0.596048 0.200835 0.595458 0.200240 0.591170 0.197283 0.552103 0.199285 0.549228 0.200774
0 0.715554 0.657102 0.718568 0.662354 0.719200 0.662701 0.720425 0.663260 0.722057 0.663948 0.723845 0.664657 0.725516 0.665280 0.726812 0.665721 0.727536 0.665912 0.733152 0.664737 0.761059 0.637324 0.762222 0.634303 0.759225 0.632768 0.729360 0.621264
0 0.408219 0.165832 0.408223 0.166621 0.410957 0.172640 0.447381 0.184820 0.452455 0.169643 0.451345 0.161915 0.448239 0.160877 0.415062 0.153503 0.411052 0.157359 0.410619 0.157970 0.410054 0.159204 0.409442 0.160872 0.408878 0.162720 0.408449 0.164462
0 0.363261 0.780792 0.378211 0.816081 0.379715 0.818990 0.394262 0.811469 0.396678 0.804346 0.379038 0.770232 0.373753 0.770038 0.372966 0.770217 0.371674 0.770732 0.370072 0.771507 0.368402 0.772424 0.366916 0.773345 0.365839 0.774131 0.365335 0.774661
0 0.501456 0.157060 0.517061 0.160672 0.517702 0.158154 0.526422 0.120480 0.528209 0.109969 0.520671 0.107626 0.512455 0.106323 0.504540 0.136573
0 0.243955 0.712842 0.244024 0.713628 0.245498 0.718824 0.277761 0.728885 0.280965 0.729567 0.285970 0.724319 0.289302 0.708667 0.251737 0.700671 0.246296 0.704261 0.245884 0.704891 0.245381 0.706147 0.244862 0.707838 0.244409 0.709707 0.244091 0.711464
0 0.523730 0.750097 0.523781 0.753298 0.524056 0.756226 0.556426 0.755711 0.555808 0.716866 0.555170 0.714387 0.552214 0.712251 0.551778 0.711977 0.550676 0.711757 0.549078 0.711624 0.547224 0.711598 0.545394 0.711683 0.543866 0.711866 0.542870 0.712119 0.539170 0.714642
0 0.600481 0.187092 0.614066 0.223299 0.616329 0.225561 0.638956 0.202927 0.640563 0.199492 0.613087 0.172026 0.607625 0.173599 0.607004 0.173975 0.605973 0.174842 0.604690 0.176067 0.603352 0.177464 0.602165 0.178816 0.601309 0.179917 0.600916 0.180599
0 0.681479 0.485075 0.707696 0.513140 0.713577 0.513518 0.714128 0.513285 0.715135 0.512583 0.716445 0.511520 0.717857 0.510257 0.719154 0.508989 0.720137 0.507911 0.720656 0.507186 0.721927 0.502242 0.709445 0.465168 0.707235 0.462803 0.704867 0.463228
0 0.806819 0.927497 0.821859 0.955748 0.825580 0.961017 0.828438 0.959496 0.852266 0.928472 0.852040 0.921793 0.851941 0.921340 0.851467 0.920269 0.850688 0.918743 0.849725 0.916997 0.848725 0.915298 0.847841 0.913908 0.847210 0.913037 0.846924 0.912816 0.840720 0.909449
0 0.835082 0.604761 0.838956 0.605972 0.870458 0.613435 0.871205 0.610285 0.863663 0.571901 0.859345 0.567422 0.858727 0.567255 0.857468 0.566944 0.855757 0.566534 0.853860 0.566089 0.852067 0.565678 0.850653 0.565362 0.849832 0.565191 0.849728 0.565190 0.843935 0.567390
0 0.197924 0.520916 0.204929 0.523073 0.243361 0.527273 0.245651 0.523649 0.246167 0.522716 0.246623 0.521230 0.246947 0.519418 0.247090 0.517559 0.247031 0.515938 0.246778 0.514801 0.245404 0.511232 0.241484 0.510279 0.203123 0.505391 0.199949 0.505027
0 0.077052 0.284103 0.095424 0.319221 0.101794 0.319280 0.103138 0.318958 0.104811 0.318347 0.106557 0.317542 0.108107 0.316666 0.109225 0.315853 0.109740 0.315228 0.111884 0.308860 0.097085 0.273132 0.095588 0.270223 0.080789 0.276352
0 0.114245 0.237371 0.116098 0.243496 0.116413 0.243946 0.117241 0.244860 0.118458 0.246098 0.119876 0.247469 0.121276 0.248763 0.122445 0.249782 0.123204 0.250371 0.123440 0.250441 0.130025 0.251633 0.166167 0.237879 0.168419 0.235605 0.145679 0.213085 0.141583 0.209767
0 0.567027 0.462765 0.570177 0.463331 0.607658 0.453810 0.608903 0.453276 0.612212 0.450981 0.612426 0.450554 0.612737 0.449466 0.613100 0.447882 0.613458 0.446043 0.613756 0.444233 0.613948 0.442729 0.614006 0.441762 0.613921 0.441477 0.611766 0.437344 0.573530 0.430470 0.572689 0.431265
0 0.011389 0.530084 0.011701 0.539012 0.045241 0.560190 0.050856 0.557014 0.051853 0.556078 0.052999 0.554721 0.054118 0.553151 0.055039 0.551610 0.055620 0.550334 0.055774 0.549516 0.054531 0.542855 0.023950 0.519185 0.021193 0.517418
0 0.455012 0.842395 0.487385 0.842748 0.487529 0.838830 0.487948 0.800427 0.484351 0.798301 0.483324 0.797957 0.481775 0.797718 0.479939 0.797620 0.478092 0.797678 0.476513 0.797883 0.475442 0.798204 0.471947 0.800253 0.455561 0.835281 0.455047 0.839157
0 0.703297 0.745034 0.705538 0.751015 0.706128 0.751531 0.707267 0.752339 0.708782 0.753315 0.710442 0.754311 0.711991 0.755173 0.713191 0.755768 0.713859 0.756007 0.719657 0.755978 0.751509 0.733270 0.753132 0.730468 0.750238 0.727834 0.722541 0.711797
0 0.324851 0.685191 0.348494 0.707308 0.375034 0.678936 0.376462 0.676891 0.375738 0.673211 0.375634 0.672732 0.375010 0.671826 0.373963 0.670631 0.372651 0.669329 0.371272 0.668115 0.370035 0.667173 0.369127 0.666646 0.364776 0.665959 0.329040 0.680737 0.327063 0.682827
0 0.501279 0.514671 0.503489 0.518934 0.537608 0.530854 0.540706 0.531917 0.546023 0.516428 0.544968 0.516051 0.508643 0.503582 0.504414 0.505537 0.504289 0.505877 0.503945 0.506858 0.503435 0.508330 0.502836 0.510069 0.502239 0.511814 0.501733 0.513300 0.501396 0.514304
0 0.763014 0.361793 0.777278 0.369081 0.789337 0.354239 0.802092 0.324450 0.794787 0.319739 0.787692 0.317092 0.781685 0.324893 0.764091 0.359329
0 0.075985 0.791384 0.077900 0.796167 0.078624 0.797567 0.079741 0.799034 0.081080 0.800344 0.082434 0.801295 0.086707 0.803511 0.091431 0.800041 0.120203 0.774602 0.099003 0.750625 0.094367 0.753523 0.091942 0.755668
0 0.578596 0.534926 0.606469 0.561348 0.607700 0.562057 0.611778 0.561717 0.612178 0.561531 0.613026 0.560839 0.614192 0.559744 0.615498 0.558414 0.616742 0.557054 0.617735 0.555871 0.618324 0.555048 0.618421 0.554709 0.618836 0.550309 0.604127 0.514061 0.601777 0.511834 0.600614 0.511699
0 0.240202 0.674897 0.270973 0.688582 0.288276 0.688977 0.293500 0.673836 0.290941 0.672721 0.254384 0.660109 0.245475 0.659611 0.242760 0.664413 0.241951 0.666152 0.241553 0.667911
0 0.424879 0.924240 0.439444 0.953154 0.474140 0.935676 0.475895 0.928758 0.475762 0.927865 0.475319 0.926455 0.474635 0.924743 0.473813 0.922987 0.472978 0.921453 0.472255 0.920372 0.471753 0.919908 0.467237 0.916404 0.428596 0.917951 0.425738 0.919391
0 0.516834 0.172733 0.517575 0.175847 0.548710 0.168435 0.549273 0.164602 0.540277 0.126808 0.535812 0.125963 0.534831 0.125786 0.533328 0.125870 0.531533 0.126200 0.529722 0.126728 0.528172 0.127371 0.527121 0.128032 0.524529 0.130557 0.517029 0.168949
0 0.911611 0.653421 0.911967 0.691825 0.917586 0.696317 0.918505 0.696573 0.920024 0.696784 0.921910 0.696917 0.923875 0.696952 0.925617 0.696883 0.926868 0.696720 0.927438 0.696490 0.932917 0.693892 0.948773 0.658131 0.948743 0.654894 0.943614 0.653124
0 0.653283 0.248032 0.680222 0.275405 0.703033 0.252957 0.705380 0.250100 0.703110 0.247793 0.666593 0.233765 0.660893 0.235023 0.660325 0.235462 0.659326 0.236366 0.658046 0.237597 0.656683 0.238966 0.655447 0.240263 0.654525 0.241289 0.654060 0.241889
0 0.587644 0.701980 0.588657 0.704315 0.615271 0.732617 0.638856 0.710439 0.637269 0.708034 0.635076 0.705703 0.599302 0.691018 0.594792 0.691828 0.593925 0.692329 0.592718 0.693255 0.591352 0.694466 0.590034 0.695779 0.588963 0.696995 0.588301 0.697931 0.588150 0.698444
