0 0.768236 0.032250 0.783970 0.035376 0.785277 0.033237 0.788418 0.017431 0.772612 0.014290 0.771363 0.016516
0 0.567748 0.509066 0.582554 0.515240 0.582934 0.515310 0.589136 0.500437 0.574263 0.494234 0.573922 0.494261
0 0.547279 0.773574 0.547496 0.774831 0.563313 0.777704 0.566186 0.761887 0.565884 0.760690 0.550139 0.757830
0 0.208141 0.503325 0.223756 0.507310 0.225022 0.507276 0.228988 0.491733 0.213445 0.487767 0.212125 0.487710
0 0.498228 0.667720 0.498493 0.683833 0.514606 0.683567 0.514341 0.667454 0.514275 0.666687 0.498236 0.666951
0 0.795055 0.196307 0.800571 0.211370 0.815634 0.205854 0.817088 0.204500 0.811546 0.189367 0.796414 0.194909
0 0.234423 0.968220 0.241516 0.982690 0.255986 0.975597 0.257105 0.973417 0.250044 0.959013 0.235640 0.966074
0 0.653352 0.254196 0.666778 0.262975 0.667545 0.261884 0.676365 0.248396 0.662878 0.239577 0.654058 0.253064
0 0.654322 0.397525 0.656877 0.413361 0.672714 0.410806 0.673509 0.410395 0.670942 0.394486 0.655032 0.397053
0 0.409886 0.781377 0.424528 0.788279 0.427289 0.782423 0.428120 0.779195 0.426019 0.775813 0.425157 0.775060 0.423801 0.774189 0.422155 0.773332 0.420468 0.772618 0.418996 0.772155 0.417960 0.772013 0.413646 0.772371 0.410916 0.778161
0 0.904045 0.688734 0.911364 0.703008 0.913258 0.703943 0.927598 0.696590 0.920245 0.682250 0.918319 0.681415
0 0.381917 0.776368 0.397113 0.781732 0.397584 0.780441 0.402924 0.765314 0.387798 0.759975 0.387281 0.761172
0 0.196888 0.631150 0.205601 0.644706 0.206951 0.644043 0.220445 0.635369 0.211771 0.621875 0.210444 0.622436
0 0.900653 0.152947 0.905820 0.156070 0.907047 0.156639 0.908745 0.157098 0.910656 0.157377 0.912493 0.157434 0.913978 0.157261 0.914885 0.156882 0.916330 0.156153 0.921144 0.152178 0.922442 0.145834 0.906583 0.142590 0.901935 0.146676
0 0.685968 0.697606 0.686824 0.698516 0.698158 0.709972 0.709614 0.698639 0.698280 0.687182 0.697372 0.686325
0 0.071543 0.930693 0.077519 0.945659 0.092485 0.939684 0.094353 0.937668 0.088405 0.922771 0.073507 0.928719
0 0.390565 0.177417 0.391067 0.178896 0.405471 0.185955 0.412531 0.171551 0.412128 0.170039 0.397657 0.162947
0 0.920634 0.754644 0.933349 0.764425 0.935344 0.765643 0.945170 0.752869 0.932397 0.743044 0.930415 0.741930
0 0.261230 0.231534 0.262325 0.232765 0.274317 0.243419 0.284971 0.231427 0.283981 0.230191 0.271934 0.219487
0 0.866764 0.579646 0.872371 0.594634 0.876676 0.595728 0.882741 0.593460 0.883055 0.587598 0.882792 0.586192 0.882243 0.584478 0.881493 0.582720 0.880657 0.581187 0.879863 0.580115 0.879233 0.579665 0.877069 0.578298 0.872759 0.577403
0 0.630198 0.740256 0.630798 0.741362 0.638756 0.755375 0.652769 0.747417 0.644811 0.733404 0.644147 0.732334
0 0.865888 0.757888 0.876115 0.770196 0.877842 0.771437 0.890207 0.761163 0.879933 0.748799 0.878195 0.747661
0 0.438063 0.141586 0.438345 0.157699 0.438627 0.159268 0.454666 0.158987 0.454386 0.142948 0.454176 0.141304
0 0.518038 0.789870 0.518121 0.791205 0.523498 0.806396 0.538690 0.801019 0.538512 0.799639 0.533160 0.784517
0 0.042387 0.789102 0.057575 0.794490 0.059603 0.793140 0.064966 0.778022 0.049847 0.772659 0.047775 0.773914
0 0.591404 0.512288 0.598808 0.526518 0.599262 0.526641 0.613559 0.519203 0.606122 0.504907 0.605635 0.504884
0 0.333421 0.518267 0.333608 0.534381 0.349722 0.534195 0.350411 0.534038 0.350225 0.517998 0.334185 0.518183
0 0.429382 0.718245 0.439693 0.730629 0.452078 0.720318 0.452298 0.719309 0.442034 0.706981 0.429706 0.717244
0 0.482548 0.510951 0.483991 0.515389 0.484299 0.515574 0.485219 0.516062 0.486612 0.516779 0.488266 0.517616 0.489925 0.518442 0.491336 0.519133 0.492283 0.519582 0.492621 0.519721 0.497015 0.518213 0.499920 0.512426 0.499921 0.512284 0.485619 0.505105 0.485453 0.505164
0 0.585608 0.776500 0.586002 0.777773 0.592744 0.792409 0.607381 0.785667 0.606889 0.784358 0.600177 0.769788
0 0.731315 0.206282 0.734755 0.211680 0.748250 0.203081 0.751121 0.199648 0.747641 0.194187 0.741674 0.194585 0.741061 0.194806 0.739916 0.195421 0.738416 0.196338 0.736790 0.197414 0.735288 0.198484 0.734140 0.199385 0.733522 0.199979
0 0.940735 0.590513 0.942759 0.590928 0.958833 0.591190 0.959095 0.575117 0.956996 0.574773 0.940996 0.574512
0 0.520032 0.430792 0.535105 0.436167 0.535266 0.435873 0.540665 0.420731 0.525523 0.415332 0.520124 0.430475
0 0.066412 0.198832 0.075155 0.212369 0.077103 0.213688 0.090578 0.204985 0.081875 0.191509 0.079950 0.190089
0 0.955139 0.667638 0.955432 0.683676 0.957529 0.684522 0.973641 0.684227 0.973347 0.668115 0.971177 0.667344
0 0.536520 0.949989 0.536688 0.952061 0.547664 0.963860 0.559463 0.952884 0.559191 0.950808 0.548265 0.939063
0 0.126257 0.031033 0.127970 0.033182 0.143981 0.034168 0.144966 0.018157 0.143332 0.015938 0.127247 0.014948
0 0.273038 0.095703 0.274078 0.097556 0.288243 0.105083 0.295771 0.090918 0.294831 0.089035 0.280601 0.081472
0 0.739224 0.435156 0.755173 0.436870 0.756348 0.436579 0.758070 0.420556 0.742047 0.418834 0.740937 0.419206
0 0.485409 0.499365 0.490169 0.503755 0.494922 0.503685 0.495178 0.503411 0.495891 0.502639 0.498202 0.500135 0.499450 0.498781 0.500509 0.497632 0.501218 0.496861 0.501469 0.496586 0.501143 0.491855 0.496383 0.487465
