0 0.406887 0.932397 0.414511 0.946594 0.428708 0.938970 0.429035 0.936958 0.421446 0.922825 0.407313 0.930415
0 0.347679 0.856620 0.363432 0.859824 0.364056 0.858179 0.367246 0.842498 0.351565 0.839308 0.350883 0.840867
0 0.214040 0.384122 0.214628 0.400227 0.215936 0.400684 0.231967 0.400098 0.231381 0.384068 0.230144 0.383534
0 0.309376 0.344031 0.310250 0.344746 0.326246 0.345948 0.327448 0.329952 0.326654 0.329169 0.310584 0.327961
0 0.640114 0.792348 0.652792 0.802331 0.656193 0.799585 0.661696 0.788439 0.649084 0.778508 0.645733 0.781297
0 0.005523 0.357136 0.020578 0.362884 0.022775 0.363513 0.028498 0.348527 0.013512 0.342805 0.011272 0.342081
0 0.616627 0.738284 0.619266 0.744116 0.620645 0.746938 0.624794 0.747483 0.625890 0.747328 0.627416 0.746865 0.629138 0.746166 0.630793 0.745337 0.632126 0.744506 0.632933 0.743800 0.635393 0.740265 0.632723 0.734365 0.631206 0.731687
0 0.571665 0.485152 0.587080 0.489445 0.587480 0.489396 0.591793 0.473910 0.576307 0.469597 0.575958 0.469736
0 0.799208 0.882375 0.800586 0.884135 0.816645 0.885479 0.817989 0.869420 0.816532 0.867727 0.800546 0.866389
0 0.754441 0.466099 0.767251 0.475755 0.768481 0.475643 0.778181 0.462774 0.765313 0.453074 0.764097 0.453289
0 0.966951 0.924711 0.970363 0.930126 0.975802 0.935100 0.989498 0.926471 0.986046 0.920993 0.980491 0.916181 0.976348 0.917132 0.974672 0.917653 0.972989 0.918525 0.971555 0.919616
0 0.625744 0.825528 0.627742 0.841444 0.628330 0.843016 0.644320 0.841009 0.642312 0.825019 0.641660 0.823530
0 0.916095 0.048058 0.931862 0.051011 0.933850 0.048944 0.936818 0.033105 0.920978 0.030137 0.919049 0.032291
0 0.020305 0.863628 0.030379 0.876206 0.032532 0.874482 0.045052 0.864453 0.035023 0.851933 0.032882 0.853553
0 0.753874 0.887469 0.755042 0.889253 0.770479 0.893879 0.775105 0.878442 0.773844 0.876707 0.758478 0.872103
0 0.221238 0.904183 0.228775 0.918427 0.243019 0.910890 0.244197 0.909007 0.236695 0.894828 0.222516 0.902331
0 0.635581 0.376396 0.649147 0.384955 0.649834 0.384426 0.658433 0.370796 0.644804 0.362197 0.644140 0.362829
0 0.042286 0.367560 0.055898 0.376187 0.057933 0.376754 0.066521 0.363206 0.052972 0.354618 0.050914 0.353948
0 0.282329 0.079284 0.283326 0.081213 0.297513 0.088699 0.305000 0.074512 0.304102 0.072553 0.289850 0.065032
0 0.727203 0.675236 0.736008 0.688598 0.737092 0.689464 0.750516 0.680618 0.741670 0.667195 0.740565 0.666431
0 0.096809 0.361214 0.098657 0.361850 0.114697 0.362043 0.114890 0.346003 0.113117 0.345294 0.097003 0.345100
0 0.766377 0.175911 0.782304 0.177463 0.785568 0.173734 0.786196 0.167290 0.780957 0.164531 0.779603 0.164127 0.777832 0.163858 0.775914 0.163767 0.774144 0.163867 0.772794 0.164142 0.772068 0.164549 0.770085 0.165719 0.766998 0.169540
0 0.657195 0.877450 0.659013 0.881815 0.665367 0.883061 0.668685 0.878498 0.669077 0.877893 0.669506 0.876634 0.669908 0.874914 0.670220 0.872996 0.670394 0.871176 0.670405 0.869732 0.670251 0.868883 0.666557 0.862980 0.660276 0.861747
0 0.704371 0.451360 0.708330 0.466864 0.710738 0.466481 0.717012 0.464879 0.718480 0.460708 0.718465 0.459648 0.718240 0.458095 0.717839 0.456287 0.717323 0.454503 0.716772 0.453016 0.716269 0.452053 0.713007 0.449195 0.710573 0.449776
0 0.311594 0.929023 0.313845 0.944980 0.329802 0.942729 0.330582 0.940700 0.328341 0.924816 0.312457 0.927057
0 0.915638 0.347273 0.931150 0.351361 0.933135 0.350676 0.937242 0.335093 0.921659 0.330986 0.919726 0.331761
0 0.862686 0.302052 0.866662 0.306426 0.867808 0.307221 0.869386 0.308039 0.871156 0.308757 0.872854 0.309265 0.874220 0.309488 0.875048 0.309390 0.877231 0.308722 0.881593 0.306511 0.884292 0.300625 0.869579 0.293877 0.865354 0.296233
0 0.081291 0.973035 0.093393 0.983677 0.104035 0.971576 0.105849 0.969415 0.093804 0.958821 0.091933 0.960934
0 0.216503 0.978746 0.231118 0.985536 0.232350 0.983310 0.239109 0.968762 0.224561 0.962004 0.223293 0.964131
0 0.643965 0.067277 0.648727 0.071554 0.659420 0.059649 0.661263 0.054558 0.656446 0.050231 0.650805 0.052609 0.650273 0.052888 0.649335 0.053721 0.648136 0.054983 0.646858 0.056479 0.645699 0.057980 0.644835 0.059255 0.644399 0.060110
0 0.252644 0.464106 0.267525 0.470189 0.268587 0.470325 0.274642 0.455513 0.259830 0.449458 0.258726 0.449226
0 0.315463 0.743656 0.316255 0.759752 0.332350 0.758960 0.333119 0.757773 0.332330 0.741751 0.316308 0.742540
0 0.576743 0.674729 0.577096 0.675534 0.589663 0.685622 0.599751 0.673055 0.599294 0.672262 0.586785 0.662220
0 0.774731 0.869163 0.774830 0.885204 0.776096 0.886978 0.792211 0.886878 0.792111 0.870763 0.790772 0.869064
0 0.670747 0.341448 0.682728 0.352132 0.691651 0.342605 0.694174 0.339595 0.682130 0.328855 0.673314 0.338466
0 0.451839 0.891541 0.467623 0.894792 0.470874 0.879008 0.471008 0.877271 0.455296 0.874035 0.452060 0.889746
0 0.761608 0.683690 0.762812 0.684536 0.778895 0.685553 0.779913 0.669470 0.778630 0.668694 0.762621 0.667681
0 0.680966 0.675603 0.689830 0.688973 0.690705 0.689843 0.704135 0.680937 0.695229 0.667506 0.694335 0.666739
0 0.935474 0.355819 0.941340 0.370749 0.943372 0.370154 0.958371 0.364261 0.952478 0.349262 0.950404 0.349953
0 0.275210 0.703369 0.290485 0.708381 0.291443 0.707428 0.296432 0.692223 0.281227 0.687235 0.280222 0.688095
