0 0.852535 0.336653 0.857168 0.352010 0.872526 0.347377 0.874241 0.346675 0.869586 0.331246 0.854158 0.335901
0 0.715075 0.224849 0.729763 0.231296 0.730821 0.230059 0.737298 0.215303 0.722542 0.208826 0.721522 0.210160
0 0.479652 0.650781 0.490154 0.663003 0.502377 0.652501 0.502366 0.651802 0.491912 0.639635 0.479745 0.650090
0 0.317909 0.902185 0.324066 0.917077 0.338959 0.910919 0.339697 0.909036 0.333567 0.894212 0.318743 0.900341
0 0.690068 0.861626 0.694404 0.877071 0.695299 0.878807 0.710814 0.874452 0.706459 0.858936 0.705513 0.857291
0 0.552932 0.458036 0.568124 0.463065 0.568437 0.462895 0.573489 0.447634 0.558227 0.442582 0.557961 0.442845
0 0.338859 0.616288 0.354863 0.618179 0.355528 0.617637 0.357410 0.601707 0.341480 0.599824 0.340750 0.600284
0 0.356965 0.422841 0.357619 0.423194 0.373617 0.423531 0.373954 0.407532 0.373375 0.407107 0.357303 0.406769
0 0.149567 0.602474 0.164013 0.609527 0.165549 0.609026 0.172570 0.594646 0.158191 0.587625 0.156621 0.588028
0 0.649872 0.702180 0.650732 0.718198 0.651426 0.719203 0.667518 0.718339 0.666654 0.702247 0.665891 0.701320
0 0.870364 0.648663 0.872006 0.664620 0.873719 0.665378 0.889749 0.663728 0.888100 0.647698 0.886321 0.647021
0 0.402075 0.809023 0.402246 0.810380 0.402593 0.812127 0.403064 0.813996 0.403586 0.815699 0.404078 0.816975 0.404466 0.817630 0.408320 0.821600 0.414559 0.819867 0.415535 0.816211 0.411253 0.800792 0.405085 0.802505 0.402106 0.808261
0 0.501705 0.073521 0.515153 0.082267 0.523899 0.068820 0.524009 0.066835 0.510500 0.058048 0.501713 0.071557
0 0.401517 0.756278 0.415302 0.764626 0.423649 0.750841 0.423999 0.749691 0.410278 0.741382 0.401968 0.755103
0 0.098829 0.284746 0.111477 0.294733 0.113258 0.295673 0.123199 0.283084 0.110609 0.273143 0.108816 0.272098
0 0.609058 0.220986 0.612048 0.236707 0.627768 0.233717 0.628355 0.232494 0.625352 0.216701 0.609559 0.219704
0 0.124837 0.932330 0.133296 0.946046 0.147012 0.937587 0.148630 0.935582 0.140210 0.921928 0.126556 0.930348
0 0.346390 0.234102 0.353397 0.248614 0.354069 0.249766 0.368515 0.242791 0.361539 0.228345 0.360902 0.227095
0 0.534993 0.551461 0.536284 0.567450 0.536451 0.567761 0.552514 0.566464 0.551217 0.550401 0.550983 0.550170
0 0.350843 0.185190 0.350881 0.185937 0.351727 0.188525 0.353422 0.192086 0.359197 0.194846 0.366097 0.180407 0.364549 0.176712 0.358706 0.173920 0.354695 0.177130 0.354079 0.177714 0.353292 0.178890 0.352454 0.180479 0.351694 0.182235 0.351128 0.183890
0 0.128519 0.708627 0.143467 0.714649 0.145101 0.713665 0.151095 0.698786 0.136216 0.692792 0.134541 0.693679
0 0.466723 0.626743 0.476233 0.639752 0.489243 0.630242 0.489292 0.629645 0.479825 0.616695 0.466875 0.626162
0 0.024863 0.915106 0.040630 0.918439 0.042735 0.916521 0.046053 0.900827 0.030359 0.897509 0.028196 0.899339
0 0.330465 0.210659 0.337941 0.224935 0.338683 0.226196 0.352894 0.218754 0.352217 0.217459 0.344741 0.203183
0 0.292113 0.692322 0.308134 0.694056 0.309014 0.693167 0.310740 0.677219 0.294792 0.675492 0.293847 0.676300
0 0.716559 0.138694 0.727844 0.150094 0.739245 0.138810 0.740346 0.137146 0.729010 0.125693 0.717556 0.137030
0 0.071974 0.348667 0.084846 0.358297 0.086744 0.358945 0.096331 0.346132 0.083518 0.336545 0.081605 0.335795
0 0.370933 0.138052 0.372409 0.142189 0.384771 0.152351 0.388835 0.147406 0.387881 0.140693 0.387449 0.139985 0.386512 0.138915 0.385213 0.137646 0.383751 0.136373 0.382349 0.135292 0.381224 0.134568 0.380548 0.134312 0.375045 0.133050
0 0.340632 0.566475 0.343014 0.582413 0.358952 0.580031 0.359599 0.579664 0.357227 0.563799 0.341362 0.566171
0 0.949483 0.262369 0.949744 0.264233 0.950240 0.265974 0.950897 0.267329 0.953689 0.271903 0.959953 0.270587 0.965271 0.267935 0.961943 0.252093 0.955606 0.253425 0.950398 0.256243 0.949497 0.260663
0 0.667664 0.181270 0.672058 0.196657 0.687445 0.192263 0.688306 0.190849 0.683892 0.175392 0.668434 0.179806
0 0.750579 0.886643 0.752506 0.902529 0.753666 0.904378 0.769624 0.902442 0.767689 0.886484 0.766465 0.884717
0 0.581018 0.065730 0.587986 0.080179 0.602435 0.073212 0.602907 0.071247 0.595907 0.056731 0.581391 0.063731
0 0.782501 0.652633 0.787837 0.656168 0.791165 0.657974 0.794712 0.656170 0.795622 0.655471 0.796712 0.654277 0.797814 0.652772 0.798759 0.651186 0.799402 0.649764 0.799645 0.648722 0.800104 0.644478 0.794706 0.640903 0.791337 0.639292
0 0.921381 0.544566 0.923808 0.547196 0.936260 0.554166 0.945851 0.541189 0.943473 0.538518 0.930922 0.531656
0 0.804904 0.168323 0.820033 0.173657 0.821506 0.172154 0.826864 0.156956 0.811666 0.151597 0.810238 0.153194
0 0.763468 0.439263 0.779098 0.442873 0.780383 0.442610 0.784009 0.426908 0.768307 0.423282 0.767078 0.423634
0 0.404337 0.148220 0.406928 0.164125 0.407355 0.165665 0.423187 0.163086 0.420608 0.147253 0.420243 0.145629
0 0.776105 0.852479 0.779403 0.868177 0.780689 0.869873 0.796460 0.866560 0.793148 0.850789 0.791804 0.849181
