0 0.104896 0.088930 0.110123 0.104174 0.111910 0.105988 0.127084 0.100785 0.121881 0.085611 0.120140 0.083703
0 0.788844 0.555844 0.794718 0.570772 0.796075 0.571097 0.811071 0.565197 0.805170 0.550201 0.803772 0.549971
0 0.842521 0.153351 0.854228 0.164261 0.855855 0.162719 0.866815 0.150958 0.855055 0.139998 0.853431 0.141644
0 0.932462 0.611765 0.939753 0.626054 0.941778 0.626634 0.956132 0.619310 0.948808 0.604955 0.946751 0.604474
0 0.495532 0.634420 0.507955 0.644685 0.518219 0.632262 0.518136 0.631655 0.505770 0.621438 0.495552 0.633804
0 0.255835 0.204268 0.260773 0.219608 0.261870 0.220893 0.277139 0.215977 0.272223 0.200708 0.271174 0.199329
0 0.949041 0.804780 0.951108 0.806184 0.964510 0.815133 0.973459 0.801731 0.960057 0.792782 0.957949 0.791440
0 0.873754 0.372885 0.878478 0.388215 0.880221 0.387700 0.895621 0.382954 0.890876 0.367554 0.875475 0.372299
0 0.640715 0.763662 0.642342 0.766710 0.647640 0.770432 0.651852 0.768263 0.652626 0.767705 0.653643 0.766620 0.654749 0.765173 0.655774 0.763586 0.656560 0.762104 0.656987 0.760952 0.656991 0.760307 0.656945 0.757186 0.655151 0.754246 0.649913 0.750567
0 0.067511 0.194834 0.080333 0.204596 0.082257 0.205950 0.091974 0.193187 0.079211 0.183469 0.077273 0.182012
0 0.046710 0.166763 0.048787 0.168290 0.063119 0.175496 0.070325 0.161165 0.068346 0.159605 0.053949 0.152365
0 0.386795 0.215819 0.387313 0.217121 0.397393 0.229600 0.409872 0.219520 0.409457 0.218229 0.399331 0.205693
0 0.429412 0.074438 0.429735 0.076388 0.445577 0.078910 0.448099 0.063069 0.447861 0.061057 0.431946 0.058523
0 0.418935 0.497438 0.431206 0.507884 0.431521 0.507848 0.441919 0.495633 0.429704 0.485235 0.429381 0.485167
0 0.731551 0.210025 0.747419 0.212371 0.748558 0.211047 0.750916 0.195105 0.734974 0.192748 0.733897 0.194156
0 0.780706 0.604808 0.781996 0.605289 0.797137 0.610691 0.802539 0.595550 0.787397 0.590148 0.786083 0.589736
0 0.026040 0.971955 0.034855 0.985446 0.048346 0.976631 0.050416 0.974446 0.041641 0.961018 0.028213 0.969792
0 0.717521 0.498650 0.725817 0.512333 0.726854 0.512390 0.740601 0.504055 0.732266 0.490309 0.731204 0.490353
0 0.309937 0.895149 0.325435 0.899420 0.326233 0.897594 0.330485 0.882166 0.315057 0.877915 0.314208 0.879651
0 0.950340 0.041584 0.950532 0.057625 0.966572 0.057433 0.968721 0.055395 0.968528 0.039281 0.952414 0.039474
0 0.852674 0.400324 0.868349 0.403730 0.870045 0.403286 0.873467 0.387539 0.857719 0.384117 0.856079 0.384648
0 0.900911 0.982486 0.902757 0.984708 0.918696 0.987083 0.921071 0.971144 0.919141 0.968984 0.903275 0.966620
0 0.117812 0.296956 0.119564 0.302819 0.119870 0.303348 0.120682 0.304326 0.121877 0.305601 0.123271 0.306979 0.124650 0.308247 0.125803 0.309212 0.126553 0.309727 0.133356 0.310730 0.137938 0.306260 0.126762 0.294807 0.122446 0.292434
0 0.396770 0.731934 0.408943 0.742433 0.419442 0.730259 0.419811 0.729206 0.407693 0.718755 0.397242 0.730873
0 0.115943 0.133383 0.117704 0.135063 0.133114 0.139516 0.137567 0.124105 0.135899 0.122375 0.120417 0.117901
0 0.838687 0.087600 0.847383 0.101080 0.860863 0.092384 0.862525 0.090507 0.853788 0.076965 0.840247 0.085701
0 0.600304 0.897149 0.600766 0.898977 0.609797 0.912324 0.623144 0.903293 0.622579 0.901444 0.613589 0.888159
0 0.433188 0.564330 0.433192 0.564771 0.433381 0.565859 0.433726 0.567430 0.434175 0.569242 0.434658 0.571018 0.435102 0.572485 0.435438 0.573418 0.435615 0.573677 0.439386 0.576371 0.445653 0.574744 0.446274 0.573890 0.442252 0.558401 0.436057 0.560010 0.435317 0.560704
0 0.373364 0.202026 0.373944 0.203391 0.382937 0.216674 0.396221 0.207681 0.395743 0.206335 0.386708 0.192991
0 0.652764 0.196164 0.653937 0.212162 0.669935 0.210989 0.670718 0.209659 0.669540 0.193587 0.653468 0.194765
0 0.821662 0.837952 0.829990 0.851663 0.831510 0.853282 0.845283 0.844915 0.836916 0.831142 0.835372 0.829624
0 0.630734 0.222370 0.646408 0.225784 0.647082 0.224522 0.650512 0.208776 0.634766 0.205346 0.634148 0.206696
0 0.821226 0.376840 0.825173 0.392388 0.840721 0.388442 0.842290 0.387928 0.838325 0.372309 0.822706 0.376273
0 0.338247 0.645245 0.339710 0.661293 0.355759 0.659830 0.356420 0.659097 0.354964 0.643122 0.338989 0.644579
0 0.100206 0.752998 0.110510 0.765337 0.112291 0.764124 0.124574 0.753867 0.114316 0.741584 0.112545 0.742694
0 0.865224 0.522719 0.867505 0.538558 0.869193 0.538735 0.885105 0.536443 0.882813 0.520531 0.881063 0.520437
0 0.434826 0.179954 0.435257 0.186415 0.435997 0.189999 0.439514 0.191798 0.440624 0.192073 0.442226 0.192198 0.444078 0.192156 0.445902 0.191953 0.447420 0.191620 0.448405 0.191206 0.451964 0.188935 0.451538 0.182549 0.450978 0.178878
0 0.517473 0.448256 0.530989 0.456823 0.531131 0.456625 0.539738 0.443047 0.526161 0.434440 0.517554 0.448018
0 0.466304 0.087685 0.466458 0.089574 0.482250 0.092394 0.485069 0.076603 0.485000 0.074653 0.469136 0.071820
0 0.808423 0.481394 0.822338 0.489296 0.823819 0.489247 0.831757 0.475267 0.817777 0.467330 0.816324 0.467479
