0 0.041914 0.273463 0.044013 0.274501 0.059162 0.279776 0.064437 0.264627 0.062432 0.263543 0.047213 0.258244
0 0.927600 0.697081 0.929708 0.702897 0.929982 0.703394 0.930787 0.704324 0.932003 0.705546 0.933444 0.706875 0.934894 0.708112 0.936134 0.709069 0.936975 0.709599 0.944219 0.710572 0.948704 0.705902 0.937029 0.694690 0.932033 0.692464
0 0.604935 0.189331 0.605082 0.190687 0.605399 0.192428 0.605838 0.194290 0.606332 0.195992 0.606807 0.197277 0.607192 0.197950 0.610913 0.201868 0.617105 0.200247 0.618459 0.196781 0.614358 0.181121 0.608095 0.182761 0.604980 0.188565
0 0.514523 0.702495 0.514589 0.703427 0.521074 0.718180 0.535827 0.711696 0.535663 0.710726 0.529208 0.696040
0 0.784956 0.702261 0.785063 0.703639 0.785364 0.705388 0.785814 0.707245 0.786346 0.708929 0.786880 0.710186 0.787333 0.710823 0.793023 0.714509 0.799361 0.713188 0.796058 0.697341 0.792674 0.695085 0.786408 0.696392 0.785061 0.701463
0 0.829042 0.321238 0.844762 0.324429 0.846350 0.323620 0.849555 0.307827 0.833762 0.304622 0.832232 0.305517
0 0.295118 0.691582 0.310522 0.696316 0.311390 0.695417 0.316103 0.680083 0.300769 0.675371 0.299852 0.676178
0 0.209169 0.679110 0.218773 0.692051 0.220062 0.691171 0.232943 0.681611 0.223383 0.668729 0.222110 0.669506
0 0.732618 0.205858 0.748359 0.208944 0.749503 0.207604 0.752603 0.191790 0.736789 0.188690 0.735704 0.190116
0 0.478866 0.211003 0.478963 0.212327 0.488033 0.225558 0.501264 0.216488 0.501270 0.215183 0.492158 0.201891
0 0.908942 0.340786 0.917572 0.354308 0.919494 0.353637 0.933079 0.344968 0.924409 0.331383 0.922464 0.332156
0 0.421376 0.530165 0.426923 0.545295 0.442054 0.539749 0.442319 0.539566 0.436798 0.524505 0.421737 0.530027
0 0.836313 0.515218 0.852336 0.515986 0.853958 0.516060 0.854729 0.499963 0.838633 0.499192 0.837081 0.499195
0 0.111203 0.756484 0.122593 0.767884 0.124323 0.766657 0.135671 0.755319 0.124333 0.743971 0.122603 0.745094
0 0.330588 0.009253 0.331415 0.025347 0.332188 0.027523 0.348208 0.026699 0.347384 0.010679 0.346682 0.008426
0 0.310176 0.282242 0.315611 0.297413 0.316456 0.298342 0.331557 0.292931 0.326147 0.277830 0.325346 0.276807
0 0.407623 0.822879 0.417807 0.835368 0.430297 0.825184 0.430616 0.823694 0.420479 0.811262 0.408047 0.821399
0 0.402976 0.775193 0.419002 0.776888 0.419373 0.775619 0.421060 0.759666 0.405108 0.757979 0.404671 0.759167
0 0.928948 0.290371 0.938798 0.303032 0.940818 0.302125 0.953537 0.292230 0.943642 0.279511 0.941609 0.280521
0 0.090613 0.520380 0.106257 0.524081 0.108057 0.523971 0.111741 0.508398 0.096169 0.504714 0.094314 0.504736
0 0.474730 0.834485 0.487332 0.844529 0.497376 0.831927 0.497388 0.830406 0.484844 0.820408 0.474846 0.832952
0 0.422817 0.637634 0.438708 0.640311 0.438989 0.639668 0.441654 0.623850 0.425835 0.621185 0.425494 0.621743
0 0.814563 0.102481 0.821950 0.116720 0.836189 0.109334 0.837737 0.107535 0.830316 0.093230 0.816011 0.100651
0 0.139159 0.536396 0.154649 0.540841 0.156232 0.540654 0.160657 0.525236 0.145238 0.520810 0.143605 0.520906
0 0.770644 0.883500 0.772594 0.890384 0.773242 0.891129 0.774370 0.892220 0.775807 0.893491 0.777331 0.894748 0.778710 0.895797 0.779731 0.896476 0.780238 0.896684 0.786450 0.898000 0.790477 0.892929 0.787156 0.888438 0.774624 0.878487
0 0.576280 0.896308 0.577162 0.900891 0.591042 0.909221 0.594374 0.903669 0.592831 0.896760 0.592394 0.896048 0.591396 0.895068 0.589989 0.893971 0.588387 0.892920 0.586830 0.892075 0.585555 0.891563 0.584755 0.891463 0.579574 0.890820
0 0.432422 0.707327 0.447826 0.712063 0.452562 0.696660 0.452779 0.695758 0.437447 0.691044 0.437159 0.691924
0 0.111740 0.456926 0.127507 0.460259 0.129214 0.460441 0.132532 0.444747 0.116837 0.441429 0.115073 0.441160
0 0.823292 0.255854 0.823695 0.259616 0.823882 0.260773 0.824461 0.262280 0.825343 0.263909 0.826395 0.265415 0.827459 0.266570 0.828373 0.267199 0.831694 0.269473 0.837142 0.266112 0.841040 0.263408 0.832540 0.249631 0.827030 0.253031
0 0.711547 0.956870 0.713901 0.964053 0.714505 0.964846 0.715661 0.965879 0.717194 0.966996 0.718869 0.968025 0.720429 0.968807 0.721634 0.969222 0.728118 0.970058 0.731280 0.964407 0.728637 0.959099 0.714672 0.951284
0 0.001096 0.377495 0.007959 0.392032 0.010209 0.392526 0.024680 0.385694 0.017848 0.371223 0.015633 0.370632
0 0.210687 0.426584 0.225762 0.432168 0.227016 0.432478 0.232575 0.417473 0.217569 0.411914 0.216272 0.411509
0 0.378035 0.878576 0.394141 0.879111 0.394626 0.877373 0.395158 0.861341 0.379126 0.860809 0.378569 0.862470
0 0.539890 0.180310 0.547483 0.194396 0.561569 0.186803 0.561852 0.185365 0.554224 0.171214 0.540073 0.178841
0 0.257850 0.970161 0.265953 0.984091 0.279883 0.975987 0.280892 0.973805 0.272825 0.959940 0.258959 0.968006
0 0.507758 0.916746 0.507793 0.918660 0.512726 0.933960 0.528026 0.929027 0.527898 0.927066 0.522988 0.911836
0 0.657468 0.980849 0.658193 0.983063 0.674159 0.985253 0.676349 0.969287 0.675541 0.967137 0.659649 0.964956
0 0.510412 0.316630 0.525892 0.320836 0.530099 0.305357 0.530237 0.304460 0.514686 0.300235 0.510460 0.315786
0 0.681214 0.652513 0.682048 0.653216 0.698163 0.653229 0.698177 0.637114 0.697268 0.636486 0.681227 0.636472
0 0.062303 0.238143 0.064309 0.239343 0.079429 0.244701 0.084786 0.229581 0.082875 0.228336 0.067685 0.222953
