0 0.402398 0.660418 0.413871 0.671735 0.425188 0.660263 0.425531 0.659528 0.414111 0.648263 0.402845 0.659683
0 0.685443 0.948992 0.686297 0.951059 0.697491 0.962651 0.709083 0.951457 0.708125 0.949388 0.696982 0.937848
0 0.875630 0.128083 0.889488 0.136085 0.891277 0.134414 0.899316 0.120492 0.885395 0.112453 0.883633 0.114225
0 0.483185 0.536506 0.487206 0.552112 0.502812 0.548091 0.502799 0.547870 0.498796 0.532336 0.483262 0.536339
0 0.949213 0.524434 0.964535 0.529183 0.966674 0.529317 0.971445 0.513925 0.956052 0.509153 0.953962 0.509111
0 0.888079 0.535778 0.893832 0.538585 0.898385 0.539031 0.901271 0.537132 0.902181 0.536231 0.903172 0.534846 0.904091 0.533188 0.904798 0.531514 0.905183 0.530079 0.905483 0.524483 0.899664 0.521644 0.895096 0.521396
0 0.439747 0.722455 0.447241 0.736722 0.461507 0.729228 0.461684 0.728177 0.454224 0.713976 0.440023 0.721436
0 0.614249 0.305607 0.616178 0.310748 0.622387 0.312303 0.623802 0.310133 0.627736 0.294431 0.621455 0.292858 0.616657 0.296339 0.616414 0.296964 0.616030 0.298203 0.615565 0.299868 0.615087 0.301707 0.614669 0.303442 0.614375 0.304811
0 0.937070 0.973106 0.937157 0.989147 0.939169 0.991399 0.955284 0.991312 0.955197 0.975197 0.953111 0.973019
0 0.103087 0.640926 0.114358 0.652444 0.116126 0.651745 0.127591 0.640526 0.116372 0.629061 0.114605 0.629655
0 0.000000 0.081041 0.001286 0.082961 0.015782 0.089830 0.022650 0.075333 0.020453 0.073378 0.005889 0.066478
0 0.918032 0.601117 0.931647 0.609599 0.933635 0.610104 0.942156 0.596426 0.928478 0.587905 0.926515 0.587502
0 0.854769 0.932289 0.856402 0.934280 0.871647 0.939505 0.876872 0.924260 0.875145 0.922316 0.859970 0.917115
0 0.323360 0.232608 0.328568 0.233684 0.338175 0.232014 0.339096 0.226778 0.339411 0.224894 0.338999 0.215898 0.333780 0.214757 0.324179 0.216577
0 0.157663 0.882497 0.165475 0.896592 0.179570 0.888779 0.181039 0.886997 0.173262 0.872967 0.159232 0.880744
0 0.385498 0.894275 0.401329 0.897287 0.401782 0.895466 0.404780 0.879708 0.389021 0.876709 0.388510 0.878444
0 0.044589 0.811120 0.050039 0.826286 0.065205 0.820836 0.067197 0.819366 0.061773 0.804270 0.046676 0.809694
0 0.206437 0.133648 0.207282 0.149740 0.208624 0.151346 0.224643 0.150504 0.223801 0.134485 0.222530 0.132802
0 0.620266 0.626788 0.620820 0.627371 0.635668 0.633634 0.641931 0.618786 0.641280 0.618242 0.626500 0.612007
0 0.524728 0.591822 0.524842 0.592245 0.532915 0.606192 0.546862 0.598118 0.546647 0.597668 0.538611 0.583785
0 0.008493 0.944757 0.021812 0.953829 0.024004 0.951749 0.033035 0.938492 0.019777 0.929461 0.017566 0.931438
0 0.340168 0.251701 0.340616 0.257801 0.341067 0.258398 0.341930 0.259455 0.343072 0.260813 0.344321 0.262266 0.345488 0.263594 0.346398 0.264597 0.346912 0.265123 0.352492 0.266618 0.357323 0.262419 0.355673 0.259672 0.345055 0.247454
0 0.777787 0.582998 0.789035 0.594381 0.790363 0.594814 0.801797 0.583515 0.790498 0.572080 0.789170 0.571750
0 0.900988 0.164090 0.915213 0.171419 0.917120 0.169910 0.924483 0.155619 0.910193 0.148256 0.908317 0.149865
0 0.287974 0.974267 0.294347 0.989069 0.309148 0.982697 0.310023 0.980484 0.303680 0.965751 0.288946 0.972094
0 0.689426 0.164247 0.699132 0.176970 0.711855 0.167264 0.712828 0.165736 0.703078 0.152954 0.690296 0.162705
0 0.133310 0.088685 0.134990 0.090571 0.148994 0.098396 0.156819 0.084392 0.155238 0.082479 0.141171 0.074618
0 0.682211 0.236629 0.692717 0.248751 0.704839 0.238245 0.705782 0.237040 0.695228 0.224862 0.683050 0.235416
0 0.244359 0.174771 0.245531 0.176261 0.257542 0.186894 0.268175 0.174882 0.267107 0.173385 0.255041 0.162704
0 0.766932 0.320352 0.769846 0.336126 0.785620 0.333212 0.786935 0.332444 0.784008 0.316597 0.768161 0.319525
0 0.460580 0.868238 0.475989 0.872957 0.480708 0.857548 0.480796 0.855909 0.465458 0.851212 0.460761 0.866550
0 0.749653 0.606339 0.762868 0.615363 0.764075 0.615893 0.773141 0.602617 0.759865 0.593552 0.758677 0.593124
0 0.451250 0.287536 0.451474 0.288510 0.464080 0.298430 0.474000 0.285824 0.473880 0.284838 0.461216 0.274872
0 0.705722 0.468576 0.706692 0.484588 0.722704 0.483618 0.723729 0.483542 0.722755 0.467457 0.706669 0.468431
0 0.910897 0.967146 0.913499 0.982975 0.915403 0.985199 0.931305 0.982584 0.928690 0.966683 0.926725 0.964544
0 0.843146 0.381294 0.858789 0.384847 0.860441 0.384317 0.864010 0.368602 0.848295 0.365033 0.846699 0.365651
0 0.681449 0.187357 0.681916 0.193496 0.687528 0.196574 0.689697 0.193066 0.697482 0.178874 0.691805 0.175759 0.686225 0.178699 0.686156 0.178800 0.685734 0.179546 0.685025 0.180819 0.684136 0.182425 0.683202 0.184123 0.682364 0.185655 0.681749 0.186791
0 0.329128 0.020706 0.329911 0.022903 0.341192 0.034307 0.352596 0.023026 0.351918 0.020830 0.340584 0.009373
0 0.427004 0.069183 0.438552 0.073556 0.443022 0.072551 0.444175 0.056540 0.432638 0.052010 0.428163 0.053088
0 0.574117 0.689873 0.574458 0.690747 0.585573 0.702416 0.597242 0.691300 0.596796 0.690423 0.585732 0.678809
