0 0.000000 0.354327 0.009662 0.361779 0.011909 0.362412 0.019994 0.348557 0.006139 0.340473 0.003865 0.339738 0.000151 0.352497 0.000000 0.353657
0 0.521481 0.100288 0.521740 0.116328 0.537779 0.116069 0.537953 0.114301 0.537693 0.098188 0.521580 0.098448
0 0.738955 0.879982 0.745633 0.894525 0.746761 0.896337 0.761370 0.889628 0.754662 0.875019 0.753498 0.873304
0 0.735764 0.689165 0.736850 0.690036 0.752064 0.695349 0.757377 0.680135 0.756198 0.679310 0.741053 0.674021
0 0.313142 0.125389 0.313998 0.127106 0.323952 0.139685 0.336532 0.129731 0.335779 0.128027 0.325780 0.115389
0 0.690729 0.557580 0.704713 0.565439 0.705655 0.565741 0.713551 0.551692 0.699503 0.543797 0.698588 0.543596
0 0.305223 0.533667 0.321228 0.535554 0.322047 0.535391 0.323926 0.519461 0.307995 0.517581 0.307111 0.517662
0 0.499683 0.109558 0.499684 0.111348 0.515678 0.112584 0.516914 0.096590 0.516992 0.094733 0.500924 0.093491
0 0.625031 0.711456 0.627965 0.716812 0.628489 0.717195 0.629646 0.717712 0.631260 0.718286 0.633085 0.718827 0.634839 0.719253 0.636254 0.719498 0.637113 0.719526 0.642103 0.718124 0.643793 0.711873 0.642149 0.709452 0.626701 0.705276
0 0.335258 0.540433 0.335725 0.546891 0.340126 0.549801 0.340282 0.549840 0.341149 0.549820 0.342597 0.549744 0.344405 0.549624 0.346295 0.549477 0.347976 0.549327 0.349192 0.549196 0.349757 0.549105 0.353563 0.545202 0.353102 0.538818 0.337141 0.539971
0 0.133931 0.568864 0.136534 0.584767 0.152438 0.582163 0.154031 0.581787 0.151439 0.565956 0.135608 0.568548
0 0.362810 0.444585 0.363438 0.444839 0.379093 0.448342 0.382595 0.432688 0.382055 0.432378 0.366329 0.428859
0 0.800647 0.058500 0.800720 0.074502 0.816722 0.074429 0.818177 0.072474 0.818104 0.056399 0.802028 0.056472
0 0.936526 0.217074 0.952526 0.218216 0.954610 0.216919 0.955757 0.200844 0.939683 0.199697 0.937667 0.201073
0 0.288688 0.105578 0.295973 0.119909 0.296905 0.121646 0.311170 0.114395 0.310303 0.112624 0.303018 0.098293
0 0.393696 0.925078 0.396607 0.940928 0.412457 0.938017 0.412859 0.936010 0.409961 0.920232 0.394183 0.923130
0 0.639317 0.644340 0.639958 0.645004 0.653727 0.653378 0.662101 0.639610 0.661358 0.638970 0.647652 0.630634
0 0.267229 0.073891 0.268296 0.075844 0.277458 0.089012 0.290625 0.079850 0.289661 0.077916 0.280458 0.064688
0 0.563120 0.103302 0.568714 0.118337 0.583748 0.112743 0.584134 0.110960 0.578514 0.095856 0.563411 0.101476
0 0.949385 0.505673 0.965131 0.508529 0.967267 0.508569 0.970137 0.492751 0.954319 0.489881 0.952242 0.489928
0 0.253196 0.953501 0.262325 0.966781 0.275605 0.957653 0.276634 0.955555 0.267547 0.942336 0.254327 0.951423
0 0.332579 0.359793 0.333346 0.360436 0.346111 0.370151 0.355826 0.357386 0.355162 0.356730 0.342339 0.346970
0 0.746050 0.810591 0.753383 0.824858 0.754550 0.826354 0.768883 0.818988 0.761516 0.804655 0.760318 0.803258
0 0.374622 0.722661 0.381869 0.737054 0.396262 0.729807 0.396738 0.728754 0.389524 0.714426 0.375196 0.721640
0 0.867025 0.490388 0.882939 0.492408 0.884702 0.492373 0.886730 0.476386 0.870743 0.474357 0.869044 0.474475
0 0.688964 0.932767 0.689832 0.934755 0.698049 0.948572 0.711866 0.940355 0.710898 0.938341 0.702718 0.924587
0 0.161542 0.055004 0.163093 0.057043 0.177981 0.063017 0.183954 0.048129 0.182499 0.046049 0.167543 0.040048
0 0.544411 0.210455 0.551718 0.224736 0.565998 0.217429 0.566302 0.216128 0.558962 0.201782 0.544616 0.209122
0 0.730797 0.086549 0.745842 0.092114 0.746973 0.090236 0.752565 0.075122 0.737451 0.069531 0.736362 0.071504
0 0.659994 0.089452 0.675933 0.090880 0.676741 0.089001 0.678176 0.072990 0.662164 0.071555 0.661423 0.073514
0 0.923196 0.321550 0.939170 0.322501 0.941187 0.321686 0.942142 0.305638 0.926095 0.304683 0.924147 0.305576
0 0.163686 0.413431 0.167487 0.429091 0.169011 0.429416 0.184600 0.425632 0.180816 0.410044 0.179346 0.409630
0 0.600573 0.373327 0.614906 0.380532 0.615435 0.379982 0.622673 0.365583 0.608274 0.358346 0.607778 0.358995
0 0.437943 0.587043 0.449914 0.597772 0.460643 0.585800 0.460823 0.585408 0.448906 0.574728 0.438226 0.586645
0 0.431050 0.855046 0.435059 0.858258 0.445469 0.860135 0.452571 0.845739 0.448540 0.842594 0.438189 0.840575 0.434584 0.846521
0 0.481268 0.158539 0.481354 0.160104 0.497362 0.161146 0.498404 0.145139 0.498397 0.143505 0.482316 0.142458
0 0.685082 0.252126 0.701084 0.253243 0.702010 0.252107 0.703133 0.236031 0.687057 0.234908 0.686199 0.236123
0 0.360029 0.072528 0.360671 0.074487 0.372361 0.085472 0.383345 0.073781 0.382808 0.071819 0.371064 0.060784
0 0.524136 0.179070 0.534803 0.190999 0.546731 0.180332 0.546946 0.178864 0.536230 0.166880 0.524247 0.177596
0 0.716415 0.782024 0.717412 0.783322 0.732185 0.789760 0.738623 0.774986 0.737529 0.773726 0.722823 0.767318
