0 0.635418 0.480925 0.635534 0.487325 0.639594 0.490613 0.639777 0.490619 0.640665 0.490610 0.642121 0.490589 0.643925 0.490558 0.645804 0.490522 0.647475 0.490487 0.648685 0.490457 0.649249 0.490438 0.653286 0.486884 0.653168 0.480410 0.636984 0.480705
0 0.772358 0.859407 0.772442 0.859975 0.772819 0.861157 0.773431 0.862772 0.774187 0.864577 0.774972 0.866300 0.775668 0.867680 0.776168 0.868506 0.782161 0.872364 0.788172 0.869959 0.782160 0.854930 0.778934 0.850873 0.772992 0.853251
0 0.736045 0.501393 0.751889 0.503901 0.753049 0.503919 0.755569 0.488002 0.739652 0.485482 0.738553 0.485549
0 0.346637 0.217471 0.347340 0.218766 0.359938 0.228696 0.369868 0.216098 0.369269 0.214791 0.356613 0.204815
0 0.767009 0.837044 0.771797 0.852354 0.773048 0.853977 0.788429 0.849166 0.783618 0.833786 0.782319 0.832256
0 0.735668 0.842040 0.737812 0.857938 0.738907 0.859586 0.754878 0.857432 0.752724 0.841461 0.751565 0.839896
0 0.761127 0.395246 0.769077 0.409179 0.770316 0.408761 0.784313 0.400774 0.776326 0.386777 0.775060 0.387296
0 0.232354 0.598460 0.240540 0.612341 0.241729 0.611827 0.255547 0.603678 0.247399 0.589861 0.246236 0.590274
0 0.336675 0.399344 0.342222 0.414432 0.342943 0.414823 0.357962 0.409302 0.352441 0.394282 0.351763 0.393797
0 0.570196 0.285664 0.575583 0.300774 0.590692 0.295387 0.591110 0.294444 0.585698 0.279265 0.570519 0.284677
0 0.577224 0.591603 0.577578 0.592023 0.588588 0.603737 0.600302 0.592727 0.589292 0.581013 0.588884 0.580643
0 0.514703 0.894959 0.514771 0.896778 0.530775 0.898671 0.532667 0.882667 0.532518 0.880913 0.516587 0.879029
0 0.571356 0.659583 0.571684 0.660316 0.585750 0.668098 0.593532 0.654032 0.593105 0.653327 0.579102 0.645581
0 0.135013 0.567270 0.147239 0.577768 0.148856 0.577411 0.159306 0.565241 0.147135 0.554791 0.145511 0.555043
0 0.191920 0.391616 0.194403 0.407499 0.195800 0.407922 0.211610 0.405450 0.209139 0.389640 0.207803 0.389133
0 0.645691 0.301615 0.661519 0.303965 0.662261 0.303065 0.664622 0.287163 0.648720 0.284803 0.648041 0.285786
0 0.535298 0.740790 0.535460 0.741896 0.550844 0.746562 0.555511 0.731179 0.555257 0.730122 0.539944 0.725477
0 0.250733 0.492203 0.259236 0.505892 0.260340 0.505865 0.273966 0.497401 0.265502 0.483775 0.264422 0.483700
0 0.419728 0.225527 0.421699 0.241521 0.422058 0.242705 0.437979 0.240743 0.436017 0.224823 0.435722 0.223556
0 0.932434 0.674745 0.945172 0.684494 0.947222 0.685344 0.957016 0.672547 0.944219 0.662752 0.942183 0.662006
0 0.533436 0.313483 0.547663 0.320894 0.555074 0.306667 0.555327 0.305777 0.541035 0.298332 0.533590 0.312624
0 0.617184 0.751551 0.617723 0.752709 0.629232 0.763989 0.640512 0.752480 0.639868 0.751323 0.628412 0.740095
0 0.678595 0.630435 0.690627 0.641044 0.691505 0.641694 0.702163 0.629607 0.690076 0.618949 0.689204 0.618403
0 0.163340 0.966710 0.177572 0.974270 0.179050 0.972096 0.186575 0.957930 0.172408 0.950404 0.170900 0.952478
0 0.719941 0.738030 0.722507 0.743895 0.725079 0.746715 0.728744 0.747319 0.729962 0.747176 0.731574 0.746732 0.733333 0.746054 0.734970 0.745246 0.736233 0.744433 0.736928 0.743739 0.739910 0.740228 0.737315 0.734295 0.734602 0.731617
0 0.437529 0.355778 0.437815 0.356437 0.452878 0.361838 0.458279 0.346775 0.458087 0.346071 0.442955 0.340645
0 0.235399 0.284945 0.244973 0.297907 0.246142 0.298834 0.259045 0.289303 0.249515 0.276400 0.248361 0.275370
0 0.361037 0.044495 0.364957 0.060126 0.365576 0.062142 0.381135 0.058240 0.377234 0.042681 0.376668 0.040575
0 0.805212 0.856262 0.806663 0.872237 0.808075 0.873951 0.824124 0.872494 0.822666 0.856445 0.821187 0.854811
0 0.572517 0.111772 0.576900 0.127203 0.592331 0.122819 0.592756 0.121083 0.588353 0.105581 0.572851 0.109985
0 0.626532 0.213192 0.627830 0.229180 0.643819 0.227882 0.644481 0.226629 0.643176 0.210567 0.627114 0.211871
0 0.147848 0.050714 0.149462 0.052773 0.159401 0.065364 0.171992 0.055425 0.170482 0.053378 0.160497 0.040729
0 0.065652 0.500390 0.081399 0.503816 0.083318 0.503798 0.086728 0.488124 0.071053 0.484714 0.069078 0.484644
0 0.816293 0.306043 0.831403 0.311313 0.832925 0.310446 0.838219 0.295267 0.823040 0.289973 0.821563 0.290933
0 0.103327 0.464605 0.115982 0.474582 0.117742 0.474699 0.127674 0.462102 0.115076 0.452170 0.113304 0.451950
0 0.280772 0.139002 0.281777 0.140657 0.292438 0.152642 0.304424 0.141981 0.303524 0.140333 0.292813 0.128292
0 0.643596 0.836032 0.644257 0.837579 0.659574 0.842588 0.664583 0.827271 0.663829 0.825771 0.648582 0.820785
0 0.543999 0.326058 0.556467 0.336151 0.566560 0.323683 0.566866 0.322871 0.554341 0.312732 0.544201 0.325257
0 0.287538 0.530307 0.291609 0.545899 0.292564 0.545689 0.308085 0.541637 0.304033 0.526116 0.303131 0.526236
0 0.046992 0.042407 0.049068 0.044504 0.064856 0.047343 0.067695 0.031554 0.065704 0.029398 0.049843 0.026546
