0 0.165532 0.893653 0.181643 0.894040 0.183102 0.892234 0.183487 0.876198 0.167451 0.875812 0.165919 0.877543
0 0.964896 0.813878 0.967037 0.815323 0.982259 0.820613 0.987549 0.805392 0.985315 0.803992 0.970163 0.798726
0 0.476646 0.391900 0.476753 0.392396 0.491499 0.398711 0.497814 0.383965 0.497804 0.383430 0.482990 0.377087
0 0.276804 0.322714 0.279877 0.328413 0.282393 0.330375 0.285598 0.330883 0.286204 0.330931 0.287362 0.330625 0.288895 0.330010 0.290571 0.329181 0.292137 0.328262 0.293358 0.327392 0.294047 0.326703 0.296479 0.322781 0.293442 0.317147 0.291053 0.315032
0 0.099554 0.923313 0.104192 0.938681 0.111482 0.939168 0.117209 0.936422 0.116804 0.928940 0.116438 0.927182 0.115737 0.925406 0.114808 0.923884 0.112546 0.920974 0.105270 0.920640
0 0.096568 0.066327 0.100582 0.081893 0.102408 0.083805 0.117903 0.079809 0.113907 0.064313 0.112134 0.062312
0 0.383775 0.102954 0.384307 0.104773 0.399149 0.110860 0.405236 0.096018 0.404799 0.094158 0.389889 0.088044
0 0.927919 0.684514 0.933184 0.688357 0.941657 0.692980 0.945530 0.689578 0.947583 0.678628 0.933917 0.670206 0.930112 0.673641
0 0.722519 0.291195 0.727569 0.306420 0.742794 0.301370 0.743912 0.300456 0.738839 0.285160 0.723543 0.290233
0 0.712933 0.843944 0.715395 0.847921 0.717108 0.849575 0.717762 0.850064 0.719053 0.850536 0.720784 0.850918 0.722691 0.851151 0.724481 0.851198 0.725878 0.851054 0.731536 0.849144 0.732025 0.842688 0.729373 0.838771 0.713417 0.837562
0 0.460081 0.838254 0.467050 0.852785 0.481580 0.845817 0.481665 0.844232 0.474729 0.829768 0.460264 0.836704
0 0.876721 0.939173 0.879096 0.955037 0.880841 0.957132 0.896779 0.954746 0.894393 0.938809 0.892586 0.936798
0 0.745950 0.987543 0.747082 0.989788 0.762785 0.993411 0.766407 0.977708 0.765186 0.975519 0.749556 0.971912
0 0.141108 0.542024 0.157098 0.544030 0.158670 0.543828 0.160666 0.527912 0.144749 0.525915 0.143114 0.526035
0 0.694841 0.861958 0.695738 0.863625 0.705500 0.876446 0.718322 0.866684 0.717322 0.865003 0.707604 0.852241
0 0.939872 0.691293 0.945764 0.706213 0.947817 0.707162 0.962805 0.701243 0.956886 0.686254 0.954792 0.685401
0 0.394222 0.459605 0.399255 0.463679 0.400406 0.464094 0.404517 0.463537 0.404874 0.463300 0.405637 0.462529 0.406690 0.461343 0.407873 0.459922 0.409008 0.458480 0.409923 0.457235 0.410480 0.456374 0.410593 0.456031 0.410474 0.451655 0.405499 0.447628 0.404406 0.447023
0 0.559918 0.345330 0.568060 0.359151 0.581881 0.351010 0.582258 0.350324 0.574079 0.336438 0.560194 0.344618
0 0.792422 0.659171 0.800819 0.672839 0.802204 0.673635 0.815934 0.665199 0.807499 0.651468 0.806089 0.650774
0 0.474367 0.617606 0.478757 0.633112 0.494263 0.628722 0.494289 0.628132 0.489920 0.612698 0.474485 0.617067
0 0.786930 0.874697 0.788251 0.876422 0.803888 0.880316 0.807782 0.864678 0.806372 0.863007 0.790806 0.859131
0 0.306014 0.885420 0.313461 0.899712 0.327752 0.892266 0.328542 0.890468 0.321129 0.876242 0.306903 0.883654
0 0.167640 0.906327 0.182378 0.912689 0.185220 0.907117 0.186962 0.900379 0.183720 0.897541 0.182395 0.896479 0.180739 0.895592 0.179005 0.895016 0.172147 0.893983 0.169239 0.899561
0 0.838710 0.463924 0.840574 0.479856 0.842143 0.479764 0.858148 0.477891 0.856276 0.461885 0.854643 0.462060
0 0.678326 0.103158 0.692403 0.110875 0.694040 0.108007 0.700986 0.095019 0.686836 0.087262 0.685162 0.090087
0 0.495941 0.120533 0.495960 0.122272 0.511964 0.123356 0.513048 0.107351 0.513108 0.105543 0.497029 0.104455
0 0.330422 0.698433 0.331975 0.714473 0.348015 0.712920 0.348711 0.711944 0.347165 0.695977 0.331199 0.697523
0 0.866210 0.026898 0.867662 0.042873 0.883638 0.041421 0.885404 0.039310 0.883946 0.023261 0.867897 0.024719
0 0.713150 0.189216 0.724033 0.201000 0.735818 0.190117 0.736904 0.188690 0.725970 0.176851 0.714131 0.187785
0 0.846214 0.345933 0.848909 0.361746 0.864722 0.359052 0.866401 0.358403 0.863695 0.342517 0.847808 0.345223
0 0.808534 0.206117 0.815756 0.220440 0.830080 0.213218 0.831599 0.211897 0.824344 0.197508 0.809954 0.204764
0 0.492403 0.183377 0.492438 0.184825 0.498503 0.199633 0.513311 0.193568 0.513372 0.192160 0.507279 0.177284
0 0.383882 0.899653 0.399992 0.900092 0.400450 0.898258 0.400886 0.882223 0.384851 0.881786 0.384321 0.883544
0 0.502051 0.679656 0.502060 0.680483 0.514543 0.690676 0.524735 0.678193 0.524622 0.677376 0.512196 0.667231
0 0.311898 0.563964 0.318201 0.565446 0.320279 0.564698 0.323312 0.562720 0.323629 0.562280 0.324065 0.561194 0.324554 0.559629 0.325021 0.557820 0.325397 0.556043 0.325624 0.554563 0.325669 0.553607 0.323943 0.549121 0.317712 0.547656 0.315604 0.548207
0 0.495253 0.576155 0.497700 0.592083 0.513628 0.589635 0.513566 0.589224 0.511130 0.573369 0.495274 0.575806
0 0.551120 0.039932 0.553469 0.042368 0.554385 0.043252 0.555802 0.044151 0.557507 0.044929 0.559242 0.045469 0.560745 0.045689 0.566064 0.045656 0.568353 0.039679 0.569144 0.034356 0.554028 0.028566 0.551711 0.034612
0 0.599835 0.090979 0.607505 0.105067 0.621594 0.097396 0.622154 0.095543 0.614447 0.081390 0.600294 0.089096
0 0.111972 0.648704 0.113426 0.655013 0.129199 0.651378 0.133438 0.649648 0.132000 0.643411 0.126116 0.641521 0.125516 0.641597 0.124273 0.641842 0.122577 0.642219 0.120684 0.642670 0.118878 0.643127 0.117434 0.643521 0.116571 0.643793 0.116422 0.643901
0 0.944250 0.886477 0.946295 0.888257 0.960080 0.896604 0.968427 0.882819 0.966280 0.881064 0.952559 0.872755
