0 0.657334 0.387561 0.670763 0.396335 0.671549 0.395858 0.680363 0.382366 0.666872 0.373553 0.666107 0.374132
0 0.555540 0.211591 0.570762 0.216651 0.575823 0.201429 0.576172 0.200055 0.560880 0.194971 0.555796 0.210263
0 0.747932 0.527262 0.763444 0.531349 0.764657 0.531493 0.768763 0.515909 0.753179 0.511804 0.752019 0.511750
0 0.229051 0.210562 0.235875 0.225161 0.237086 0.226421 0.251618 0.219628 0.244824 0.205096 0.243650 0.203738
0 0.856293 0.328674 0.860762 0.344039 0.876128 0.339569 0.877855 0.338833 0.873365 0.323397 0.857929 0.327887
0 0.379060 0.689524 0.383444 0.705031 0.398952 0.700647 0.399415 0.699727 0.395050 0.684291 0.379614 0.688656
0 0.032069 0.588847 0.040377 0.602656 0.042483 0.602185 0.056229 0.593915 0.047959 0.580170 0.045877 0.580539
0 0.605185 0.348422 0.618502 0.357364 0.619048 0.356708 0.628031 0.343329 0.614652 0.334345 0.614127 0.335105
0 0.798920 0.381829 0.803691 0.397144 0.819007 0.392374 0.820475 0.391878 0.815683 0.376492 0.800297 0.381285
0 0.328163 0.595739 0.340268 0.606487 0.342093 0.605270 0.346343 0.600483 0.345253 0.595996 0.344645 0.595195 0.343593 0.594088 0.342257 0.592840 0.340839 0.591642 0.339551 0.590673 0.338590 0.590080 0.338103 0.589955 0.334377 0.589859 0.332462 0.590898
0 0.043995 0.809764 0.058655 0.816456 0.060677 0.815006 0.067339 0.800413 0.052747 0.793752 0.050687 0.795104
0 0.785483 0.473838 0.791964 0.488511 0.793308 0.488458 0.808049 0.481947 0.801538 0.467206 0.800156 0.467357
0 0.103935 0.553132 0.114408 0.565380 0.116175 0.565081 0.128367 0.554656 0.117942 0.542464 0.116183 0.542659
0 0.075741 0.271701 0.089264 0.280467 0.091147 0.281473 0.099872 0.268012 0.086411 0.259287 0.084507 0.258179
0 0.915506 0.201632 0.931078 0.205481 0.933063 0.204125 0.936930 0.188481 0.921286 0.184614 0.919355 0.186059
0 0.760389 0.056778 0.765000 0.072142 0.780364 0.067532 0.781655 0.065540 0.777023 0.050105 0.761588 0.054737
0 0.095029 0.367191 0.107131 0.377773 0.108927 0.378332 0.119461 0.366285 0.107414 0.355752 0.105611 0.355089
0 0.902738 0.669071 0.910993 0.682825 0.912886 0.683667 0.926703 0.675374 0.918410 0.661556 0.916493 0.660816
0 0.798700 0.351696 0.814148 0.356018 0.815595 0.355355 0.819936 0.339835 0.804417 0.335494 0.803021 0.336248
0 0.748929 0.048245 0.763605 0.054721 0.764819 0.052671 0.771324 0.037927 0.756581 0.031422 0.755405 0.033569
0 0.131118 0.484068 0.146913 0.487263 0.148531 0.487321 0.151712 0.471599 0.135989 0.468418 0.134313 0.468273
0 0.499671 0.050594 0.499672 0.052654 0.515150 0.056868 0.519364 0.041390 0.519453 0.039278 0.503904 0.035045
0 0.492433 0.911208 0.506996 0.918016 0.513804 0.903453 0.513741 0.901608 0.499245 0.894831 0.492468 0.909328
0 0.436576 0.299289 0.436630 0.300706 0.436732 0.302504 0.436869 0.304406 0.437017 0.306119 0.437155 0.307382 0.437262 0.308003 0.441220 0.312075 0.447608 0.311662 0.446576 0.295694 0.445958 0.293331 0.439497 0.293749 0.436639 0.298367 0.436579 0.298468
0 0.969067 0.370218 0.970649 0.376421 0.977045 0.378299 0.977524 0.378177 0.978681 0.377882 0.986962 0.375770 0.991776 0.370992 0.990176 0.364718 0.974491 0.368718
0 0.898556 0.448207 0.908786 0.460562 0.910668 0.460381 0.923081 0.450103 0.912803 0.437691 0.910911 0.437976
0 0.863935 0.178838 0.879926 0.180105 0.881676 0.178632 0.882948 0.162567 0.866883 0.161295 0.865201 0.162847
0 0.754344 0.546050 0.756233 0.551144 0.756775 0.551722 0.757823 0.552634 0.759217 0.553741 0.760746 0.554875 0.762180 0.555867 0.763303 0.556566 0.763942 0.556864 0.770130 0.556433 0.774070 0.551295 0.761225 0.541445 0.758240 0.540971
0 0.436621 0.226600 0.436912 0.227853 0.451750 0.233948 0.457845 0.219110 0.457651 0.217817 0.442744 0.211694
0 0.902838 0.251095 0.918033 0.256237 0.919957 0.255115 0.925124 0.239851 0.909859 0.234684 0.907981 0.235900
0 0.317978 0.252452 0.327126 0.265671 0.327917 0.266742 0.341075 0.257635 0.340345 0.256522 0.331196 0.243304
0 0.019386 0.248637 0.023764 0.264146 0.025947 0.265227 0.041385 0.260868 0.037026 0.245431 0.034894 0.244258
0 0.773406 0.109094 0.789113 0.112353 0.790444 0.110568 0.793718 0.094789 0.777939 0.091515 0.776665 0.093387
0 0.172115 0.416770 0.173618 0.417151 0.189187 0.421016 0.193052 0.405447 0.191638 0.405012 0.175998 0.401129
0 0.057975 0.724330 0.065871 0.738378 0.067861 0.737285 0.081844 0.729425 0.073984 0.715441 0.072022 0.716433
0 0.138132 0.335783 0.139791 0.336536 0.155750 0.338159 0.157373 0.322200 0.155795 0.321381 0.139763 0.319751
0 0.132238 0.262968 0.138995 0.277598 0.140649 0.278618 0.155213 0.271892 0.148487 0.257329 0.146869 0.256212
0 0.069445 0.153858 0.075078 0.168957 0.077026 0.170474 0.092055 0.164867 0.086448 0.149838 0.084544 0.148226
0 0.288814 0.535824 0.289235 0.542285 0.305388 0.541232 0.307613 0.540761 0.307197 0.534374 0.302654 0.531368 0.302548 0.531350 0.301726 0.531383 0.300316 0.531461 0.298531 0.531573 0.296640 0.531701 0.294929 0.531826 0.293657 0.531930 0.293018 0.531996
0 0.811890 0.432093 0.823770 0.442872 0.825260 0.442609 0.836090 0.430675 0.824156 0.419846 0.822670 0.420213
