0 0.581612 0.906291 0.581988 0.908161 0.597517 0.912468 0.601824 0.896940 0.601357 0.895120 0.585900 0.890833
0 0.808399 0.929381 0.809819 0.931358 0.824446 0.938123 0.831211 0.923497 0.829693 0.921556 0.815133 0.914822
0 0.184514 0.890250 0.197637 0.899535 0.199020 0.897708 0.208262 0.884645 0.195198 0.875402 0.193798 0.877127
0 0.847182 0.043249 0.860571 0.052084 0.862231 0.050022 0.871106 0.036571 0.857656 0.027696 0.856016 0.029860
0 0.415151 0.764091 0.425622 0.776341 0.437872 0.765870 0.438156 0.764652 0.427734 0.752458 0.415540 0.762880
0 0.295910 0.195234 0.300604 0.210610 0.301515 0.211933 0.316821 0.207261 0.312148 0.191956 0.311286 0.190541
0 0.746096 0.948795 0.747229 0.950861 0.756940 0.963722 0.769801 0.954011 0.768564 0.951931 0.758898 0.939129
0 0.320458 0.521705 0.327848 0.536026 0.328637 0.535861 0.342892 0.528505 0.335536 0.514250 0.334778 0.514315
0 0.584433 0.432204 0.595286 0.444017 0.595724 0.443759 0.607592 0.432857 0.596689 0.420990 0.596246 0.421352
0 0.466849 0.428571 0.467001 0.428899 0.474840 0.442894 0.488835 0.435055 0.488784 0.434756 0.480908 0.420696
0 0.844375 0.807759 0.846836 0.813668 0.850847 0.817295 0.865790 0.811071 0.863300 0.805094 0.859148 0.801607 0.856116 0.801164 0.854755 0.801230 0.853049 0.801606 0.851257 0.802235 0.849649 0.803022 0.848467 0.803849
0 0.007155 0.919088 0.022929 0.922191 0.025110 0.920261 0.028199 0.904559 0.012498 0.901470 0.010259 0.903314
0 0.269738 0.686009 0.275175 0.701180 0.290345 0.695743 0.291306 0.694846 0.285895 0.679745 0.270794 0.685157
0 0.522467 0.854151 0.522570 0.855778 0.533623 0.867452 0.545296 0.856399 0.545089 0.854770 0.534088 0.843149
0 0.275099 0.323968 0.284027 0.337384 0.285017 0.338130 0.298371 0.329243 0.289485 0.315888 0.288515 0.315040
0 0.765722 0.758573 0.766946 0.759763 0.782201 0.764959 0.787396 0.749704 0.786079 0.748559 0.770894 0.743388
0 0.476565 0.817719 0.491871 0.822762 0.496914 0.807456 0.496928 0.806047 0.481692 0.801028 0.476673 0.816263
0 0.727399 0.910797 0.730963 0.926397 0.732024 0.928356 0.747696 0.924776 0.744116 0.909104 0.743000 0.907233
0 0.618207 0.427836 0.633097 0.433697 0.633709 0.433393 0.639597 0.418434 0.624638 0.412546 0.624068 0.412946
0 0.198710 0.150676 0.200091 0.152277 0.216052 0.153879 0.217654 0.137918 0.216354 0.136251 0.200320 0.134641
0 0.493342 0.641309 0.493399 0.651133 0.509452 0.651131 0.509530 0.641307 0.509499 0.636161 0.501426 0.635423 0.493363 0.636163
0 0.219469 0.163305 0.224159 0.178723 0.225423 0.180195 0.240770 0.175527 0.236102 0.160180 0.234886 0.158615
0 0.522705 0.615685 0.522968 0.617023 0.539124 0.618028 0.539526 0.611566 0.539074 0.610291 0.536299 0.607311 0.535885 0.607147 0.534803 0.606963 0.533218 0.606786 0.531372 0.606644 0.529542 0.606557 0.528004 0.606539 0.526992 0.606594 0.526661 0.606711 0.523103 0.609297
0 0.050199 0.045466 0.052261 0.047549 0.067056 0.053748 0.073255 0.038953 0.071290 0.036830 0.056427 0.030603
0 0.324890 0.625612 0.336189 0.637047 0.336938 0.636420 0.348320 0.625172 0.337073 0.613790 0.336324 0.614312
0 0.354905 0.554454 0.367911 0.563969 0.368516 0.563676 0.377988 0.550730 0.365042 0.541258 0.364420 0.541448
0 0.657510 0.362057 0.672509 0.367746 0.673303 0.367137 0.679017 0.352069 0.663949 0.346354 0.663198 0.347058
0 0.568852 0.663649 0.569648 0.665541 0.576072 0.666350 0.579581 0.662478 0.579801 0.661619 0.580058 0.660181 0.580310 0.658384 0.580521 0.656503 0.580656 0.654828 0.580697 0.653614 0.580636 0.653047 0.577202 0.648572 0.570851 0.647772
0 0.402107 0.223268 0.402555 0.224536 0.416822 0.231870 0.424156 0.217603 0.423806 0.216303 0.409474 0.208935
0 0.302570 0.747111 0.314828 0.757572 0.325289 0.745314 0.326090 0.744189 0.313888 0.733776 0.303475 0.745978
0 0.572863 0.341974 0.588904 0.342101 0.589313 0.341374 0.589440 0.325260 0.573326 0.325132 0.572990 0.325934
0 0.652802 0.793939 0.653506 0.795293 0.663662 0.807804 0.676174 0.797648 0.675366 0.796284 0.665256 0.783829
0 0.778971 0.341123 0.792858 0.349153 0.794207 0.348458 0.802273 0.334507 0.788322 0.326441 0.787001 0.327236
0 0.237258 0.767609 0.250214 0.777193 0.251359 0.775922 0.260898 0.763025 0.248001 0.753486 0.246841 0.754653
0 0.712044 0.255055 0.714977 0.260744 0.729201 0.253412 0.731851 0.250561 0.728884 0.244806 0.723108 0.244539 0.722426 0.244733 0.721196 0.245262 0.719606 0.246044 0.717901 0.246960 0.716342 0.247869 0.715168 0.248632 0.714557 0.249132
0 0.554753 0.857068 0.555005 0.858712 0.561678 0.873380 0.576347 0.866708 0.575997 0.865027 0.569355 0.850425
0 0.469181 0.863210 0.471367 0.869304 0.476031 0.869678 0.476991 0.869738 0.478453 0.869485 0.480193 0.868956 0.481943 0.868233 0.483434 0.867426 0.484439 0.866661 0.486604 0.863838 0.486757 0.859679 0.484595 0.853654 0.469533 0.859058
0 0.785320 0.942396 0.786633 0.944433 0.802234 0.948472 0.806273 0.932872 0.804870 0.930888 0.789340 0.926867
0 0.230997 0.050295 0.231011 0.052191 0.231186 0.053734 0.231497 0.054687 0.236024 0.060817 0.242379 0.061584 0.244296 0.045697 0.241340 0.040444 0.234912 0.039669 0.231831 0.045396 0.231441 0.046615 0.231148 0.048336
0 0.110368 0.595788 0.116814 0.596392 0.121194 0.595290 0.123254 0.592465 0.123772 0.591322 0.124198 0.589699 0.124468 0.587842 0.124542 0.586031 0.124408 0.584540 0.122688 0.579358 0.116315 0.578760 0.111879 0.579671
