0 0.112188 0.358578 0.154427 0.407272 0.156010 0.407697 0.180246 0.386674 0.138200 0.338204 0.136535 0.337459
0 0.447236 0.156786 0.447478 0.158359 0.452581 0.190033 0.515929 0.179827 0.516003 0.178352 0.510876 0.146533
0 0.661451 0.471784 0.675791 0.500484 0.676600 0.500486 0.734264 0.471675 0.719859 0.442843 0.718851 0.443105
0 0.234925 0.152887 0.236140 0.154478 0.280406 0.200929 0.303632 0.178796 0.302728 0.177317 0.258258 0.130653
0 0.766488 0.195006 0.829388 0.207681 0.830905 0.206335 0.837272 0.174740 0.774082 0.162006 0.772826 0.163555
0 0.539146 0.075466 0.569963 0.084106 0.587244 0.022474 0.587645 0.020281 0.556687 0.011601 0.539326 0.073516
0 0.879468 0.195850 0.908293 0.209937 0.910172 0.208601 0.938478 0.150688 0.909520 0.136536 0.907644 0.138202
0 0.211289 0.910660 0.256281 0.956821 0.279362 0.934324 0.280373 0.932334 0.235587 0.886385 0.212612 0.908778
0 0.837383 0.875151 0.837970 0.939313 0.839527 0.941336 0.871755 0.941040 0.871165 0.876583 0.869463 0.874857
0 0.817629 0.705704 0.831880 0.768267 0.833408 0.769502 0.864833 0.762343 0.850517 0.699493 0.848910 0.698579
0 0.352075 0.324020 0.367897 0.352099 0.368502 0.352777 0.424404 0.321277 0.424055 0.320454 0.408233 0.292375
0 0.371579 0.814415 0.382813 0.844624 0.443231 0.822157 0.443491 0.820680 0.432309 0.790609 0.372167 0.812974
0 0.042044 0.676264 0.091489 0.717621 0.093361 0.716623 0.113944 0.692015 0.064727 0.650847 0.062722 0.651542
0 0.530183 0.377406 0.580098 0.417725 0.580467 0.417347 0.600719 0.392274 0.550574 0.351769 0.530322 0.376842
0 0.809780 0.804244 0.814395 0.868243 0.815842 0.869939 0.847989 0.867621 0.843353 0.803328 0.841780 0.801937
0 0.471559 0.218291 0.471690 0.219583 0.531913 0.241725 0.542984 0.211614 0.543182 0.210285 0.482682 0.188041
0 0.114502 0.226655 0.147016 0.282314 0.148634 0.283311 0.176336 0.267128 0.143970 0.211724 0.142331 0.210397
0 0.194147 0.066222 0.203449 0.130008 0.204808 0.131704 0.236555 0.127074 0.227295 0.063581 0.226040 0.061572
0 0.288929 0.266659 0.308190 0.292502 0.309069 0.293452 0.360516 0.255107 0.359874 0.253980 0.340613 0.228138
0 0.852372 0.493726 0.884189 0.497846 0.885958 0.497836 0.894236 0.433909 0.862273 0.429770 0.860612 0.430092
0 0.003121 0.546910 0.006976 0.578909 0.070974 0.571200 0.072940 0.570873 0.069103 0.539021 0.067119 0.539201
0 0.619740 0.800437 0.620291 0.801820 0.672879 0.839099 0.691518 0.812805 0.690640 0.811372 0.638294 0.774264
0 0.070534 0.310529 0.121568 0.349907 0.123303 0.350595 0.142902 0.325195 0.092101 0.285998 0.090224 0.285012
0 0.593619 0.866880 0.601316 0.930582 0.601783 0.932564 0.633780 0.928698 0.626048 0.864703 0.625470 0.863031
0 0.044951 0.203049 0.055354 0.209838 0.113326 0.236974 0.116040 0.231177 0.112546 0.225376 0.112367 0.225169 0.107859 0.221973 0.106998 0.221444 0.105590 0.220678 0.103851 0.219792 0.102047 0.218922 0.087249 0.211995 0.057654 0.198142 0.056074 0.197428 0.054972 0.196984 0.054516 0.196877 0.047728 0.197116
0 0.156225 0.335318 0.196587 0.385376 0.197974 0.385900 0.222889 0.365811 0.182712 0.315982 0.181254 0.315137
0 0.154295 0.910985 0.156862 0.917011 0.217128 0.891336 0.223594 0.882389 0.221085 0.876501 0.214575 0.876416 0.213352 0.876748 0.211732 0.877371 0.182221 0.889944 0.167466 0.896231 0.165684 0.897056 0.163997 0.897965 0.162660 0.898819 0.161877 0.899490 0.157945 0.904136
0 0.234203 0.627414 0.240262 0.629904 0.246210 0.627451 0.249128 0.625986 0.249598 0.625481 0.250274 0.624375 0.251054 0.622838 0.251819 0.621103 0.264012 0.591433 0.270108 0.576597 0.270748 0.574914 0.271171 0.573524 0.271313 0.572640 0.270530 0.567729 0.264610 0.565296 0.259103 0.566824
0 0.461333 0.836377 0.518743 0.865690 0.533399 0.836985 0.533246 0.835440 0.476099 0.806262 0.461510 0.834836
0 0.070018 0.409134 0.089677 0.413288 0.095955 0.414533 0.098867 0.410381 0.099470 0.408917 0.099933 0.407134 0.103053 0.391402 0.103308 0.389567 0.103316 0.387952 0.103076 0.386801 0.102182 0.383140 0.083122 0.377541 0.076542 0.376236
0 0.357445 0.356702 0.372705 0.419330 0.373288 0.419700 0.404459 0.412105 0.389269 0.349764 0.388759 0.349072
0 0.573520 0.239725 0.584203 0.269976 0.644706 0.248611 0.645372 0.247453 0.634640 0.217062 0.573858 0.238526
0 0.094128 0.531000 0.139553 0.576735 0.141205 0.576384 0.163967 0.553775 0.118750 0.508250 0.116995 0.508288
0 0.740012 0.208445 0.798933 0.234199 0.813648 0.205890 0.813866 0.203753 0.754420 0.177770 0.740508 0.206326
0 0.569846 0.216829 0.633829 0.218643 0.634444 0.217351 0.635355 0.185212 0.571078 0.183389 0.570753 0.184837
0 0.330401 0.147934 0.331179 0.149548 0.361341 0.160480 0.383206 0.100155 0.382668 0.098314 0.352366 0.087332
