0 0.126079 0.828089 0.180037 0.863355 0.181504 0.861690 0.199056 0.834834 0.145345 0.799730 0.143712 0.801110
0 0.441761 0.526379 0.462675 0.550903 0.511722 0.509076 0.490808 0.484552
0 0.483724 0.125519 0.483799 0.127231 0.489212 0.158774 0.552299 0.147948 0.552539 0.146331 0.547101 0.114643
0 0.606896 0.129540 0.620099 0.192332 0.651495 0.185731 0.652193 0.184284 0.638929 0.121203 0.607389 0.127834
0 0.393781 0.575895 0.408018 0.604810 0.465848 0.576335 0.466005 0.575984 0.451832 0.547202 0.394267 0.575546
0 0.023502 0.384363 0.029199 0.416086 0.031356 0.416471 0.094511 0.405130 0.088840 0.373552 0.086947 0.372971
0 0.947913 0.784052 0.992217 0.830250 0.994478 0.831767 0.999273 0.824675 1.000000 0.823129 1.000000 0.796644 0.999892 0.795054 0.973176 0.763102 0.971012 0.761899
0 0.271306 0.732197 0.320666 0.773409 0.341272 0.748729 0.341998 0.747592 0.292863 0.706568 0.291912 0.707516
0 0.448317 0.863924 0.470637 0.924396 0.500873 0.913237 0.500870 0.911343 0.478652 0.851147 0.448554 0.862256
0 0.330423 0.827137 0.359330 0.841392 0.387837 0.783577 0.388352 0.782278 0.359577 0.768089 0.358930 0.769323
0 0.874691 0.101524 0.883801 0.132204 0.945163 0.113985 0.947207 0.112212 0.938055 0.081390 0.876412 0.099693
0 0.113426 0.475304 0.147977 0.529723 0.149590 0.529587 0.176675 0.512391 0.142283 0.458221 0.140636 0.458029
0 0.859699 0.155138 0.917153 0.183705 0.919074 0.182249 0.933423 0.153389 0.875704 0.124690 0.873982 0.126411
0 0.339171 0.230262 0.339908 0.231498 0.371689 0.235888 0.380469 0.172327 0.379919 0.170818 0.347992 0.166407
0 0.805534 0.146822 0.826207 0.207401 0.856497 0.197064 0.858134 0.195673 0.837366 0.134816 0.806937 0.145200
0 0.595435 0.806265 0.595875 0.807676 0.635083 0.858841 0.660666 0.839237 0.659930 0.837682 0.620901 0.786751
0 0.417539 0.605545 0.418259 0.607784 0.434682 0.632997 0.489606 0.599588 0.488583 0.597400 0.472630 0.572034
0 0.115563 0.232831 0.138443 0.293094 0.140100 0.294042 0.170094 0.282655 0.147319 0.222668 0.145695 0.221391
0 0.647515 0.485432 0.711003 0.494732 0.711974 0.494709 0.716646 0.462819 0.652866 0.453475 0.652166 0.453688
0 0.092605 0.867442 0.149274 0.898161 0.150882 0.896336 0.166171 0.868131 0.109761 0.837553 0.107964 0.839107
0 0.139371 0.601092 0.153719 0.629865 0.155302 0.629271 0.212584 0.600707 0.198302 0.572066 0.196916 0.572397
0 0.440928 0.145451 0.441199 0.147076 0.478843 0.199038 0.504824 0.180216 0.504846 0.178744 0.467029 0.126542
0 0.570327 0.177602 0.606070 0.230703 0.632620 0.212832 0.633229 0.211513 0.597323 0.158168 0.570650 0.176121
0 0.383134 0.492298 0.394952 0.522284 0.395434 0.522182 0.455129 0.498653 0.443365 0.468805 0.443104 0.468661
0 0.513090 0.403013 0.522321 0.466511 0.554070 0.461895 0.554319 0.461720 0.545045 0.397930 0.513150 0.402567
0 0.021329 0.678531 0.051052 0.735729 0.079651 0.720868 0.081578 0.719855 0.051990 0.662919 0.049927 0.663669
0 0.738830 0.640513 0.739930 0.641160 0.803687 0.650657 0.808435 0.618778 0.807021 0.618234 0.743556 0.608780
0 0.800436 0.254763 0.802143 0.286722 0.866061 0.283309 0.867742 0.282314 0.866028 0.250208 0.801816 0.253636
0 0.202903 0.253308 0.203051 0.254666 0.203413 0.256424 0.214935 0.304065 0.215452 0.305940 0.216041 0.307631 0.216613 0.308880 0.217078 0.309497 0.220331 0.311687 0.225987 0.315074 0.232208 0.313570 0.217161 0.251354 0.210544 0.245537 0.204177 0.247077 0.202990 0.252557
0 0.696941 0.178564 0.697749 0.242724 0.729829 0.242320 0.730887 0.241133 0.730075 0.176678 0.697847 0.177084
0 0.517121 0.721893 0.517200 0.722913 0.546409 0.736349 0.573282 0.677930 0.572947 0.677116 0.543871 0.663742
0 0.790567 0.222212 0.792375 0.254243 0.856438 0.250627 0.858079 0.249479 0.856263 0.217300 0.791905 0.220933
0 0.662199 0.929952 0.667947 0.993859 0.668721 0.996133 0.700821 0.993245 0.695047 0.929044 0.694153 0.927077
0 0.334994 0.294409 0.340704 0.326050 0.341433 0.326845 0.404424 0.315475 0.398739 0.283979 0.398274 0.282987
