0 0.794073 0.083067 0.848043 0.117772 0.849645 0.116012 0.867078 0.088903 0.812860 0.054038 0.811426 0.056082
0 0.158188 0.702306 0.197883 0.753094 0.223278 0.733246 0.224546 0.732177 0.185033 0.681622 0.183583 0.682458
0 0.343594 0.300008 0.348810 0.364099 0.349501 0.364720 0.381400 0.362125 0.376209 0.298326 0.375640 0.297400
0 0.802543 0.191995 0.815071 0.221446 0.873972 0.196390 0.875690 0.194995 0.863104 0.165410 0.803932 0.190580
0 0.819471 0.648041 0.826945 0.651504 0.833221 0.653383 0.836087 0.650209 0.836773 0.649362 0.837484 0.647953 0.838112 0.646195 0.842799 0.630544 0.852173 0.599240 0.852617 0.597417 0.852805 0.595821 0.852710 0.594697 0.852012 0.590630 0.845737 0.588750 0.837833 0.586722
0 0.833902 0.636905 0.869785 0.649839 0.875070 0.651560 0.885156 0.621061 0.849642 0.607209 0.844291 0.605596 0.840706 0.613252 0.835530 0.628854 0.835145 0.630722
0 0.871433 0.389328 0.886689 0.417551 0.888469 0.417171 0.945176 0.386521 0.929850 0.358167 0.927881 0.358818
0 0.328415 0.976189 0.331318 1.000000 0.395837 1.000000 0.392947 0.968233 0.329199 0.974012
0 0.888374 0.849526 0.890162 0.851135 0.951110 0.872124 0.961604 0.841649 0.959488 0.840084 0.898820 0.819191
0 0.110102 0.640156 0.130249 0.665313 0.131943 0.664556 0.182027 0.624447 0.161973 0.599405 0.160416 0.599862
0 0.619266 0.988767 0.619815 0.991018 0.643007 0.999613 0.645668 1.000000 0.646988 1.000000 0.681653 0.954005 0.680821 0.951924 0.653772 0.934671
0 0.057801 0.132792 0.079377 0.156628 0.081301 0.158199 0.128756 0.115243 0.107278 0.091516 0.105474 0.089639
0 0.119923 0.810120 0.124869 0.874233 0.156925 0.871760 0.158494 0.870060 0.153570 0.806241 0.121661 0.808703
0 0.069293 0.249411 0.071267 0.250560 0.135392 0.252817 0.136521 0.220755 0.134848 0.219468 0.070427 0.217201
0 0.641474 0.494457 0.650171 0.525338 0.650862 0.525455 0.712909 0.507982 0.704172 0.476958 0.703237 0.477064
0 0.271832 0.890107 0.284161 0.953378 0.315796 0.947213 0.316640 0.945163 0.304368 0.882183 0.272878 0.888319
0 0.078368 0.185886 0.085476 0.217324 0.087375 0.218619 0.149961 0.204470 0.142886 0.173177 0.141242 0.171672
0 0.609759 0.338679 0.672557 0.351853 0.673351 0.351170 0.679969 0.319627 0.616882 0.306392 0.616346 0.307280
0 0.040738 0.839065 0.068850 0.854830 0.070826 0.853203 0.102211 0.797238 0.074228 0.781546 0.072268 0.782842
0 0.744885 0.752214 0.760990 0.814164 0.762189 0.815607 0.793306 0.807517 0.777127 0.745283 0.775860 0.744161
0 0.085352 0.399533 0.110948 0.419118 0.112732 0.419489 0.151723 0.368530 0.126243 0.349035 0.124522 0.348339
0 0.711062 0.200534 0.740972 0.212138 0.742082 0.210813 0.765396 0.150716 0.735348 0.139059 0.734269 0.140713
0 0.369412 0.061998 0.370011 0.064005 0.432401 0.078994 0.439895 0.047799 0.439618 0.045717 0.376942 0.030659
0 0.402252 0.781009 0.448358 0.826057 0.470883 0.803003 0.471016 0.801615 0.425121 0.756773 0.402700 0.779721
0 0.842195 0.358454 0.870542 0.373479 0.872247 0.372896 0.902437 0.315942 0.873959 0.300848 0.872246 0.301761
0 0.168526 0.142523 0.170042 0.144158 0.200770 0.153104 0.218664 0.091647 0.217372 0.089772 0.186502 0.080784
0 0.447379 0.436551 0.447535 0.468781 0.447775 0.468924 0.511940 0.468613 0.511995 0.468468 0.511838 0.436238
0 0.354752 0.727459 0.366855 0.790773 0.398512 0.784722 0.398978 0.783417 0.386930 0.720393 0.355418 0.726417
0 0.202696 0.082788 0.204058 0.084700 0.233892 0.096502 0.257495 0.036836 0.256379 0.034703 0.226408 0.022847
