0 0.681813 0.179253 0.683386 0.211218 0.747317 0.208073 0.748453 0.206732 0.746873 0.174620 0.682648 0.177779
0 0.118861 0.453992 0.150387 0.462288 0.152034 0.460851 0.164975 0.399870 0.133249 0.391442 0.131496 0.392585
0 0.873806 0.477214 0.910029 0.529987 0.911913 0.530125 0.938420 0.511930 0.902030 0.458914 0.900192 0.459102
0 0.800407 0.685631 0.801791 0.686485 0.833785 0.690373 0.841561 0.626383 0.839995 0.625804 0.808147 0.621934
0 0.747716 0.226907 0.779358 0.231717 0.780641 0.230485 0.790306 0.166912 0.758519 0.162080 0.757337 0.163625
0 0.174533 0.562557 0.190378 0.625040 0.221620 0.617117 0.222895 0.616580 0.207122 0.554384 0.205774 0.554635
0 0.517487 0.419436 0.576209 0.444910 0.576559 0.444657 0.589354 0.415161 0.530363 0.389570 0.517567 0.419066
0 0.044250 0.745638 0.103282 0.771531 0.105100 0.770287 0.117987 0.740906 0.059226 0.715132 0.057197 0.716122
0 0.909967 0.362759 0.911029 0.368404 0.917301 0.369684 0.927064 0.366635 0.940161 0.302451 0.933743 0.301141 0.923827 0.305687 0.922269 0.307040 0.921639 0.307654 0.920959 0.308892 0.920333 0.310564 0.919855 0.312418 0.910235 0.359563 0.909974 0.361331
0 0.724259 0.580246 0.742369 0.606728 0.743485 0.607220 0.796693 0.570833 0.778500 0.544228 0.777224 0.544025
0 0.472874 0.105367 0.472999 0.107176 0.532161 0.132014 0.544580 0.102432 0.544786 0.100602 0.485351 0.075649
0 0.699144 0.518246 0.700928 0.550279 0.701853 0.550510 0.766214 0.546925 0.764421 0.514745 0.763209 0.514678
0 0.253623 0.901625 0.285659 0.905152 0.286642 0.903295 0.293663 0.839515 0.261774 0.836004 0.260677 0.837551
0 0.846756 0.376938 0.871630 0.397202 0.873341 0.396728 0.914055 0.346753 0.889066 0.326396 0.887284 0.327192
0 0.367969 0.244645 0.368574 0.245816 0.394851 0.264222 0.431664 0.211667 0.431349 0.210339 0.404951 0.191849
0 0.077959 0.388612 0.079742 0.420714 0.081663 0.421076 0.145574 0.417527 0.143799 0.385572 0.142163 0.385046
0 0.083132 0.183649 0.131974 0.225474 0.133657 0.226729 0.154473 0.202419 0.152886 0.201053 0.104044 0.159228
0 0.145204 0.896531 0.202645 0.925783 0.204007 0.923832 0.218567 0.895242 0.161389 0.866125 0.159830 0.867810
0 0.720312 0.291471 0.766685 0.335818 0.767913 0.335063 0.790189 0.311769 0.743602 0.267218 0.742486 0.268284
0 0.575557 0.816605 0.575905 0.818062 0.606391 0.828522 0.627310 0.767551 0.626727 0.766325 0.596380 0.755913
0 0.234568 0.454994 0.244618 0.518666 0.245788 0.518581 0.277478 0.513579 0.267474 0.450198 0.266404 0.449969
0 0.156409 0.429827 0.184476 0.487681 0.185919 0.487738 0.214714 0.473768 0.186775 0.416178 0.185336 0.415793
0 0.587466 0.587580 0.604713 0.649383 0.605196 0.650071 0.636240 0.641407 0.618913 0.579319 0.618368 0.578956
0 0.709238 0.766962 0.743701 0.821086 0.744823 0.822565 0.772010 0.805254 0.737388 0.750881 0.736300 0.749731
0 0.624937 0.535058 0.643587 0.596290 0.644247 0.596732 0.675003 0.587364 0.656268 0.525851 0.655553 0.525733
0 0.820555 0.253945 0.829559 0.317317 0.861246 0.312815 0.862905 0.311956 0.853860 0.248292 0.822027 0.252814
0 0.217687 0.812474 0.220075 0.876890 0.252284 0.875696 0.253418 0.873974 0.251042 0.809853 0.218981 0.811042
0 0.342838 0.502847 0.398484 0.535383 0.398950 0.535221 0.415143 0.507525 0.359751 0.475138 0.359106 0.475024
0 0.116963 0.752557 0.152849 0.806105 0.179622 0.788163 0.181091 0.786842 0.145370 0.733540 0.143737 0.734615
0 0.901789 0.621065 0.916374 0.683390 0.918287 0.684233 0.949592 0.676906 0.934940 0.614295 0.932951 0.613772
0 0.531490 0.063222 0.545402 0.092045 0.603047 0.064220 0.603521 0.062219 0.589545 0.033264 0.531635 0.061216
0 0.091133 0.556358 0.123096 0.560495 0.124824 0.560218 0.133059 0.496583 0.101242 0.492466 0.099406 0.492431
0 0.560667 0.563443 0.560946 0.563735 0.591979 0.572437 0.609384 0.510371 0.578350 0.501668 0.577992 0.501661
0 0.226099 0.757706 0.250203 0.778983 0.251345 0.777708 0.293706 0.729721 0.269712 0.708541 0.268654 0.709499
0 0.606782 0.942386 0.607274 0.944423 0.638333 0.953031 0.655550 0.890912 0.654836 0.889121 0.623920 0.880552
