0 0.718332 0.728533 0.728792 0.739482 0.735357 0.740860 0.738512 0.736842 0.739012 0.736054 0.739532 0.734644 0.739992 0.732829 0.743429 0.716456 0.743757 0.714518 0.743902 0.712760 0.743842 0.711451 0.743587 0.710789 0.742247 0.708037 0.731171 0.698526 0.724907 0.697211
0 0.509826 0.255590 0.573758 0.261047 0.574098 0.259947 0.576839 0.227834 0.512612 0.222351 0.509871 0.254465
0 0.912498 0.183364 0.974557 0.199667 0.976742 0.198285 0.984932 0.167112 0.922586 0.150734 0.920650 0.152334
0 0.236622 0.907563 0.301681 0.913753 0.306142 0.880730 0.305917 0.879843 0.241404 0.873464 0.236709 0.906546
0 0.926036 0.526646 0.938117 0.589664 0.940135 0.590077 0.971788 0.584008 0.959651 0.520700 0.957544 0.520606
0 0.678608 0.688354 0.679429 0.689222 0.711240 0.694406 0.721609 0.630785 0.720593 0.630185 0.688928 0.625025
0 0.383786 0.367592 0.384317 0.368197 0.448280 0.370627 0.449495 0.338645 0.449263 0.337904 0.385006 0.335464
0 0.570874 0.310838 0.612798 0.359207 0.617635 0.355015 0.620387 0.351623 0.620169 0.347759 0.620086 0.347274 0.619527 0.346298 0.618576 0.344981 0.617379 0.343522 0.606678 0.331175 0.585276 0.306483 0.584025 0.305117 0.582921 0.304065 0.582132 0.303486 0.577483 0.302122 0.572533 0.306412
0 0.104725 0.585330 0.122350 0.647170 0.153270 0.638358 0.154855 0.637726 0.137311 0.576168 0.135645 0.576517
0 0.091640 0.167017 0.123872 0.222840 0.125595 0.224111 0.153380 0.208069 0.121296 0.152502 0.119552 0.150901
0 0.360382 0.610681 0.414358 0.645919 0.431977 0.618930 0.432288 0.618386 0.378560 0.583309 0.378001 0.583693
0 0.046133 0.255049 0.047913 0.319485 0.049985 0.320312 0.082056 0.319427 0.080284 0.255286 0.078352 0.254159
0 0.397768 0.911198 0.417609 0.936599 0.468408 0.896917 0.468553 0.895099 0.448803 0.869815 0.398237 0.909314
0 0.396042 0.042599 0.396519 0.044696 0.456717 0.066905 0.467822 0.036806 0.467674 0.034673 0.407198 0.012362
0 0.288443 0.442534 0.289410 0.442797 0.321151 0.446895 0.329347 0.383413 0.328564 0.382877 0.296677 0.378760
0 0.616445 0.022960 0.673743 0.051842 0.688183 0.023194 0.689050 0.020998 0.636585 0.000859 0.634775 0.000357 0.632916 0.000000 0.630886 0.000000 0.616982 0.020763
0 0.645602 0.466208 0.659154 0.528925 0.659887 0.529058 0.691390 0.522251 0.677775 0.459245 0.646272 0.466052
0 0.756187 0.531071 0.784917 0.545351 0.786228 0.545560 0.814919 0.487837 0.786057 0.473491 0.784747 0.473613
0 0.150626 0.550524 0.187685 0.603266 0.189116 0.602793 0.215367 0.584348 0.178478 0.531848 0.176998 0.531994
0 0.370800 0.930839 0.384103 0.959406 0.440189 0.941346 0.441966 0.938206 0.428646 0.909349 0.372861 0.927781
0 0.826960 0.706186 0.828466 0.707136 0.884139 0.739626 0.900385 0.711789 0.844711 0.679300 0.843131 0.678477
0 0.253548 0.213886 0.276876 0.273978 0.277898 0.275014 0.307807 0.263403 0.284586 0.203588 0.283594 0.202223
0 0.713210 0.504055 0.744528 0.510653 0.745650 0.510702 0.758906 0.447780 0.727445 0.441152 0.726406 0.441421
0 0.301360 0.576125 0.303099 0.609618 0.309798 0.609270 0.318494 0.604274 0.320699 0.601482 0.320916 0.600981 0.321062 0.599826 0.321115 0.598192 0.321066 0.596328 0.320234 0.580310 0.320092 0.578492 0.319876 0.576990 0.319621 0.576032 0.316834 0.572313 0.310442 0.572644
0 0.608307 0.695226 0.608806 0.696126 0.632234 0.718259 0.676501 0.671402 0.675692 0.670616 0.652371 0.648584
0 0.393435 0.489451 0.450738 0.518973 0.450964 0.518885 0.465657 0.490365 0.408616 0.460979 0.408195 0.460800
0 0.212718 0.903445 0.251340 0.955054 0.277145 0.935742 0.278166 0.933746 0.239721 0.882373 0.214034 0.901597
0 0.777175 0.861622 0.778462 0.867892 0.784977 0.876499 0.787954 0.877473 0.789321 0.877688 0.791097 0.877655 0.793012 0.877378 0.809017 0.874092 0.841026 0.867520 0.842772 0.867045 0.844068 0.866447 0.849145 0.863324 0.847827 0.856907 0.839876 0.848748
0 0.205489 0.231026 0.234660 0.288508 0.235875 0.289478 0.264485 0.274959 0.235448 0.217741 0.234230 0.216441
0 0.387934 0.285625 0.389536 0.317737 0.390041 0.318570 0.453971 0.315380 0.452376 0.283415 0.452157 0.282421
0 0.059340 0.396491 0.079253 0.421734 0.081177 0.422092 0.131431 0.382448 0.111609 0.357320 0.109825 0.356665
0 0.596135 0.110854 0.655506 0.134777 0.656220 0.133099 0.668237 0.103278 0.608594 0.079245 0.596577 0.109066
0 0.047585 0.087328 0.051676 0.151501 0.053726 0.153094 0.085665 0.151058 0.081594 0.087178 0.079672 0.085282
0 0.244462 0.802621 0.274832 0.813412 0.275864 0.811976 0.297347 0.751514 0.267116 0.740773 0.266043 0.741881
0 0.645916 0.798750 0.646588 0.800126 0.695610 0.841983 0.716539 0.817472 0.715547 0.816017 0.666749 0.774352
