0 0.825677 0.460060 0.850419 0.480362 0.852028 0.480272 0.892819 0.430563 0.867964 0.410167 0.866282 0.410578
0 0.430882 0.514569 0.456962 0.533507 0.457160 0.533353 0.494860 0.481432 0.494836 0.481346 0.468756 0.462409
0 0.888431 0.651342 0.946608 0.678408 0.948664 0.679230 0.962260 0.650007 0.903815 0.622816 0.901965 0.622253
0 0.582606 0.354268 0.610633 0.411989 0.639493 0.397976 0.640135 0.397506 0.611980 0.339520 0.582987 0.353597
0 0.192929 0.636939 0.221909 0.651042 0.223184 0.650350 0.251261 0.592654 0.222413 0.578615 0.221135 0.578977
0 0.186616 0.550892 0.196683 0.581427 0.198070 0.581054 0.258861 0.561013 0.248840 0.530618 0.247686 0.530759
0 0.423107 0.705957 0.426180 0.711743 0.484031 0.681013 0.484396 0.676875 0.481394 0.671222 0.476546 0.670643 0.475650 0.670942 0.474289 0.671547 0.472670 0.672366 0.458505 0.679890 0.430176 0.694938 0.428531 0.695853 0.427098 0.696732 0.426093 0.697443 0.425671 0.697876 0.424807 0.700177
0 0.800907 0.855488 0.814810 0.877810 0.817387 0.881321 0.871332 0.846357 0.857825 0.823685 0.855053 0.820394
0 0.190745 0.515669 0.191788 0.516962 0.254164 0.532699 0.263032 0.502254 0.262314 0.500902 0.199971 0.485172
0 0.075955 0.423188 0.102499 0.441469 0.104321 0.441737 0.140716 0.388893 0.114294 0.370695 0.112518 0.370100
0 0.764077 0.659686 0.777188 0.722338 0.778461 0.723359 0.809931 0.716773 0.796760 0.653833 0.795403 0.653130
0 0.154095 0.669533 0.170530 0.697091 0.224766 0.668059 0.226524 0.666250 0.210187 0.638556 0.156164 0.667726
0 0.506581 0.347320 0.507914 0.379375 0.572024 0.376708 0.572355 0.376140 0.571016 0.343938 0.506611 0.346617
0 0.085092 0.195434 0.107332 0.255937 0.109131 0.257055 0.139244 0.245987 0.117106 0.185762 0.115344 0.184315
0 0.251058 0.785849 0.276655 0.845009 0.306235 0.832211 0.307123 0.830688 0.281643 0.771799 0.252199 0.784539
0 0.119019 0.485126 0.143082 0.506569 0.144717 0.506538 0.187406 0.458635 0.163454 0.437290 0.161905 0.437001
0 0.374290 0.055495 0.374866 0.057532 0.438838 0.062505 0.441325 0.030519 0.441055 0.028357 0.376788 0.023361
0 0.740349 0.444119 0.743646 0.476032 0.744768 0.475922 0.808887 0.469297 0.805575 0.437237 0.741456 0.443863
0 0.554389 0.545103 0.574086 0.606170 0.574427 0.606659 0.605101 0.596765 0.585313 0.535417 0.584922 0.535255
0 0.504689 0.498609 0.522805 0.525087 0.522910 0.525203 0.576110 0.488803 0.557910 0.462203 0.557645 0.462377
0 0.764535 0.497946 0.766402 0.529974 0.767629 0.530112 0.831980 0.526361 0.830105 0.494185 0.828592 0.494212
0 0.841966 0.655556 0.891461 0.696145 0.893259 0.697046 0.913646 0.672184 0.863924 0.631409 0.862260 0.630809
0 0.048036 0.745861 0.112273 0.751231 0.114050 0.750080 0.116723 0.718109 0.052781 0.712764 0.050722 0.713743
0 0.462094 0.758207 0.494227 0.759292 0.496398 0.695025 0.496414 0.694134 0.464428 0.693053 0.464265 0.693940
0 0.626493 0.094808 0.690641 0.096269 0.691519 0.094411 0.692253 0.062188 0.627809 0.060721 0.627223 0.062734
0 0.128826 0.802434 0.139430 0.866016 0.171221 0.860715 0.172728 0.859061 0.162172 0.795771 0.130527 0.801048
0 0.723397 0.650486 0.724426 0.651179 0.788735 0.655588 0.790940 0.623434 0.789607 0.622868 0.725592 0.618479
0 0.474743 0.817174 0.534521 0.841292 0.546580 0.811403 0.546367 0.809975 0.486862 0.785968 0.474858 0.815720
0 0.808874 0.891661 0.816520 0.922820 0.817978 0.924767 0.880581 0.909405 0.872900 0.878103 0.871191 0.876370
0 0.539554 0.797629 0.539735 0.798996 0.556649 0.826339 0.611335 0.792512 0.610826 0.791175 0.593990 0.763956
0 0.872705 0.582721 0.903884 0.590281 0.905743 0.590697 0.920934 0.528052 0.889611 0.520457 0.887826 0.520363
0 0.411326 0.592119 0.450472 0.643331 0.476078 0.623758 0.476188 0.623191 0.437221 0.572213 0.411732 0.591697
0 0.096378 0.435766 0.096968 0.437065 0.124871 0.454142 0.161271 0.401168 0.160421 0.400029 0.132985 0.382491
0 0.779350 0.787853 0.805133 0.846609 0.806538 0.848205 0.836052 0.835254 0.810150 0.776227 0.808728 0.774961
0 0.593619 0.531232 0.616155 0.554066 0.616690 0.554315 0.662569 0.509036 0.639930 0.486096 0.639289 0.486160
