0 0.304374 0.961449 0.314504 0.973982 0.364636 0.933461 0.365256 0.931474 0.355173 0.918999 0.305270 0.959334
0 0.621370 0.638303 0.623932 0.644169 0.625365 0.645836 0.684699 0.619914 0.682107 0.613980 0.680025 0.612678 0.676741 0.611480 0.676172 0.611480 0.675019 0.611773 0.673457 0.612315 0.671725 0.613023 0.657027 0.619444 0.627632 0.632286 0.625978 0.633058 0.624640 0.633783 0.623821 0.634351
0 0.829007 0.699089 0.836857 0.713033 0.838405 0.714012 0.894438 0.682465 0.886551 0.668457 0.884784 0.667687
0 0.698767 0.504467 0.762092 0.513807 0.765122 0.513966 0.766067 0.507561 0.761834 0.503615 0.761090 0.503466 0.759731 0.503240 0.757965 0.502970 0.726011 0.498257 0.710034 0.495901 0.708144 0.495631 0.706435 0.495406 0.705167 0.495258 0.704533 0.495211 0.699701 0.498135
0 0.447861 0.486587 0.450902 0.490000 0.458797 0.498149 0.505863 0.454471 0.498364 0.445954 0.495173 0.442680 0.489102 0.448134 0.477313 0.459074 0.453736 0.480954
0 0.356614 0.407912 0.356946 0.424059 0.357611 0.456352 0.357686 0.458216 0.357825 0.459818 0.358006 0.460910 0.358201 0.461329 0.360887 0.464272 0.362477 0.464680 0.368877 0.464549 0.367560 0.400553 0.366029 0.399403 0.359555 0.399536 0.356828 0.403643 0.356689 0.404584 0.356614 0.406083
0 0.390310 1.000000 0.406740 1.000000 0.414365 0.941372 0.398438 0.939466 0.397970 0.941489
0 0.268407 0.098135 0.278995 0.116509 0.281418 0.118409 0.282705 0.118889 0.284426 0.119254 0.286322 0.119448 0.288105 0.119444 0.289507 0.119241 0.294976 0.117336 0.295307 0.110943 0.285500 0.092303 0.268753 0.091437
0 0.557269 0.893805 0.557532 0.895618 0.561546 0.911226 0.623975 0.895170 0.619961 0.879563 0.619411 0.877823
0 0.849104 0.613135 0.850712 0.613656 0.913314 0.629021 0.917155 0.613371 0.915243 0.612851 0.852928 0.597556
0 0.067214 0.527306 0.098239 0.583809 0.100081 0.583425 0.114142 0.575704 0.083259 0.519460 0.081340 0.519550
0 0.940287 0.287261 0.944648 0.351278 0.960652 0.350187 0.962773 0.349497 0.958392 0.285186 0.942314 0.286281
0 0.684844 0.927986 0.690020 0.943128 0.690892 0.945163 0.751739 0.924366 0.746540 0.909154 0.745413 0.907283
0 0.089087 0.446434 0.098879 0.510147 0.100717 0.510100 0.116573 0.507663 0.106825 0.444243 0.105015 0.443986
0 0.331343 0.891374 0.345518 0.899040 0.376180 0.842339 0.376747 0.840770 0.362637 0.833140 0.332116 0.889580
0 0.033820 0.811456 0.034051 0.875916 0.050166 0.875858 0.052227 0.874136 0.051998 0.809971 0.035957 0.810029
0 0.456875 0.200717 0.456982 0.203697 0.457473 0.207083 0.462199 0.211401 0.505375 0.164147 0.505437 0.160264 0.500657 0.155896 0.495704 0.157763 0.494991 0.158154 0.493928 0.159057 0.492675 0.160336 0.459994 0.196104 0.458754 0.197553 0.457726 0.198938 0.457066 0.200049
0 0.642476 0.638485 0.645683 0.647383 0.648013 0.652131 0.706851 0.626418 0.704149 0.617315 0.701622 0.612638 0.693465 0.615221 0.663991 0.628101 0.649255 0.634542
0 0.424672 0.420291 0.425017 0.420655 0.470231 0.465963 0.481558 0.454660 0.481473 0.454452 0.436051 0.408935
0 0.592909 0.772826 0.593337 0.774083 0.634402 0.823770 0.646824 0.813504 0.646151 0.812067 0.605274 0.762607
0 0.380006 0.899986 0.444279 0.904904 0.444534 0.903048 0.445758 0.887053 0.381780 0.882159 0.381236 0.883918
0 0.026805 0.637286 0.044008 0.699149 0.050859 0.697853 0.056807 0.695969 0.056745 0.689300 0.056409 0.687490 0.047791 0.656500 0.043482 0.641006 0.042832 0.639268 0.039513 0.633782 0.032778 0.635607
0 0.301819 0.717272 0.352650 0.756655 0.362496 0.743948 0.363125 0.742832 0.312525 0.703629 0.311664 0.704564
0 0.521186 0.727219 0.521283 0.728262 0.536555 0.733284 0.556643 0.672199 0.556384 0.671412 0.541183 0.666413
0 0.725160 0.570567 0.737338 0.581007 0.738431 0.581380 0.780385 0.532442 0.768151 0.521953 0.766922 0.521853
0 0.286356 0.433255 0.287335 0.433561 0.349181 0.450654 0.353454 0.435193 0.352780 0.434894 0.290648 0.417723
0 0.375061 0.436943 0.375633 0.437232 0.390205 0.443940 0.417034 0.385653 0.416652 0.385126 0.402014 0.378388
0 0.300160 0.517601 0.337609 0.570068 0.338353 0.569747 0.351409 0.560428 0.314133 0.508201 0.313277 0.508239
0 0.265212 0.169848 0.266288 0.171362 0.280295 0.179180 0.311567 0.123151 0.310700 0.121416 0.296628 0.113562
0 0.969990 0.418365 0.998499 0.475849 1.000000 0.475738 1.000000 0.454505 0.999723 0.450410 0.999233 0.448598 0.986591 0.410829 0.984361 0.411238
0 0.507034 0.560583 0.509758 0.624691 0.509803 0.625265 0.525904 0.624581 0.523167 0.560178 0.523061 0.559902
0 0.674473 0.228442 0.675737 0.234717 0.680699 0.236185 0.681521 0.236274 0.682917 0.236162 0.684674 0.235868 0.731844 0.226371 0.733711 0.225935 0.735417 0.225423 0.736705 0.224910 0.737377 0.224474 0.741244 0.218870 0.739966 0.212522 0.676491 0.225302
0 0.608013 0.567954 0.610130 0.573994 0.615407 0.577539 0.631231 0.571992 0.629012 0.565662 0.623927 0.563031 0.619653 0.560857 0.619149 0.560899 0.618030 0.561176 0.616469 0.561647 0.614701 0.562240 0.612992 0.562866 0.611602 0.563429 0.610740 0.563846 0.610540 0.564052
