0 0.749434 0.415293 0.777300 0.473091 0.778577 0.472967 0.793093 0.465968 0.765099 0.407904 0.763884 0.408326
0 0.520854 0.554678 0.521853 0.557298 0.524331 0.561063 0.524739 0.561218 0.525835 0.561493 0.527453 0.561847 0.529347 0.562225 0.531225 0.562570 0.532798 0.562827 0.533826 0.562958 0.534154 0.562944 0.538323 0.560452 0.539584 0.553864 0.537775 0.551401 0.522058 0.548391
0 0.030976 0.859202 0.087518 0.890158 0.089408 0.888369 0.097111 0.874299 0.040829 0.843485 0.038715 0.845067
0 0.848091 0.449009 0.848428 0.453462 0.911791 0.463861 0.917055 0.452608 0.916498 0.448120 0.852804 0.437666
0 0.406180 0.212140 0.406609 0.213456 0.450432 0.260112 0.462096 0.249156 0.461922 0.248004 0.417898 0.201134
0 0.586048 0.126412 0.601148 0.131825 0.622802 0.071425 0.623368 0.069451 0.608198 0.064013 0.586444 0.124692
0 0.122630 0.443497 0.123514 0.450146 0.140727 0.452426 0.156590 0.450318 0.155747 0.443973 0.150127 0.440685 0.146058 0.439995 0.137629 0.438566 0.136756 0.438532 0.135256 0.438604 0.133359 0.438770 0.131355 0.439007 0.129553 0.439276 0.128228 0.439538 0.127583 0.439751
0 0.889655 0.816999 0.891449 0.818459 0.905946 0.825496 0.934097 0.767508 0.932107 0.766282 0.917677 0.759276
0 0.424735 0.504039 0.437073 0.514345 0.437361 0.514279 0.478395 0.465153 0.478295 0.464993 0.465957 0.454687
0 0.370984 0.554835 0.426727 0.586891 0.427062 0.586493 0.435039 0.572621 0.379551 0.540712 0.378998 0.540899
0 0.841790 0.104438 0.850498 0.117910 0.904388 0.083082 0.906250 0.081162 0.897502 0.067628 0.843364 0.102616
0 0.286517 0.730411 0.328650 0.779196 0.340846 0.768663 0.341575 0.767432 0.299636 0.718870 0.287496 0.729355
0 0.386181 0.890955 0.391121 0.906295 0.452479 0.886535 0.452696 0.884763 0.447779 0.869494 0.386703 0.889163
0 0.165084 0.136838 0.171935 0.151381 0.173435 0.152975 0.231340 0.125695 0.224520 0.111219 0.223254 0.109433
0 0.797560 0.721661 0.798930 0.722682 0.815045 0.722716 0.815182 0.658256 0.813738 0.657531 0.797696 0.657497
0 0.230559 0.132758 0.231791 0.134437 0.247095 0.139114 0.265801 0.077899 0.264726 0.075960 0.249352 0.071262
0 0.438449 0.271929 0.438731 0.272974 0.460306 0.333404 0.475413 0.328010 0.475300 0.327218 0.453626 0.266511
0 0.105237 0.933350 0.106980 0.937669 0.107711 0.939187 0.108818 0.940708 0.140438 0.977416 0.141743 0.978695 0.147496 0.982407 0.152401 0.978182 0.156374 0.972716 0.114599 0.924219 0.109749 0.928396
0 0.708066 0.710382 0.738747 0.766737 0.739846 0.767965 0.754000 0.760259 0.723177 0.703645 0.722154 0.702712
0 0.511542 0.344063 0.524450 0.406916 0.540163 0.403689 0.540348 0.403246 0.527381 0.340103 0.511595 0.343345
0 0.694171 0.381847 0.694525 0.387144 0.700099 0.390291 0.702412 0.389023 0.734242 0.332637 0.728603 0.329454 0.722729 0.331556 0.722255 0.332098 0.721493 0.333194 0.720561 0.334678 0.719598 0.336325 0.711713 0.350292 0.695945 0.378227 0.695090 0.379799 0.694468 0.381070
0 0.721713 0.460476 0.730118 0.474235 0.786546 0.440905 0.786747 0.440458 0.778265 0.426610 0.722199 0.459947
0 0.912275 0.580745 0.912863 0.612818 0.913157 0.628854 0.913299 0.630729 0.913636 0.632389 0.914117 0.633582 0.915759 0.636497 0.920566 0.638075 0.927040 0.637956 0.925854 0.573218 0.920986 0.572381 0.914586 0.572498 0.912628 0.577421 0.912350 0.578925
0 0.882439 0.441378 0.888360 0.443812 0.892850 0.443162 0.895641 0.441395 0.896484 0.440359 0.897378 0.438861 0.898188 0.437130 0.904329 0.422193 0.916609 0.392318 0.917205 0.390632 0.917489 0.389262 0.917469 0.383276 0.911480 0.380814 0.906777 0.382176
0 0.704119 0.112525 0.718849 0.118878 0.719856 0.117123 0.745384 0.057933 0.730586 0.051551 0.729529 0.053606
0 0.426263 0.155944 0.426601 0.157520 0.467404 0.207041 0.479784 0.196840 0.479691 0.195444 0.438700 0.145696
0 0.291361 0.402280 0.303909 0.412391 0.304808 0.412793 0.345067 0.362829 0.344353 0.362198 0.331805 0.352087
0 0.295644 0.520832 0.299276 0.536532 0.300196 0.536365 0.362710 0.521902 0.359095 0.506274 0.358446 0.506303
0 0.718095 0.718135 0.772571 0.744084 0.775632 0.744125 0.780886 0.729121 0.726415 0.703001 0.723550 0.703139
0 0.150953 0.219078 0.189968 0.270753 0.193512 0.273373 0.198620 0.269516 0.197855 0.263581 0.197563 0.263011 0.196848 0.261942 0.195818 0.260534 0.166825 0.222133 0.165628 0.220591 0.164437 0.219135 0.163432 0.217987 0.162766 0.217322 0.162542 0.217242 0.156121 0.215177
0 0.876609 0.108962 0.887104 0.121094 0.935632 0.079116 0.937638 0.077178 0.927095 0.064990 0.878343 0.107162
0 0.192621 0.226034 0.194029 0.227289 0.258160 0.229406 0.258689 0.213373 0.257578 0.212054 0.193152 0.209927
0 0.211084 0.360862 0.222886 0.424233 0.224156 0.424580 0.239926 0.421643 0.228179 0.358563 0.226927 0.357911
0 0.624936 0.819493 0.640520 0.881737 0.641167 0.883495 0.656799 0.879581 0.641144 0.817050 0.640497 0.815597
0 0.352383 0.178406 0.369051 0.240674 0.369651 0.241863 0.385147 0.237715 0.368555 0.175732 0.367950 0.174239
