0 0.215531 0.471660 0.225581 0.535332 0.226838 0.535170 0.242683 0.532669 0.232679 0.469289 0.231449 0.469147
0 0.666761 0.647280 0.666882 0.711444 0.667651 0.712418 0.683766 0.712388 0.683644 0.647927 0.682802 0.647249
0 0.432305 0.105610 0.432615 0.107418 0.451977 0.168592 0.467271 0.163751 0.467120 0.162203 0.447669 0.100747
0 0.434313 0.034166 0.437443 0.098551 0.437730 0.100391 0.453752 0.099612 0.450636 0.035522 0.450409 0.033384
0 0.706665 0.080570 0.722443 0.083465 0.723467 0.081547 0.735100 0.018145 0.719250 0.015237 0.718245 0.017459
0 0.095843 0.367993 0.099124 0.373312 0.099593 0.373677 0.100668 0.374342 0.102186 0.375204 0.144604 0.398616 0.146321 0.399538 0.147961 0.400373 0.149273 0.400991 0.150057 0.401299 0.156502 0.400432 0.159595 0.394828 0.103555 0.363898 0.098971 0.362325
0 0.512488 0.841398 0.512546 0.842970 0.519215 0.857641 0.577896 0.830964 0.577539 0.829447 0.570901 0.814844
0 0.385793 0.942037 0.443205 0.970999 0.450445 0.956646 0.450672 0.954559 0.393523 0.925729 0.386315 0.940016
0 0.195223 0.044471 0.196617 0.046554 0.208036 0.057764 0.252876 0.012085 0.251741 0.009844 0.241457 0.000875 0.240269 0.000000
0 0.197409 0.876406 0.203204 0.891401 0.263184 0.868222 0.264266 0.866538 0.258498 0.851612 0.198792 0.874685
0 0.790618 0.112323 0.847074 0.142817 0.848672 0.141172 0.856331 0.126994 0.799615 0.096359 0.798242 0.098209
0 0.714309 0.339393 0.729123 0.345548 0.730178 0.344837 0.754914 0.285312 0.740033 0.279128 0.738933 0.280140
0 0.046641 0.526467 0.062488 0.529169 0.064489 0.529036 0.075247 0.465937 0.059473 0.463247 0.057450 0.463079
0 0.322597 0.798758 0.331570 0.812143 0.385112 0.776249 0.385639 0.774982 0.376706 0.761658 0.323410 0.797389
0 0.547345 0.473727 0.555208 0.487709 0.555462 0.487652 0.611648 0.456057 0.603749 0.442010 0.603274 0.442276
0 0.130339 0.559565 0.194103 0.569017 0.195505 0.568700 0.197857 0.552833 0.134386 0.543424 0.132702 0.543624
0 0.473281 0.883516 0.527252 0.918474 0.535991 0.904981 0.535827 0.903130 0.482103 0.868331 0.473403 0.881762
0 0.710805 0.917924 0.713433 0.933749 0.714416 0.935746 0.778005 0.925186 0.775365 0.909288 0.774103 0.907412
0 0.949106 0.909772 0.951173 0.911659 1.000000 0.941552 1.000000 0.922880 0.989395 0.915987 0.956545 0.895560
0 0.299246 0.195246 0.300164 0.196639 0.315039 0.202537 0.338630 0.143034 0.337889 0.141394 0.322945 0.135469
0 0.616411 0.381485 0.676680 0.403503 0.677493 0.403059 0.683023 0.387922 0.622477 0.365803 0.621915 0.366418
0 0.887201 0.166768 0.904513 0.228554 0.919959 0.224226 0.921893 0.222956 0.904502 0.160886 0.888984 0.165234
0 0.626194 0.102428 0.639411 0.111517 0.675768 0.058647 0.676578 0.056615 0.663299 0.047484 0.626775 0.100598
0 0.396727 0.616865 0.409209 0.628063 0.413688 0.623070 0.417635 0.617443 0.417049 0.613423 0.416885 0.613029 0.416201 0.612205 0.415101 0.611079 0.413752 0.609820 0.412359 0.608619 0.411130 0.607657 0.410253 0.607079 0.409861 0.606975 0.405723 0.606758 0.401449 0.611522
0 0.717065 0.210510 0.732495 0.214896 0.733566 0.213584 0.751191 0.151580 0.735690 0.147173 0.734610 0.148790
0 0.760645 0.141827 0.762925 0.205796 0.778917 0.205226 0.780198 0.203872 0.777908 0.139610 0.761843 0.140182
0 0.451990 0.518393 0.462277 0.530797 0.462450 0.530656 0.511842 0.489697 0.511896 0.489650 0.501609 0.477245
0 0.326814 0.709092 0.328759 0.725049 0.392590 0.717272 0.393081 0.716279 0.391146 0.700394 0.327606 0.708136
0 0.395702 0.868154 0.445503 0.909081 0.455735 0.896631 0.455938 0.894813 0.406365 0.854074 0.396180 0.866467
0 0.294922 0.128818 0.295860 0.130515 0.358343 0.144411 0.361817 0.128791 0.361182 0.127086 0.298413 0.113125
0 0.866382 0.245960 0.869850 0.261622 0.932498 0.247753 0.934489 0.246591 0.931006 0.230857 0.868069 0.244790
0 0.307457 0.010216 0.308337 0.012455 0.338380 0.068976 0.352510 0.061465 0.351832 0.059451 0.321652 0.002670
