0 0.939124 0.846184 0.972657 0.900890 0.974833 0.902736 0.988572 0.894314 0.954886 0.839356 0.952801 0.837801
0 0.430210 0.239289 0.430529 0.240481 0.466771 0.293241 0.479962 0.284181 0.479869 0.283189 0.443461 0.230187
0 0.339588 0.384925 0.345861 0.449080 0.346568 0.449313 0.362533 0.447752 0.356289 0.383892 0.355627 0.383357
0 0.560672 0.278647 0.562376 0.342790 0.578412 0.342364 0.578773 0.341638 0.577061 0.277200 0.560952 0.277628
0 0.117166 0.846589 0.130876 0.854984 0.132563 0.853361 0.165989 0.798773 0.152342 0.790416 0.150745 0.791750
0 0.537855 0.466469 0.584574 0.510224 0.585552 0.510343 0.589978 0.505617 0.589449 0.500888 0.589299 0.500638 0.588633 0.499921 0.587553 0.498847 0.586223 0.497579 0.562648 0.475499 0.550860 0.464459 0.549494 0.463202 0.548311 0.462156 0.547492 0.461482 0.547161 0.461281 0.542719 0.461355 0.542231 0.461797
0 0.332595 0.142762 0.340624 0.206721 0.341355 0.208065 0.357271 0.206067 0.349279 0.142401 0.348585 0.140755
0 0.543196 0.690591 0.543222 0.691209 0.546627 0.695830 0.553079 0.696375 0.558528 0.631855 0.557859 0.630348 0.551481 0.629809 0.548098 0.633475 0.548004 0.633665 0.547862 0.634556 0.547695 0.636012 0.547528 0.637811 0.544828 0.669775 0.543479 0.685757 0.543335 0.687641 0.543236 0.689338
0 0.805104 0.170963 0.818105 0.180359 0.819570 0.178888 0.857327 0.126643 0.844266 0.117204 0.842688 0.118958
0 0.355106 0.162570 0.367386 0.225850 0.367994 0.227107 0.383742 0.224050 0.371517 0.161061 0.370926 0.159500
0 0.847682 0.992197 0.847796 0.994120 0.848087 0.995713 0.848512 0.996733 0.853650 1.000000 0.860097 1.000000 0.866136 0.939286 0.861951 0.934265 0.855578 0.933668 0.852924 0.939383 0.852515 0.940610 0.852251 0.942328 0.849259 0.974266 0.847763 0.990235
0 0.070643 0.764053 0.077844 0.778426 0.135335 0.749620 0.137002 0.748478 0.129833 0.734172 0.072606 0.762846
0 0.356742 0.371264 0.361144 0.435574 0.361780 0.435869 0.377784 0.434774 0.373403 0.370759 0.372820 0.370164
0 0.017319 0.391493 0.022189 0.407540 0.044035 0.411767 0.050160 0.409908 0.050597 0.404197 0.050479 0.402775 0.050062 0.401038 0.049409 0.399250 0.048619 0.397680 0.047811 0.396565 0.045513 0.394596 0.023738 0.389546
0 0.418725 0.576773 0.446102 0.635131 0.460691 0.628286 0.460872 0.627699 0.433620 0.569608 0.419097 0.576421
0 0.848261 0.169480 0.875080 0.227771 0.889653 0.221067 0.891447 0.219782 0.864505 0.161223 0.849865 0.167958
0 0.205005 0.511178 0.221120 0.511257 0.222398 0.511205 0.222713 0.447041 0.221436 0.446797 0.205321 0.446718
0 0.190578 0.707964 0.246412 0.740178 0.247574 0.739077 0.255590 0.725183 0.200013 0.693116 0.198631 0.694005
0 0.051402 0.545681 0.114522 0.558758 0.116288 0.558488 0.119543 0.542781 0.056712 0.529764 0.054671 0.529901
0 0.442561 0.656766 0.486880 0.703574 0.498582 0.692494 0.498589 0.691611 0.454472 0.645018 0.442824 0.656047
0 0.012986 0.166532 0.057663 0.212998 0.059691 0.214313 0.071254 0.203195 0.026781 0.156942 0.024603 0.155363
0 0.819498 0.110258 0.825255 0.125231 0.885146 0.102204 0.886919 0.100373 0.881136 0.085331 0.820969 0.108464
0 0.005307 0.354927 0.010604 0.370147 0.012847 0.370742 0.073446 0.349649 0.068173 0.334499 0.066185 0.333737
0 0.060054 0.106642 0.060426 0.122713 0.062436 0.124438 0.126428 0.122958 0.126058 0.106960 0.124340 0.105155
0 0.105414 0.493895 0.121522 0.494367 0.123257 0.494393 0.125133 0.430255 0.123407 0.429934 0.107299 0.429463
0 0.072715 0.693659 0.132811 0.716974 0.134494 0.715980 0.140296 0.701025 0.080475 0.677816 0.078544 0.678634
0 0.214337 0.976634 0.225832 0.987928 0.271010 0.941949 0.272060 0.939923 0.260617 0.928681 0.215646 0.974449
0 0.669246 0.164974 0.723421 0.199357 0.724450 0.197973 0.733085 0.184367 0.678661 0.149825 0.670025 0.163431
0 0.573659 0.402816 0.634766 0.422390 0.635386 0.422032 0.640302 0.406685 0.578914 0.387021 0.578553 0.387539
0 0.368635 0.634336 0.396068 0.692494 0.410607 0.685635 0.411016 0.684787 0.383708 0.626895 0.369235 0.633722
0 0.183289 0.091911 0.221880 0.143543 0.223154 0.145177 0.236003 0.135574 0.234788 0.133896 0.196197 0.082263
0 0.762184 0.734371 0.763391 0.735450 0.779378 0.737478 0.787491 0.673530 0.786173 0.672735 0.770259 0.670716
0 0.138385 0.044872 0.140038 0.046953 0.197871 0.074384 0.204729 0.059926 0.203373 0.057905 0.145274 0.030347
0 0.455043 0.544658 0.460645 0.559726 0.520917 0.537317 0.515315 0.522249 0.515245 0.522147 0.455249 0.544454
0 0.228425 0.474771 0.287691 0.500123 0.288664 0.500122 0.294973 0.485374 0.235979 0.460138 0.234763 0.459954
0 0.437994 0.225819 0.438278 0.227075 0.500684 0.241998 0.504414 0.226397 0.504435 0.225137 0.441742 0.210145
