0 0.613657 0.934426 0.614180 0.936426 0.668166 0.971649 0.676972 0.958153 0.676160 0.956053 0.622422 0.920991
0 0.346180 0.249710 0.346885 0.250857 0.409962 0.262624 0.412904 0.246855 0.412503 0.245689 0.349136 0.233868
0 0.303776 0.602231 0.304923 0.618305 0.369220 0.613719 0.369819 0.613197 0.368678 0.597197 0.304675 0.601762
0 0.195259 0.781553 0.206301 0.793291 0.253252 0.749123 0.254382 0.747981 0.243391 0.736297 0.242210 0.737385
0 0.198491 0.288670 0.199873 0.289639 0.215502 0.293253 0.229958 0.230737 0.228715 0.229498 0.213014 0.225867
0 0.168117 0.043738 0.171983 0.060055 0.186980 0.080170 0.193209 0.078694 0.194350 0.072559 0.194450 0.072020 0.194318 0.070820 0.193974 0.069140 0.193469 0.067235 0.192880 0.065392 0.192296 0.063889 0.191805 0.062956 0.188221 0.057873 0.180796 0.047345 0.174644 0.042192
0 0.765645 0.380248 0.820859 0.412631 0.822332 0.412230 0.830465 0.398363 0.774998 0.365832 0.773741 0.366445
0 0.225228 0.386972 0.270296 0.433060 0.271349 0.433366 0.282818 0.422151 0.237957 0.376275 0.236750 0.375705
0 0.088410 0.094563 0.090296 0.096421 0.153088 0.109623 0.156389 0.093925 0.154807 0.092056 0.091725 0.078793
0 0.180437 0.452838 0.199855 0.514139 0.201228 0.514074 0.216483 0.509241 0.197153 0.448221 0.195762 0.447983
0 0.800865 0.314196 0.816774 0.316246 0.818233 0.315400 0.826468 0.251467 0.810485 0.249409 0.809062 0.250557
0 0.303449 0.318121 0.305839 0.334058 0.306729 0.334818 0.370184 0.325302 0.367805 0.309438 0.367197 0.308560
0 0.756567 0.200946 0.809027 0.237893 0.810450 0.236687 0.819730 0.223511 0.767028 0.186394 0.765804 0.187831
0 0.868800 0.453198 0.875316 0.467857 0.877044 0.467709 0.935947 0.441525 0.929401 0.426799 0.927433 0.427134
0 0.012005 0.305034 0.013809 0.321047 0.016037 0.321868 0.079799 0.314688 0.078004 0.298748 0.076061 0.297821
0 0.291240 0.245124 0.299973 0.308831 0.300888 0.309705 0.316742 0.307532 0.308049 0.244116 0.307167 0.242940
0 0.115315 0.666456 0.126957 0.677542 0.128663 0.676730 0.172804 0.630376 0.161215 0.619341 0.159659 0.619889
0 0.289529 0.711242 0.301991 0.721460 0.302898 0.720445 0.343583 0.670828 0.331179 0.660657 0.330402 0.661397
0 0.844468 0.272081 0.860495 0.272772 0.862155 0.271725 0.864928 0.207325 0.848828 0.206631 0.847229 0.207976
0 0.477762 0.759302 0.482738 0.823570 0.498805 0.822326 0.498810 0.820849 0.493858 0.756876 0.477864 0.758114
0 0.000000 0.613354 0.000251 0.619436 0.002536 0.618890 0.037099 0.565014 0.023630 0.556374 0.021442 0.556633 0.001230 0.592421 0.000541 0.594177 0.000150 0.600765 0.000000 0.603598
0 0.800838 0.358506 0.802979 0.374364 0.866413 0.365799 0.868096 0.365183 0.865945 0.349252 0.802220 0.357856
0 0.927019 0.507369 0.928507 0.513138 0.929132 0.514371 0.930133 0.515834 0.959237 0.554151 0.960472 0.555632 0.961760 0.556918 0.962908 0.557814 0.963742 0.558183 0.971120 0.559017 0.976276 0.555100 0.937112 0.503538 0.932116 0.503498
0 0.612690 0.147852 0.675783 0.159526 0.676593 0.157959 0.679525 0.142113 0.616140 0.130384 0.615608 0.132078
0 0.182631 0.373909 0.194135 0.385195 0.195536 0.385721 0.240471 0.339917 0.229020 0.328683 0.227772 0.327894
0 0.503235 0.756611 0.503431 0.757264 0.503981 0.758449 0.504803 0.759984 0.505770 0.761635 0.522595 0.789207 0.531008 0.802993 0.531965 0.804495 0.532759 0.805607 0.533268 0.806159 0.538232 0.808810 0.543759 0.805437 0.543259 0.801946 0.509916 0.747307 0.504452 0.750641
0 0.587233 0.178924 0.651286 0.182722 0.651982 0.181261 0.652936 0.165174 0.588588 0.161359 0.588183 0.162911
0 0.539776 0.817843 0.539959 0.819306 0.555516 0.823513 0.572341 0.761287 0.572010 0.760089 0.556524 0.755902
0 0.458114 0.285792 0.458306 0.286774 0.522461 0.287915 0.522565 0.286938 0.522851 0.270826 0.458401 0.269679
0 0.250260 0.483918 0.259063 0.497417 0.260168 0.497429 0.313913 0.462378 0.305151 0.448941 0.304253 0.448706
0 0.838974 0.464534 0.852868 0.472552 0.854493 0.472426 0.886712 0.416595 0.872754 0.408540 0.871046 0.408959
0 0.613431 0.701054 0.613954 0.701979 0.677570 0.712375 0.680169 0.696470 0.679343 0.695570 0.616018 0.685222
0 0.290317 0.927438 0.326842 0.980552 0.340120 0.971420 0.340853 0.969260 0.304495 0.916389 0.291278 0.925479
0 0.675869 0.117302 0.709448 0.171979 0.723117 0.163585 0.724144 0.162036 0.690411 0.107106 0.676679 0.115540
0 0.339821 0.477959 0.402737 0.491243 0.403182 0.491283 0.406488 0.475626 0.406058 0.475514 0.343142 0.462230
