0 0.195955 0.849055 0.260169 0.852446 0.261266 0.850835 0.262109 0.834855 0.198189 0.831479 0.196803 0.833002
0 0.910998 0.661690 0.969073 0.688606 0.971228 0.689472 0.977988 0.674887 0.919646 0.647847 0.917727 0.647171
0 0.648066 0.570943 0.650336 0.586823 0.651028 0.587223 0.714840 0.578104 0.712560 0.562151 0.711586 0.561866
0 0.234793 0.412908 0.278619 0.460178 0.279633 0.460361 0.291397 0.449454 0.247772 0.402401 0.246610 0.401952
0 0.659117 0.530110 0.671228 0.540569 0.679432 0.542512 0.683816 0.537436 0.682475 0.532148 0.681865 0.531475 0.680774 0.530436 0.679370 0.529189 0.677868 0.527926 0.676499 0.526841 0.675472 0.526100 0.674944 0.525816 0.672886 0.525512 0.668911 0.524926 0.663301 0.525265
0 0.615245 0.388788 0.627421 0.399231 0.628008 0.398767 0.669975 0.349839 0.657743 0.339348 0.657020 0.340084
0 0.701239 0.423199 0.764794 0.430802 0.766011 0.430484 0.767920 0.414522 0.704072 0.406884 0.703139 0.407310
0 0.667497 0.288667 0.678120 0.300687 0.726201 0.258197 0.727242 0.257084 0.716571 0.245009 0.668269 0.287694
0 0.284652 0.113833 0.285636 0.115599 0.346865 0.134260 0.351530 0.118953 0.350848 0.117203 0.289338 0.098456
0 0.180288 0.333262 0.190710 0.345554 0.192127 0.346262 0.241069 0.304766 0.230695 0.292531 0.229455 0.291576
0 0.529973 0.081649 0.536533 0.096288 0.595088 0.070048 0.595525 0.068068 0.588935 0.053362 0.530111 0.079723
0 0.713800 0.668485 0.745403 0.724148 0.746530 0.725178 0.760510 0.717241 0.728761 0.661322 0.727716 0.660584
0 0.840308 0.856000 0.841874 0.857639 0.893295 0.896511 0.903013 0.883656 0.901166 0.881897 0.849981 0.843204
0 0.369382 0.851811 0.377164 0.865923 0.433610 0.834794 0.433914 0.833260 0.426168 0.819213 0.369980 0.850199
0 0.167749 0.248415 0.169271 0.249568 0.233231 0.254698 0.234514 0.238708 0.233291 0.237505 0.169037 0.232351
0 0.702382 0.331888 0.702531 0.337444 0.707991 0.340785 0.710396 0.338944 0.744185 0.283710 0.738662 0.280331 0.732693 0.282555 0.732195 0.283155 0.731391 0.284288 0.730403 0.285780 0.729382 0.287407 0.704272 0.328453 0.703365 0.329979 0.702701 0.331185
0 0.409826 0.798594 0.473063 0.811094 0.476188 0.795284 0.476297 0.793931 0.413350 0.781488 0.412951 0.782784
0 0.779978 0.146460 0.837737 0.174407 0.839292 0.172908 0.846311 0.158401 0.788286 0.130326 0.786965 0.132020
0 0.378755 0.437412 0.386077 0.451723 0.386598 0.451944 0.443582 0.422789 0.436293 0.408543 0.436000 0.408123
0 0.367634 0.804775 0.367826 0.820889 0.432282 0.820118 0.432593 0.818651 0.432401 0.802611 0.368240 0.803378
0 0.258130 0.330004 0.279931 0.390666 0.280940 0.391167 0.296035 0.385742 0.274334 0.325358 0.273295 0.324554
0 0.454782 0.527711 0.459289 0.543142 0.521013 0.525114 0.516506 0.509683 0.516431 0.509639 0.454989 0.527585
0 0.873142 0.786372 0.878675 0.801388 0.880414 0.802772 0.940752 0.780541 0.935194 0.765456 0.933204 0.764243
0 0.254813 0.790638 0.278885 0.850265 0.293792 0.844247 0.294735 0.842673 0.270772 0.783318 0.255934 0.789309
0 0.240781 0.020351 0.267690 0.078926 0.268755 0.080856 0.283331 0.074160 0.256546 0.015853 0.255425 0.013624
0 0.558028 0.599660 0.558129 0.599849 0.558572 0.600651 0.559287 0.601940 0.560166 0.603523 0.583547 0.645577 0.584464 0.647225 0.585287 0.648701 0.585890 0.649780 0.586182 0.650299 0.591260 0.652326 0.596919 0.649180 0.565455 0.592589 0.564707 0.591531 0.559113 0.594641
0 0.845061 0.733978 0.846649 0.735056 0.907146 0.757312 0.912710 0.742187 0.910818 0.741077 0.850599 0.718923
0 0.792701 0.591471 0.792846 0.592300 0.793333 0.593625 0.794087 0.595243 0.794996 0.596912 0.795922 0.598378 0.796724 0.599421 0.797282 0.599880 0.807900 0.603447 0.814438 0.605450 0.820423 0.602422 0.812852 0.587460 0.798548 0.583461 0.792836 0.586351
0 0.068639 0.472951 0.070123 0.488998 0.072093 0.489048 0.135985 0.483142 0.134509 0.467169 0.132826 0.467018
0 0.303349 0.141089 0.304250 0.142734 0.349277 0.188448 0.360705 0.177191 0.360064 0.175705 0.314830 0.129781
0 0.069686 0.534532 0.070505 0.550627 0.134882 0.547351 0.136555 0.547134 0.135740 0.531114 0.071658 0.534374
0 0.012361 0.899819 0.012621 0.915932 0.077073 0.914892 0.079011 0.912990 0.078752 0.896951 0.014595 0.897987
0 0.437520 0.428721 0.469197 0.484861 0.469338 0.484931 0.483309 0.477048 0.451778 0.421165 0.451556 0.420802
0 0.239050 0.090838 0.284319 0.136376 0.288300 0.134230 0.294367 0.123362 0.248862 0.077586 0.244723 0.079570
0 0.345809 0.545024 0.404128 0.572111 0.404567 0.571782 0.411307 0.557269 0.353255 0.530305 0.352581 0.530444
0 0.054477 0.338065 0.087902 0.393182 0.089791 0.393672 0.103507 0.385354 0.070235 0.330489 0.068256 0.329709
0 0.559996 0.289635 0.575398 0.293980 0.575744 0.293033 0.593201 0.231145 0.577729 0.226781 0.577373 0.228030
0 0.062819 0.255115 0.073082 0.267539 0.075039 0.268605 0.124508 0.227740 0.114292 0.215373 0.112516 0.214062
