0 0.103218 0.887071 0.117225 0.894958 0.118976 0.893152 0.150381 0.837377 0.136437 0.829526 0.134767 0.831039
0 0.670806 0.075927 0.674473 0.081173 0.680137 0.080068 0.680792 0.079939 0.681937 0.079357 0.683398 0.078412 0.684956 0.077247 0.686374 0.076036 0.687440 0.074963 0.687988 0.074192 0.694703 0.058982 0.696576 0.051499 0.692733 0.046001 0.678989 0.055609
0 0.723706 0.074272 0.774589 0.113363 0.784361 0.100642 0.785670 0.098803 0.734553 0.059533 0.724736 0.072312
0 0.693684 0.482541 0.705915 0.492921 0.706863 0.492888 0.748572 0.443740 0.736285 0.433313 0.735202 0.433619
0 0.099426 0.238660 0.101258 0.239854 0.116718 0.243983 0.133232 0.182140 0.131547 0.180680 0.116015 0.176533
0 0.689029 0.782337 0.710957 0.842639 0.711929 0.844216 0.727074 0.838709 0.705044 0.778130 0.704104 0.776855
0 0.758107 0.385151 0.779850 0.445520 0.781138 0.445269 0.796300 0.439808 0.774457 0.379162 0.759295 0.384622
0 0.069802 0.068538 0.083316 0.131566 0.085226 0.133255 0.100910 0.129892 0.087459 0.067153 0.085559 0.065160
0 0.894130 0.320472 0.951549 0.349113 0.953628 0.348418 0.960821 0.333997 0.903138 0.305225 0.901290 0.306118
0 0.546145 0.734368 0.546358 0.735447 0.566508 0.796677 0.581815 0.791639 0.581440 0.790303 0.561382 0.729353
0 0.629363 0.122301 0.637336 0.136175 0.692833 0.104281 0.693719 0.102463 0.685709 0.088525 0.629957 0.120566
0 0.357855 0.652289 0.358674 0.668383 0.423051 0.665106 0.423404 0.664349 0.422588 0.648329 0.358506 0.651591
0 0.900518 0.343230 0.915760 0.348598 0.917689 0.347896 0.939258 0.286647 0.923946 0.281254 0.921988 0.282264
0 0.296402 0.774584 0.356046 0.798614 0.356705 0.797249 0.362685 0.782406 0.303313 0.758485 0.302410 0.759672
0 0.747607 0.831448 0.748747 0.832974 0.761756 0.842485 0.799802 0.790450 0.798428 0.789119 0.785478 0.779651
0 0.137982 0.971495 0.153630 0.975347 0.155217 0.973169 0.170557 0.910864 0.154981 0.907029 0.153392 0.908903
0 0.312901 0.512822 0.355750 0.560768 0.356410 0.560490 0.368342 0.549827 0.325688 0.502100 0.324887 0.502110
0 0.479075 0.523121 0.480201 0.539196 0.544504 0.534694 0.543378 0.518618 0.543179 0.518533 0.479171 0.523015
0 0.759803 0.299764 0.774971 0.304985 0.776237 0.304088 0.797219 0.243138 0.781981 0.237892 0.780689 0.239093
0 0.318333 0.089750 0.330135 0.153121 0.330913 0.154711 0.346683 0.151774 0.334936 0.088693 0.334176 0.086799
0 0.831021 0.389130 0.831693 0.395496 0.895349 0.388784 0.899920 0.387498 0.899241 0.381059 0.893541 0.378557 0.892938 0.378531 0.891671 0.378605 0.889930 0.378767 0.841747 0.383847 0.839814 0.384072 0.837997 0.384324 0.836576 0.384563 0.835767 0.384754
0 0.933771 0.466403 0.939635 0.468968 0.944718 0.468609 0.947323 0.466831 0.948246 0.465832 0.949211 0.464367 0.950073 0.462659 0.963018 0.433066 0.969490 0.418270 0.970109 0.416593 0.970386 0.415217 0.970668 0.409287 0.964736 0.406692 0.959423 0.407759
0 0.024475 0.614811 0.030750 0.617181 0.052205 0.611823 0.053968 0.610663 0.054685 0.610173 0.055551 0.609074 0.056434 0.607532 0.057200 0.605781 0.057735 0.604085 0.057957 0.602701 0.057858 0.596853 0.051870 0.594591 0.030399 0.599123
0 0.439603 0.172828 0.439880 0.174327 0.446684 0.188854 0.504791 0.161639 0.504813 0.160081 0.497978 0.145487
0 0.310310 0.243490 0.341778 0.299567 0.342502 0.300483 0.356457 0.292652 0.325132 0.236831 0.324329 0.235623
0 0.434728 0.542896 0.435847 0.558972 0.500152 0.554494 0.500151 0.554244 0.499037 0.538242 0.435027 0.542699
0 0.360818 0.183367 0.361456 0.184818 0.370347 0.198170 0.423754 0.162605 0.423403 0.161051 0.414470 0.147638
0 0.171906 0.136683 0.173409 0.138348 0.189267 0.140769 0.198951 0.077339 0.197564 0.075393 0.181634 0.072961
0 0.449095 0.138337 0.449330 0.140006 0.493428 0.187265 0.505242 0.176241 0.505267 0.174739 0.460964 0.127261
0 0.470559 0.380826 0.470694 0.381372 0.515989 0.426820 0.527351 0.415497 0.527477 0.415108 0.481974 0.369450
0 0.788141 0.199209 0.795317 0.213556 0.852704 0.184854 0.854328 0.183403 0.847120 0.168990 0.789468 0.197824
0 0.473008 0.007144 0.473131 0.009398 0.512402 0.059945 0.525038 0.050127 0.525153 0.048061 0.485768 0.000000 0.485703 0.000000
0 0.254112 0.703243 0.304021 0.744038 0.314220 0.731561 0.315071 0.730500 0.265392 0.689891 0.264311 0.690766
0 0.423991 0.384142 0.424339 0.384671 0.435777 0.395862 0.480540 0.350107 0.480451 0.349419 0.468960 0.338177
0 0.703385 0.193316 0.718552 0.198420 0.719556 0.197035 0.740065 0.136090 0.724828 0.130963 0.723800 0.132650
0 0.207567 0.410630 0.209313 0.426651 0.210646 0.426987 0.274433 0.420032 0.272694 0.404085 0.271647 0.403643
0 0.527780 0.497117 0.543588 0.499847 0.543788 0.499846 0.554759 0.436326 0.538879 0.433583 0.538701 0.433888
