0 0.070529 0.783027 0.104872 0.837577 0.118509 0.828991 0.120258 0.827484 0.086072 0.773184 0.072497 0.781730
0 0.678040 0.412751 0.681022 0.428513 0.744068 0.416587 0.745192 0.416203 0.742197 0.400368 0.678860 0.412350
0 0.403791 0.922471 0.451004 0.966358 0.461976 0.954555 0.462150 0.952472 0.415154 0.908786 0.404232 0.920535
0 0.391258 0.792815 0.406889 0.796731 0.407316 0.795371 0.422910 0.733130 0.407350 0.729231 0.406924 0.730287
0 0.896757 0.432439 0.960680 0.435758 0.962796 0.435462 0.963629 0.419408 0.899413 0.416075 0.897587 0.416458
0 0.787778 0.741711 0.789103 0.742824 0.803884 0.749244 0.829566 0.690121 0.828056 0.689250 0.813343 0.682858
0 0.674972 0.098362 0.690631 0.101848 0.691508 0.100015 0.705514 0.037094 0.689784 0.033593 0.688914 0.035730
0 0.072565 0.912068 0.130039 0.926000 0.133411 0.922946 0.133930 0.908203 0.076520 0.894499 0.072930 0.897402
0 0.641960 0.847787 0.642614 0.849388 0.689421 0.893708 0.700501 0.882006 0.699582 0.880255 0.652989 0.836139
0 0.136011 0.774689 0.151342 0.779654 0.152940 0.778372 0.172710 0.717329 0.157449 0.712386 0.155872 0.713364
0 0.946785 0.289573 0.962024 0.351902 0.977606 0.348092 0.979805 0.347393 0.964496 0.284777 0.948842 0.288604
0 0.617488 0.487950 0.620684 0.493496 0.626466 0.493184 0.640995 0.484810 0.637645 0.478999 0.632169 0.477720 0.630613 0.477982 0.627610 0.478488 0.627124 0.478700 0.626078 0.479245 0.624631 0.480040 0.623003 0.480965 0.621439 0.481880 0.620176 0.482646 0.619405 0.483149 0.619244 0.483310
0 0.772207 0.177282 0.784090 0.188057 0.785398 0.186621 0.828697 0.138868 0.816758 0.128043 0.773460 0.175797
0 0.075581 0.558617 0.086770 0.570159 0.088660 0.569839 0.134618 0.525286 0.123480 0.513796 0.121751 0.513859
0 0.114708 0.478948 0.152082 0.531274 0.153673 0.531131 0.166695 0.521830 0.129491 0.469743 0.127789 0.469604
0 0.832797 0.204112 0.846665 0.212172 0.848262 0.210847 0.880653 0.155116 0.866720 0.147018 0.865039 0.148636
0 0.863687 0.819669 0.909716 0.864374 0.911602 0.866051 0.922830 0.854491 0.876589 0.809581 0.874863 0.808162
0 0.479810 0.847096 0.480837 0.911548 0.496950 0.911292 0.496964 0.909407 0.495942 0.845250 0.479902 0.845505
0 0.940212 0.536833 0.940460 0.538257 0.941025 0.539958 0.941821 0.541680 0.942728 0.543163 0.943608 0.544183 0.946132 0.546046 0.967507 0.548252 0.973740 0.545775 0.967547 0.530192 0.946170 0.528811 0.940222 0.531175
0 0.469415 0.508364 0.506376 0.561175 0.519579 0.551934 0.519489 0.551696 0.482697 0.499128 0.482617 0.499124
0 0.668944 0.766483 0.669722 0.767710 0.684929 0.773044 0.706267 0.712218 0.705321 0.711245 0.690184 0.705935
0 0.361287 0.432003 0.361921 0.432314 0.425870 0.435088 0.426564 0.419101 0.426227 0.418729 0.361984 0.415943
0 0.080316 0.075495 0.082234 0.077436 0.097901 0.080695 0.110938 0.018028 0.109151 0.015814 0.093412 0.012540
0 0.717949 0.711895 0.743184 0.770889 0.744303 0.772136 0.759120 0.765799 0.733769 0.706532 0.732698 0.705586
0 0.911993 0.212573 0.913351 0.228557 0.977286 0.223125 0.979483 0.221850 0.978119 0.205793 0.913890 0.211250
0 0.057096 0.320280 0.058584 0.384723 0.060607 0.385252 0.076644 0.384881 0.075163 0.320733 0.073207 0.319908
0 0.551487 0.544508 0.551664 0.548899 0.552261 0.549465 0.557152 0.553708 0.599586 0.504802 0.594695 0.500558 0.593613 0.500552 0.589458 0.500745 0.589100 0.501021 0.588316 0.501809 0.587227 0.502987 0.585997 0.504377 0.554463 0.540720 0.553271 0.542122 0.552286 0.543334 0.551660 0.544172
0 0.481501 0.371789 0.481586 0.372376 0.498294 0.434328 0.513782 0.430151 0.513845 0.429829 0.497060 0.367593
0 0.102351 0.888236 0.138569 0.941559 0.151900 0.932505 0.153495 0.930523 0.117443 0.877444 0.104173 0.886457
0 0.704121 0.852694 0.705059 0.854314 0.768717 0.863400 0.770989 0.847485 0.769750 0.845897 0.706383 0.836852
0 0.374434 0.503893 0.381209 0.518471 0.381753 0.518387 0.439799 0.491410 0.433055 0.476898 0.432748 0.476792
0 0.213928 0.314865 0.228875 0.377568 0.230117 0.378129 0.245721 0.374410 0.230843 0.311993 0.229604 0.311128
0 0.007406 0.852933 0.008398 0.868978 0.072579 0.865010 0.074533 0.863341 0.073546 0.847370 0.009659 0.851320
0 0.401308 0.648352 0.460577 0.673294 0.466812 0.658476 0.466964 0.657752 0.407966 0.632925 0.407543 0.633535
