0 0.892951 0.860040 0.893650 0.861274 0.897744 0.865031 0.926587 0.875656 0.927873 0.875394 0.928712 0.873115 0.927444 0.862472 0.926817 0.860761 0.925681 0.859725 0.925519 0.859588 0.898490 0.849631 0.897269 0.849684 0.896436 0.850580
0 0.902316 0.523963 0.928484 0.542421 0.931594 0.542728 0.933453 0.540093 0.938465 0.529388 0.912253 0.510897 0.911545 0.510879
0 0.201425 0.928173 0.219033 0.954986 0.228263 0.950420 0.230960 0.948649 0.232899 0.945416 0.215320 0.918649 0.201937 0.927438
0 0.012697 0.210790 0.013770 0.212223 0.027430 0.222421 0.047261 0.197240 0.046956 0.196921 0.035228 0.187684 0.032522 0.185617 0.032097 0.185846 0.031343 0.186673 0.013518 0.209306 0.012870 0.210259
0 0.404814 0.945953 0.416038 0.955816 0.420985 0.955711 0.421781 0.955297 0.422601 0.954330 0.437650 0.929763 0.438014 0.928798 0.437723 0.928388 0.435456 0.926451 0.422725 0.918652 0.421557 0.918622
0 0.628151 0.318292 0.628156 0.319393 0.628697 0.319865 0.631212 0.320728 0.645715 0.324271 0.647131 0.324306 0.654736 0.293169 0.642224 0.288664 0.636300 0.288738 0.635529 0.289205 0.634986 0.290305
0 0.531921 0.874661 0.551022 0.900399 0.562425 0.894533 0.566209 0.888999 0.566348 0.888005 0.565851 0.886842 0.548682 0.863707 0.547828 0.863051 0.547113 0.863269 0.544854 0.864477 0.532865 0.873374
0 0.931560 0.235888 0.931787 0.237067 0.941246 0.240555 0.942468 0.240502 0.942886 0.240257 0.943470 0.239508 0.953440 0.212472 0.953642 0.211088 0.953356 0.209864 0.950259 0.204491 0.947981 0.203651 0.946684 0.204302 0.942086 0.207345
0 0.187340 0.807373 0.190742 0.837923 0.191458 0.838833 0.193871 0.838564 0.204328 0.834609 0.205795 0.833565 0.206073 0.833250 0.206417 0.832077 0.203229 0.803449 0.202635 0.802380 0.201462 0.802036 0.191442 0.803152 0.187875 0.806657
0 0.166249 0.219301 0.194593 0.234266 0.195618 0.233565 0.202589 0.220363 0.203522 0.217604 0.203580 0.217065 0.202781 0.216405 0.177305 0.202954 0.176100 0.202556 0.175187 0.202643 0.170726 0.205414
0 0.845464 0.286265 0.853986 0.317163 0.854656 0.317104 0.869048 0.313135 0.872131 0.312184 0.872308 0.311704 0.872135 0.310606 0.864475 0.282833 0.864046 0.281747 0.863612 0.281295 0.860837 0.281324
0 0.971986 0.823439 0.972146 0.824393 0.972804 0.826473 0.979409 0.839862 0.980662 0.841472 0.981637 0.841138 0.995564 0.831102 1.000000 0.827658 1.000000 0.810219 0.999855 0.809692 0.998591 0.809884 0.972754 0.822629
0 0.807699 0.211996 0.813107 0.243588 0.813864 0.243756 0.828580 0.241237 0.831675 0.240469 0.831938 0.240085 0.831891 0.239007 0.827030 0.210610 0.826694 0.209455 0.826268 0.208886 0.823147 0.207957
0 0.091993 0.323755 0.093807 0.325549 0.107647 0.334180 0.125379 0.307480 0.124901 0.307080 0.112465 0.298820 0.109720 0.297063 0.109245 0.297276 0.108531 0.298140 0.092592 0.322139 0.092052 0.323162
0 0.778725 0.819397 0.794043 0.823363 0.797359 0.822143 0.797799 0.821541 0.798122 0.820368 0.802444 0.791885 0.802461 0.790817 0.802167 0.790464 0.799098 0.789710 0.784337 0.787470 0.783533 0.787708
0 0.097721 0.856192 0.097734 0.856912 0.102605 0.880761 0.102973 0.881914 0.103480 0.882844 0.107326 0.887716 0.122578 0.881027 0.117337 0.854512 0.116402 0.853388 0.101155 0.855018 0.098994 0.855652
0 0.893336 0.563888 0.893467 0.564997 0.905367 0.591235 0.906171 0.592189 0.907177 0.592443 0.914468 0.590860 0.924542 0.584648 0.924294 0.584098 0.911708 0.556346 0.911304 0.555459 0.909574 0.555887 0.895978 0.562054 0.893942 0.563262
0 0.798386 0.953401 0.798898 0.954180 0.812900 0.960428 0.815987 0.961362 0.816382 0.961281 0.816819 0.960349 0.825235 0.932530 0.825454 0.931294 0.825327 0.930489 0.822984 0.927387 0.807658 0.922750
0 0.574128 0.623370 0.588307 0.625621 0.592923 0.625415 0.593488 0.624923 0.593826 0.623792 0.596992 0.595156 0.596903 0.594035 0.596444 0.593567 0.593603 0.593155 0.578764 0.591514 0.577651 0.591513
0 0.405580 0.469051 0.434351 0.483179 0.434992 0.482095 0.441572 0.468694 0.442714 0.466191 0.442586 0.465485 0.441697 0.464779 0.415836 0.452081 0.414692 0.451788 0.413952 0.452068 0.411114 0.456460
0 0.672760 0.730278 0.672919 0.731452 0.676293 0.739202 0.677604 0.739356 0.689606 0.740527 0.689623 0.740503 0.703953 0.720258 0.704719 0.719175 0.703871 0.717334 0.690488 0.710310 0.688301 0.709599 0.687194 0.709478 0.686501 0.709882 0.673121 0.729170
0 0.543629 0.169442 0.543921 0.170650 0.557200 0.196218 0.557952 0.197019 0.558726 0.196961 0.561092 0.196053 0.574341 0.189172 0.575548 0.188144 0.560776 0.159700 0.548868 0.164055 0.543958 0.168526
0 0.634986 0.866939 0.635967 0.869603 0.639026 0.870625 0.650431 0.872653 0.660597 0.842229 0.660321 0.841641 0.645135 0.836567
0 0.703430 0.351496 0.703573 0.352868 0.708924 0.366805 0.710155 0.369213 0.710659 0.369677 0.711738 0.369537 0.738634 0.359211 0.739670 0.358539 0.740068 0.357729 0.739689 0.351966 0.733352 0.340008
0 0.148747 0.555972 0.149396 0.560591 0.149920 0.561242 0.151029 0.561788 0.178572 0.570235 0.179630 0.570354 0.180030 0.569985 0.181211 0.567279 0.185588 0.553006 0.185488 0.551902 0.154845 0.542504
0 0.823343 0.626398 0.823714 0.627219 0.825450 0.628817 0.836964 0.638320 0.838414 0.639311 0.858817 0.614592 0.850281 0.606471 0.844111 0.602507 0.843124 0.602431 0.842120 0.603117 0.823781 0.625336
0 0.663163 0.603283 0.663481 0.603712 0.666919 0.605893 0.667924 0.606339 0.670056 0.607233 0.684176 0.613069 0.686149 0.611605 0.686209 0.610395 0.677431 0.598566 0.673575 0.596424 0.672357 0.596203 0.664261 0.602211 0.663410 0.602918
0 0.375701 0.455693 0.404269 0.470225 0.404970 0.469168 0.411739 0.455862 0.412881 0.453361 0.412783 0.452661 0.411913 0.451947 0.386235 0.438884 0.385086 0.438572 0.384321 0.438833 0.381233 0.443110
0 0.158511 0.357319 0.159097 0.357564 0.174153 0.363012 0.185049 0.332900 0.182763 0.331687 0.179730 0.330590 0.169427 0.327155
0 0.309418 0.591784 0.309458 0.592576 0.312409 0.596345 0.324393 0.604173 0.343976 0.578800 0.343228 0.577929 0.331409 0.568808 0.329035 0.567210 0.328405 0.567183 0.327573 0.567908 0.309971 0.590715
0 0.804843 0.662059 0.804933 0.663152 0.815252 0.690051 0.815974 0.691072 0.816905 0.691438 0.823754 0.690757 0.834678 0.684711 0.823198 0.654786 0.821569 0.655001 0.807631 0.660348 0.805427 0.661521
0 0.082079 0.859150 0.082841 0.862284 0.088166 0.872759 0.119336 0.865181 0.119989 0.864554 0.116206 0.848997 0.085090 0.856561
0 0.251186 0.737649 0.269936 0.762006 0.270938 0.762305 0.272862 0.760824 0.281044 0.753738 0.281545 0.753158 0.282151 0.752096 0.281837 0.750914 0.264267 0.728089 0.263205 0.727483 0.262023 0.727797 0.254034 0.733946 0.251190 0.736651
0 0.261130 0.413720 0.262941 0.427964 0.294979 0.427023 0.295244 0.425895 0.294805 0.410972 0.294483 0.408121 0.294136 0.407618 0.293060 0.407435 0.264263 0.408282 0.263074 0.408531 0.262454 0.409063
0 0.043722 0.583074 0.046781 0.615005 0.057117 0.614411 0.060328 0.614104 0.063497 0.613281 0.060443 0.581404 0.044505 0.582931
0 0.687861 0.707100 0.687868 0.708108 0.690040 0.710514 0.691921 0.712049 0.696126 0.714974 0.697036 0.715033 0.698005 0.714337 0.716226 0.692014 0.716696 0.690949 0.716411 0.690124 0.715916 0.689689 0.708106 0.683314 0.707099 0.683533
0 0.374123 0.759148 0.404120 0.770439 0.408421 0.759104 0.410817 0.752642 0.410641 0.751758 0.409697 0.751060 0.382734 0.740911 0.381558 0.740810 0.380829 0.741354 0.378247 0.747746
0 0.646225 0.890191 0.653138 0.904934 0.654463 0.907100 0.655035 0.907135 0.656111 0.906742 0.682019 0.894140 0.682980 0.893541 0.683277 0.893084 0.681861 0.890154 0.675331 0.876729 0.675048 0.876171
0 0.461325 0.877226 0.464617 0.909108 0.478158 0.910112 0.483458 0.907043 0.483999 0.906233 0.484129 0.904968 0.481171 0.876310 0.480808 0.875321 0.480168 0.875171 0.477461 0.875011 0.462611 0.876544
0 0.044233 0.416822 0.063277 0.442602 0.064913 0.441953 0.076921 0.433082 0.078633 0.431371 0.079110 0.430693 0.078757 0.429661 0.061639 0.406489 0.060646 0.405698 0.059593 0.405598 0.052651 0.408116
