0 0.783942 0.630731 0.798310 0.637795 0.798823 0.638032 0.812977 0.609246 0.803130 0.604157 0.800235 0.602734 0.798071 0.601994
0 0.129106 0.293031 0.129742 0.293386 0.159832 0.304342 0.165310 0.289297 0.162881 0.287769 0.162160 0.287433 0.160975 0.286972 0.133666 0.277028 0.132721 0.276714 0.132573 0.276733 0.131469 0.279764
0 0.906484 0.357763 0.906783 0.358413 0.908087 0.360667 0.917781 0.372021 0.919199 0.372773 0.943575 0.351961 0.937227 0.340571 0.931152 0.337608 0.930118 0.337585 0.928977 0.338180 0.907067 0.356887
0 0.637254 0.862830 0.637373 0.863296 0.638282 0.863848 0.664890 0.874895 0.666073 0.875212 0.666847 0.875116 0.669889 0.872624 0.674158 0.857738 0.644556 0.845447 0.643870 0.846080 0.638145 0.859868
0 0.026494 0.320326 0.054472 0.335964 0.055730 0.335127 0.063014 0.322095 0.063840 0.319487 0.064013 0.318875 0.063272 0.318165 0.038124 0.304108 0.036887 0.303713 0.035870 0.303854 0.030434 0.307195
0 0.077117 0.676374 0.084199 0.688288 0.114409 0.677580 0.114563 0.676155 0.109575 0.662083 0.108198 0.659684 0.107830 0.659184 0.106798 0.659286 0.079644 0.668911 0.078540 0.669566 0.077997 0.670389
0 0.392061 0.000000 0.392246 0.000511 0.413226 0.024705 0.425322 0.014215 0.424780 0.010690 0.424406 0.009932 0.423635 0.008906 0.409792 0.002160 0.404595 0.000000
0 0.066831 0.320903 0.074839 0.334570 0.104255 0.321841 0.104346 0.320969 0.098417 0.307268 0.096853 0.304519 0.096468 0.304309 0.095453 0.304591 0.069012 0.316032 0.067948 0.316650 0.067446 0.317244
0 0.865520 0.249013 0.870252 0.263172 0.871559 0.265500 0.871934 0.266063 0.872974 0.266003 0.900298 0.256872 0.901407 0.256213 0.901949 0.255343 0.902793 0.248866 0.896065 0.237311 0.865666 0.247470
0 0.064967 0.553297 0.092692 0.569430 0.093391 0.569311 0.101444 0.555472 0.073766 0.539367 0.070672 0.539653 0.069050 0.542441
0 0.142148 0.088373 0.142422 0.089406 0.143280 0.090399 0.166268 0.107763 0.167219 0.108136 0.168063 0.107423 0.169761 0.105958 0.178760 0.094045 0.179032 0.092460 0.153456 0.073142 0.143072 0.081643
0 0.293104 0.146930 0.293369 0.147314 0.296225 0.148569 0.310437 0.153141 0.311335 0.153009 0.321151 0.122497 0.306932 0.116028 0.303182 0.116811 0.302620 0.117348 0.302101 0.118458 0.293278 0.145884
0 0.037830 0.656142 0.037871 0.657258 0.044056 0.685402 0.044503 0.686507 0.045096 0.686978 0.048477 0.687040 0.050849 0.686519 0.055983 0.684387 0.056339 0.683538 0.049809 0.653826 0.049113 0.653128 0.039267 0.655292 0.038211 0.655648
0 0.063069 0.851678 0.064007 0.854388 0.064555 0.854849 0.065660 0.855358 0.092759 0.865138 0.093786 0.865398 0.094146 0.865265 0.095555 0.862254 0.100623 0.848211 0.100455 0.847561 0.070307 0.836680
0 0.932228 0.610813 0.936997 0.624960 0.938389 0.627711 0.938719 0.628022 0.939739 0.627855 0.967040 0.618654 0.968167 0.618098 0.968753 0.617478 0.970000 0.613257 0.962843 0.599568 0.932470 0.609804
0 0.080890 0.459140 0.081083 0.460214 0.089647 0.487987 0.090122 0.489078 0.090595 0.489542 0.093544 0.489617 0.108845 0.484899 0.099408 0.454298 0.098720 0.454220 0.084172 0.457768 0.081090 0.458719
0 0.534253 0.416771 0.534556 0.417502 0.535588 0.418022 0.563627 0.424641 0.564800 0.424642 0.565438 0.424133 0.567046 0.418576 0.569808 0.405681 0.538614 0.398316 0.538274 0.399668 0.534843 0.414198
0 0.164566 0.253117 0.165826 0.259772 0.166433 0.260586 0.167606 0.261072 0.196060 0.265584 0.197125 0.265453 0.197473 0.264791 0.198259 0.262357 0.200597 0.247612 0.200350 0.246019 0.168694 0.240999
0 0.706270 0.318275 0.729063 0.340809 0.740139 0.330035 0.742305 0.327393 0.742210 0.326768 0.741509 0.325852 0.721021 0.305597 0.720111 0.304920 0.719519 0.304866 0.717331 0.307047 0.706835 0.317663
0 0.138232 0.942310 0.143351 0.953118 0.143794 0.953031 0.173537 0.946404 0.174635 0.946147 0.174845 0.944286 0.171598 0.929714 0.170614 0.927538 0.170254 0.926778 0.169195 0.926663 0.141075 0.932929 0.139923 0.933537 0.139339 0.934507
0 0.277059 0.616626 0.277115 0.617426 0.280034 0.621118 0.292650 0.628194 0.310818 0.601788 0.310079 0.600938 0.297779 0.592476 0.295277 0.591028 0.294673 0.591025 0.293892 0.591790 0.277563 0.615525
0 0.812352 0.603668 0.821803 0.616593 0.824138 0.617438 0.824786 0.617253 0.825815 0.616621 0.849276 0.599467 0.850076 0.598762 0.850176 0.598401 0.848272 0.595797 0.838784 0.584913 0.838202 0.584767
0 0.279344 0.917590 0.279702 0.925118 0.285551 0.935580 0.315793 0.924964 0.315655 0.923174 0.310710 0.909088 0.309577 0.906977 0.309071 0.906304 0.307981 0.906331 0.280797 0.915873 0.279749 0.916597
0 0.930749 0.749218 0.946859 0.753392 0.949189 0.752839 0.949540 0.752315 0.949869 0.751182 0.955492 0.722927 0.955606 0.721837 0.955444 0.721413 0.952217 0.720617 0.937574 0.717703 0.937006 0.717782
0 0.335251 0.087994 0.336947 0.092234 0.337475 0.093512 0.346796 0.097354 0.348019 0.097347 0.348885 0.096484 0.359861 0.069853 0.359855 0.068630 0.359722 0.068223 0.358668 0.066774 0.350177 0.059806 0.347933 0.058880 0.346964 0.059575
0 0.835550 0.623768 0.835965 0.625731 0.836296 0.627026 0.837114 0.626921 0.863057 0.622175 0.864279 0.621907 0.865208 0.621632 0.869762 0.619846 0.865654 0.604174 0.836679 0.609375 0.835640 0.609821
0 0.349822 0.380287 0.366429 0.407701 0.367681 0.407197 0.380450 0.399461 0.382660 0.397919 0.382993 0.397285 0.382650 0.396224 0.367722 0.371583 0.366891 0.370706 0.366057 0.370513 0.360755 0.372415
0 0.909378 0.504338 0.914427 0.532702 0.914984 0.533780 0.915926 0.534167 0.923657 0.533464 0.934692 0.530859 0.934622 0.530142 0.929282 0.500140 0.929075 0.499303 0.927228 0.499520 0.912530 0.502137 0.910310 0.502621 0.909538 0.503186
0 0.604331 0.338031 0.604518 0.339239 0.605500 0.339969 0.615287 0.342389 0.616322 0.341713 0.617532 0.340067 0.624910 0.310228 0.624391 0.309138 0.622034 0.308555 0.613442 0.308462 0.612080 0.308907 0.611288 0.309997 0.611245 0.310069
0 0.256882 0.785866 0.257792 0.789258 0.258363 0.789689 0.259526 0.789975 0.288147 0.793264 0.289235 0.793236 0.289625 0.792916 0.290186 0.789845 0.291890 0.775013 0.291725 0.774189 0.259883 0.770531
0 0.244605 0.533817 0.276006 0.540371 0.276390 0.540301 0.279661 0.524628 0.248314 0.518085 0.246487 0.518217 0.245828 0.521375
0 0.365054 0.451060 0.365210 0.452223 0.374107 0.479624 0.374650 0.480617 0.375262 0.480874 0.378019 0.480049 0.392219 0.475438 0.393236 0.475020 0.383338 0.444535 0.369499 0.448475 0.365367 0.450397
0 0.259442 0.563869 0.287931 0.578612 0.288295 0.578477 0.295653 0.564257 0.267213 0.549539 0.265523 0.549900 0.264041 0.552764
0 0.335048 0.424424 0.343469 0.434114 0.347967 0.438329 0.348813 0.438477 0.349850 0.437906 0.370977 0.418319 0.371603 0.417350 0.371465 0.416545 0.369751 0.414631 0.359601 0.403683 0.358553 0.402634
0 0.608021 0.721079 0.618194 0.732400 0.621044 0.734724 0.621703 0.734656 0.622653 0.733986 0.643516 0.714119 0.644208 0.713227 0.644249 0.712628 0.642187 0.710390 0.631892 0.699578 0.631233 0.698977
0 0.317559 0.796953 0.318039 0.799333 0.321231 0.804136 0.322158 0.804741 0.323458 0.804809 0.351703 0.799106 0.352633 0.798588 0.352772 0.798306 0.353011 0.797107 0.351016 0.787225 0.349987 0.786763 0.320167 0.792784 0.319644 0.793559
0 0.713644 0.541722 0.717685 0.570247 0.718147 0.571351 0.718939 0.571786 0.725475 0.571500 0.737753 0.569151 0.733257 0.537417 0.731692 0.537535 0.716910 0.539629 0.714445 0.540061 0.713788 0.540582
0 0.288641 0.684067 0.319167 0.693839 0.319809 0.692378 0.324361 0.678159 0.324992 0.675752 0.324840 0.674934 0.323890 0.674308 0.296452 0.665524 0.295244 0.665459 0.294475 0.665983 0.291603 0.671992
0 0.025015 0.739632 0.025157 0.742055 0.029959 0.747523 0.031128 0.748289 0.032546 0.748555 0.061312 0.746872 0.062165 0.746473 0.062578 0.746241 0.062983 0.745087 0.062394 0.735023 0.061298 0.734405 0.030928 0.736182 0.026050 0.738638
0 0.454445 0.829135 0.457275 0.857805 0.457615 0.859008 0.458211 0.859670 0.463151 0.861394 0.477044 0.857916 0.473895 0.826019 0.472704 0.825661 0.457847 0.827128 0.455063 0.827783 0.454563 0.828083
