0 0.279489 0.571879 0.282976 0.585022 0.314619 0.579917 0.314694 0.578581 0.312317 0.563842 0.311658 0.561205 0.311230 0.560664 0.310131 0.560587 0.281689 0.565175 0.280551 0.565614 0.280025 0.566308
0 0.230197 0.941141 0.242032 0.947014 0.248674 0.945475 0.249523 0.944845 0.250098 0.943677 0.256891 0.915679 0.256851 0.914645 0.256229 0.914336 0.253849 0.913201 0.239341 0.909681 0.237755 0.909993
0 0.889114 0.787670 0.889804 0.788417 0.913737 0.804454 0.914930 0.804969 0.915933 0.804960 0.921429 0.802516 0.926597 0.789319 0.899970 0.771476 0.898695 0.772103 0.890384 0.784505 0.889314 0.787123
0 0.299752 0.249982 0.303782 0.261303 0.306955 0.267587 0.307745 0.268107 0.308937 0.267974 0.335617 0.257102 0.336523 0.256381 0.336628 0.255496 0.335784 0.253242 0.330151 0.239416 0.329434 0.237887
0 0.584526 0.859684 0.598750 0.863473 0.603295 0.861849 0.603857 0.861199 0.604203 0.860004 0.607659 0.831402 0.607584 0.830348 0.607138 0.830038 0.604288 0.829320 0.589466 0.827530 0.588370 0.827864
0 0.564077 0.862714 0.573984 0.893196 0.587569 0.891253 0.591966 0.887229 0.592309 0.886333 0.592164 0.885073 0.583260 0.857674 0.582704 0.856779 0.582062 0.856756 0.579356 0.857185 0.565157 0.861799
0 0.817282 0.689686 0.817828 0.690012 0.849176 0.696814 0.853843 0.685294 0.854527 0.682142 0.851973 0.680829 0.820678 0.674038
0 0.708105 0.123992 0.729926 0.147429 0.741645 0.136519 0.742060 0.135894 0.720202 0.112416 0.711977 0.119064 0.709616 0.121262
0 0.552191 0.295841 0.552384 0.296433 0.554461 0.298392 0.566094 0.307750 0.567155 0.308242 0.587244 0.283267 0.576990 0.273319 0.572467 0.271465 0.571669 0.271627 0.570751 0.272420 0.552694 0.294869
0 0.699385 0.606694 0.699633 0.608087 0.731664 0.609243 0.733535 0.596076 0.732279 0.590292 0.731667 0.589632 0.730481 0.589323 0.701690 0.588284 0.700612 0.588511 0.700257 0.589136 0.699923 0.591774
0 0.878373 0.163354 0.878945 0.164383 0.900467 0.183535 0.901587 0.184012 0.902605 0.183674 0.908583 0.177803 0.915312 0.169434 0.914856 0.168847 0.892091 0.148589 0.891368 0.148127 0.889971 0.149567 0.880047 0.160720 0.878668 0.162373
0 0.304823 0.810419 0.305751 0.839214 0.305974 0.840432 0.306435 0.841121 0.310454 0.843075 0.325305 0.840612 0.324273 0.808577 0.323297 0.808163 0.308375 0.808644 0.305404 0.809096 0.304973 0.809373
0 0.054245 0.657358 0.054300 0.660583 0.056969 0.672529 0.089042 0.671984 0.089747 0.671689 0.089475 0.655680 0.057457 0.656223
0 0.789576 0.714894 0.800095 0.726965 0.802272 0.728612 0.802877 0.728485 0.803838 0.727815 0.825749 0.708721 0.826496 0.707902 0.826590 0.707421 0.824471 0.704989 0.814257 0.694188 0.813718 0.693855
0 0.763967 0.030497 0.789215 0.050243 0.789550 0.049931 0.798747 0.038171 0.800792 0.035463 0.800570 0.035036 0.799744 0.034284 0.777050 0.016535 0.776091 0.015892 0.775552 0.015723 0.774047 0.016827
0 0.237443 0.150408 0.256957 0.175835 0.258294 0.175560 0.270138 0.166470 0.272047 0.164405 0.272378 0.163908 0.271949 0.162962 0.254409 0.140108 0.253458 0.139256 0.252539 0.138985 0.246854 0.139921
0 0.897108 0.185140 0.903555 0.216536 0.904171 0.216704 0.918795 0.213701 0.921980 0.212812 0.922162 0.212431 0.922051 0.211360 0.916256 0.183139 0.915911 0.181990 0.915535 0.181424 0.913001 0.180494
0 0.538944 0.080808 0.553886 0.109163 0.554899 0.109162 0.568107 0.102202 0.570618 0.100453 0.570863 0.100041 0.570531 0.099045 0.557101 0.073557 0.556376 0.072549 0.555681 0.072106 0.551404 0.071880
0 0.172196 0.263071 0.172460 0.264281 0.182598 0.291248 0.183130 0.292159 0.183621 0.292253 0.186562 0.291532 0.200537 0.286278 0.201254 0.285528 0.189975 0.255526 0.175199 0.258942 0.172346 0.262260
0 0.895916 0.626680 0.896016 0.627871 0.896751 0.628550 0.904312 0.630517 0.915326 0.632817 0.915563 0.632078 0.922368 0.602374 0.922483 0.601574 0.920658 0.601149 0.906106 0.597816 0.903906 0.597317 0.902955 0.597581 0.902350 0.598598
0 0.201884 0.361181 0.203300 0.367215 0.203928 0.367924 0.205118 0.368297 0.233830 0.370668 0.234898 0.370481 0.235234 0.369851 0.235771 0.367269 0.236999 0.352390 0.236713 0.350940 0.204770 0.348303
0 0.888179 0.900960 0.888449 0.901275 0.898613 0.912210 0.900953 0.914708 0.901418 0.914525 0.902293 0.913815 0.923395 0.894200 0.924178 0.893367 0.924422 0.892892 0.923505 0.891509 0.911654 0.879138
0 0.632744 0.415815 0.641840 0.446519 0.657192 0.441971 0.658332 0.441550 0.658325 0.441046 0.658056 0.439934 0.649801 0.412068 0.649427 0.411007 0.649170 0.410623 0.646078 0.411539 0.632972 0.415670
0 0.478592 0.805587 0.488607 0.836034 0.501671 0.833706 0.506594 0.830020 0.506993 0.829162 0.506869 0.827919 0.497868 0.800551 0.497284 0.799642 0.496582 0.799582 0.493979 0.800087 0.479797 0.804752
0 0.553004 0.085053 0.558110 0.098938 0.559266 0.100899 0.559931 0.101643 0.560818 0.101864 0.585339 0.097062 0.586379 0.096467 0.586989 0.095412 0.588892 0.086630 0.587954 0.085614 0.580724 0.077783 0.580601 0.077650 0.554643 0.082551 0.553415 0.082941
0 0.604292 0.619453 0.605050 0.620321 0.607543 0.622367 0.616869 0.629835 0.637221 0.605041 0.628008 0.597436 0.625515 0.595389 0.624610 0.594702
0 0.750768 0.934869 0.750828 0.935890 0.760072 0.963177 0.760739 0.964302 0.761622 0.964884 0.768198 0.966099 0.779634 0.958945 0.769350 0.928588 0.767784 0.928354 0.753644 0.933144 0.751719 0.934295
0 0.800419 0.134529 0.801031 0.135711 0.813769 0.143497 0.816482 0.144511 0.817005 0.144656 0.817709 0.143923 0.832736 0.119342 0.833213 0.118142 0.833194 0.117172 0.830809 0.112065 0.817136 0.107182
0 0.351568 0.529534 0.351924 0.530709 0.368706 0.554134 0.369674 0.554807 0.370693 0.554607 0.370988 0.554482 0.379184 0.548611 0.379299 0.547521 0.361582 0.522791 0.360545 0.522594 0.358933 0.522855 0.356959 0.524269 0.352011 0.528530
0 0.410177 0.249462 0.412129 0.254906 0.418046 0.268045 0.419151 0.268579 0.421339 0.267593 0.423086 0.252766 0.423317 0.250504 0.423363 0.249391 0.421751 0.244120 0.421527 0.243623 0.421022 0.243610 0.419942 0.243996 0.410535 0.248232
0 0.319893 0.515966 0.320807 0.523443 0.321613 0.525733 0.322748 0.526213 0.324572 0.525943 0.353268 0.515842 0.353841 0.514813 0.350494 0.505304 0.349674 0.504396 0.348453 0.504325 0.348395 0.504327 0.321215 0.513894 0.320206 0.514723
0 0.218926 0.534393 0.218961 0.534799 0.221910 0.536107 0.235168 0.541111 0.235622 0.541041 0.248607 0.511769 0.233970 0.505276 0.232041 0.505315 0.231630 0.505755 0.231077 0.506797 0.219292 0.533364
0 0.033465 0.767704 0.040468 0.779073 0.046977 0.781023 0.048035 0.780906 0.049136 0.780199 0.069525 0.759845 0.070027 0.758951 0.069436 0.758024 0.068221 0.756139 0.057673 0.745573 0.056148 0.745060
0 0.636406 0.178094 0.636671 0.178974 0.637697 0.179511 0.666025 0.184757 0.667227 0.184632 0.667913 0.183929 0.669909 0.176825 0.671410 0.165216 0.670707 0.165077 0.640743 0.159528 0.639895 0.159380 0.639464 0.161095 0.636746 0.175775
0 0.183146 0.067171 0.183837 0.077445 0.184448 0.080612 0.186722 0.083635 0.218165 0.077570 0.215133 0.061848 0.214643 0.061095
0 0.375979 0.802175 0.376150 0.803234 0.385480 0.830491 0.386042 0.831576 0.386666 0.832064 0.390905 0.832438 0.404549 0.826030 0.394169 0.795705 0.393156 0.795670 0.379032 0.800505 0.376290 0.801749
0 0.454032 0.508992 0.465008 0.517080 0.469450 0.519992 0.470218 0.519932 0.471081 0.519149 0.487826 0.495705 0.488281 0.494644 0.488074 0.493918 0.485855 0.492330 0.473707 0.483653 0.472662 0.482910
0 0.247064 0.469083 0.247417 0.470306 0.262969 0.494563 0.263843 0.495256 0.264066 0.495260 0.265270 0.495049 0.273757 0.489608 0.273870 0.488496 0.257451 0.462885 0.256484 0.462665 0.253668 0.462233 0.251624 0.463544 0.247420 0.468033
