0 0.105064 0.868992 0.106946 0.874198 0.120674 0.879648 0.138527 0.853029 0.138033 0.851822 0.125634 0.843507 0.122912 0.842381 0.122427 0.842213 0.121706 0.842916 0.105658 0.866842 0.105117 0.868021
0 0.239558 0.485937 0.261679 0.509131 0.262923 0.508265 0.273726 0.497962 0.275448 0.496063 0.275698 0.495323 0.275160 0.494340 0.255276 0.473492 0.254250 0.472835 0.253334 0.472876 0.248018 0.476313
0 0.879645 0.604509 0.879718 0.605729 0.892413 0.631585 0.893334 0.632390 0.893705 0.632515 0.895459 0.632619 0.906091 0.630422 0.908271 0.629351 0.908405 0.628194 0.894857 0.600602 0.894002 0.600291 0.889499 0.599144 0.880449 0.603588
0 0.157710 0.873634 0.158796 0.880078 0.169260 0.888673 0.194527 0.868953 0.194217 0.867437 0.185032 0.855668 0.182970 0.853920 0.182460 0.853508 0.181513 0.853909 0.158801 0.871634 0.157962 0.872627
0 0.021452 0.069522 0.022005 0.070697 0.034103 0.083359 0.057736 0.061707 0.057552 0.061441 0.047467 0.050433 0.045078 0.047877 0.044652 0.048081 0.043788 0.048795 0.022545 0.068256 0.021739 0.069073
0 0.239094 0.953381 0.240464 0.956301 0.247344 0.965406 0.276382 0.951775 0.276765 0.951000 0.269961 0.936506 0.240973 0.950113
0 0.085440 0.671737 0.085457 0.672541 0.087535 0.675983 0.102213 0.681177 0.116745 0.652609 0.116207 0.651824 0.102901 0.645056 0.099984 0.643981 0.099529 0.644039 0.098917 0.644893 0.085855 0.670571
0 0.865490 0.651754 0.880066 0.680299 0.894629 0.675081 0.896814 0.671637 0.896842 0.670833 0.896431 0.669669 0.883329 0.644010 0.882710 0.643157 0.882242 0.643100 0.879349 0.644179 0.866052 0.650969
0 0.089328 0.106451 0.091161 0.107152 0.106017 0.108623 0.108288 0.108433 0.109183 0.108291 0.109649 0.107306 0.112489 0.078636 0.112246 0.077367 0.111446 0.076547 0.103829 0.073398 0.092487 0.074556 0.092362 0.075047 0.089358 0.105371
0 0.399003 0.041775 0.399733 0.043538 0.406760 0.056711 0.407944 0.058613 0.408697 0.059208 0.409834 0.059019 0.435252 0.045458 0.436115 0.044581 0.436214 0.043530 0.433358 0.036081 0.427282 0.026688 0.426647 0.026937 0.399761 0.041280
0 0.274823 0.842552 0.281919 0.854289 0.284004 0.856750 0.284192 0.856732 0.284987 0.856117 0.307159 0.837327 0.308092 0.836477 0.308611 0.835896 0.309991 0.833477 0.299639 0.821261 0.275209 0.841965
0 0.412089 0.039885 0.413754 0.041025 0.428481 0.039625 0.430658 0.039011 0.431637 0.038489 0.431982 0.037740 0.432526 0.013043 0.432226 0.011851 0.431467 0.010899 0.424563 0.005951 0.423405 0.006569 0.412841 0.012432 0.412829 0.012464
0 0.007579 0.255113 0.016267 0.261173 0.023617 0.265471 0.024691 0.265552 0.025645 0.264804 0.041298 0.240617 0.041574 0.239463 0.041026 0.238570 0.039262 0.237386 0.026728 0.229275 0.024993 0.228205 0.024415 0.228814 0.007859 0.254397
0 0.714296 0.579053 0.714670 0.580025 0.717152 0.580950 0.719448 0.581740 0.724717 0.583495 0.725636 0.583304 0.726323 0.582343 0.735696 0.555095 0.735749 0.553905 0.735151 0.553162 0.729979 0.551126 0.727683 0.550337 0.725081 0.549761 0.724192 0.550286
0 0.423949 0.704681 0.424254 0.705244 0.425259 0.705789 0.452429 0.715370 0.453560 0.715579 0.454167 0.715337 0.455620 0.711749 0.460451 0.697542 0.430224 0.686882 0.425213 0.701026
0 0.727650 0.829148 0.742798 0.831913 0.746481 0.830167 0.746918 0.829502 0.747156 0.828294 0.748854 0.799535 0.748750 0.798480 0.748370 0.798181 0.745338 0.797668 0.730434 0.796788 0.729539 0.797152
0 0.298570 0.411100 0.330109 0.416807 0.330579 0.415714 0.333237 0.401023 0.333530 0.398203 0.333283 0.397617 0.332265 0.397207 0.303915 0.392078 0.302704 0.392085 0.301999 0.392498 0.299837 0.396971
0 0.839823 0.816202 0.848813 0.829451 0.851344 0.831842 0.852024 0.831844 0.853086 0.831318 0.877135 0.814998 0.877948 0.814252 0.878035 0.813730 0.876224 0.811061 0.866950 0.798733 0.866321 0.798221
0 0.255762 0.458579 0.259329 0.472400 0.290994 0.467436 0.291110 0.466264 0.288798 0.451514 0.288124 0.448743 0.287714 0.448278 0.286623 0.448227 0.258161 0.452689 0.257013 0.453090 0.256468 0.453705
0 0.754322 0.706567 0.756168 0.708065 0.756843 0.708327 0.758047 0.708620 0.786553 0.714282 0.787572 0.714431 0.787805 0.714349 0.788433 0.711185 0.789347 0.697439 0.788850 0.697101 0.757441 0.690862
0 0.965761 0.551104 0.967209 0.553019 0.968597 0.553205 0.979006 0.554387 0.990756 0.545502 0.991202 0.544382 0.984979 0.536152 0.984116 0.535219 0.983426 0.534805 0.973468 0.534088 0.973042 0.534411 0.972318 0.535234 0.971340 0.537256
0 0.037923 0.812478 0.043673 0.824042 0.074936 0.816979 0.075289 0.815308 0.071999 0.800746 0.071055 0.798711 0.070597 0.797751 0.069567 0.797677 0.041466 0.804026 0.040286 0.804600 0.039635 0.805481
0 0.007030 0.904556 0.007065 0.905609 0.012868 0.935524 0.013133 0.936021 0.023819 0.935972 0.031861 0.932288 0.032665 0.931415 0.032824 0.930136 0.027338 0.901853 0.026747 0.900908 0.025760 0.900832 0.023623 0.900883 0.008967 0.903726
0 0.073602 0.968950 0.073655 0.969938 0.075806 0.974918 0.090937 0.977531 0.103556 0.948068 0.103004 0.946923 0.089280 0.941046 0.087078 0.940616 0.085837 0.940384 0.085289 0.941198 0.073947 0.967681
0 0.082395 0.712888 0.082662 0.713489 0.083478 0.714348 0.105296 0.733163 0.106195 0.733784 0.106660 0.733814 0.108915 0.731461 0.118665 0.720155 0.118911 0.719542 0.094639 0.698610 0.083209 0.710255
0 0.650513 0.364720 0.650905 0.365317 0.653146 0.366773 0.666301 0.373832 0.667636 0.374231 0.682791 0.345989 0.671693 0.338540 0.666056 0.337083 0.665206 0.337337 0.664411 0.338264 0.650789 0.363649
0 0.841294 0.538951 0.841828 0.539565 0.854353 0.547691 0.857075 0.549242 0.857573 0.549128 0.858287 0.548300 0.873967 0.524131 0.874486 0.523058 0.874514 0.522362 0.872461 0.519657 0.858738 0.512062
0 0.857451 0.088305 0.857599 0.088762 0.858612 0.091586 0.866410 0.104316 0.867596 0.104788 0.894927 0.088045 0.890045 0.073817 0.884921 0.072024 0.883949 0.072071 0.882749 0.072577 0.858183 0.087627
0 0.253187 0.028382 0.254249 0.044896 0.286288 0.045810 0.286637 0.045244 0.287063 0.030320 0.286891 0.027021 0.286582 0.026754 0.285523 0.026616 0.256725 0.025794 0.255520 0.025867 0.254861 0.026107
0 0.040174 0.203008 0.040664 0.213905 0.041423 0.217040 0.044727 0.219080 0.075852 0.211550 0.072088 0.195988 0.071352 0.195466
0 0.238877 0.284056 0.238937 0.290346 0.239394 0.291186 0.240473 0.291816 0.267962 0.300440 0.269044 0.300488 0.269510 0.299937 0.270602 0.297554 0.275071 0.283309 0.275110 0.281810 0.244528 0.272216
0 0.130290 0.086887 0.132954 0.089865 0.160627 0.105978 0.168684 0.092142 0.168115 0.091440 0.140394 0.075299 0.131913 0.084100
0 0.058222 0.690928 0.058240 0.691275 0.070315 0.717069 0.070924 0.718062 0.072956 0.717698 0.085669 0.709646 0.087346 0.708062 0.087994 0.707347 0.087933 0.706319 0.076389 0.682002 0.075545 0.681117 0.074412 0.680867 0.065908 0.682179
0 0.529886 0.132675 0.560377 0.142459 0.565270 0.127213 0.565743 0.124508 0.565343 0.124057 0.564281 0.123582 0.536608 0.114702 0.535512 0.114485 0.535030 0.114653 0.534045 0.117724 0.529937 0.132043
0 0.508699 0.087003 0.521267 0.095060 0.523121 0.096108 0.523913 0.096278 0.524447 0.096293 0.524961 0.087803 0.524996 0.086981 0.525039 0.085684 0.525345 0.075371 0.524536 0.074777 0.509812 0.074340 0.508975 0.074885 0.508903 0.077341
0 0.752702 0.939463 0.753466 0.940131 0.778050 0.955152 0.779220 0.955665 0.780120 0.955730 0.784586 0.954107 0.790075 0.939705 0.762724 0.922995 0.761694 0.923427 0.753910 0.936166 0.752777 0.939025
0 0.132004 0.236723 0.132088 0.238088 0.140483 0.265653 0.141062 0.266464 0.141401 0.266684 0.142617 0.266807 0.152261 0.263869 0.152595 0.262735 0.143731 0.233633 0.140026 0.230863 0.138808 0.230169 0.136485 0.230877 0.132452 0.235586
0 0.067456 0.608638 0.068481 0.637430 0.068639 0.638589 0.068938 0.639136 0.071478 0.639816 0.087736 0.638503 0.086595 0.606472 0.085969 0.606359 0.071049 0.606891 0.067798 0.607114 0.067533 0.607533
0 0.880969 0.274967 0.894316 0.283810 0.894994 0.283439 0.912710 0.256697 0.904237 0.248226 0.901548 0.246444 0.898654 0.248271
0 0.198528 0.906204 0.199726 0.908842 0.200328 0.909196 0.201502 0.909464 0.230074 0.913157 0.231147 0.913180 0.231504 0.912950 0.232171 0.909743 0.234085 0.894936 0.233852 0.894291 0.202065 0.890183
