0 0.340905 0.095559 0.341824 0.097181 0.350110 0.109600 0.351458 0.111426 0.352276 0.111915 0.353392 0.111604 0.377358 0.095614 0.378127 0.094669 0.378113 0.093643 0.374455 0.086768 0.367567 0.077770 0.366949 0.078112 0.341600 0.095025
0 0.733485 0.721035 0.740578 0.728199 0.741129 0.728722 0.741935 0.728885 0.742934 0.728298 0.763411 0.708025 0.764029 0.707012 0.763925 0.706154 0.760900 0.702539 0.759192 0.700814 0.756229 0.698518 0.755244 0.698626 0.733624 0.720029
0 0.895874 0.478952 0.896414 0.479909 0.917382 0.499666 0.918491 0.500263 0.919523 0.500164 0.925716 0.496363 0.932633 0.486382 0.909305 0.464402 0.907856 0.465353 0.897618 0.476219 0.896202 0.478191
0 0.756446 0.167201 0.781008 0.187748 0.783048 0.185481 0.785117 0.183007 0.791782 0.174910 0.767178 0.154327 0.760378 0.162311 0.758308 0.164785
0 0.175298 0.355301 0.177010 0.355551 0.191933 0.355996 0.194317 0.355909 0.195122 0.355554 0.195487 0.354475 0.196347 0.325678 0.196050 0.324492 0.195273 0.323881 0.188155 0.322629 0.176255 0.323263
0 0.036752 0.387666 0.037001 0.388489 0.037766 0.389487 0.058262 0.409733 0.059108 0.410327 0.059548 0.410184 0.061995 0.408337 0.072487 0.397716 0.072726 0.396686 0.049924 0.374161 0.037543 0.383250
0 0.023397 0.049864 0.023426 0.050991 0.025357 0.051761 0.040226 0.053096 0.042453 0.052821 0.043359 0.052706 0.043833 0.051733 0.046408 0.023038 0.046136 0.021754 0.045285 0.020901 0.037253 0.017454 0.026291 0.019067 0.026121 0.019513
0 0.708727 0.557286 0.711349 0.571984 0.712081 0.574773 0.712501 0.575210 0.713593 0.575229 0.741955 0.570170 0.743093 0.569753 0.743625 0.569146 0.744223 0.564432 0.740371 0.550524 0.708817 0.556153
0 0.744613 0.086218 0.744848 0.087134 0.745871 0.087622 0.774498 0.090860 0.775726 0.090627 0.776452 0.089819 0.778759 0.082076 0.778662 0.070882 0.778053 0.070728 0.747773 0.067303 0.746814 0.067279 0.746312 0.069143 0.744634 0.083977
0 0.904078 0.416911 0.904963 0.417507 0.932423 0.426225 0.933697 0.426313 0.934623 0.425852 0.938908 0.420410 0.940481 0.407781 0.909932 0.398083 0.908956 0.399409 0.904438 0.413639 0.904083 0.416156
0 0.674373 0.073526 0.678395 0.089023 0.709391 0.080979 0.710911 0.077937 0.710100 0.074815 0.705722 0.064735 0.674673 0.072792
0 0.523796 0.298088 0.523817 0.298975 0.524576 0.299897 0.547803 0.316941 0.548870 0.317360 0.549629 0.317045 0.551194 0.315048 0.560027 0.303011 0.560847 0.301724 0.535006 0.282762 0.527035 0.292619
0 0.940112 0.135199 0.962975 0.157621 0.966336 0.155136 0.968594 0.152833 0.975001 0.145582 0.952099 0.123121 0.951323 0.123768
0 0.850492 0.654425 0.850567 0.655261 0.851365 0.657542 0.857951 0.670940 0.859024 0.672301 0.887788 0.658161 0.883987 0.646693 0.879322 0.641126 0.878380 0.640715 0.877151 0.640954 0.851296 0.653664
0 0.352479 0.758467 0.352729 0.759022 0.353658 0.759687 0.379163 0.773085 0.380240 0.773473 0.380846 0.773368 0.382534 0.770443 0.389617 0.756684 0.361242 0.741779 0.353991 0.755449
0 0.596574 0.365103 0.597105 0.379418 0.597350 0.382542 0.597755 0.382767 0.598853 0.382799 0.627593 0.380862 0.628757 0.380678 0.629320 0.380388 0.630150 0.378057 0.628862 0.362358 0.596716 0.364523
0 0.516191 0.271516 0.516388 0.272502 0.528119 0.280870 0.529219 0.280808 0.535073 0.272601 0.535741 0.271605 0.536044 0.271036 0.536802 0.266221 0.536358 0.265904 0.535452 0.265637 0.533228 0.265379 0.517997 0.264170 0.516570 0.266170
0 0.334482 0.932059 0.334539 0.933087 0.337646 0.938973 0.349483 0.944782 0.369062 0.919406 0.368277 0.918035 0.356456 0.908915 0.354112 0.907718 0.353465 0.907455 0.352625 0.908082 0.335026 0.930892
0 0.400134 0.829032 0.401912 0.835720 0.408801 0.845950 0.437273 0.831230 0.436798 0.829646 0.429942 0.816384 0.428597 0.814316 0.427960 0.813800 0.426867 0.814012 0.401275 0.827242 0.400356 0.828071
0 0.774958 0.889214 0.775694 0.889918 0.799889 0.905558 0.801056 0.906084 0.801976 0.906134 0.806691 0.904272 0.812345 0.890350 0.785428 0.872950 0.784338 0.873439 0.776233 0.885977 0.775067 0.888739
0 0.419035 0.598524 0.428046 0.625894 0.428808 0.626890 0.429934 0.627156 0.436666 0.625902 0.438972 0.625143 0.439523 0.624049 0.440145 0.622773 0.430632 0.593877 0.429661 0.593313 0.420085 0.596466 0.419161 0.597267 0.419085 0.597359
0 0.706627 0.289603 0.708868 0.321576 0.709793 0.321752 0.724686 0.320709 0.727691 0.320305 0.728080 0.319918 0.728177 0.318827 0.726163 0.290088 0.725907 0.288918 0.725451 0.288341 0.721641 0.287390
0 0.245994 0.106704 0.251326 0.116389 0.255431 0.123273 0.256298 0.123805 0.257470 0.123567 0.282509 0.109318 0.283307 0.108436 0.283280 0.107426 0.279348 0.100442 0.273851 0.090852 0.273112 0.091166 0.246627 0.106238
0 0.444109 0.329969 0.445387 0.342691 0.446329 0.348821 0.446903 0.349447 0.448068 0.349601 0.476681 0.346246 0.477767 0.345829 0.478154 0.345090 0.477860 0.342547 0.476122 0.327719 0.475942 0.326237
0 0.429978 0.729149 0.441840 0.758925 0.454338 0.755343 0.459444 0.751843 0.459837 0.751015 0.459656 0.749804 0.448994 0.723040 0.448336 0.722146 0.447585 0.722076 0.445097 0.722830 0.431228 0.728355
0 0.933018 0.641008 0.954534 0.664765 0.967473 0.656462 0.968432 0.652009 0.968221 0.651164 0.967508 0.650121 0.948169 0.628767 0.947361 0.628130 0.946922 0.628259 0.944363 0.629950 0.933297 0.639972
0 0.773157 0.239584 0.774652 0.271572 0.790646 0.270825 0.791146 0.270431 0.789648 0.238388 0.778362 0.237544 0.775140 0.237694
0 0.793572 0.811898 0.801023 0.826070 0.803208 0.828436 0.803876 0.828481 0.804987 0.828063 0.830711 0.814538 0.831606 0.813902 0.831758 0.813425 0.830257 0.810570 0.822469 0.797506 0.821916 0.796996
0 0.053749 0.826114 0.063833 0.833441 0.071311 0.833406 0.072326 0.832967 0.073114 0.831927 0.084357 0.805402 0.084454 0.804356 0.083816 0.803905 0.081778 0.802476 0.068033 0.796650 0.066258 0.796604
0 0.392981 0.114122 0.393752 0.116903 0.420339 0.134752 0.429264 0.121459 0.429142 0.120808 0.402509 0.102928 0.394779 0.111444
0 0.275435 0.244813 0.279349 0.255229 0.280638 0.258186 0.282219 0.259929 0.311574 0.247132 0.305175 0.232455 0.304841 0.231995
0 0.084918 0.302577 0.113637 0.316809 0.114753 0.315971 0.121382 0.302594 0.122156 0.299900 0.122252 0.299308 0.121458 0.298648 0.095644 0.285856 0.094408 0.285510 0.093445 0.285673 0.088596 0.289021
0 0.739824 0.248620 0.740626 0.263527 0.741046 0.264414 0.773052 0.262692 0.773927 0.247483 0.771954 0.243858 0.771263 0.243481 0.770045 0.243373 0.741277 0.244921 0.740233 0.245151 0.739958 0.245580
0 0.816371 0.642179 0.830870 0.648653 0.833567 0.649849 0.834059 0.649551 0.834644 0.648576 0.846380 0.622265 0.846718 0.621171 0.846620 0.620586 0.844004 0.619208 0.829428 0.612908
0 0.570774 0.367606 0.570787 0.368645 0.602751 0.371012 0.604380 0.356462 0.604119 0.352170 0.603618 0.351659 0.602481 0.351376 0.573750 0.349248 0.572628 0.349364 0.572164 0.349804 0.571876 0.352718
0 0.922764 0.285293 0.954765 0.286483 0.958065 0.284932 0.958185 0.281709 0.956142 0.270088 0.924086 0.268896 0.923358 0.269293
0 0.461707 0.115032 0.462325 0.116698 0.469114 0.129995 0.470327 0.132006 0.471032 0.132563 0.472156 0.132373 0.497815 0.119272 0.498709 0.118432 0.498865 0.117436 0.496482 0.110402 0.490254 0.100458 0.489657 0.100753 0.462517 0.114610
0 0.192585 0.906907 0.192997 0.907897 0.206691 0.933245 0.207356 0.934248 0.207889 0.934688 0.210670 0.934908 0.224464 0.925815 0.209230 0.897615 0.208571 0.897618 0.195435 0.904714 0.192659 0.906496
0 0.693959 0.196955 0.701136 0.226518 0.701987 0.227263 0.711784 0.224884 0.712769 0.224159 0.712970 0.223899 0.713043 0.222846 0.706245 0.194844 0.705635 0.193687 0.704702 0.193082 0.699044 0.192076 0.696685 0.192649 0.694437 0.196162
0 0.961075 0.425433 0.961316 0.426368 0.972425 0.436342 0.975025 0.438103 0.975444 0.438182 0.976242 0.437523 0.995489 0.416086 0.996206 0.415059 0.996432 0.414261 0.995632 0.410236 0.982488 0.401584
