0 0.824953 0.496362 0.825614 0.496846 0.839377 0.502631 0.842309 0.503699 0.842791 0.503486 0.843353 0.502539 0.854517 0.475980 0.854833 0.474838 0.854726 0.474160 0.852115 0.471975 0.837373 0.466815
0 0.369014 0.838554 0.369640 0.853257 0.369978 0.856465 0.370346 0.856705 0.371434 0.856707 0.400337 0.853663 0.401503 0.853424 0.402056 0.853087 0.402762 0.850544 0.401085 0.834620 0.369238 0.837974
0 0.087503 0.348446 0.087604 0.348984 0.090412 0.350571 0.103835 0.357706 0.104514 0.357950 0.120271 0.330071 0.106331 0.322193 0.103475 0.320903 0.102918 0.321172 0.102223 0.322102 0.087923 0.347404
0 0.331367 0.044915 0.331742 0.052878 0.332252 0.053824 0.333388 0.054339 0.361959 0.058042 0.363070 0.057819 0.363519 0.056997 0.364032 0.054797 0.365951 0.039991 0.365912 0.038087 0.364976 0.037894 0.334756 0.033977 0.334127 0.033967
0 0.442638 0.426408 0.442736 0.426534 0.470930 0.441718 0.478522 0.427621 0.478366 0.427097 0.477929 0.426812 0.476920 0.426247 0.451331 0.412466 0.450346 0.411956 0.449968 0.411802 0.448438 0.414642
0 0.889345 0.182346 0.889890 0.183114 0.921933 0.183854 0.924752 0.168161 0.922246 0.165021 0.921495 0.164661 0.920251 0.164490 0.891449 0.163824 0.890428 0.163944 0.890212 0.164282 0.889690 0.167420
0 0.559084 0.370500 0.559123 0.371691 0.566544 0.399528 0.567088 0.400527 0.567818 0.400766 0.570390 0.400175 0.584816 0.396330 0.586135 0.395859 0.577880 0.364889 0.564984 0.367649 0.559565 0.369804
0 0.695560 0.586533 0.695664 0.587341 0.697072 0.589440 0.705987 0.601415 0.707029 0.602556 0.732739 0.583417 0.725863 0.572823 0.721366 0.568207 0.720487 0.567976 0.719373 0.568436 0.696264 0.585639
0 0.359040 0.198613 0.359876 0.201728 0.363974 0.215760 0.364207 0.216247 0.395135 0.207943 0.390982 0.192479 0.390191 0.190248 0.389642 0.190120 0.388505 0.190310 0.360436 0.197846 0.359385 0.198244
0 0.940333 0.702849 0.940818 0.703769 0.960888 0.724438 0.961982 0.725143 0.963048 0.725233 0.969677 0.722994 0.976770 0.712107 0.954441 0.689113 0.952887 0.689695 0.942176 0.700096 0.940726 0.702245
0 0.161422 0.041835 0.161598 0.073886 0.163330 0.074506 0.178259 0.074424 0.180628 0.073908 0.181427 0.073727 0.181756 0.072721 0.181598 0.043911 0.181256 0.042652 0.180452 0.041866 0.173239 0.039045
0 0.301688 0.654327 0.306192 0.666802 0.307593 0.669708 0.307865 0.669639 0.308825 0.669202 0.335006 0.656584 0.336088 0.656037 0.336649 0.655704 0.337827 0.654583 0.330875 0.640159 0.302028 0.654062
0 0.929444 0.078787 0.930247 0.079531 0.959567 0.087647 0.960289 0.087325 0.965611 0.082553 0.966258 0.080213 0.964039 0.076641 0.963261 0.075995 0.962038 0.075478 0.934268 0.067791 0.933297 0.067702 0.932889 0.068110 0.932133 0.069071
0 0.378581 0.175146 0.407428 0.189114 0.408103 0.188460 0.414609 0.175023 0.415706 0.172167 0.415592 0.171666 0.414707 0.171050 0.388777 0.158494 0.387623 0.158122 0.386867 0.158203 0.383886 0.160779
0 0.105046 0.865314 0.105112 0.866560 0.105393 0.867318 0.108155 0.869891 0.124184 0.868473 0.125956 0.836470 0.125273 0.835907 0.110366 0.835082 0.107164 0.835324 0.106830 0.835532 0.106639 0.836548
0 0.912326 0.154803 0.912565 0.156027 0.922029 0.159501 0.923251 0.159447 0.923650 0.159125 0.924244 0.158420 0.934175 0.131370 0.934364 0.129940 0.934051 0.128608 0.930772 0.122495 0.928492 0.121658 0.927207 0.122358 0.922809 0.126245
0 0.737062 0.904080 0.760343 0.926110 0.771387 0.918594 0.773278 0.912234 0.773145 0.911203 0.772414 0.910132 0.751488 0.890330 0.750574 0.889844 0.750004 0.890211 0.747824 0.891745 0.737563 0.902589
0 0.038925 0.508348 0.044970 0.539851 0.045751 0.539783 0.061475 0.536766 0.055440 0.505316 0.052213 0.505355 0.049045 0.505963
0 0.402155 0.152169 0.403274 0.156145 0.406045 0.165838 0.406809 0.166793 0.408023 0.166937 0.435718 0.159019 0.436673 0.158255 0.436816 0.157041 0.436672 0.156255 0.433950 0.145605 0.433283 0.143270 0.432321 0.142921 0.402767 0.151370
0 0.904917 0.308802 0.904952 0.309614 0.905868 0.310183 0.933786 0.317297 0.935065 0.317287 0.935967 0.316714 0.939970 0.310511 0.940772 0.298310 0.909713 0.290396 0.908805 0.291901 0.905119 0.306368
0 0.257765 0.926878 0.257806 0.929224 0.258264 0.929617 0.259349 0.930042 0.287002 0.938122 0.288092 0.938332 0.288562 0.938210 0.289581 0.935061 0.293768 0.920730 0.293811 0.920163 0.263046 0.911174
0 0.489771 0.382578 0.489994 0.385130 0.497117 0.397656 0.498210 0.398014 0.500297 0.396828 0.500645 0.381903 0.500696 0.379670 0.500718 0.378654 0.500734 0.376102 0.500464 0.375628 0.500045 0.375765 0.499041 0.376293 0.490072 0.381393
0 0.642737 0.852510 0.652918 0.882872 0.654029 0.885650 0.657087 0.884625 0.668388 0.878430 0.658189 0.848017 0.657917 0.847420
0 0.833729 0.579542 0.833779 0.580536 0.840307 0.593962 0.841909 0.596544 0.842351 0.596793 0.843373 0.596490 0.869283 0.583892 0.870299 0.583204 0.870726 0.582532 0.870747 0.578347 0.862554 0.565527
0 0.422312 0.978151 0.422478 0.979198 0.426337 0.985087 0.438187 0.989879 0.456028 0.963251 0.455066 0.961883 0.442663 0.953573 0.440313 0.952578 0.439609 0.952334 0.438797 0.953006 0.422761 0.976940
0 0.272463 0.549201 0.282938 0.579492 0.294716 0.575445 0.300893 0.573282 0.301425 0.572595 0.301344 0.571428 0.291928 0.544201 0.291269 0.543226 0.290421 0.542999 0.284179 0.544974
0 0.755632 0.507536 0.784477 0.521510 0.792189 0.509197 0.792647 0.504467 0.792272 0.503735 0.791278 0.503024 0.765351 0.490463 0.764306 0.490187 0.763810 0.490497 0.762303 0.492978 0.755794 0.506414
0 0.681599 0.230428 0.681893 0.231234 0.682943 0.231652 0.711643 0.234165 0.712850 0.233944 0.713519 0.233223 0.715303 0.226358 0.715233 0.214280 0.683304 0.211484 0.682927 0.213139 0.681625 0.228011
0 0.095176 0.308565 0.097089 0.314908 0.097771 0.315666 0.098980 0.316089 0.127603 0.319363 0.128645 0.319198 0.128924 0.318549 0.129672 0.316036 0.131368 0.301203 0.130966 0.299682 0.099122 0.296039
0 0.691970 0.911449 0.693365 0.914436 0.696586 0.914606 0.708317 0.913003 0.710010 0.880969 0.709649 0.880316 0.693660 0.879471
0 0.641871 0.307331 0.648517 0.335364 0.649056 0.336359 0.649834 0.336571 0.652328 0.336130 0.666855 0.332686 0.668304 0.332155 0.660910 0.300967 0.648413 0.302977 0.642443 0.305393 0.641888 0.306121
0 0.242395 0.806241 0.252523 0.815491 0.258431 0.816333 0.259341 0.816029 0.260223 0.815117 0.275718 0.790829 0.276055 0.789831 0.275665 0.789321 0.273615 0.787504 0.261029 0.779474 0.259635 0.779221
0 0.591596 0.540986 0.591750 0.542126 0.595235 0.556643 0.595989 0.559381 0.596517 0.559795 0.597643 0.559750 0.625657 0.553025 0.626734 0.552540 0.627145 0.551901 0.626717 0.547143 0.622762 0.533503
0 0.062531 0.655162 0.064022 0.659219 0.077668 0.666412 0.096632 0.640573 0.096230 0.639636 0.084194 0.630802 0.081490 0.629331 0.081031 0.629278 0.080289 0.630007 0.063243 0.653232 0.062644 0.654330
0 0.363065 0.589622 0.392173 0.603041 0.392848 0.601768 0.399099 0.588210 0.400130 0.585819 0.400014 0.585035 0.399119 0.584317 0.372956 0.572255 0.371793 0.572024 0.371032 0.572404 0.368042 0.577599
0 0.341153 0.638985 0.341293 0.640020 0.342188 0.640862 0.368060 0.653548 0.369208 0.653707 0.369955 0.653107 0.370252 0.652757 0.374690 0.643705 0.374252 0.642716 0.346937 0.629323 0.345954 0.629615 0.344173 0.631114 0.343104 0.633294
0 0.789073 0.111847 0.789434 0.113025 0.805878 0.136680 0.806810 0.137363 0.807769 0.137169 0.809660 0.136029 0.821919 0.127508 0.823409 0.126253 0.822979 0.125458 0.805586 0.100437 0.805114 0.099936 0.795571 0.105456 0.789480 0.110859
0 0.793441 0.236689 0.794395 0.268726 0.795197 0.269029 0.810119 0.268585 0.813231 0.268231 0.813581 0.267902 0.813699 0.266834 0.812842 0.238037 0.812656 0.236840 0.812277 0.236203 0.808997 0.234717
0 0.246294 0.635035 0.247299 0.663827 0.247508 0.664994 0.247931 0.665560 0.251585 0.666408 0.266782 0.664949 0.265664 0.632916 0.264774 0.632764 0.249854 0.633285 0.246813 0.633538 0.246424 0.633938
