0 0.515058 0.399447 0.515341 0.400488 0.541427 0.416140 0.542501 0.415913 0.547688 0.407269 0.547798 0.407056 0.547909 0.405970 0.547157 0.405037 0.522449 0.390211 0.521250 0.389974 0.520291 0.390552 0.516481 0.396202 0.515232 0.398284
0 0.684340 0.398667 0.685252 0.399169 0.699559 0.403437 0.702426 0.404109 0.702978 0.403889 0.703475 0.402905 0.711711 0.375298 0.711862 0.374111 0.711587 0.373404 0.707896 0.371123 0.693503 0.367953
0 0.539795 0.560593 0.544765 0.592257 0.558686 0.590660 0.563454 0.589295 0.563910 0.588676 0.563957 0.587498 0.559490 0.559037 0.559092 0.557976 0.558485 0.557640 0.555705 0.557998 0.540956 0.560312
0 0.750224 0.337555 0.751068 0.338031 0.765718 0.340908 0.768727 0.341250 0.769202 0.341008 0.769580 0.339994 0.775132 0.311724 0.775190 0.310515 0.774901 0.309808 0.771484 0.307619 0.756401 0.306103
0 0.588070 0.473959 0.588148 0.475105 0.588704 0.475650 0.591306 0.476134 0.606029 0.478609 0.607405 0.478783 0.612719 0.447175 0.599754 0.444570 0.594017 0.444052 0.593301 0.444460 0.592847 0.445548
0 0.922527 0.711756 0.922621 0.712829 0.933837 0.739365 0.934626 0.740380 0.935646 0.740755 0.943169 0.740218 0.953217 0.733453 0.940738 0.703931 0.938952 0.704112 0.925201 0.709924 0.923171 0.711241
0 0.170873 0.783931 0.170986 0.784916 0.174731 0.815158 0.174812 0.815739 0.186604 0.815911 0.193695 0.813320 0.194425 0.812563 0.194616 0.811323 0.191075 0.782731 0.190606 0.781723 0.189757 0.781520 0.187398 0.781526 0.172582 0.783361
0 0.305007 0.534301 0.317324 0.537601 0.323514 0.538533 0.324308 0.538176 0.324848 0.537119 0.331304 0.509042 0.331271 0.507890 0.330694 0.507305 0.328219 0.506682 0.313669 0.503336 0.312189 0.503064
0 0.516199 0.846198 0.516990 0.862055 0.517147 0.865003 0.517636 0.865306 0.518770 0.865387 0.547543 0.863937 0.548672 0.863742 0.549148 0.863390 0.549191 0.860432 0.548210 0.844584
0 0.668304 0.562025 0.668901 0.562963 0.689697 0.582902 0.690735 0.583531 0.691610 0.583497 0.696418 0.580244 0.704772 0.569852 0.681636 0.547670 0.680514 0.548492 0.670182 0.559268 0.668481 0.561321
0 0.356691 0.378580 0.356812 0.379212 0.359262 0.380879 0.371673 0.389177 0.372512 0.389701 0.390327 0.363056 0.378185 0.354562 0.374621 0.352575 0.373963 0.352746 0.373170 0.353592 0.357157 0.377542
0 0.149815 0.549945 0.178030 0.565151 0.179089 0.563969 0.186172 0.550826 0.187106 0.548467 0.187182 0.547699 0.186395 0.546936 0.161034 0.533267 0.159827 0.532955 0.158900 0.533266 0.154299 0.538072
0 0.681881 0.289941 0.681990 0.291089 0.692688 0.317992 0.693415 0.318945 0.694326 0.319145 0.700863 0.317003 0.711901 0.311675 0.699967 0.281665 0.698401 0.282140 0.684615 0.288161 0.682447 0.289274
0 0.469462 0.386036 0.501440 0.388204 0.501521 0.387136 0.502531 0.372241 0.502720 0.369349 0.502286 0.368828 0.501176 0.368547 0.472432 0.366599 0.471282 0.366727 0.470751 0.367182 0.470216 0.371569
0 0.184231 0.133773 0.185699 0.144695 0.186377 0.146370 0.186672 0.146704 0.187694 0.147377 0.215999 0.152713 0.217195 0.152458 0.217868 0.151437 0.219736 0.141530 0.218937 0.140390 0.216014 0.136650 0.185808 0.130955 0.184681 0.131387
0 0.056555 0.322302 0.057463 0.324554 0.058771 0.325103 0.063313 0.326903 0.091526 0.315523 0.092202 0.314587 0.088431 0.305238 0.087571 0.304368 0.087182 0.304183 0.086191 0.304278 0.059468 0.315057 0.058349 0.315813 0.057739 0.316791
0 0.777095 0.475890 0.789262 0.486298 0.789759 0.486275 0.810611 0.461899 0.802525 0.453302 0.800074 0.451205 0.797911 0.451556
0 0.537840 0.215310 0.538119 0.216510 0.551062 0.242248 0.551801 0.243073 0.552568 0.243056 0.554959 0.242126 0.568296 0.235418 0.569502 0.234473 0.555102 0.205838 0.543079 0.210306 0.538173 0.214430
0 0.686882 0.093393 0.695946 0.124137 0.696842 0.124340 0.711162 0.120118 0.714046 0.118894 0.714322 0.118540 0.714174 0.117500 0.706027 0.089866 0.705534 0.088733 0.704985 0.088160 0.701249 0.087075
0 0.660979 0.284049 0.662527 0.291131 0.663139 0.291983 0.664264 0.292466 0.691388 0.296419 0.692396 0.296244 0.692846 0.295284 0.693782 0.293189 0.697097 0.278482 0.696773 0.276771 0.666562 0.272566
0 0.519467 0.748131 0.522310 0.754135 0.529337 0.764368 0.556697 0.747672 0.555970 0.746253 0.548193 0.733510 0.546818 0.731439 0.546080 0.731030 0.544977 0.731343 0.520385 0.746351 0.519554 0.747218
0 0.602415 0.825662 0.616844 0.827787 0.621314 0.825834 0.621818 0.825144 0.622041 0.823926 0.622448 0.795119 0.622257 0.794072 0.621767 0.793795 0.618880 0.793410 0.603952 0.793199 0.602868 0.793614
0 0.410989 0.411245 0.416620 0.423095 0.419449 0.428220 0.420186 0.428579 0.421328 0.428314 0.447120 0.415479 0.448007 0.414734 0.448135 0.413945 0.446974 0.411589 0.440323 0.398223 0.439684 0.396966
0 0.168067 0.323966 0.168087 0.329834 0.168525 0.330671 0.169564 0.331384 0.196078 0.342653 0.197124 0.342825 0.197577 0.342367 0.199006 0.340026 0.204846 0.326286 0.204895 0.324892 0.175397 0.312356
0 0.463520 0.469584 0.463569 0.470309 0.467025 0.473831 0.476906 0.483733 0.499642 0.461141 0.489896 0.451105 0.486298 0.447724 0.485563 0.447681 0.484596 0.448319 0.464159 0.468626
0 0.567594 0.902458 0.567870 0.903450 0.572673 0.908808 0.583766 0.913891 0.601237 0.887019 0.600053 0.885777 0.587536 0.877639 0.585336 0.876586 0.584533 0.876405 0.583689 0.877110 0.567986 0.901263
0 0.489770 0.581097 0.495995 0.612538 0.509531 0.610520 0.514567 0.608829 0.515034 0.608177 0.515049 0.606992 0.509454 0.578731 0.509000 0.577693 0.508344 0.577396 0.505642 0.577838 0.490997 0.580738
0 0.939672 0.890016 0.961896 0.913073 0.965249 0.916070 0.965296 0.916065 0.966255 0.915141 0.967571 0.913831 0.974237 0.902651 0.951976 0.879555 0.951200 0.878904
0 0.334028 0.449541 0.334209 0.450195 0.337805 0.452312 0.350930 0.458975 0.365816 0.430590 0.364920 0.430118 0.351698 0.423184 0.349090 0.421818 0.348461 0.422021 0.347765 0.422930 0.334385 0.448444
0 0.449197 0.964832 0.462702 0.968276 0.468119 0.965641 0.468744 0.964876 0.469052 0.963627 0.470491 0.934853 0.470296 0.933839 0.469719 0.933639 0.467014 0.932991 0.452103 0.932246 0.450797 0.932821
0 0.738529 0.443965 0.766237 0.460076 0.774763 0.447889 0.775674 0.443722 0.775367 0.443022 0.774434 0.442261 0.749528 0.427780 0.748503 0.427402 0.747974 0.427616 0.746303 0.430074 0.738799 0.442980
0 0.690748 0.484705 0.706461 0.487783 0.706816 0.487762 0.712982 0.456282 0.701499 0.453560 0.698334 0.452940 0.696904 0.453279
0 0.102441 0.258451 0.104592 0.265128 0.105303 0.265898 0.106529 0.266275 0.135288 0.267977 0.136324 0.267734 0.136578 0.267021 0.137168 0.264556 0.138050 0.249652 0.137590 0.248049 0.105595 0.246155
0 0.605274 0.593353 0.605348 0.594574 0.606258 0.595391 0.606502 0.595609 0.614824 0.599050 0.617117 0.599849 0.618079 0.599293 0.628193 0.570267 0.627769 0.569277 0.626308 0.568485 0.616788 0.565168 0.615568 0.565242 0.614751 0.566152
0 0.341956 0.276793 0.344505 0.288847 0.346775 0.295178 0.347484 0.295762 0.348682 0.295772 0.376561 0.288508 0.377556 0.287927 0.377782 0.287099 0.377234 0.284694 0.373470 0.270247 0.372972 0.268712
0 0.471746 0.328097 0.472799 0.329058 0.485022 0.337630 0.487254 0.339016 0.488010 0.339074 0.488860 0.338336 0.505401 0.314748 0.505851 0.313631 0.505651 0.312781 0.501408 0.308617 0.490148 0.301854
0 0.935211 0.802865 0.935715 0.804540 0.967572 0.808071 0.971864 0.796156 0.969519 0.789164 0.968789 0.788335 0.967559 0.787886 0.938925 0.784713 0.937903 0.784912 0.937566 0.785899 0.936855 0.788026
0 0.175701 0.710531 0.190077 0.737700 0.190992 0.738174 0.193138 0.737039 0.202755 0.731266 0.203435 0.730737 0.204211 0.729792 0.204101 0.728574 0.190629 0.703115 0.189684 0.702338 0.188466 0.702449 0.179555 0.707164 0.175850 0.709559
0 0.572525 0.639824 0.572546 0.640177 0.572711 0.641242 0.574401 0.651181 0.576141 0.654718 0.577041 0.655297 0.591563 0.652827 0.592286 0.651972 0.591874 0.649551 0.589774 0.646132 0.575866 0.640705 0.573848 0.639956 0.573052 0.639735
0 0.887648 0.131248 0.893345 0.139565 0.894373 0.140229 0.895570 0.139981 0.919333 0.123703 0.919493 0.123559 0.920394 0.122320 0.920711 0.120611 0.920211 0.110691 0.918839 0.108688 0.917473 0.108704 0.892114 0.126075 0.888078 0.129924
