0 0.344755 0.889906 0.374125 0.902805 0.388813 0.870150 0.389138 0.869423 0.389474 0.868663 0.389818 0.867874 0.390164 0.867072 0.390506 0.866269 0.390804 0.865396 0.391581 0.863116 0.391905 0.862164 0.368441 0.851859 0.362575 0.849283 0.362338 0.849810 0.362070 0.850411 0.361776 0.851074 0.361460 0.851789 0.361125 0.852551 0.345262 0.888668
0 0.532643 0.518428 0.566521 0.538637 0.568074 0.539539 0.568842 0.539941 0.569646 0.540236 0.570482 0.540424 0.571336 0.540501 0.572192 0.540465 0.576790 0.530094 0.576241 0.529435 0.575610 0.528855 0.574910 0.528362 0.574151 0.527964 0.572791 0.527451 0.572459 0.527326 0.571664 0.527034 0.533940 0.515502
0 0.067026 0.422591 0.097474 0.432686 0.098509 0.432473 0.110923 0.395030 0.111176 0.394224 0.111391 0.393431 0.111569 0.392656 0.111707 0.391911 0.111800 0.391210 0.087475 0.383145 0.081394 0.381129 0.080526 0.381206 0.077651 0.381463 0.077315 0.382196 0.077002 0.382967 0.076718 0.383761 0.076467 0.384566 0.076250 0.385376
0 0.149313 0.477371 0.149319 0.478228 0.149436 0.479077 0.149665 0.479912 0.162496 0.518190 0.170211 0.517771 0.173346 0.517126 0.170105 0.477812 0.169989 0.476973 0.169767 0.476166 0.169441 0.475395 0.169018 0.474672 0.168504 0.474011 0.160749 0.473406 0.158157 0.473939 0.149636 0.475692 0.149419 0.476521
0 0.309946 0.859012 0.344013 0.877069 0.344763 0.877451 0.345530 0.877805 0.346307 0.878128 0.347083 0.878415 0.347843 0.878662 0.350261 0.876222 0.363206 0.846920 0.362609 0.846523 0.361954 0.846128 0.361252 0.845742 0.360514 0.845371 0.359746 0.845018 0.323663 0.829077 0.322908 0.829670
0 0.906736 0.681205 0.941743 0.699389 0.942508 0.699785 0.943287 0.700186 0.944076 0.700591 0.944861 0.700991 0.945629 0.701380 0.946172 0.701607 0.947420 0.702128 0.947970 0.702357 0.962853 0.673704 0.962238 0.673371 0.961562 0.673011 0.960835 0.672631 0.960071 0.672236 0.959274 0.671830 0.922106 0.652973 0.921489 0.652803
0 0.427580 0.261958 0.428022 0.262764 0.456551 0.290007 0.457161 0.290584 0.457752 0.291129 0.458319 0.291640 0.458855 0.292108 0.459349 0.292524 0.481472 0.269356 0.481237 0.268777 0.480615 0.267245 0.480352 0.266598 0.479772 0.266001 0.479171 0.265401 0.478560 0.264808 0.477951 0.264233 0.477346 0.263680 0.449733 0.238759
0 0.334906 0.584901 0.335639 0.585138 0.336414 0.585376 0.337216 0.585612 0.338033 0.585841 0.338858 0.586063 0.376854 0.596054 0.385686 0.565216 0.385576 0.564962 0.347653 0.554100 0.346835 0.553870 0.346027 0.553649 0.345233 0.553440 0.344467 0.553246 0.343742 0.553070 0.336685 0.577706 0.334921 0.583866 0.334909 0.584658
0 0.087627 0.677939 0.087631 0.678579 0.087659 0.679140 0.094245 0.679802 0.113965 0.681783 0.120526 0.682442 0.122121 0.679173 0.122602 0.678186 0.122726 0.677348 0.122834 0.676510 0.122924 0.675686 0.122995 0.674889 0.123047 0.674126 0.125044 0.639196 0.092098 0.635779 0.091426 0.636922 0.087761 0.675655 0.087693 0.676469 0.087648 0.677232
0 0.428562 0.433775 0.454104 0.453180 0.454441 0.452980 0.478305 0.421569 0.478815 0.420893 0.479311 0.420229 0.479788 0.419581 0.480240 0.418958 0.480658 0.418373 0.455150 0.398995 0.454879 0.399057 0.453980 0.399265 0.453489 0.399880 0.452983 0.400526 0.452471 0.401192 0.451962 0.401867 0.451460 0.402547
0 0.628263 0.794689 0.628430 0.795725 0.658775 0.806123 0.672384 0.771636 0.672675 0.770873 0.672955 0.770084 0.673220 0.769274 0.673467 0.768458 0.673690 0.767651 0.673492 0.766934 0.672973 0.765063 0.672756 0.764282 0.666696 0.762205 0.642452 0.753897 0.642178 0.754477 0.641897 0.755126 0.641612 0.755831 0.641330 0.756581 0.641051 0.757372
0 0.323653 0.636940 0.354514 0.645688 0.354949 0.644987 0.365707 0.607034 0.365933 0.606225 0.366142 0.605445 0.366334 0.604699 0.366506 0.603999 0.366653 0.603359 0.360489 0.601611 0.335834 0.594623 0.335483 0.595052 0.334519 0.596233 0.334165 0.596668 0.333914 0.597454 0.333668 0.598262 0.333431 0.599077 0.333206 0.599885 0.332996 0.600682
0 0.714731 0.009802 0.715225 0.010378 0.715777 0.010953 0.716378 0.011517 0.717016 0.012059 0.717689 0.012577 0.749441 0.035985 0.750319 0.035158 0.769353 0.009339 0.745021 0.000000 0.729938 0.000000 0.721349 0.001515 0.720750 0.002180 0.718533 0.004645
0 0.698492 0.080049 0.699096 0.080398 0.699764 0.080733 0.700486 0.081050 0.701249 0.081344 0.702048 0.081612 0.739673 0.093463 0.740586 0.092654 0.750223 0.062059 0.715055 0.047472 0.714278 0.047169 0.713481 0.046900 0.712667 0.046668 0.711852 0.046475 0.711050 0.046327 0.710361 0.047070 0.708796 0.048760 0.708116 0.049495 0.706191 0.055606
0 0.811794 0.392475 0.818242 0.431392 0.818426 0.432218 0.818714 0.433004 0.819101 0.433746 0.819582 0.434432 0.820149 0.435049 0.827639 0.433526 0.838527 0.430339 0.838675 0.429495 0.838711 0.428638 0.838635 0.427785 0.838449 0.426948 0.838152 0.426135 0.822231 0.389036 0.819088 0.389956
0 0.665163 0.481736 0.665258 0.481960 0.687305 0.505259 0.716654 0.478728 0.717288 0.478149 0.717908 0.477568 0.718510 0.476990 0.719084 0.476424 0.719619 0.475881 0.697427 0.452428 0.696979 0.452011 0.696843 0.451885 0.696269 0.452383 0.695670 0.452914 0.695056 0.453470 0.694436 0.454041 0.693816 0.454623
0 0.216436 0.297940 0.217194 0.298789 0.217423 0.299045 0.218169 0.299366 0.218946 0.299692 0.219740 0.300018 0.220537 0.300338 0.221334 0.300652 0.258092 0.314968 0.269707 0.285146 0.269543 0.284797 0.231960 0.269307 0.231147 0.268977 0.230352 0.268663 0.229579 0.268368 0.228842 0.268096 0.228154 0.267853 0.225810 0.273871
0 0.043364 0.668619 0.076708 0.683788 0.077456 0.684094 0.078250 0.684343 0.079086 0.684535 0.079949 0.684666 0.080824 0.684733 0.086333 0.679351 0.089431 0.658102 0.090213 0.652738 0.089706 0.652317 0.089109 0.651931 0.088435 0.651584 0.087694 0.651284 0.086889 0.651032 0.048511 0.640392 0.046836 0.641870
0 0.479763 0.547932 0.485087 0.555123 0.486514 0.557050 0.487357 0.556898 0.488173 0.556636 0.488948 0.556270 0.489668 0.555807 0.490330 0.555247 0.519652 0.527498 0.519200 0.526872 0.517295 0.524299 0.482997 0.543785 0.482285 0.544244 0.481646 0.544785 0.481084 0.545405 0.480606 0.546093 0.480223 0.546837
0 0.906043 0.163395 0.906065 0.163680 0.906194 0.163990 0.914152 0.166977 0.916574 0.167885 0.917145 0.167837 0.917633 0.167744 0.918032 0.167606 0.918333 0.167427 0.918535 0.167206 0.926028 0.155885 0.937631 0.124965 0.934539 0.123805 0.917894 0.132682 0.917590 0.132885 0.917392 0.133123 0.908381 0.157136 0.906129 0.163140
0 0.102797 0.786413 0.120851 0.804887 0.125365 0.809505 0.125789 0.809186 0.127358 0.808003 0.127981 0.807412 0.128618 0.806804 0.129256 0.806191 0.129886 0.805582 0.130503 0.804981 0.158714 0.777409 0.136345 0.754520 0.135794 0.754830 0.105676 0.783577 0.105031 0.784196 0.104415 0.784795 0.103830 0.785371 0.103288 0.785914
0 0.215103 0.742036 0.219541 0.746727 0.237293 0.765490 0.237819 0.764996 0.238388 0.764460 0.238988 0.763893 0.239609 0.763305 0.269890 0.734541 0.270133 0.734273 0.248138 0.711024 0.247845 0.711239 0.218054 0.739238 0.217412 0.739842 0.216790 0.740430 0.216191 0.740998 0.215625 0.741536
0 0.448231 0.500148 0.448649 0.504790 0.448668 0.504841 0.479987 0.511779 0.480011 0.511718 0.480058 0.511551 0.480127 0.511282 0.480218 0.510914 0.482109 0.502378 0.482615 0.500090 0.482686 0.499728 0.482735 0.499465 0.482760 0.499305 0.482762 0.499251 0.451443 0.492313 0.451402 0.492362 0.448946 0.496924
0 0.786326 0.272284 0.793884 0.311001 0.794056 0.311824 0.794246 0.312611 0.794453 0.313357 0.794674 0.314050 0.794905 0.314677 0.801193 0.313450 0.826346 0.308540 0.828676 0.305701 0.828589 0.304879 0.828471 0.304043 0.828325 0.303208 0.828152 0.302386 0.827954 0.301584 0.818386 0.265241 0.786903 0.271387
0 0.348143 0.380568 0.354281 0.417740 0.354421 0.418556 0.354572 0.419382 0.354735 0.420214 0.354907 0.421036 0.355083 0.421835 0.355409 0.422288 0.356471 0.423762 0.362767 0.422574 0.387949 0.417821 0.387856 0.417158 0.387745 0.416438 0.387618 0.415671 0.387478 0.414872 0.387325 0.414045 0.380009 0.375282 0.379664 0.374619
0 0.499274 0.449106 0.522796 0.470851 0.523265 0.470346 0.523772 0.469799 0.524863 0.468620 0.552214 0.439034 0.552595 0.438612 0.529041 0.416837 0.502999 0.444655 0.502429 0.445265 0.501857 0.445883 0.501284 0.446504 0.500723 0.447118 0.500182 0.447714 0.499465 0.448813
0 0.630059 0.864423 0.634703 0.903596 0.634807 0.904449 0.634919 0.905311 0.635037 0.906177 0.635161 0.907032 0.635288 0.907862 0.635480 0.908261 0.636008 0.909357 0.636203 0.909760 0.661854 0.906720 0.668266 0.905960 0.668206 0.905249 0.668130 0.904478 0.668038 0.903660 0.667933 0.902809 0.667815 0.901930 0.662164 0.861092 0.661841 0.860655
0 0.252176 0.953630 0.288735 0.962328 0.289542 0.962502 0.290370 0.962640 0.291213 0.962742 0.292057 0.962805 0.292887 0.962828 0.293515 0.962095 0.295154 0.960180 0.295838 0.959380 0.300494 0.927686 0.299865 0.927444 0.299170 0.927224 0.298420 0.927029 0.297628 0.926862 0.296799 0.926725 0.257770 0.920992 0.256837 0.921893
0 0.328468 0.502349 0.331035 0.504426 0.339477 0.507292 0.339617 0.507323 0.339670 0.507283 0.343704 0.502300 0.355806 0.487349 0.359840 0.482365 0.359795 0.482272 0.359666 0.482113 0.359452 0.481889 0.357632 0.480415 0.357443 0.480262 0.350836 0.474914 0.350467 0.474668 0.350173 0.474484 0.349958 0.474366 0.349825 0.474316 0.349777 0.474336 0.333622 0.494295 0.329584 0.499284
0 0.236044 0.541641 0.250300 0.563180 0.253865 0.568565 0.254497 0.568717 0.254688 0.568762 0.255353 0.568353 0.256046 0.567918 0.256755 0.567466 0.257468 0.567005 0.258181 0.566536 0.291076 0.544764 0.273412 0.518076 0.273218 0.517904 0.239445 0.539359 0.238716 0.539827 0.238004 0.540294 0.237313 0.540757 0.236656 0.541209
0 0.210493 0.153634 0.210508 0.154466 0.210546 0.155324 0.210606 0.156193 0.210687 0.157059 0.212465 0.160157 0.213002 0.161092 0.245023 0.160159 0.245086 0.159569 0.245130 0.158903 0.245154 0.158171 0.245158 0.157386 0.245142 0.156553 0.243993 0.117122 0.243400 0.115866 0.211336 0.116800 0.210501 0.152834
0 0.174070 0.130934 0.175707 0.132520 0.202252 0.154395 0.202806 0.154848 0.203300 0.155243 0.203731 0.155578 0.204092 0.155849 0.204377 0.156049 0.208566 0.151128 0.225319 0.131445 0.224187 0.130271 0.221195 0.127170 0.219931 0.125860 0.219274 0.125295 0.218639 0.124762 0.218039 0.124268 0.217484 0.123822 0.216976 0.123428 0.194857 0.106510
0 0.000000 0.765914 0.024223 0.757518 0.025202 0.756562 0.014877 0.718490 0.014640 0.717681 0.014371 0.716911 0.014072 0.716184 0.013748 0.715510 0.013405 0.714904 0.007222 0.716581 0.000000 0.721611
0 0.039209 0.580132 0.039556 0.580814 0.039955 0.581514 0.040398 0.582221 0.040878 0.582922 0.041392 0.583614 0.065633 0.615093 0.092405 0.597425 0.093118 0.596882 0.071390 0.563958 0.070910 0.563255 0.070409 0.562575 0.069891 0.561923 0.069363 0.561308 0.068836 0.560743 0.068273 0.561080 0.066786 0.561971 0.066158 0.562348 0.044599 0.576575
0 0.664631 0.807671 0.679720 0.844118 0.680049 0.844911 0.680384 0.845709 0.680722 0.846509 0.681058 0.847297 0.681386 0.848059 0.681600 0.848411 0.682309 0.849576 0.688276 0.847106 0.712142 0.837226 0.711880 0.836557 0.711589 0.835834 0.711277 0.835071 0.710947 0.834280 0.710602 0.833467 0.694496 0.795744 0.694202 0.795429
0 0.077661 0.607635 0.080621 0.646578 0.080700 0.647425 0.080813 0.648264 0.080959 0.649090 0.081136 0.649889 0.081340 0.650647 0.084101 0.650753 0.084835 0.650781 0.116503 0.645952 0.116523 0.645211 0.116508 0.644426 0.116460 0.643613 0.116378 0.642784 0.116264 0.641943 0.110317 0.602947 0.109372 0.602799
0 0.490973 0.860069 0.493135 0.862529 0.526441 0.839716 0.527128 0.839188 0.527733 0.838581 0.528254 0.837901 0.528682 0.837158 0.529008 0.836365 0.528477 0.830184 0.528347 0.828674 0.526801 0.826915 0.521028 0.820348 0.520219 0.820565 0.519446 0.820887 0.518721 0.821307 0.518058 0.821817 0.517460 0.822416 0.491181 0.851835
0 0.836787 0.066402 0.864558 0.082310 0.865195 0.081695 0.886889 0.045314 0.887350 0.044534 0.887782 0.043787 0.888183 0.043077 0.888546 0.042416 0.888864 0.041816 0.883261 0.038606 0.860848 0.025767 0.860337 0.026370 0.859176 0.027743 0.858672 0.028340 0.858206 0.029103 0.857738 0.029880 0.857276 0.030658 0.856827 0.031424 0.856395 0.032173
