0 0.535123 0.415272 0.536346 0.417551 0.540367 0.425040 0.541204 0.425011 0.542030 0.424873 0.542831 0.424628 0.543593 0.424281 0.544311 0.423833 0.576567 0.401126 0.578361 0.398811 0.576812 0.395925 0.539206 0.410606 0.538417 0.410966 0.537691 0.411420 0.537030 0.411964 0.536445 0.412591 0.535947 0.413289 0.535779 0.413693
0 0.553436 0.603450 0.553525 0.603523 0.553723 0.603614 0.554028 0.603721 0.554435 0.603843 0.565710 0.605767 0.566051 0.605773 0.566286 0.605758 0.566412 0.605722 0.566427 0.605667 0.571969 0.573190 0.571868 0.573135 0.565180 0.570291 0.562025 0.569753 0.558997 0.570939 0.558978 0.570973
0 0.520526 0.332950 0.520629 0.333781 0.520840 0.334591 0.523134 0.335065 0.529165 0.336309 0.531698 0.336831 0.532212 0.336171 0.532636 0.335449 0.532962 0.334677 0.533184 0.333870 0.533337 0.333107 0.533803 0.330773 0.533961 0.329980 0.534081 0.329122 0.537422 0.288891 0.534214 0.288229 0.521360 0.326498 0.521130 0.327333 0.521013 0.328182 0.520626 0.331341 0.520532 0.332113
0 0.092591 0.317686 0.114703 0.340925 0.115856 0.341021 0.144434 0.313829 0.145035 0.313240 0.145591 0.312652 0.146102 0.312069 0.146557 0.311500 0.146950 0.310954 0.129285 0.292388 0.124868 0.287747 0.124039 0.287588 0.121845 0.287168 0.120919 0.286991 0.120265 0.287498 0.119619 0.288042 0.118991 0.288613 0.118393 0.289201 0.117827 0.289804
0 0.413559 0.213523 0.427380 0.235105 0.430835 0.240500 0.431448 0.240207 0.432102 0.239867 0.432784 0.239486 0.433485 0.239072 0.434199 0.238624 0.467418 0.217351 0.467669 0.216500 0.450371 0.189487 0.417482 0.208223 0.416766 0.208643 0.416053 0.209089 0.415347 0.209556 0.414661 0.210038 0.414007 0.210526 0.413653 0.212894
0 0.792485 0.926802 0.793030 0.927237 0.794529 0.928431 0.795082 0.928871 0.801400 0.930203 0.826675 0.935531 0.826905 0.934838 0.827116 0.934083 0.827305 0.933278 0.827468 0.932438 0.827604 0.931568 0.833314 0.891090 0.832478 0.890579 0.801162 0.883977 0.793025 0.922576 0.792860 0.923417 0.792723 0.924269 0.792613 0.925127 0.792533 0.925976
0 0.854292 0.919493 0.854751 0.920616 0.868762 0.949471 0.906038 0.935641 0.906839 0.935323 0.907611 0.934969 0.908350 0.934581 0.909044 0.934166 0.909679 0.933731 0.898397 0.910495 0.895576 0.904686 0.895128 0.903802 0.893665 0.900919 0.892905 0.901094 0.892124 0.901320 0.891335 0.901593 0.890551 0.901907 0.889778 0.902263
0 0.891515 0.304299 0.923457 0.306309 0.924396 0.306254 0.929706 0.266361 0.929807 0.265496 0.929874 0.264647 0.929907 0.263817 0.929906 0.263020 0.929870 0.262272 0.897646 0.260244 0.895240 0.260682 0.894601 0.260799 0.894428 0.261577 0.894278 0.262392 0.894154 0.263231 0.894059 0.264078 0.893993 0.264930
0 0.849351 0.512832 0.849903 0.513044 0.850531 0.513274 0.851222 0.513518 0.851966 0.513771 0.852758 0.514031 0.890273 0.526225 0.891528 0.526404 0.901444 0.495898 0.867410 0.483922 0.866653 0.483660 0.865862 0.483399 0.865044 0.483139 0.864213 0.482886 0.863382 0.482643 0.862504 0.482584 0.859253 0.482367
0 0.400793 0.623116 0.429266 0.651735 0.429911 0.652314 0.430617 0.652799 0.431381 0.653188 0.432188 0.653475 0.433027 0.653652 0.438565 0.646624 0.440049 0.644740 0.441422 0.641434 0.441061 0.640678 0.440605 0.639976 0.440061 0.639339 0.439439 0.638779 0.438741 0.638299 0.405044 0.617790 0.402820 0.620544
0 0.493378 0.548962 0.510065 0.576357 0.543145 0.556768 0.543867 0.556337 0.544589 0.555900 0.545306 0.555459 0.546007 0.555022 0.546678 0.554597 0.546843 0.554358 0.547289 0.553709 0.547451 0.553473 0.544118 0.548001 0.534119 0.531586 0.530786 0.526115 0.530178 0.526471 0.529525 0.526857 0.528840 0.527266 0.528134 0.527691 0.527411 0.528130 0.493722 0.548651
0 0.764295 0.839578 0.764653 0.841893 0.765596 0.847978 0.765993 0.850533 0.766192 0.851088 0.766384 0.851553 0.766566 0.851921 0.766733 0.852186 0.766886 0.852345 0.773834 0.857676 0.806469 0.852619 0.805963 0.849356 0.796656 0.834851 0.796468 0.834594 0.796300 0.834449 0.796151 0.834414 0.789818 0.835395 0.764488 0.839320 0.764379 0.839394
0 0.131971 0.908901 0.137998 0.911220 0.162107 0.920493 0.163829 0.918863 0.164286 0.918430 0.164648 0.917639 0.165006 0.916826 0.165354 0.916005 0.165686 0.915191 0.166001 0.914388 0.180163 0.877571 0.150292 0.866081 0.149635 0.866553 0.133379 0.905120 0.133036 0.905949 0.132721 0.906750 0.132435 0.907518 0.132184 0.908239
0 0.606585 0.915923 0.607075 0.917833 0.609081 0.925652 0.614288 0.932929 0.615683 0.934878 0.616529 0.934740 0.617349 0.934491 0.618130 0.934138 0.618858 0.933686 0.619528 0.933137 0.649293 0.905864 0.645878 0.896587 0.644015 0.893985 0.609407 0.912916 0.608688 0.913363 0.608041 0.913894 0.607468 0.914504 0.606980 0.915185
0 0.438032 0.154376 0.438702 0.154754 0.439417 0.155129 0.440165 0.155493 0.440933 0.155842 0.441718 0.156173 0.478242 0.171075 0.478550 0.170473 0.490668 0.140772 0.454815 0.123731 0.454032 0.123371 0.453250 0.123040 0.452472 0.122739 0.451712 0.122473 0.450983 0.122247 0.438786 0.152143 0.438190 0.153907
0 0.292188 0.081827 0.292402 0.082276 0.293198 0.083938 0.293594 0.084694 0.294001 0.085469 0.294412 0.086249 0.294820 0.087022 0.295223 0.087783 0.313694 0.122638 0.341973 0.107652 0.341794 0.107100 0.322620 0.070278 0.322207 0.069488 0.321806 0.068728 0.321420 0.068003 0.321054 0.067326 0.320717 0.066708
0 0.589163 0.689242 0.621961 0.711921 0.622675 0.712409 0.623381 0.712883 0.624077 0.713340 0.624751 0.713771 0.625390 0.714170 0.643260 0.687278 0.643257 0.687122 0.643245 0.686543 0.642614 0.686094 0.641948 0.685628 0.641259 0.685153 0.640558 0.684677 0.639849 0.684203 0.606994 0.662370 0.589281 0.689026
0 0.479033 0.439513 0.483174 0.444401 0.495599 0.459065 0.499741 0.463953 0.500276 0.463512 0.500852 0.463033 0.501459 0.462526 0.502087 0.461998 0.502732 0.461453 0.532828 0.435952 0.533197 0.435557 0.512461 0.411083 0.483055 0.435467 0.482412 0.436002 0.481768 0.436546 0.481126 0.437093 0.480497 0.437636 0.479893 0.438163 0.479213 0.439229
0 0.309523 0.177515 0.324138 0.210553 0.324463 0.211285 0.324805 0.212045 0.325159 0.212826 0.325521 0.213615 0.325884 0.214399 0.327804 0.217863 0.351160 0.207316 0.356999 0.204679 0.356757 0.204136 0.356484 0.203525 0.356183 0.202855 0.355860 0.202138 0.355517 0.201378 0.339282 0.165426 0.338758 0.164313
0 0.921280 0.838863 0.923511 0.870790 0.924089 0.871660 0.965529 0.871491 0.966419 0.871474 0.967276 0.871427 0.968095 0.871352 0.968862 0.871248 0.969563 0.871119 0.969113 0.864677 0.967763 0.845351 0.967313 0.838909 0.966763 0.838261 0.965512 0.836789 0.964968 0.836149 0.964116 0.836088 0.963243 0.836054 0.962362 0.836046 0.961491 0.836067 0.960632 0.836114
0 0.453463 0.890763 0.453857 0.892754 0.459176 0.896416 0.480452 0.911064 0.480900 0.910490 0.481367 0.909859 0.481844 0.909184 0.482323 0.908476 0.482801 0.907738 0.504689 0.873365 0.504460 0.872835 0.478099 0.854685 0.455729 0.887177 0.455248 0.887886 0.454776 0.888607 0.454317 0.889335 0.453876 0.890058
0 0.899184 0.407870 0.913345 0.436603 0.914287 0.436373 0.917830 0.435506 0.918629 0.435140 0.919423 0.434766 0.920198 0.434391 0.920941 0.434020 0.921646 0.433656 0.953239 0.417131 0.939058 0.388359 0.937716 0.388782 0.902333 0.406221 0.901588 0.406592 0.900895 0.406945 0.900256 0.407280 0.899682 0.407590
0 0.840053 0.093327 0.840331 0.094043 0.840661 0.094777 0.841040 0.095514 0.841458 0.096244 0.841916 0.096960 0.863805 0.129778 0.864846 0.129257 0.891532 0.111457 0.872743 0.076662 0.872319 0.075915 0.871863 0.075200 0.871379 0.074518 0.870874 0.073883 0.870358 0.073305 0.869500 0.073832 0.867470 0.075080 0.866703 0.075552 0.845383 0.089772
0 0.890615 0.460537 0.895563 0.492156 0.896081 0.492198 0.936960 0.486169 0.937839 0.486038 0.938686 0.485907 0.939499 0.485777 0.940262 0.485651 0.940961 0.485531 0.939963 0.479151 0.935969 0.453631 0.935474 0.453668 0.934301 0.453756 0.933858 0.453790 0.933023 0.453913 0.932165 0.454042 0.931298 0.454174 0.930437 0.454306 0.929588 0.454438
0 0.242937 0.448826 0.247111 0.453926 0.266863 0.470333 0.271801 0.474434 0.271904 0.474492 0.272075 0.474465 0.272313 0.474355 0.272615 0.474162 0.272974 0.473891 0.274626 0.471902 0.280057 0.465363 0.280176 0.465059 0.280223 0.464832 0.280198 0.464686 0.275266 0.460589 0.260470 0.448298 0.255538 0.444202 0.255427 0.444126 0.255244 0.444134 0.245047 0.446285
0 0.549570 0.749117 0.567906 0.775384 0.569162 0.776466 0.569548 0.776798 0.570215 0.776397 0.570902 0.775958 0.571596 0.775488 0.572286 0.774996 0.572966 0.774484 0.603955 0.750657 0.585595 0.724354 0.585085 0.724066 0.552738 0.746645 0.552047 0.747137 0.551378 0.747635 0.550735 0.748137 0.550129 0.748634
0 0.389215 0.762799 0.403894 0.791320 0.437610 0.775610 0.438350 0.775257 0.439098 0.774880 0.439850 0.774482 0.440592 0.774069 0.441313 0.773650 0.442962 0.770886 0.440030 0.765189 0.428302 0.742403 0.427702 0.742644 0.427050 0.742927 0.426356 0.743246 0.425632 0.743595 0.424883 0.743974 0.389809 0.762026
0 0.464787 0.821457 0.465475 0.823906 0.465686 0.824657 0.466377 0.825107 0.467097 0.825547 0.467833 0.825969 0.468573 0.826366 0.469311 0.826735 0.503128 0.843088 0.518633 0.815007 0.518253 0.814106 0.483720 0.795039 0.482980 0.794640 0.482257 0.794275 0.481557 0.793946 0.480891 0.793657 0.480271 0.793414
0 0.814347 0.121649 0.814360 0.122497 0.814401 0.123356 0.814470 0.124214 0.814565 0.125066 0.819510 0.164202 0.851262 0.160190 0.852109 0.159800 0.849656 0.119141 0.849590 0.118265 0.849495 0.117416 0.849374 0.116597 0.849227 0.115824 0.849057 0.115110 0.817024 0.119157 0.814921 0.120478 0.814362 0.120830
0 0.381692 0.938347 0.381739 0.939219 0.381916 0.942501 0.382581 0.942992 0.383281 0.943464 0.384003 0.943909 0.384736 0.944319 0.385474 0.944692 0.419404 0.961046 0.435574 0.933342 0.435388 0.932165 0.401319 0.912280 0.400586 0.911867 0.399864 0.911498 0.399158 0.911174 0.398479 0.910899 0.397840 0.910681 0.384922 0.932813
0 0.369350 0.211366 0.370091 0.211533 0.370875 0.211686 0.371691 0.211822 0.372523 0.211940 0.373368 0.212037 0.412603 0.216129 0.412788 0.215523 0.416115 0.183619 0.377101 0.177461 0.376252 0.177337 0.375409 0.177239 0.374576 0.177166 0.373769 0.177121 0.373002 0.177102 0.372749 0.178948 0.372673 0.179505
0 0.033133 0.171332 0.033702 0.172071 0.035189 0.174001 0.035810 0.174806 0.040075 0.179587 0.052870 0.193930 0.057135 0.198711 0.057803 0.198343 0.058481 0.197918 0.059157 0.197445 0.059820 0.196931 0.060466 0.196378 0.089902 0.170118 0.089258 0.169111 0.067904 0.145174 0.036125 0.168496 0.035446 0.169017 0.034801 0.169568 0.034194 0.170144 0.033634 0.170735
0 0.225406 0.304305 0.255398 0.315680 0.256090 0.315738 0.270079 0.278854 0.270371 0.278057 0.270637 0.277263 0.270876 0.276477 0.271085 0.275713 0.271259 0.274984 0.241307 0.263624 0.240776 0.263494 0.238778 0.263007 0.238443 0.263705 0.238117 0.264449 0.237806 0.265226 0.237516 0.266023 0.237248 0.266834
0 0.760889 0.409842 0.780500 0.435135 0.780833 0.435223 0.813287 0.411098 0.813986 0.410574 0.814663 0.410054 0.815314 0.409542 0.815929 0.409046 0.816495 0.408576 0.800668 0.388163 0.796711 0.383060 0.796439 0.383081 0.795700 0.383140 0.795431 0.383162 0.794780 0.383630 0.794107 0.384123 0.793423 0.384632 0.792741 0.385149 0.792063 0.385671
0 0.368221 0.299233 0.380203 0.328989 0.380832 0.329233 0.417424 0.314499 0.418205 0.314177 0.418960 0.313849 0.419683 0.313517 0.420363 0.313187 0.420987 0.312863 0.418594 0.306920 0.409022 0.283148 0.408609 0.282892 0.407515 0.282216 0.407053 0.281931 0.406295 0.282185 0.405516 0.282467 0.404730 0.282772 0.403950 0.283094 0.403182 0.283432
0 0.532022 0.480862 0.532503 0.481368 0.533024 0.481911 0.533576 0.482482 0.534149 0.483070 0.534741 0.483673 0.562405 0.511794 0.562818 0.512096 0.585685 0.489600 0.559159 0.461975 0.558577 0.461372 0.557988 0.460769 0.557394 0.460170 0.556807 0.459586 0.556237 0.459026 0.555178 0.458542 0.554858 0.458396 0.550291 0.462889
0 0.546516 0.790719 0.564449 0.817315 0.596936 0.797862 0.597643 0.797426 0.598346 0.796965 0.599040 0.796480 0.599713 0.795981 0.600354 0.795476 0.600422 0.794823 0.600605 0.793050 0.600671 0.792405 0.597090 0.787093 0.586345 0.771156 0.582763 0.765844 0.582155 0.766149 0.581508 0.766502 0.580833 0.766897 0.580141 0.767328 0.579438 0.767791 0.546730 0.789844
0 0.622411 0.315229 0.634696 0.352715 0.634964 0.353513 0.635235 0.354279 0.635508 0.355008 0.635778 0.355689 0.636041 0.356308 0.666482 0.346332 0.666691 0.345753 0.667192 0.344365 0.667383 0.343834 0.667169 0.343046 0.666932 0.342240 0.666677 0.341432 0.666409 0.340636 0.666128 0.339856 0.653051 0.304453 0.622569 0.314442
