0 0.586026 0.122415 0.586467 0.123059 0.586950 0.123718 0.587467 0.124379 0.588008 0.125032 0.588571 0.125672 0.614977 0.154978 0.638753 0.133553 0.639327 0.133007 0.614398 0.101799 0.613849 0.101130 0.613288 0.100490 0.612719 0.099883 0.612151 0.099318 0.611596 0.098806 0.606798 0.103128 0.592406 0.116097 0.587609 0.120420 0.587237 0.120888 0.586358 0.121996
0 0.152616 0.778460 0.153291 0.778802 0.154020 0.779133 0.154791 0.779448 0.155590 0.779742 0.156412 0.780011 0.194568 0.791895 0.194901 0.791094 0.206382 0.761220 0.169560 0.747069 0.168760 0.746774 0.167955 0.746506 0.167151 0.746267 0.166359 0.746060 0.165595 0.745889 0.165302 0.746399 0.165271 0.746453 0.164199 0.748321
0 0.186243 0.381094 0.186662 0.381705 0.187124 0.382349 0.187619 0.383014 0.188140 0.383690 0.188683 0.384372 0.214005 0.415725 0.214421 0.415609 0.239907 0.396251 0.216047 0.364838 0.215526 0.364160 0.214997 0.363490 0.214462 0.362831 0.213931 0.362194 0.213413 0.361590 0.213107 0.361584 0.212265 0.361569 0.211954 0.361564 0.191385 0.377188
0 0.118681 0.800057 0.121096 0.806046 0.130756 0.830002 0.131422 0.829770 0.132143 0.829501 0.132908 0.829201 0.133702 0.828874 0.134522 0.828523 0.172594 0.811948 0.172980 0.811385 0.161011 0.781703 0.124426 0.796456 0.123629 0.796782 0.122824 0.797123 0.122016 0.797476 0.121218 0.797835 0.120443 0.798195 0.119055 0.799661
0 0.512553 0.144836 0.512831 0.145875 0.544260 0.169714 0.544935 0.170214 0.545596 0.170675 0.546238 0.171094 0.546852 0.171466 0.547426 0.171782 0.562913 0.151364 0.566785 0.146259 0.566660 0.145420 0.566243 0.142641 0.565621 0.142087 0.564970 0.141543 0.564302 0.141018 0.563628 0.140520 0.562951 0.140053 0.531938 0.119279
0 0.765939 0.605381 0.766256 0.605920 0.766622 0.606509 0.767031 0.607140 0.767476 0.607800 0.767955 0.608487 0.790695 0.640720 0.791579 0.641355 0.817790 0.622863 0.797665 0.592114 0.797214 0.591438 0.796738 0.590751 0.796239 0.590059 0.795725 0.589372 0.795207 0.588703 0.794481 0.588283 0.792114 0.586914 0.786879 0.590607
0 0.306890 0.733321 0.320218 0.762499 0.354156 0.748222 0.354903 0.747901 0.355666 0.747558 0.356439 0.747197 0.357209 0.746823 0.357962 0.746442 0.358510 0.745857 0.359754 0.744527 0.360294 0.743949 0.357632 0.738121 0.349646 0.720638 0.346984 0.714811 0.346397 0.715032 0.345750 0.715290 0.345055 0.715580 0.344323 0.715898 0.343560 0.716242 0.307678 0.732632
0 0.696776 0.398325 0.696858 0.398641 0.696953 0.398852 0.697059 0.398956 0.722657 0.400546 0.729056 0.400943 0.729190 0.400939 0.729332 0.400824 0.736249 0.393074 0.736454 0.389778 0.730121 0.388120 0.723714 0.387722 0.698085 0.386130 0.697969 0.386144 0.697847 0.386267 0.697721 0.386497 0.697592 0.386830 0.697463 0.387260 0.696936 0.395744
0 0.658909 0.483516 0.659461 0.483877 0.660070 0.484265 0.660725 0.484672 0.661416 0.485092 0.662139 0.485522 0.696114 0.505567 0.696892 0.505776 0.713192 0.478148 0.681348 0.458358 0.680646 0.457927 0.679925 0.457497 0.679191 0.457071 0.678457 0.456656 0.677735 0.456260 0.677193 0.456188 0.675186 0.455925 0.662164 0.477997
0 0.678056 0.529293 0.678082 0.529431 0.684027 0.560953 0.723261 0.554202 0.724111 0.554053 0.724947 0.553898 0.725765 0.553739 0.726550 0.553579 0.727288 0.553421 0.726091 0.547075 0.721303 0.521692 0.720874 0.521274 0.720112 0.521397 0.719313 0.521532 0.718490 0.521675 0.717658 0.521825 0.716820 0.521981
0 0.482366 0.860744 0.483124 0.861142 0.483929 0.861437 0.484765 0.861625 0.485618 0.861702 0.486484 0.861667 0.526669 0.857806 0.526750 0.854531 0.526136 0.846427 0.487105 0.840712 0.486261 0.840636 0.485425 0.840670 0.484600 0.840813 0.483800 0.841062 0.483041 0.841414 0.482963 0.842983 0.482727 0.847775 0.482647 0.849402 0.482581 0.852047 0.482431 0.858098
0 0.413153 0.656180 0.425587 0.685749 0.460713 0.672027 0.461483 0.671721 0.462259 0.671400 0.463038 0.671065 0.463805 0.670723 0.464547 0.670380 0.464868 0.669985 0.466056 0.668522 0.463573 0.662616 0.453639 0.638993 0.453008 0.639219 0.452324 0.639476 0.451599 0.639758 0.450846 0.640062 0.450068 0.640385 0.413705 0.655676
0 0.489730 0.721992 0.489978 0.722561 0.490550 0.723870 0.490802 0.724445 0.491483 0.724901 0.492191 0.725354 0.492913 0.725798 0.493637 0.726225 0.494357 0.726632 0.527310 0.744867 0.543823 0.717366 0.543394 0.716675 0.509575 0.696368 0.508850 0.695939 0.508146 0.695538 0.507465 0.695164 0.506819 0.694826 0.506220 0.694529
0 0.391554 0.769232 0.396198 0.800971 0.433740 0.797419 0.434563 0.797331 0.435395 0.797218 0.436232 0.797083 0.437058 0.796926 0.437859 0.796752 0.439250 0.794810 0.439669 0.794223 0.438742 0.787884 0.435959 0.768866 0.435031 0.762527 0.434359 0.762542 0.433629 0.762584 0.432854 0.762650 0.432047 0.762740 0.431213 0.762854 0.392181 0.768565
0 0.303957 0.324927 0.309184 0.356576 0.309997 0.356839 0.348917 0.350411 0.349746 0.350268 0.350541 0.350117 0.351299 0.349960 0.352005 0.349798 0.352649 0.349634 0.351605 0.343313 0.347429 0.318029 0.346896 0.317771 0.344892 0.316805 0.344074 0.316898 0.343239 0.317010 0.342400 0.317139 0.341573 0.317282 0.340763 0.317440
0 0.437996 0.074139 0.438395 0.074820 0.462140 0.096279 0.488589 0.067012 0.489155 0.066370 0.489706 0.065712 0.490237 0.065040 0.490741 0.064367 0.491209 0.063704 0.490237 0.061242 0.485446 0.056912 0.466282 0.039593 0.465740 0.040093 0.465181 0.040650 0.464615 0.041254 0.464050 0.041895 0.463492 0.042569
0 0.253203 0.969556 0.253221 0.970308 0.253258 0.970992 0.253314 0.971595 0.253388 0.972106 0.279194 0.972652 0.285646 0.972788 0.286048 0.971468 0.286999 0.968344 0.287358 0.967162 0.287411 0.966280 0.287448 0.965411 0.287468 0.964568 0.287472 0.963767 0.287458 0.963011 0.286499 0.928814 0.254229 0.928131 0.253658 0.929671 0.253204 0.968739
0 0.574681 0.152337 0.574690 0.152532 0.576163 0.158772 0.580584 0.177491 0.582058 0.183731 0.582168 0.183880 0.582384 0.183997 0.582701 0.184081 0.584980 0.183543 0.593490 0.181534 0.593901 0.181278 0.594216 0.181035 0.594431 0.180810 0.594541 0.180606 0.594544 0.180425 0.593069 0.174178 0.588643 0.155436 0.587167 0.149188 0.584916 0.140183 0.581702 0.140942 0.574780 0.152113
0 0.477060 0.983932 0.480104 0.985078 0.499151 0.954836 0.499520 0.954161 0.499780 0.953454 0.499931 0.952719 0.501942 0.933795 0.501981 0.933058 0.501909 0.932319 0.499712 0.931487 0.491511 0.928383 0.490890 0.928860 0.490348 0.929407 0.489896 0.930014 0.489540 0.930671 0.489284 0.931374 0.479556 0.964476
0 0.696111 0.595972 0.696219 0.596802 0.696435 0.597611 0.696753 0.598386 0.697175 0.599120 0.718692 0.632181 0.723810 0.635277 0.726750 0.633833 0.713449 0.595718 0.713119 0.594917 0.712691 0.594174 0.712171 0.593493 0.711566 0.592886 0.710887 0.592364 0.706065 0.590249 0.703962 0.591281 0.698216 0.594102 0.696113 0.595135
0 0.210658 0.153306 0.211690 0.154736 0.211965 0.155117 0.212568 0.155711 0.213192 0.156319 0.213823 0.156930 0.214453 0.157533 0.215077 0.158125 0.243741 0.185226 0.265729 0.161970 0.265476 0.161466 0.235796 0.132612 0.235156 0.131993 0.234534 0.131402 0.233934 0.130840 0.233366 0.130317 0.232840 0.129844 0.215094 0.148613
0 0.264513 0.399606 0.264716 0.399984 0.265468 0.401383 0.270208 0.405694 0.289169 0.422935 0.289710 0.422441 0.290272 0.421902 0.290847 0.421328 0.291423 0.420728 0.291999 0.420106 0.318538 0.390920 0.318384 0.390386 0.294652 0.368806 0.267253 0.396513 0.266661 0.397123 0.266086 0.397744 0.265530 0.398372 0.265003 0.398996
0 0.225229 0.897459 0.228981 0.929316 0.265528 0.927712 0.266336 0.927662 0.267166 0.927577 0.268013 0.927459 0.268863 0.927310 0.269701 0.927131 0.272839 0.923614 0.272090 0.917251 0.269093 0.891800 0.268472 0.891753 0.267782 0.891740 0.267035 0.891760 0.266244 0.891813 0.265412 0.891899 0.226235 0.896512
0 0.525468 0.366670 0.528151 0.392890 0.528822 0.399445 0.528861 0.399502 0.532774 0.401829 0.535958 0.401504 0.541850 0.398172 0.541932 0.398103 0.538578 0.365328 0.538545 0.365251 0.538401 0.365187 0.538147 0.365136 0.537788 0.365101 0.535133 0.365372 0.526408 0.366265 0.526013 0.366378 0.525723 0.366485 0.525540 0.366582
0 0.868359 0.098261 0.868658 0.098955 0.869014 0.099664 0.869422 0.100376 0.869873 0.101079 0.870366 0.101770 0.893973 0.133374 0.895100 0.132850 0.920799 0.113653 0.900526 0.080061 0.900069 0.079341 0.899577 0.078652 0.899055 0.077996 0.898510 0.077385 0.897954 0.076831 0.894935 0.078567 0.894024 0.079091 0.888891 0.082925
0 0.198520 0.652511 0.203063 0.657101 0.216692 0.670869 0.221235 0.675458 0.222191 0.675119 0.222480 0.675016 0.223069 0.674466 0.223678 0.673889 0.224295 0.673297 0.224910 0.672699 0.225520 0.672099 0.253554 0.644347 0.231038 0.621602 0.230701 0.621607 0.201402 0.649626 0.200771 0.650234 0.200162 0.650832 0.199577 0.651418 0.199026 0.651981
0 0.568993 0.595304 0.569081 0.595391 0.575249 0.600705 0.578062 0.602436 0.579923 0.602060 0.596741 0.574722 0.596729 0.574706 0.596624 0.574632 0.596428 0.574503 0.596145 0.574320 0.595777 0.574086 0.593782 0.572858 0.588330 0.569504 0.586335 0.568277 0.586065 0.568119 0.585885 0.568017 0.585796 0.567971 0.568998 0.595276
0 0.468839 0.883144 0.498646 0.910097 0.499298 0.910672 0.499953 0.911217 0.500608 0.911729 0.501250 0.912199 0.501868 0.912619 0.505937 0.907604 0.522209 0.887543 0.522393 0.887074 0.523071 0.885335 0.522519 0.884767 0.521927 0.884192 0.521305 0.883619 0.520663 0.883058 0.520006 0.882513 0.489371 0.857662 0.469209 0.882517
0 0.271095 0.522189 0.271097 0.523030 0.271117 0.523855 0.271154 0.524647 0.272942 0.525788 0.298568 0.526045 0.304974 0.526109 0.305045 0.525399 0.305103 0.524637 0.305147 0.523837 0.305177 0.523012 0.305192 0.522166 0.305588 0.482720 0.305149 0.482295 0.273073 0.481974 0.271145 0.520503 0.271111 0.521345
0 0.145037 0.154859 0.145464 0.155667 0.147047 0.158656 0.167802 0.173688 0.172991 0.177446 0.173510 0.176984 0.174037 0.176456 0.174565 0.175872 0.175083 0.175242 0.175590 0.174568 0.198729 0.142620 0.198270 0.141494 0.172291 0.122678 0.147392 0.151421 0.146860 0.152062 0.146353 0.152734 0.145875 0.153432 0.145434 0.154145
0 0.461007 0.889919 0.464188 0.890698 0.478437 0.852927 0.478697 0.852101 0.478846 0.851257 0.478945 0.849620 0.479330 0.843224 0.479367 0.842388 0.479295 0.841553 0.479113 0.840736 0.470621 0.838656 0.468345 0.838099 0.467806 0.838740 0.467357 0.839447 0.467003 0.840205 0.466751 0.841004 0.466603 0.841837 0.461899 0.881002
0 0.074341 0.545230 0.075050 0.545304 0.075822 0.545377 0.076643 0.545448 0.077498 0.545515 0.078382 0.545578 0.119492 0.548390 0.119972 0.548248 0.122572 0.516350 0.083255 0.513145 0.082398 0.513077 0.081532 0.513011 0.080661 0.512949 0.079799 0.512891 0.078963 0.512838 0.078543 0.512882 0.077389 0.513004 0.076964 0.513049
0 0.467335 0.233408 0.467642 0.270247 0.467649 0.271061 0.467660 0.271897 0.467673 0.272750 0.467688 0.273605 0.467706 0.274447 0.467763 0.275109 0.467978 0.277557 0.500009 0.277119 0.500005 0.276397 0.499991 0.274006 0.499980 0.273163 0.499957 0.271455 0.499934 0.269806 0.499409 0.232970
0 0.797653 0.246151 0.830789 0.267555 0.831510 0.268006 0.832238 0.268427 0.832968 0.268815 0.833689 0.269165 0.834388 0.269470 0.851769 0.242562 0.852118 0.241980 0.853076 0.240380 0.853429 0.239790 0.852830 0.239306 0.852179 0.238825 0.851487 0.238355 0.850767 0.237906 0.850022 0.237480 0.815411 0.218419 0.798006 0.245364
0 0.573458 0.874635 0.573510 0.875856 0.604124 0.885434 0.616373 0.851161 0.616637 0.850399 0.616892 0.849606 0.617139 0.848786 0.617371 0.847953 0.617585 0.847123 0.617462 0.846183 0.617059 0.843118 0.592601 0.835466 0.586486 0.833553 0.586249 0.834113 0.586001 0.834747 0.585747 0.835444 0.585492 0.836192 0.585237 0.836988
0 0.486293 0.916996 0.486379 0.918054 0.486577 0.920489 0.486665 0.921560 0.486946 0.922389 0.487239 0.923214 0.487539 0.924021 0.487841 0.924795 0.488141 0.925532 0.501912 0.958530 0.531881 0.947091 0.531671 0.945717 0.517604 0.908863 0.517303 0.908087 0.517012 0.907363 0.516731 0.906696 0.516466 0.906095 0.516221 0.905573 0.492279 0.914711
0 0.628744 0.884021 0.632328 0.889331 0.643082 0.905261 0.646667 0.910571 0.647145 0.911097 0.647195 0.911152 0.648945 0.913075 0.649636 0.912711 0.650340 0.912300 0.651045 0.911847 0.651739 0.911361 0.652418 0.910845 0.683211 0.886592 0.665263 0.860006 0.664569 0.859405 0.631874 0.881476 0.631178 0.881962 0.630510 0.882464 0.629875 0.882981 0.629283 0.883503
0 0.231735 0.704573 0.231796 0.705428 0.231970 0.706268 0.242947 0.709133 0.244144 0.708160 0.247669 0.705293 0.248822 0.704355 0.249371 0.703722 0.249831 0.703023 0.250196 0.702269 0.250461 0.701475 0.250621 0.700644 0.255919 0.661553 0.252823 0.660745 0.247041 0.664502 0.232220 0.702054 0.231947 0.702877 0.231785 0.703718
0 0.878625 0.426576 0.879179 0.426779 0.879811 0.426992 0.880509 0.427209 0.881262 0.427428 0.882067 0.427647 0.920199 0.437748 0.921528 0.437705 0.929742 0.406697 0.895296 0.396166 0.894529 0.395939 0.893726 0.395719 0.892894 0.395508 0.892046 0.395310 0.891197 0.395126 0.887745 0.395508 0.886828 0.395610
0 0.390483 0.148136 0.411207 0.172620 0.411703 0.173114 0.441812 0.147629 0.442456 0.147071 0.443077 0.146500 0.443674 0.145920 0.444236 0.145340 0.444753 0.144771 0.443632 0.143280 0.443288 0.142823 0.439116 0.137894 0.422428 0.118178 0.421804 0.118617 0.421163 0.119104 0.420516 0.119631 0.419875 0.120188 0.419243 0.120774
