0 0.088946 0.028269 0.089730 0.067991 0.090913 0.069378 0.122393 0.067924 0.124880 0.032581 0.124917 0.031803 0.124916 0.030983 0.124878 0.030127 0.124803 0.029249 0.124692 0.028365 0.120859 0.023235 0.114547 0.023542 0.089344 0.024768 0.089188 0.025314 0.089069 0.025949 0.088988 0.026659 0.088946 0.027434
0 0.384349 0.709031 0.384753 0.741106 0.422620 0.742257 0.423451 0.742274 0.424292 0.742271 0.425138 0.742249 0.425974 0.742209 0.426786 0.742151 0.428697 0.740229 0.428294 0.708197 0.427616 0.708138 0.426880 0.708093 0.426097 0.708064 0.425283 0.708052 0.424440 0.708055 0.384996 0.708552
0 0.379081 0.599250 0.379479 0.599684 0.385310 0.602339 0.408634 0.612958 0.408954 0.612283 0.409291 0.611567 0.409637 0.610822 0.409988 0.610061 0.410341 0.609288 0.426688 0.573387 0.426681 0.573203 0.397488 0.559910 0.380774 0.595495 0.380412 0.596270 0.380059 0.597041 0.379715 0.597804 0.379387 0.598544
0 0.227191 0.809322 0.242128 0.846239 0.242464 0.847034 0.242822 0.847806 0.243199 0.848549 0.243590 0.849251 0.243988 0.849899 0.273071 0.835874 0.273626 0.835536 0.274939 0.834736 0.275436 0.834433 0.275205 0.833692 0.274935 0.832926 0.274632 0.832147 0.274299 0.831369 0.273940 0.830596 0.256805 0.795065 0.256084 0.795388
0 0.062815 0.285637 0.089417 0.303562 0.090564 0.303689 0.112607 0.270975 0.113067 0.270267 0.113484 0.269559 0.113856 0.268856 0.114178 0.268170 0.114444 0.267512 0.093192 0.253191 0.087879 0.249611 0.087034 0.249428 0.084802 0.248945 0.083858 0.248741 0.083329 0.249352 0.082816 0.250007 0.082326 0.250694 0.081868 0.251402 0.081446 0.252126
0 0.802992 0.813523 0.818268 0.849893 0.818606 0.850684 0.818960 0.851481 0.819328 0.852280 0.819703 0.853068 0.820080 0.853831 0.820547 0.854194 0.821623 0.855029 0.822097 0.855396 0.851866 0.842893 0.851627 0.842226 0.851350 0.841506 0.851040 0.840745 0.850702 0.839956 0.850337 0.839143 0.833106 0.801458 0.832500 0.801129
0 0.783478 0.110166 0.783678 0.110931 0.783920 0.111718 0.784200 0.112513 0.784512 0.113304 0.784855 0.114085 0.801329 0.149928 0.830409 0.136563 0.831322 0.136087 0.817430 0.098493 0.817115 0.097685 0.816773 0.096905 0.816407 0.096158 0.816022 0.095457 0.815626 0.094813 0.792156 0.105600 0.786289 0.108297 0.785691 0.108694
0 0.824970 0.067268 0.842878 0.093828 0.843347 0.093569 0.843885 0.093252 0.844480 0.092883 0.845124 0.092469 0.845813 0.092010 0.878521 0.069957 0.879702 0.068763 0.861769 0.042166 0.832177 0.060666 0.831518 0.061086 0.830830 0.061543 0.830116 0.062034 0.829389 0.062551 0.828663 0.063084 0.827877 0.063973 0.825745 0.066389
0 0.540626 0.726425 0.569526 0.753938 0.570156 0.754531 0.570783 0.755106 0.571404 0.755660 0.572007 0.756185 0.572583 0.756669 0.576923 0.751887 0.594281 0.732758 0.594339 0.732539 0.594528 0.731824 0.593977 0.731277 0.593394 0.730709 0.592787 0.730131 0.592168 0.729553 0.591538 0.728977 0.562326 0.702469 0.540819 0.726170
0 0.837274 0.207664 0.837849 0.207906 0.838500 0.208139 0.839215 0.208359 0.839983 0.208563 0.840798 0.208749 0.879380 0.216967 0.880620 0.216404 0.887303 0.185030 0.852128 0.174838 0.851346 0.174626 0.850533 0.174440 0.849693 0.174279 0.848841 0.174147 0.847991 0.174046 0.843948 0.176333 0.842613 0.182599
0 0.503793 0.891579 0.511959 0.932025 0.512138 0.932894 0.512316 0.933733 0.512493 0.934537 0.512665 0.935292 0.512831 0.935984 0.538082 0.930544 0.544394 0.929184 0.544380 0.928743 0.544342 0.927592 0.544326 0.927112 0.544164 0.926286 0.543994 0.925438 0.543818 0.924581 0.543640 0.923729 0.543460 0.922889 0.535152 0.884326 0.503865 0.891067
0 0.424113 0.474831 0.424255 0.475535 0.424294 0.475726 0.424742 0.476369 0.425214 0.477039 0.425700 0.477724 0.426193 0.478410 0.426690 0.479096 0.449513 0.510469 0.475608 0.491814 0.475439 0.491519 0.452497 0.459429 0.452004 0.458740 0.451520 0.458066 0.451048 0.457411 0.450596 0.456785 0.450172 0.456200 0.444960 0.459926
0 0.814832 0.633159 0.815353 0.633434 0.815944 0.633743 0.816594 0.634080 0.817291 0.634439 0.818034 0.634820 0.853162 0.652766 0.854309 0.653289 0.868903 0.624724 0.836987 0.607985 0.836277 0.607616 0.835537 0.607235 0.834771 0.606847 0.833993 0.606458 0.833217 0.606074 0.832322 0.605735 0.830289 0.604966 0.829406 0.604632 0.826491 0.610337 0.817747 0.627453
0 0.713691 0.239470 0.743465 0.251288 0.745377 0.248750 0.745893 0.248065 0.746236 0.247273 0.746572 0.246473 0.746894 0.245679 0.747197 0.244903 0.747479 0.244151 0.759973 0.210193 0.730158 0.198359 0.729494 0.199401 0.714941 0.236066 0.714636 0.236843 0.714357 0.237578 0.714103 0.238269 0.713880 0.238904
0 0.054190 0.904319 0.055642 0.910611 0.061451 0.935780 0.062140 0.935687 0.062892 0.935555 0.063693 0.935386 0.064529 0.935182 0.065396 0.934944 0.105737 0.923376 0.106257 0.922502 0.099060 0.891317 0.060623 0.900188 0.059784 0.900392 0.058934 0.900621 0.058076 0.900875 0.057225 0.901148 0.056397 0.901438 0.055933 0.902042 0.054659 0.903706
0 0.353988 0.096234 0.354691 0.097250 0.392789 0.107480 0.393602 0.107686 0.394384 0.107856 0.395133 0.107989 0.395836 0.108084 0.396479 0.108137 0.398141 0.101950 0.403125 0.083387 0.404786 0.077199 0.404355 0.076422 0.403169 0.074284 0.402732 0.073497 0.401942 0.073205 0.401131 0.072938 0.400313 0.072700 0.399502 0.072495 0.398702 0.072325 0.362306 0.065254
0 0.072079 0.763600 0.074974 0.765132 0.084692 0.759068 0.107198 0.726672 0.107641 0.725951 0.107983 0.725187 0.108223 0.724385 0.108356 0.723558 0.108380 0.722721 0.100651 0.718632 0.098580 0.717537 0.089187 0.722629 0.088493 0.723131 0.087870 0.723720 0.087329 0.724385 0.086880 0.725114 0.086525 0.725904
0 0.916566 0.161841 0.917113 0.162111 0.917741 0.162369 0.918438 0.162611 0.919193 0.162835 0.920002 0.163037 0.958429 0.171950 0.959848 0.171291 0.967096 0.140044 0.932615 0.128865 0.931845 0.128633 0.931038 0.128431 0.930198 0.128257 0.929339 0.128116 0.928476 0.128010 0.924888 0.130027 0.923805 0.130636 0.922357 0.136877
0 0.374477 0.497653 0.395305 0.529637 0.395764 0.530336 0.396234 0.531035 0.396711 0.531731 0.397188 0.532412 0.397655 0.533065 0.398020 0.533264 0.399209 0.533911 0.404514 0.530317 0.425730 0.515943 0.425361 0.515357 0.424957 0.514728 0.424524 0.514066 0.424071 0.513384 0.423600 0.512683 0.401474 0.480025 0.401033 0.479661
0 0.715762 0.767516 0.734586 0.802183 0.734997 0.802936 0.735415 0.803692 0.735839 0.804448 0.736261 0.805191 0.736673 0.805908 0.736932 0.806169 0.737645 0.806887 0.737908 0.807151 0.743583 0.804070 0.766283 0.791744 0.765956 0.791102 0.765594 0.790411 0.765204 0.789684 0.764792 0.788933 0.764362 0.788162 0.744259 0.752479 0.743888 0.752244
0 0.289305 0.262909 0.289616 0.263651 0.290324 0.265336 0.290353 0.265405 0.290632 0.266068 0.296838 0.267658 0.315457 0.272427 0.321664 0.274016 0.321896 0.273411 0.322130 0.272738 0.322360 0.272009 0.322584 0.271238 0.322800 0.270427 0.332587 0.232213 0.332302 0.231230 0.301228 0.223271 0.290288 0.258836 0.290056 0.259622 0.289839 0.260432 0.289640 0.261259 0.289461 0.262090
0 0.733612 0.082869 0.762689 0.096241 0.763125 0.095673 0.781063 0.057809 0.781445 0.056997 0.781807 0.056216 0.782146 0.055470 0.782457 0.054774 0.782733 0.054139 0.759266 0.043346 0.753399 0.040648 0.753093 0.041159 0.752264 0.042545 0.751963 0.043050 0.751587 0.043836 0.751207 0.044641 0.750827 0.045448 0.750456 0.046246 0.750094 0.047029
0 0.222917 0.477986 0.230472 0.515320 0.230647 0.516136 0.230844 0.516955 0.231062 0.517771 0.231297 0.518571 0.231545 0.519340 0.233418 0.520218 0.233984 0.520482 0.240197 0.518918 0.265048 0.512662 0.264954 0.511977 0.264831 0.511242 0.264680 0.510468 0.264505 0.509669 0.264307 0.508849 0.254676 0.470596 0.254024 0.470154
0 0.117182 0.075805 0.117207 0.076686 0.119518 0.080369 0.120133 0.081348 0.126526 0.081763 0.152100 0.083420 0.152259 0.082857 0.152398 0.082211 0.152514 0.081495 0.152606 0.080720 0.152672 0.079891 0.155223 0.040526 0.154464 0.039096 0.122453 0.037022 0.117390 0.072450 0.117292 0.073240 0.117225 0.074067 0.117188 0.074928
0 0.632864 0.543576 0.633535 0.544076 0.634267 0.544484 0.635045 0.544792 0.635666 0.544998 0.638208 0.545841 0.639038 0.546051 0.639899 0.546151 0.680194 0.548608 0.680785 0.545386 0.642243 0.533376 0.641403 0.533164 0.638167 0.532406 0.637336 0.532309 0.636499 0.532321 0.635670 0.532443 0.634865 0.532672 0.634442 0.534976
0 0.758483 0.777840 0.758784 0.778215 0.789370 0.805852 0.790029 0.806446 0.790668 0.807018 0.791283 0.807565 0.791864 0.808078 0.792400 0.808548 0.813908 0.784466 0.812434 0.783117 0.810513 0.781398 0.809865 0.780819 0.779803 0.753970
0 0.219868 0.545827 0.249649 0.568279 0.250309 0.568768 0.250992 0.569253 0.251694 0.569733 0.252403 0.570198 0.253106 0.570640 0.253751 0.570685 0.255439 0.570801 0.256143 0.570849 0.274492 0.544592 0.273991 0.544175 0.273431 0.543731 0.272821 0.543267 0.272171 0.542791 0.271486 0.542306 0.239152 0.519710 0.238242 0.519533
0 0.294065 0.832500 0.315360 0.856490 0.343014 0.833252 0.343624 0.832732 0.344250 0.832183 0.344887 0.831608 0.345525 0.831018 0.346152 0.830423 0.347897 0.827669 0.348360 0.826937 0.344107 0.822145 0.327095 0.802979 0.326627 0.803346 0.326107 0.803768 0.325545 0.804240 0.324949 0.804752 0.324322 0.805303 0.294821 0.831490
0 0.599553 0.932208 0.599566 0.932304 0.599610 0.932510 0.599686 0.932825 0.603915 0.950024 0.604831 0.953197 0.636560 0.944043 0.635645 0.940871 0.630525 0.923928 0.630431 0.923619 0.630369 0.923419 0.630338 0.923327 0.605710 0.930431
0 0.292339 0.335013 0.292462 0.335493 0.292743 0.336583 0.292865 0.337056 0.296440 0.342373 0.310741 0.363639 0.311385 0.363292 0.312061 0.362906 0.312756 0.362488 0.313459 0.362044 0.314167 0.361577 0.346901 0.339564 0.346873 0.338984 0.328973 0.312365 0.295736 0.332661 0.295016 0.333111 0.294310 0.333576 0.293620 0.334054 0.292959 0.334536
0 0.194697 0.424794 0.215751 0.448995 0.216687 0.448858 0.246447 0.422966 0.247077 0.422409 0.247669 0.421860 0.248223 0.421323 0.248728 0.420807 0.249174 0.420320 0.228149 0.396152 0.225652 0.396199 0.224977 0.396212 0.224321 0.396715 0.223663 0.397245 0.223014 0.397793 0.222387 0.398350 0.221785 0.398913
0 0.566768 0.601397 0.567161 0.601584 0.568640 0.602284 0.569450 0.602353 0.570284 0.602416 0.571128 0.602472 0.571968 0.602519 0.572798 0.602559 0.610628 0.604204 0.612581 0.572186 0.611941 0.571999 0.572567 0.569598 0.571725 0.569549 0.570912 0.569506 0.570131 0.569471 0.569395 0.569443 0.568718 0.569423
0 0.495182 0.631899 0.495252 0.632753 0.495433 0.633590 0.495721 0.634398 0.496113 0.635160 0.498759 0.635117 0.507457 0.634975 0.507824 0.634200 0.508085 0.633384 0.508239 0.632541 0.508281 0.631686 0.508243 0.631073 0.508092 0.628679 0.508023 0.627835 0.502641 0.588756 0.499441 0.588808 0.495333 0.628041 0.495292 0.628887 0.495270 0.629478 0.495204 0.631285
0 0.794486 0.352935 0.824415 0.378632 0.825068 0.379179 0.825728 0.379701 0.826392 0.380197 0.827050 0.380658 0.827689 0.381076 0.828021 0.380694 0.828897 0.379684 0.829267 0.379257 0.846094 0.359659 0.850300 0.354759 0.849766 0.354211 0.849181 0.353654 0.848558 0.353098 0.847906 0.352554 0.847230 0.352023 0.815758 0.328012 0.794863 0.352350
0 0.152279 0.895389 0.164263 0.918271 0.167259 0.923991 0.167899 0.923706 0.168590 0.923375 0.169322 0.923003 0.170080 0.922598 0.170861 0.922161 0.207092 0.901500 0.207415 0.900768 0.192566 0.872416 0.157622 0.890718 0.156861 0.891124 0.156094 0.891549 0.155325 0.891991 0.154567 0.892443 0.153832 0.892897 0.152643 0.894804
0 0.694574 0.562123 0.699126 0.563576 0.702306 0.564360 0.716614 0.526610 0.716876 0.525784 0.717026 0.524941 0.717065 0.524085 0.716992 0.523231 0.716807 0.522394 0.714480 0.521820 0.708119 0.520252 0.705791 0.519679 0.704834 0.519587 0.702011 0.519317 0.701088 0.519229 0.700547 0.519869 0.700096 0.520575 0.699741 0.521333 0.699488 0.522131 0.699339 0.522964
0 0.864763 0.823536 0.865292 0.824029 0.897832 0.850531 0.898530 0.851098 0.899199 0.851640 0.899836 0.852154 0.900430 0.852631 0.900969 0.853061 0.917209 0.832974 0.921269 0.827952 0.920142 0.827037 0.919506 0.826522 0.918836 0.825981 0.885459 0.799084 0.884884 0.798647
0 0.123415 0.476847 0.132376 0.507867 0.132719 0.507933 0.133986 0.508176 0.134780 0.507978 0.135600 0.507767 0.136432 0.507544 0.137263 0.507315 0.138087 0.507080 0.175985 0.496132 0.167103 0.465385 0.166716 0.465199 0.127318 0.475690 0.126469 0.475921 0.125646 0.476154 0.124854 0.476389 0.124106 0.476622
0 0.175853 0.200149 0.175970 0.200866 0.176118 0.201634 0.176295 0.202441 0.176498 0.203272 0.176725 0.204123 0.187645 0.243504 0.188267 0.243711 0.219431 0.236426 0.210452 0.198014 0.210250 0.197181 0.210030 0.196346 0.209795 0.195515 0.209548 0.194700 0.209293 0.193917 0.208873 0.193682 0.207719 0.193037 0.207294 0.192800
