0 0.611613 0.775927 0.611652 0.776876 0.638314 0.794711 0.660745 0.764585 0.661230 0.763917 0.661704 0.763224 0.662165 0.762512 0.662605 0.761792 0.663016 0.761077 0.662601 0.758647 0.662475 0.757913 0.641175 0.743664 0.635849 0.740102 0.635415 0.740606 0.634960 0.741172 0.634493 0.741788 0.634020 0.742445 0.633546 0.743139
0 0.706466 0.064511 0.706482 0.065093 0.710258 0.075516 0.710497 0.075637 0.710708 0.075649 0.734808 0.066918 0.740833 0.064735 0.741030 0.064633 0.741193 0.064424 0.741320 0.064109 0.746612 0.046926 0.745487 0.043821 0.714437 0.055071 0.706806 0.063076 0.706662 0.063288 0.706557 0.063601 0.706492 0.064011
0 0.447547 0.933950 0.447694 0.934819 0.447851 0.935684 0.448015 0.936530 0.448183 0.937342 0.448355 0.938116 0.456282 0.972798 0.487728 0.966466 0.487680 0.965030 0.479893 0.926358 0.479725 0.925544 0.479561 0.924785 0.479400 0.924083 0.479245 0.923453 0.479100 0.922904 0.447696 0.929227
0 0.513173 0.544733 0.513416 0.545038 0.513976 0.545737 0.514223 0.546045 0.514786 0.546622 0.515369 0.547216 0.515962 0.547818 0.516554 0.548416 0.517142 0.549008 0.544005 0.575993 0.566828 0.553452 0.540683 0.526887 0.540119 0.526314 0.539534 0.525720 0.538942 0.525120 0.538349 0.524520 0.537763 0.523928 0.537195 0.523356 0.536223 0.522461 0.535964 0.522223 0.517731 0.540231
0 0.122202 0.488142 0.128628 0.519569 0.129848 0.519447 0.168496 0.511544 0.169313 0.511375 0.170082 0.511212 0.170800 0.511054 0.171455 0.510906 0.172034 0.510769 0.170751 0.504492 0.165617 0.479384 0.162579 0.479465 0.161647 0.479490 0.160798 0.479646 0.159946 0.479809 0.159105 0.479977 0.158290 0.480147 0.157505 0.480317
0 0.535799 0.581850 0.536633 0.583766 0.538025 0.586731 0.576368 0.574098 0.577174 0.573781 0.577924 0.573367 0.578614 0.572859 0.579232 0.572265 0.579766 0.571594 0.578642 0.569199 0.576070 0.563720 0.574945 0.561324 0.574597 0.561038 0.573235 0.559921 0.572398 0.559905 0.571565 0.559998 0.570753 0.560199 0.569973 0.560505 0.569232 0.560913
0 0.296362 0.807185 0.296375 0.808049 0.296404 0.808905 0.296449 0.809737 0.296511 0.810541 0.299642 0.846799 0.331686 0.845329 0.332050 0.844161 0.330243 0.804755 0.330199 0.803921 0.330142 0.803133 0.330074 0.802394 0.329995 0.801718 0.329907 0.801116 0.323507 0.801409 0.297907 0.802583 0.296366 0.806327
0 0.121855 0.576302 0.152313 0.586366 0.153223 0.585804 0.165600 0.548349 0.165854 0.547548 0.166075 0.546772 0.166262 0.546025 0.166413 0.545320 0.166524 0.544669 0.160440 0.542658 0.142191 0.536628 0.136107 0.534618 0.132799 0.536170 0.132476 0.536934 0.132171 0.537724 0.131890 0.538526 0.131637 0.539325 0.131415 0.540118
0 0.439721 0.760296 0.472297 0.765717 0.472839 0.762460 0.474387 0.750403 0.474412 0.750197 0.474418 0.750102 0.468094 0.749049 0.449119 0.745891 0.442795 0.744839 0.442769 0.744931 0.442726 0.745134 0.440263 0.757038
0 0.483876 0.666109 0.484171 0.668738 0.485144 0.677383 0.485950 0.677674 0.486787 0.677856 0.487641 0.677929 0.488497 0.677889 0.489350 0.677736 0.528633 0.668429 0.528266 0.665174 0.527617 0.661398 0.488171 0.661061 0.487325 0.661101 0.486501 0.661249 0.485704 0.661503 0.484946 0.661859 0.484241 0.662311 0.484169 0.663057 0.483950 0.665335
0 0.684734 0.762784 0.684836 0.763380 0.684963 0.764047 0.685113 0.764772 0.685283 0.765543 0.685473 0.766356 0.694612 0.804730 0.695144 0.805799 0.726349 0.798367 0.718931 0.762792 0.718761 0.762004 0.718573 0.761192 0.718368 0.760361 0.718149 0.759524 0.717921 0.758697 0.717446 0.757914 0.715897 0.755363 0.709664 0.756847
0 0.375864 0.668830 0.376417 0.669413 0.377002 0.670003 0.377608 0.670591 0.378224 0.671166 0.378846 0.671724 0.407517 0.696989 0.429594 0.673718 0.429474 0.673059 0.400856 0.645909 0.400240 0.645332 0.399632 0.644782 0.399036 0.644261 0.398461 0.643779 0.397919 0.643343 0.380281 0.661935 0.375872 0.666583 0.375870 0.667055 0.375865 0.668352
0 0.036627 0.331004 0.036891 0.331682 0.037205 0.332401 0.037562 0.333147 0.037955 0.333906 0.038384 0.334675 0.058711 0.370108 0.059540 0.370059 0.088147 0.355709 0.070461 0.320449 0.070067 0.319687 0.069651 0.318932 0.069214 0.318187 0.068764 0.317465 0.068308 0.316778 0.067716 0.316725 0.065487 0.316527 0.042399 0.328108
0 0.494985 0.889904 0.519253 0.910881 0.544661 0.884428 0.545215 0.883836 0.545768 0.883210 0.546317 0.882555 0.546852 0.881882 0.547364 0.881203 0.547759 0.878036 0.547864 0.877194 0.543017 0.873004 0.528476 0.860435 0.523629 0.856246 0.523163 0.856659 0.522663 0.857138 0.522138 0.857674 0.521598 0.858257 0.521044 0.858884 0.495248 0.888728
0 0.207282 0.338980 0.207513 0.339228 0.208060 0.339813 0.208267 0.340034 0.209055 0.340199 0.209876 0.340361 0.210716 0.340517 0.211560 0.340666 0.212404 0.340807 0.251345 0.347105 0.256455 0.315511 0.256282 0.315153 0.216469 0.307726 0.215608 0.307570 0.214766 0.307429 0.213947 0.307304 0.213166 0.307195 0.212437 0.307107 0.211406 0.313481
0 0.587547 0.538264 0.593909 0.539018 0.619358 0.542033 0.619614 0.541801 0.620204 0.541266 0.620463 0.541030 0.620581 0.540247 0.620693 0.539430 0.620798 0.538595 0.620893 0.537756 0.620978 0.536918 0.624680 0.498543 0.592825 0.494769 0.592569 0.495164 0.587928 0.534337 0.587831 0.535177 0.587744 0.535998 0.587667 0.536796 0.587601 0.537555
0 0.205879 0.919347 0.218165 0.948978 0.251957 0.937223 0.252704 0.936950 0.253475 0.936642 0.254265 0.936299 0.255059 0.935928 0.255845 0.935536 0.258337 0.932425 0.258999 0.931598 0.256545 0.925679 0.246729 0.902007 0.246165 0.902143 0.245533 0.902329 0.244845 0.902558 0.244113 0.902829 0.243341 0.903139 0.206902 0.918248
0 0.510462 0.625750 0.521404 0.655903 0.557885 0.643778 0.558680 0.643508 0.559475 0.643225 0.560265 0.642931 0.561035 0.642631 0.561772 0.642331 0.562362 0.641121 0.562540 0.640755 0.551614 0.610642 0.550938 0.610845 0.550215 0.611074 0.549457 0.611325 0.548679 0.611593 0.547882 0.611878 0.510801 0.625333
0 0.098871 0.888872 0.123430 0.896877 0.129569 0.898878 0.130101 0.898481 0.132070 0.897009 0.132408 0.896212 0.132737 0.895391 0.133052 0.894561 0.133348 0.893735 0.133622 0.892918 0.145847 0.855413 0.115418 0.845495 0.114663 0.845914 0.100067 0.885014 0.099762 0.885855 0.099487 0.886670 0.099244 0.887454 0.099038 0.888192
0 0.050676 0.109558 0.064284 0.138606 0.065621 0.139263 0.101343 0.122529 0.102095 0.122158 0.102796 0.121767 0.103443 0.121359 0.104024 0.120940 0.104530 0.120518 0.090941 0.091510 0.087427 0.089408 0.086478 0.088841 0.085673 0.089097 0.084873 0.089397 0.084091 0.089735 0.083341 0.090107 0.082628 0.090509
0 0.500313 0.326430 0.504205 0.358270 0.504577 0.358545 0.543734 0.353760 0.544574 0.353652 0.545396 0.353536 0.546194 0.353412 0.546956 0.353283 0.547668 0.353150 0.544559 0.327712 0.543781 0.321352 0.543574 0.321089 0.543003 0.320365 0.542793 0.320099 0.542010 0.320159 0.541194 0.320238 0.540360 0.320332 0.539521 0.320440 0.538683 0.320562
0 0.094282 0.945014 0.096374 0.946635 0.101355 0.950494 0.103251 0.951962 0.104021 0.951587 0.104736 0.951113 0.105383 0.950551 0.105951 0.949910 0.113189 0.941646 0.114957 0.939627 0.115431 0.938926 0.135661 0.905059 0.133131 0.903099 0.105397 0.931154 0.098047 0.939184 0.096167 0.941238 0.095593 0.941887 0.095114 0.942597 0.094731 0.943364 0.094452 0.944174
0 0.224363 0.075291 0.224688 0.076330 0.225750 0.079715 0.230946 0.083464 0.251730 0.098457 0.252221 0.098020 0.252727 0.097511 0.253239 0.096941 0.253748 0.096318 0.254251 0.095646 0.277329 0.063655 0.277048 0.062349 0.251034 0.043582 0.226729 0.071831 0.226207 0.072463 0.225704 0.073133 0.225224 0.073836 0.224774 0.074560
0 0.851836 0.602996 0.852278 0.603388 0.852787 0.603820 0.853353 0.604283 0.853968 0.604771 0.854628 0.605281 0.885976 0.629226 0.887161 0.629754 0.906632 0.604262 0.878676 0.581507 0.878052 0.581007 0.877394 0.580497 0.876707 0.579982 0.876003 0.579470 0.875295 0.578971 0.874441 0.578666 0.871281 0.577539
0 0.108786 0.284046 0.122650 0.317524 0.122966 0.318263 0.123314 0.319019 0.123692 0.319789 0.124092 0.320559 0.124508 0.321316 0.127215 0.323323 0.128033 0.323929 0.156993 0.310237 0.156806 0.309665 0.156572 0.309032 0.156296 0.308348 0.155982 0.307625 0.155633 0.306868 0.138772 0.271205 0.137786 0.270336
0 0.822440 0.965197 0.822441 0.966058 0.822468 0.966932 0.822519 0.967815 0.822594 0.968692 0.822691 0.969547 0.825266 0.971925 0.831723 0.971999 0.857552 0.972294 0.857633 0.971591 0.857686 0.970822 0.857712 0.970001 0.857710 0.969142 0.857679 0.968250 0.855705 0.926701 0.854893 0.926118 0.822890 0.925752
0 0.548435 0.922957 0.548495 0.923259 0.552622 0.939542 0.554458 0.942287 0.581907 0.923926 0.582251 0.915993 0.582232 0.915787 0.582152 0.915493 0.582013 0.915113 0.581817 0.914654 0.581567 0.914124 0.576706 0.906856 0.575403 0.904909 0.575238 0.904818 0.575131 0.904823 0.569804 0.908386 0.553825 0.919075 0.548499 0.922638 0.548437 0.922750
0 0.782715 0.828253 0.782735 0.829058 0.783287 0.829353 0.784611 0.830059 0.785118 0.830329 0.791540 0.831004 0.817229 0.833704 0.817376 0.832978 0.817501 0.832196 0.817604 0.831373 0.817682 0.830523 0.817734 0.829651 0.819603 0.789245 0.818837 0.788971 0.787008 0.785627 0.782885 0.824858 0.782806 0.825710 0.782752 0.826564 0.782721 0.827416
0 0.655114 0.233037 0.655332 0.233772 0.655581 0.234538 0.655858 0.235323 0.656156 0.236112 0.656474 0.236901 0.671598 0.273334 0.672137 0.273175 0.701763 0.260877 0.688314 0.223553 0.688013 0.222747 0.687696 0.221958 0.687364 0.221193 0.687024 0.220463 0.686681 0.219783 0.656860 0.232162 0.655481 0.232853
0 0.859851 0.307033 0.861398 0.308792 0.867175 0.315355 0.867984 0.315137 0.868757 0.314815 0.870451 0.313964 0.877386 0.310480 0.878128 0.310050 0.878807 0.309528 0.879418 0.308914 0.906292 0.278791 0.904128 0.276332 0.894887 0.281447 0.862357 0.303758 0.861686 0.304275 0.861096 0.304868 0.860587 0.305533 0.860169 0.306259
0 0.138138 0.833135 0.173906 0.841133 0.174700 0.841296 0.175523 0.841432 0.176371 0.841542 0.177229 0.841622 0.178082 0.841672 0.181935 0.839182 0.182886 0.832846 0.186688 0.807502 0.186097 0.807297 0.185432 0.807106 0.184703 0.806930 0.183925 0.806774 0.183099 0.806639 0.144088 0.800786 0.142897 0.801413
0 0.591298 0.385028 0.591897 0.385375 0.592551 0.385738 0.593248 0.386111 0.593976 0.386486 0.594731 0.386863 0.630130 0.404270 0.630772 0.404223 0.644927 0.375437 0.611225 0.357535 0.610484 0.357148 0.609730 0.356771 0.608969 0.356406 0.608214 0.356059 0.607477 0.355736 0.607042 0.355852 0.606997 0.355864 0.605862 0.356167 0.605433 0.356282 0.602606 0.362031
0 0.745232 0.471677 0.763553 0.497919 0.763836 0.498135 0.797321 0.475995 0.798044 0.475512 0.798745 0.475028 0.799422 0.474547 0.800063 0.474077 0.800657 0.473626 0.785870 0.452446 0.782173 0.447151 0.781934 0.447077 0.781048 0.446803 0.780381 0.447222 0.779689 0.447668 0.778984 0.448133 0.778279 0.448610 0.777577 0.449095
0 0.913159 0.121258 0.935502 0.144172 0.936216 0.143632 0.966853 0.114227 0.967507 0.113597 0.968127 0.112996 0.968709 0.112425 0.969243 0.111895 0.969720 0.111417 0.947178 0.088300 0.946633 0.088790 0.944615 0.090607 0.943968 0.091231 0.943312 0.091864 0.942660 0.092495 0.942022 0.093115 0.941402 0.093719
0 0.114559 0.736719 0.127286 0.766163 0.160235 0.752635 0.160968 0.752330 0.161731 0.752004 0.162520 0.751658 0.163321 0.751299 0.164119 0.750932 0.164942 0.750400 0.167091 0.749009 0.167987 0.748428 0.165446 0.742547 0.155278 0.719023 0.154747 0.719230 0.154143 0.719473 0.153477 0.719747 0.152761 0.720050 0.151996 0.720378 0.115787 0.736029
0 0.169079 0.657872 0.209145 0.662807 0.210010 0.662866 0.210865 0.662811 0.211705 0.662645 0.212518 0.662372 0.213287 0.661994 0.219844 0.658291 0.219849 0.655948 0.219861 0.649791 0.219866 0.647205 0.219116 0.646832 0.218323 0.646562 0.217503 0.646397 0.216667 0.646341 0.215823 0.646394 0.176653 0.651062 0.169085 0.654596
0 0.636586 0.841950 0.638240 0.844641 0.638748 0.845466 0.639414 0.846012 0.640095 0.846549 0.640777 0.847069 0.641448 0.847562 0.642105 0.848025 0.671921 0.868632 0.691100 0.842920 0.690358 0.841911 0.658738 0.818326 0.658066 0.817831 0.657424 0.817374 0.656815 0.816957 0.656250 0.816588 0.655739 0.816272
0 0.916292 0.065059 0.948451 0.087904 0.949155 0.088380 0.949876 0.088811 0.950608 0.089195 0.951341 0.089526 0.952061 0.089798 0.970613 0.063682 0.972688 0.060344 0.973248 0.059443 0.972693 0.058893 0.972077 0.058359 0.971411 0.057851 0.970708 0.057377 0.969971 0.056941 0.935501 0.037695 0.916924 0.063846
0 0.819027 0.782955 0.819055 0.783745 0.819617 0.783937 0.821104 0.784444 0.821732 0.784658 0.853827 0.788184 0.853985 0.787449 0.854119 0.786662 0.854227 0.785838 0.854308 0.784990 0.854360 0.784123 0.856161 0.744043 0.855311 0.743872 0.823498 0.740377 0.819191 0.779589 0.819109 0.780439 0.819054 0.781288 0.819027 0.782131
