0 0.463858 0.104205 0.464065 0.105009 0.464285 0.105836 0.464513 0.106674 0.464745 0.107508 0.464982 0.108333 0.475956 0.146223 0.506697 0.137319 0.506820 0.136865 0.496113 0.097271 0.495879 0.096420 0.495644 0.095596 0.495410 0.094805 0.495180 0.094061 0.494959 0.093376 0.463946 0.102359 0.463925 0.102792
0 0.532545 0.097758 0.538116 0.129348 0.538409 0.130123 0.577257 0.123271 0.578092 0.123112 0.578911 0.122927 0.579709 0.122719 0.580474 0.122490 0.581191 0.122244 0.576740 0.097006 0.575627 0.090697 0.575475 0.090065 0.574902 0.087685 0.574132 0.087741 0.573326 0.087833 0.572500 0.087961 0.571667 0.088121 0.570832 0.088313
0 0.573650 0.194620 0.573786 0.195403 0.573940 0.196217 0.574108 0.197048 0.574288 0.197883 0.574479 0.198716 0.583501 0.237118 0.614657 0.229797 0.615006 0.229558 0.606946 0.190093 0.606766 0.189241 0.606577 0.188409 0.606379 0.187603 0.606177 0.186837 0.605974 0.186123 0.599687 0.187600 0.574541 0.193508
0 0.515530 0.752373 0.531350 0.772534 0.535305 0.777574 0.535615 0.777892 0.536643 0.778945 0.537278 0.778509 0.537933 0.778033 0.538598 0.777525 0.539260 0.776995 0.539916 0.776446 0.569851 0.750880 0.550049 0.725645 0.549633 0.725370 0.518599 0.749722 0.517934 0.750252 0.517289 0.750788 0.516666 0.751326 0.516076 0.751857
0 0.381896 0.128100 0.382275 0.128575 0.412928 0.137775 0.424268 0.099993 0.424509 0.099170 0.424737 0.098337 0.424951 0.097500 0.425149 0.096672 0.425326 0.095868 0.425121 0.095466 0.424347 0.093952 0.393422 0.084670 0.393172 0.085351 0.392921 0.086092 0.392673 0.086880 0.392435 0.087701 0.392205 0.088552
0 0.428045 0.447613 0.428559 0.447892 0.464446 0.464270 0.465213 0.464619 0.465958 0.464957 0.466676 0.465281 0.467354 0.465586 0.467982 0.465865 0.470642 0.460037 0.481281 0.436723 0.480993 0.436500 0.479909 0.435662 0.479180 0.435319 0.478425 0.434967 0.477657 0.434614 0.476890 0.434266 0.476129 0.433925 0.441363 0.418431
0 0.165341 0.432524 0.165641 0.433218 0.165980 0.433944 0.166353 0.434689 0.166752 0.435440 0.167176 0.436193 0.187084 0.470712 0.187617 0.470436 0.216034 0.455712 0.197885 0.420687 0.197486 0.419934 0.197074 0.419195 0.196651 0.418473 0.196225 0.417781 0.195803 0.417132 0.195426 0.417244 0.194009 0.417669
0 0.213166 0.295305 0.213629 0.295868 0.214133 0.296470 0.214669 0.297099 0.215229 0.297746 0.215808 0.298405 0.242763 0.328870 0.243096 0.328967 0.267358 0.308095 0.241633 0.278190 0.241073 0.277542 0.240508 0.276893 0.239940 0.276248 0.239380 0.275618 0.238837 0.275013 0.238561 0.274835 0.237644 0.274248 0.218062 0.291093
0 0.903613 0.053292 0.942965 0.056032 0.943823 0.056076 0.944693 0.056084 0.945570 0.056056 0.946439 0.055994 0.947285 0.055897 0.947748 0.055138 0.949490 0.052281 0.951284 0.026513 0.951732 0.020071 0.951027 0.019920 0.950258 0.019803 0.949438 0.019723 0.948582 0.019680 0.947693 0.019676 0.906373 0.020249 0.905835 0.021365
0 0.736576 0.562005 0.737040 0.562525 0.768519 0.568691 0.777773 0.531225 0.777966 0.530405 0.778137 0.529578 0.778286 0.528750 0.778411 0.527935 0.778508 0.527147 0.778054 0.526789 0.776574 0.525623 0.745137 0.519465 0.744922 0.520147 0.744713 0.520883 0.744515 0.521660 0.744330 0.522465 0.744159 0.523293
0 0.525983 0.076357 0.525997 0.076564 0.526071 0.076676 0.531452 0.080155 0.552977 0.094071 0.553093 0.094075 0.553266 0.093981 0.554538 0.092014 0.558013 0.086639 0.559285 0.084671 0.559518 0.084137 0.559698 0.083675 0.559822 0.083293 0.559887 0.082998 0.559893 0.082792 0.558959 0.074859 0.531227 0.056930 0.529434 0.059703 0.526028 0.076054
0 0.369348 0.381518 0.370211 0.387867 0.372801 0.406912 0.373665 0.413260 0.374401 0.413194 0.375182 0.413115 0.375993 0.413024 0.376822 0.412923 0.377664 0.412812 0.416752 0.407496 0.416945 0.407233 0.412622 0.375449 0.373728 0.379812 0.372881 0.379911 0.372041 0.380021 0.371212 0.380140 0.370409 0.380266 0.369645 0.380398 0.369575 0.380661 0.369410 0.381283
0 0.585415 0.659304 0.606985 0.673141 0.612378 0.676600 0.612753 0.676663 0.613652 0.676812 0.613996 0.676868 0.614449 0.676233 0.614910 0.675559 0.615370 0.674857 0.615822 0.674141 0.616262 0.673415 0.636208 0.639930 0.609209 0.622610 0.608753 0.622656 0.587453 0.655859 0.587000 0.656575 0.586565 0.657285 0.586151 0.657985 0.585766 0.658661
0 0.052460 0.546015 0.062300 0.576545 0.063660 0.576254 0.101206 0.564152 0.101997 0.563895 0.102736 0.563650 0.103419 0.563418 0.104036 0.563202 0.104573 0.563008 0.102608 0.556910 0.094747 0.532518 0.090252 0.533189 0.089411 0.533440 0.088573 0.533698 0.087752 0.533958 0.086963 0.534216 0.086210 0.534470
0 0.115770 0.590451 0.136602 0.614843 0.137719 0.614333 0.167716 0.588715 0.168348 0.588169 0.168937 0.587645 0.169480 0.587144 0.169969 0.586676 0.170394 0.586249 0.166234 0.581377 0.153752 0.566761 0.149591 0.561889 0.145789 0.563254 0.145112 0.563784 0.144439 0.564329 0.143782 0.564879 0.143152 0.565425 0.142554 0.565963
0 0.351872 0.812917 0.353374 0.815095 0.356811 0.820077 0.358314 0.822255 0.359162 0.822131 0.359986 0.821896 0.360773 0.821557 0.361509 0.821118 0.362188 0.820580 0.392418 0.793823 0.394875 0.787107 0.393058 0.784473 0.358129 0.802807 0.357402 0.803241 0.356746 0.803761 0.356163 0.804362 0.355662 0.805033 0.355255 0.805765 0.352561 0.811460
0 0.609482 0.358759 0.609531 0.358835 0.629812 0.383594 0.660328 0.358597 0.660988 0.358056 0.661642 0.357519 0.662288 0.356988 0.662914 0.356473 0.663510 0.355981 0.663570 0.355914 0.663706 0.355760 0.663766 0.355692 0.659674 0.350696 0.647398 0.335709 0.643306 0.330714 0.642718 0.331185 0.642096 0.331688 0.641450 0.332215 0.640793 0.332755 0.640128 0.333305
0 0.104680 0.234896 0.104685 0.235731 0.104721 0.236585 0.104788 0.237445 0.104884 0.238294 0.108022 0.241688 0.140049 0.240995 0.140151 0.240378 0.140228 0.239691 0.140278 0.238943 0.140300 0.238150 0.140294 0.237314 0.139440 0.197875 0.138611 0.196802 0.106542 0.197497 0.104706 0.234087
0 0.054337 0.116127 0.064526 0.124900 0.067193 0.126669 0.092796 0.096658 0.093308 0.095985 0.093724 0.095258 0.094042 0.094484 0.094257 0.093674 0.094363 0.092844 0.084871 0.083321 0.077415 0.078374 0.075417 0.077049 0.074676 0.077479 0.073998 0.078004 0.073394 0.078612 0.072875 0.079293 0.072444 0.080045
0 0.027680 0.242447 0.027706 0.243281 0.027769 0.244135 0.027868 0.244992 0.028002 0.245839 0.028889 0.246622 0.030905 0.248400 0.031782 0.249172 0.038181 0.248857 0.057378 0.247909 0.063777 0.247593 0.063885 0.246976 0.063961 0.246287 0.064003 0.245539 0.064010 0.244746 0.063983 0.243910 0.062039 0.204511 0.061023 0.203453 0.028985 0.205035 0.027692 0.241638
0 0.402635 0.341896 0.403214 0.343933 0.403368 0.344474 0.409773 0.344633 0.435392 0.345267 0.435431 0.344616 0.435466 0.343902 0.435498 0.343135 0.435525 0.342330 0.435548 0.341490 0.436524 0.302055 0.436389 0.301219 0.404322 0.300426 0.402716 0.337712 0.402684 0.338533 0.402660 0.339371 0.402643 0.340221 0.402635 0.341067
0 0.159938 0.222757 0.159953 0.223547 0.159995 0.224375 0.160065 0.225226 0.160161 0.226095 0.165093 0.266244 0.165826 0.266391 0.197755 0.264190 0.195043 0.224836 0.194975 0.223983 0.194884 0.223132 0.194773 0.222286 0.194642 0.221461 0.194493 0.220670 0.193953 0.220467 0.192163 0.219797 0.159951 0.222017
0 0.793118 0.722085 0.823519 0.747222 0.824181 0.747769 0.824851 0.748321 0.825525 0.748875 0.826839 0.749949 0.828063 0.750835 0.828394 0.751074 0.848969 0.726191 0.848425 0.725728 0.847831 0.725229 0.847197 0.724702 0.846536 0.724157 0.845849 0.723597 0.813928 0.697623 0.813513 0.697420
0 0.068624 0.127596 0.069013 0.128162 0.069453 0.128780 0.069935 0.129440 0.070452 0.130129 0.071001 0.130845 0.096772 0.164168 0.097458 0.164621 0.123160 0.145550 0.099654 0.113871 0.099137 0.113179 0.098602 0.112475 0.098053 0.111764 0.097499 0.111057 0.096949 0.110366 0.096394 0.109900 0.094554 0.108356 0.089368 0.112204 0.073810 0.123748
0 0.627216 0.484562 0.627422 0.484903 0.658742 0.491836 0.668173 0.454041 0.668374 0.453216 0.668562 0.452390 0.668736 0.451570 0.668894 0.450768 0.669033 0.450000 0.668233 0.449301 0.667991 0.449090 0.661736 0.447705 0.642970 0.443551 0.636714 0.442167 0.636518 0.442870 0.636319 0.443623 0.636122 0.444410 0.635929 0.445219 0.635742 0.446047
0 0.705423 0.123809 0.711426 0.126047 0.735440 0.134996 0.737229 0.131816 0.737777 0.130840 0.738103 0.130020 0.738422 0.129199 0.738727 0.128392 0.739013 0.127614 0.739280 0.126869 0.751072 0.093411 0.721014 0.082209 0.720379 0.083518 0.706603 0.120482 0.706315 0.121261 0.706051 0.121990 0.705811 0.122666 0.705601 0.123276
0 0.634682 0.807801 0.636343 0.810393 0.636792 0.811093 0.637437 0.811660 0.638095 0.812221 0.638754 0.812769 0.639402 0.813292 0.640037 0.813787 0.668831 0.835953 0.689119 0.811106 0.688391 0.810157 0.657836 0.785207 0.657186 0.784682 0.656567 0.784193 0.655979 0.783743 0.655434 0.783339 0.654942 0.782988 0.638734 0.802838
0 0.537811 0.305588 0.543589 0.337141 0.543869 0.337441 0.582671 0.330335 0.583505 0.330177 0.584324 0.330010 0.585122 0.329835 0.585888 0.329655 0.586606 0.329473 0.585452 0.323171 0.580835 0.297963 0.580692 0.297677 0.580153 0.296603 0.579385 0.296706 0.578581 0.296830 0.577756 0.296972 0.576923 0.297131 0.576089 0.297305
0 0.309109 0.301467 0.309137 0.301952 0.309193 0.302339 0.309274 0.302623 0.309380 0.302800 0.309509 0.302867 0.341753 0.309534 0.347140 0.310214 0.347788 0.307080 0.344397 0.296747 0.344312 0.296565 0.344204 0.296496 0.337748 0.295161 0.318378 0.291156 0.311921 0.289821 0.311773 0.289859 0.311607 0.290007 0.311425 0.290266 0.309649 0.298855
0 0.642983 0.886347 0.643165 0.886868 0.658418 0.925414 0.658746 0.926242 0.659063 0.927040 0.659367 0.927803 0.659653 0.928519 0.659916 0.929174 0.683919 0.919631 0.689919 0.917245 0.689663 0.916588 0.689381 0.915871 0.689078 0.915107 0.688760 0.914309 0.688429 0.913482 0.672973 0.875016 0.672723 0.874523
0 0.118629 0.561700 0.119336 0.562305 0.151037 0.568667 0.161751 0.531747 0.161971 0.530949 0.162168 0.530137 0.162341 0.529316 0.162487 0.528500 0.162603 0.527703 0.162116 0.527156 0.160501 0.525347 0.135199 0.520269 0.128873 0.519000 0.128602 0.519643 0.128342 0.520349 0.128097 0.521106 0.127871 0.521900 0.127667 0.522728
0 0.661363 0.329987 0.695076 0.350469 0.695805 0.350903 0.696530 0.351314 0.697247 0.351700 0.697944 0.352053 0.698608 0.352369 0.715241 0.324992 0.715358 0.324554 0.715798 0.322905 0.715160 0.322456 0.714480 0.322004 0.713769 0.321559 0.713041 0.321127 0.712300 0.320711 0.678056 0.301986 0.661400 0.329400
0 0.562370 0.783084 0.566031 0.788342 0.577015 0.804115 0.580676 0.809372 0.581080 0.809763 0.582420 0.811057 0.583091 0.810663 0.583780 0.810229 0.584475 0.809762 0.585165 0.809269 0.585844 0.808755 0.616771 0.784732 0.598440 0.758408 0.597900 0.758042 0.565529 0.780585 0.564837 0.781077 0.564169 0.781579 0.563528 0.782086 0.562925 0.782591
0 0.347357 0.959839 0.373786 0.978387 0.374219 0.977830 0.374678 0.977212 0.375157 0.976544 0.375645 0.975838 0.376142 0.975097 0.399032 0.940467 0.399040 0.939782 0.372843 0.921397 0.350182 0.953686 0.349692 0.954393 0.349202 0.955117 0.348717 0.955853 0.348244 0.956590 0.347791 0.957313
0 0.429254 0.584782 0.429775 0.585754 0.429916 0.586017 0.430626 0.586367 0.431369 0.586724 0.432131 0.587080 0.432900 0.587429 0.433670 0.587771 0.468996 0.603225 0.482403 0.574084 0.482093 0.573755 0.446257 0.557267 0.445487 0.556916 0.444733 0.556578 0.444000 0.556256 0.443299 0.555955 0.442643 0.555680
0 0.873869 0.131838 0.874203 0.132491 0.874598 0.133159 0.875047 0.133832 0.875541 0.134497 0.876079 0.135150 0.901765 0.165089 0.902930 0.164620 0.927275 0.143733 0.905008 0.111977 0.904506 0.111296 0.903970 0.110643 0.903403 0.110022 0.902815 0.109442 0.902215 0.108915 0.898181 0.110979
