0 0.226887 0.622327 0.228616 0.623987 0.235071 0.630184 0.235877 0.629892 0.240728 0.627508 0.241913 0.626925 0.242656 0.626540 0.243342 0.626060 0.243961 0.625496 0.244506 0.624848 0.268205 0.593313 0.265897 0.591096 0.260422 0.593225 0.229162 0.618771 0.228522 0.619356 0.227971 0.620011 0.227509 0.620733 0.227146 0.621509
0 0.642543 0.688742 0.645875 0.693158 0.685351 0.701611 0.686207 0.701745 0.687063 0.701766 0.687915 0.701676 0.688749 0.701475 0.689548 0.701166 0.689787 0.698530 0.690572 0.689867 0.687073 0.686379 0.686218 0.685527 0.685504 0.685090 0.684738 0.684751 0.683935 0.684514 0.683108 0.684384 0.682262 0.684362 0.642832 0.685555
0 0.114803 0.937970 0.124227 0.968632 0.158622 0.960459 0.159387 0.960265 0.160182 0.960032 0.161003 0.959764 0.161835 0.959464 0.162665 0.959138 0.165770 0.955974 0.166595 0.955133 0.157185 0.924512 0.156627 0.924579 0.155994 0.924691 0.155297 0.924846 0.154549 0.925040 0.153752 0.925274 0.116046 0.936863
0 0.761380 0.359728 0.767720 0.360647 0.793082 0.364323 0.795600 0.361915 0.795773 0.361098 0.795928 0.360263 0.796063 0.359422 0.796174 0.358592 0.796261 0.357777 0.799769 0.320741 0.768023 0.316140 0.767360 0.316938 0.761702 0.355978 0.761590 0.356810 0.761501 0.357608 0.761435 0.358369 0.761395 0.359080
0 0.232796 0.545018 0.233094 0.545743 0.233425 0.546491 0.233784 0.547250 0.234164 0.548006 0.234563 0.548754 0.253255 0.582897 0.282057 0.568776 0.282382 0.568274 0.265017 0.532855 0.264637 0.532097 0.264248 0.531362 0.263854 0.530653 0.263460 0.529983 0.263074 0.529363 0.257321 0.532183 0.234311 0.543465 0.233152 0.544653
0 0.730036 0.534604 0.730062 0.535238 0.758989 0.544596 0.760170 0.544084 0.764079 0.542389 0.764382 0.541602 0.764646 0.540794 0.764866 0.539981 0.765038 0.539177 0.765161 0.538386 0.769789 0.502598 0.741038 0.493080 0.739621 0.493821 0.730448 0.531580 0.730270 0.532389 0.730141 0.533167 0.730063 0.533909
0 0.435533 0.754126 0.436066 0.760511 0.438198 0.786049 0.438376 0.786502 0.438848 0.787699 0.439048 0.788206 0.439830 0.788197 0.440647 0.788164 0.441484 0.788107 0.442327 0.788027 0.443170 0.787925 0.481813 0.782789 0.479145 0.750823 0.478809 0.750286 0.439498 0.753567 0.438654 0.753646 0.437827 0.753742 0.437022 0.753856 0.436253 0.753984
0 0.690246 0.563384 0.690293 0.563507 0.730179 0.566098 0.731043 0.566153 0.731893 0.566202 0.732723 0.566246 0.733521 0.566284 0.734269 0.566316 0.735713 0.540526 0.736074 0.534078 0.735671 0.533929 0.735549 0.533884 0.734772 0.533834 0.733957 0.533783 0.733119 0.533732 0.732272 0.533683 0.731420 0.533634 0.692034 0.531430
0 0.757134 0.256567 0.762273 0.260393 0.782829 0.275696 0.783469 0.275096 0.785161 0.273509 0.785875 0.272838 0.786409 0.272153 0.786938 0.271462 0.787454 0.270775 0.787949 0.270106 0.788418 0.269459 0.809398 0.240218 0.783668 0.221063 0.782794 0.222005 0.759238 0.253647 0.758742 0.254316 0.758280 0.254949 0.757852 0.255542 0.757468 0.256084
0 0.610098 0.222716 0.610140 0.223595 0.640086 0.249273 0.640733 0.249815 0.641373 0.250322 0.642004 0.250794 0.642614 0.251221 0.643193 0.251596 0.664045 0.227278 0.664104 0.226640 0.664259 0.224952 0.664324 0.224239 0.663752 0.223665 0.663144 0.223093 0.662512 0.222531 0.661866 0.221991 0.661211 0.221476 0.630978 0.198364
0 0.671255 0.203575 0.673347 0.209631 0.681716 0.233853 0.682320 0.233711 0.682986 0.233533 0.683704 0.233323 0.684462 0.233084 0.685254 0.232817 0.722539 0.219934 0.723410 0.219171 0.712934 0.188853 0.677846 0.199363 0.677073 0.199603 0.676281 0.199869 0.675477 0.200158 0.674673 0.200465 0.673885 0.200785 0.671807 0.202989
0 0.143134 0.381572 0.143456 0.381701 0.144648 0.382176 0.145444 0.382387 0.146268 0.382603 0.147105 0.382821 0.147942 0.383036 0.148773 0.383248 0.187007 0.392958 0.194884 0.361938 0.194564 0.361719 0.155026 0.351266 0.154173 0.351042 0.153344 0.350830 0.152543 0.350629 0.151784 0.350444 0.151082 0.350278 0.149492 0.356537
0 0.725618 0.189875 0.725709 0.190707 0.725908 0.191521 0.726211 0.192301 0.734921 0.193067 0.737255 0.193272 0.741675 0.187555 0.742806 0.186092 0.743251 0.185360 0.743596 0.184576 0.743836 0.183753 0.743967 0.182907 0.743986 0.182040 0.742656 0.141693 0.739393 0.141406 0.733921 0.149607 0.725765 0.188201 0.725637 0.189038
0 0.158087 0.413839 0.162650 0.445590 0.163797 0.445658 0.202843 0.440046 0.203670 0.439924 0.204451 0.439800 0.205184 0.439676 0.205855 0.439553 0.206453 0.439433 0.205542 0.433092 0.201896 0.407725 0.198200 0.407185 0.197351 0.407280 0.196494 0.407386 0.195646 0.407501 0.194822 0.407624 0.194025 0.407754
0 0.050173 0.045742 0.051554 0.048741 0.066121 0.065726 0.066406 0.066039 0.066642 0.066248 0.066828 0.066354 0.066961 0.066356 0.090231 0.055641 0.096048 0.052962 0.096109 0.052866 0.095028 0.050516 0.091472 0.042796 0.091098 0.042213 0.090753 0.041709 0.090445 0.041292 0.090177 0.040967 0.089952 0.040739 0.080170 0.031929
0 0.126404 0.837475 0.126444 0.838331 0.128868 0.839392 0.136837 0.842879 0.137493 0.842327 0.145779 0.834504 0.146343 0.833886 0.146822 0.833199 0.147207 0.832455 0.147495 0.831659 0.158847 0.793880 0.155915 0.792597 0.147867 0.799439 0.127350 0.834209 0.126952 0.834978 0.126661 0.835784 0.126477 0.836621
0 0.208347 0.440866 0.215864 0.445719 0.217879 0.447019 0.219192 0.447267 0.223060 0.447995 0.224326 0.448233 0.225045 0.447803 0.225701 0.447283 0.226283 0.446681 0.226783 0.446009 0.227195 0.445270 0.244447 0.409795 0.241758 0.408059 0.235718 0.405906 0.209902 0.436942 0.209385 0.437638 0.208969 0.438387 0.208654 0.439184 0.208444 0.440015
0 0.047716 0.742266 0.048267 0.742789 0.048876 0.743311 0.049532 0.743823 0.050225 0.744317 0.050951 0.744789 0.084837 0.765982 0.085469 0.765149 0.104512 0.739427 0.072808 0.715955 0.072114 0.715459 0.071405 0.714994 0.070686 0.714560 0.069967 0.714166 0.069263 0.713819 0.068721 0.714398 0.067476 0.715729 0.066928 0.716315
0 0.249198 0.413410 0.249667 0.413997 0.250175 0.414614 0.250713 0.415249 0.251272 0.415891 0.251847 0.416537 0.278554 0.446210 0.278805 0.446040 0.303071 0.425173 0.277351 0.395263 0.276792 0.394619 0.276231 0.393983 0.275671 0.393360 0.275120 0.392760 0.274589 0.392193 0.274398 0.392227 0.273892 0.392319 0.273679 0.392358 0.268782 0.396568
0 0.536917 0.433064 0.558155 0.457103 0.587518 0.431220 0.588157 0.430656 0.588792 0.430095 0.589420 0.429540 0.590028 0.429002 0.590608 0.428488 0.590669 0.428420 0.590829 0.428241 0.590895 0.428167 0.573928 0.408961 0.569686 0.404160 0.569580 0.404190 0.569337 0.404260 0.569230 0.404291 0.568646 0.404799 0.568035 0.405335 0.567407 0.405889 0.566772 0.406451 0.566136 0.407017
0 0.796507 0.652933 0.803809 0.691699 0.803976 0.692536 0.804162 0.693366 0.804366 0.694184 0.804584 0.694977 0.804814 0.695730 0.806982 0.695960 0.813328 0.694765 0.832366 0.691179 0.838712 0.689983 0.838633 0.689238 0.838521 0.688448 0.838381 0.687629 0.838213 0.686794 0.838020 0.685948 0.828633 0.646964 0.827958 0.647009
0 0.900898 0.890123 0.901510 0.891253 0.921666 0.916207 0.954599 0.894745 0.955303 0.894262 0.955975 0.893745 0.956609 0.893197 0.957196 0.892629 0.957725 0.892050 0.957180 0.891215 0.955162 0.888126 0.951136 0.883142 0.935032 0.863206 0.934345 0.863528 0.933645 0.863908 0.932945 0.864340 0.932257 0.864817 0.931585 0.865336
0 0.449863 0.216005 0.450179 0.216322 0.477423 0.233115 0.498123 0.199535 0.498566 0.198805 0.498998 0.198071 0.499415 0.197338 0.499811 0.196616 0.500179 0.195920 0.500016 0.195626 0.499475 0.194653 0.471989 0.177711 0.471565 0.178325 0.471127 0.178990 0.470684 0.179692 0.470242 0.180421 0.469805 0.181172
0 0.728179 0.465651 0.728603 0.466161 0.729091 0.466695 0.729634 0.467244 0.730222 0.467799 0.730853 0.468357 0.760835 0.494153 0.761957 0.494115 0.782053 0.469975 0.755367 0.443738 0.754771 0.443170 0.754143 0.442614 0.753488 0.442072 0.752818 0.441555 0.752142 0.441071 0.749135 0.441503 0.748336 0.441618 0.732219 0.460834
0 0.486373 0.014446 0.486528 0.015912 0.499301 0.053235 0.499574 0.054019 0.499841 0.054748 0.500098 0.055418 0.500343 0.056018 0.500570 0.056536 0.506632 0.054462 0.524817 0.048239 0.530878 0.046164 0.530834 0.045034 0.530688 0.041292 0.530436 0.040446 0.530172 0.039606 0.529900 0.038788 0.529626 0.038005 0.529351 0.037263 0.516722 0.004060
0 0.809534 0.407332 0.811703 0.413360 0.818213 0.431445 0.820383 0.437473 0.823296 0.436745 0.823380 0.436724 0.824190 0.436521 0.825005 0.436239 0.825823 0.435951 0.826631 0.435662 0.827414 0.435379 0.828167 0.435102 0.862077 0.422537 0.851213 0.392355 0.850054 0.392730 0.812937 0.406090 0.812153 0.406373 0.811413 0.406641 0.810722 0.406893 0.810092 0.407125
0 0.779869 0.575991 0.784580 0.601182 0.785758 0.607479 0.786590 0.607620 0.788584 0.607956 0.789347 0.608084 0.790189 0.607959 0.791038 0.607821 0.791879 0.607671 0.792699 0.607512 0.793491 0.607346 0.829250 0.599564 0.823353 0.568033 0.822240 0.567949 0.783465 0.575201 0.782644 0.575359 0.781866 0.575519 0.781137 0.575679 0.780467 0.575837
0 0.661693 0.328135 0.661698 0.328933 0.661717 0.329759 0.661749 0.330599 0.661796 0.331449 0.664227 0.370821 0.664624 0.370913 0.696641 0.368936 0.695594 0.329466 0.695564 0.328608 0.695519 0.327761 0.695458 0.326928 0.695383 0.326123 0.695295 0.325363 0.693676 0.325404 0.687281 0.325799 0.668097 0.326984 0.661703 0.327379
0 0.509199 0.753949 0.509405 0.754168 0.510087 0.754892 0.535785 0.774439 0.536275 0.773860 0.536780 0.773235 0.537292 0.772577 0.537802 0.771897 0.538306 0.771198 0.561291 0.738811 0.535760 0.719391 0.535446 0.719200 0.511564 0.750597 0.511052 0.751278 0.510556 0.751961 0.510076 0.752641 0.509621 0.753308
0 0.765369 0.442901 0.784887 0.468302 0.785658 0.468054 0.787433 0.467483 0.788213 0.467231 0.788903 0.466739 0.789595 0.466231 0.790276 0.465716 0.790935 0.465203 0.791568 0.464695 0.820045 0.441541 0.800501 0.416106 0.799513 0.416531 0.768234 0.440565 0.767572 0.441078 0.766950 0.441573 0.766368 0.442047 0.765838 0.442492
0 0.411253 0.256890 0.411803 0.260146 0.415075 0.271567 0.415135 0.271760 0.415177 0.271842 0.446788 0.266504 0.446792 0.266479 0.446778 0.266347 0.446745 0.266106 0.446355 0.263796 0.444899 0.255175 0.444807 0.254678 0.444731 0.254273 0.444671 0.253968 0.444629 0.253766 0.444605 0.253672 0.443816 0.251391
0 0.571317 0.270902 0.571423 0.271666 0.571544 0.272468 0.571677 0.273292 0.571821 0.274126 0.571974 0.274964 0.579245 0.313736 0.579496 0.313691 0.611024 0.307779 0.604653 0.268482 0.604510 0.267631 0.604358 0.266794 0.604198 0.265976 0.604033 0.265193 0.603865 0.264456 0.597518 0.265646 0.578478 0.269217 0.572131 0.270408 0.571506 0.270787
0 0.500525 0.203590 0.500734 0.204585 0.522337 0.237592 0.522801 0.238290 0.523254 0.238950 0.523694 0.239567 0.524114 0.240131 0.524506 0.240633 0.545949 0.226599 0.551309 0.223090 0.551233 0.222320 0.551050 0.220475 0.550979 0.219768 0.550553 0.219045 0.550106 0.218318 0.549647 0.217600 0.549184 0.216904 0.548718 0.216233 0.527364 0.186024
0 0.705653 0.496404 0.715876 0.526762 0.716504 0.526717 0.718864 0.526545 0.719663 0.526296 0.720474 0.526035 0.721283 0.525768 0.722075 0.525497 0.722845 0.525227 0.757727 0.512804 0.747490 0.482404 0.746563 0.482567 0.709179 0.495156 0.708385 0.495426 0.707628 0.495688 0.706912 0.495941 0.706250 0.496181
0 0.205144 0.703763 0.228852 0.734009 0.229380 0.734662 0.229933 0.735300 0.230505 0.735918 0.231089 0.736507 0.231673 0.737055 0.234672 0.736186 0.239456 0.731925 0.253807 0.719140 0.258591 0.714878 0.258204 0.714284 0.257764 0.713665 0.257280 0.713031 0.256760 0.712393 0.256206 0.711754 0.229966 0.682299 0.229096 0.682426
0 0.451804 0.258699 0.452245 0.259443 0.486197 0.279526 0.486924 0.279949 0.487631 0.280344 0.488314 0.280708 0.488961 0.281036 0.489561 0.281321 0.492823 0.275807 0.505870 0.253750 0.505637 0.253196 0.504995 0.251672 0.504758 0.251112 0.504073 0.250656 0.503362 0.250204 0.502637 0.249764 0.501911 0.249342 0.501188 0.248943 0.468135 0.231090
0 0.396897 0.755201 0.397426 0.759148 0.420509 0.782764 0.422871 0.780455 0.428435 0.769257 0.428517 0.769056 0.428521 0.768934 0.424039 0.764348 0.410594 0.750593 0.406112 0.746008 0.406050 0.745977 0.405911 0.746026 0.405696 0.746153 0.404021 0.747790 0.397768 0.753902 0.397448 0.754298 0.397198 0.754630 0.397020 0.754894 0.396919 0.755085
0 0.764031 0.042064 0.776621 0.079448 0.776936 0.080234 0.777345 0.080964 0.777846 0.081635 0.778431 0.082235 0.779088 0.082753 0.786979 0.078986 0.789093 0.077976 0.795857 0.068103 0.795868 0.067246 0.795766 0.066395 0.795555 0.065565 0.795237 0.064769 0.794814 0.064013 0.773164 0.029939 0.770209 0.031350
0 0.788721 0.062169 0.813486 0.092874 0.814027 0.093519 0.814579 0.094114 0.815137 0.094658 0.815693 0.095141 0.816237 0.095554 0.821224 0.091532 0.841171 0.075444 0.841603 0.074420 0.842637 0.071968 0.843032 0.071029 0.842601 0.070323 0.842124 0.069626 0.841610 0.068950 0.841069 0.068308 0.840504 0.067703 0.814104 0.040735 0.789136 0.060873
0 0.742913 0.287853 0.742919 0.287910 0.745570 0.293743 0.753526 0.311244 0.756178 0.317077 0.756277 0.317070 0.756477 0.317014 0.758610 0.316045 0.764437 0.313396 0.766570 0.312426 0.767050 0.312172 0.767447 0.311954 0.767753 0.311776 0.767963 0.311641 0.768075 0.311550 0.771357 0.308142 0.757691 0.278079 0.754684 0.279445 0.743205 0.287598 0.743008 0.287749
