0 0.308837 0.231260 0.320307 0.261216 0.321074 0.261621 0.357913 0.247515 0.358698 0.247204 0.359451 0.246882 0.360168 0.246551 0.360837 0.246215 0.361446 0.245881 0.359155 0.239897 0.352283 0.221948 0.349992 0.215965 0.349425 0.215554 0.347546 0.214193 0.346771 0.214421 0.345979 0.214682 0.345185 0.214970 0.344403 0.215281 0.343636 0.215613
0 0.184602 0.651951 0.210351 0.654000 0.216789 0.654512 0.217240 0.654537 0.218419 0.654601 0.218911 0.654627 0.219059 0.653878 0.219192 0.653085 0.219307 0.652263 0.219403 0.651426 0.219480 0.650578 0.222609 0.611255 0.222009 0.611124 0.190033 0.608579 0.184861 0.647848 0.184759 0.648702 0.184682 0.649547 0.184629 0.650380 0.184603 0.651186
0 0.363011 0.767299 0.394171 0.790664 0.394856 0.791164 0.395553 0.791644 0.396257 0.792101 0.396956 0.792526 0.397639 0.792911 0.398088 0.792545 0.399150 0.791679 0.399552 0.791351 0.403124 0.786032 0.417411 0.764757 0.416856 0.764279 0.416250 0.763790 0.415605 0.763297 0.414932 0.762809 0.414233 0.762329 0.381484 0.740338 0.380894 0.740669
0 0.839158 0.798561 0.842293 0.837884 0.842371 0.838738 0.842475 0.839596 0.842602 0.840452 0.842750 0.841293 0.842919 0.842105 0.843524 0.842423 0.844976 0.843185 0.845531 0.843476 0.871280 0.841424 0.877717 0.840911 0.877729 0.840185 0.877710 0.839402 0.877661 0.838578 0.877581 0.837726 0.877472 0.836851 0.871875 0.796307 0.871062 0.796018
0 0.234524 0.236105 0.235137 0.237552 0.235301 0.237936 0.236077 0.238151 0.236887 0.238357 0.237719 0.238552 0.238556 0.238732 0.239396 0.238896 0.278174 0.246134 0.284046 0.214673 0.283935 0.214095 0.244470 0.205060 0.243616 0.204873 0.242778 0.204708 0.241962 0.204567 0.241181 0.204452 0.240449 0.204365 0.235709 0.229757
0 0.356497 0.270003 0.356657 0.270660 0.357076 0.272377 0.357251 0.273094 0.387995 0.282092 0.388229 0.281491 0.388470 0.280822 0.388714 0.280099 0.388958 0.279334 0.389199 0.278530 0.400280 0.240671 0.400161 0.239711 0.369375 0.230700 0.357630 0.265969 0.357379 0.266748 0.357137 0.267550 0.356907 0.268369 0.356692 0.269192
0 0.354989 0.802021 0.357710 0.842548 0.357775 0.843422 0.357851 0.844273 0.357938 0.845096 0.358035 0.845877 0.358140 0.846601 0.364568 0.845982 0.390279 0.843506 0.390512 0.843183 0.391270 0.842132 0.391239 0.841322 0.391194 0.840481 0.391138 0.839626 0.391072 0.838769 0.390994 0.837917 0.387213 0.798651 0.355355 0.801719
0 0.385514 0.201317 0.385657 0.202097 0.386032 0.204133 0.386189 0.204983 0.392503 0.206068 0.417760 0.210406 0.417906 0.209810 0.418055 0.209141 0.418205 0.208410 0.418353 0.207632 0.418499 0.206809 0.425177 0.167931 0.425072 0.166795 0.393458 0.161365 0.386191 0.197160 0.386036 0.197954 0.385889 0.198775 0.385752 0.199619 0.385626 0.200472
0 0.743019 0.439069 0.743725 0.439520 0.744483 0.439875 0.745282 0.440127 0.746106 0.440274 0.746952 0.440312 0.786397 0.439906 0.793097 0.438500 0.793458 0.435245 0.754159 0.426006 0.753306 0.425855 0.752450 0.425817 0.751596 0.425890 0.750759 0.426075 0.749591 0.426419 0.746152 0.427433 0.745027 0.427765 0.744239 0.428050
0 0.761474 0.759626 0.763927 0.798998 0.763989 0.799851 0.764069 0.800706 0.764168 0.801556 0.764283 0.802388 0.764413 0.803187 0.765954 0.804000 0.766427 0.804249 0.792207 0.802642 0.798652 0.802240 0.798662 0.801505 0.798648 0.800717 0.798609 0.799890 0.798547 0.799038 0.798461 0.798166 0.794060 0.757837 0.793416 0.757636
0 0.718305 0.951678 0.718336 0.952223 0.718390 0.952853 0.718465 0.953556 0.718561 0.954320 0.718677 0.955141 0.724431 0.994166 0.724998 0.995672 0.756732 0.990993 0.752837 0.956088 0.752743 0.955308 0.752629 0.954489 0.752494 0.953634 0.752342 0.952760 0.752176 0.951881 0.749997 0.947005 0.743658 0.947939 0.724644 0.950743
0 0.361075 0.700141 0.361090 0.700613 0.361130 0.701860 0.361147 0.702387 0.361814 0.702818 0.362518 0.703248 0.363247 0.703670 0.363987 0.704077 0.364734 0.704465 0.399121 0.721886 0.414829 0.693918 0.414687 0.693290 0.380293 0.673972 0.379552 0.673564 0.378821 0.673181 0.378104 0.672823 0.377414 0.672498 0.376763 0.672211 0.373625 0.677797
0 0.451587 0.876532 0.452339 0.878986 0.452542 0.879648 0.453326 0.879801 0.454144 0.879929 0.454980 0.880028 0.455822 0.880097 0.456662 0.880136 0.495166 0.881294 0.498277 0.849368 0.497898 0.848538 0.458636 0.844713 0.457793 0.844642 0.456970 0.844601 0.456170 0.844588 0.455406 0.844604 0.454694 0.844649 0.454072 0.851025
0 0.912289 0.950367 0.914183 0.952436 0.919970 0.958757 0.921935 0.960903 0.924219 0.962241 0.929657 0.965425 0.931726 0.966636 0.932442 0.966164 0.933089 0.965603 0.933658 0.964962 0.934138 0.964253 0.934527 0.963478 0.950584 0.926439 0.940284 0.916691 0.937522 0.915073 0.913640 0.946471 0.913166 0.947172 0.912792 0.947920 0.912518 0.948712 0.912349 0.949532
0 0.151699 0.421534 0.165839 0.450326 0.166943 0.450269 0.202351 0.432881 0.203100 0.432506 0.203806 0.432136 0.204465 0.431772 0.205066 0.431421 0.205599 0.431090 0.202775 0.425339 0.191479 0.402336 0.188682 0.402197 0.188601 0.402193 0.187824 0.402155 0.187046 0.402487 0.186265 0.402839 0.185494 0.403206 0.184747 0.403581 0.184029 0.403962
0 0.353788 0.552100 0.383592 0.563961 0.383999 0.563458 0.398584 0.526806 0.398893 0.526021 0.399186 0.525260 0.399461 0.524525 0.399715 0.523829 0.399941 0.523185 0.370177 0.511341 0.368650 0.512681 0.368329 0.513425 0.368007 0.514195 0.367689 0.514978 0.367382 0.515762 0.367086 0.516540
0 0.429432 0.438505 0.430132 0.438709 0.430878 0.438924 0.431659 0.439145 0.432460 0.439369 0.433278 0.439593 0.471332 0.449986 0.471639 0.449974 0.480089 0.419029 0.442666 0.408296 0.441850 0.408065 0.441034 0.407840 0.440224 0.407622 0.439433 0.407415 0.438677 0.407224 0.438505 0.407304 0.438058 0.407514 0.437871 0.407602
0 0.211612 0.832566 0.233114 0.865545 0.233593 0.866254 0.234096 0.866936 0.234620 0.867589 0.235155 0.868201 0.235691 0.868761 0.236370 0.868329 0.237975 0.867307 0.238581 0.866920 0.243673 0.863032 0.264041 0.847478 0.263692 0.846807 0.263295 0.846117 0.262856 0.845420 0.262383 0.844728 0.261878 0.844044 0.237936 0.812693 0.237106 0.813098
0 0.478634 0.751948 0.478727 0.752620 0.478983 0.754465 0.479078 0.755144 0.479437 0.755905 0.479811 0.756673 0.480194 0.757435 0.480579 0.758177 0.480964 0.758896 0.498584 0.791326 0.527138 0.776712 0.526901 0.775741 0.508930 0.740625 0.508545 0.739881 0.508171 0.739175 0.507810 0.738511 0.507468 0.737900 0.507150 0.737354
0 0.834816 0.752450 0.835607 0.753030 0.837781 0.754624 0.838582 0.755211 0.839308 0.755712 0.840033 0.756210 0.840745 0.756697 0.841430 0.757164 0.842085 0.757608 0.871483 0.777522 0.889572 0.751031 0.860297 0.730938 0.859644 0.730491 0.858960 0.730023 0.858248 0.729537 0.857520 0.729042 0.856791 0.728547 0.855873 0.727948 0.853787 0.726587 0.852881 0.725996 0.838429 0.747159
0 0.206415 0.878582 0.222541 0.915296 0.222903 0.916085 0.223289 0.916844 0.223697 0.917569 0.224119 0.918248 0.224547 0.918868 0.230252 0.915841 0.253068 0.903732 0.253671 0.903264 0.255637 0.901735 0.255388 0.900984 0.255097 0.900213 0.254770 0.899435 0.254412 0.898665 0.254024 0.897905 0.235532 0.863060 0.207261 0.878063
0 0.351411 0.065715 0.352473 0.072033 0.356722 0.097306 0.357461 0.097322 0.358242 0.097301 0.359053 0.097244 0.359880 0.097152 0.360719 0.097026 0.399620 0.090485 0.399772 0.089490 0.394454 0.057856 0.355619 0.061262 0.354774 0.061352 0.353938 0.061477 0.353113 0.061637 0.352316 0.061828 0.351560 0.062048 0.351528 0.062828 0.351445 0.064865
0 0.895597 0.629537 0.896416 0.630210 0.927787 0.636906 0.938761 0.600034 0.938986 0.599224 0.939177 0.598402 0.939332 0.597574 0.939451 0.596753 0.939529 0.595954 0.938783 0.595470 0.936350 0.593893 0.905021 0.587206 0.904742 0.587863 0.904480 0.588579 0.904238 0.589341 0.904022 0.590136 0.903832 0.590959
0 0.000000 0.238686 0.015492 0.263433 0.015806 0.263890 0.016190 0.264405 0.016637 0.264969 0.017139 0.265571 0.017682 0.266196 0.018262 0.266837 0.018870 0.267485 0.019494 0.268129 0.020589 0.268792 0.024159 0.270953 0.048150 0.249725 0.047833 0.249282 0.047450 0.248781 0.047007 0.248232 0.046512 0.247644 0.045967 0.247019 0.019826 0.217477 0.018478 0.216545 0.000000 0.237802
0 0.686239 0.823340 0.686880 0.824024 0.688356 0.825598 0.689005 0.826290 0.689806 0.826584 0.690622 0.826861 0.691438 0.827118 0.692240 0.827349 0.693023 0.827553 0.728502 0.836348 0.737697 0.805617 0.736789 0.804813 0.698997 0.793505 0.698194 0.793273 0.697428 0.793070 0.696702 0.792896 0.696029 0.792755 0.695422 0.792650 0.693585 0.798788 0.688075 0.817202
0 0.485473 0.391149 0.485862 0.391771 0.486280 0.392430 0.486718 0.393116 0.487171 0.393816 0.487634 0.394527 0.509255 0.427521 0.509487 0.427679 0.536318 0.410098 0.515379 0.377157 0.514921 0.376441 0.514459 0.375731 0.513996 0.375032 0.513541 0.374356 0.513102 0.373714 0.512906 0.373685 0.512267 0.373591 0.490832 0.387637
0 0.707490 0.739397 0.707493 0.739426 0.707577 0.739531 0.707743 0.739714 0.717313 0.749981 0.719720 0.752241 0.742323 0.728165 0.739015 0.725047 0.738114 0.724200 0.737716 0.723826 0.731519 0.718008 0.729436 0.716053 0.729420 0.716038
0 0.638931 0.832870 0.640385 0.835720 0.640831 0.836593 0.641332 0.837303 0.641840 0.838011 0.642346 0.838705 0.642842 0.839373 0.643323 0.840010 0.665122 0.868632 0.690952 0.849611 0.690290 0.848508 0.666899 0.816743 0.666403 0.816073 0.665934 0.815446 0.665493 0.814864 0.665088 0.814337 0.664726 0.813875
0 0.302588 0.206049 0.302861 0.206892 0.303483 0.208807 0.303754 0.209640 0.328279 0.217073 0.334411 0.218931 0.334668 0.218352 0.334930 0.217702 0.335192 0.216993 0.335449 0.216237 0.335699 0.215438 0.347140 0.177686 0.346904 0.176583 0.316206 0.167280 0.303747 0.202012 0.303481 0.202782 0.303230 0.203580 0.302995 0.204400 0.302779 0.205228
0 0.793861 0.827529 0.794021 0.828074 0.794220 0.828693 0.794455 0.829372 0.794722 0.830102 0.795021 0.830878 0.809404 0.867610 0.810248 0.868805 0.840118 0.857109 0.828334 0.823542 0.828065 0.822797 0.827768 0.822022 0.827446 0.821223 0.827104 0.820413 0.826748 0.819607 0.824399 0.816720 0.823690 0.815849 0.817724 0.818185
0 0.055091 0.123529 0.065263 0.132133 0.067979 0.133827 0.092734 0.103114 0.093228 0.102427 0.093623 0.101689 0.093919 0.100906 0.094111 0.100090 0.094194 0.099257 0.084698 0.089884 0.082453 0.088483 0.075073 0.083878 0.074344 0.084330 0.073681 0.084872 0.073094 0.085497 0.072594 0.086193 0.072184 0.086956
0 0.555279 0.900366 0.555451 0.900798 0.555848 0.901793 0.556023 0.902230 0.562311 0.903700 0.587464 0.909578 0.587663 0.908884 0.587862 0.908129 0.588058 0.907327 0.588247 0.906492 0.588428 0.905629 0.596568 0.865507 0.596261 0.865052 0.565096 0.857769 0.556120 0.896182 0.555929 0.897018 0.555748 0.897864 0.555578 0.898713 0.555420 0.899552
0 0.425759 0.500109 0.454533 0.514287 0.454806 0.513909 0.472241 0.478523 0.472614 0.477764 0.472974 0.477024 0.473321 0.476306 0.473648 0.475622 0.473949 0.474985 0.468202 0.472153 0.445214 0.460826 0.444975 0.461034 0.444426 0.461512 0.444185 0.461723 0.443821 0.462430 0.443449 0.463168 0.443074 0.463922 0.442703 0.464680 0.442338 0.465437
0 0.736425 0.643266 0.736719 0.643891 0.761546 0.664203 0.787798 0.635401 0.788362 0.634766 0.788906 0.634118 0.789426 0.633460 0.789914 0.632803 0.790361 0.632160 0.788922 0.630086 0.764128 0.609802 0.763598 0.610309 0.763051 0.610865 0.762498 0.611460 0.761948 0.612084 0.761404 0.612735
0 0.160328 0.702322 0.190000 0.725408 0.190660 0.725905 0.191348 0.726387 0.192059 0.726850 0.192781 0.727286 0.193502 0.727688 0.194250 0.727467 0.197018 0.726647 0.215012 0.700144 0.214525 0.699684 0.213974 0.699208 0.213369 0.698724 0.212720 0.698240 0.212031 0.697759 0.179394 0.675601 0.178346 0.675784
0 0.673962 0.524073 0.674431 0.524529 0.674952 0.525022 0.675517 0.525544 0.676114 0.526085 0.676742 0.526643 0.706331 0.552732 0.707089 0.553108 0.728304 0.529047 0.700862 0.503681 0.700255 0.503126 0.699629 0.502568 0.698988 0.502011 0.698343 0.501463 0.697705 0.500936 0.697105 0.500727 0.695741 0.500252 0.695148 0.500046 0.690911 0.504851
0 0.418311 0.917013 0.456077 0.924905 0.456904 0.925062 0.457739 0.925187 0.458576 0.925278 0.459402 0.925333 0.460200 0.925353 0.461493 0.922847 0.461836 0.922181 0.462675 0.915829 0.466030 0.890422 0.465346 0.890203 0.464606 0.890003 0.463824 0.889826 0.463012 0.889675 0.462175 0.889551 0.423067 0.884388 0.422510 0.885211
0 0.152791 0.230010 0.157974 0.236212 0.158128 0.236355 0.158385 0.236529 0.158742 0.236731 0.159193 0.236958 0.159731 0.237207 0.168100 0.239738 0.170342 0.240416 0.170520 0.240384 0.170591 0.240314 0.172446 0.234181 0.179866 0.209647 0.179835 0.209524 0.179696 0.209366 0.179449 0.209174 0.165512 0.199357 0.162351 0.198401
