0 0.826298 0.302826 0.847368 0.336175 0.847832 0.336884 0.848310 0.337562 0.848800 0.338204 0.849293 0.338801 0.849783 0.339341 0.855199 0.335919 0.876864 0.322230 0.877341 0.321695 0.878651 0.320225 0.879134 0.319683 0.878784 0.318973 0.878389 0.318251 0.877956 0.317531 0.877493 0.316824 0.877002 0.316134 0.853952 0.284918 0.826834 0.302052
0 0.499105 0.703586 0.499289 0.703810 0.499345 0.703878 0.505693 0.705061 0.531086 0.709793 0.531239 0.709051 0.531394 0.708264 0.531550 0.707445 0.531703 0.706609 0.531854 0.705760 0.538671 0.666629 0.507137 0.660753 0.507050 0.660767 0.499824 0.699547 0.499669 0.700384 0.499519 0.701215 0.499373 0.702035 0.499234 0.702830
0 0.322831 0.380684 0.323190 0.381462 0.323647 0.382187 0.324195 0.382846 0.324824 0.383428 0.325531 0.383928 0.328735 0.386059 0.329517 0.386579 0.362935 0.407540 0.364950 0.405053 0.337505 0.376717 0.336884 0.376143 0.336135 0.375574 0.333070 0.373247 0.332370 0.372753 0.331612 0.372353 0.330808 0.372056 0.329972 0.371868 0.328306 0.373924
0 0.258645 0.658396 0.263347 0.662822 0.277453 0.676100 0.282156 0.680526 0.282326 0.680431 0.282955 0.680078 0.283506 0.679508 0.284080 0.678912 0.284666 0.678299 0.285253 0.677680 0.285840 0.677059 0.312878 0.648335 0.289573 0.626399 0.289359 0.626405 0.261435 0.655409 0.260833 0.656038 0.260247 0.656658 0.259680 0.657264 0.259143 0.657847
0 0.507387 0.217305 0.507726 0.218093 0.544202 0.233112 0.544986 0.233425 0.545751 0.233709 0.546496 0.233962 0.547206 0.234181 0.547870 0.234361 0.550310 0.228437 0.557628 0.210664 0.560067 0.204740 0.559906 0.204140 0.559299 0.201886 0.558574 0.201523 0.557816 0.201171 0.557040 0.200836 0.556258 0.200525 0.555475 0.200239 0.519600 0.187644
0 0.103514 0.603055 0.135064 0.612805 0.143902 0.614189 0.144101 0.614173 0.144330 0.614052 0.144587 0.613829 0.144868 0.613507 0.145168 0.613092 0.145860 0.610854 0.147678 0.604971 0.147750 0.604738 0.148441 0.602500 0.148362 0.602201 0.148242 0.602002 0.148083 0.601905 0.141958 0.600012 0.123581 0.594333 0.117455 0.592440 0.117242 0.592443 0.116994 0.592551 0.104489 0.599900
0 0.815727 0.813182 0.819053 0.821268 0.819945 0.823435 0.825907 0.829459 0.827433 0.831000 0.828288 0.831059 0.829143 0.831004 0.829984 0.830839 0.830796 0.830566 0.831574 0.830185 0.866789 0.810446 0.865543 0.807417 0.857183 0.800390 0.819163 0.810900 0.818360 0.811171 0.817609 0.811540 0.816912 0.812003 0.816280 0.812553
0 0.902581 0.278516 0.936042 0.299408 0.936774 0.299849 0.937520 0.300263 0.938277 0.300647 0.939031 0.300995 0.939770 0.301302 0.941566 0.299550 0.942116 0.299013 0.945536 0.293536 0.955796 0.277103 0.959216 0.271625 0.958632 0.271157 0.957987 0.270691 0.957293 0.270234 0.956563 0.269795 0.955799 0.269376 0.920158 0.250599 0.919531 0.251369
0 0.854414 0.373774 0.884047 0.385864 0.884775 0.385962 0.901990 0.349398 0.902352 0.348604 0.902684 0.347818 0.902984 0.347044 0.903247 0.346298 0.903467 0.345590 0.873572 0.333393 0.871648 0.333452 0.871136 0.333468 0.870750 0.334172 0.870369 0.334914 0.869999 0.335682 0.869647 0.336462 0.869316 0.337250
0 0.327100 0.330974 0.328515 0.333958 0.335370 0.342914 0.335494 0.343058 0.335568 0.343102 0.341362 0.340355 0.364534 0.329365 0.364544 0.329317 0.364505 0.329171 0.364419 0.328927 0.363416 0.326811 0.360673 0.321027 0.359669 0.318910 0.359435 0.318478 0.359239 0.318132 0.359087 0.317878 0.358979 0.317719 0.358917 0.317659 0.356938 0.316822
0 0.747708 0.803546 0.747740 0.803965 0.747819 0.804293 0.747945 0.804525 0.748118 0.804659 0.757266 0.808977 0.787464 0.822339 0.788800 0.819319 0.782620 0.806007 0.782471 0.805771 0.782280 0.805639 0.776416 0.803044 0.758827 0.795261 0.752964 0.792667 0.752749 0.792644 0.752497 0.792724 0.752211 0.792907 0.751263 0.795049 0.748673 0.800902 0.747725 0.803045
0 0.505536 0.562738 0.520391 0.583620 0.524105 0.588840 0.524376 0.588825 0.525091 0.588783 0.525393 0.588765 0.526048 0.588321 0.526725 0.587852 0.527413 0.587368 0.528099 0.586876 0.528780 0.586379 0.559870 0.563541 0.541275 0.537403 0.540868 0.537541 0.508724 0.560408 0.508036 0.560900 0.507366 0.561384 0.506719 0.561857 0.506105 0.562311
0 0.853952 0.084420 0.885205 0.091314 0.885998 0.090761 0.896945 0.050236 0.897171 0.049365 0.897366 0.048526 0.897529 0.047724 0.897658 0.046972 0.897750 0.046285 0.891444 0.044894 0.866220 0.039330 0.865669 0.039823 0.863626 0.041651 0.863356 0.042486 0.863099 0.043342 0.862860 0.044204 0.862643 0.045058 0.862449 0.045898
0 0.574579 0.355980 0.575004 0.356701 0.575521 0.357361 0.576118 0.357947 0.576787 0.358451 0.577524 0.358868 0.612886 0.376350 0.615529 0.373459 0.617324 0.370719 0.586455 0.344701 0.585763 0.344180 0.585017 0.343759 0.584222 0.343439 0.583393 0.343224 0.582542 0.343121 0.581092 0.345335 0.577640 0.350607 0.576327 0.352613 0.574922 0.355319
0 0.383526 0.578047 0.413946 0.601380 0.414614 0.601887 0.415293 0.602388 0.415977 0.602880 0.416655 0.603355 0.417315 0.603805 0.418681 0.603782 0.419044 0.603775 0.437942 0.577910 0.437396 0.577470 0.436802 0.577005 0.436172 0.576521 0.435514 0.576027 0.434834 0.575526 0.402982 0.552254 0.402450 0.552146
0 0.391140 0.651051 0.391197 0.651906 0.391364 0.652746 0.391640 0.653557 0.392023 0.654334 0.411858 0.689496 0.414883 0.688241 0.416828 0.683935 0.406214 0.645943 0.405942 0.645141 0.405571 0.644391 0.405106 0.643695 0.404554 0.643065 0.403924 0.642513 0.393682 0.646759 0.391703 0.649495 0.391196 0.650196
0 0.662164 0.707880 0.662184 0.708717 0.662314 0.709545 0.662551 0.710348 0.662890 0.711113 0.663331 0.711836 0.685721 0.744314 0.690066 0.750030 0.692966 0.748508 0.678656 0.710760 0.678304 0.709968 0.677857 0.709237 0.677319 0.708570 0.674061 0.704738 0.673265 0.703802 0.672659 0.703225 0.671982 0.702732 0.664454 0.706679
0 0.318381 0.122906 0.319101 0.123994 0.350567 0.147784 0.351237 0.148282 0.351876 0.148739 0.352484 0.149154 0.353048 0.149518 0.353559 0.149826 0.357423 0.144716 0.372878 0.124273 0.370797 0.120482 0.370135 0.119925 0.369459 0.119380 0.368781 0.118854 0.368112 0.118358 0.367457 0.117895 0.337726 0.097319
0 0.713941 0.446583 0.753370 0.447812 0.754223 0.447837 0.755074 0.447857 0.755917 0.447872 0.756738 0.447882 0.757523 0.447887 0.757670 0.447791 0.758221 0.447431 0.759227 0.415159 0.758482 0.415117 0.757687 0.415081 0.756856 0.415051 0.756005 0.415027 0.755137 0.415011 0.715042 0.414388 0.714938 0.414594
0 0.452717 0.613697 0.486243 0.636186 0.486989 0.636628 0.487776 0.636965 0.488601 0.637197 0.489449 0.637320 0.490306 0.637329 0.494361 0.629353 0.495447 0.627216 0.495469 0.626623 0.495554 0.624309 0.495053 0.623638 0.494467 0.623039 0.493809 0.622522 0.493089 0.622094 0.492311 0.621760 0.455251 0.608246 0.453801 0.611099
0 0.863943 0.803653 0.864229 0.804127 0.864570 0.804665 0.864961 0.805258 0.865396 0.805896 0.865871 0.806576 0.888633 0.838794 0.889740 0.839880 0.915938 0.821370 0.896459 0.791984 0.896020 0.791331 0.895546 0.790651 0.895042 0.789950 0.894515 0.789238 0.893977 0.788530 0.893154 0.787815 0.890107 0.785169
0 0.507252 0.267861 0.526121 0.293802 0.526373 0.294044 0.558274 0.270840 0.558960 0.270336 0.559632 0.269826 0.560286 0.269315 0.560913 0.268811 0.561500 0.268323 0.561361 0.268080 0.561041 0.267522 0.560900 0.267277 0.541908 0.241165 0.541271 0.241582 0.540608 0.242037 0.539928 0.242521 0.539245 0.243025 0.538561 0.243548
0 0.712363 0.917909 0.713339 0.919829 0.717334 0.927688 0.717777 0.928421 0.718312 0.929090 0.718930 0.929684 0.719620 0.930191 0.720379 0.930610 0.756760 0.948104 0.758525 0.945345 0.752612 0.935162 0.722175 0.910071 0.721493 0.909569 0.720759 0.909166 0.719980 0.908861 0.719167 0.908660 0.718334 0.908568 0.716941 0.910747
0 0.213727 0.549258 0.217178 0.581150 0.253687 0.577542 0.254494 0.577460 0.255324 0.577372 0.256173 0.577278 0.257026 0.577180 0.257867 0.577078 0.258554 0.576919 0.260420 0.576486 0.261099 0.576328 0.260410 0.569959 0.258342 0.550850 0.257652 0.544480 0.257035 0.544541 0.256347 0.544611 0.255601 0.544688 0.254810 0.544772 0.253978 0.544861 0.214760 0.549105
0 0.067431 0.203175 0.078844 0.233379 0.080909 0.235949 0.081703 0.235787 0.082517 0.235589 0.083340 0.235357 0.084155 0.235095 0.084960 0.234805 0.121861 0.220861 0.110548 0.190923 0.110023 0.190083 0.071216 0.201642 0.070382 0.201905 0.069579 0.202194 0.068811 0.202505 0.068090 0.202834
0 0.753632 0.294335 0.789887 0.309881 0.790673 0.310207 0.791462 0.310511 0.792248 0.310789 0.793018 0.311038 0.793758 0.311252 0.794012 0.310782 0.794595 0.309701 0.794851 0.309225 0.805031 0.285485 0.807576 0.279550 0.806904 0.279192 0.806182 0.278838 0.805422 0.278496 0.804636 0.278171 0.803830 0.277865 0.766495 0.264234 0.753854 0.293715
0 0.130181 0.729455 0.139880 0.760031 0.174278 0.750110 0.175042 0.749884 0.175836 0.749637 0.176653 0.749371 0.177482 0.749090 0.178306 0.748800 0.181228 0.746986 0.182110 0.746438 0.172424 0.715904 0.171863 0.716045 0.171228 0.716217 0.170531 0.716418 0.169783 0.716642 0.168989 0.716891 0.131388 0.728818
0 0.747680 0.746762 0.752403 0.751090 0.766574 0.764075 0.771298 0.768403 0.772008 0.768667 0.774359 0.769540 0.774952 0.769006 0.775545 0.768430 0.776127 0.767821 0.776688 0.767190 0.777224 0.766541 0.801291 0.736436 0.777641 0.714765 0.776751 0.714562 0.750101 0.743646 0.749538 0.744277 0.749010 0.744911 0.748518 0.745543 0.748073 0.746164
0 0.070182 0.289578 0.091524 0.318241 0.092005 0.318874 0.092521 0.319525 0.093068 0.320189 0.093638 0.320855 0.094219 0.321512 0.097315 0.323389 0.098250 0.323955 0.103238 0.319934 0.118201 0.307871 0.123188 0.303849 0.122872 0.303368 0.122495 0.302831 0.122066 0.302248 0.121592 0.301629 0.121074 0.300978 0.096315 0.270268 0.095154 0.269445
0 0.499568 0.745237 0.508032 0.784617 0.508217 0.785469 0.508402 0.786301 0.508586 0.787110 0.508766 0.787882 0.508939 0.788602 0.540443 0.781530 0.540423 0.780809 0.540417 0.780617 0.540250 0.779841 0.540074 0.779032 0.539893 0.778203 0.539708 0.777370 0.539522 0.776536 0.530881 0.738046 0.499654 0.745056
0 0.224209 0.689168 0.224226 0.689972 0.224265 0.690730 0.230721 0.690865 0.256546 0.691401 0.256947 0.691365 0.257996 0.691270 0.258434 0.691230 0.258527 0.690466 0.258605 0.689662 0.258667 0.688831 0.258711 0.687988 0.258736 0.687136 0.259556 0.647697 0.259017 0.647647 0.226947 0.646981 0.224289 0.686624 0.224241 0.687485 0.224214 0.688334
0 0.163446 0.587636 0.188037 0.608234 0.188992 0.607693 0.214322 0.577453 0.214855 0.576807 0.215352 0.576185 0.215810 0.575589 0.216221 0.575029 0.216579 0.574516 0.196933 0.558061 0.192021 0.553947 0.191327 0.554253 0.188715 0.555406 0.188141 0.556028 0.187571 0.556669 0.187016 0.557318 0.186484 0.557963 0.185980 0.558600
0 0.118952 0.701843 0.140153 0.725915 0.141259 0.725148 0.170862 0.699076 0.171485 0.698524 0.172066 0.698002 0.172602 0.697513 0.173084 0.697065 0.173504 0.696666 0.156566 0.677434 0.152331 0.672626 0.151540 0.673100 0.149448 0.674354 0.148564 0.674884 0.147896 0.675446 0.147231 0.676015 0.146583 0.676580 0.145961 0.677131 0.145371 0.677666
0 0.300282 0.801133 0.305722 0.804613 0.327481 0.818532 0.327876 0.817924 0.328301 0.817266 0.328747 0.816571 0.329207 0.815850 0.329679 0.815107 0.351516 0.780639 0.351645 0.780327 0.324685 0.763081 0.324494 0.763354 0.301998 0.798445 0.301537 0.799166 0.301092 0.799862 0.300671 0.800522
0 0.149625 0.495763 0.150299 0.496050 0.151027 0.496347 0.151797 0.496651 0.152595 0.496955 0.153418 0.497258 0.191569 0.511110 0.191910 0.510947 0.203443 0.481092 0.166645 0.466877 0.165845 0.466572 0.165041 0.466272 0.164236 0.465979 0.163444 0.465697 0.162680 0.465433 0.161562 0.465599 0.161260 0.465644 0.151952 0.489739
0 0.399037 0.748419 0.407859 0.779259 0.444396 0.770526 0.445197 0.770325 0.446006 0.770102 0.446819 0.769858 0.447621 0.769597 0.448397 0.769324 0.448794 0.768741 0.450087 0.766838 0.448325 0.760678 0.441277 0.736039 0.440622 0.736155 0.439911 0.736301 0.439158 0.736476 0.438373 0.736676 0.437563 0.736901 0.399636 0.747749
0 0.042511 0.568443 0.049146 0.599826 0.083185 0.592660 0.084676 0.592346 0.085487 0.592175 0.087191 0.591814 0.088053 0.591630 0.091546 0.590865 0.092601 0.590633 0.091276 0.584365 0.085975 0.559292 0.085009 0.559449 0.082455 0.559865 0.081375 0.560041 0.080511 0.560218 0.079650 0.560396 0.078807 0.560573 0.077995 0.560746 0.077221 0.560912
