0 0.772023 0.367175 0.777695 0.370153 0.800385 0.382066 0.801017 0.381620 0.803393 0.379940 0.803824 0.379210 0.804246 0.378462 0.804652 0.377711 0.805034 0.376968 0.805390 0.376238 0.821177 0.343081 0.792776 0.328170 0.791932 0.328901 0.773595 0.363827 0.773211 0.364571 0.772859 0.365284 0.772540 0.365964 0.772260 0.366598
0 0.275486 0.691829 0.276099 0.731726 0.276120 0.732591 0.276159 0.733441 0.276216 0.734272 0.276290 0.735069 0.276378 0.735817 0.282826 0.735460 0.308617 0.734032 0.308953 0.733924 0.310197 0.733523 0.310220 0.732747 0.310228 0.731932 0.310219 0.731095 0.310194 0.730248 0.310154 0.729396 0.307973 0.690009 0.276017 0.691779
0 0.303414 0.124313 0.327210 0.145823 0.327860 0.146342 0.354313 0.117078 0.354875 0.116438 0.355411 0.115785 0.355917 0.115123 0.356387 0.114463 0.356810 0.113817 0.356382 0.113383 0.354772 0.111752 0.330820 0.090100 0.330251 0.090609 0.329676 0.091172 0.329103 0.091779 0.328543 0.092418 0.327999 0.093087
0 0.810482 0.734251 0.813075 0.773613 0.813141 0.774466 0.813229 0.775318 0.813340 0.776163 0.813471 0.776988 0.813620 0.777779 0.814123 0.777960 0.814176 0.777979 0.816019 0.778639 0.822462 0.778215 0.841793 0.776942 0.848237 0.776517 0.848254 0.775777 0.848243 0.774986 0.848203 0.774158 0.848136 0.773307 0.848042 0.772438 0.843171 0.732291 0.842417 0.732148
0 0.762010 0.075425 0.767947 0.081844 0.769538 0.083564 0.770341 0.083326 0.771105 0.082985 0.771819 0.082547 0.772470 0.082021 0.773053 0.081407 0.798580 0.051335 0.805568 0.040836 0.803344 0.038432 0.770624 0.062076 0.769951 0.062621 0.769362 0.063243 0.768858 0.063936 0.763917 0.071949 0.762710 0.073907 0.762310 0.074643
0 0.798964 0.647780 0.799369 0.648387 0.821905 0.671214 0.851598 0.645221 0.852236 0.644648 0.852848 0.644060 0.853431 0.643461 0.853976 0.642863 0.854472 0.642274 0.854041 0.641791 0.853060 0.640694 0.852633 0.640217 0.830128 0.617420 0.829521 0.617874 0.828898 0.618374 0.828270 0.618911 0.827649 0.619476 0.827036 0.620066
0 0.208927 0.653944 0.212114 0.654700 0.218696 0.651160 0.232353 0.614153 0.232601 0.613344 0.232741 0.612518 0.232771 0.611681 0.232693 0.610848 0.232506 0.610032 0.224235 0.608069 0.221719 0.607472 0.220440 0.607966 0.216534 0.609477 0.215208 0.609990 0.214661 0.610650 0.214206 0.611376 0.213850 0.612155 0.213597 0.612974 0.213453 0.613828
0 0.299446 0.436222 0.299600 0.436986 0.299773 0.437785 0.299960 0.438602 0.300160 0.439425 0.300371 0.440250 0.310350 0.478404 0.341794 0.470842 0.342142 0.470676 0.333077 0.431898 0.332876 0.431062 0.332666 0.430244 0.332448 0.429449 0.332226 0.428690 0.332005 0.427982 0.325695 0.429453 0.306690 0.433885 0.300330 0.435369 0.300122 0.435569 0.299631 0.436042
0 0.113009 0.453515 0.115135 0.485733 0.115496 0.485776 0.116438 0.485887 0.116831 0.485933 0.117656 0.485892 0.118509 0.485846 0.119374 0.485796 0.120237 0.485743 0.121093 0.485688 0.160455 0.483091 0.158348 0.451156 0.157956 0.451020 0.117064 0.453232 0.116183 0.453282 0.115328 0.453336 0.114505 0.453393 0.113727 0.453453
0 0.818692 0.173898 0.853790 0.191904 0.854554 0.192280 0.855325 0.192621 0.856100 0.192927 0.856864 0.193192 0.857605 0.193412 0.857985 0.192706 0.859244 0.190366 0.873982 0.161638 0.873347 0.161206 0.872657 0.160787 0.871925 0.160387 0.871162 0.160013 0.870373 0.159668 0.833715 0.144440 0.819073 0.172980
0 0.651702 0.709774 0.655155 0.715171 0.668969 0.736756 0.669488 0.736998 0.670862 0.737638 0.671442 0.737908 0.672148 0.737526 0.672866 0.737110 0.673584 0.736666 0.674289 0.736204 0.674976 0.735725 0.706133 0.713440 0.688843 0.686421 0.688090 0.686206 0.654864 0.707469 0.654157 0.707932 0.653481 0.708398 0.652839 0.708866 0.652243 0.709327
0 0.367592 0.813792 0.400950 0.833825 0.401683 0.834252 0.402428 0.834653 0.403179 0.835028 0.403924 0.835370 0.404649 0.835672 0.405061 0.835242 0.406135 0.834118 0.406583 0.833649 0.418452 0.810936 0.421419 0.805258 0.420823 0.804833 0.420175 0.804404 0.419484 0.803979 0.418764 0.803564 0.418018 0.803163 0.383056 0.784893 0.382448 0.785362
0 0.508958 0.553498 0.509646 0.555118 0.510014 0.555838 0.510394 0.556580 0.510781 0.557331 0.511167 0.558079 0.511551 0.558819 0.529071 0.592544 0.557580 0.577840 0.540253 0.544015 0.539873 0.543274 0.539488 0.542526 0.539100 0.541775 0.538716 0.541035 0.538343 0.540318 0.537429 0.538814
0 0.268601 0.788479 0.303682 0.802714 0.304456 0.803015 0.305249 0.803293 0.306057 0.803547 0.306865 0.803772 0.307660 0.803964 0.308312 0.803503 0.309795 0.802453 0.310439 0.801997 0.312474 0.795922 0.320613 0.771621 0.320007 0.771310 0.319338 0.770999 0.318617 0.770696 0.317857 0.770405 0.317061 0.770127 0.279656 0.757599 0.278789 0.758062
0 0.553202 0.583359 0.569252 0.603337 0.573265 0.608332 0.573643 0.608336 0.574512 0.608345 0.574895 0.608348 0.575531 0.607871 0.576185 0.607366 0.576846 0.606843 0.577501 0.606312 0.578147 0.605774 0.607550 0.581015 0.587460 0.556008 0.586962 0.556122 0.556209 0.580828 0.555552 0.581360 0.554917 0.581884 0.554306 0.582398 0.553731 0.582892
0 0.453366 0.404496 0.454435 0.406681 0.484354 0.432389 0.485026 0.432904 0.485751 0.433323 0.486525 0.433643 0.487333 0.433861 0.488163 0.433970 0.489601 0.431820 0.494324 0.424753 0.494298 0.424407 0.494189 0.422991 0.493761 0.422248 0.493239 0.421569 0.492633 0.420963 0.491954 0.420441 0.491204 0.420007 0.455186 0.401773
0 0.515975 0.849523 0.516023 0.849824 0.516156 0.850650 0.516205 0.850954 0.522643 0.851449 0.541959 0.852934 0.548398 0.853429 0.548469 0.852705 0.548538 0.851924 0.548605 0.851099 0.548668 0.850247 0.548727 0.849370 0.551341 0.808734 0.551195 0.808417 0.519284 0.805964 0.516261 0.845295 0.516196 0.846150 0.516135 0.847008 0.516077 0.847867 0.516024 0.848710
0 0.876322 0.554728 0.880128 0.559882 0.891547 0.575342 0.895354 0.580496 0.899571 0.580335 0.900293 0.579877 0.901007 0.579395 0.901704 0.578898 0.902369 0.578395 0.902999 0.577887 0.931162 0.554552 0.912105 0.528749 0.910860 0.528913 0.879129 0.552350 0.878462 0.552853 0.877842 0.553348 0.877272 0.553831 0.876762 0.554294
0 0.315768 0.014519 0.316455 0.015345 0.339333 0.037726 0.366918 0.009527 0.367505 0.008906 0.368065 0.008264 0.368597 0.007603 0.369092 0.006936 0.369539 0.006273 0.369124 0.005652 0.367984 0.003947 0.367564 0.003319 0.363420 0.000000 0.337041 0.000000
0 0.068938 0.562965 0.075154 0.564714 0.100019 0.571710 0.102159 0.572264 0.102805 0.572431 0.103125 0.571732 0.103432 0.570987 0.103721 0.570207 0.103988 0.569408 0.104230 0.568592 0.114915 0.530619 0.114143 0.530317 0.083265 0.521629 0.069965 0.558984 0.069689 0.559799 0.069447 0.560613 0.069238 0.561421 0.069067 0.562210
0 0.764014 0.296229 0.783846 0.321348 0.784189 0.321181 0.816457 0.296014 0.817152 0.295471 0.817824 0.294941 0.818471 0.294428 0.819081 0.293941 0.819642 0.293489 0.815641 0.288420 0.799635 0.268147 0.799327 0.268381 0.798325 0.269144 0.797677 0.269654 0.797007 0.270182 0.796327 0.270718 0.794975 0.271784
0 0.385404 0.484102 0.414255 0.498124 0.414617 0.497782 0.431861 0.462303 0.432229 0.461542 0.432581 0.460797 0.432916 0.460074 0.433229 0.459385 0.433514 0.458740 0.404702 0.444737 0.403358 0.445509 0.402991 0.446215 0.402617 0.446952 0.402244 0.447708 0.401879 0.448468 0.401523 0.449229
0 0.184031 0.581604 0.184317 0.583984 0.185071 0.590240 0.185388 0.592868 0.186196 0.593152 0.187035 0.593329 0.187890 0.593394 0.188745 0.593347 0.189597 0.593188 0.228805 0.583571 0.235004 0.581661 0.234621 0.578483 0.195174 0.578457 0.194329 0.578504 0.193506 0.578658 0.186335 0.580498 0.185521 0.580765 0.184748 0.581135
0 0.600519 0.845998 0.600736 0.846297 0.601311 0.847085 0.601554 0.847418 0.626976 0.851991 0.633332 0.853134 0.633500 0.852420 0.633663 0.851650 0.633818 0.850837 0.633963 0.849995 0.634096 0.849129 0.639989 0.808987 0.639603 0.808665 0.608104 0.802999 0.601120 0.841824 0.600974 0.842667 0.600839 0.843515 0.600717 0.844362 0.600610 0.845195
0 0.468932 0.867794 0.498131 0.881074 0.514121 0.848476 0.514470 0.847751 0.514820 0.846995 0.515168 0.846212 0.515509 0.845416 0.515836 0.844622 0.516264 0.840695 0.487104 0.827433 0.486818 0.827964 0.486508 0.828566 0.486182 0.829230 0.485842 0.829942 0.485493 0.830700 0.469162 0.866608
0 0.159147 0.861469 0.170916 0.899920 0.171184 0.900748 0.171481 0.901546 0.171803 0.902313 0.172145 0.903033 0.172501 0.903695 0.178515 0.901342 0.196556 0.894283 0.202569 0.891930 0.203170 0.891539 0.203233 0.891498 0.204741 0.890516 0.205396 0.890089 0.205237 0.889309 0.205038 0.888505 0.204803 0.887691 0.204536 0.886882 0.204238 0.886082 0.189865 0.849346 0.160060 0.861008
0 0.079958 0.934257 0.080063 0.935108 0.088508 0.938065 0.090771 0.938857 0.091382 0.938257 0.093285 0.936217 0.100723 0.928241 0.101239 0.927581 0.101664 0.926860 0.101992 0.926090 0.102219 0.925274 0.110684 0.886745 0.107663 0.885687 0.098485 0.894708 0.080655 0.930929 0.080316 0.931726 0.080087 0.932551 0.079967 0.933400
0 0.123904 0.643704 0.154270 0.654041 0.155179 0.653327 0.167891 0.615984 0.168152 0.615188 0.168381 0.614422 0.168575 0.613690 0.168733 0.613004 0.168851 0.612377 0.162786 0.610312 0.138526 0.602053 0.135225 0.604137 0.134895 0.604912 0.134584 0.605708 0.134295 0.606511 0.134036 0.607306 0.133806 0.608088
0 0.633711 0.405064 0.646074 0.434617 0.647332 0.434093 0.648039 0.433798 0.648781 0.433488 0.649556 0.433164 0.685947 0.417939 0.686726 0.417604 0.674346 0.388012 0.639871 0.402169 0.639112 0.402482 0.638339 0.402805 0.637555 0.403134 0.636775 0.403465 0.636013 0.403792 0.634194 0.404797
0 0.317005 0.154019 0.317042 0.154688 0.317179 0.157165 0.327354 0.187541 0.328075 0.187420 0.328836 0.187261 0.329622 0.187067 0.330421 0.186840 0.331228 0.186582 0.368633 0.174053 0.368700 0.173189 0.358512 0.142773 0.320899 0.152623 0.320083 0.152851 0.319277 0.153108 0.318486 0.153391 0.317725 0.153697
0 0.777138 0.912486 0.777383 0.913398 0.817832 0.918824 0.818705 0.918928 0.819558 0.918999 0.820384 0.919037 0.821169 0.919041 0.821900 0.919011 0.822338 0.912569 0.823650 0.893240 0.824087 0.886798 0.823125 0.884465 0.822869 0.883845 0.822064 0.883671 0.821227 0.883521 0.820373 0.883395 0.819517 0.883297 0.818663 0.883227 0.779306 0.880555
0 0.574668 0.722813 0.610870 0.739158 0.611658 0.739508 0.612441 0.739839 0.613214 0.740151 0.613963 0.740439 0.614677 0.740697 0.624588 0.716844 0.627066 0.710880 0.627121 0.710611 0.627299 0.709733 0.626610 0.709396 0.625879 0.709052 0.625121 0.708707 0.624348 0.708369 0.623563 0.708037 0.587135 0.692901 0.586977 0.693191
0 0.291669 0.438228 0.292259 0.439539 0.296221 0.444575 0.312067 0.464715 0.312680 0.464293 0.313322 0.463836 0.313982 0.463350 0.314649 0.462846 0.315320 0.462324 0.346322 0.437932 0.346276 0.437552 0.326441 0.412342 0.294884 0.435648 0.294201 0.436160 0.293531 0.436680 0.292879 0.437204 0.292254 0.437723
0 0.331943 0.882066 0.335781 0.907610 0.336741 0.913996 0.337496 0.913961 0.338294 0.913889 0.339120 0.913782 0.339960 0.913643 0.340808 0.913472 0.379848 0.904979 0.379740 0.904117 0.374985 0.872468 0.335976 0.878328 0.335134 0.878467 0.334302 0.878631 0.333484 0.878820 0.332694 0.879030 0.331946 0.879258 0.331945 0.879848
0 0.931371 0.667656 0.952678 0.700856 0.953174 0.701542 0.953749 0.702150 0.954399 0.702679 0.955111 0.703119 0.955876 0.703461 0.966539 0.708218 0.973433 0.702515 0.975281 0.700986 0.975083 0.700153 0.974778 0.699352 0.974371 0.698598 0.973869 0.697903 0.973275 0.697273 0.943985 0.669488 0.933837 0.665616
0 0.741718 0.394244 0.746423 0.425901 0.785441 0.420102 0.786287 0.419975 0.787133 0.419846 0.787973 0.419714 0.788795 0.419582 0.789584 0.419452 0.789808 0.419350 0.790323 0.419115 0.790549 0.419011 0.789600 0.412624 0.785803 0.387074 0.785072 0.387169 0.784289 0.387276 0.783468 0.387395 0.782625 0.387523 0.781762 0.387659 0.741886 0.394060
0 0.107305 0.130143 0.110177 0.134371 0.135460 0.138554 0.141781 0.139599 0.142013 0.139026 0.142229 0.138374 0.142426 0.137656 0.142599 0.136885 0.142749 0.136063 0.149188 0.097145 0.148453 0.095848 0.116806 0.090612 0.107894 0.125966 0.107713 0.126753 0.107563 0.127573 0.107443 0.128421 0.107356 0.129283
