0 0.426360 0.137313 0.426445 0.138166 0.426787 0.139851 0.428126 0.146441 0.428317 0.147256 0.428613 0.148039 0.437315 0.148888 0.439647 0.149115 0.440088 0.148404 0.440433 0.147641 0.440675 0.146839 0.440811 0.146013 0.440838 0.145167 0.439916 0.105731 0.438510 0.096504 0.435250 0.096186 0.426527 0.135602 0.426387 0.136457
0 0.029702 0.895049 0.030405 0.895139 0.031174 0.895200 0.031995 0.895230 0.032854 0.895229 0.033746 0.895196 0.075280 0.893073 0.075859 0.892176 0.076312 0.860174 0.036868 0.859616 0.036007 0.859617 0.035133 0.859645 0.034251 0.859701 0.033375 0.859783 0.032521 0.859891 0.031973 0.860557 0.030661 0.862153 0.030159 0.862764 0.030067 0.869221 0.029793 0.888592
0 0.208306 0.149549 0.208603 0.150396 0.209279 0.152321 0.209573 0.153157 0.213657 0.158093 0.225911 0.172901 0.229996 0.177837 0.230625 0.177495 0.231276 0.177097 0.231940 0.176650 0.232603 0.176161 0.233263 0.175633 0.263654 0.150483 0.263413 0.149442 0.242962 0.124730 0.211438 0.146825 0.210758 0.147320 0.210099 0.147847 0.209463 0.148400 0.208862 0.148971
0 0.355765 0.670555 0.356099 0.671344 0.356533 0.672083 0.357059 0.672759 0.357669 0.673361 0.358360 0.673883 0.391860 0.696411 0.394002 0.693933 0.396423 0.689497 0.369894 0.660303 0.369291 0.659709 0.368623 0.659204 0.367895 0.658791 0.367119 0.658476 0.366308 0.658265 0.364617 0.660222 0.359060 0.666654 0.356436 0.669760
0 0.910712 0.763573 0.911321 0.763965 0.946668 0.786599 0.950062 0.788772 0.963990 0.767018 0.967472 0.761579 0.966894 0.761202 0.966255 0.760788 0.965567 0.760346 0.964841 0.759882 0.964081 0.759400 0.928617 0.736949 0.927969 0.736619
0 0.908747 0.206970 0.909266 0.207323 0.909863 0.207676 0.910527 0.208022 0.911246 0.208356 0.912019 0.208676 0.948720 0.223139 0.950099 0.222650 0.961860 0.192807 0.929035 0.176549 0.928302 0.176205 0.927531 0.175885 0.926728 0.175590 0.925905 0.175327 0.925079 0.175100 0.924002 0.175585 0.920492 0.177167
0 0.838026 0.763982 0.838868 0.764464 0.841184 0.765787 0.842037 0.766274 0.842894 0.766445 0.843755 0.766600 0.844604 0.766737 0.845427 0.766853 0.846218 0.766947 0.881854 0.770815 0.886591 0.739089 0.885333 0.738490 0.846318 0.732665 0.845493 0.732548 0.844718 0.732452 0.843995 0.732378 0.843337 0.732327 0.842756 0.732299
0 0.826965 0.383179 0.827079 0.383882 0.827233 0.384629 0.827423 0.385406 0.827646 0.386199 0.827902 0.387005 0.840347 0.424438 0.841243 0.424632 0.871682 0.414512 0.862011 0.377252 0.861787 0.376441 0.861533 0.375636 0.861251 0.374843 0.860945 0.374073 0.860621 0.373342 0.857363 0.373072 0.851283 0.375093 0.833044 0.381157
0 0.576403 0.902336 0.602932 0.920367 0.625359 0.891254 0.625846 0.890603 0.626324 0.889918 0.626792 0.889204 0.627241 0.888472 0.627664 0.887735 0.627463 0.884452 0.627409 0.883580 0.622111 0.879979 0.600916 0.865573 0.600488 0.866033 0.600038 0.866563 0.599572 0.867153 0.599099 0.867792 0.598620 0.868479 0.576446 0.901104
0 0.124355 0.663470 0.125058 0.663677 0.125818 0.663878 0.126624 0.664070 0.127459 0.664249 0.128320 0.664414 0.168290 0.671706 0.168667 0.671232 0.175670 0.640003 0.137179 0.631372 0.136341 0.631191 0.135498 0.631026 0.134654 0.630876 0.133822 0.630744 0.133018 0.630634 0.132647 0.630942 0.131420 0.631964 0.130007 0.638265
0 0.337805 0.558535 0.341453 0.597294 0.341538 0.598138 0.341636 0.598978 0.341747 0.599810 0.341868 0.600619 0.341998 0.601389 0.342328 0.601513 0.343110 0.601806 0.343405 0.601916 0.368838 0.598768 0.375196 0.597981 0.375151 0.597253 0.375091 0.596478 0.375016 0.595671 0.374929 0.594844 0.374829 0.594001 0.369983 0.554853 0.369640 0.554595
0 0.917623 0.089689 0.917628 0.090038 0.917738 0.090419 0.920066 0.091545 0.927719 0.095245 0.928282 0.095189 0.928768 0.095077 0.929167 0.094910 0.929473 0.094692 0.929683 0.094423 0.937674 0.080590 0.952049 0.050857 0.949076 0.049420 0.932195 0.059984 0.931884 0.060226 0.931675 0.060512 0.917721 0.089377
0 0.460843 0.404517 0.461556 0.404573 0.462321 0.404624 0.463123 0.404670 0.463949 0.404709 0.464795 0.404742 0.504218 0.406130 0.504614 0.405930 0.505742 0.373873 0.467152 0.371656 0.466309 0.371612 0.465465 0.371578 0.464624 0.371555 0.463802 0.371541 0.463013 0.371539 0.462768 0.371765 0.462189 0.372300 0.461970 0.372503 0.461744 0.378906 0.461068 0.398114
0 0.535469 0.588254 0.535688 0.588687 0.536193 0.589685 0.536415 0.590123 0.537230 0.591565 0.537649 0.592301 0.538065 0.593031 0.538476 0.593751 0.557199 0.626489 0.585081 0.610629 0.566547 0.577782 0.566139 0.577061 0.565724 0.576330 0.565304 0.575595 0.564887 0.574866 0.564480 0.574159 0.564206 0.573749 0.563584 0.572819 0.563313 0.572415 0.541038 0.585086
0 0.410021 0.287501 0.438903 0.301458 0.439209 0.301562 0.456373 0.266044 0.456739 0.265275 0.457092 0.264508 0.457430 0.263748 0.457748 0.263006 0.458039 0.262297 0.457827 0.262141 0.457121 0.261623 0.428050 0.247575 0.427688 0.248242 0.427320 0.248956 0.426950 0.249703 0.426585 0.250471 0.426228 0.251255
0 0.602287 0.061571 0.615289 0.090847 0.615892 0.090697 0.616553 0.090496 0.617258 0.090249 0.617997 0.089961 0.618765 0.089632 0.654818 0.073621 0.655522 0.072494 0.642503 0.043178 0.608144 0.055764 0.607389 0.056055 0.606622 0.056383 0.605847 0.056745 0.605078 0.057135 0.604328 0.057547
0 0.207859 0.732841 0.207970 0.733666 0.208110 0.734503 0.208277 0.735337 0.208466 0.736154 0.208678 0.736948 0.218820 0.772861 0.250161 0.766029 0.250646 0.765049 0.242244 0.726507 0.242056 0.725688 0.241852 0.724909 0.241634 0.724174 0.241406 0.723494 0.241172 0.722882 0.234913 0.724246 0.209873 0.729704 0.208287 0.732174
0 0.638265 0.793935 0.638690 0.794737 0.639708 0.796657 0.640098 0.797392 0.640562 0.798119 0.641032 0.798848 0.641500 0.799567 0.641957 0.800263 0.642400 0.800932 0.662448 0.831037 0.689297 0.813485 0.688656 0.812451 0.667071 0.779433 0.666614 0.778735 0.666183 0.778077 0.665778 0.777463 0.665408 0.776903 0.665078 0.776406
0 0.252205 0.933367 0.258011 0.936194 0.281235 0.947501 0.282109 0.945718 0.282372 0.945180 0.283526 0.942812 0.301555 0.905781 0.272780 0.891771 0.272432 0.892315 0.253966 0.929733 0.253571 0.930536 0.253193 0.931309 0.252836 0.932047 0.252504 0.932737
0 0.814085 0.837848 0.836575 0.870256 0.837068 0.870963 0.837575 0.871680 0.838091 0.872403 0.838610 0.873121 0.839120 0.873819 0.840634 0.875283 0.841043 0.875678 0.846348 0.871997 0.867569 0.857270 0.867188 0.856686 0.866762 0.856051 0.866298 0.855375 0.865805 0.854670 0.865285 0.853940 0.840932 0.820011 0.840378 0.819601
0 0.534991 0.162298 0.535572 0.162783 0.536202 0.163274 0.536868 0.163761 0.537560 0.164237 0.538273 0.164699 0.571635 0.185750 0.572124 0.185241 0.589241 0.158113 0.557158 0.135164 0.556454 0.134675 0.555742 0.134213 0.555027 0.133780 0.554321 0.133384 0.553636 0.133032 0.553306 0.133494 0.552085 0.135207 0.548666 0.140625
0 0.811203 0.172038 0.811237 0.172833 0.811303 0.173659 0.811399 0.174500 0.811524 0.175343 0.811678 0.176184 0.819322 0.214883 0.850720 0.208681 0.851593 0.208397 0.846490 0.168496 0.846366 0.167634 0.846214 0.166796 0.846035 0.165985 0.845832 0.165214 0.845608 0.164500 0.839273 0.165751 0.820268 0.169505 0.813932 0.170757 0.813292 0.171057
0 0.760083 0.596337 0.776012 0.624096 0.776305 0.624570 0.811708 0.606178 0.812471 0.605772 0.813213 0.605356 0.813930 0.604932 0.814608 0.604507 0.815236 0.604089 0.799166 0.576085 0.798886 0.575788 0.797970 0.574822 0.797264 0.575146 0.796532 0.575503 0.795787 0.575885 0.795041 0.576286 0.794298 0.576704
0 0.557027 0.445156 0.576215 0.479622 0.576667 0.480338 0.577203 0.480981 0.577818 0.481549 0.578502 0.482033 0.579243 0.482422 0.580719 0.482095 0.581097 0.482011 0.588133 0.476896 0.590274 0.475339 0.590129 0.474495 0.589874 0.473677 0.589515 0.472899 0.589058 0.472174 0.588504 0.471508 0.561010 0.441947 0.558361 0.443873
0 0.393210 0.150789 0.393815 0.154013 0.393976 0.154870 0.400373 0.155224 0.419564 0.156286 0.425961 0.156640 0.426024 0.156053 0.426085 0.155388 0.426143 0.154657 0.426197 0.153874 0.426246 0.153042 0.428426 0.113655 0.428285 0.112391 0.396256 0.110618 0.393415 0.146568 0.393357 0.147366 0.393307 0.148197 0.393265 0.149054 0.393233 0.149923
0 0.786608 0.088569 0.786855 0.089316 0.787148 0.090083 0.787481 0.090854 0.787849 0.091619 0.788251 0.092371 0.807429 0.126843 0.835396 0.111283 0.836347 0.110736 0.819839 0.074314 0.819467 0.073533 0.819067 0.072781 0.818643 0.072065 0.818201 0.071395 0.817750 0.070784 0.812107 0.073923 0.795178 0.083342 0.789535 0.086482 0.788848 0.086971
0 0.709325 0.626594 0.709329 0.627380 0.709351 0.628122 0.734921 0.629832 0.741314 0.630259 0.743317 0.629950 0.743419 0.629180 0.743504 0.628371 0.743572 0.627536 0.743620 0.626690 0.743648 0.625838 0.744566 0.586682 0.712560 0.584542 0.712052 0.584734 0.709421 0.624094 0.709371 0.624942 0.709339 0.625776
0 0.891009 0.810870 0.891579 0.811361 0.926207 0.835203 0.926950 0.835713 0.927661 0.836198 0.928339 0.836656 0.928970 0.837079 0.929543 0.837460 0.947693 0.810756 0.947178 0.810395 0.945835 0.809454 0.945274 0.809061 0.943809 0.808061 0.943068 0.807556 0.941624 0.806574 0.908999 0.784401
0 0.465259 0.383380 0.465745 0.383801 0.466297 0.384245 0.466905 0.384703 0.467559 0.385168 0.468254 0.385638 0.500990 0.407272 0.502073 0.407304 0.518631 0.380344 0.489164 0.358345 0.488504 0.357865 0.487816 0.357394 0.487102 0.356933 0.486376 0.356490 0.485650 0.356073 0.482849 0.356283 0.482004 0.356347 0.478662 0.361742 0.468615 0.377962
0 0.783431 0.710034 0.811338 0.737915 0.811946 0.738520 0.812563 0.739128 0.813184 0.739735 0.813800 0.740331 0.814399 0.740906 0.815578 0.741640 0.815940 0.741865 0.834197 0.723592 0.838761 0.719024 0.838265 0.718504 0.837721 0.717946 0.837141 0.717361 0.836533 0.716757 0.835901 0.716140 0.806475 0.687546 0.806052 0.687393
0 0.499654 0.641233 0.505560 0.643716 0.523279 0.651165 0.529185 0.653647 0.529343 0.653643 0.529938 0.653626 0.530252 0.652922 0.530577 0.652178 0.530905 0.651408 0.531231 0.650625 0.531552 0.649834 0.546218 0.613431 0.516648 0.601000 0.516461 0.601126 0.501173 0.637491 0.500846 0.638274 0.500527 0.639048 0.500219 0.639808 0.499926 0.640540
0 0.886151 0.632100 0.886448 0.632615 0.886805 0.633182 0.887214 0.633792 0.887668 0.634432 0.888166 0.635101 0.912016 0.666522 0.913186 0.667208 0.938737 0.647814 0.918347 0.618029 0.917886 0.617374 0.917390 0.616706 0.916862 0.616029 0.916310 0.615356 0.915745 0.614698 0.914878 0.614280 0.911667 0.612732
0 0.745922 0.567247 0.746347 0.567762 0.776438 0.578875 0.791706 0.543151 0.792030 0.542368 0.792332 0.541578 0.792611 0.540786 0.792861 0.540005 0.793078 0.539249 0.792646 0.538883 0.791235 0.537688 0.761185 0.526590 0.760856 0.527240 0.760527 0.527941 0.760203 0.528682 0.759889 0.529451 0.759587 0.530243
0 0.469183 0.740503 0.505791 0.753909 0.506591 0.754193 0.507395 0.754459 0.508197 0.754704 0.508984 0.754924 0.509741 0.755116 0.510022 0.754740 0.510936 0.753515 0.518741 0.729105 0.520692 0.723003 0.520018 0.722716 0.519293 0.722429 0.518532 0.722145 0.517746 0.721870 0.516940 0.721605 0.479367 0.709590 0.478953 0.709950
0 0.350098 0.325166 0.374948 0.345450 0.375475 0.345503 0.400420 0.314944 0.400951 0.314283 0.401461 0.313625 0.401946 0.312973 0.402398 0.312340 0.402809 0.311735 0.397846 0.307683 0.382957 0.295529 0.377994 0.291478 0.376562 0.290996 0.376175 0.290866 0.375646 0.291442 0.375108 0.292057 0.374569 0.292700 0.374040 0.293361 0.373523 0.294034
