0 0.884388 0.851756 0.887750 0.853913 0.888782 0.854574 0.889656 0.854662 0.890532 0.854723 0.891392 0.854757 0.892222 0.854763 0.893017 0.854741 0.928750 0.853161 0.929429 0.821090 0.928070 0.820353 0.888631 0.819519 0.887799 0.819512 0.887019 0.819530 0.886296 0.819572 0.885641 0.819639 0.885066 0.819729 0.884930 0.826135
0 0.939832 0.105332 0.974329 0.124464 0.975084 0.124862 0.975856 0.125219 0.976641 0.125535 0.977425 0.125805 0.978195 0.126022 0.980811 0.122404 0.993338 0.099815 0.996470 0.094167 0.995873 0.093700 0.995211 0.093248 0.994496 0.092821 0.993742 0.092425 0.992952 0.092064 0.956052 0.076195 0.955354 0.077344
0 0.797801 0.477116 0.798385 0.477438 0.829506 0.485212 0.841111 0.447610 0.841353 0.446789 0.841568 0.445969 0.841757 0.445154 0.841915 0.444359 0.842040 0.443596 0.839672 0.442745 0.808593 0.434982 0.808322 0.435684 0.808059 0.436433 0.807809 0.437217 0.807575 0.438022 0.807360 0.438844
0 0.839240 0.506180 0.875645 0.521371 0.876438 0.521697 0.877239 0.522016 0.878044 0.522327 0.878839 0.522624 0.879610 0.522901 0.879982 0.522831 0.881379 0.522565 0.883866 0.516605 0.893813 0.492767 0.893156 0.492459 0.892442 0.492139 0.891682 0.491814 0.890891 0.491490 0.890072 0.491167 0.852009 0.476442 0.851565 0.476644
0 0.297358 0.880918 0.334031 0.890309 0.334839 0.890501 0.335664 0.890662 0.336501 0.890792 0.337336 0.890890 0.338153 0.890952 0.338703 0.890348 0.340740 0.888111 0.341868 0.881804 0.346379 0.856577 0.345739 0.856337 0.345035 0.856111 0.344281 0.855905 0.343488 0.855721 0.342661 0.855560 0.303830 0.848616 0.303004 0.849342
0 0.125629 0.075943 0.125641 0.076733 0.125684 0.077561 0.125756 0.078421 0.125856 0.079299 0.125983 0.080178 0.126627 0.081164 0.129012 0.084814 0.135406 0.084397 0.160979 0.082729 0.161044 0.082166 0.161083 0.081521 0.161094 0.080805 0.161078 0.080030 0.161034 0.079201 0.158468 0.039837 0.157666 0.038405 0.125656 0.040493
0 0.591377 0.386821 0.592031 0.412440 0.592195 0.418845 0.592866 0.418853 0.593596 0.418855 0.594375 0.418850 0.595186 0.418838 0.596028 0.418819 0.635463 0.417812 0.636157 0.417615 0.635338 0.385548 0.597616 0.385758 0.596788 0.385766 0.595948 0.385784 0.595101 0.385811 0.594262 0.385846 0.593447 0.385889 0.593007 0.386087 0.591812 0.386625
0 0.548538 0.747045 0.576916 0.761999 0.595458 0.729582 0.595860 0.728865 0.596257 0.728126 0.596645 0.727370 0.597019 0.726610 0.597371 0.725860 0.597261 0.723588 0.597227 0.722902 0.591559 0.719915 0.568887 0.707968 0.568538 0.708520 0.568168 0.709134 0.567784 0.709799 0.567393 0.710504 0.566997 0.711245 0.548607 0.746143
0 0.578632 0.762197 0.614012 0.780707 0.614782 0.781102 0.615546 0.781476 0.616300 0.781828 0.617032 0.782151 0.617727 0.782440 0.631701 0.753332 0.631833 0.752214 0.631868 0.751917 0.631192 0.751531 0.630478 0.751139 0.629736 0.750748 0.628980 0.750364 0.628214 0.749989 0.592652 0.732917 0.578801 0.761769
0 0.034979 0.104456 0.036411 0.105430 0.075088 0.113189 0.075903 0.113342 0.076662 0.113461 0.077364 0.113546 0.077995 0.113594 0.078544 0.113606 0.084846 0.082198 0.083877 0.081446 0.080234 0.078619 0.079368 0.078378 0.078505 0.078163 0.077660 0.077978 0.076847 0.077826 0.076071 0.077709 0.041288 0.073006
0 0.859412 0.363481 0.891185 0.367322 0.892028 0.367403 0.899329 0.328128 0.899475 0.327275 0.899589 0.326432 0.899672 0.325604 0.899722 0.324804 0.899738 0.324048 0.874094 0.320948 0.867683 0.320173 0.867041 0.320194 0.865584 0.320242 0.864950 0.320263 0.864746 0.321018 0.864561 0.321814 0.864398 0.322637 0.864259 0.323474 0.864145 0.324319
0 0.347552 0.745497 0.351991 0.777266 0.389268 0.773799 0.390087 0.773714 0.390919 0.773606 0.391758 0.773477 0.392591 0.773329 0.393401 0.773164 0.395562 0.770830 0.392015 0.745449 0.391128 0.739104 0.390470 0.739123 0.389750 0.739165 0.388983 0.739231 0.388180 0.739318 0.387347 0.739427 0.348279 0.744887
0 0.625507 0.820803 0.627826 0.826851 0.637104 0.851044 0.638340 0.851176 0.641738 0.851538 0.642988 0.851671 0.643783 0.851361 0.644556 0.851025 0.645295 0.850672 0.645987 0.850306 0.646627 0.849930 0.674651 0.832670 0.663168 0.802727 0.661448 0.802647 0.628298 0.819043 0.627600 0.819402 0.626967 0.819761 0.626400 0.820118 0.625910 0.820467
0 0.602449 0.236983 0.621076 0.263390 0.624208 0.261730 0.625053 0.261281 0.625750 0.260779 0.626441 0.260271 0.627115 0.259768 0.627760 0.259277 0.628372 0.258802 0.655678 0.237436 0.637208 0.211001 0.636034 0.211720 0.605201 0.234853 0.604550 0.235344 0.603944 0.235807 0.603385 0.236239 0.602884 0.236633
0 0.839974 0.060820 0.844912 0.064903 0.859725 0.077150 0.864663 0.081232 0.868412 0.076874 0.868994 0.076175 0.869567 0.075485 0.870121 0.074816 0.870646 0.074180 0.871139 0.073581 0.893099 0.046868 0.868377 0.026428 0.846249 0.053003 0.845753 0.053599 0.845227 0.054235 0.844674 0.054905 0.844104 0.055597 0.843528 0.056300 0.842772 0.057261 0.840720 0.059871
0 0.299427 0.725390 0.318997 0.750806 0.348394 0.728928 0.349043 0.728441 0.349706 0.727934 0.350380 0.727410 0.351054 0.726877 0.351715 0.726346 0.352238 0.725736 0.353473 0.724295 0.353940 0.723750 0.334397 0.698368 0.333896 0.698731 0.333340 0.699140 0.332741 0.699589 0.332107 0.700068 0.331443 0.700577 0.300187 0.724643
0 0.789293 0.370749 0.789660 0.371320 0.790082 0.371921 0.790552 0.372544 0.791062 0.373177 0.791608 0.373818 0.817582 0.403507 0.818559 0.403578 0.842701 0.382457 0.819578 0.352567 0.819061 0.351918 0.818516 0.351278 0.817946 0.350651 0.817362 0.350047 0.816774 0.349477 0.816057 0.349515 0.814184 0.349615 0.813403 0.349657 0.808581 0.353875
0 0.855240 0.669024 0.857456 0.675035 0.866321 0.699080 0.867287 0.699339 0.869511 0.699933 0.870489 0.700194 0.871311 0.699958 0.872133 0.699697 0.872940 0.699414 0.873720 0.699116 0.874465 0.698803 0.907962 0.684182 0.896866 0.654085 0.895604 0.653868 0.858592 0.667513 0.857811 0.667811 0.857078 0.668115 0.856398 0.668421 0.855782 0.668726
0 0.769516 0.873303 0.774368 0.912451 0.774481 0.913304 0.774613 0.914166 0.774762 0.915033 0.774926 0.915890 0.775102 0.916723 0.777118 0.918692 0.783527 0.917898 0.809161 0.914721 0.809125 0.914013 0.809061 0.913243 0.808972 0.912426 0.808858 0.911575 0.808720 0.910695 0.801915 0.869824 0.801278 0.869367
0 0.886700 0.516622 0.889006 0.517220 0.912356 0.520140 0.923746 0.482414 0.923959 0.481588 0.924087 0.480752 0.924133 0.479913 0.924095 0.479085 0.923974 0.478282 0.922243 0.477903 0.915830 0.476499 0.897246 0.473774 0.892547 0.473085 0.892128 0.473772 0.891774 0.474517 0.891491 0.475306 0.891283 0.476127 0.891153 0.476974
0 0.422862 0.878107 0.423541 0.881487 0.424290 0.881789 0.425074 0.882071 0.425878 0.882328 0.426690 0.882554 0.427503 0.882749 0.464808 0.891056 0.473906 0.860296 0.473596 0.859369 0.435768 0.848181 0.434956 0.847953 0.434159 0.847758 0.433384 0.847597 0.432642 0.847473 0.431948 0.847388 0.424679 0.871963
0 0.523504 0.612663 0.527926 0.617299 0.541193 0.631206 0.545616 0.635841 0.545925 0.635876 0.546951 0.635990 0.547537 0.635467 0.548141 0.634912 0.548753 0.634337 0.549362 0.633750 0.549964 0.633156 0.577406 0.605756 0.555264 0.582546 0.554860 0.582625 0.526318 0.609854 0.525707 0.610441 0.525115 0.611022 0.524543 0.611592 0.524003 0.612142
0 0.182251 0.447646 0.182300 0.447927 0.183870 0.450085 0.189030 0.457177 0.189427 0.457510 0.189771 0.457759 0.190058 0.457920 0.190281 0.457992 0.190440 0.457972 0.196307 0.455310 0.222188 0.436482 0.220305 0.433894 0.209384 0.428043 0.209170 0.427953 0.209024 0.427954 0.187698 0.443470 0.182367 0.447349 0.182274 0.447453
0 0.730199 0.162659 0.758973 0.176673 0.759393 0.176284 0.778079 0.139334 0.778478 0.138539 0.778857 0.137768 0.779213 0.137027 0.779540 0.136329 0.779833 0.135685 0.774028 0.132857 0.750805 0.121547 0.749416 0.123325 0.749027 0.124079 0.748632 0.124855 0.748237 0.125640 0.747850 0.126422 0.747471 0.127194
0 0.325233 0.659285 0.343073 0.694013 0.343469 0.694766 0.343879 0.695507 0.344301 0.696231 0.344727 0.696927 0.345150 0.697581 0.345549 0.697498 0.347026 0.697189 0.369333 0.684574 0.374910 0.681420 0.374606 0.680751 0.374267 0.680046 0.373898 0.679320 0.373507 0.678584 0.373096 0.677843 0.353678 0.643505 0.353155 0.643496
0 0.096737 0.484788 0.097410 0.488021 0.109677 0.493016 0.109925 0.493074 0.135049 0.487850 0.141330 0.486544 0.141533 0.486498 0.141710 0.486346 0.141859 0.486091 0.141976 0.485735 0.139719 0.474881 0.139450 0.474504 0.139191 0.474227 0.138945 0.474051 0.138718 0.473982 0.138510 0.474020 0.113371 0.479247 0.107086 0.480554
0 0.103854 0.589036 0.120669 0.623011 0.121050 0.623750 0.121464 0.624483 0.121906 0.625204 0.122370 0.625903 0.122848 0.626566 0.123703 0.626603 0.125725 0.626690 0.126489 0.626722 0.148614 0.613790 0.154145 0.610557 0.153904 0.609915 0.153613 0.609235 0.153276 0.608527 0.152899 0.607805 0.152484 0.607072 0.132578 0.573016 0.131547 0.572849
0 0.803132 0.881408 0.822421 0.895336 0.827225 0.898804 0.830964 0.901235 0.832110 0.901980 0.832691 0.901450 0.833251 0.900854 0.833779 0.900204 0.834266 0.899510 0.834710 0.898777 0.854170 0.864405 0.830151 0.846850 0.828741 0.846054 0.805036 0.877778 0.804544 0.878475 0.804105 0.879194 0.803718 0.879931 0.803392 0.880673
0 0.592285 0.861709 0.631415 0.867575 0.632266 0.867690 0.633111 0.867777 0.633944 0.867834 0.634751 0.867862 0.635518 0.867858 0.635580 0.867207 0.635721 0.865725 0.635782 0.865081 0.636347 0.858700 0.638607 0.833172 0.637863 0.833001 0.637075 0.832849 0.636257 0.832716 0.635422 0.832607 0.634576 0.832521 0.595282 0.829042 0.595114 0.829757
0 0.791994 0.143230 0.810903 0.160528 0.815630 0.164852 0.818241 0.162058 0.819041 0.161201 0.819643 0.160545 0.820241 0.159893 0.820825 0.159256 0.821914 0.158063 0.845656 0.132042 0.821989 0.110391 0.798085 0.136265 0.797552 0.136844 0.796992 0.137454 0.796410 0.138092 0.795815 0.138747 0.795218 0.139408 0.794461 0.140305 0.792671 0.142427
0 0.453799 0.411437 0.454858 0.413462 0.493541 0.421191 0.494379 0.421311 0.495216 0.421320 0.496048 0.421220 0.496859 0.421013 0.497636 0.420701 0.498287 0.412226 0.498485 0.409647 0.498454 0.407964 0.498446 0.407533 0.497709 0.407096 0.496921 0.406759 0.496095 0.406529 0.495247 0.406407 0.494381 0.406397 0.454050 0.408171
0 0.455137 0.258488 0.455405 0.259383 0.472494 0.294937 0.472859 0.295692 0.473213 0.296411 0.473553 0.297091 0.473873 0.297719 0.474168 0.298285 0.503040 0.284408 0.502911 0.283730 0.502482 0.281485 0.502137 0.280723 0.501779 0.279950 0.501414 0.279181 0.501048 0.278428 0.500684 0.277696 0.484048 0.244592
0 0.225744 0.911578 0.226486 0.911688 0.227279 0.911767 0.228109 0.911815 0.228961 0.911830 0.229830 0.911812 0.270023 0.910349 0.270160 0.909405 0.271256 0.877419 0.231832 0.876068 0.230978 0.876052 0.230126 0.876065 0.229280 0.876108 0.228455 0.876180 0.227665 0.876279 0.226850 0.879309
0 0.543210 0.422006 0.543897 0.422041 0.544641 0.422071 0.545428 0.422095 0.546246 0.422114 0.547090 0.422128 0.586534 0.422628 0.587117 0.422457 0.587524 0.390382 0.549468 0.389147 0.548634 0.389124 0.547792 0.389110 0.546947 0.389104 0.546114 0.389107 0.545308 0.389119 0.544948 0.389301 0.543972 0.389795 0.543617 0.389975 0.543535 0.396381
0 0.628363 0.207560 0.629014 0.207764 0.629726 0.207956 0.630488 0.208134 0.631287 0.208293 0.632118 0.208433 0.671092 0.214522 0.671863 0.213932 0.676814 0.182239 0.639824 0.174115 0.639010 0.173949 0.638182 0.173808 0.637343 0.173692 0.636509 0.173605 0.635694 0.173547 0.633808 0.175414 0.633307 0.175910 0.632318 0.182240
0 0.583172 0.251980 0.583846 0.252063 0.584580 0.252130 0.585360 0.252178 0.586173 0.252208 0.587015 0.252218 0.626462 0.252323 0.627136 0.251761 0.627221 0.219683 0.589432 0.217677 0.588602 0.217643 0.587762 0.217631 0.586915 0.217642 0.586077 0.217675 0.585263 0.217729 0.584792 0.218249 0.583257 0.219946
0 0.271423 0.218633 0.272057 0.227558 0.272227 0.229950 0.276409 0.234911 0.277431 0.236123 0.278206 0.236440 0.279016 0.236652 0.279847 0.236757 0.280684 0.236752 0.281523 0.236637 0.320250 0.229130 0.320023 0.225937 0.315816 0.219526 0.275495 0.217520 0.274628 0.217525 0.273779 0.217642 0.272953 0.217868 0.272163 0.218200
0 0.368191 0.423743 0.368914 0.423938 0.369681 0.424141 0.370477 0.424349 0.371289 0.424557 0.372114 0.424764 0.410382 0.434336 0.410553 0.434280 0.418336 0.403161 0.380283 0.393125 0.379455 0.392909 0.378633 0.392701 0.377821 0.392501 0.377034 0.392314 0.376285 0.392142 0.376031 0.392556 0.375963 0.392667 0.369745 0.417528
0 0.820001 0.496309 0.820521 0.497152 0.853037 0.498289 0.857422 0.461161 0.857508 0.460339 0.857573 0.459501 0.857616 0.458650 0.857636 0.457801 0.857633 0.456970 0.855536 0.454339 0.822908 0.453250 0.822785 0.453899 0.822675 0.454613 0.822581 0.455379 0.822503 0.456184 0.822442 0.457024
