0 0.414629 0.705467 0.440261 0.724753 0.463095 0.695392 0.463595 0.694743 0.464101 0.694075 0.464609 0.693393 0.465111 0.692708 0.465597 0.692033 0.466422 0.690053 0.466670 0.689455 0.461551 0.685603 0.441072 0.670196 0.440670 0.670700 0.440231 0.671260 0.439764 0.671864 0.439276 0.672502 0.438770 0.673172 0.415054 0.704694
0 0.661397 0.334748 0.661415 0.335130 0.700857 0.335837 0.701708 0.335846 0.702553 0.335843 0.703387 0.335827 0.704195 0.335798 0.704963 0.335756 0.705022 0.335478 0.705184 0.334712 0.705243 0.334430 0.705359 0.327973 0.705822 0.302147 0.705066 0.302093 0.704264 0.302054 0.703431 0.302029 0.702581 0.302021 0.701719 0.302028 0.661971 0.302676
0 0.235785 0.767366 0.235796 0.768176 0.236758 0.804750 0.268828 0.805436 0.269361 0.804358 0.270204 0.764919 0.270214 0.764083 0.270207 0.763290 0.270181 0.762543 0.270137 0.761856 0.270077 0.761241 0.263672 0.761104 0.244456 0.760693 0.238050 0.760556 0.236438 0.763167 0.235944 0.763968 0.235874 0.764817 0.235824 0.765677 0.235794 0.766532
0 0.189077 0.728551 0.189457 0.729260 0.189877 0.729977 0.190331 0.730688 0.190809 0.731382 0.191310 0.732055 0.214698 0.762428 0.241383 0.744627 0.241756 0.743751 0.219865 0.710936 0.219386 0.710239 0.218899 0.709578 0.218405 0.708955 0.217913 0.708381 0.217431 0.707866 0.212101 0.711421 0.196112 0.722087 0.190782 0.725643 0.190424 0.726253 0.189439 0.727933
0 0.413085 0.518088 0.413481 0.518692 0.413588 0.518855 0.414277 0.519228 0.415000 0.519614 0.415743 0.520005 0.416493 0.520395 0.417247 0.520781 0.451831 0.538424 0.466689 0.509994 0.466423 0.509793 0.431462 0.491522 0.430710 0.491131 0.429974 0.490749 0.429255 0.490378 0.428567 0.490026 0.427922 0.489698 0.416052 0.512410
0 0.217581 0.250984 0.217885 0.251645 0.218224 0.252352 0.218593 0.253093 0.218984 0.253853 0.219395 0.254629 0.238660 0.290522 0.239079 0.290654 0.267620 0.276172 0.249770 0.240994 0.249380 0.240232 0.248979 0.239469 0.248573 0.238711 0.248166 0.237970 0.247766 0.237258 0.246374 0.236374 0.223339 0.248062
0 0.489523 0.064473 0.489721 0.065118 0.518290 0.079542 0.536070 0.044329 0.536452 0.043559 0.536827 0.042774 0.537192 0.041978 0.537542 0.041185 0.537871 0.040409 0.537565 0.037965 0.508742 0.023412 0.508385 0.024029 0.508013 0.024708 0.507633 0.025439 0.507253 0.026207 0.506874 0.027010
0 0.131697 0.512976 0.133684 0.513906 0.134212 0.514153 0.164896 0.523353 0.165208 0.522673 0.165511 0.521944 0.165802 0.521178 0.166075 0.520387 0.166329 0.519577 0.177658 0.481791 0.177036 0.481380 0.146310 0.472168 0.132807 0.509004 0.132524 0.509809 0.132270 0.510618 0.132045 0.511424 0.131853 0.512215
0 0.804174 0.826030 0.804481 0.826750 0.845141 0.831145 0.846018 0.831229 0.846872 0.831288 0.847697 0.831320 0.848480 0.831325 0.849206 0.831304 0.850660 0.805514 0.851023 0.799067 0.849594 0.796789 0.848779 0.796652 0.847935 0.796533 0.847076 0.796433 0.846216 0.796354 0.845360 0.796297 0.805975 0.794077
0 0.799436 0.258248 0.805491 0.289705 0.806080 0.289641 0.806742 0.289553 0.807467 0.289441 0.808240 0.289309 0.809060 0.289156 0.847796 0.281699 0.848966 0.281130 0.842902 0.249631 0.807275 0.255237 0.806485 0.255369 0.805667 0.255520 0.804825 0.255690 0.803975 0.255877 0.803132 0.256076 0.802264 0.256586
0 0.789265 0.898677 0.792045 0.904449 0.800388 0.921765 0.803169 0.927536 0.803928 0.928126 0.806785 0.930343 0.807565 0.930083 0.808348 0.929777 0.809121 0.929431 0.809871 0.929051 0.810593 0.928638 0.843085 0.909082 0.829162 0.880184 0.828068 0.879489 0.792530 0.896611 0.791779 0.896991 0.791070 0.897392 0.790407 0.897812 0.789802 0.898242
0 0.384844 0.901110 0.384919 0.901686 0.385203 0.903854 0.393590 0.928285 0.395687 0.934393 0.396420 0.934221 0.397190 0.934006 0.397982 0.933752 0.398783 0.933464 0.399589 0.933143 0.436578 0.917755 0.436358 0.916932 0.425966 0.886661 0.388656 0.899470 0.387853 0.899758 0.387062 0.900069 0.386289 0.900402 0.385545 0.900751
0 0.092581 0.708891 0.093178 0.709506 0.093851 0.710036 0.094587 0.710475 0.095374 0.710813 0.096208 0.711049 0.135603 0.719871 0.143933 0.714844 0.145003 0.711828 0.109682 0.694263 0.108904 0.693929 0.108098 0.693702 0.107270 0.693581 0.106432 0.693569 0.105601 0.693667 0.096374 0.698198 0.095572 0.700458 0.093382 0.706632
0 0.600814 0.287348 0.600915 0.288029 0.634755 0.308302 0.635484 0.308730 0.636205 0.309132 0.636913 0.309505 0.637597 0.309844 0.638243 0.310142 0.641536 0.304646 0.654707 0.282663 0.654724 0.282103 0.654764 0.280761 0.654779 0.280247 0.654127 0.279794 0.653436 0.279341 0.652720 0.278898 0.651992 0.278472 0.651254 0.278066 0.617300 0.259831
0 0.492917 0.272283 0.520568 0.288456 0.520916 0.287920 0.521292 0.287323 0.521689 0.286676 0.522102 0.285989 0.522528 0.285267 0.542444 0.251216 0.542735 0.250317 0.515046 0.234122 0.495634 0.265682 0.495209 0.266380 0.494783 0.267101 0.494358 0.267839 0.493941 0.268581 0.493540 0.269315 0.493407 0.269946 0.493061 0.271595
0 0.904771 0.450485 0.935672 0.475005 0.936348 0.475530 0.937041 0.476039 0.937746 0.476529 0.938451 0.476992 0.939144 0.477421 0.939654 0.477208 0.941573 0.476406 0.957629 0.456172 0.961643 0.451113 0.961111 0.450608 0.960520 0.450088 0.959881 0.449562 0.959205 0.449039 0.958496 0.448523 0.925329 0.425005 0.924665 0.425415
0 0.173663 0.651458 0.174209 0.651999 0.174804 0.652549 0.175436 0.653096 0.176094 0.653632 0.176774 0.654153 0.208415 0.677731 0.228984 0.653117 0.229304 0.652523 0.199034 0.627228 0.198375 0.626690 0.197710 0.626176 0.197043 0.625690 0.196385 0.625238 0.195748 0.624829 0.191639 0.629745 0.175206 0.649410 0.174025 0.650977
0 0.505714 0.329123 0.506192 0.329691 0.506706 0.330286 0.507249 0.330898 0.507811 0.331518 0.508388 0.332140 0.535353 0.360933 0.535697 0.360898 0.559110 0.338972 0.533090 0.309665 0.532520 0.309031 0.531944 0.308409 0.531367 0.307802 0.530797 0.307222 0.530246 0.306679 0.530002 0.306795 0.529096 0.307226 0.524420 0.311605
0 0.367336 0.493551 0.367453 0.499956 0.367922 0.525579 0.367984 0.525617 0.368219 0.525758 0.368990 0.525748 0.369801 0.525736 0.370637 0.525722 0.371485 0.525706 0.372339 0.525688 0.411586 0.524813 0.411000 0.492741 0.370895 0.493412 0.369211 0.493443 0.368400 0.493459 0.367629 0.493475 0.367404 0.493533
0 0.012806 0.331754 0.014712 0.363775 0.016198 0.364061 0.055576 0.361717 0.056404 0.361662 0.057177 0.361598 0.057889 0.361525 0.058528 0.361444 0.059084 0.361357 0.057561 0.335775 0.057180 0.329380 0.056055 0.329084 0.053465 0.328405 0.053358 0.328377 0.052325 0.328107 0.051440 0.328119 0.050559 0.328147 0.049697 0.328190 0.048870 0.328245 0.048083 0.328315
0 0.091862 0.099071 0.093789 0.101860 0.094597 0.102183 0.095428 0.102492 0.096269 0.102784 0.097105 0.103053 0.097932 0.103297 0.135876 0.114082 0.144626 0.083296 0.144189 0.082454 0.104592 0.069051 0.103739 0.068773 0.102915 0.068528 0.102123 0.068317 0.101376 0.068144 0.100689 0.068013
0 0.000000 0.310589 0.019485 0.330355 0.020814 0.330438 0.045279 0.299493 0.045788 0.298823 0.046248 0.298155 0.046657 0.297494 0.047008 0.296848 0.047294 0.296232 0.042268 0.292258 0.027191 0.280338 0.022165 0.276365 0.021093 0.276198 0.018524 0.275799 0.017541 0.275647 0.016950 0.276227 0.016377 0.276848 0.015833 0.277499 0.015325 0.278168 0.014859 0.278852 0.014447 0.279531 0.014096 0.280193 0.000000 0.310461
0 0.878754 0.608312 0.879612 0.608945 0.911687 0.609262 0.914866 0.571352 0.914921 0.570521 0.914943 0.569680 0.914932 0.568834 0.914889 0.567998 0.914814 0.567188 0.914051 0.566750 0.912317 0.565756 0.911563 0.565324 0.879531 0.565007 0.879400 0.565687 0.879294 0.566426 0.879215 0.567209 0.879165 0.568024 0.879144 0.568867
0 0.591804 0.706257 0.591935 0.707104 0.623347 0.713600 0.632013 0.677199 0.632198 0.676396 0.632373 0.675576 0.632538 0.674743 0.632689 0.673911 0.632824 0.673096 0.632212 0.670987 0.632049 0.670427 0.625775 0.669129 0.600679 0.663939 0.600504 0.664572 0.600325 0.665269 0.600145 0.666018 0.599967 0.666805 0.599793 0.667627
0 0.625843 0.396929 0.626503 0.396965 0.627225 0.396994 0.627997 0.397016 0.628806 0.397030 0.629647 0.397036 0.669094 0.397160 0.669865 0.396927 0.669966 0.364850 0.632467 0.363810 0.631642 0.363792 0.630803 0.363785 0.629954 0.363789 0.629111 0.363803 0.628288 0.363828 0.627738 0.364078 0.625944 0.364895 0.625863 0.390522
0 0.865314 0.043037 0.877363 0.080599 0.877634 0.081390 0.877927 0.082127 0.878240 0.082807 0.878569 0.083418 0.878907 0.083950 0.885008 0.081993 0.903310 0.076122 0.909410 0.074165 0.910006 0.073187 0.911581 0.070600 0.912246 0.069507 0.912085 0.068662 0.911884 0.067821 0.911645 0.066999 0.911374 0.066210 0.911071 0.065459 0.896571 0.031832 0.866027 0.041630
0 0.210655 0.369644 0.211447 0.376052 0.214617 0.401688 0.214833 0.401908 0.215324 0.402408 0.215538 0.402625 0.216327 0.402571 0.217150 0.402503 0.217992 0.402424 0.218840 0.402334 0.219688 0.402233 0.258837 0.397393 0.254910 0.365630 0.254736 0.365277 0.214709 0.369105 0.213843 0.369193 0.212997 0.369293 0.212174 0.369402 0.211388 0.369520
0 0.913289 0.055461 0.918617 0.087019 0.957514 0.080452 0.958363 0.080297 0.959225 0.080114 0.960095 0.079903 0.960959 0.079669 0.961802 0.079414 0.963641 0.076964 0.964137 0.076303 0.959838 0.050833 0.958763 0.044465 0.958068 0.044507 0.957309 0.044588 0.956499 0.044708 0.955653 0.044863 0.954773 0.045054 0.913849 0.054514
0 0.039808 0.311006 0.040683 0.311902 0.042753 0.314021 0.043536 0.314822 0.049753 0.315875 0.074648 0.320091 0.074945 0.319510 0.075219 0.318856 0.075468 0.318139 0.075686 0.317374 0.075872 0.316561 0.083793 0.278269 0.082815 0.277094 0.051736 0.271883 0.040538 0.306903 0.040310 0.307682 0.040122 0.308491 0.039973 0.309324 0.039868 0.310168
0 0.892414 0.649575 0.893349 0.649843 0.896868 0.650849 0.897743 0.650931 0.898618 0.651003 0.899477 0.651065 0.900306 0.651115 0.901098 0.651152 0.936704 0.652624 0.938786 0.620614 0.937406 0.620315 0.898042 0.617756 0.897212 0.617705 0.896435 0.617664 0.895714 0.617635 0.895063 0.617616 0.894492 0.617609 0.892829 0.643182
0 0.059712 0.350008 0.059728 0.350846 0.059779 0.351695 0.059864 0.352540 0.059981 0.353366 0.062678 0.355277 0.063492 0.355853 0.089102 0.354918 0.095505 0.354684 0.095611 0.354031 0.095689 0.353314 0.095735 0.352546 0.095750 0.351740 0.095732 0.350900 0.094292 0.311479 0.093355 0.310665 0.061299 0.311836 0.059731 0.349186
0 0.824542 0.856266 0.826150 0.862468 0.830974 0.881073 0.832582 0.887274 0.835598 0.889367 0.836522 0.890008 0.837361 0.889886 0.838204 0.889727 0.839035 0.889533 0.839840 0.889308 0.840615 0.889054 0.875481 0.876794 0.867430 0.845743 0.866223 0.845055 0.828039 0.854956 0.827231 0.855180 0.826471 0.855425 0.825762 0.855691 0.825115 0.855973
0 0.383623 0.664308 0.415600 0.668778 0.416080 0.668772 0.416204 0.668022 0.416330 0.667231 0.416456 0.666411 0.416579 0.665578 0.416699 0.664735 0.422160 0.625668 0.422036 0.625571 0.390267 0.621131 0.384172 0.660235 0.384042 0.661085 0.383922 0.661925 0.383810 0.662753 0.383710 0.663551
