0 0.822813 0.594451 0.852662 0.606211 0.854286 0.606700 0.860193 0.591706 0.830206 0.579893 0.828693 0.579526
0 0.281442 0.335700 0.295249 0.357201 0.297865 0.360346 0.311144 0.351099 0.297216 0.329751 0.294627 0.326518
0 0.319113 0.603119 0.348176 0.616868 0.348871 0.616334 0.355714 0.601868 0.326783 0.588182 0.325987 0.588587
0 0.058864 0.847601 0.059595 0.850478 0.074338 0.855732 0.090217 0.827793 0.089365 0.825024 0.074761 0.819631
0 0.883427 0.124960 0.886495 0.140706 0.917985 0.134571 0.919910 0.132889 0.916828 0.117071 0.885193 0.123234
0 0.699259 0.568283 0.708241 0.599082 0.709200 0.599538 0.724671 0.595027 0.715647 0.564085 0.714659 0.563792
0 0.123465 0.049599 0.128504 0.064906 0.130207 0.066900 0.160680 0.056867 0.155664 0.041631 0.154078 0.039520
0 0.126807 0.246740 0.139680 0.256433 0.141332 0.257550 0.160630 0.231921 0.159068 0.230686 0.146194 0.220993
0 0.444182 0.214523 0.444438 0.215831 0.448186 0.231428 0.479380 0.223933 0.479285 0.222662 0.475520 0.206992
0 0.289188 0.356046 0.298471 0.369219 0.299394 0.369818 0.325620 0.351338 0.316380 0.338225 0.315534 0.337480
0 0.147634 0.006513 0.163879 0.034349 0.165420 0.036483 0.179274 0.028398 0.163103 0.000689 0.161552 0.000000
0 0.921828 0.228057 0.935096 0.237073 0.937100 0.235862 0.955214 0.209204 0.941885 0.200147 0.939860 0.201521
0 0.533012 0.712836 0.533393 0.715297 0.539493 0.717469 0.543749 0.714271 0.544150 0.713523 0.544710 0.712203 0.545344 0.710512 0.550764 0.695299 0.551372 0.693501 0.551861 0.691877 0.552154 0.690675 0.552209 0.690077 0.549781 0.684835 0.543751 0.682687
0 0.738483 0.346036 0.749655 0.376111 0.764692 0.370525 0.765911 0.369929 0.754687 0.339716 0.739581 0.345328
0 0.542804 0.588189 0.543001 0.588595 0.553134 0.601125 0.578196 0.580859 0.568063 0.568329 0.567751 0.568016
0 0.045607 0.031627 0.054930 0.062479 0.056970 0.064485 0.072326 0.059844 0.063045 0.029133 0.061033 0.026965
0 0.797374 0.213158 0.803400 0.228025 0.833133 0.215973 0.834667 0.214665 0.828613 0.199730 0.798743 0.211838
0 0.738530 0.138806 0.760735 0.161962 0.772314 0.150859 0.773567 0.149252 0.751260 0.125989 0.739629 0.137143
0 0.534114 0.785366 0.534271 0.786680 0.543707 0.799743 0.569835 0.780871 0.569515 0.779584 0.560122 0.766580
0 0.291658 0.453525 0.294601 0.469369 0.295542 0.469510 0.327085 0.463651 0.324156 0.447880 0.323347 0.447640
0 0.061524 0.614911 0.062803 0.630975 0.094931 0.628419 0.096788 0.627830 0.095515 0.611839 0.063534 0.614384
0 0.632285 0.087957 0.632301 0.094918 0.637397 0.098790 0.656760 0.073307 0.658572 0.068374 0.653417 0.064456 0.647837 0.067175 0.647368 0.067525 0.646528 0.068452 0.645445 0.069815 0.635674 0.082674 0.634517 0.084260 0.633466 0.085821 0.632683 0.087120
0 0.451757 0.867803 0.483576 0.872415 0.485883 0.856505 0.485947 0.854876 0.454274 0.850284 0.451978 0.866121
0 0.434152 0.204923 0.434454 0.206275 0.448328 0.214327 0.464430 0.186578 0.464267 0.185135 0.450328 0.177046
0 0.227468 0.918140 0.247535 0.943361 0.260146 0.933327 0.261245 0.931341 0.241269 0.906236 0.228717 0.916224
0 0.851461 0.485191 0.864285 0.494828 0.865962 0.494804 0.885325 0.469039 0.872443 0.459358 0.870736 0.459544
0 0.763971 0.784616 0.765187 0.785927 0.793563 0.801209 0.801204 0.787020 0.799824 0.785705 0.771577 0.770493
0 0.071833 0.492933 0.073753 0.508933 0.075707 0.508892 0.107561 0.505069 0.105649 0.489142 0.103834 0.489093
0 0.291110 0.633343 0.293250 0.649316 0.325194 0.645036 0.325996 0.644371 0.323865 0.628472 0.292067 0.632732
0 0.335433 0.079885 0.336187 0.081810 0.351087 0.087754 0.362975 0.057956 0.362344 0.055920 0.347376 0.049949
0 0.598572 0.442005 0.630286 0.446856 0.630886 0.446611 0.633322 0.430681 0.601463 0.425808 0.600998 0.426148
0 0.684588 0.490303 0.696518 0.501027 0.697423 0.501032 0.718970 0.477063 0.706986 0.466289 0.706037 0.466444
0 0.446460 0.502511 0.462016 0.530648 0.476085 0.522870 0.476194 0.522766 0.460709 0.494757 0.460529 0.494732
0 0.814473 0.665210 0.840019 0.684489 0.843950 0.686622 0.847851 0.681453 0.845505 0.675752 0.845055 0.675317 0.844059 0.674502 0.842670 0.673431 0.829779 0.663703 0.828212 0.662543 0.826713 0.661475 0.825511 0.660663 0.824788 0.660230 0.818328 0.660100
0 0.035874 0.831768 0.044903 0.845069 0.071505 0.827012 0.073464 0.825517 0.064477 0.812277 0.037996 0.830251
0 0.140126 0.363644 0.153961 0.371907 0.155547 0.372494 0.171998 0.344950 0.158226 0.336725 0.156652 0.335973
0 0.860637 0.055374 0.870007 0.068395 0.896048 0.049656 0.897871 0.047583 0.888458 0.034502 0.862297 0.053327
0 0.707334 0.158254 0.719375 0.187991 0.734243 0.181971 0.735322 0.180506 0.723225 0.150632 0.708288 0.156681
0 0.706976 0.417270 0.721883 0.445679 0.722905 0.445429 0.737175 0.437941 0.722198 0.409401 0.721180 0.409817
0 0.450103 0.759737 0.479212 0.773572 0.486130 0.759018 0.486193 0.757830 0.457217 0.744058 0.450331 0.758546
