0 0.794455 0.564444 0.822983 0.579121 0.824470 0.579485 0.831843 0.565156 0.803183 0.550411 0.801793 0.550180
0 0.855086 0.717905 0.872269 0.744998 0.873983 0.746126 0.887591 0.737495 0.870329 0.710277 0.868632 0.709313
0 0.514562 0.098668 0.517775 0.130589 0.533736 0.128982 0.533891 0.127274 0.530663 0.095206 0.514629 0.096820
0 0.516638 0.489876 0.548641 0.490222 0.548864 0.490177 0.549038 0.474102 0.516888 0.473755 0.516811 0.473875
0 0.890701 0.255104 0.891616 0.271119 0.923646 0.269290 0.925597 0.268228 0.924678 0.252139 0.892500 0.253977
0 0.475489 0.561036 0.506841 0.568509 0.510577 0.552833 0.510529 0.552591 0.479321 0.545152 0.479225 0.545360
0 0.562591 0.789560 0.562878 0.790890 0.573726 0.802754 0.597454 0.781059 0.597009 0.779774 0.586211 0.767964
0 0.112458 0.654659 0.123124 0.666688 0.124847 0.665925 0.148793 0.644692 0.138176 0.632719 0.136514 0.633328
0 0.860798 0.059773 0.868602 0.090892 0.884161 0.086990 0.885930 0.085088 0.878090 0.053826 0.862459 0.057746
0 0.046406 0.271585 0.048485 0.272632 0.077302 0.286734 0.084353 0.272325 0.082439 0.271277 0.053490 0.257110
0 0.710260 0.719540 0.711225 0.720549 0.743377 0.720705 0.743455 0.704629 0.742342 0.703694 0.710337 0.703538
0 0.023555 0.223448 0.026304 0.228854 0.033961 0.228205 0.035719 0.227907 0.051228 0.223652 0.053028 0.222973 0.057427 0.220315 0.058208 0.212065 0.055582 0.206651 0.024621 0.215146
0 0.596599 0.051558 0.612573 0.053030 0.613091 0.050972 0.616050 0.018878 0.600003 0.017399 0.599544 0.019611
0 0.234550 0.699681 0.249530 0.705624 0.250678 0.704681 0.262508 0.674860 0.247598 0.668944 0.246436 0.669722
0 0.801812 0.791521 0.802972 0.797816 0.810060 0.804783 0.826165 0.801815 0.824978 0.795373 0.817549 0.788620 0.815589 0.787500 0.814812 0.787187 0.813433 0.787056 0.811664 0.787125 0.809772 0.787384 0.808042 0.787793 0.806735 0.788291
0 0.375516 0.632524 0.390282 0.661173 0.404607 0.653790 0.405044 0.653086 0.390346 0.624568 0.376087 0.631917
0 0.243019 0.721070 0.256612 0.729726 0.257727 0.728674 0.274960 0.701612 0.261430 0.692996 0.260331 0.693884
0 0.514825 0.884346 0.514893 0.886116 0.521825 0.900663 0.550921 0.886799 0.550688 0.885026 0.543787 0.870545
0 0.037175 0.915503 0.043381 0.930375 0.073125 0.917961 0.075082 0.916046 0.068903 0.901242 0.039296 0.913599
0 0.027783 0.820492 0.049530 0.844173 0.051589 0.842600 0.063376 0.831776 0.041729 0.808203 0.039624 0.809619
0 0.658619 0.081412 0.661882 0.097118 0.693294 0.090592 0.694184 0.088707 0.690906 0.072929 0.659350 0.079485
0 0.782529 0.615805 0.792734 0.646221 0.794082 0.646894 0.809360 0.641768 0.799107 0.611212 0.797737 0.610702
0 0.697819 0.488910 0.712578 0.495094 0.713554 0.495071 0.725979 0.465418 0.711152 0.459205 0.710187 0.459392
0 0.190044 0.599940 0.218632 0.614651 0.219918 0.614127 0.227241 0.599898 0.198783 0.585254 0.197400 0.585645
0 0.641629 0.299102 0.657327 0.302404 0.658051 0.301494 0.664687 0.269954 0.648917 0.266637 0.648234 0.267706
0 0.614753 0.368319 0.625193 0.380498 0.649551 0.359618 0.650240 0.358972 0.639752 0.346737 0.615281 0.367713
0 0.375101 0.077406 0.375673 0.079343 0.406390 0.088604 0.411021 0.073245 0.410611 0.071280 0.379753 0.061977
0 0.037970 0.249490 0.043251 0.252353 0.048921 0.255323 0.052599 0.252004 0.053657 0.250806 0.054628 0.249240 0.062070 0.235032 0.062810 0.233331 0.063209 0.231748 0.063771 0.226972 0.058727 0.223815 0.052992 0.220811
0 0.263582 0.225077 0.272951 0.238189 0.273992 0.239389 0.300095 0.220737 0.290769 0.207686 0.289806 0.206340
0 0.865867 0.312813 0.869682 0.328394 0.900844 0.320762 0.902690 0.319937 0.898856 0.304285 0.867551 0.311952
0 0.963407 0.843372 0.965541 0.844953 0.981079 0.849227 0.989627 0.818151 0.987383 0.816693 0.971917 0.812438
0 0.075424 0.579296 0.079993 0.583117 0.080541 0.583457 0.081754 0.583889 0.083446 0.584347 0.099144 0.588142 0.101051 0.588554 0.102876 0.588857 0.104340 0.589003 0.105219 0.588972 0.111386 0.585911 0.112890 0.579689 0.081781 0.572168 0.076946 0.573003
0 0.951287 0.269280 0.966922 0.272863 0.969072 0.271818 0.976272 0.240402 0.960564 0.236802 0.958454 0.238008
0 0.736324 0.119353 0.751411 0.124803 0.752569 0.123076 0.763519 0.092763 0.748363 0.087288 0.747224 0.089179
0 0.164129 0.085753 0.165669 0.087651 0.197711 0.089251 0.198511 0.073230 0.197123 0.071265 0.164933 0.069658
0 0.145813 0.504848 0.169863 0.526304 0.171376 0.526184 0.182055 0.514214 0.158115 0.492856 0.156541 0.492823
0 0.081929 0.000000 0.090757 0.025013 0.092633 0.027190 0.108060 0.022796 0.099273 0.000000
0 0.461505 0.573705 0.493760 0.576483 0.494316 0.570032 0.494381 0.569232 0.491435 0.565946 0.491080 0.565828 0.490050 0.565665 0.488502 0.565482 0.486670 0.565306 0.470690 0.563930 0.468848 0.563789 0.467268 0.563702 0.466190 0.563684 0.465779 0.563736 0.462494 0.566485 0.462060 0.567254
0 0.094823 0.761551 0.121063 0.780130 0.122796 0.778849 0.132043 0.765789 0.105923 0.747295 0.104113 0.748431
0 0.289993 0.653865 0.291478 0.669911 0.323572 0.666941 0.324380 0.666176 0.322902 0.650203 0.290956 0.653159
