0 0.697052 0.201330 0.710721 0.209725 0.711692 0.208388 0.728558 0.180924 0.714826 0.172490 0.713841 0.173992
0 0.184077 0.926482 0.199879 0.929644 0.201255 0.927675 0.207550 0.896216 0.191821 0.893068 0.190402 0.894878
0 0.119620 0.935878 0.125798 0.950719 0.155481 0.938363 0.157056 0.936359 0.150906 0.921585 0.121359 0.933885
0 0.301603 0.696641 0.303223 0.712674 0.335290 0.709434 0.336045 0.708474 0.334432 0.692514 0.302512 0.695740
0 0.695821 0.658851 0.696723 0.659582 0.712538 0.662676 0.718725 0.631045 0.717723 0.630444 0.701980 0.627365
0 0.676462 0.527867 0.680211 0.543464 0.681040 0.543664 0.712378 0.536132 0.708612 0.520463 0.707656 0.520370
0 0.783050 0.283255 0.795191 0.293680 0.796546 0.292733 0.817493 0.268340 0.805297 0.257867 0.803901 0.258974
0 0.774961 0.162973 0.789357 0.170049 0.790690 0.168530 0.804907 0.139605 0.790445 0.132496 0.789114 0.134181
0 0.775150 0.898071 0.776268 0.900888 0.808206 0.905104 0.810852 0.890043 0.809576 0.887270 0.777724 0.883065
0 0.792062 0.884063 0.793407 0.885831 0.825360 0.890050 0.827469 0.874073 0.825968 0.872359 0.794161 0.868160
0 0.593175 0.405325 0.605224 0.415856 0.607686 0.413887 0.611997 0.408955 0.611170 0.404736 0.611039 0.404364 0.610365 0.403557 0.609252 0.402437 0.607869 0.401177 0.606428 0.399969 0.605151 0.399000 0.604234 0.398417 0.603815 0.398308 0.599666 0.398178 0.597387 0.400505
0 0.168434 0.889116 0.182971 0.896072 0.184424 0.894257 0.198272 0.865317 0.183803 0.858393 0.182347 0.860043
0 0.228266 0.986079 0.243461 0.991445 0.244637 0.989193 0.255321 0.958941 0.240195 0.953600 0.238999 0.955688
0 0.496250 0.184535 0.496267 0.185977 0.527833 0.191259 0.530474 0.175476 0.530614 0.173985 0.498903 0.168679
0 0.380532 0.557790 0.392131 0.568977 0.392625 0.568661 0.414899 0.545570 0.403353 0.534434 0.402908 0.534592
0 0.060564 0.757436 0.091014 0.768000 0.092889 0.766772 0.098146 0.751617 0.067836 0.741101 0.065846 0.742211
0 0.189239 0.791340 0.205014 0.794634 0.206366 0.793283 0.212923 0.761878 0.197221 0.758600 0.195826 0.759790
0 0.429276 0.880894 0.445172 0.884143 0.445828 0.881873 0.451593 0.851178 0.435853 0.847954 0.435243 0.850320
0 0.481715 0.256557 0.481799 0.257673 0.484544 0.273478 0.516154 0.267987 0.516228 0.266919 0.513470 0.251041
0 0.420323 0.884959 0.451702 0.892318 0.455382 0.876628 0.455586 0.874902 0.424351 0.867577 0.420689 0.883195
0 0.913557 0.342557 0.925464 0.353307 0.927423 0.352631 0.949021 0.328709 0.937060 0.317909 0.935057 0.318744
0 0.595379 0.798336 0.595819 0.799710 0.622962 0.817088 0.631651 0.803516 0.631048 0.802125 0.604029 0.784826
0 0.230750 0.671868 0.236719 0.686837 0.266657 0.674899 0.267727 0.674098 0.261785 0.659197 0.231984 0.671080
0 0.686592 0.296058 0.718597 0.298288 0.719603 0.297360 0.720723 0.281283 0.688571 0.279043 0.687707 0.280056
0 0.789215 0.940845 0.790547 0.942875 0.818887 0.958224 0.826562 0.944054 0.825065 0.942019 0.796855 0.926740
0 0.957979 0.095227 0.964310 0.096169 0.970836 0.091168 0.976311 0.086413 0.977003 0.085492 0.977700 0.083972 0.978297 0.082084 0.978701 0.080117 0.978849 0.078374 0.978720 0.077123 0.977584 0.070523 0.971105 0.069559 0.960335 0.079399
0 0.896902 0.276954 0.899510 0.292782 0.931166 0.287565 0.933151 0.286587 0.930531 0.270686 0.898729 0.275927
0 0.577529 0.228106 0.592773 0.233103 0.593200 0.231874 0.603239 0.201247 0.587926 0.196228 0.577886 0.226855
0 0.549900 0.448812 0.578136 0.464044 0.578496 0.463878 0.586147 0.449695 0.557781 0.434393 0.557516 0.434694
0 0.185194 0.535655 0.216985 0.540955 0.218282 0.540767 0.220920 0.524945 0.189275 0.519669 0.187844 0.519759
0 0.801934 0.475751 0.803007 0.482062 0.810096 0.481642 0.826241 0.478895 0.825142 0.472437 0.819521 0.469755 0.819461 0.469733 0.815788 0.470080 0.815010 0.470182 0.813629 0.470390 0.811856 0.470674 0.809959 0.470991 0.808225 0.471292 0.806914 0.471533 0.806227 0.471676
0 0.737943 0.162481 0.769522 0.167680 0.770760 0.166154 0.773371 0.150292 0.741647 0.145069 0.740542 0.146691
0 0.532393 0.814445 0.532543 0.815892 0.548337 0.819093 0.554738 0.787505 0.554487 0.786187 0.538766 0.783001
0 0.675441 0.179482 0.691088 0.183018 0.691968 0.181559 0.699073 0.150122 0.683354 0.146569 0.682514 0.148189
0 0.279370 0.943920 0.279495 0.945819 0.279781 0.947782 0.280184 0.949506 0.280643 0.950726 0.284191 0.956239 0.290630 0.955035 0.295417 0.944632 0.292475 0.928903 0.286184 0.930079 0.282184 0.936344 0.279651 0.941418 0.279425 0.942374
0 0.247695 0.921782 0.257255 0.952562 0.272645 0.947782 0.273687 0.945730 0.264171 0.915091 0.248851 0.919849
0 0.293180 0.859479 0.321360 0.875121 0.329181 0.861032 0.329964 0.859377 0.301913 0.843806 0.301001 0.845389
0 0.344860 0.618449 0.351932 0.632930 0.380893 0.618788 0.381439 0.618243 0.374400 0.603829 0.345571 0.617906
0 0.522844 0.500336 0.537510 0.506834 0.537683 0.506866 0.550739 0.477398 0.536006 0.470870 0.535841 0.471004
0 0.727750 0.812905 0.731291 0.818237 0.733965 0.821917 0.737814 0.821356 0.738954 0.821136 0.740443 0.820507 0.742051 0.819566 0.755504 0.810631 0.756981 0.809524 0.758096 0.808424 0.760934 0.804007 0.757352 0.798613 0.754411 0.795200
