0 0.339031 0.433002 0.340033 0.449086 0.340766 0.449319 0.372786 0.447326 0.371790 0.431315 0.371199 0.430999
0 0.722425 0.907429 0.723449 0.909305 0.753392 0.921231 0.759355 0.906260 0.758166 0.904398 0.728361 0.892526
0 0.805705 0.405215 0.818622 0.414726 0.820089 0.414334 0.839199 0.388380 0.826223 0.378825 0.824727 0.379380
0 0.920035 0.618650 0.921612 0.634614 0.923553 0.635233 0.955627 0.632064 0.954042 0.616027 0.951962 0.615495
0 0.235241 0.395151 0.237930 0.411000 0.239128 0.411407 0.270682 0.406053 0.268005 0.390277 0.266940 0.389773
0 0.263086 0.682510 0.268302 0.714236 0.284165 0.711627 0.285152 0.710660 0.279959 0.679079 0.264169 0.681676
0 0.884413 0.702066 0.896804 0.712253 0.898631 0.713230 0.919100 0.688334 0.906652 0.678100 0.904788 0.677284
0 0.441178 0.967376 0.452450 0.978892 0.475484 0.956348 0.475596 0.954256 0.464375 0.942792 0.441448 0.965234
0 0.570912 0.273378 0.581420 0.285498 0.605660 0.264482 0.606147 0.263397 0.595590 0.251221 0.571238 0.272335
0 0.652092 0.630783 0.652299 0.631611 0.652749 0.632969 0.653374 0.634652 0.654079 0.636405 0.654758 0.637964 0.655308 0.639093 0.655646 0.639619 0.657456 0.641243 0.662805 0.643867 0.668914 0.641503 0.663002 0.626230 0.659276 0.623344 0.653307 0.625655
0 0.577081 0.872908 0.577972 0.877219 0.607691 0.890060 0.610260 0.884116 0.608999 0.879726 0.608027 0.877492 0.607548 0.876849 0.606470 0.876014 0.604957 0.875115 0.603239 0.874286 0.588516 0.867925 0.586848 0.867291 0.585478 0.866945 0.584614 0.866940 0.579620 0.867032
0 0.115729 0.802767 0.133592 0.829767 0.138992 0.826195 0.143118 0.822466 0.142236 0.817794 0.141641 0.816255 0.140718 0.814636 0.131869 0.801260 0.130756 0.799802 0.129619 0.798723 0.125460 0.795774 0.120121 0.799306
0 0.339661 0.548088 0.351633 0.558817 0.352311 0.558548 0.373671 0.534715 0.361755 0.524035 0.361120 0.524145
0 0.093147 0.746067 0.105468 0.756453 0.107277 0.755277 0.127954 0.730747 0.115689 0.720408 0.113919 0.721423
0 0.398873 0.806965 0.427744 0.821292 0.434908 0.806857 0.435206 0.805450 0.406468 0.791189 0.399337 0.805558
0 0.884795 0.828277 0.904318 0.853736 0.906180 0.855365 0.918968 0.845558 0.899355 0.819982 0.897525 0.818516
0 0.694713 0.387566 0.706908 0.397989 0.707860 0.397519 0.728801 0.373018 0.716550 0.362548 0.715558 0.363178
0 0.171384 0.422239 0.181065 0.435122 0.182527 0.435419 0.208174 0.416145 0.198537 0.403322 0.197149 0.402876
0 0.827867 0.971680 0.829377 0.973852 0.856741 0.990880 0.865256 0.977198 0.863582 0.975011 0.836342 0.958060
0 0.512183 0.151566 0.518636 0.166252 0.548008 0.153347 0.548229 0.151751 0.541747 0.136997 0.512239 0.149961
0 0.658896 0.187813 0.688834 0.199347 0.689703 0.197963 0.695497 0.182925 0.665421 0.171338 0.664663 0.172845
0 0.545544 0.044608 0.549012 0.060270 0.580336 0.053334 0.580706 0.051277 0.577222 0.035543 0.545754 0.042511
0 0.364697 0.406363 0.365317 0.406792 0.379429 0.414419 0.394683 0.386195 0.394198 0.385671 0.380021 0.378009
0 0.443782 0.424421 0.444039 0.424767 0.460065 0.425475 0.461481 0.393424 0.461304 0.392933 0.445204 0.392222
0 0.490980 0.222245 0.491021 0.223518 0.522810 0.227851 0.524976 0.211957 0.525091 0.210631 0.493156 0.206277
0 0.331471 0.185714 0.332244 0.187154 0.340008 0.201191 0.368082 0.185662 0.367474 0.184214 0.359674 0.170113
0 0.667308 0.796142 0.668078 0.797505 0.684147 0.798733 0.686602 0.766597 0.685747 0.765375 0.669752 0.764153
0 0.438565 0.070595 0.438846 0.072563 0.454878 0.073116 0.455984 0.041053 0.455781 0.038940 0.439676 0.038384
0 0.525959 0.650137 0.526078 0.650828 0.540486 0.679659 0.554901 0.672455 0.554649 0.671664 0.540308 0.642966
0 0.323553 0.123590 0.324360 0.125311 0.338051 0.133595 0.354618 0.106211 0.353950 0.104403 0.340196 0.096081
0 0.133378 0.039635 0.135059 0.041745 0.147707 0.051611 0.167439 0.026315 0.165908 0.024134 0.153201 0.014222
0 0.392012 0.676704 0.395264 0.692488 0.426831 0.685983 0.427167 0.685131 0.423929 0.669420 0.392507 0.675895
0 0.262013 0.317741 0.270009 0.331732 0.271063 0.332503 0.298917 0.316584 0.290958 0.302657 0.289995 0.301748
0 0.806706 0.031682 0.832216 0.051137 0.841944 0.038382 0.843518 0.036257 0.817890 0.016712 0.808118 0.029525
0 0.963341 0.798966 0.989705 0.817248 0.991959 0.818709 1.000000 0.805466 0.998846 0.804066 0.974657 0.787100 0.972482 0.785784
0 0.366847 0.992152 0.381436 0.998905 0.394941 0.969727 0.395422 0.967580 0.380900 0.960858 0.367456 0.989902
0 0.051233 0.150189 0.053705 0.166113 0.055750 0.167643 0.087453 0.162722 0.084992 0.146870 0.083081 0.145244
0 0.705821 0.559897 0.706769 0.560173 0.722584 0.563269 0.728775 0.531639 0.712960 0.528543 0.711984 0.528412
0 0.369431 0.193468 0.370924 0.196972 0.374007 0.202581 0.402054 0.187166 0.400922 0.183549 0.397803 0.177875 0.393460 0.178031 0.392421 0.178176 0.390963 0.178691 0.389309 0.179500 0.375156 0.187278 0.373564 0.188254 0.372283 0.189244 0.371508 0.190097
