0 0.703721 0.872860 0.704659 0.874576 0.714285 0.887500 0.740133 0.868248 0.739032 0.866560 0.729450 0.853695
0 0.175344 0.530471 0.186823 0.541781 0.188258 0.541590 0.210776 0.518737 0.199349 0.507478 0.197965 0.507513
0 0.285977 0.904381 0.295876 0.935054 0.311212 0.930105 0.312077 0.928133 0.302224 0.897601 0.286958 0.902528
0 0.013805 0.764781 0.028839 0.770585 0.030998 0.769345 0.042553 0.739416 0.027589 0.733638 0.025413 0.734714
0 0.364094 0.570079 0.373606 0.583088 0.374185 0.582707 0.400083 0.563771 0.390616 0.550822 0.390112 0.551056
0 0.620507 0.818338 0.621062 0.819804 0.631897 0.831732 0.655754 0.810061 0.655040 0.808640 0.644254 0.796766
0 0.124683 0.856961 0.154989 0.867929 0.156570 0.866243 0.162029 0.851159 0.131862 0.840241 0.130167 0.841808
0 0.366801 0.456567 0.367412 0.456766 0.383446 0.457220 0.384355 0.425150 0.383822 0.424806 0.367714 0.424349
0 0.513376 0.141754 0.527568 0.170527 0.541955 0.163430 0.542148 0.161881 0.527890 0.132976 0.513437 0.140105
0 0.530474 0.370409 0.555677 0.390136 0.565540 0.377535 0.565841 0.376972 0.540523 0.357155 0.530614 0.369814
0 0.693342 0.655215 0.694232 0.655930 0.724206 0.667777 0.730130 0.652790 0.729075 0.652090 0.699238 0.640297
0 0.140605 0.096811 0.142762 0.112782 0.144399 0.114556 0.176193 0.110263 0.174046 0.094366 0.172545 0.092498
0 0.102135 0.210298 0.103959 0.211626 0.117800 0.219735 0.134017 0.192053 0.132332 0.190635 0.118428 0.182489
0 0.240504 0.854642 0.245200 0.859099 0.267486 0.835615 0.270143 0.831779 0.265500 0.827373 0.259520 0.829067 0.259070 0.829458 0.258175 0.830345 0.256971 0.831594 0.245930 0.843228 0.244596 0.844654 0.243330 0.846044 0.242323 0.847189 0.241730 0.847914 0.241642 0.848107
0 0.119229 0.435408 0.125263 0.466988 0.126977 0.467139 0.142695 0.464135 0.136688 0.432700 0.135019 0.432390
0 0.869973 0.057988 0.887102 0.085115 0.900666 0.076550 0.902510 0.074600 0.885303 0.047348 0.871677 0.055952
0 0.810634 0.314772 0.825468 0.320877 0.826966 0.320053 0.839233 0.290248 0.824331 0.284114 0.822845 0.285104
0 0.554245 0.694228 0.554494 0.695120 0.584586 0.706443 0.590247 0.691397 0.589835 0.690522 0.559880 0.679251
0 0.952553 0.489527 0.960019 0.503681 0.962131 0.503698 0.990570 0.488699 0.983070 0.474479 0.980862 0.474596
0 0.596266 0.861575 0.596708 0.863236 0.617430 0.887819 0.629721 0.877458 0.629128 0.875732 0.608501 0.851262
0 0.245862 0.509961 0.258193 0.520275 0.259299 0.520182 0.279832 0.495633 0.267557 0.485366 0.266490 0.485299
0 0.648943 0.296337 0.677957 0.310028 0.678777 0.309153 0.685654 0.294579 0.656506 0.280825 0.655788 0.281830
0 0.276183 0.580883 0.296270 0.606089 0.297204 0.605602 0.309749 0.595605 0.289754 0.570515 0.288786 0.570840
0 0.146037 0.495047 0.158499 0.524771 0.160065 0.524657 0.174858 0.518455 0.162453 0.488868 0.160899 0.488816
0 0.723146 0.527271 0.734760 0.557178 0.735840 0.557441 0.750863 0.551608 0.739196 0.521563 0.738099 0.521465
0 0.923240 0.535103 0.936715 0.543806 0.938726 0.544007 0.956211 0.516932 0.942673 0.508190 0.940644 0.508152
0 0.374725 0.915587 0.387820 0.925421 0.391754 0.920183 0.394228 0.910578 0.392948 0.907511 0.392232 0.906430 0.391064 0.905189 0.389620 0.903977 0.388118 0.902977 0.386785 0.902339 0.381432 0.900968 0.377589 0.906087
0 0.336748 0.978156 0.338088 0.984491 0.369762 0.977791 0.371251 0.972330 0.369926 0.966067 0.364269 0.965224 0.362842 0.965201 0.361077 0.965460 0.345385 0.968780 0.343543 0.969284 0.341897 0.969957 0.340698 0.970698 0.338614 0.972691
0 0.162828 0.475566 0.163239 0.480115 0.169350 0.482476 0.176908 0.482877 0.182677 0.467951 0.176707 0.465643 0.169143 0.464839 0.166086 0.467136 0.165325 0.468089 0.164498 0.469548 0.163732 0.471289 0.163146 0.473046 0.162828 0.474548
0 0.119969 0.738852 0.125164 0.754107 0.155674 0.743717 0.157252 0.742600 0.152081 0.727415 0.121711 0.737758
0 0.854162 0.357516 0.885581 0.364008 0.887356 0.363382 0.890618 0.347601 0.859054 0.341078 0.857409 0.341806
0 0.859053 0.894813 0.860480 0.901053 0.868914 0.910436 0.884878 0.906785 0.883418 0.900399 0.874653 0.891246 0.872056 0.890445 0.870623 0.890242 0.868825 0.890299 0.866934 0.890607 0.865234 0.891120 0.863983 0.891760
0 0.710485 0.359328 0.726459 0.360789 0.727502 0.360148 0.730438 0.328052 0.714390 0.326584 0.713407 0.327379
0 0.570216 0.234998 0.601972 0.239565 0.602441 0.238366 0.604735 0.222414 0.572833 0.217827 0.572499 0.219120
0 0.440550 0.290418 0.440823 0.291379 0.459731 0.317297 0.472690 0.307843 0.472564 0.306958 0.453569 0.280921
0 0.916869 0.304496 0.932151 0.309373 0.934141 0.308495 0.943939 0.277790 0.928586 0.272891 0.926622 0.273932
0 0.650604 0.400436 0.657825 0.431616 0.673415 0.428005 0.674212 0.427674 0.666957 0.396352 0.651296 0.399979
0 0.675692 0.906745 0.679898 0.922225 0.680727 0.924169 0.711829 0.915717 0.707603 0.900166 0.706651 0.898332
0 0.350847 0.508885 0.366207 0.513761 0.366820 0.513698 0.376527 0.483119 0.361237 0.478266 0.360599 0.478166
0 0.523915 0.410305 0.531300 0.424501 0.559693 0.409732 0.559967 0.409318 0.552548 0.395056 0.524025 0.409893
