0 0.134068 0.761154 0.148158 0.769350 0.148771 0.768428 0.166290 0.740393 0.152306 0.732207 0.134622 0.760198
0 0.894279 0.034127 0.909326 0.062462 0.923493 0.054939 0.925443 0.052889 0.910327 0.024424 0.896094 0.031982
0 0.234749 0.094715 0.242185 0.108968 0.243364 0.110756 0.271739 0.095952 0.264337 0.081765 0.263255 0.079844
0 0.556038 0.701702 0.556777 0.733698 0.557038 0.734771 0.573109 0.734400 0.572367 0.702257 0.572036 0.701332
0 0.262542 0.482269 0.273091 0.512724 0.274131 0.512665 0.289289 0.507415 0.278789 0.477100 0.277770 0.476994
0 0.765303 0.700090 0.765764 0.712688 0.797624 0.717839 0.799320 0.713876 0.798577 0.701228 0.766884 0.696104
0 0.419274 0.626695 0.434584 0.631725 0.434883 0.631122 0.444897 0.600642 0.429657 0.595635 0.429334 0.596075
0 0.038927 0.908976 0.056913 0.935721 0.070285 0.926729 0.072255 0.924773 0.054351 0.898150 0.041040 0.907102
0 0.804731 0.054634 0.808195 0.086529 0.824142 0.084797 0.825635 0.082886 0.822155 0.050844 0.806134 0.052583
0 0.748034 0.442373 0.763098 0.447886 0.764309 0.447646 0.775385 0.417379 0.760252 0.411841 0.759059 0.412245
0 0.821056 0.050738 0.830430 0.063755 0.856465 0.045008 0.858106 0.042913 0.848689 0.029835 0.822535 0.048669
0 0.529144 0.485976 0.534973 0.517525 0.535134 0.517606 0.550981 0.514678 0.545125 0.482984 0.529278 0.485912
0 0.446725 0.433948 0.452837 0.448817 0.453052 0.449051 0.482654 0.436884 0.482574 0.436594 0.476463 0.421725
0 0.689969 0.777793 0.707107 0.804821 0.708059 0.806221 0.721635 0.797613 0.704418 0.770460 0.703483 0.769223
0 0.109872 0.853772 0.112599 0.859645 0.119016 0.859644 0.119540 0.859606 0.120680 0.859214 0.122262 0.858528 0.136910 0.851727 0.138687 0.850854 0.140382 0.849930 0.141736 0.849096 0.142542 0.848481 0.146056 0.842057 0.143360 0.836252 0.114331 0.849728
0 0.248651 0.923204 0.252280 0.928567 0.258271 0.927491 0.258869 0.927382 0.259990 0.926822 0.261462 0.925895 0.274838 0.916844 0.276432 0.915696 0.277900 0.914504 0.279017 0.913453 0.279613 0.912701 0.281618 0.905732 0.278030 0.900431 0.251524 0.918367
0 0.195142 0.901617 0.210710 0.905779 0.212036 0.903919 0.220322 0.872925 0.204825 0.868783 0.203466 0.870480
0 0.368330 0.356120 0.379284 0.386431 0.379837 0.386952 0.394923 0.381500 0.384020 0.351327 0.383486 0.350643
0 0.060597 0.112496 0.062606 0.114268 0.075001 0.124389 0.095243 0.099598 0.093384 0.097759 0.080932 0.087592
0 0.923930 0.585324 0.944331 0.609983 0.946371 0.610489 0.958758 0.600241 0.938263 0.575468 0.936260 0.575123
0 0.883509 0.786900 0.885274 0.788221 0.917442 0.790225 0.918444 0.774141 0.916526 0.772884 0.884506 0.770890
0 0.728945 0.952117 0.734187 0.967236 0.735263 0.969382 0.765640 0.958849 0.760374 0.943660 0.759183 0.941632
0 0.723687 0.693936 0.735754 0.704505 0.736840 0.705447 0.758075 0.681201 0.745952 0.670584 0.744825 0.669802
0 0.947659 0.946665 0.950735 0.978599 0.952811 0.980803 0.968851 0.979258 0.965761 0.947176 0.963627 0.945127
0 0.356048 0.393914 0.358027 0.409907 0.358678 0.410320 0.390518 0.406380 0.388548 0.390460 0.388034 0.389956
0 0.681224 0.637315 0.685740 0.641851 0.687887 0.643491 0.692015 0.642749 0.692974 0.642168 0.694232 0.641167 0.695598 0.639896 0.707043 0.628502 0.708303 0.627160 0.709259 0.625957 0.709768 0.625077 0.710832 0.620651 0.706264 0.616062 0.703906 0.614736
0 0.437286 0.735198 0.456924 0.760655 0.469653 0.750835 0.469791 0.749689 0.450243 0.724348 0.437572 0.734122
0 0.600962 0.215417 0.616442 0.219623 0.616978 0.218332 0.625428 0.187229 0.609877 0.183004 0.609373 0.184457
0 0.067447 0.577434 0.080412 0.606941 0.082335 0.606451 0.097022 0.599999 0.084116 0.570626 0.082201 0.570951
0 0.031410 0.886221 0.033638 0.902181 0.065559 0.897726 0.067550 0.895903 0.065332 0.880015 0.033558 0.884451
0 0.715549 0.284498 0.728499 0.293899 0.733845 0.289077 0.737693 0.283776 0.735722 0.279808 0.735131 0.278934 0.734023 0.277833 0.732567 0.276672 0.730987 0.275629 0.729527 0.274866 0.728409 0.274499 0.724440 0.274155 0.719310 0.279318
0 0.753975 0.235870 0.761779 0.249885 0.789809 0.234277 0.791144 0.233054 0.783304 0.218974 0.755145 0.234654
0 0.852970 0.720576 0.858221 0.752147 0.859866 0.753305 0.875724 0.750668 0.870450 0.718952 0.868756 0.717951
0 0.258691 0.554962 0.272689 0.562945 0.273731 0.562657 0.289625 0.534788 0.275690 0.526841 0.274658 0.526965
0 0.235520 0.367341 0.243755 0.398420 0.244927 0.398884 0.260395 0.394786 0.252198 0.363849 0.251060 0.363223
0 0.276095 0.971325 0.285500 0.984411 0.311672 0.965602 0.312535 0.963468 0.303174 0.950442 0.277121 0.969165
0 0.505894 0.248483 0.508614 0.254277 0.537585 0.240676 0.538020 0.237678 0.535268 0.231817 0.530406 0.231432 0.529490 0.231577 0.528090 0.232043 0.526419 0.232760 0.511800 0.239623 0.510119 0.240480 0.508690 0.241342 0.507731 0.242077 0.507389 0.242573 0.505962 0.245575
0 0.192796 0.054738 0.194204 0.056779 0.204549 0.069038 0.229068 0.048348 0.227821 0.046269 0.217428 0.033952
0 0.718872 0.030875 0.740974 0.054130 0.752601 0.043079 0.753765 0.040975 0.731561 0.017613 0.719880 0.028715
0 0.128618 0.768573 0.151087 0.791680 0.152686 0.790343 0.164187 0.779160 0.141821 0.756159 0.140172 0.757338
