0 0.509960 0.679037 0.510456 0.688500 0.510736 0.693762 0.542796 0.692066 0.542571 0.682602 0.542188 0.677332 0.534001 0.676880 0.517941 0.677730
0 0.076426 0.710857 0.083435 0.742463 0.089757 0.741062 0.094446 0.738306 0.095212 0.735124 0.095437 0.733842 0.095401 0.732144 0.095108 0.730285 0.091636 0.714627 0.091130 0.712884 0.090487 0.711518 0.087517 0.707061 0.081268 0.708447
0 0.771396 0.381519 0.803234 0.385474 0.804630 0.384947 0.806617 0.368955 0.774632 0.364981 0.773374 0.365600
0 0.139305 0.706155 0.170784 0.713075 0.172293 0.712098 0.175737 0.696431 0.144402 0.689543 0.142765 0.690416
0 0.138320 0.142351 0.139974 0.143987 0.168683 0.158131 0.175755 0.143776 0.174266 0.142140 0.145425 0.127931
0 0.124010 0.039345 0.131228 0.053709 0.132914 0.055750 0.161512 0.041380 0.154327 0.027082 0.152739 0.024909
0 0.763055 0.330404 0.791429 0.345377 0.792771 0.344665 0.800292 0.330413 0.771788 0.315370 0.770542 0.316217
0 0.600089 0.866893 0.600550 0.868582 0.614808 0.876091 0.629827 0.847574 0.629232 0.845981 0.615038 0.838506
0 0.892685 0.901579 0.894493 0.903428 0.909442 0.909446 0.921478 0.879547 0.919546 0.877808 0.904665 0.871818
0 0.323941 0.242389 0.326292 0.258332 0.327088 0.259439 0.358828 0.254760 0.356488 0.238890 0.355827 0.237688
0 0.564305 0.402236 0.595759 0.408556 0.596200 0.408135 0.599375 0.392336 0.567776 0.385986 0.567466 0.386509
0 0.621843 0.947916 0.622404 0.949978 0.637274 0.956191 0.649699 0.926452 0.649013 0.924498 0.634212 0.918314
0 0.180657 0.082649 0.184844 0.114526 0.186285 0.116289 0.202151 0.114205 0.197983 0.082473 0.196596 0.080555
0 0.086690 0.505167 0.096741 0.517764 0.098589 0.517682 0.123667 0.497673 0.113662 0.485134 0.111884 0.485066
0 0.905316 0.781144 0.905501 0.782468 0.906085 0.785544 0.910781 0.788846 0.917038 0.790510 0.925358 0.759223 0.920496 0.756260 0.914310 0.754615 0.911193 0.759045 0.910485 0.760361 0.909905 0.762072 0.905783 0.777573 0.905416 0.779425
0 0.314819 0.726712 0.324517 0.739599 0.325531 0.739304 0.351029 0.719266 0.341366 0.706424 0.340292 0.706858
0 0.893913 0.344118 0.896307 0.359940 0.927951 0.355151 0.929917 0.354486 0.927511 0.338591 0.895722 0.343402
0 0.454671 0.604029 0.456156 0.620075 0.488249 0.617104 0.488303 0.616567 0.486825 0.600594 0.454879 0.603552
0 0.074816 0.119751 0.076760 0.121490 0.108272 0.127082 0.111068 0.111326 0.109282 0.109540 0.077625 0.103923
0 0.956556 0.353810 0.956562 0.355227 0.957394 0.360932 0.963646 0.362303 0.974493 0.359082 0.978003 0.343086 0.971604 0.341682 0.960823 0.345301 0.958757 0.347383 0.958021 0.348574 0.957345 0.350212 0.956831 0.352049
0 0.138688 0.795633 0.170723 0.799179 0.172232 0.797808 0.173997 0.781864 0.142109 0.778334 0.140461 0.779615
0 0.574265 0.188748 0.588632 0.195796 0.602727 0.167062 0.603199 0.165533 0.588766 0.158453 0.574606 0.187319
0 0.736711 0.038575 0.756385 0.063917 0.769056 0.054080 0.770295 0.052027 0.750530 0.026568 0.737801 0.036451
0 0.795259 0.723249 0.819351 0.744436 0.820821 0.745561 0.831463 0.733460 0.807261 0.712176 0.805852 0.711204
0 0.308753 0.309894 0.322278 0.339307 0.324310 0.341144 0.330125 0.338470 0.330981 0.333075 0.330733 0.332312 0.330207 0.331019 0.329482 0.329390 0.322781 0.314818 0.321965 0.313096 0.321180 0.311537 0.320543 0.310376 0.320153 0.309792 0.314635 0.307188
0 0.049669 0.286053 0.065013 0.314397 0.067007 0.315247 0.081114 0.307611 0.065840 0.279397 0.063841 0.278381
0 0.947112 0.543369 0.955130 0.574434 0.957226 0.574776 0.972830 0.570749 0.964775 0.539541 0.962645 0.539360
0 0.195250 0.157853 0.196646 0.159421 0.211763 0.164788 0.222496 0.134554 0.221219 0.132871 0.206032 0.127480
0 0.243709 0.185235 0.244883 0.186678 0.257533 0.196542 0.277261 0.171241 0.276235 0.169727 0.263527 0.159818
0 0.737861 0.337004 0.765703 0.352943 0.766927 0.352266 0.774933 0.338281 0.746963 0.322268 0.745831 0.323082
0 0.768089 0.623684 0.769324 0.624254 0.799796 0.634751 0.805045 0.619515 0.803647 0.618967 0.773314 0.608518
0 0.882797 0.426252 0.895854 0.435570 0.897677 0.435274 0.916399 0.409039 0.903281 0.399678 0.901433 0.400138
0 0.529809 0.739574 0.529946 0.740675 0.539731 0.753429 0.565240 0.733859 0.564942 0.732789 0.555201 0.720093
0 0.115372 0.102193 0.129486 0.131168 0.131185 0.132859 0.145606 0.125834 0.131556 0.096991 0.129860 0.095136
0 0.038415 0.840179 0.048393 0.870826 0.063716 0.865837 0.065716 0.864161 0.055784 0.833654 0.040531 0.838620
0 0.066526 0.510285 0.083068 0.537946 0.084979 0.537772 0.098746 0.529539 0.082279 0.502004 0.080356 0.502014
0 0.012079 0.612550 0.043693 0.619524 0.048909 0.618158 0.050288 0.611908 0.045537 0.608296 0.045025 0.607950 0.043839 0.607533 0.042160 0.607108 0.026498 0.603653 0.024575 0.603283 0.022695 0.603024 0.021141 0.602914 0.020150 0.602970 0.013473 0.606227
0 0.657339 0.264656 0.683185 0.283662 0.684029 0.282666 0.693576 0.269683 0.667610 0.250589 0.658063 0.263572
0 0.501619 0.141098 0.515985 0.148235 0.530259 0.119503 0.530398 0.117751 0.515966 0.110581 0.501626 0.139445
0 0.285345 0.738636 0.295704 0.750981 0.320394 0.730264 0.321217 0.729209 0.310906 0.716920 0.286329 0.737543
