0 0.190574 0.646535 0.194417 0.650188 0.195081 0.650654 0.196359 0.651213 0.198057 0.651779 0.213543 0.656362 0.215396 0.656846 0.217115 0.657174 0.218437 0.657296 0.219161 0.657192 0.224800 0.653942 0.226616 0.647804 0.195927 0.638722 0.192411 0.640326
0 0.745891 0.328460 0.745987 0.329892 0.746203 0.330745 0.748313 0.335242 0.754704 0.335603 0.760663 0.331757 0.761585 0.315406 0.755045 0.315037 0.749215 0.319265 0.747051 0.321248 0.746705 0.321850 0.746371 0.323091 0.746099 0.324782 0.745931 0.326666
0 0.815454 0.695653 0.830227 0.724132 0.831747 0.725164 0.846053 0.717744 0.831212 0.689133 0.829694 0.688267
0 0.463146 0.333395 0.463989 0.337204 0.465150 0.340761 0.465525 0.341134 0.466500 0.341774 0.467924 0.342584 0.469583 0.343442 0.471226 0.344218 0.472605 0.344794 0.473511 0.345085 0.473806 0.345043 0.478332 0.344300 0.481170 0.338563 0.480730 0.334786 0.466051 0.327524
0 0.200393 0.916785 0.216013 0.920584 0.217312 0.918661 0.224875 0.887563 0.209327 0.883781 0.207991 0.885544
0 0.111099 0.759829 0.121388 0.790289 0.136619 0.785145 0.138280 0.783841 0.128038 0.753520 0.112877 0.758641
0 0.146844 0.568909 0.156746 0.581623 0.158319 0.581249 0.183631 0.561536 0.173774 0.548880 0.172272 0.549105
0 0.876387 0.625849 0.876509 0.627264 0.876887 0.629010 0.881029 0.644505 0.881604 0.646322 0.882292 0.647940 0.882989 0.649116 0.883590 0.649667 0.885509 0.651026 0.889966 0.652772 0.896222 0.651100 0.887861 0.619823 0.883428 0.618454 0.877244 0.620107
0 0.032678 0.614202 0.045779 0.623586 0.047861 0.623019 0.066542 0.596937 0.053501 0.587596 0.051445 0.587999
0 0.695891 0.714137 0.714548 0.740237 0.715535 0.741343 0.728646 0.731972 0.709903 0.705751 0.708941 0.704808
0 0.773520 0.219060 0.788367 0.225134 0.789695 0.223868 0.801897 0.194037 0.786982 0.187936 0.785666 0.189366
0 0.394501 0.741924 0.404859 0.772445 0.420120 0.767266 0.420486 0.766041 0.410175 0.735660 0.394984 0.740816
0 0.072072 0.563576 0.074242 0.595654 0.090281 0.594570 0.092154 0.594137 0.089994 0.562206 0.074029 0.563285
0 0.595155 0.941245 0.595593 0.943277 0.627135 0.949899 0.630446 0.934128 0.629849 0.932138 0.598451 0.925546
0 0.126132 0.427238 0.127168 0.443320 0.128877 0.443580 0.160893 0.441517 0.159862 0.425509 0.158296 0.425166
0 0.143237 0.240657 0.153166 0.253350 0.154756 0.254481 0.180026 0.234715 0.170143 0.222079 0.168624 0.220800
0 0.681046 0.415879 0.697038 0.417137 0.697945 0.416756 0.700473 0.384625 0.684408 0.383361 0.683562 0.383895
0 0.822368 0.254482 0.830369 0.268340 0.858086 0.252337 0.859730 0.251200 0.851692 0.237278 0.823848 0.253354
0 0.452715 0.108441 0.453255 0.112916 0.454351 0.119223 0.485883 0.113741 0.485720 0.109275 0.484611 0.102896 0.479499 0.101631 0.477935 0.101601 0.476103 0.101814 0.460192 0.104580 0.458376 0.105002 0.456860 0.105567 0.455876 0.106188
0 0.617269 0.793775 0.625930 0.824666 0.626510 0.826161 0.642027 0.821810 0.633326 0.790777 0.632715 0.789444
0 0.508964 0.511154 0.526213 0.538112 0.526333 0.538287 0.539874 0.529624 0.522546 0.502541 0.522443 0.502529
0 0.595150 0.469813 0.607889 0.479562 0.608386 0.479468 0.627974 0.453873 0.615176 0.444079 0.614648 0.444335
0 0.932478 0.863136 0.934469 0.864808 0.964341 0.876912 0.970392 0.861977 0.968237 0.860318 0.938502 0.848269
0 0.283226 0.528684 0.290372 0.543419 0.295164 0.542426 0.300924 0.539633 0.301554 0.535095 0.301319 0.534116 0.300786 0.532686 0.300035 0.531021 0.299178 0.529371 0.298347 0.527988 0.297665 0.527078 0.297238 0.526783 0.293940 0.525235 0.289120 0.525825
0 0.129568 0.542478 0.154312 0.563008 0.155893 0.562719 0.166111 0.550404 0.141479 0.529969 0.139833 0.530106
0 0.743627 0.393695 0.749607 0.395979 0.755385 0.393594 0.758355 0.392357 0.758833 0.391865 0.759506 0.390751 0.760270 0.389183 0.761009 0.387401 0.761608 0.385679 0.761977 0.384282 0.762058 0.383423 0.761290 0.378247 0.755170 0.375909 0.749337 0.378746
0 0.135162 0.762934 0.140774 0.777999 0.170903 0.766773 0.172407 0.765554 0.166820 0.750558 0.136830 0.761732
0 0.334389 0.260100 0.335148 0.261200 0.367155 0.263401 0.368255 0.247397 0.367649 0.246234 0.335495 0.244023
0 0.650155 0.167110 0.665759 0.170656 0.666520 0.169144 0.673645 0.137791 0.657969 0.134229 0.657247 0.135901
0 0.088796 0.566657 0.107453 0.592842 0.109248 0.592417 0.122280 0.583131 0.103709 0.557066 0.101889 0.557328
0 0.479799 0.687797 0.508527 0.702409 0.515833 0.688045 0.515760 0.687183 0.487164 0.672638 0.479892 0.686936
0 0.340488 0.961383 0.370484 0.973174 0.376380 0.958176 0.376946 0.956076 0.347088 0.944340 0.341219 0.959269
0 0.520792 0.636436 0.520888 0.637065 0.536732 0.640005 0.542614 0.608316 0.542418 0.607820 0.526646 0.604893
0 0.451841 0.760214 0.452390 0.776319 0.484602 0.775221 0.484672 0.773960 0.484126 0.757928 0.452062 0.759021
0 0.006765 0.190751 0.011703 0.206091 0.013941 0.207438 0.044480 0.197608 0.039565 0.182338 0.037445 0.180876
0 0.212181 0.884487 0.217370 0.888359 0.223516 0.885807 0.223833 0.885398 0.224565 0.884428 0.225602 0.883043 0.235259 0.870098 0.236437 0.868515 0.237573 0.866980 0.238494 0.865729 0.239059 0.864952 0.239183 0.864765 0.239738 0.858267 0.234608 0.854440 0.231539 0.858538
0 0.364256 0.422797 0.364879 0.423151 0.395910 0.431296 0.399982 0.415780 0.399522 0.415392 0.368348 0.407210
0 0.824944 0.201598 0.826916 0.206286 0.827785 0.207601 0.829011 0.208969 0.840439 0.220223 0.841840 0.221443 0.843208 0.222331 0.847747 0.224054 0.851768 0.220864 0.856311 0.216250 0.833244 0.193534 0.829435 0.197037
0 0.908147 0.352281 0.920707 0.381802 0.922644 0.381258 0.937473 0.374949 0.924855 0.345292 0.922908 0.346001
0 0.188146 0.132341 0.192207 0.147936 0.193618 0.149550 0.224665 0.141465 0.220623 0.125941 0.219336 0.124219
