0 0.713672 0.474468 0.744166 0.484437 0.745290 0.484366 0.750298 0.469049 0.719663 0.459033 0.718657 0.459221
0 0.507913 0.585245 0.508008 0.601286 0.508045 0.601752 0.540275 0.601560 0.540179 0.585445 0.539995 0.585054
0 0.379211 0.684893 0.381836 0.717016 0.397898 0.715704 0.398366 0.714715 0.395752 0.682739 0.379764 0.684046
0 0.565893 0.410152 0.596119 0.420672 0.596560 0.420307 0.601845 0.405125 0.571479 0.394556 0.571153 0.395038
0 0.270517 0.730858 0.285794 0.735987 0.286776 0.734906 0.296987 0.704492 0.281780 0.699386 0.280775 0.700304
0 0.514247 0.505524 0.527080 0.534844 0.527204 0.535004 0.541931 0.528558 0.529040 0.499104 0.528907 0.499108
0 0.408180 0.643783 0.434516 0.662362 0.443806 0.649193 0.444063 0.648510 0.417848 0.630016 0.408601 0.643124
0 0.137330 0.612664 0.143710 0.644256 0.159507 0.641065 0.161067 0.640419 0.154716 0.608971 0.138992 0.612147
0 0.652051 0.031872 0.667390 0.036431 0.668158 0.034302 0.677319 0.003482 0.661909 0.000000 0.661169 0.001193
0 0.284301 0.137127 0.285290 0.138790 0.308010 0.161442 0.319336 0.150082 0.318504 0.148471 0.295679 0.125715
0 0.676859 0.796946 0.680006 0.802838 0.680597 0.803341 0.681807 0.803976 0.683452 0.804644 0.685280 0.805245 0.700782 0.809774 0.702508 0.810212 0.703864 0.810420 0.704641 0.810366 0.709980 0.809458 0.711795 0.803243 0.709375 0.799777 0.678654 0.790801
0 0.859610 0.331838 0.874810 0.336842 0.876531 0.336093 0.886586 0.305554 0.871317 0.300527 0.869619 0.301439
0 0.514493 0.028028 0.544043 0.040318 0.550188 0.025542 0.550419 0.023363 0.520732 0.011017 0.514559 0.025860
0 0.214766 0.788248 0.219222 0.803735 0.250195 0.794823 0.251340 0.793472 0.246905 0.778056 0.216073 0.786927
0 0.384666 0.356393 0.385194 0.357051 0.400981 0.359898 0.406674 0.328324 0.406244 0.327534 0.390385 0.324674
0 0.239806 0.713034 0.271973 0.715055 0.273018 0.714069 0.274024 0.698059 0.242005 0.696048 0.240817 0.696951
0 0.255425 0.088875 0.256546 0.090759 0.272439 0.092936 0.276792 0.061150 0.275765 0.059130 0.259799 0.056943
0 0.911567 0.263480 0.942371 0.272162 0.944403 0.271116 0.948764 0.255643 0.917819 0.246920 0.915908 0.248078
0 0.922928 0.303745 0.925122 0.319596 0.956825 0.315208 0.958923 0.314360 0.956719 0.298436 0.924871 0.302844
0 0.525816 0.255060 0.541002 0.260227 0.551335 0.229854 0.551571 0.228610 0.536315 0.223420 0.525935 0.253933
0 0.407819 0.610640 0.415379 0.624871 0.443842 0.609749 0.444100 0.609246 0.436573 0.595080 0.408241 0.610132
0 0.647974 0.412993 0.663811 0.415542 0.664566 0.415153 0.669686 0.383333 0.653776 0.380772 0.653071 0.381319
0 0.029625 0.073488 0.049054 0.099203 0.051121 0.101040 0.063920 0.091370 0.044579 0.065772 0.042482 0.063773
0 0.759867 0.016564 0.765236 0.048194 0.781051 0.045509 0.782345 0.043416 0.776951 0.011641 0.761063 0.014338
0 0.463501 0.062072 0.463918 0.067078 0.466424 0.072968 0.495873 0.060435 0.495825 0.055352 0.493290 0.049394 0.487696 0.049553 0.486241 0.049831 0.484531 0.050438 0.469671 0.056763 0.467973 0.057605 0.466553 0.058552 0.465626 0.059457
0 0.340614 0.746101 0.354466 0.754337 0.370937 0.726634 0.371528 0.725595 0.357740 0.717397 0.357085 0.718398
0 0.163897 0.651601 0.176583 0.661475 0.178061 0.660737 0.197720 0.635482 0.185092 0.625653 0.183646 0.626230
0 0.939669 0.083280 0.955189 0.087336 0.957285 0.085436 0.965436 0.054254 0.949844 0.050179 0.947783 0.052240
0 0.724916 0.782868 0.733734 0.813715 0.734811 0.815159 0.750305 0.810730 0.741446 0.779741 0.740340 0.778459
0 0.903265 0.383363 0.918447 0.388545 0.920373 0.388031 0.930784 0.357529 0.915533 0.352324 0.913628 0.353000
0 0.356498 0.860788 0.372475 0.862894 0.373059 0.861231 0.377252 0.829424 0.361348 0.827328 0.360710 0.828835
0 0.231947 0.239450 0.233176 0.240645 0.249209 0.241152 0.250223 0.209085 0.249073 0.207746 0.232966 0.207236
0 0.824179 0.429420 0.829843 0.444428 0.831362 0.444172 0.861516 0.432792 0.855826 0.417714 0.854195 0.418092
0 0.417484 0.851780 0.418422 0.855149 0.419137 0.856218 0.420285 0.857490 0.421689 0.858770 0.434107 0.869095 0.435550 0.870183 0.436806 0.870910 0.437682 0.871164 0.442378 0.872478 0.446517 0.867500 0.447129 0.863299 0.422520 0.842837 0.418427 0.847759
0 0.098794 0.893637 0.119067 0.918693 0.131595 0.908557 0.133283 0.906685 0.113104 0.881743 0.100633 0.891833
0 0.781061 0.573847 0.794125 0.603149 0.795479 0.603624 0.810198 0.597062 0.797074 0.567625 0.795712 0.567315
0 0.372211 0.397707 0.378854 0.412389 0.379409 0.412791 0.408640 0.399566 0.402027 0.384951 0.401576 0.384421
0 0.874043 0.816605 0.881664 0.847770 0.883421 0.849371 0.899075 0.845543 0.891420 0.814235 0.889626 0.812795
