0 0.105558 0.395461 0.108698 0.427538 0.110491 0.427870 0.126456 0.426307 0.123331 0.394377 0.121596 0.393891
0 0.762232 0.731005 0.763439 0.732068 0.775577 0.742669 0.796778 0.718393 0.784640 0.707793 0.783336 0.706840
0 0.114132 0.121052 0.115901 0.122789 0.131673 0.125715 0.137525 0.094171 0.135856 0.092303 0.120011 0.089363
0 0.046069 0.587579 0.060816 0.593980 0.062824 0.593551 0.075567 0.564193 0.060888 0.557821 0.058871 0.558086
0 0.747436 0.943051 0.748572 0.945086 0.779746 0.952954 0.783680 0.937367 0.782383 0.935368 0.751352 0.927536
0 0.186366 0.970865 0.214011 0.987436 0.222296 0.973614 0.223569 0.971443 0.196051 0.954948 0.194652 0.957043
0 0.276760 0.195530 0.277422 0.227754 0.278442 0.229001 0.294480 0.228672 0.293821 0.196596 0.292872 0.195199
0 0.163281 0.267136 0.168992 0.282485 0.176559 0.287457 0.182558 0.285225 0.183106 0.279727 0.183096 0.278995 0.182787 0.277696 0.182228 0.276028 0.181503 0.274243 0.180720 0.272611 0.179999 0.271377 0.179448 0.270731 0.175721 0.268064 0.169420 0.264852
0 0.189359 0.234843 0.197661 0.248747 0.199053 0.249905 0.226734 0.233378 0.218471 0.219537 0.217168 0.218239
0 0.465116 0.782535 0.486628 0.806430 0.498576 0.795673 0.498582 0.794322 0.477168 0.770536 0.465276 0.781243
0 0.592709 0.163361 0.624748 0.165037 0.625322 0.163495 0.626164 0.147402 0.593978 0.145717 0.593548 0.147341
0 0.493362 0.417042 0.493514 0.418939 0.495965 0.424851 0.510747 0.418721 0.510999 0.416820 0.508489 0.410769 0.504107 0.409339 0.503768 0.409361 0.502792 0.409664 0.501326 0.410205 0.499593 0.410899 0.497861 0.411641 0.496396 0.412317 0.495420 0.412822 0.495083 0.413081
0 0.391206 0.448939 0.395320 0.464521 0.395800 0.464683 0.426819 0.456494 0.422724 0.440984 0.422369 0.440712
0 0.180335 0.384626 0.188419 0.398521 0.189844 0.398985 0.217507 0.382890 0.209459 0.369059 0.208125 0.368457
0 0.073244 0.423042 0.075200 0.423395 0.107283 0.423434 0.107302 0.407393 0.105494 0.406966 0.073264 0.406927
0 0.452083 0.238385 0.452111 0.239138 0.452198 0.240508 0.452330 0.242289 0.453590 0.258389 0.453747 0.260301 0.453904 0.262046 0.454037 0.263358 0.454127 0.264036 0.458029 0.268310 0.464410 0.267811 0.461913 0.235904 0.461472 0.232850 0.455017 0.233355
0 0.643981 0.084234 0.674833 0.093035 0.675638 0.091161 0.680058 0.075664 0.649065 0.066823 0.648381 0.068808
0 0.093244 0.332537 0.098984 0.347595 0.100822 0.348293 0.130800 0.336865 0.125086 0.321876 0.123360 0.321056
0 0.705441 0.567206 0.706095 0.583195 0.707041 0.583577 0.739166 0.582263 0.738509 0.566201 0.737419 0.565898
0 0.864665 0.719980 0.874456 0.732687 0.876180 0.733758 0.901710 0.714086 0.891874 0.701321 0.890078 0.700398
0 0.921079 0.029112 0.948964 0.044978 0.951031 0.042883 0.959000 0.028877 0.930988 0.012937 0.929012 0.015169
0 0.430691 0.207809 0.431009 0.209149 0.447046 0.209520 0.447788 0.177446 0.447548 0.175961 0.431437 0.175588
0 0.898753 0.197109 0.915544 0.224355 0.920993 0.220997 0.925861 0.217771 0.924930 0.212955 0.924424 0.211402 0.923563 0.209747 0.915091 0.195998 0.914009 0.194500 0.912875 0.193393 0.908876 0.190210 0.903364 0.193607
0 0.500671 0.616081 0.500674 0.616615 0.511878 0.646836 0.526988 0.641234 0.526864 0.640587 0.515712 0.610505
0 0.398536 0.226166 0.399695 0.229296 0.406087 0.229633 0.409272 0.225041 0.409428 0.224305 0.409578 0.222952 0.409699 0.221185 0.410545 0.205169 0.410619 0.203252 0.410635 0.201471 0.410590 0.200093 0.410491 0.199330 0.406710 0.194178 0.400244 0.193836
0 0.516331 0.256071 0.525052 0.269535 0.551979 0.252093 0.552218 0.250952 0.543457 0.237426 0.516406 0.254948
0 0.512966 0.322253 0.544110 0.329956 0.544313 0.329173 0.548182 0.313530 0.516895 0.305791 0.513026 0.321435
0 0.182494 0.243949 0.190972 0.257654 0.192388 0.258765 0.219673 0.241887 0.211234 0.228245 0.209904 0.226994
0 0.822821 0.550536 0.826556 0.566136 0.828060 0.566440 0.859404 0.558936 0.855652 0.543264 0.854022 0.543065
0 0.131121 0.447503 0.160884 0.459870 0.162438 0.460054 0.168593 0.445240 0.138967 0.432930 0.137304 0.432622
0 0.591077 0.726371 0.591496 0.727414 0.607584 0.728352 0.609461 0.696177 0.608960 0.695278 0.592946 0.694343
0 0.870200 0.132222 0.899093 0.145986 0.900926 0.144360 0.907840 0.129847 0.878814 0.116020 0.877082 0.117775
0 0.128043 0.611637 0.142896 0.640241 0.144533 0.639598 0.158769 0.632206 0.143984 0.603733 0.142345 0.604211
0 0.889323 0.826349 0.893322 0.831347 0.897869 0.835179 0.902318 0.833843 0.903847 0.833112 0.905401 0.832041 0.918013 0.821954 0.919350 0.820711 0.920262 0.819490 0.923151 0.814956 0.919107 0.809900 0.914316 0.806358
0 0.941013 0.909793 0.943044 0.911680 0.974086 0.920350 0.978421 0.904829 0.976228 0.902973 0.945328 0.894343
0 0.677507 0.565332 0.678324 0.565633 0.694253 0.568074 0.699136 0.536216 0.698223 0.536050 0.682367 0.533619
0 0.344487 0.976516 0.346870 0.982537 0.376972 0.970622 0.378379 0.965243 0.376023 0.959291 0.370061 0.959336 0.368706 0.959568 0.367028 0.960126 0.352115 0.966029 0.350363 0.966828 0.348799 0.967752 0.347658 0.968659 0.347115 0.969413 0.346265 0.971070
0 0.869745 0.346513 0.895392 0.365657 0.897209 0.365040 0.906825 0.352157 0.881060 0.332925 0.879317 0.333689
0 0.609660 0.673445 0.610165 0.674244 0.638670 0.689286 0.646191 0.675034 0.645521 0.674231 0.617147 0.659258
