0 0.661370 0.634830 0.664629 0.639682 0.665205 0.639953 0.666410 0.640354 0.668063 0.640826 0.669910 0.641296 0.685614 0.645066 0.687368 0.645460 0.688754 0.645717 0.689562 0.645799 0.694716 0.643945 0.699250 0.625057 0.696972 0.623627 0.665852 0.616158
0 0.757575 0.405589 0.776634 0.407939 0.783106 0.405785 0.785292 0.403524 0.785719 0.403026 0.786173 0.401863 0.786585 0.400210 0.786891 0.398322 0.787044 0.396488 0.787020 0.394990 0.786825 0.394056 0.785110 0.389531 0.765606 0.387126 0.759534 0.389707
0 0.049872 0.084267 0.056046 0.089969 0.070923 0.095865 0.082715 0.066112 0.076912 0.060078 0.061828 0.054100
0 0.501265 0.176040 0.503564 0.191916 0.535315 0.187317 0.535808 0.182958 0.533476 0.166861 0.501282 0.171524
0 0.367561 0.752524 0.374926 0.770499 0.380102 0.771107 0.380939 0.771013 0.382303 0.770620 0.383988 0.769988 0.398932 0.763865 0.400674 0.763093 0.402201 0.762300 0.403281 0.761609 0.403748 0.761124 0.404883 0.758223 0.405970 0.755272 0.398689 0.737503 0.369075 0.749638
0 0.385375 0.930884 0.386010 0.937917 0.402699 0.947857 0.419266 0.920042 0.420189 0.915241 0.403691 0.905415 0.398498 0.908537 0.398077 0.908978 0.397354 0.910015 0.396438 0.911490 0.388231 0.925269 0.387259 0.926963 0.386375 0.928624 0.385713 0.930001
0 0.191329 0.667160 0.206189 0.673773 0.210229 0.671384 0.223273 0.642073 0.208617 0.635550 0.204555 0.637440
0 0.208037 0.198946 0.212272 0.212288 0.244157 0.207101 0.244260 0.195858 0.240336 0.182502 0.208478 0.187684
0 0.800008 0.608196 0.807329 0.625948 0.810882 0.627404 0.840812 0.615062 0.833406 0.597104 0.827210 0.594611 0.826440 0.594627 0.825110 0.594919 0.823424 0.595444 0.821637 0.596121 0.806810 0.602235 0.805187 0.602964 0.803970 0.603637 0.803343 0.604151
0 0.585677 0.313323 0.585705 0.313434 0.587785 0.318400 0.606468 0.322836 0.608959 0.318691 0.612742 0.302757 0.593621 0.298217 0.588959 0.301760 0.587936 0.304039 0.587735 0.304654 0.587396 0.305888 0.586970 0.307552 0.586522 0.309394 0.586119 0.311136 0.585823 0.312515
0 0.257026 0.910779 0.265049 0.928469 0.271475 0.928252 0.272734 0.927924 0.274363 0.927271 0.289071 0.920600 0.290815 0.919723 0.292401 0.918760 0.293588 0.917858 0.294195 0.917155 0.296882 0.910352 0.288950 0.892864 0.259803 0.906084
0 0.793752 0.848519 0.801528 0.866077 0.805014 0.870310 0.834616 0.857201 0.826751 0.839440 0.823016 0.835560 0.819786 0.835371 0.818475 0.835420 0.816810 0.835802 0.815043 0.836460 0.800378 0.842954 0.798772 0.843790 0.797567 0.844679
0 0.530443 0.921119 0.530577 0.923372 0.530930 0.928267 0.545146 0.941504 0.567209 0.917811 0.566440 0.913036 0.552387 0.899949 0.546913 0.902327 0.545814 0.903170 0.544548 0.904412 0.533617 0.916150 0.532371 0.917607 0.531330 0.919062 0.530653 0.920295
0 0.367240 0.513138 0.381989 0.541958 0.383338 0.541478 0.400432 0.532730 0.401438 0.528495 0.401400 0.528130 0.401035 0.527169 0.400397 0.525759 0.399584 0.524113 0.392277 0.509835 0.391410 0.508198 0.390617 0.506814 0.390019 0.505891 0.389706 0.505571 0.385851 0.504240 0.384532 0.504289
0 0.722214 0.092001 0.722933 0.095138 0.723363 0.096383 0.724212 0.097870 0.725352 0.099374 0.735786 0.111555 0.737045 0.112852 0.738239 0.113750 0.743034 0.116307 0.757618 0.103815 0.760597 0.099235 0.739536 0.074647 0.724783 0.087283
0 0.359926 0.464759 0.361852 0.465244 0.393564 0.470104 0.395994 0.454248 0.394544 0.453610 0.362390 0.448682
0 0.762455 0.156074 0.772738 0.168334 0.787451 0.155994 0.794176 0.147946 0.792827 0.143299 0.792027 0.141810 0.790900 0.140278 0.789617 0.138937 0.788377 0.137993 0.783652 0.135399 0.768595 0.148027
0 0.341250 0.649320 0.343055 0.665597 0.362587 0.663431 0.366466 0.658863 0.368001 0.657037 0.368134 0.656465 0.368167 0.655252 0.368093 0.653585 0.367924 0.651715 0.367687 0.649924 0.367416 0.648482 0.367153 0.647609 0.363965 0.643790 0.344879 0.645906
0 0.222837 0.208642 0.225417 0.224701 0.229193 0.228486 0.260869 0.223397 0.258324 0.207559 0.254955 0.203482
0 0.565933 0.347252 0.597250 0.354218 0.598606 0.352185 0.602137 0.336308 0.570383 0.329246 0.569416 0.331594
0 0.728012 0.149116 0.735941 0.163016 0.752621 0.153501 0.758531 0.145395 0.758581 0.142113 0.758348 0.140785 0.757756 0.139132 0.756896 0.137406 0.755898 0.135874 0.754917 0.134770 0.750416 0.131170 0.733347 0.140907
0 0.493278 0.696502 0.495387 0.699588 0.495733 0.699960 0.496731 0.700493 0.498230 0.701105 0.500002 0.701703 0.515438 0.706453 0.517205 0.706944 0.518693 0.707251 0.519674 0.707327 0.524221 0.706023 0.529933 0.687458 0.529591 0.685315 0.499002 0.675902 0.493355 0.694256
0 0.436033 0.117398 0.436962 0.136800 0.437682 0.140952 0.441148 0.142604 0.442256 0.142953 0.443859 0.143144 0.445713 0.143150 0.461734 0.142383 0.463563 0.142201 0.465097 0.141859 0.466102 0.141409 0.469650 0.139421 0.468732 0.120240 0.468370 0.115849
0 0.937666 0.062372 0.945190 0.093560 0.960784 0.089798 0.967208 0.084079 0.959579 0.052456 0.943767 0.056271
0 0.004441 0.136214 0.009544 0.142425 0.010545 0.142988 0.012102 0.143650 0.013977 0.144308 0.015886 0.144865 0.031409 0.148901 0.033069 0.149273 0.034233 0.149404 0.041080 0.148426 0.045912 0.129842 0.040662 0.125562 0.009329 0.117414
0 0.307314 0.832651 0.307415 0.833328 0.309604 0.838840 0.329137 0.841006 0.333043 0.833210 0.334806 0.817305 0.315720 0.815189 0.310907 0.819823 0.308708 0.823543 0.308411 0.824345 0.308077 0.825768 0.307756 0.827595 0.307498 0.829547 0.307343 0.831323
0 0.460007 0.289209 0.462972 0.321448 0.463395 0.323489 0.482517 0.321730 0.485528 0.317187 0.485475 0.316579 0.485362 0.315328 0.485207 0.313625 0.485034 0.311729 0.483555 0.295647 0.483389 0.293855 0.483258 0.292446 0.483181 0.291635 0.483169 0.291544 0.479350 0.287430
0 0.139976 0.021071 0.142764 0.037208 0.150930 0.047788 0.169853 0.044519 0.171338 0.037881 0.171317 0.036687 0.171090 0.034993 0.170690 0.033057 0.170179 0.031169 0.169632 0.029615 0.169134 0.028632 0.165286 0.023150 0.159341 0.017726
0 0.633512 0.735958 0.635056 0.738686 0.637005 0.741138 0.637551 0.741507 0.638745 0.741920 0.640406 0.742314 0.642280 0.742629 0.658281 0.744816 0.660076 0.745002 0.661512 0.745031 0.662369 0.744899 0.667132 0.743070 0.669762 0.723824 0.667822 0.721265 0.636112 0.716932
0 0.950947 0.525302 0.961628 0.541260 0.972428 0.542225 0.986037 0.533116 0.975106 0.516785 0.967713 0.515623 0.962337 0.515444 0.961422 0.515627 0.960039 0.516191 0.958399 0.517047 0.956749 0.518067 0.955338 0.519096 0.954379 0.519979
0 0.419390 0.291889 0.421233 0.296647 0.439746 0.301746 0.443724 0.298324 0.444064 0.297542 0.444520 0.296188 0.445024 0.294466 0.445499 0.292636 0.445873 0.290975 0.446090 0.289734 0.446116 0.289102 0.445490 0.286649 0.442686 0.281319 0.423739 0.276101
0 0.365209 0.567418 0.365252 0.569289 0.365941 0.585424 0.366055 0.587253 0.366223 0.588757 0.366417 0.589704 0.366609 0.589953 0.369413 0.593561 0.388820 0.592733 0.390091 0.591673 0.388726 0.559697 0.369541 0.560516 0.368032 0.561216 0.365511 0.564226 0.365349 0.564678 0.365243 0.565799
0 0.327610 0.486056 0.330547 0.490410 0.330672 0.490516 0.331475 0.490843 0.332836 0.491342 0.334548 0.491937 0.349838 0.497137 0.351632 0.497734 0.353230 0.498241 0.354387 0.498581 0.354927 0.498701 0.359881 0.496520 0.366064 0.478339 0.335763 0.468035 0.333864 0.467665
0 0.756557 0.737163 0.762578 0.755397 0.765614 0.758350 0.796356 0.748199 0.790265 0.729753 0.786947 0.727127 0.784468 0.726195 0.783744 0.726011 0.782436 0.726087 0.780743 0.726408 0.778921 0.726926 0.763691 0.731955 0.762011 0.732593 0.760723 0.733257 0.760021 0.733845
0 0.197378 0.415474 0.210397 0.425223 0.214379 0.426251 0.233609 0.400571 0.220769 0.390956 0.216876 0.389435
0 0.133187 0.916153 0.140037 0.930861 0.169453 0.917161 0.173986 0.911439 0.167230 0.896933 0.138218 0.910445
0 0.525920 0.405699 0.525939 0.410904 0.539591 0.424409 0.550845 0.413032 0.552034 0.410997 0.538063 0.397177 0.533092 0.397657 0.532874 0.397785 0.532165 0.398423 0.531072 0.399477 0.529761 0.400783 0.528434 0.402143 0.527295 0.403347 0.526519 0.404210 0.526222 0.404602
0 0.487112 0.934471 0.514668 0.951606 0.523236 0.937828 0.522917 0.931823 0.495739 0.914922 0.487288 0.928511
0 0.486277 0.138838 0.487531 0.150402 0.491258 0.174001 0.510498 0.171310 0.513037 0.164118 0.513070 0.163776 0.513001 0.162729 0.512839 0.161134 0.512609 0.159236 0.512347 0.157324 0.512092 0.155694 0.510087 0.143872 0.509882 0.142790 0.509755 0.142405 0.505484 0.136151
0 0.589012 0.711868 0.590250 0.714814 0.620827 0.725678 0.626259 0.710389 0.624527 0.707503 0.594369 0.696789
