0 0.457183 0.474680 0.459406 0.490752 0.459963 0.490879 0.491666 0.486493 0.489473 0.470642 0.489327 0.470234
0 0.090257 0.272973 0.105981 0.284378 0.110485 0.286843 0.114675 0.284401 0.115878 0.283298 0.117060 0.281864 0.126477 0.268881 0.127461 0.267329 0.128100 0.265891 0.129276 0.260936 0.113732 0.249661 0.109266 0.246766
0 0.349030 0.122333 0.352481 0.130967 0.367258 0.143230 0.377478 0.130916 0.374611 0.122281 0.359489 0.109731 0.354291 0.112441 0.353165 0.113371 0.351928 0.114711 0.350770 0.116257 0.349868 0.117770 0.349361 0.119019
0 0.140271 0.195104 0.142620 0.201438 0.142804 0.201608 0.146910 0.205038 0.147665 0.205652 0.148882 0.206623 0.150375 0.207801 0.151919 0.209010 0.153280 0.210066 0.154254 0.210810 0.154692 0.211130 0.161116 0.211912 0.172921 0.196767 0.165269 0.189673 0.152353 0.179605
0 0.908150 0.504857 0.908527 0.510535 0.908925 0.511922 0.909645 0.513564 0.916855 0.527891 0.917792 0.529544 0.918806 0.530961 0.919744 0.531930 0.922536 0.533446 0.927422 0.533833 0.944773 0.525101 0.930221 0.496182 0.925304 0.496225
0 0.868369 0.131355 0.886368 0.138046 0.892916 0.134139 0.893564 0.133311 0.894371 0.131916 0.895214 0.130167 0.895964 0.128332 0.901591 0.113194 0.902131 0.111558 0.902377 0.110378 0.902115 0.103514 0.883908 0.096747 0.879520 0.101356
0 0.565206 0.935455 0.565965 0.940519 0.566281 0.941402 0.567008 0.942741 0.568035 0.944332 0.569205 0.945931 0.570337 0.947292 0.571259 0.948207 0.571829 0.948536 0.577140 0.951302 0.592654 0.939238 0.590535 0.929197 0.580712 0.916564 0.565553 0.928352
0 0.805692 0.735146 0.805812 0.735820 0.806272 0.737046 0.807005 0.738636 0.814080 0.753031 0.814974 0.754750 0.815898 0.756342 0.816712 0.757567 0.817293 0.758237 0.823642 0.761118 0.841075 0.752549 0.826794 0.723494 0.823059 0.720940 0.805825 0.729410
0 0.432561 0.731040 0.432772 0.750464 0.436698 0.752738 0.437676 0.753011 0.439201 0.753183 0.441039 0.753230 0.457188 0.753054 0.459053 0.752968 0.460653 0.752761 0.461745 0.752467 0.465145 0.750112 0.465543 0.747253 0.465334 0.728052 0.433332 0.728399
0 0.723102 0.322473 0.724505 0.326619 0.725036 0.327505 0.726037 0.328669 0.727357 0.329935 0.739363 0.340569 0.740805 0.341749 0.742154 0.342667 0.743207 0.343184 0.747060 0.343693 0.749917 0.341886 0.762796 0.327345 0.738561 0.305879 0.735834 0.308098
0 0.889186 0.210880 0.899409 0.241207 0.917606 0.235073 0.922434 0.232010 0.922798 0.227403 0.922613 0.225710 0.922132 0.223880 0.916973 0.208576 0.916271 0.206897 0.915458 0.205628 0.912093 0.201332 0.893686 0.207537
0 0.795436 0.220471 0.825391 0.231740 0.829154 0.228639 0.835993 0.210458 0.831739 0.206574 0.830517 0.205801 0.828869 0.205071 0.813753 0.199384 0.811935 0.198810 0.810232 0.198483 0.808904 0.198452 0.805692 0.199059 0.802198 0.202498
0 0.857667 0.791794 0.857893 0.793058 0.858381 0.794728 0.863447 0.809946 0.864124 0.811775 0.864889 0.813490 0.865627 0.814832 0.866225 0.815596 0.872629 0.819406 0.891059 0.813271 0.880835 0.782554 0.876482 0.779324 0.858262 0.785389
0 0.208996 0.493652 0.212948 0.525860 0.216885 0.525506 0.232768 0.523557 0.228871 0.491790 0.225100 0.491676
0 0.032026 0.339281 0.046857 0.345958 0.053087 0.348076 0.066257 0.318821 0.051630 0.312236 0.045379 0.309618
0 0.300262 0.134865 0.300350 0.135670 0.300661 0.138054 0.302940 0.142191 0.319790 0.151401 0.335139 0.123317 0.333233 0.118962 0.316188 0.109646 0.311562 0.113372 0.310667 0.114461 0.309728 0.115986 0.301982 0.130157 0.301145 0.131881 0.300541 0.133535
0 0.641179 0.630675 0.642828 0.649807 0.644480 0.651539 0.676735 0.648758 0.675066 0.629405 0.670559 0.625530 0.669969 0.625396 0.668739 0.625346 0.667057 0.625387 0.665179 0.625512 0.649199 0.626890 0.647403 0.627081 0.645956 0.627310 0.645078 0.627543
0 0.024038 0.820592 0.043279 0.846628 0.058901 0.835084 0.063943 0.831254 0.062501 0.826603 0.061899 0.825104 0.060919 0.823538 0.051387 0.810639 0.050175 0.809239 0.048910 0.808213 0.044922 0.805515 0.039660 0.809047
0 0.542955 0.552420 0.543704 0.556683 0.544210 0.557338 0.560231 0.568321 0.578537 0.541619 0.562515 0.530636 0.561801 0.530286 0.557515 0.531181 0.557232 0.531442 0.556577 0.532268 0.555652 0.533532 0.554597 0.535042 0.545528 0.548271 0.544498 0.549803 0.543648 0.551129 0.543105 0.552048
0 0.687119 0.307009 0.698528 0.322455 0.711400 0.312947 0.716345 0.308571 0.704669 0.292764 0.698771 0.293065 0.698142 0.293461 0.697014 0.294249 0.695558 0.295309 0.693997 0.296478 0.692572 0.297576 0.691501 0.298435 0.690947 0.298925 0.688751 0.301237
0 0.677166 0.118946 0.686853 0.131683 0.712328 0.112310 0.715281 0.106918 0.705459 0.094004 0.679630 0.113647
0 0.935793 0.939961 0.940609 0.946579 0.941548 0.947257 0.943063 0.948009 0.944921 0.948720 0.946839 0.949280 0.962523 0.953131 0.964202 0.953453 0.965378 0.953488 0.972273 0.952768 0.976905 0.933903 0.971454 0.928944 0.940372 0.921312
0 0.748445 0.048898 0.751230 0.067898 0.782896 0.063257 0.786167 0.058207 0.783350 0.038987 0.777317 0.037798 0.775971 0.037679 0.774209 0.037826 0.758229 0.040169 0.756327 0.040558 0.754582 0.041130 0.753259 0.041797 0.752562 0.042455 0.751317 0.043682
0 0.539206 0.223817 0.569813 0.233172 0.575426 0.214808 0.576298 0.211511 0.573527 0.208465 0.572606 0.207831 0.571158 0.207153 0.569403 0.206534 0.553958 0.201813 0.552171 0.201350 0.550631 0.201115 0.549572 0.201143 0.545338 0.202047 0.539660 0.220624
0 0.824008 0.935407 0.824527 0.938017 0.828279 0.943081 0.846488 0.949847 0.857764 0.919500 0.853674 0.914705 0.835674 0.908016 0.831974 0.912508 0.831183 0.913664 0.830455 0.915282 0.824869 0.930316 0.824312 0.932155 0.824010 0.933942
0 0.520448 0.745306 0.520685 0.748142 0.521801 0.751247 0.522154 0.751752 0.523106 0.752527 0.524510 0.753455 0.526153 0.754393 0.540410 0.761980 0.542036 0.762782 0.543390 0.763323 0.544267 0.763520 0.549264 0.763352 0.558390 0.746204 0.557723 0.743390 0.529470 0.728354
0 0.349777 0.890912 0.350064 0.892313 0.350635 0.894046 0.351403 0.895843 0.352250 0.897430 0.353047 0.898563 0.357723 0.902660 0.375458 0.894195 0.378306 0.885183 0.371412 0.870742 0.354082 0.879014 0.351544 0.885570 0.349817 0.890054
0 0.290610 0.062128 0.290784 0.069053 0.290851 0.069324 0.293255 0.074275 0.293738 0.075137 0.294565 0.076468 0.295611 0.078065 0.296717 0.079686 0.297717 0.081087 0.298459 0.082056 0.298832 0.082447 0.304546 0.085267 0.320301 0.074288 0.316097 0.064329 0.306734 0.050892
0 0.615360 0.450197 0.615636 0.469397 0.647637 0.468938 0.649344 0.468579 0.649065 0.449156 0.644940 0.446075 0.644764 0.446009 0.643877 0.445963 0.642414 0.445945 0.640597 0.445958 0.624449 0.446190 0.622563 0.446230 0.620901 0.446293 0.619717 0.446369 0.619192 0.446445
0 0.621998 0.672026 0.623409 0.674015 0.655760 0.675260 0.656506 0.655849 0.652521 0.651412 0.651954 0.651199 0.650741 0.650990 0.649068 0.650817 0.647189 0.650707 0.631162 0.650091 0.629356 0.650059 0.627891 0.650111 0.626989 0.650238 0.622736 0.652838
0 0.520519 0.132505 0.525944 0.147560 0.544009 0.141050 0.546389 0.134799 0.546928 0.130552 0.546865 0.129708 0.546558 0.128289 0.546055 0.126511 0.545431 0.124647 0.544783 0.122983 0.544211 0.121774 0.543801 0.121205 0.539487 0.117245 0.520999 0.123907
0 0.189105 0.319800 0.189223 0.336176 0.196327 0.339921 0.215529 0.339783 0.217661 0.335468 0.217969 0.334608 0.218168 0.333170 0.218228 0.331372 0.218141 0.329486 0.217920 0.327796 0.217597 0.326558 0.217222 0.325962 0.215414 0.323781 0.208756 0.319658
0 0.319502 0.040285 0.319655 0.040757 0.320052 0.041891 0.320632 0.043515 0.326097 0.058712 0.326771 0.060572 0.327432 0.062379 0.327980 0.063856 0.328331 0.064777 0.328433 0.065005 0.333595 0.069125 0.351665 0.062626 0.349950 0.057569 0.338993 0.027105 0.320715 0.033679
0 0.700640 0.844647 0.702184 0.851308 0.702739 0.852001 0.703788 0.853049 0.705171 0.854292 0.706676 0.855539 0.719317 0.865591 0.720710 0.866648 0.721773 0.867351 0.722345 0.867592 0.728300 0.868781 0.740390 0.853578 0.737642 0.849536 0.712592 0.829617
0 0.364406 0.314098 0.367215 0.346350 0.368733 0.348107 0.387863 0.346441 0.390459 0.341897 0.390491 0.341034 0.390437 0.339597 0.390306 0.337804 0.388915 0.321826 0.388726 0.319944 0.388507 0.318253 0.388292 0.317009 0.388113 0.316401 0.383758 0.312413
0 0.347796 0.438802 0.350381 0.471148 0.352433 0.471544 0.368385 0.470270 0.365836 0.438367 0.363970 0.437510
0 0.261823 0.600684 0.272053 0.617197 0.274659 0.615857 0.301865 0.599002 0.291752 0.582678 0.286018 0.581941 0.285422 0.582243 0.284290 0.582888 0.282792 0.583778 0.281159 0.584777 0.267430 0.593282 0.265915 0.594233 0.264756 0.594990 0.264128 0.595435
0 0.403150 0.425780 0.419620 0.453652 0.420539 0.454182 0.437071 0.444413 0.438016 0.439582 0.437911 0.439346 0.437449 0.438515 0.436701 0.437216 0.435781 0.435647 0.427621 0.421839 0.426665 0.420233 0.425816 0.418828 0.425201 0.417837 0.424915 0.417413 0.419873 0.415898
