0 0.302219 0.094864 0.304479 0.099494 0.322948 0.104753 0.326910 0.099937 0.327467 0.098734 0.328016 0.097068 0.332408 0.081642 0.332869 0.079761 0.333172 0.077945 0.333272 0.076468 0.333153 0.075555 0.329766 0.069046 0.311084 0.063726
0 0.747863 0.903368 0.755895 0.917209 0.761882 0.926969 0.778879 0.917105 0.778801 0.910353 0.778584 0.909901 0.777997 0.908837 0.777130 0.907323 0.776115 0.905593 0.775108 0.903911 0.774264 0.902537 0.773711 0.901678 0.770565 0.897060 0.770392 0.896854 0.764471 0.893730
0 0.205305 0.909723 0.218106 0.939460 0.235948 0.931779 0.238966 0.926843 0.239533 0.924091 0.239411 0.922658 0.238988 0.920909 0.238328 0.919108 0.231985 0.904376 0.231187 0.902790 0.230369 0.901655 0.226311 0.897447 0.208673 0.905040
0 0.823072 0.636328 0.833051 0.652735 0.836902 0.654501 0.839492 0.654862 0.840255 0.654876 0.841534 0.654504 0.843132 0.653803 0.844807 0.652881 0.858605 0.644489 0.860095 0.643487 0.861166 0.642564 0.861657 0.641860 0.864562 0.637678 0.854469 0.621082 0.850417 0.619698
0 0.850241 0.524188 0.854992 0.555838 0.859097 0.556484 0.878306 0.553600 0.879752 0.548320 0.879804 0.546802 0.879629 0.544981 0.877231 0.529010 0.876856 0.527169 0.876341 0.525596 0.875764 0.524531 0.873500 0.521584 0.869231 0.521337
0 0.128497 0.470390 0.133051 0.474543 0.133671 0.474706 0.134941 0.474973 0.136668 0.475305 0.152547 0.478251 0.154461 0.478595 0.156264 0.478897 0.157680 0.479112 0.158493 0.479207 0.158582 0.479167 0.164211 0.476566 0.167714 0.457685 0.136247 0.451847 0.132041 0.451291
0 0.355254 0.369291 0.358563 0.372279 0.377757 0.372867 0.380740 0.368830 0.380905 0.367932 0.381041 0.366470 0.381129 0.364664 0.381154 0.362788 0.381113 0.361124 0.381012 0.359924 0.380867 0.359372 0.379481 0.357736 0.375398 0.353524 0.355755 0.352922
0 0.133483 0.435435 0.161634 0.451424 0.165501 0.451980 0.174985 0.435283 0.172121 0.430258 0.171579 0.429820 0.170466 0.429101 0.168951 0.428210 0.155005 0.420288 0.153313 0.419358 0.151696 0.418526 0.150398 0.417919 0.149617 0.417629 0.143077 0.418545
0 0.837205 0.907023 0.841104 0.911729 0.857300 0.922454 0.875174 0.895460 0.870886 0.890940 0.854875 0.880338 0.850650 0.883564 0.849527 0.884580 0.848419 0.886015 0.839564 0.899388 0.838636 0.901028 0.838026 0.902630
0 0.534144 0.875264 0.535041 0.891280 0.535530 0.896735 0.568009 0.894915 0.567099 0.878676 0.566176 0.873469
0 0.620945 0.378099 0.640147 0.378173 0.643426 0.375322 0.646064 0.372804 0.646261 0.372262 0.646431 0.371056 0.646548 0.369368 0.646594 0.367458 0.646563 0.365618 0.646457 0.364131 0.646296 0.363225 0.643489 0.358946 0.623837 0.358871 0.621006 0.362097
0 0.189372 0.253355 0.196911 0.267767 0.201079 0.270960 0.229506 0.256089 0.222071 0.241875 0.218196 0.238277
0 0.867194 0.985450 0.867407 0.987019 0.867823 0.988023 0.868457 0.989018 0.872717 0.994672 0.891794 0.998333 0.897896 0.966539 0.893348 0.961206 0.874489 0.957587 0.871504 0.962993 0.870933 0.964181 0.870489 0.965868 0.867466 0.981620 0.867215 0.983555
0 0.854230 0.663869 0.866096 0.674605 0.871187 0.677034 0.892959 0.652972 0.880929 0.642086 0.875704 0.640137
0 0.310039 0.799582 0.311434 0.803185 0.312026 0.804199 0.313090 0.805437 0.314462 0.806708 0.326839 0.817082 0.328305 0.818189 0.329637 0.818959 0.330631 0.819275 0.334851 0.820378 0.347329 0.805491 0.349074 0.801999 0.324545 0.781441 0.312210 0.796158
0 0.296546 0.155034 0.300560 0.174272 0.305120 0.181718 0.308462 0.182923 0.309698 0.183063 0.311368 0.182980 0.313220 0.182687 0.314974 0.182228 0.316366 0.181672 0.317184 0.181102 0.320785 0.178449 0.316862 0.159652 0.312577 0.151689
0 0.051679 0.413101 0.055984 0.417956 0.056483 0.418211 0.057648 0.418671 0.059302 0.419265 0.061191 0.419902 0.063024 0.420484 0.064521 0.420923 0.065454 0.421150 0.070449 0.422057 0.070669 0.422039 0.077043 0.420341 0.083348 0.402202 0.068232 0.396949 0.058131 0.394538
0 0.672563 0.127152 0.674298 0.130356 0.674958 0.131368 0.676106 0.132539 0.677567 0.133693 0.690699 0.142902 0.692256 0.143867 0.693679 0.144498 0.698766 0.145529 0.709792 0.129808 0.712218 0.125527 0.685713 0.106938 0.674559 0.122841
0 0.418927 0.450925 0.424094 0.469649 0.424961 0.469996 0.455813 0.461483 0.450705 0.442972 0.450135 0.442313 0.446409 0.440204 0.445984 0.440223 0.444912 0.440435 0.443356 0.440808 0.441553 0.441286 0.425985 0.445582 0.424218 0.446089 0.422761 0.446547 0.421837 0.446886 0.421586 0.447054
0 0.646115 0.258342 0.648849 0.274109 0.667769 0.270829 0.671553 0.265756 0.673549 0.263032 0.673717 0.262348 0.673733 0.261033 0.673593 0.259285 0.673319 0.257373 0.672952 0.255589 0.672550 0.254210 0.672173 0.253443 0.668897 0.249331 0.649534 0.252688
0 0.467204 0.984374 0.499495 0.986706 0.500894 0.967331 0.500884 0.961990 0.496523 0.959779 0.494968 0.959324 0.493133 0.959071 0.477135 0.957916 0.475292 0.957903 0.473716 0.958132 0.468962 0.959684 0.467579 0.978837
0 0.164896 0.662766 0.190955 0.682237 0.195205 0.679731 0.204806 0.666881 0.179105 0.647678 0.174632 0.649737
0 0.379020 0.336011 0.380684 0.338265 0.392713 0.348877 0.413937 0.324817 0.412737 0.322375 0.400539 0.311616
0 0.000472 0.082225 0.007340 0.087969 0.020998 0.096382 0.037824 0.069066 0.031381 0.063058 0.017532 0.054528
0 0.278756 0.586925 0.311279 0.587577 0.313874 0.586373 0.314196 0.570335 0.282120 0.569691 0.279082 0.570663
0 0.627406 0.396287 0.629963 0.400359 0.630781 0.400872 0.632125 0.401546 0.633791 0.402280 0.648596 0.408448 0.650335 0.409132 0.651890 0.409665 0.653024 0.409966 0.653566 0.409989 0.656950 0.408595 0.658765 0.407538 0.666235 0.389607 0.636349 0.377157 0.634791 0.378561
0 0.815088 0.120218 0.816928 0.124653 0.817785 0.126047 0.818991 0.127460 0.820364 0.128678 0.821696 0.129517 0.826291 0.131644 0.840003 0.118200 0.847957 0.109268 0.836492 0.097574 0.822459 0.111333
0 0.492691 0.660735 0.511374 0.666052 0.515479 0.662938 0.515601 0.662800 0.515905 0.661973 0.516347 0.660583 0.516859 0.658842 0.521280 0.643309 0.521782 0.641489 0.522196 0.639872 0.522458 0.638708 0.522529 0.638171 0.520006 0.633372 0.501536 0.628116 0.492775 0.658897
0 0.031766 0.136962 0.046547 0.149565 0.051730 0.153571 0.072495 0.129217 0.067552 0.124930 0.052771 0.112327 0.048632 0.114922 0.047274 0.115829 0.045952 0.117139 0.035473 0.129428 0.034393 0.130936 0.033723 0.132408
0 0.344076 0.972860 0.376081 0.977741 0.377497 0.972280 0.380393 0.953297 0.375943 0.950724 0.374492 0.950153 0.372705 0.949757 0.356849 0.947339 0.354991 0.947178 0.353338 0.947276 0.348754 0.948472 0.347005 0.953657
0 0.048933 0.642753 0.051190 0.662046 0.083346 0.658285 0.088108 0.656475 0.085877 0.637403 0.080091 0.635034 0.079523 0.635005 0.078285 0.635085 0.076567 0.635264 0.060636 0.637128 0.058692 0.637378 0.056811 0.637662 0.055278 0.637937 0.054326 0.638162 0.054102 0.638302
0 0.953808 0.037066 0.967450 0.050581 0.974465 0.048452 0.974832 0.048118 0.980354 0.042862 0.981259 0.041987 0.982552 0.040713 0.984037 0.039235 0.985486 0.037780 0.986676 0.036570 0.987425 0.035793 0.987619 0.035566 0.989912 0.028432 0.975951 0.014601 0.964425 0.026236
0 0.457305 0.351071 0.458281 0.354476 0.476735 0.359787 0.480778 0.356833 0.480905 0.356669 0.481215 0.355826 0.481661 0.354433 0.482175 0.352701 0.482679 0.350892 0.483099 0.349280 0.483369 0.348107 0.483449 0.347553 0.483256 0.345780 0.480720 0.340768 0.461834 0.335333
0 0.536071 0.817806 0.536181 0.818588 0.536400 0.819980 0.536693 0.821768 0.537017 0.823681 0.539752 0.839597 0.540056 0.841335 0.540292 0.842626 0.540424 0.843275 0.544605 0.847777 0.563749 0.844486 0.558266 0.812579 0.557600 0.809007 0.538675 0.812259 0.536086 0.817748
0 0.524287 0.709759 0.524568 0.712184 0.539146 0.741090 0.556490 0.732343 0.557770 0.726594 0.557528 0.725967 0.556994 0.724783 0.556248 0.723221 0.555404 0.721519 0.548182 0.707198 0.547365 0.705608 0.546697 0.704366 0.546278 0.703661 0.546174 0.703601 0.541433 0.701112
0 0.224892 0.163248 0.228675 0.167878 0.260690 0.169962 0.261732 0.153955 0.258410 0.149130 0.225949 0.147017
0 0.116947 0.058515 0.125704 0.068608 0.141421 0.071615 0.145030 0.052755 0.140471 0.046220 0.136290 0.040943 0.135438 0.040259 0.133981 0.039538 0.132142 0.038890 0.130202 0.038414 0.128459 0.038185 0.127180 0.038237 0.120640 0.039214
0 0.903619 0.106959 0.919252 0.118111 0.925966 0.115490 0.926315 0.115282 0.927092 0.114474 0.928180 0.113187 0.929414 0.111618 0.930604 0.110006 0.939983 0.096858 0.940943 0.095455 0.941525 0.094480 0.941639 0.094081 0.942900 0.087340 0.927087 0.076059 0.922205 0.080905
