0 0.955725 0.679953 0.960389 0.698581 0.965712 0.700877 0.997117 0.693015 0.992400 0.674171 0.985617 0.670634 0.984621 0.670499 0.983067 0.670562 0.981192 0.670814 0.979280 0.671216 0.963721 0.675111 0.962056 0.675604 0.960885 0.676115
0 0.739860 0.737844 0.744061 0.742965 0.744749 0.743327 0.746067 0.743715 0.747813 0.744071 0.749721 0.744340 0.765773 0.746118 0.767545 0.746258 0.768906 0.746246 0.769646 0.746086 0.774811 0.744160 0.776950 0.724854 0.773785 0.722283 0.741975 0.718758
0 0.451996 0.781808 0.460940 0.812922 0.479609 0.807556 0.482123 0.801750 0.482046 0.800999 0.481777 0.799660 0.481359 0.797936 0.480856 0.796088 0.476425 0.780674 0.475910 0.778977 0.475460 0.777683 0.475144 0.776989 0.471000 0.773282 0.452545 0.778587
0 0.715187 0.775837 0.718180 0.779673 0.731506 0.788928 0.750016 0.762276 0.746587 0.758679 0.733444 0.749550
0 0.768609 0.249169 0.788859 0.274053 0.792886 0.270903 0.805502 0.260637 0.784969 0.235405 0.772354 0.245672
0 0.587566 0.867080 0.589615 0.875668 0.599768 0.888518 0.615187 0.876333 0.615213 0.869445 0.613889 0.865198 0.613511 0.864429 0.612737 0.863203 0.611685 0.861707 0.610514 0.860168 0.609401 0.858817 0.608514 0.857858 0.607987 0.857438 0.602633 0.855175
0 0.702471 0.220118 0.721582 0.221994 0.726574 0.217527 0.726909 0.216788 0.727266 0.215426 0.727590 0.213648 0.727831 0.211728 0.729409 0.195655 0.729530 0.193890 0.729511 0.192557 0.729357 0.191858 0.727307 0.186560 0.707975 0.184662 0.705598 0.188267
0 0.451440 0.214106 0.451995 0.217374 0.470766 0.221424 0.474731 0.217412 0.474979 0.216706 0.475327 0.215391 0.475722 0.213666 0.479105 0.197988 0.479488 0.196108 0.479802 0.194354 0.480000 0.192991 0.480051 0.192226 0.477256 0.186557 0.458268 0.182460
0 0.172017 0.889120 0.182307 0.901861 0.197596 0.889513 0.204509 0.880609 0.203283 0.876126 0.202523 0.874631 0.201444 0.873100 0.200209 0.871765 0.199003 0.870827 0.194454 0.868159 0.179515 0.880225
0 0.214761 0.743880 0.219287 0.762770 0.250770 0.755226 0.253619 0.752309 0.249144 0.733635 0.243756 0.732181 0.243027 0.732165 0.241700 0.732356 0.239977 0.732724 0.224379 0.736461 0.222516 0.736952 0.220790 0.737493 0.219461 0.738002 0.218733 0.738402
0 0.879128 0.869613 0.889657 0.881715 0.895090 0.887037 0.919631 0.865685 0.908955 0.853414 0.903332 0.848555
0 0.761207 0.865797 0.762364 0.881796 0.766021 0.887119 0.798466 0.884773 0.797294 0.868551 0.793206 0.863483
0 0.824372 0.271232 0.837541 0.285208 0.841444 0.282724 0.865006 0.260522 0.851685 0.246385 0.845164 0.247479 0.844975 0.247561 0.844254 0.248145 0.843109 0.249142 0.841717 0.250400 0.840288 0.251728 0.828614 0.262727 0.827360 0.263928 0.826467 0.264824 0.826071 0.265278
0 0.784430 0.338382 0.784434 0.339198 0.785357 0.344328 0.803675 0.350087 0.807186 0.348354 0.816896 0.317469 0.798366 0.311644 0.792423 0.314771 0.791927 0.315365 0.791288 0.316568 0.790603 0.318194 0.789975 0.319998 0.785164 0.335299 0.784686 0.337013
0 0.820602 0.663644 0.834966 0.676388 0.842803 0.680514 0.853671 0.668264 0.838970 0.655222 0.831221 0.651674 0.827754 0.652757 0.826696 0.653367 0.825416 0.654421 0.824109 0.655758 0.822971 0.657177 0.822175 0.658463 0.821841 0.659422
0 0.174251 0.589136 0.176271 0.593670 0.176715 0.594445 0.177682 0.595519 0.179024 0.596729 0.191450 0.607044 0.192958 0.608199 0.194396 0.609121 0.195545 0.609668 0.196230 0.609758 0.199162 0.609814 0.202600 0.608559 0.214865 0.593783 0.190239 0.573342 0.186657 0.574190
0 0.326126 0.739077 0.341215 0.751667 0.346915 0.749968 0.347421 0.749437 0.348324 0.748405 0.349485 0.747031 0.350727 0.745525 0.351858 0.744120 0.352705 0.743029 0.353140 0.742419 0.354828 0.739632 0.355097 0.733627 0.340353 0.721324 0.330101 0.733611
0 0.827570 0.069402 0.832101 0.072574 0.833349 0.073340 0.835026 0.073980 0.850392 0.078579 0.852248 0.078996 0.854008 0.079130 0.855405 0.078960 0.858231 0.078578 0.862373 0.073706 0.867943 0.055097 0.836928 0.045814 0.833076 0.051005
0 0.299210 0.333024 0.303800 0.336841 0.317307 0.345421 0.327604 0.329213 0.325730 0.323618 0.323703 0.321567 0.323153 0.321129 0.322057 0.320357 0.320580 0.319368 0.318949 0.318314 0.317414 0.317357 0.316212 0.316644 0.315525 0.316283 0.309748 0.316436
0 0.854051 0.021791 0.857716 0.037368 0.888870 0.030039 0.894278 0.023504 0.890562 0.007710 0.858975 0.015141
0 0.467756 0.712976 0.470014 0.732498 0.486282 0.730617 0.486596 0.725345 0.484390 0.706269 0.480370 0.704200 0.479355 0.704092 0.477819 0.704119 0.475996 0.704277 0.474160 0.704542 0.472588 0.704875 0.471519 0.705224 0.471117 0.705537 0.468493 0.708108
0 0.255862 0.142627 0.261443 0.150796 0.280576 0.152438 0.283314 0.147625 0.283646 0.146978 0.283940 0.145685 0.284154 0.143943 0.284255 0.142015 0.284228 0.140191 0.284076 0.138747 0.283823 0.137904 0.281309 0.133693 0.276842 0.127990 0.257262 0.126310
0 0.445131 0.948219 0.458068 0.958076 0.477783 0.932201 0.478089 0.926259 0.465329 0.916537 0.445885 0.942056
0 0.434814 0.516123 0.443737 0.547322 0.459336 0.542861 0.459894 0.542273 0.451093 0.511502 0.450413 0.511662
0 0.691149 0.542379 0.722242 0.549962 0.724811 0.550540 0.729414 0.531668 0.725779 0.527401 0.725720 0.527350 0.724953 0.527132 0.723595 0.526780 0.721853 0.526348 0.706163 0.522521 0.704308 0.522076 0.702629 0.521687 0.701384 0.521414 0.700761 0.521299 0.695699 0.523723
0 0.451160 0.421345 0.452276 0.423144 0.463911 0.434131 0.477095 0.420170 0.476972 0.415014 0.476704 0.414026 0.476402 0.413655 0.475603 0.412828 0.474429 0.411671 0.473059 0.410359 0.471702 0.409096 0.470569 0.408074 0.469831 0.407450 0.469601 0.407318 0.464653 0.407058
0 0.598080 0.214562 0.613725 0.242482 0.630477 0.233096 0.631985 0.230010 0.632637 0.227082 0.632632 0.226400 0.632268 0.225178 0.631599 0.223601 0.630728 0.221910 0.622833 0.207821 0.621895 0.206281 0.621036 0.205132 0.620388 0.204547 0.616160 0.201766 0.599214 0.211261
0 0.090238 0.593172 0.097879 0.611278 0.104376 0.612558 0.104562 0.612552 0.109108 0.611259 0.109961 0.610969 0.111359 0.610439 0.113087 0.609750 0.114885 0.609005 0.116481 0.608318 0.117634 0.607791 0.118170 0.607505 0.121815 0.602513 0.114349 0.584821 0.105326 0.586805
0 0.467930 0.918952 0.479113 0.935112 0.492579 0.925793 0.492749 0.916059 0.481822 0.900269 0.476020 0.901415 0.474754 0.902004 0.473246 0.902947 0.471725 0.904100 0.470419 0.905291 0.469526 0.906338 0.469184 0.907084 0.468663 0.909375
0 0.800711 0.308197 0.816056 0.319742 0.822541 0.318190 0.826292 0.316075 0.826952 0.315532 0.827961 0.314475 0.829166 0.313064 0.830381 0.311515 0.831420 0.310066 0.832124 0.308941 0.832385 0.308310 0.833296 0.302438 0.817592 0.290623 0.810332 0.295410
0 0.054209 0.741787 0.054228 0.743700 0.055413 0.759806 0.055666 0.761587 0.056114 0.762956 0.058409 0.768227 0.077782 0.766801 0.082608 0.763752 0.080259 0.731833 0.061108 0.733242 0.056034 0.735939 0.054850 0.738726 0.054428 0.740040
0 0.893026 0.714203 0.915747 0.736743 0.920554 0.739480 0.934234 0.725690 0.932171 0.719729 0.931911 0.719236 0.931119 0.718294 0.929916 0.717046 0.918451 0.705672 0.917025 0.704312 0.915597 0.703053 0.914388 0.702088 0.913580 0.701562 0.906549 0.700570
0 0.230648 0.295764 0.230681 0.297562 0.231586 0.313686 0.231760 0.315586 0.232049 0.317292 0.232408 0.318543 0.232782 0.319149 0.234853 0.321143 0.237884 0.323188 0.257056 0.322112 0.255263 0.290158 0.252433 0.287731 0.233039 0.288820 0.231005 0.293533 0.230762 0.294349
0 0.819991 0.583098 0.832250 0.597878 0.836092 0.599010 0.838821 0.599018 0.839552 0.598914 0.840741 0.598355 0.842206 0.597426 0.843723 0.596268 0.856154 0.585958 0.857487 0.584752 0.858427 0.583686 0.858832 0.582923 0.861011 0.578342 0.848610 0.563391 0.844625 0.562666
0 0.110453 0.403085 0.111008 0.409132 0.111480 0.410437 0.112280 0.412033 0.120134 0.426145 0.121135 0.427784 0.122183 0.429210 0.123116 0.430205 0.123792 0.430618 0.126197 0.431373 0.130470 0.432158 0.147249 0.422819 0.131685 0.394854 0.127426 0.393638
0 0.349572 0.507567 0.368990 0.508062 0.370488 0.507970 0.373244 0.504885 0.373421 0.504512 0.373588 0.503463 0.373722 0.501900 0.373802 0.500058 0.374211 0.484024 0.374225 0.482179 0.374171 0.480604 0.374057 0.479537 0.373900 0.479143 0.371303 0.475976 0.369815 0.475698 0.350397 0.475203
0 0.430506 0.920394 0.430516 0.922137 0.430561 0.923391 0.430635 0.923964 0.433750 0.929474 0.453174 0.929559 0.453710 0.924649 0.453849 0.892645 0.434646 0.892561 0.430926 0.897864 0.430836 0.898022 0.430743 0.898916 0.430661 0.900412 0.430602 0.902284 0.430576 0.904244
0 0.902890 0.059381 0.909153 0.074107 0.926824 0.066591 0.936809 0.056452 0.936696 0.052259 0.936405 0.050457 0.935788 0.048611 0.934938 0.047005 0.930400 0.041381 0.912316 0.049073
0 0.090874 0.123785 0.093436 0.139847 0.099027 0.144799 0.130709 0.139745 0.128182 0.123904 0.122998 0.118661
0 0.277795 0.168668 0.277901 0.170448 0.278125 0.172404 0.278433 0.174235 0.278777 0.175660 0.279105 0.176463 0.281645 0.180183 0.286561 0.184899 0.305690 0.183210 0.304282 0.167270 0.299703 0.159486 0.280127 0.161214 0.277982 0.166657 0.277824 0.167337
