0 0.671234 0.586238 0.673214 0.587235 0.692303 0.590835 0.695481 0.587538 0.695894 0.586606 0.696333 0.585126 0.696728 0.583327 0.699721 0.567457 0.700012 0.565617 0.700153 0.564025 0.700124 0.562923 0.699928 0.562479 0.698303 0.559022 0.696037 0.558347 0.677167 0.554788
0 0.412896 0.708082 0.431564 0.734722 0.444884 0.725388 0.445642 0.722289 0.427230 0.696016 0.414094 0.705221
0 0.073611 0.579225 0.089355 0.590604 0.094049 0.589568 0.112796 0.563629 0.097232 0.552381 0.092575 0.552986 0.090260 0.553287 0.089503 0.553656 0.088427 0.554566 0.087198 0.555881 0.086004 0.557398 0.076544 0.570488 0.075569 0.571972 0.074968 0.573190
0 0.512457 0.819816 0.512601 0.823513 0.515984 0.825656 0.517050 0.826067 0.518633 0.826379 0.520490 0.826546 0.536625 0.827246 0.538467 0.827240 0.540007 0.827063 0.541009 0.826742 0.544945 0.824917 0.545787 0.805511 0.545264 0.802019 0.513289 0.800631
0 0.478479 0.318586 0.478725 0.320659 0.500812 0.343820 0.514709 0.330568 0.514879 0.328609 0.515047 0.324905 0.514813 0.324407 0.514106 0.323451 0.513032 0.322181 0.511756 0.320792 0.500610 0.309105 0.499331 0.307814 0.498248 0.306821 0.497526 0.306279 0.492537 0.305180
0 0.477267 0.159210 0.477494 0.159969 0.478079 0.161229 0.478933 0.162800 0.479926 0.164442 0.488530 0.177978 0.489515 0.179448 0.490346 0.180528 0.490896 0.181053 0.495718 0.183642 0.511924 0.173342 0.512062 0.169565 0.494696 0.142242 0.478302 0.152662
0 0.759932 0.161844 0.775845 0.163524 0.782299 0.155652 0.784363 0.136109 0.779100 0.133388 0.777731 0.132943 0.775940 0.132648 0.774001 0.132549 0.772214 0.132661 0.770851 0.132966 0.768077 0.134389 0.761948 0.142747
0 0.773623 0.480336 0.774401 0.484933 0.792455 0.491474 0.799297 0.491275 0.804876 0.475878 0.786399 0.469183 0.779852 0.469888 0.777148 0.471576 0.776658 0.471959 0.775994 0.472972 0.775256 0.474460 0.774557 0.476198 0.774001 0.477923 0.773673 0.479376
0 0.747194 0.624303 0.747369 0.628519 0.764200 0.637763 0.770381 0.640986 0.778266 0.626632 0.761041 0.617171 0.755073 0.614493 0.751483 0.616494 0.750700 0.617279 0.749761 0.618560 0.748810 0.620143 0.747988 0.621789 0.747421 0.623250
0 0.318105 0.977163 0.323019 0.979420 0.324451 0.979924 0.326251 0.980220 0.342333 0.981702 0.344220 0.981745 0.345901 0.981528 0.350343 0.980133 0.352054 0.974645 0.353815 0.955523 0.321946 0.952587 0.319887 0.957820
0 0.113841 0.471381 0.127361 0.480622 0.135880 0.481065 0.146716 0.465212 0.144124 0.460217 0.143659 0.459672 0.142636 0.458821 0.141209 0.457793 0.139595 0.456743 0.138036 0.455829 0.136768 0.455189 0.135986 0.454923 0.131752 0.454399 0.124931 0.455157
0 0.214247 0.588939 0.214300 0.608363 0.246675 0.608275 0.249570 0.607037 0.249518 0.587835 0.244819 0.584817 0.244060 0.584726 0.242689 0.584667 0.240915 0.584650 0.224876 0.584693 0.222963 0.584721 0.221193 0.584788 0.219837 0.584886 0.219099 0.584999
0 0.873696 0.881601 0.874000 0.882765 0.874591 0.884373 0.880584 0.899250 0.881371 0.901063 0.882240 0.902812 0.883057 0.904231 0.883700 0.905106 0.890319 0.909165 0.908337 0.901907 0.896240 0.871878 0.891711 0.867627 0.873899 0.874802
0 0.173577 0.886249 0.174579 0.902483 0.207047 0.900479 0.211075 0.894972 0.210087 0.878961 0.178065 0.880939
0 0.582521 0.711192 0.585065 0.716660 0.603225 0.723555 0.614716 0.693289 0.613405 0.691080 0.595453 0.684263 0.591411 0.687214 0.590938 0.687981 0.590316 0.689301 0.589639 0.690973 0.583945 0.705967 0.583314 0.707743 0.582821 0.709359 0.582542 0.710570
0 0.623618 0.955051 0.625048 0.960313 0.650679 0.980090 0.662546 0.964711 0.661152 0.957366 0.660649 0.956539 0.659643 0.955391 0.658288 0.954098 0.656789 0.952854 0.644090 0.943056 0.642670 0.942047 0.641539 0.941422 0.635349 0.939848
0 0.238587 0.989679 0.257997 0.990436 0.262931 0.984534 0.263258 0.983529 0.263563 0.981946 0.263800 0.980026 0.263933 0.978061 0.264559 0.962034 0.264569 0.960314 0.264454 0.959096 0.262011 0.952850 0.242823 0.952102 0.239849 0.957329
0 0.438979 0.041706 0.439676 0.046945 0.452308 0.061408 0.457876 0.059490 0.459083 0.058791 0.460481 0.057695 0.472561 0.047145 0.473941 0.045815 0.475099 0.044448 0.475858 0.043252 0.476103 0.042407 0.476414 0.040356 0.476141 0.035041 0.463363 0.020411
0 0.442873 0.319615 0.443526 0.321677 0.460642 0.330382 0.465136 0.327987 0.465649 0.327248 0.466382 0.325986 0.467226 0.324390 0.474496 0.310093 0.475324 0.308402 0.476014 0.306866 0.476461 0.305719 0.476597 0.305135 0.474863 0.299563 0.457549 0.290758
0 0.802136 0.397146 0.802663 0.429224 0.818702 0.428960 0.823146 0.427970 0.822611 0.395444 0.806348 0.395712
0 0.068827 0.535779 0.085097 0.546801 0.094582 0.545731 0.103557 0.532483 0.087658 0.521713 0.078012 0.522221 0.075775 0.522847 0.074999 0.523186 0.073921 0.524091 0.072706 0.525425 0.071540 0.526985 0.070603 0.528531 0.070037 0.529824
0 0.754403 0.065372 0.758070 0.084221 0.764111 0.085315 0.765446 0.085326 0.767185 0.085083 0.782928 0.082020 0.784810 0.081559 0.786556 0.080948 0.787903 0.080280 0.788643 0.079656 0.792833 0.073231 0.789123 0.054164 0.757345 0.060347
0 0.293978 0.090616 0.295676 0.097638 0.296239 0.098389 0.297301 0.099465 0.298699 0.100703 0.300223 0.101915 0.313036 0.111562 0.314458 0.112568 0.315568 0.113219 0.316197 0.113416 0.321901 0.114546 0.333451 0.099205 0.331525 0.094571 0.305662 0.075098
0 0.629609 0.549371 0.640994 0.564835 0.642624 0.565585 0.646424 0.566053 0.646914 0.565922 0.647924 0.565374 0.649300 0.564492 0.650832 0.563409 0.663838 0.553834 0.665287 0.552721 0.666428 0.551751 0.667086 0.551071 0.668695 0.546390 0.657178 0.530748 0.655382 0.530396
0 0.420642 0.640978 0.450245 0.654083 0.458108 0.636321 0.458587 0.634763 0.456790 0.631107 0.456512 0.630786 0.455605 0.630217 0.454211 0.629488 0.452539 0.628709 0.437873 0.622217 0.436172 0.621503 0.434696 0.620961 0.433667 0.620673 0.433243 0.620684 0.429322 0.621808 0.428505 0.623216
0 0.396503 0.277512 0.397686 0.280055 0.428447 0.288888 0.433747 0.270431 0.432981 0.267777 0.431217 0.264936 0.430772 0.264524 0.429686 0.263970 0.428123 0.263359 0.426322 0.262785 0.410799 0.258328 0.409041 0.257880 0.407600 0.257628 0.406696 0.257610 0.401864 0.258841
0 0.385915 0.614130 0.399215 0.628288 0.422810 0.606120 0.423695 0.604908 0.410547 0.590913 0.405343 0.591146 0.405201 0.591278 0.404546 0.591891 0.403479 0.592891 0.391787 0.603876 0.389102 0.606399 0.387881 0.607548 0.386993 0.608384 0.386576 0.608778
0 0.628644 0.910163 0.630437 0.915881 0.646701 0.916053 0.647045 0.883525 0.645023 0.878251 0.628982 0.878082
0 0.200594 0.864214 0.201732 0.880439 0.234182 0.878163 0.237837 0.872963 0.236714 0.856961 0.204710 0.859207
0 0.898858 0.214696 0.921294 0.237629 0.927168 0.233971 0.938794 0.222597 0.916045 0.199345 0.910325 0.203478
0 0.955506 0.054209 0.955606 0.061174 0.973626 0.067811 0.984706 0.057699 0.990366 0.042332 0.971925 0.035540 0.964809 0.040101 0.959465 0.045388 0.958733 0.046331 0.957860 0.047818 0.956979 0.049620 0.956223 0.051466 0.955706 0.053077
0 0.400195 0.353927 0.400213 0.355842 0.400282 0.357539 0.400390 0.358761 0.400522 0.359321 0.401665 0.360939 0.405613 0.364949 0.424816 0.365035 0.424887 0.349032 0.423130 0.345500 0.403478 0.345413 0.400431 0.349724 0.400313 0.350615 0.400230 0.352091
0 0.780100 0.350239 0.792953 0.359771 0.799807 0.356490 0.811513 0.340705 0.809261 0.336473 0.808760 0.335655 0.807717 0.334584 0.806292 0.333422 0.804704 0.332350 0.803197 0.331531 0.802002 0.331090 0.798359 0.330950 0.791538 0.334815
0 0.023697 0.404332 0.029046 0.408518 0.029302 0.408603 0.030287 0.408759 0.031851 0.408964 0.033753 0.409185 0.035708 0.409390 0.051669 0.410969 0.053385 0.411127 0.054606 0.411215 0.055149 0.411218 0.060991 0.408576 0.062881 0.389467 0.057827 0.388189 0.025609 0.385002
0 0.593185 0.444171 0.593242 0.446025 0.593347 0.447851 0.593486 0.449373 0.593637 0.450361 0.593776 0.450662 0.596779 0.453992 0.615963 0.453144 0.618676 0.452048 0.617953 0.435687 0.598320 0.436554 0.596073 0.438005 0.593350 0.441015 0.593243 0.441459 0.593185 0.442568
0 0.149792 0.559348 0.164871 0.565443 0.169479 0.564543 0.181502 0.534799 0.166630 0.528787 0.161983 0.529189
0 0.307431 0.660000 0.314314 0.674737 0.343787 0.660972 0.345935 0.658758 0.339147 0.644224 0.310079 0.657800
0 0.683318 0.075490 0.694695 0.090960 0.720478 0.072000 0.723028 0.067051 0.711520 0.051402 0.705046 0.052880 0.703934 0.053475 0.702493 0.054456 0.689483 0.064023 0.687939 0.065236 0.686534 0.066492 0.685480 0.067599 0.684939 0.068387
0 0.436686 0.183787 0.437555 0.188125 0.444575 0.219350 0.460188 0.215839 0.459634 0.211887 0.452516 0.180228
0 0.746062 0.369826 0.746311 0.375143 0.763274 0.384142 0.769434 0.381432 0.777109 0.366965 0.759749 0.357755 0.753656 0.359837 0.750740 0.361448 0.750237 0.361955 0.749469 0.363032 0.748551 0.364513 0.747623 0.366175 0.746825 0.367767 0.746276 0.369049
