0 0.090959 0.873588 0.092046 0.878115 0.092613 0.879705 0.093536 0.881347 0.102508 0.894775 0.103643 0.896212 0.104812 0.897221 0.108946 0.900506 0.125097 0.889714 0.129382 0.885260 0.111601 0.858649 0.095635 0.869318
0 0.627819 0.728301 0.628326 0.734304 0.628750 0.734879 0.629623 0.735898 0.630811 0.737206 0.632132 0.738603 0.643340 0.750231 0.644588 0.751500 0.645570 0.752442 0.646134 0.752914 0.651765 0.754250 0.665750 0.740769 0.663856 0.738017 0.641645 0.714974
0 0.651765 0.541515 0.653875 0.542092 0.686008 0.546620 0.688272 0.530554 0.685689 0.530135 0.653998 0.525669
0 0.008414 0.183131 0.014033 0.186753 0.045118 0.194369 0.049687 0.175717 0.044786 0.169766 0.043828 0.169242 0.042297 0.168621 0.040427 0.167999 0.038505 0.167470 0.022819 0.163627 0.021144 0.163274 0.019978 0.163153 0.013036 0.164264
0 0.352608 0.115876 0.354635 0.121158 0.360423 0.136118 0.390344 0.124542 0.388816 0.119307 0.382947 0.104138
0 0.571507 0.141033 0.581692 0.171374 0.596862 0.166282 0.598209 0.161641 0.587883 0.130878 0.572502 0.136041
0 0.291270 0.316150 0.292854 0.348641 0.295703 0.350722 0.311725 0.349941 0.310162 0.317897 0.307516 0.315358
0 0.711272 0.554352 0.725088 0.562504 0.728226 0.563376 0.744757 0.535360 0.730750 0.527094 0.727577 0.526721
0 0.532025 0.318340 0.534405 0.323282 0.553082 0.327744 0.553696 0.325753 0.561220 0.294265 0.542327 0.289750 0.538009 0.293295 0.537974 0.293379 0.537773 0.294168 0.537436 0.295542 0.537015 0.297292 0.533261 0.312999 0.532822 0.314852 0.532432 0.316517 0.532152 0.317742
0 0.166227 0.623472 0.192539 0.642336 0.196053 0.640709 0.207242 0.625102 0.205026 0.620793 0.204507 0.620050 0.203458 0.619050 0.202039 0.617946 0.189004 0.608601 0.187425 0.607556 0.185922 0.606726 0.184722 0.606236 0.184007 0.606162 0.181231 0.606455 0.177545 0.607686
0 0.273594 0.518617 0.283558 0.535291 0.286032 0.534888 0.313505 0.518470 0.303655 0.501987 0.298009 0.500713 0.297426 0.500903 0.296298 0.501442 0.294796 0.502249 0.293151 0.503201 0.279287 0.511485 0.277754 0.512433 0.276573 0.513229 0.275924 0.513752
0 0.801101 0.532086 0.803499 0.537061 0.804026 0.537602 0.805095 0.538446 0.806544 0.539463 0.819854 0.548413 0.821466 0.549453 0.823002 0.550362 0.824230 0.551002 0.824963 0.551274 0.831448 0.550522 0.842287 0.534403 0.815421 0.516338 0.811816 0.516151
0 0.500511 0.132997 0.501623 0.152168 0.505403 0.153832 0.506439 0.154158 0.507993 0.154325 0.509830 0.154309 0.511671 0.154112 0.513240 0.153764 0.514298 0.153316 0.517598 0.151242 0.518010 0.143082 0.516872 0.123463 0.500523 0.124411
0 0.132911 0.470607 0.144642 0.486374 0.152765 0.486686 0.165604 0.477134 0.154142 0.461727 0.147530 0.460685 0.143431 0.460227 0.142655 0.460396 0.141398 0.460985 0.139851 0.461904 0.138250 0.463014 0.136841 0.464143 0.135842 0.465118 0.135404 0.465791
0 0.074420 0.675246 0.091113 0.703073 0.096721 0.700288 0.110444 0.692056 0.093980 0.664611 0.088334 0.666900
0 0.265069 0.271152 0.268639 0.303329 0.271283 0.305577 0.290369 0.303459 0.292441 0.298654 0.292558 0.297841 0.292540 0.296439 0.292392 0.294663 0.290623 0.278721 0.290365 0.276833 0.290036 0.275113 0.289686 0.273823 0.289368 0.273159 0.284375 0.269010
0 0.429814 0.644761 0.462024 0.649310 0.462546 0.647257 0.464790 0.631373 0.433022 0.626887 0.432089 0.628656
0 0.647015 0.473542 0.661847 0.501902 0.663718 0.501924 0.680931 0.492922 0.681499 0.488185 0.681217 0.487242 0.680624 0.485840 0.679813 0.484193 0.672328 0.469882 0.671424 0.468247 0.670568 0.466880 0.669891 0.465988 0.669497 0.465707 0.665928 0.464234 0.664031 0.464643
0 0.744122 0.561429 0.744230 0.562917 0.744509 0.564710 0.744915 0.566537 0.745388 0.568122 0.745856 0.569225 0.746249 0.569678 0.748778 0.571793 0.754598 0.573472 0.773908 0.569821 0.770865 0.553730 0.764673 0.552501 0.745805 0.556069 0.744201 0.560471
0 0.883633 0.814674 0.895730 0.829587 0.900306 0.833398 0.925448 0.813002 0.913211 0.797917 0.908488 0.794512 0.904098 0.795746 0.902584 0.796509 0.901048 0.797592 0.888592 0.807696 0.887264 0.808937 0.886339 0.810152
0 0.928376 0.715645 0.928448 0.716996 0.928798 0.718722 0.929372 0.720562 0.930084 0.722239 0.930826 0.723499 0.931487 0.724150 0.933115 0.725115 0.943248 0.730382 0.962273 0.725456 0.958168 0.709602 0.947694 0.704811 0.929104 0.709624
0 0.503992 0.099883 0.514113 0.116202 0.519019 0.115519 0.519886 0.115398 0.521198 0.114862 0.522757 0.113992 0.524328 0.112920 0.525674 0.111808 0.526591 0.110823 0.526939 0.110116 0.527712 0.107767 0.528361 0.098591 0.518003 0.081890 0.504085 0.090522
0 0.090308 0.417726 0.091120 0.433930 0.096728 0.434836 0.128693 0.433235 0.127892 0.417253 0.122717 0.416102
0 0.284582 0.144593 0.290991 0.162930 0.293380 0.166783 0.323592 0.156223 0.317256 0.138096 0.315143 0.133911 0.311443 0.133487 0.310241 0.133422 0.308615 0.133665 0.306815 0.134181 0.291569 0.139509 0.289874 0.140216 0.288549 0.141004
0 0.829618 0.155249 0.833153 0.159308 0.834278 0.160304 0.835811 0.161268 0.837520 0.162054 0.839147 0.162544 0.840445 0.162664 0.843700 0.162851 0.851741 0.154963 0.861076 0.137670 0.846666 0.129890 0.838741 0.138351
0 0.640728 0.579094 0.642355 0.580009 0.671332 0.594447 0.679995 0.577060 0.677604 0.572121 0.677510 0.572052 0.676770 0.571665 0.675496 0.571018 0.673882 0.570210 0.659427 0.563008 0.657726 0.562164 0.656203 0.561417 0.655090 0.560881 0.654556 0.560637 0.649292 0.561907
0 0.886802 0.589371 0.903338 0.599134 0.908001 0.600281 0.924462 0.572403 0.907735 0.562527 0.903074 0.561812 0.900095 0.563433 0.899117 0.564261 0.898026 0.565558 0.896986 0.567126 0.888831 0.580937 0.887996 0.582545 0.887491 0.583952
0 0.092973 0.626742 0.093177 0.628323 0.093670 0.630112 0.098899 0.645392 0.099604 0.647107 0.100413 0.648483 0.103846 0.652272 0.122225 0.645983 0.126543 0.644315 0.116181 0.614034 0.111743 0.615352 0.093365 0.621641
0 0.396403 0.642265 0.411934 0.647460 0.413947 0.644089 0.420038 0.625878 0.417611 0.622337 0.417372 0.622060 0.416474 0.621592 0.415055 0.621006 0.413331 0.620391 0.411562 0.619838 0.410014 0.619432 0.408922 0.619233 0.408453 0.619274 0.404863 0.620802 0.402637 0.623628
0 0.255108 0.473778 0.262788 0.491867 0.268517 0.493827 0.271178 0.493897 0.271817 0.493762 0.273033 0.493361 0.274639 0.492756 0.276393 0.492038 0.278030 0.491316 0.279303 0.490699 0.280019 0.490280 0.282941 0.485799 0.275436 0.468124 0.270182 0.467378
0 0.149605 0.695727 0.149632 0.697418 0.149881 0.699293 0.152859 0.715166 0.153293 0.716931 0.153842 0.718312 0.156930 0.722984 0.176022 0.719402 0.179725 0.716894 0.173823 0.685438 0.154950 0.688979 0.150960 0.691164 0.149804 0.694478
0 0.537110 0.649231 0.537304 0.649767 0.537761 0.650899 0.538410 0.652455 0.539152 0.654199 0.545532 0.669035 0.546253 0.670694 0.546838 0.672008 0.547200 0.672778 0.547283 0.672888 0.551995 0.675502 0.569840 0.667829 0.569041 0.665910 0.556398 0.636509 0.538757 0.644095
0 0.408356 0.203669 0.409613 0.207734 0.421435 0.218519 0.443006 0.194876 0.442213 0.190632 0.430227 0.179697
0 0.279566 0.888334 0.279736 0.890160 0.280073 0.892074 0.283519 0.907852 0.283972 0.909556 0.284469 0.910783 0.288106 0.915969 0.307083 0.911824 0.309289 0.907117 0.302460 0.875849 0.283699 0.879947 0.279801 0.886005 0.279589 0.886875
0 0.618180 0.565616 0.621396 0.597536 0.623088 0.598896 0.639271 0.597266 0.636011 0.564900 0.634141 0.564008
0 0.798686 0.057160 0.802264 0.088964 0.818166 0.087175 0.822591 0.081434 0.818963 0.049187 0.802840 0.051001
