0 0.675459 0.767067 0.679564 0.773315 0.688741 0.786879 0.705017 0.775867 0.704931 0.769679 0.704569 0.769106 0.703834 0.767993 0.702837 0.766511 0.701732 0.764887 0.700689 0.763370 0.699867 0.762194 0.699392 0.761536 0.697100 0.758529 0.697046 0.758492 0.691364 0.756306
0 0.325684 0.583157 0.325812 0.587761 0.326241 0.588717 0.327047 0.590068 0.328108 0.591607 0.329260 0.593096 0.330327 0.594308 0.331145 0.595058 0.331590 0.595231 0.335347 0.596379 0.339111 0.594176 0.354615 0.582846 0.345173 0.569926 0.341551 0.571562
0 0.673898 0.625097 0.677748 0.629548 0.678349 0.629757 0.679592 0.630010 0.681290 0.630269 0.683182 0.630494 0.699247 0.632152 0.701038 0.632308 0.702450 0.632370 0.703265 0.632329 0.708112 0.629867 0.710106 0.610545 0.707705 0.609281 0.675869 0.605995
0 0.504258 0.974626 0.505630 0.981898 0.522425 0.991658 0.538692 0.963666 0.538250 0.958367 0.521647 0.948718 0.516990 0.952083 0.516446 0.952481 0.515649 0.953494 0.514720 0.954967 0.506661 0.968835 0.505738 0.970550 0.504957 0.972252 0.504437 0.973683
0 0.800788 0.824056 0.801754 0.830425 0.802080 0.830863 0.802846 0.831823 0.803936 0.833158 0.814120 0.845549 0.815372 0.847063 0.816599 0.848529 0.817616 0.849726 0.818269 0.850471 0.818456 0.850650 0.824822 0.852814 0.839829 0.840481 0.819273 0.815470 0.815623 0.811864
0 0.553971 0.755720 0.555234 0.761702 0.574322 0.766375 0.578218 0.762475 0.578559 0.761742 0.578996 0.760397 0.579463 0.758644 0.579888 0.756754 0.580205 0.755016 0.580367 0.753697 0.580348 0.752997 0.579424 0.750089 0.576428 0.744742 0.557776 0.740176
0 0.202143 0.742458 0.219116 0.752363 0.225537 0.746594 0.233603 0.732773 0.217017 0.723094 0.210815 0.725433 0.207452 0.728055 0.206873 0.728681 0.206005 0.729858 0.204981 0.731405 0.203957 0.733087 0.203091 0.734644 0.202515 0.735838 0.202318 0.736487
0 0.433425 0.161034 0.436199 0.166981 0.454668 0.172239 0.463433 0.141458 0.463010 0.137313 0.444328 0.131993 0.440297 0.136141 0.439943 0.136742 0.439468 0.137981 0.438944 0.139669 0.434521 0.155201 0.434031 0.157075 0.433650 0.158842 0.433437 0.160232
0 0.328625 0.359399 0.332543 0.362613 0.347622 0.374503 0.351848 0.373250 0.352659 0.372572 0.353736 0.371440 0.354914 0.370028 0.356017 0.368548 0.356877 0.367223 0.357364 0.366253 0.357404 0.365788 0.357530 0.361937 0.354197 0.358707 0.338765 0.346539
0 0.225998 0.604139 0.232281 0.622759 0.247798 0.617523 0.253564 0.614837 0.247424 0.596642 0.241822 0.594978 0.241121 0.595206 0.239834 0.595634 0.238157 0.596198 0.236344 0.596812 0.234667 0.597384 0.233380 0.597827 0.232679 0.598073 0.229571 0.599214
0 0.423009 0.816166 0.441374 0.823161 0.446168 0.819550 0.446485 0.818920 0.447010 0.817677 0.447663 0.816008 0.448345 0.814172 0.448949 0.812449 0.449385 0.811104 0.449585 0.810341 0.450164 0.806774 0.448410 0.800819 0.430465 0.793984 0.424769 0.808938
0 0.202462 0.933154 0.209420 0.951532 0.216018 0.951597 0.217289 0.951377 0.218968 0.950833 0.220796 0.950049 0.222494 0.949145 0.223800 0.948260 0.224516 0.947530 0.227683 0.942386 0.231028 0.935544 0.224229 0.917585 0.209263 0.923252
0 0.233614 0.421585 0.233648 0.423480 0.233817 0.425126 0.234098 0.426271 0.236305 0.429658 0.242333 0.431266 0.261532 0.431654 0.261855 0.415655 0.256284 0.413682 0.236636 0.413285 0.234280 0.417236 0.233957 0.418203 0.233723 0.419730
0 0.009515 0.712311 0.036499 0.730199 0.041797 0.727568 0.052407 0.711563 0.048963 0.706864 0.047997 0.705847 0.046581 0.704776 0.033213 0.695913 0.031555 0.694947 0.029904 0.694229 0.028507 0.693868 0.025732 0.693879 0.020248 0.696121
0 0.875508 0.431612 0.879611 0.435614 0.880187 0.435987 0.881398 0.436486 0.883061 0.437034 0.898417 0.441667 0.900284 0.442183 0.902079 0.442591 0.903529 0.442829 0.904413 0.442860 0.910844 0.440171 0.916455 0.421574 0.885460 0.412224 0.881054 0.413227
0 0.331902 0.030635 0.333329 0.038095 0.335245 0.043405 0.335752 0.044232 0.336760 0.045381 0.338115 0.046677 0.339612 0.047925 0.341024 0.048937 0.342140 0.049559 0.348383 0.051181 0.360162 0.036015 0.356890 0.025160 0.343956 0.015115
0 0.525805 0.723238 0.526105 0.725835 0.527967 0.731618 0.545662 0.740166 0.552785 0.725420 0.551579 0.720266 0.534288 0.711914 0.529806 0.714591 0.529318 0.715291 0.528617 0.716537 0.527809 0.718138 0.527015 0.719854 0.526356 0.721425 0.525930 0.722614
0 0.416423 0.286470 0.421276 0.305513 0.423076 0.309959 0.426597 0.311386 0.427050 0.311544 0.428143 0.311496 0.429709 0.311251 0.431512 0.310846 0.433279 0.310342 0.434743 0.309814 0.435683 0.309344 0.438582 0.306007 0.433840 0.287399 0.432292 0.282425
0 0.571142 0.137108 0.587315 0.147460 0.592509 0.144725 0.592968 0.144242 0.593741 0.143193 0.594709 0.141735 0.595727 0.140090 0.596641 0.138505 0.597312 0.137221 0.597639 0.136433 0.598774 0.132205 0.598186 0.125419 0.581635 0.114824 0.572806 0.128618
0 0.230830 0.035510 0.246036 0.064090 0.248939 0.069073 0.265892 0.060053 0.266189 0.053342 0.266053 0.053076 0.265571 0.052161 0.264816 0.050732 0.263901 0.049008 0.262968 0.047252 0.255382 0.032995 0.254576 0.031481 0.254022 0.030446 0.253805 0.030047 0.247978 0.026385
0 0.777682 0.766721 0.800031 0.789738 0.804214 0.793777 0.815883 0.782447 0.793222 0.759109 0.789191 0.755546
0 0.723731 0.623450 0.736974 0.637356 0.742518 0.640569 0.746450 0.639942 0.747498 0.639369 0.748837 0.638378 0.750262 0.637121 0.751553 0.635792 0.752513 0.634593 0.752994 0.633709 0.754377 0.629275 0.740824 0.615044 0.735319 0.612414
0 0.531671 0.871090 0.531767 0.871944 0.531957 0.873399 0.532212 0.875233 0.532494 0.877166 0.534871 0.893140 0.535135 0.894870 0.535340 0.896127 0.535455 0.896720 0.539546 0.901548 0.558759 0.898688 0.558087 0.894131 0.553375 0.862475 0.534382 0.865303 0.531683 0.870963
0 0.069377 0.127590 0.069581 0.129018 0.070021 0.131757 0.074936 0.135966 0.093448 0.141070 0.101954 0.110217 0.097352 0.105710 0.078626 0.100547 0.075484 0.105438 0.074748 0.106657 0.074143 0.108341 0.069851 0.123910 0.069471 0.125796
0 0.952269 0.617668 0.952363 0.619299 0.953515 0.623987 0.964125 0.626888 0.983536 0.629954 0.986091 0.613778 0.974979 0.611177 0.956011 0.608181 0.953426 0.612571 0.952844 0.614029 0.952438 0.615818
0 0.173749 0.507258 0.178088 0.511258 0.178758 0.511466 0.180061 0.511766 0.181799 0.512114 0.197668 0.515113 0.199569 0.515453 0.201337 0.515733 0.202701 0.515910 0.203455 0.515958 0.208926 0.513119 0.212492 0.494251 0.181044 0.488307 0.177357 0.488172
0 0.617400 0.330651 0.649351 0.332499 0.651428 0.330170 0.652365 0.313972 0.619969 0.312098 0.618324 0.314675
0 0.735554 0.347869 0.735935 0.353257 0.753058 0.361948 0.758979 0.358718 0.766391 0.344115 0.748866 0.335221 0.742860 0.337517 0.740068 0.339385 0.739586 0.339924 0.738846 0.341034 0.737961 0.342544 0.737066 0.344227 0.736294 0.345829 0.735763 0.347108
0 0.240225 0.664485 0.251880 0.694689 0.270002 0.687696 0.272631 0.685551 0.273523 0.681800 0.273399 0.680623 0.273006 0.679032 0.272403 0.677267 0.266629 0.662303 0.265905 0.660628 0.265168 0.659290 0.264529 0.658492 0.261109 0.655692 0.243194 0.662605
0 0.628732 0.878742 0.630220 0.883121 0.641119 0.899200 0.646419 0.898108 0.647829 0.897525 0.649403 0.896590 0.662771 0.887528 0.664263 0.886386 0.665440 0.885216 0.666122 0.884196 0.667918 0.881036 0.665998 0.876681 0.655224 0.860785
0 0.700443 0.243110 0.706095 0.274612 0.724996 0.271220 0.727598 0.268575 0.729087 0.266133 0.729325 0.265462 0.729397 0.264166 0.729291 0.262442 0.729024 0.260555 0.726172 0.244659 0.725785 0.242901 0.725338 0.241549 0.724901 0.240807 0.721880 0.236709 0.702760 0.240140
0 0.415971 0.579060 0.432052 0.581501 0.432986 0.580381 0.437803 0.548662 0.421943 0.546254 0.420855 0.546899
0 0.578800 0.017291 0.580222 0.036442 0.596180 0.035257 0.598430 0.024384 0.596975 0.004786 0.591707 0.003337 0.590192 0.003078 0.588345 0.003084 0.586451 0.003355 0.584802 0.003850 0.580644 0.005998
0 0.786202 0.948659 0.792897 0.959155 0.812085 0.963402 0.815439 0.958008 0.816022 0.956804 0.816512 0.955094 0.816833 0.953142 0.816936 0.951247 0.816806 0.949701 0.816463 0.948737 0.815624 0.947412 0.808409 0.937184 0.789660 0.933035
0 0.622509 0.044885 0.626043 0.048200 0.627411 0.049085 0.629102 0.049849 0.644121 0.055479 0.645883 0.056010 0.647455 0.056227 0.652477 0.056120 0.659218 0.038140 0.661059 0.032799 0.630745 0.021434 0.623926 0.039623
0 0.370961 0.140236 0.370986 0.142207 0.371076 0.144067 0.371216 0.145530 0.371387 0.146375 0.372865 0.150440 0.376976 0.155656 0.396178 0.155753 0.396259 0.139751 0.393832 0.131322 0.374180 0.131223 0.371262 0.136493 0.371111 0.137142 0.371005 0.138456
0 0.506824 0.148115 0.516782 0.164534 0.544147 0.147937 0.544657 0.143866 0.534584 0.127257 0.529585 0.127844 0.528720 0.127971 0.527399 0.128507 0.525820 0.129370 0.512012 0.137745 0.510423 0.138802 0.509073 0.139887 0.508167 0.140834 0.507842 0.141498 0.506903 0.144046
0 0.135445 0.059193 0.136420 0.066147 0.136633 0.066512 0.137293 0.067468 0.138301 0.068869 0.139502 0.070500 0.140711 0.072109 0.141742 0.073451 0.142439 0.074321 0.146550 0.079214 0.146800 0.079472 0.153203 0.082203 0.168723 0.070894 0.159299 0.057961 0.151328 0.047620
0 0.651021 0.524848 0.655262 0.543576 0.660049 0.546451 0.660619 0.546431 0.661823 0.546252 0.663477 0.545939 0.665328 0.545542 0.681079 0.541975 0.682840 0.541555 0.684234 0.541177 0.685050 0.540899 0.688632 0.536930 0.684342 0.517985 0.682235 0.517779
0 0.560898 0.867871 0.562323 0.876478 0.565653 0.878278 0.566789 0.878714 0.568429 0.879012 0.570323 0.879126 0.572179 0.879037 0.573713 0.878761 0.574690 0.878339 0.578699 0.876588 0.578832 0.856937 0.577030 0.848777 0.561028 0.848669
