0 0.525721 0.224554 0.529725 0.240047 0.548317 0.235242 0.551101 0.229748 0.551695 0.226605 0.551671 0.225879 0.551464 0.224540 0.551105 0.222792 0.550649 0.220902 0.550166 0.219161 0.549731 0.217836 0.549409 0.217129 0.545349 0.213192 0.526323 0.218110
0 0.961194 0.915385 0.961347 0.917246 0.961735 0.918750 0.962640 0.920861 0.973464 0.930707 0.992968 0.933112 0.994972 0.916859 0.983657 0.907329 0.964599 0.904979 0.962181 0.910485 0.961645 0.911729 0.961299 0.913449
0 0.734254 0.411678 0.743273 0.424896 0.748965 0.423139 0.765198 0.412064 0.764823 0.407505 0.764525 0.406523 0.763830 0.405139 0.762843 0.403564 0.761716 0.402041 0.760622 0.400803 0.759729 0.400039 0.755968 0.398536 0.750117 0.400855
0 0.734272 0.114138 0.749999 0.117096 0.755848 0.108138 0.759481 0.088825 0.754633 0.085928 0.753264 0.085320 0.751488 0.084862 0.749578 0.084626 0.747828 0.084648 0.746505 0.084922 0.743386 0.085797 0.737822 0.095266
0 0.482761 0.110191 0.483155 0.119102 0.499140 0.119843 0.500029 0.100660 0.500029 0.091318 0.496561 0.089522 0.495496 0.089007 0.493905 0.088622 0.492029 0.088425 0.490158 0.088448 0.488579 0.088687 0.483670 0.090560
0 0.831776 0.800983 0.836390 0.805169 0.852322 0.808239 0.858461 0.776375 0.853545 0.772584 0.837831 0.769557
0 0.413330 0.447427 0.414623 0.451493 0.415598 0.452047 0.433084 0.459985 0.446313 0.430843 0.445692 0.430043 0.428005 0.422014 0.423974 0.423979 0.423721 0.424214 0.423202 0.425084 0.422495 0.426459 0.421708 0.428128 0.415032 0.442833 0.414289 0.444536 0.413704 0.446008 0.413367 0.447023
0 0.812692 0.071793 0.826133 0.085508 0.837562 0.074308 0.845459 0.064349 0.831704 0.050313 0.825197 0.052399 0.824808 0.052634 0.823919 0.053407 0.822665 0.054601 0.821240 0.056032 0.819862 0.057480 0.818742 0.058724 0.818051 0.059574 0.814395 0.064637 0.814242 0.064954
0 0.241248 0.409472 0.242386 0.425697 0.245928 0.426718 0.277932 0.424474 0.276809 0.408472 0.273698 0.407196
0 0.096736 0.228785 0.108688 0.258872 0.113161 0.261629 0.131007 0.254539 0.131227 0.248864 0.131253 0.248174 0.130952 0.246911 0.130368 0.245266 0.124447 0.230360 0.123669 0.228577 0.122811 0.226923 0.122004 0.225646 0.121369 0.224943 0.114789 0.221614
0 0.983017 0.073419 0.983151 0.075353 0.985424 0.091230 0.985812 0.092947 0.988815 0.099603 1.000000 0.096881 1.000000 0.060173 0.989878 0.062926 0.984279 0.067922 0.983547 0.070040 0.983155 0.071554
0 0.185157 0.258796 0.199585 0.271802 0.203019 0.274411 0.224448 0.250640 0.221262 0.247757 0.206835 0.234750 0.203187 0.236300 0.202151 0.236784 0.200876 0.237754 0.199556 0.239062 0.188742 0.251057 0.187582 0.252499 0.186765 0.253851 0.186414 0.254905
0 0.079028 0.413284 0.110521 0.420786 0.114973 0.421691 0.119422 0.403011 0.115047 0.398429 0.114896 0.398381 0.114029 0.398161 0.112576 0.397804 0.110756 0.397363 0.108850 0.396906 0.093140 0.393164 0.091444 0.392763 0.090222 0.392479 0.089662 0.392357 0.083529 0.394388
0 0.523276 0.255472 0.530566 0.286636 0.546148 0.282991 0.546789 0.279973 0.539398 0.248376 0.523600 0.252072
0 0.062583 0.813012 0.077921 0.825297 0.084790 0.823169 0.085112 0.823027 0.089881 0.819314 0.090651 0.818606 0.091761 0.817436 0.093041 0.815981 0.094299 0.814461 0.095344 0.813105 0.096019 0.812119 0.096221 0.811652 0.097574 0.805371 0.082586 0.793367 0.072821 0.800230
0 0.266572 0.763415 0.288025 0.787662 0.302572 0.774790 0.304829 0.771649 0.304151 0.767905 0.303677 0.766824 0.302789 0.765455 0.301620 0.764007 0.290992 0.751995 0.289717 0.750681 0.288525 0.749698 0.287596 0.749194 0.283622 0.747680 0.269240 0.760404
0 0.354790 0.114876 0.354858 0.115475 0.355095 0.116734 0.355466 0.118462 0.355914 0.120394 0.356370 0.122232 0.356765 0.123695 0.357037 0.124560 0.358681 0.128876 0.358787 0.129007 0.363506 0.133377 0.382245 0.129183 0.378749 0.113567 0.375912 0.104526 0.356735 0.108819
0 0.492160 0.509424 0.494416 0.541875 0.510641 0.540748 0.508386 0.508296 0.508271 0.508182 0.492268 0.509294
0 0.683496 0.410707 0.695481 0.425710 0.697741 0.424851 0.723036 0.404645 0.710913 0.389468 0.705051 0.389440 0.704494 0.389815 0.703450 0.390590 0.702078 0.391646 0.700587 0.392823 0.688055 0.402834 0.686665 0.403958 0.685584 0.404862 0.684974 0.405408 0.684931 0.405512
0 0.847600 0.054377 0.847660 0.056102 0.847893 0.057333 0.850071 0.063453 0.869271 0.063776 0.873540 0.058732 0.874085 0.026362 0.854663 0.026035 0.849151 0.031920 0.848685 0.032904 0.848278 0.034469 0.847992 0.036378 0.847870 0.038340
0 0.854003 0.440980 0.880842 0.458414 0.885245 0.457934 0.895827 0.441644 0.892926 0.437075 0.892487 0.436433 0.891464 0.435529 0.890012 0.434502 0.876469 0.425704 0.874815 0.424714 0.873218 0.423915 0.871920 0.423429 0.871121 0.423330 0.864464 0.424876
0 0.676428 0.197357 0.678218 0.229311 0.697390 0.228237 0.701760 0.223270 0.702006 0.222537 0.702173 0.221178 0.702237 0.219400 0.702187 0.217475 0.701284 0.201350 0.701127 0.199578 0.700888 0.198236 0.700605 0.197527 0.697862 0.192771 0.678468 0.193857
0 0.480223 0.356964 0.480450 0.358599 0.497807 0.385488 0.513940 0.375074 0.515148 0.369797 0.514968 0.369316 0.514416 0.368287 0.513575 0.366868 0.512573 0.365276 0.503814 0.351707 0.502808 0.350189 0.501954 0.348982 0.501383 0.348270 0.501182 0.348162 0.496543 0.346430
0 0.684807 0.883004 0.684820 0.884847 0.684943 0.886319 0.685158 0.887196 0.689399 0.892936 0.708762 0.894486 0.711346 0.862215 0.708931 0.858075 0.689789 0.856542 0.686938 0.861416 0.686646 0.862054 0.686382 0.863340 0.686186 0.865081 0.684906 0.881068
0 0.177817 0.038854 0.185182 0.049396 0.198193 0.058712 0.209372 0.043098 0.207075 0.035818 0.203669 0.030419 0.202970 0.029575 0.201770 0.028423 0.200251 0.027140 0.198646 0.025922 0.197202 0.024956 0.196140 0.024392 0.189257 0.022875
0 0.568612 0.877239 0.573008 0.908941 0.573852 0.913669 0.593093 0.911000 0.595579 0.905151 0.595542 0.904566 0.595398 0.903313 0.595168 0.901582 0.592950 0.885585 0.592671 0.883648 0.592385 0.881805 0.592138 0.880339 0.591966 0.879473 0.591895 0.879336 0.587632 0.874601
0 0.015852 0.555498 0.033092 0.564448 0.038429 0.563711 0.040294 0.562796 0.041069 0.562388 0.042063 0.561391 0.043123 0.559960 0.044091 0.558310 0.051481 0.544075 0.052212 0.542451 0.052598 0.541096 0.053174 0.535306 0.036131 0.526459 0.030768 0.526765
0 0.749701 0.624288 0.771752 0.647484 0.774894 0.649189 0.788972 0.635805 0.787699 0.630240 0.787298 0.629626 0.786431 0.628584 0.785229 0.627275 0.774101 0.615570 0.772752 0.614196 0.771466 0.612973 0.770439 0.612086 0.769829 0.611672 0.763618 0.611057
0 0.277769 0.981283 0.305841 0.997412 0.315518 0.980569 0.317626 0.975076 0.314716 0.971384 0.313501 0.970254 0.311953 0.969214 0.298046 0.961224 0.296396 0.960427 0.294889 0.959992 0.289876 0.959132 0.280310 0.975782
0 0.097133 0.356766 0.100696 0.389100 0.106187 0.390625 0.122131 0.388867 0.118617 0.356978 0.113300 0.354984
0 0.106041 0.185312 0.111458 0.189639 0.138674 0.206626 0.147168 0.193017 0.142249 0.188738 0.114653 0.171514
0 0.777099 0.950283 0.777350 0.951226 0.777989 0.952753 0.781204 0.957988 0.799648 0.964082 0.809805 0.933342 0.806264 0.928389 0.788030 0.922364 0.784292 0.927077 0.783590 0.928241 0.782938 0.929877 0.777906 0.945106 0.777401 0.946972 0.777118 0.948789
0 0.861113 0.952620 0.866002 0.971190 0.870234 0.976638 0.901542 0.968394 0.896595 0.949609 0.892062 0.944470 0.889463 0.944045 0.888018 0.943815 0.886219 0.943882 0.884337 0.944235 0.868827 0.948319 0.867142 0.948905 0.865905 0.949638
0 0.587375 0.569619 0.594622 0.587402 0.595716 0.588412 0.625696 0.576194 0.618365 0.558206 0.617013 0.557540 0.613414 0.555919 0.612924 0.555984 0.611831 0.556315 0.610302 0.556863 0.608568 0.557543 0.593715 0.563596 0.592034 0.564308 0.590656 0.564945 0.589789 0.565412 0.589567 0.565637
0 0.658268 0.531505 0.675623 0.539724 0.677654 0.540183 0.681101 0.538506 0.681498 0.538225 0.682150 0.537319 0.682960 0.535927 0.683801 0.534261 0.690713 0.519665 0.691456 0.517984 0.691985 0.516552 0.692218 0.515586 0.691509 0.510923 0.673953 0.502610 0.671965 0.502580
0 0.172309 0.895200 0.177222 0.913994 0.208544 0.905806 0.211876 0.901168 0.207019 0.882589 0.200718 0.881720 0.199430 0.881831 0.197727 0.882196 0.182210 0.886253 0.180344 0.886819 0.178594 0.887503 0.177224 0.888201 0.176442 0.888806
0 0.083606 0.670666 0.092625 0.684201 0.098226 0.681668 0.124925 0.663880 0.116031 0.650530 0.110678 0.652629
