0 0.906354 0.940438 0.912019 0.946578 0.943620 0.954296 0.947479 0.938496 0.941326 0.932467 0.910160 0.924855
0 0.448207 0.541308 0.450403 0.545367 0.450684 0.545549 0.451619 0.545949 0.453064 0.546506 0.454801 0.547135 0.470031 0.552505 0.471787 0.553108 0.473289 0.553590 0.474308 0.553879 0.474688 0.553930 0.478739 0.552074 0.478982 0.551479 0.485368 0.533369 0.455185 0.522726 0.454667 0.522989
0 0.588863 0.076533 0.589477 0.095726 0.605471 0.095215 0.607938 0.085745 0.607310 0.066103 0.602143 0.064243 0.600632 0.063963 0.598784 0.063907 0.596883 0.064083 0.595222 0.064464 0.594054 0.064991 0.590942 0.066626
0 0.934442 0.645007 0.935682 0.651227 0.936242 0.652401 0.937171 0.653879 0.946256 0.667096 0.947416 0.668658 0.948635 0.670072 0.949728 0.671123 0.950530 0.671652 0.957803 0.673364 0.973811 0.662361 0.955473 0.635681 0.950267 0.634130
0 0.661882 0.191341 0.663766 0.196888 0.682560 0.200827 0.684671 0.197367 0.691312 0.165681 0.672300 0.161697 0.667302 0.166090 0.667006 0.166889 0.666606 0.168283 0.666161 0.170059 0.665740 0.171947 0.662450 0.187645 0.662115 0.189366 0.661915 0.190664
0 0.679321 0.642189 0.683516 0.645515 0.701095 0.654301 0.704916 0.651908 0.705623 0.651130 0.706490 0.649823 0.707384 0.648185 0.708167 0.646468 0.708719 0.644936 0.708957 0.643823 0.708416 0.639651 0.703652 0.636459 0.686475 0.627874
0 0.770346 0.443044 0.797218 0.460428 0.800654 0.459971 0.811206 0.443661 0.808671 0.439085 0.808136 0.438447 0.807048 0.437547 0.805572 0.436524 0.792012 0.427751 0.790379 0.426763 0.788843 0.425965 0.787639 0.425479 0.786951 0.425378 0.784023 0.426076 0.780777 0.426921
0 0.743268 0.213373 0.743459 0.214629 0.743970 0.216241 0.744723 0.217966 0.745604 0.219543 0.746480 0.220734 0.747219 0.221359 0.750759 0.224274 0.767971 0.215758 0.774240 0.209108 0.766977 0.194430 0.749364 0.203145 0.743663 0.209931
0 0.573420 0.619325 0.578457 0.637856 0.579364 0.639449 0.582911 0.641104 0.583376 0.641194 0.584482 0.641077 0.586062 0.640770 0.587874 0.640321 0.603458 0.636085 0.605220 0.635563 0.606656 0.635049 0.607548 0.634623 0.610605 0.630957 0.605510 0.612212 0.604304 0.610930
0 0.029736 0.960553 0.041770 0.971495 0.048071 0.965012 0.069654 0.941275 0.057786 0.930483 0.051621 0.936485
0 0.614426 0.678181 0.617103 0.682350 0.633204 0.685340 0.636792 0.666018 0.633426 0.661056 0.631893 0.659205 0.631358 0.658928 0.630185 0.658560 0.628553 0.658157 0.626708 0.657779 0.624931 0.657484 0.623488 0.657317 0.622598 0.657301 0.617931 0.659301
0 0.879275 0.780671 0.891285 0.791305 0.896740 0.795366 0.918304 0.771011 0.906127 0.760229 0.900543 0.756651
0 0.848098 0.927292 0.852951 0.933249 0.879371 0.952228 0.888860 0.939018 0.883513 0.932982 0.857457 0.914264
0 0.082364 0.069363 0.089280 0.087515 0.093975 0.092230 0.098168 0.092426 0.099927 0.092174 0.101752 0.091625 0.116740 0.085913 0.118361 0.085149 0.119536 0.084283 0.123882 0.080833 0.117044 0.062889 0.112616 0.057835
0 0.863249 0.702566 0.885734 0.725341 0.890194 0.727946 0.904017 0.714299 0.902140 0.708387 0.901853 0.707874 0.901051 0.706912 0.899854 0.705647 0.888507 0.694154 0.887102 0.692784 0.885709 0.691522 0.884541 0.690562 0.883775 0.690049 0.876913 0.689075
0 0.640776 0.873397 0.646293 0.888419 0.648328 0.893820 0.678788 0.882633 0.673194 0.867403 0.670819 0.862364
0 0.432849 0.050773 0.433621 0.055937 0.433804 0.056877 0.434150 0.058380 0.434606 0.060216 0.435103 0.062109 0.435566 0.063773 0.435925 0.064956 0.436126 0.065479 0.440619 0.069948 0.459159 0.064944 0.458203 0.054766 0.453935 0.038955 0.434962 0.044077 0.432856 0.050532
0 0.110437 0.948575 0.141134 0.958863 0.145235 0.953618 0.151338 0.935411 0.146889 0.932145 0.145672 0.931327 0.144018 0.930629 0.128811 0.925532 0.126967 0.925058 0.125208 0.924878 0.120992 0.925240 0.116610 0.930157
0 0.459634 0.324125 0.460098 0.326147 0.460285 0.326717 0.460713 0.327882 0.461315 0.329462 0.462001 0.331220 0.462668 0.332889 0.463213 0.334218 0.463556 0.335005 0.463643 0.335129 0.468188 0.337800 0.486051 0.330751 0.485724 0.326792 0.479713 0.311558 0.461433 0.318772
0 0.882745 0.267244 0.886009 0.286167 0.891827 0.287979 0.892418 0.288038 0.893664 0.287930 0.895376 0.287673 0.911182 0.284946 0.913104 0.284577 0.914952 0.284150 0.916446 0.283731 0.917358 0.283383 0.922376 0.278191 0.919074 0.259049 0.887170 0.264553
0 0.127411 0.506561 0.134857 0.524502 0.141239 0.526287 0.142051 0.526111 0.143415 0.525682 0.145123 0.525064 0.146917 0.524352 0.161731 0.518205 0.163343 0.517503 0.164535 0.516917 0.165126 0.516536 0.168591 0.511955 0.161231 0.494219 0.157314 0.494152
0 0.324782 0.186811 0.326785 0.190391 0.345094 0.196180 0.348745 0.192451 0.349229 0.191798 0.349812 0.190540 0.350406 0.188865 0.355242 0.173572 0.355759 0.171730 0.356123 0.169996 0.356277 0.168630 0.356198 0.167843 0.353063 0.161798 0.334542 0.155942
0 0.541519 0.300845 0.567243 0.319887 0.578668 0.304453 0.579577 0.302192 0.578567 0.298665 0.578376 0.298180 0.577620 0.297329 0.576415 0.296242 0.574945 0.295085 0.561965 0.285477 0.560458 0.284430 0.559151 0.283658 0.558242 0.283276 0.553556 0.282930 0.541999 0.298543
0 0.813059 0.415046 0.844516 0.421348 0.849319 0.420251 0.852514 0.404303 0.820618 0.397914 0.816209 0.399317
0 0.570014 0.195890 0.570624 0.215083 0.574624 0.217123 0.575585 0.217405 0.577089 0.217566 0.578909 0.217582 0.594940 0.217072 0.596806 0.216940 0.598440 0.216679 0.599595 0.216329 0.602612 0.214066 0.603799 0.210760 0.603182 0.191345 0.570824 0.192373
0 0.377800 0.903106 0.392715 0.909593 0.405690 0.879763 0.406987 0.874542 0.392277 0.868143 0.379480 0.897563
0 0.361621 0.703346 0.372051 0.719733 0.377486 0.719719 0.378234 0.719402 0.379468 0.718723 0.381001 0.717785 0.394625 0.709114 0.396217 0.708063 0.397619 0.707064 0.398618 0.706269 0.399062 0.705800 0.400513 0.700037 0.390202 0.683837 0.363203 0.701021
0 0.589620 0.331507 0.621007 0.338151 0.622694 0.335895 0.626063 0.319983 0.594239 0.313245 0.592943 0.315813
0 0.431506 0.598877 0.463866 0.599850 0.464279 0.598708 0.464856 0.579514 0.461539 0.576456 0.461223 0.576344 0.460223 0.576228 0.458692 0.576124 0.456862 0.576049 0.440830 0.575567 0.438974 0.575531 0.437367 0.575541 0.436252 0.575594 0.435800 0.575682 0.432866 0.578553 0.432090 0.579461
0 0.803203 0.671169 0.806708 0.673149 0.824799 0.680225 0.827856 0.677329 0.828606 0.676550 0.829425 0.675219 0.830187 0.673539 0.836070 0.658498 0.836657 0.656730 0.836976 0.655151 0.836981 0.654001 0.836592 0.650074 0.832745 0.648359 0.814861 0.641364
0 0.671467 0.767130 0.673858 0.770854 0.685908 0.781779 0.707756 0.757678 0.704900 0.754135 0.693015 0.743361
0 0.931239 0.451546 0.962947 0.455894 0.969385 0.455281 0.971589 0.439206 0.939440 0.434798 0.933413 0.435692
0 0.718139 0.627317 0.720661 0.628789 0.752270 0.635787 0.756469 0.616821 0.752591 0.612115 0.751900 0.611888 0.750600 0.611537 0.748888 0.611117 0.747025 0.610690 0.731366 0.607223 0.729628 0.606853 0.728273 0.606595 0.727508 0.606488 0.722290 0.608568
0 0.828122 0.555872 0.839005 0.571693 0.846936 0.573370 0.860429 0.564089 0.849291 0.547898 0.842616 0.546614 0.838677 0.546078 0.837928 0.546226 0.836691 0.546766 0.835154 0.547616 0.833549 0.548647 0.832119 0.549704 0.831079 0.550626 0.830588 0.551275
0 0.679697 0.543866 0.679855 0.545367 0.680152 0.547164 0.683150 0.562921 0.683542 0.564747 0.683971 0.566330 0.684372 0.567431 0.684684 0.567881 0.687567 0.570001 0.689736 0.570811 0.708819 0.567180 0.702768 0.535376 0.700450 0.534972 0.681586 0.538561 0.679703 0.542888
0 0.281427 0.735199 0.291294 0.748079 0.317054 0.728345 0.319563 0.725213 0.309832 0.712510 0.284425 0.731973
0 0.784496 0.862172 0.791152 0.870645 0.792439 0.872190 0.793201 0.872717 0.794592 0.873221 0.796400 0.873627 0.798349 0.873871 0.800140 0.873916 0.801496 0.873755 0.807480 0.871907 0.808994 0.852313 0.801930 0.844259 0.785975 0.843026
