0 0.636854 0.253998 0.661328 0.274621 0.673702 0.259936 0.675710 0.257160 0.674392 0.253304 0.673785 0.252351 0.672714 0.251153 0.671341 0.249893 0.658991 0.239486 0.657532 0.238360 0.656213 0.237545 0.655237 0.237163 0.650953 0.236299 0.638436 0.251153
0 0.356494 0.675573 0.358351 0.680669 0.377232 0.685234 0.378635 0.683116 0.386155 0.652008 0.367490 0.647496 0.362648 0.650669 0.362380 0.651225 0.361979 0.652415 0.361506 0.654057 0.361034 0.655899 0.357239 0.671597 0.356841 0.673354 0.356580 0.674750
0 0.831080 0.214599 0.840224 0.231485 0.868368 0.216245 0.872627 0.212964 0.863377 0.195883 0.856978 0.195930 0.856455 0.196088 0.855341 0.196609 0.853804 0.197412 0.839602 0.205102 0.837883 0.206062 0.836249 0.207030 0.834951 0.207857 0.834186 0.208418 0.834068 0.208628
0 0.782158 0.683528 0.800933 0.709543 0.805129 0.712464 0.818318 0.702946 0.799281 0.676568 0.795166 0.674140
0 0.015141 0.267433 0.031361 0.278122 0.036717 0.280658 0.040580 0.277952 0.041781 0.276814 0.042914 0.275335 0.051740 0.261943 0.052637 0.260343 0.053163 0.258859 0.054328 0.253935 0.038294 0.243368 0.032956 0.240401
0 0.502641 0.899426 0.502678 0.904995 0.535196 0.905882 0.535639 0.889623 0.535149 0.884266 0.503079 0.883391
0 0.247973 0.234395 0.250854 0.237431 0.269515 0.241961 0.272659 0.238145 0.273160 0.237422 0.273697 0.236101 0.274190 0.234380 0.277974 0.218794 0.278350 0.216931 0.278554 0.215201 0.278553 0.213867 0.278347 0.213132 0.277065 0.210860 0.274487 0.207516 0.255610 0.202934
0 0.520122 0.220383 0.520288 0.226642 0.534269 0.239806 0.556209 0.216505 0.556859 0.213227 0.542717 0.199911 0.537572 0.201508 0.536895 0.201937 0.535845 0.202858 0.534584 0.204130 0.523513 0.215888 0.522236 0.217312 0.521143 0.218667 0.520400 0.219745
0 0.096588 0.624055 0.112705 0.626960 0.121559 0.624058 0.124965 0.605160 0.120388 0.601628 0.119784 0.601329 0.118530 0.600977 0.116818 0.600624 0.114905 0.600323 0.113080 0.600121 0.111619 0.600048 0.110745 0.600114 0.106218 0.601279 0.100074 0.604715
0 0.333661 0.408791 0.342881 0.425888 0.344677 0.426735 0.348241 0.427797 0.348764 0.427718 0.349852 0.427303 0.351338 0.426616 0.352997 0.425761 0.367114 0.418148 0.368701 0.417252 0.369978 0.416449 0.370753 0.415859 0.370906 0.415574 0.372846 0.411544 0.363732 0.394642 0.362156 0.393424
0 0.020401 0.334783 0.027189 0.353226 0.037997 0.356581 0.053015 0.351054 0.046383 0.333033 0.039573 0.329975 0.034219 0.327998 0.033247 0.327897 0.031721 0.328068 0.029874 0.328487 0.027988 0.329089 0.026354 0.329782 0.025222 0.330460
0 0.901376 0.090759 0.903126 0.106704 0.935017 0.103203 0.941082 0.097671 0.939307 0.081504 0.906972 0.085054
0 0.434948 0.386517 0.450737 0.414781 0.451300 0.415755 0.468064 0.406391 0.469297 0.401375 0.469077 0.400923 0.468530 0.399896 0.467740 0.398449 0.466828 0.396803 0.458952 0.382704 0.458059 0.381117 0.457324 0.379835 0.456861 0.379054 0.456739 0.378893 0.451907 0.377044
0 0.347636 0.808428 0.349596 0.811853 0.350323 0.812749 0.351553 0.813802 0.353097 0.814849 0.366887 0.823254 0.368505 0.824134 0.369945 0.824708 0.370985 0.824890 0.375281 0.825277 0.385391 0.808690 0.386701 0.805162 0.359372 0.788505 0.349378 0.804902
0 0.304514 0.020599 0.306748 0.026079 0.320348 0.039636 0.325435 0.037251 0.326667 0.036490 0.328012 0.035307 0.339335 0.023948 0.340594 0.022519 0.341578 0.021056 0.342139 0.019781 0.342943 0.016969 0.341127 0.011384 0.327370 0.000000 0.325488 0.001117
0 0.437093 0.553663 0.437136 0.554079 0.437425 0.555126 0.437916 0.556643 0.438535 0.558400 0.444066 0.573573 0.444716 0.575296 0.445295 0.576714 0.445715 0.577613 0.445913 0.577856 0.449941 0.580170 0.468191 0.573516 0.468554 0.572676 0.457592 0.542607 0.439551 0.549184 0.438852 0.549753
0 0.272322 0.869629 0.272594 0.872897 0.272942 0.874174 0.273674 0.875741 0.274681 0.877357 0.283963 0.890573 0.285085 0.891987 0.286149 0.892978 0.290930 0.896122 0.306826 0.884957 0.309034 0.880557 0.290639 0.854367 0.274925 0.865404
0 0.522046 0.923330 0.522301 0.928225 0.523875 0.930998 0.524840 0.931952 0.526263 0.932980 0.527927 0.933926 0.542361 0.941170 0.544007 0.941886 0.545377 0.942259 0.551236 0.942746 0.559949 0.925385 0.559264 0.920523 0.530659 0.906168
0 0.662356 0.314556 0.668114 0.332875 0.683380 0.328076 0.687671 0.324054 0.681778 0.305306 0.676458 0.303964 0.675645 0.304060 0.674262 0.304388 0.672519 0.304898 0.670684 0.305512 0.669039 0.306136 0.667836 0.306674 0.667257 0.307044 0.665335 0.309262
0 0.337068 0.480267 0.339536 0.484883 0.339660 0.485018 0.340443 0.485442 0.341768 0.486093 0.343431 0.486870 0.345178 0.487654 0.346740 0.488325 0.347877 0.488780 0.348419 0.488949 0.350161 0.489076 0.355343 0.487379 0.363337 0.469919 0.348787 0.463258 0.345249 0.462398
0 0.015963 0.924178 0.022035 0.928298 0.023669 0.928992 0.039003 0.934061 0.040885 0.934529 0.042720 0.934696 0.046702 0.934339 0.051883 0.929375 0.057910 0.911142 0.027522 0.901097 0.022059 0.905735
0 0.781363 0.406637 0.784239 0.410897 0.784852 0.411472 0.786029 0.412249 0.787594 0.413111 0.789308 0.413928 0.790915 0.414576 0.792171 0.414956 0.792883 0.415012 0.796290 0.414023 0.802524 0.411915 0.811478 0.394422 0.796900 0.386960 0.790113 0.389544
0 0.147308 0.239103 0.152749 0.254431 0.157524 0.257807 0.187758 0.247074 0.182391 0.231957 0.177963 0.228220
0 0.696823 0.758344 0.699098 0.761331 0.711605 0.776193 0.736376 0.755349 0.723870 0.740486 0.721311 0.737737 0.717350 0.738481 0.716308 0.738887 0.714952 0.739715 0.713487 0.740838 0.701215 0.751164 0.699858 0.752416 0.698812 0.753610 0.698234 0.754567
0 0.182561 0.551840 0.200277 0.559806 0.203703 0.559123 0.206439 0.557929 0.206977 0.557518 0.207732 0.556502 0.208590 0.555036 0.209422 0.553342 0.215999 0.538714 0.216680 0.537044 0.217110 0.535646 0.217222 0.534733 0.216828 0.529933 0.199315 0.522058 0.195838 0.522313
0 0.761855 0.500375 0.778323 0.527818 0.781541 0.528140 0.798197 0.518144 0.797963 0.513223 0.797757 0.512338 0.797172 0.511000 0.796296 0.509413 0.787986 0.495565 0.786957 0.493977 0.785934 0.492635 0.785074 0.491744 0.784509 0.491440 0.781538 0.490385 0.778320 0.490494
0 0.052995 0.145829 0.067524 0.158722 0.072467 0.162623 0.093709 0.138684 0.089012 0.134506 0.074482 0.121614 0.070247 0.124067 0.068882 0.124961 0.067538 0.126249 0.056819 0.138329 0.055705 0.139811 0.054996 0.141255
0 0.049229 0.948682 0.066630 0.957816 0.076537 0.947350 0.083974 0.933181 0.066972 0.924256 0.060368 0.927716 0.059958 0.927955 0.054841 0.932932 0.054073 0.933841 0.053073 0.935273 0.051995 0.937011 0.051004 0.938788 0.050252 0.940332 0.049855 0.941404
0 0.428327 0.181355 0.428583 0.182105 0.429122 0.183397 0.429862 0.185036 0.430690 0.186772 0.437744 0.201176 0.438538 0.202752 0.439180 0.203934 0.439571 0.204542 0.444460 0.207549 0.461705 0.199103 0.461263 0.195624 0.447023 0.166549 0.429578 0.175093
0 0.325019 0.613921 0.326718 0.633499 0.343034 0.632083 0.346622 0.629063 0.344961 0.609932 0.340412 0.607325 0.339550 0.607296 0.338114 0.607351 0.336322 0.607482 0.334444 0.607670 0.332764 0.607885 0.331535 0.608096 0.330947 0.608270 0.328981 0.609530
0 0.594571 0.692560 0.595908 0.695735 0.598152 0.700315 0.616236 0.708005 0.622645 0.692934 0.619841 0.688524 0.602170 0.681009 0.598077 0.683769 0.597559 0.684525 0.596875 0.685824 0.596129 0.687470 0.595434 0.689214 0.594893 0.690793 0.594590 0.691968
0 0.449365 0.449140 0.450061 0.449839 0.481777 0.454674 0.484194 0.438816 0.483974 0.437963 0.451816 0.433060
0 0.641087 0.382542 0.651409 0.412919 0.666597 0.407758 0.668920 0.406472 0.658454 0.375672 0.643054 0.380905
0 0.641847 0.816218 0.642007 0.816860 0.642376 0.818111 0.642900 0.819781 0.643499 0.821619 0.644082 0.823348 0.644561 0.824705 0.644864 0.825483 0.646549 0.829268 0.646631 0.829354 0.651718 0.833254 0.670436 0.827267 0.665447 0.811669 0.661665 0.804544 0.643375 0.810394
0 0.528233 0.663060 0.528252 0.668691 0.528550 0.669175 0.529323 0.670106 0.530456 0.671345 0.531775 0.672702 0.543192 0.684124 0.544491 0.685387 0.545568 0.686358 0.546258 0.686891 0.551447 0.687842 0.565185 0.674110 0.564440 0.672120 0.541815 0.649484
0 0.951668 0.637709 0.957965 0.639629 0.973837 0.643181 0.980942 0.611437 0.974329 0.609904 0.958675 0.606401
0 0.583075 0.341878 0.595897 0.351452 0.615045 0.325808 0.616645 0.323385 0.603644 0.313678 0.584230 0.339679
0 0.143387 0.870131 0.146688 0.874274 0.147754 0.875388 0.149233 0.876471 0.162922 0.885040 0.164582 0.885922 0.166165 0.886466 0.170829 0.887309 0.174591 0.882882 0.184780 0.866605 0.157652 0.849624 0.153694 0.853666
0 0.066618 0.376712 0.066715 0.378133 0.067098 0.379887 0.071432 0.395445 0.072043 0.397258 0.072785 0.398847 0.073545 0.399970 0.075927 0.402077 0.080774 0.403196 0.099273 0.398042 0.090684 0.367212 0.085951 0.365677 0.067239 0.370890
