0 0.703670 0.955709 0.706025 0.960979 0.724643 0.966518 0.728508 0.961496 0.729127 0.960336 0.729717 0.958681 0.734322 0.943201 0.734789 0.941308 0.735061 0.939472 0.735096 0.937975 0.734891 0.937045 0.731202 0.930510 0.712796 0.925034
0 0.718899 0.695280 0.721430 0.697538 0.753780 0.698797 0.754535 0.679387 0.749988 0.674813 0.749292 0.674568 0.747971 0.674333 0.746226 0.674142 0.744321 0.674025 0.728294 0.673401 0.726514 0.673375 0.725121 0.673444 0.724328 0.673597 0.719645 0.676092
0 0.320254 0.000000 0.329013 0.029846 0.330968 0.035220 0.349454 0.030025 0.351108 0.023574 0.350991 0.023100 0.350680 0.021953 0.350221 0.020305 0.345881 0.004864 0.345342 0.002962 0.344804 0.001087 0.344479 0.000058 0.344408 0.000000
0 0.029491 0.216140 0.034869 0.219385 0.053873 0.222142 0.056440 0.217141 0.056995 0.215806 0.057375 0.214058 0.059678 0.198186 0.059827 0.196284 0.059723 0.194511 0.059381 0.193135 0.058468 0.190469 0.053363 0.186890 0.034139 0.184101
0 0.594184 0.136582 0.606200 0.151560 0.611601 0.150442 0.612291 0.150178 0.613425 0.149462 0.614831 0.148401 0.616298 0.147157 0.617604 0.145916 0.618551 0.144866 0.618994 0.144167 0.620377 0.140029 0.621459 0.133160 0.609161 0.117831 0.596387 0.128079
0 0.608094 0.544052 0.620328 0.558854 0.621719 0.559534 0.646673 0.538908 0.634298 0.523936 0.632763 0.523662 0.628866 0.523213 0.628413 0.523416 0.627465 0.524055 0.626166 0.525032 0.624714 0.526199 0.612352 0.536417 0.610961 0.537600 0.609840 0.538624 0.609157 0.539333 0.609018 0.539619
0 0.429782 0.243639 0.430585 0.246569 0.433044 0.248839 0.433497 0.249208 0.434610 0.249593 0.436212 0.249937 0.438061 0.250188 0.454018 0.251804 0.455839 0.251925 0.457360 0.251897 0.458353 0.251726 0.462427 0.249795 0.464362 0.230690 0.463950 0.227576 0.431740 0.224313
0 0.006714 0.843246 0.006963 0.845026 0.007436 0.846350 0.009545 0.852004 0.029159 0.850776 0.039923 0.842757 0.038923 0.826786 0.019757 0.827986 0.008522 0.835659 0.007496 0.837996 0.007004 0.839439 0.006729 0.841283
0 0.433336 0.303042 0.434251 0.305743 0.465961 0.310074 0.468126 0.294219 0.467683 0.291357 0.435532 0.286966
0 0.721334 0.260627 0.725428 0.279389 0.730652 0.280987 0.731415 0.281008 0.732768 0.280839 0.734506 0.280503 0.736367 0.280053 0.738070 0.279556 0.739357 0.279087 0.740032 0.278717 0.742823 0.276144 0.746702 0.270736 0.742512 0.251536 0.726512 0.255027
0 0.016116 0.711219 0.018321 0.716259 0.019019 0.717582 0.020143 0.719008 0.031033 0.730934 0.032406 0.732242 0.033815 0.733228 0.037946 0.735125 0.043228 0.732438 0.057408 0.719489 0.035827 0.695856 0.030460 0.698120
0 0.491873 0.602797 0.494308 0.622069 0.497962 0.624357 0.498325 0.624475 0.499364 0.624483 0.500922 0.624380 0.502762 0.624180 0.518785 0.622156 0.520619 0.621891 0.522161 0.621603 0.523176 0.621336 0.523510 0.621130 0.526427 0.618011 0.523992 0.598740 0.523718 0.597611 0.491966 0.601622
0 0.515579 0.276180 0.515584 0.276841 0.515638 0.278132 0.515733 0.279855 0.515855 0.281749 0.516954 0.297751 0.517085 0.299535 0.517204 0.300945 0.517295 0.301765 0.517343 0.301870 0.520856 0.305962 0.540013 0.304647 0.540476 0.302388 0.538259 0.270090 0.518880 0.271420
0 0.761960 0.737504 0.763452 0.743492 0.763529 0.743565 0.764149 0.744135 0.765219 0.745118 0.766576 0.746363 0.779923 0.758589 0.781216 0.759773 0.782163 0.760639 0.782620 0.761055 0.788862 0.762118 0.801982 0.747794 0.778110 0.725926 0.774931 0.723344
0 0.275518 0.117413 0.280650 0.126159 0.297007 0.136220 0.301664 0.132869 0.302630 0.131813 0.303646 0.130341 0.304559 0.128675 0.305232 0.127067 0.305562 0.125760 0.305390 0.122589 0.300837 0.113759 0.284098 0.103464
0 0.631224 0.199227 0.661340 0.210287 0.663589 0.206248 0.669196 0.190980 0.638661 0.179766 0.636754 0.184169
0 0.503397 0.438819 0.503472 0.439258 0.503693 0.440345 0.504028 0.441914 0.504425 0.443728 0.507889 0.459388 0.508289 0.461176 0.508632 0.462672 0.508868 0.463651 0.508959 0.463962 0.512919 0.466559 0.531669 0.462411 0.532035 0.461976 0.525042 0.430366 0.506076 0.434561
0 0.064444 0.942583 0.078523 0.955966 0.100827 0.932501 0.105390 0.927557 0.091472 0.914328 0.084722 0.916403 0.084427 0.916686 0.083624 0.917503 0.082435 0.918732 0.081039 0.920185 0.079651 0.921640 0.068524 0.933345 0.067361 0.934575 0.066603 0.935387 0.066367 0.935659
0 0.402614 0.324297 0.417852 0.352861 0.418791 0.354543 0.435733 0.345505 0.436866 0.340167 0.436610 0.339631 0.436045 0.338525 0.435257 0.337018 0.434368 0.335339 0.426766 0.321090 0.425913 0.319502 0.425229 0.318252 0.424820 0.317530 0.424746 0.317447 0.419752 0.315154
0 0.106655 0.150868 0.120520 0.164472 0.124858 0.168307 0.129291 0.166303 0.130661 0.165437 0.132047 0.164210 0.143281 0.152762 0.144477 0.151356 0.145306 0.149981 0.147273 0.145463 0.143194 0.141364 0.129329 0.127759
0 0.864021 0.527832 0.868365 0.532080 0.868972 0.532276 0.870220 0.532598 0.871918 0.532998 0.873812 0.533416 0.875614 0.533787 0.877053 0.534057 0.877909 0.534183 0.882304 0.534581 0.882452 0.534544 0.888506 0.532116 0.892865 0.512954 0.876897 0.509321 0.868281 0.509108
0 0.542994 0.505203 0.558629 0.508791 0.559447 0.508913 0.566723 0.477208 0.550870 0.473570 0.550170 0.473933
0 0.526176 0.389411 0.526357 0.389853 0.526942 0.390820 0.527841 0.392164 0.528918 0.393681 0.530010 0.395142 0.530952 0.396327 0.531602 0.397056 0.531860 0.397217 0.536311 0.398390 0.551834 0.387086 0.553047 0.384445 0.543406 0.371206 0.527520 0.382774 0.526891 0.385454
0 0.101899 0.971081 0.109286 0.989292 0.116255 0.989098 0.117437 0.988871 0.119073 0.988297 0.120912 0.987462 0.122672 0.986495 0.124082 0.985545 0.124928 0.984757 0.129240 0.979184 0.133047 0.972092 0.125829 0.954297 0.111000 0.960312
0 0.422979 0.928464 0.441029 0.955339 0.457155 0.944509 0.458445 0.937375 0.458296 0.936494 0.457760 0.935140 0.456921 0.933519 0.455905 0.931877 0.446963 0.918563 0.445922 0.917143 0.445010 0.916157 0.439800 0.912860 0.423859 0.923566
0 0.142134 0.245374 0.142147 0.247293 0.142347 0.249051 0.142702 0.250379 0.144389 0.253021 0.148454 0.255844 0.167639 0.256684 0.169037 0.224710 0.165211 0.221527 0.145804 0.220678 0.143351 0.226094 0.143015 0.227459 0.142840 0.229239
0 0.366322 0.112958 0.371701 0.144883 0.373167 0.148942 0.392103 0.145751 0.394399 0.140085 0.394344 0.139457 0.394163 0.138186 0.393885 0.136465 0.391220 0.120649 0.390885 0.118734 0.390544 0.116908 0.390248 0.115449 0.390042 0.114580 0.389958 0.114433 0.385477 0.109730
0 0.269345 0.735133 0.281296 0.750446 0.287204 0.749826 0.287792 0.749460 0.288872 0.748681 0.290278 0.747606 0.303010 0.737670 0.304523 0.736467 0.305907 0.735323 0.306951 0.734415 0.307496 0.733879 0.309027 0.727893 0.297212 0.712755 0.271982 0.732445
0 0.887700 0.928200 0.892183 0.933151 0.914699 0.956414 0.928657 0.942904 0.926719 0.935978 0.926468 0.935713 0.925695 0.934911 0.924517 0.933693 0.913285 0.922089 0.911887 0.920646 0.910486 0.919202 0.909298 0.917980 0.908502 0.917164 0.908219 0.916878 0.901498 0.914845
0 0.693660 0.586705 0.693722 0.587614 0.693994 0.589054 0.694434 0.590805 0.698710 0.606264 0.699253 0.608067 0.699818 0.609653 0.700320 0.610784 0.700683 0.611284 0.706021 0.614130 0.724743 0.608952 0.716112 0.577749 0.713642 0.576860 0.695134 0.581980
0 0.127529 0.347682 0.143892 0.358149 0.147963 0.359771 0.151213 0.357974 0.152165 0.357253 0.153266 0.356044 0.154349 0.354530 0.162992 0.341019 0.163896 0.339426 0.164487 0.337990 0.164676 0.336928 0.165209 0.332810 0.149033 0.322463 0.144975 0.320410
0 0.038456 0.465564 0.055148 0.475936 0.065318 0.476486 0.073764 0.462894 0.057453 0.452759 0.047100 0.451654 0.044271 0.453128 0.043194 0.453977 0.042008 0.455292 0.040896 0.456873 0.040029 0.458478 0.039539 0.459858
0 0.530126 0.744524 0.530153 0.745214 0.530504 0.748066 0.534050 0.752907 0.553691 0.753570 0.554243 0.737203 0.553003 0.731780 0.533811 0.731133 0.530426 0.735619 0.530357 0.736400 0.530282 0.737784 0.530212 0.739562 0.530158 0.741466 0.530127 0.743207
0 0.575476 0.555373 0.578311 0.574365 0.579217 0.575225 0.611237 0.570445 0.608368 0.551233 0.604057 0.548031 0.603557 0.548022 0.602409 0.548123 0.600788 0.548318 0.598940 0.548577 0.583077 0.550945 0.581277 0.551230 0.579792 0.551499 0.578848 0.551711 0.578588 0.551834
0 0.699409 0.144548 0.715001 0.155757 0.720815 0.153321 0.721178 0.152860 0.721925 0.151851 0.722942 0.150447 0.732305 0.137425 0.733441 0.135834 0.734527 0.134294 0.735399 0.133036 0.735924 0.132254 0.736021 0.132067 0.736385 0.125491 0.720614 0.114152 0.701715 0.140438
0 0.553980 0.314207 0.585153 0.321456 0.586137 0.319392 0.590537 0.300472 0.587414 0.297208 0.586490 0.296743 0.585024 0.296234 0.583241 0.295761 0.567511 0.292103 0.565687 0.291737 0.564109 0.291538 0.563016 0.291534 0.559004 0.293139 0.558330 0.295503
0 0.097701 0.590812 0.116314 0.597118 0.125086 0.594898 0.127203 0.593492 0.127812 0.593021 0.128562 0.591928 0.129340 0.590381 0.130028 0.588613 0.130522 0.586892 0.130748 0.585477 0.130671 0.584582 0.130220 0.579742 0.112033 0.573580 0.102956 0.575302
0 0.615994 0.877418 0.618708 0.886247 0.627150 0.900280 0.643989 0.890149 0.644439 0.883500 0.644438 0.883307 0.642778 0.878900 0.642400 0.878086 0.641703 0.876770 0.640792 0.875151 0.639806 0.873475 0.638893 0.871994 0.638192 0.870933 0.637807 0.870452 0.632448 0.867518
0 0.330177 0.683606 0.342680 0.698472 0.348330 0.697902 0.348963 0.697449 0.350052 0.696585 0.351432 0.695444 0.363792 0.685049 0.365246 0.683808 0.366549 0.682659 0.367501 0.681780 0.367957 0.681304 0.368972 0.675605 0.356613 0.660908 0.332119 0.681507
