0 0.317289 0.670145 0.336283 0.675185 0.341415 0.671907 0.343238 0.669931 0.343538 0.669352 0.343981 0.668154 0.344498 0.666519 0.345011 0.664696 0.345443 0.662959 0.345728 0.661570 0.345824 0.660740 0.344131 0.655714 0.325570 0.650788 0.321489 0.654316
0 0.263653 0.461337 0.271474 0.492753 0.274086 0.492836 0.292720 0.488197 0.294253 0.483844 0.294230 0.482849 0.294006 0.481347 0.293615 0.479565 0.289741 0.464001 0.289241 0.462204 0.288706 0.460660 0.288217 0.459601 0.287849 0.459191 0.284989 0.457140 0.282503 0.456645
0 0.514086 0.703421 0.514249 0.705773 0.543315 0.720031 0.551870 0.702592 0.551277 0.700276 0.550188 0.696939 0.549792 0.696518 0.548799 0.695839 0.547361 0.695005 0.545696 0.694143 0.531296 0.687079 0.529651 0.686317 0.528270 0.685768 0.527363 0.685515 0.522543 0.686180
0 0.209275 0.938295 0.223327 0.952034 0.234776 0.940325 0.240839 0.930259 0.227109 0.916834 0.220956 0.918850 0.220538 0.919129 0.219655 0.919933 0.218440 0.921140 0.217079 0.922567 0.215776 0.923999 0.214727 0.925220 0.214094 0.926044 0.210769 0.930999 0.210642 0.931309
0 0.053453 0.862645 0.076421 0.885461 0.081262 0.881055 0.094796 0.867432 0.092583 0.862967 0.091779 0.861596 0.090580 0.860204 0.079201 0.848900 0.077784 0.847694 0.076361 0.846852 0.072090 0.844876 0.067142 0.848864
0 0.766409 0.183816 0.766450 0.185157 0.766756 0.186869 0.767283 0.188693 0.772474 0.203868 0.773141 0.205534 0.773851 0.206792 0.777658 0.211015 0.795827 0.204800 0.799248 0.201387 0.788769 0.170755 0.770390 0.177042 0.767299 0.180733
0 0.905650 0.891925 0.923954 0.918274 0.929864 0.924105 0.943222 0.914826 0.924663 0.888110 0.918824 0.882773
0 0.252721 0.351353 0.261626 0.368616 0.264351 0.370118 0.292794 0.355446 0.283990 0.338380 0.281492 0.336511 0.278320 0.335887 0.277700 0.335839 0.276518 0.336136 0.274954 0.336733 0.273247 0.337540 0.258894 0.344944 0.257310 0.345835 0.256097 0.346670 0.255438 0.347323
0 0.889151 0.809068 0.889479 0.810272 0.890106 0.811881 0.896456 0.826610 0.897289 0.828387 0.898204 0.830066 0.899063 0.831395 0.899735 0.832170 0.906486 0.835701 0.924324 0.828011 0.911507 0.798282 0.906803 0.794872 0.889169 0.802475
0 0.092981 0.382574 0.096615 0.387784 0.097117 0.388109 0.098249 0.388703 0.099839 0.389473 0.101642 0.390303 0.103380 0.391063 0.104789 0.391639 0.105653 0.391942 0.110186 0.393185 0.110368 0.393169 0.116759 0.392085 0.124951 0.374717 0.110477 0.367891 0.101364 0.364800
0 0.690183 0.787635 0.692834 0.791645 0.708934 0.793957 0.713558 0.761758 0.710621 0.758159 0.694743 0.755879
0 0.598615 0.522111 0.600882 0.526616 0.601089 0.526718 0.601945 0.527080 0.603316 0.527646 0.604996 0.528329 0.606731 0.529027 0.608259 0.529635 0.609349 0.530060 0.609834 0.530238 0.611111 0.530589 0.616103 0.528771 0.623474 0.510554 0.608293 0.504411 0.605818 0.504310
0 0.307631 0.109912 0.309830 0.114371 0.310889 0.116329 0.311491 0.116936 0.312705 0.117651 0.314345 0.118366 0.316164 0.118973 0.331582 0.123392 0.333309 0.123801 0.334687 0.123950 0.340596 0.123188 0.345886 0.104728 0.344104 0.100158 0.312982 0.091239
0 0.289431 0.420326 0.316221 0.438779 0.318748 0.439620 0.327847 0.426410 0.301426 0.408211 0.298657 0.406931
0 0.053564 1.000000 0.082156 1.000000 0.086749 0.986758 0.087223 0.985137 0.087409 0.984017 0.086995 0.976979 0.068775 0.970914 0.063789 0.976359
0 0.881069 0.735554 0.889386 0.749225 0.894802 0.752690 0.922523 0.735824 0.914090 0.721963 0.908410 0.718918
0 0.551760 0.784094 0.552482 0.788055 0.568602 0.790223 0.572937 0.757983 0.571934 0.754436 0.556036 0.752298
0 0.108118 0.969611 0.123253 0.975457 0.128421 0.968936 0.139953 0.939081 0.125026 0.933315 0.119811 0.939341
0 0.359362 0.289836 0.361296 0.292726 0.389450 0.308108 0.397141 0.294031 0.395707 0.291160 0.367160 0.275563
0 0.236249 0.668446 0.236774 0.673882 0.254561 0.681689 0.257366 0.679612 0.270230 0.650306 0.252646 0.642588 0.246799 0.644981 0.246316 0.645509 0.245610 0.646633 0.244788 0.648182 0.243975 0.649919 0.237484 0.664707 0.236809 0.666361 0.236375 0.667674
0 0.563375 0.101612 0.587490 0.122654 0.600115 0.108185 0.601273 0.103655 0.600369 0.100471 0.599691 0.099333 0.598582 0.097999 0.597211 0.096674 0.585042 0.086056 0.583623 0.084947 0.582377 0.084225 0.576879 0.082370 0.564108 0.097006
0 0.727105 0.867426 0.729731 0.871674 0.743491 0.885385 0.748390 0.883237 0.749685 0.882411 0.751060 0.881199 0.762460 0.869759 0.763699 0.868348 0.764610 0.866960 0.766343 0.862453 0.763299 0.858310 0.749696 0.844755
0 0.601381 0.857898 0.603753 0.866272 0.609993 0.881413 0.628163 0.873924 0.629406 0.867568 0.629375 0.867421 0.627888 0.863197 0.627580 0.862379 0.627039 0.861009 0.626350 0.859297 0.625615 0.857500 0.624946 0.855891 0.624444 0.854712 0.624184 0.854141 0.619135 0.850581
0 0.701216 0.710583 0.701491 0.711264 0.702089 0.712478 0.702917 0.714039 0.710597 0.728120 0.711534 0.729796 0.712440 0.731340 0.713178 0.732516 0.713635 0.733145 0.719440 0.735689 0.736494 0.726388 0.720993 0.697965 0.718467 0.695703 0.701608 0.704897
0 0.418727 0.710768 0.449922 0.719427 0.455118 0.700710 0.455631 0.698416 0.453189 0.695400 0.452897 0.695045 0.451944 0.694548 0.450475 0.693985 0.448714 0.693442 0.433259 0.689152 0.431467 0.688708 0.429910 0.688431 0.428824 0.688362 0.428376 0.688513 0.424792 0.689856 0.423923 0.692051
0 0.858493 0.302840 0.858520 0.308367 0.875975 0.316370 0.880322 0.314247 0.893816 0.284819 0.876159 0.276723 0.869547 0.279506 0.868907 0.280131 0.868060 0.281325 0.867135 0.282907 0.866271 0.284638 0.859586 0.299217 0.858912 0.300839 0.858529 0.302111
0 0.143545 0.582839 0.171767 0.598702 0.175519 0.597574 0.184928 0.580834 0.182086 0.576459 0.181530 0.575862 0.180407 0.575041 0.178885 0.574119 0.164903 0.566260 0.163210 0.565375 0.161597 0.564658 0.160307 0.564218 0.159539 0.564123 0.153063 0.565906
0 0.915234 0.742246 0.924909 0.758833 0.929822 0.761826 0.932744 0.761814 0.934135 0.761579 0.935818 0.760983 0.937535 0.760118 0.951485 0.751981 0.952967 0.750981 0.953984 0.750001 0.957787 0.745514 0.948000 0.728735 0.942879 0.726121
0 0.281090 0.490031 0.285517 0.509178 0.290716 0.511762 0.293122 0.511626 0.293752 0.511528 0.295000 0.511280 0.296674 0.510920 0.298521 0.510503 0.300263 0.510090 0.301636 0.509746 0.302433 0.509521 0.302530 0.509451 0.306011 0.505363 0.301685 0.486654 0.297046 0.486342
0 0.317936 0.980829 0.330268 1.000000 0.347848 1.000000 0.349940 0.994622 0.334501 0.966498 0.320439 0.974218
0 0.893259 0.835047 0.899121 0.853333 0.903736 0.857418 0.906411 0.857998 0.907866 0.858079 0.909668 0.857868 0.911542 0.857397 0.926921 0.852466 0.928573 0.851808 0.929747 0.851065 0.934565 0.847535 0.928635 0.829037 0.923736 0.825276
0 0.648631 0.232511 0.666583 0.239328 0.671881 0.236034 0.673880 0.232964 0.674244 0.232259 0.674819 0.230963 0.675516 0.229273 0.676229 0.227447 0.676847 0.225766 0.677277 0.224489 0.677453 0.223810 0.676294 0.217919 0.657922 0.210943 0.654312 0.217551
0 0.888050 0.462894 0.890466 0.481944 0.899602 0.481522 0.915848 0.479461 0.913375 0.459966 0.907481 0.457165 0.907306 0.457176 0.902624 0.457668 0.901729 0.457770 0.900244 0.457949 0.898397 0.458176 0.896466 0.458419 0.894743 0.458640 0.893487 0.458806 0.892890 0.458891
0 0.869353 0.920312 0.877994 0.930145 0.897355 0.933515 0.900244 0.928026 0.900820 0.926785 0.901249 0.925050 0.901464 0.923090 0.901432 0.921204 0.901159 0.919682 0.900163 0.917381 0.891015 0.907839 0.872097 0.904546
0 0.779336 0.290441 0.795462 0.300868 0.801780 0.298877 0.802378 0.298302 0.803287 0.297195 0.804368 0.295723 0.805455 0.294113 0.814224 0.280551 0.815148 0.279052 0.815764 0.277899 0.815980 0.277268 0.816457 0.271379 0.800145 0.260831 0.796715 0.263565
0 0.851101 0.896322 0.855161 0.900905 0.869478 0.914032 0.891358 0.890170 0.886884 0.885710 0.872730 0.872732 0.868323 0.875064 0.866993 0.875935 0.865653 0.877194 0.854813 0.889016 0.853661 0.890475 0.852869 0.891918
0 0.174590 0.434486 0.204062 0.448064 0.208121 0.448777 0.214817 0.434243 0.185749 0.420851 0.181379 0.419750
0 0.319500 0.161884 0.319645 0.162685 0.323143 0.168578 0.341706 0.173493 0.349899 0.142555 0.348163 0.138422 0.329386 0.133450 0.325912 0.137670 0.325449 0.138278 0.324915 0.139525 0.324395 0.141223 0.320261 0.156835 0.319833 0.158717 0.319567 0.160490
0 0.762212 0.252118 0.776199 0.265275 0.779392 0.262561 0.801574 0.238981 0.787426 0.225671 0.781197 0.227157 0.781077 0.227249 0.780455 0.227876 0.779427 0.228940 0.778149 0.230280 0.776814 0.231691 0.765825 0.243374 0.764632 0.244648 0.763759 0.245596 0.763338 0.246073
0 0.670341 0.566892 0.672219 0.582783 0.676248 0.584720 0.695764 0.582413 0.697900 0.578029 0.698000 0.577063 0.697964 0.575543 0.697796 0.573701 0.697523 0.571819 0.697187 0.570187 0.696839 0.569054 0.696533 0.568593 0.693842 0.566150 0.689411 0.564638
