0 0.065430 0.495493 0.080468 0.507789 0.085263 0.507699 0.087565 0.507417 0.088340 0.507123 0.089461 0.506306 0.090755 0.505093 0.092028 0.503666 0.102180 0.491249 0.103242 0.489821 0.103935 0.488603 0.105521 0.482922 0.090655 0.470768 0.085922 0.470430
0 0.640697 0.502229 0.642298 0.518151 0.644277 0.518403 0.676564 0.515156 0.674940 0.499012 0.672540 0.499026
0 0.840642 0.949496 0.844581 0.954694 0.869345 0.975547 0.881857 0.960689 0.879623 0.953714 0.879403 0.953351 0.878622 0.952517 0.877401 0.951340 0.875925 0.949998 0.874418 0.948694 0.862150 0.938363 0.860836 0.937291 0.859910 0.936611 0.859512 0.936425 0.853011 0.934808
0 0.066849 0.072352 0.087273 0.097471 0.091990 0.102072 0.106890 0.089958 0.105542 0.083211 0.105323 0.082866 0.104632 0.081965 0.103574 0.080646 0.093456 0.068201 0.092187 0.066659 0.090897 0.065124 0.089781 0.063827 0.089007 0.062966 0.088696 0.062674 0.081920 0.060098
0 0.529860 0.143055 0.540376 0.159123 0.545422 0.158512 0.546245 0.158321 0.547517 0.157721 0.549045 0.156802 0.550599 0.155704 0.551944 0.154591 0.552877 0.153633 0.553254 0.152974 0.553765 0.150360 0.555023 0.142180 0.544262 0.125736 0.530559 0.134704
0 0.116300 0.533756 0.130667 0.546829 0.134888 0.546293 0.156428 0.522622 0.142225 0.509698 0.135473 0.509833 0.134743 0.510118 0.133627 0.510906 0.132295 0.512076 0.130950 0.513451 0.120081 0.525396 0.118934 0.526760 0.118162 0.527901 0.117885 0.528645
0 0.598212 0.173416 0.598299 0.174143 0.598804 0.175351 0.599649 0.176855 0.600706 0.178429 0.610143 0.191398 0.611255 0.192806 0.612258 0.193841 0.612998 0.194344 0.617348 0.196572 0.632876 0.185274 0.634412 0.181635 0.615363 0.155457 0.599657 0.166886 0.598518 0.170693
0 0.703005 0.758592 0.705423 0.774410 0.710229 0.780830 0.729655 0.777861 0.731501 0.772500 0.731603 0.771760 0.731538 0.770395 0.731317 0.768612 0.730972 0.766687 0.730557 0.764915 0.730135 0.763566 0.729772 0.762847 0.727130 0.759825 0.721987 0.755690
0 0.934599 0.204646 0.937752 0.209153 0.938687 0.210291 0.940059 0.211453 0.953009 0.220916 0.954614 0.221929 0.956215 0.222644 0.957569 0.222951 0.960440 0.223529 0.965763 0.220332 0.977224 0.204648 0.951084 0.185547 0.945928 0.189142
0 0.168970 0.331368 0.186963 0.358469 0.191267 0.360415 0.204631 0.351542 0.186886 0.324814 0.182520 0.322372
0 0.702306 0.241381 0.717986 0.244577 0.721018 0.241025 0.727500 0.209230 0.711602 0.205988 0.708700 0.210021
0 0.283962 0.302608 0.284033 0.303388 0.284340 0.304740 0.284837 0.306459 0.289658 0.321872 0.290267 0.323688 0.290893 0.325319 0.291440 0.326515 0.291825 0.327094 0.297216 0.330122 0.315543 0.324389 0.305988 0.293844 0.303745 0.291461 0.285206 0.297260
0 0.041030 0.047669 0.041051 0.049399 0.042283 0.065501 0.042545 0.067464 0.043008 0.069354 0.043600 0.070881 0.044230 0.071814 0.050470 0.077193 0.069616 0.075728 0.067175 0.043817 0.062170 0.038542 0.042802 0.040024 0.041255 0.046442
0 0.005870 0.503804 0.019712 0.517432 0.027168 0.517438 0.028049 0.517153 0.029308 0.516390 0.030754 0.515265 0.032169 0.513949 0.043422 0.502520 0.044595 0.501208 0.045351 0.500095 0.047656 0.494427 0.033972 0.480954 0.028584 0.480734
0 0.396529 0.679843 0.428512 0.684868 0.429329 0.682755 0.432310 0.663785 0.429002 0.660579 0.428050 0.660238 0.426561 0.659876 0.424761 0.659548 0.408917 0.657059 0.407073 0.656814 0.405460 0.656688 0.404322 0.656701 0.403833 0.656851 0.400693 0.658817 0.399545 0.660653
0 0.631409 0.419529 0.639537 0.450484 0.655014 0.446420 0.657170 0.445675 0.648929 0.414289 0.633236 0.418410
0 0.153247 0.959357 0.158288 0.962098 0.159573 0.962750 0.161302 0.963232 0.177145 0.966367 0.179048 0.966604 0.180829 0.966559 0.185006 0.965642 0.188606 0.960320 0.192334 0.941482 0.160938 0.935269 0.157018 0.940302
0 0.302517 0.893618 0.320989 0.899628 0.326150 0.895500 0.326266 0.895328 0.326609 0.894458 0.327125 0.893025 0.327737 0.891247 0.328352 0.889393 0.333314 0.874141 0.333840 0.872488 0.334199 0.871280 0.334337 0.870700 0.332936 0.864625 0.314676 0.858685 0.312533 0.862832
0 0.464031 0.462554 0.473309 0.479619 0.473614 0.479852 0.477924 0.481204 0.478276 0.481053 0.479217 0.480576 0.480604 0.479844 0.482227 0.478970 0.496318 0.471309 0.497936 0.470421 0.499307 0.469653 0.500224 0.469120 0.500547 0.468904 0.501732 0.464565 0.501752 0.464155 0.492474 0.447090
0 0.143037 0.530905 0.158708 0.542763 0.165416 0.542005 0.169263 0.541522 0.169920 0.541175 0.170919 0.540296 0.172106 0.539021 0.173303 0.537543 0.174329 0.536084 0.175029 0.534864 0.175296 0.534070 0.176166 0.529024 0.160852 0.517438 0.152918 0.517846
0 0.814358 0.778743 0.815343 0.784908 0.815647 0.785403 0.816393 0.786404 0.817468 0.787762 0.818708 0.789270 0.819928 0.790701 0.820942 0.791839 0.821597 0.792510 0.825337 0.795911 0.825538 0.796018 0.832005 0.798003 0.847291 0.785652 0.836999 0.772914 0.829295 0.766675
0 0.424769 0.861820 0.426905 0.864883 0.427782 0.865752 0.429163 0.866710 0.430839 0.867611 0.432552 0.868317 0.434039 0.868718 0.435072 0.868754 0.439567 0.868834 0.447984 0.851076 0.449174 0.843050 0.434713 0.836196 0.426489 0.853548
0 0.748369 0.929533 0.754422 0.944346 0.757961 0.950525 0.787999 0.938249 0.781861 0.923230 0.777994 0.917425
0 0.612799 0.835350 0.616845 0.854122 0.619578 0.862407 0.623323 0.863403 0.624501 0.863591 0.626149 0.863532 0.628016 0.863234 0.629816 0.862742 0.631270 0.862133 0.632158 0.861499 0.635587 0.858957 0.631447 0.839746 0.628442 0.831979
0 0.066936 0.277713 0.068096 0.284217 0.068644 0.285362 0.069559 0.286849 0.078518 0.300286 0.079657 0.301881 0.080843 0.303336 0.081894 0.304428 0.082649 0.304992 0.089639 0.306883 0.105617 0.296231 0.087863 0.269602 0.083098 0.266938
0 0.658148 0.733057 0.667742 0.749692 0.669682 0.752579 0.673751 0.752631 0.674855 0.752390 0.676347 0.751795 0.678000 0.750935 0.691989 0.742866 0.693545 0.741876 0.694760 0.740910 0.695450 0.740116 0.697726 0.736404 0.688021 0.719577 0.685872 0.717067
0 0.317237 0.382981 0.319326 0.384318 0.350664 0.390816 0.354563 0.372013 0.351269 0.367275 0.350712 0.367025 0.349517 0.366663 0.347866 0.366244 0.346010 0.365832 0.330197 0.362553 0.328426 0.362213 0.327018 0.361998 0.326185 0.361940 0.321181 0.363961
0 0.307430 0.592226 0.312453 0.607813 0.331158 0.601786 0.335018 0.599460 0.336337 0.595919 0.336441 0.595443 0.336303 0.594342 0.335946 0.592786 0.335424 0.591009 0.334816 0.589280 0.334214 0.587859 0.333708 0.586962 0.330110 0.584228 0.311833 0.590118
0 0.569282 0.335341 0.584445 0.347123 0.589606 0.345801 0.589713 0.345714 0.590254 0.345062 0.591145 0.343945 0.592251 0.342531 0.602092 0.329866 0.603249 0.328367 0.604284 0.327006 0.605042 0.325987 0.605406 0.325467 0.605286 0.319791 0.589947 0.307873 0.570083 0.333437
0 0.038232 0.107684 0.041817 0.114230 0.042103 0.114566 0.047367 0.118997 0.048285 0.119676 0.049704 0.120604 0.051408 0.121639 0.053139 0.122625 0.054636 0.123414 0.055673 0.123886 0.056092 0.123970 0.062810 0.124364 0.072063 0.107538 0.062051 0.098356 0.047702 0.090464
0 0.202522 0.547964 0.202563 0.549487 0.202775 0.550473 0.204452 0.554678 0.223747 0.556921 0.226904 0.556270 0.230600 0.524480 0.211526 0.522263 0.208190 0.522520 0.205668 0.525592 0.205216 0.526663 0.204814 0.528243 0.204522 0.530093 0.202657 0.546135
0 0.700271 0.502117 0.706250 0.520365 0.708635 0.520601 0.739400 0.510521 0.733352 0.492062 0.727887 0.489859 0.727238 0.489987 0.725992 0.490323 0.724340 0.490817 0.722531 0.491392 0.707290 0.496386 0.705594 0.496959 0.704262 0.497443 0.703497 0.497766
0 0.306358 0.143710 0.306430 0.143861 0.306868 0.144649 0.307604 0.145951 0.308525 0.147569 0.309492 0.149258 0.317481 0.163165 0.318351 0.164674 0.318994 0.165779 0.319312 0.166312 0.324833 0.169179 0.341484 0.159614 0.339651 0.155679 0.323525 0.127606 0.306681 0.137282
0 0.160741 0.044221 0.167497 0.059017 0.172069 0.065080 0.201253 0.051755 0.194590 0.037163 0.190332 0.030710
0 0.543680 0.741428 0.544185 0.744220 0.554631 0.760597 0.559258 0.760397 0.560209 0.760125 0.561579 0.759475 0.563159 0.758546 0.576775 0.749861 0.578317 0.748799 0.579582 0.747768 0.580377 0.746926 0.581926 0.743186 0.580990 0.740407 0.570663 0.724217
0 0.546868 0.266630 0.561179 0.273876 0.575671 0.245253 0.576726 0.241702 0.562215 0.234354 0.547521 0.263376
0 0.289568 0.460397 0.310137 0.485597 0.312748 0.485795 0.325175 0.475652 0.304888 0.450798 0.302168 0.450112
0 0.098612 0.671926 0.099818 0.691314 0.105389 0.693660 0.105994 0.693812 0.107267 0.693860 0.109014 0.693796 0.125133 0.692793 0.127081 0.692628 0.128928 0.692386 0.130390 0.692105 0.131244 0.691829 0.136335 0.687140 0.135143 0.667974 0.103200 0.669961
