0 0.511471 0.906914 0.511603 0.911619 0.535591 0.933360 0.548636 0.918968 0.548269 0.911864 0.547933 0.911074 0.547106 0.909914 0.545914 0.908560 0.544537 0.907217 0.532653 0.896446 0.531297 0.895312 0.530163 0.894558 0.529422 0.894297 0.524367 0.892686
0 0.666690 0.839020 0.666696 0.842399 0.668623 0.846357 0.684535 0.857499 0.703104 0.830979 0.700783 0.827196 0.685053 0.816182 0.681019 0.818555 0.680218 0.819055 0.679188 0.820096 0.678085 0.821520 0.668886 0.834659 0.667874 0.836255 0.667103 0.837786
0 0.090358 0.342284 0.092739 0.347982 0.093089 0.348494 0.093995 0.349404 0.095321 0.350573 0.096862 0.351822 0.098382 0.352958 0.099647 0.353809 0.100466 0.354243 0.105059 0.355919 0.111955 0.356207 0.124336 0.341528 0.112104 0.331211 0.103029 0.327262
0 0.919373 0.827559 0.924222 0.831346 0.941389 0.840436 0.945127 0.836806 0.946197 0.835670 0.947182 0.834120 0.954739 0.819847 0.955487 0.818125 0.955880 0.816499 0.956538 0.811824 0.951319 0.808260 0.934349 0.799275
0 0.143326 0.384999 0.146542 0.404156 0.152314 0.407547 0.153134 0.407608 0.154551 0.407538 0.156348 0.407349 0.158254 0.407068 0.174072 0.404413 0.175803 0.404083 0.177102 0.403752 0.177772 0.403472 0.182145 0.399953 0.178965 0.381015 0.175253 0.379639
0 0.621945 0.380062 0.630535 0.393564 0.646737 0.383256 0.650170 0.380524 0.650468 0.376615 0.650469 0.376136 0.650070 0.375099 0.649331 0.373663 0.648363 0.372047 0.647317 0.370499 0.646353 0.369257 0.645618 0.368510 0.641379 0.366707 0.624798 0.377256
0 0.240439 0.288795 0.244468 0.307797 0.247389 0.309994 0.249795 0.311580 0.250484 0.311752 0.251784 0.311745 0.253496 0.311562 0.255362 0.311229 0.271052 0.307902 0.272794 0.307470 0.274153 0.307002 0.274924 0.306570 0.278697 0.303355 0.274714 0.284570 0.272109 0.282079
0 0.420367 0.276039 0.422209 0.281814 0.422641 0.282263 0.423665 0.282966 0.425124 0.283815 0.426797 0.284682 0.441198 0.291743 0.442836 0.292499 0.444197 0.293032 0.445073 0.293261 0.450013 0.292688 0.458467 0.275446 0.457987 0.272849 0.428918 0.258597
0 0.328298 0.599780 0.337413 0.630845 0.356052 0.625376 0.357697 0.623943 0.359255 0.620604 0.359337 0.620093 0.359200 0.618957 0.358865 0.617370 0.358384 0.615573 0.353868 0.600182 0.353311 0.598441 0.352762 0.597015 0.352303 0.596121 0.348687 0.593233 0.330261 0.598640
0 0.422213 0.887739 0.446096 0.909708 0.457080 0.897767 0.457669 0.892311 0.434114 0.870643 0.423280 0.882421
0 0.482405 0.463779 0.483504 0.480119 0.483881 0.480574 0.503041 0.479285 0.506255 0.475724 0.506327 0.475442 0.506311 0.475038 0.506247 0.473950 0.506145 0.472344 0.506020 0.470466 0.505893 0.468602 0.505782 0.467041 0.505704 0.466021 0.505672 0.465695 0.502013 0.462460
0 0.884770 0.970056 0.889219 0.975491 0.920579 0.983531 0.925403 0.964714 0.920689 0.957931 0.919779 0.957236 0.918299 0.956467 0.916475 0.955739 0.914582 0.955162 0.899046 0.951179 0.897366 0.950840 0.896149 0.950788 0.889538 0.951455
0 0.319657 0.792170 0.335374 0.796773 0.339137 0.789989 0.344535 0.771560 0.341370 0.768477 0.340545 0.767884 0.339165 0.767245 0.337440 0.766658 0.335630 0.766210 0.334008 0.765969 0.332819 0.765972 0.329178 0.767062 0.325181 0.773310
0 0.707928 0.881742 0.710332 0.886156 0.729752 0.886577 0.732235 0.881348 0.732519 0.880726 0.732727 0.879441 0.732829 0.877687 0.733179 0.861541 0.733158 0.859592 0.733017 0.857753 0.732779 0.856304 0.732480 0.855467 0.727821 0.850162 0.708622 0.849745
0 0.261662 0.763941 0.272571 0.776155 0.287228 0.763065 0.292092 0.757051 0.291335 0.753242 0.290872 0.752180 0.289988 0.750828 0.288816 0.749389 0.287534 0.748080 0.286335 0.747100 0.285400 0.746596 0.281433 0.745116 0.267111 0.757907
0 0.752398 0.114503 0.753599 0.130499 0.785591 0.128097 0.789573 0.122912 0.788355 0.106693 0.755916 0.109129
0 0.115900 0.601738 0.124674 0.615385 0.129822 0.613803 0.156743 0.596495 0.148089 0.583035 0.143195 0.584189
0 0.111802 0.542805 0.112125 0.562455 0.117554 0.565579 0.118182 0.565636 0.119481 0.565659 0.121255 0.565646 0.123231 0.565598 0.125105 0.565522 0.126590 0.565430 0.127461 0.565337 0.131743 0.564585 0.131862 0.564506 0.136992 0.560764 0.136676 0.541564 0.120676 0.541827
0 0.101303 0.777758 0.101489 0.779662 0.104023 0.795612 0.104418 0.797365 0.104961 0.798693 0.107774 0.803750 0.126959 0.800702 0.131222 0.797265 0.126201 0.765657 0.107236 0.768670 0.102695 0.771776 0.101638 0.774655 0.101355 0.775999
0 0.576072 0.222856 0.576086 0.224205 0.576176 0.225965 0.576329 0.227870 0.577838 0.243838 0.578032 0.245604 0.578237 0.246970 0.578423 0.247728 0.581799 0.252069 0.600916 0.250262 0.602083 0.247374 0.599037 0.215143 0.579698 0.216971 0.576138 0.222124
0 0.889594 0.773866 0.889657 0.775779 0.889916 0.777547 0.890330 0.778902 0.891937 0.781310 0.901106 0.787891 0.920754 0.788299 0.921094 0.771925 0.911467 0.765709 0.892269 0.765311 0.890057 0.770737 0.889734 0.772096
0 0.220808 0.069078 0.223943 0.075995 0.224641 0.076705 0.225901 0.077606 0.227529 0.078563 0.229279 0.079429 0.243902 0.086017 0.245515 0.086665 0.246749 0.086999 0.253180 0.087150 0.261067 0.069642 0.258304 0.064666 0.228787 0.051368
0 0.248602 0.445672 0.256587 0.463379 0.262327 0.465384 0.262975 0.465279 0.264191 0.464888 0.265790 0.464273 0.267530 0.463525 0.282151 0.456931 0.283773 0.456163 0.285036 0.455488 0.285749 0.455008 0.288545 0.450641 0.280650 0.433136 0.278114 0.432363
0 0.006232 0.843024 0.011711 0.846195 0.012883 0.846777 0.014569 0.847249 0.030375 0.850566 0.032313 0.850854 0.034200 0.850914 0.035748 0.850736 0.036720 0.850348 0.037916 0.849672 0.043198 0.845675 0.047142 0.826882 0.015819 0.820309 0.010221 0.824013
0 0.449287 0.178399 0.449866 0.182075 0.481212 0.188537 0.485089 0.169730 0.484916 0.165911 0.482158 0.163313 0.481110 0.162724 0.479557 0.162153 0.477735 0.161690 0.461918 0.158430 0.460112 0.158145 0.458605 0.158085 0.457624 0.158256 0.453208 0.159375
0 0.343680 0.465590 0.346399 0.484824 0.350948 0.487847 0.351507 0.487812 0.352707 0.487679 0.354363 0.487470 0.356224 0.487215 0.372105 0.484970 0.373896 0.484709 0.375349 0.484479 0.376245 0.484315 0.376445 0.484243 0.379844 0.480518 0.377157 0.461504 0.375736 0.461059
0 0.849124 0.313204 0.851739 0.328991 0.883314 0.323762 0.888644 0.321311 0.885993 0.305304 0.853980 0.310606
0 0.920039 0.436902 0.921271 0.442436 0.921850 0.443760 0.922793 0.445285 0.931968 0.458440 0.933135 0.459940 0.934352 0.461192 0.935435 0.462006 0.938347 0.463153 0.943415 0.462727 0.959348 0.451615 0.940828 0.425061 0.935789 0.425917
0 0.034990 0.367825 0.035075 0.369472 0.036137 0.374208 0.041439 0.375646 0.060370 0.378868 0.065740 0.347317 0.060719 0.345552 0.041569 0.342293 0.038931 0.346819 0.038321 0.348253 0.037889 0.350041 0.035179 0.365962
0 0.273316 0.393562 0.274509 0.397559 0.277086 0.398730 0.295409 0.404476 0.304986 0.373938 0.302731 0.372480 0.284196 0.366668 0.280811 0.369661 0.280251 0.370516 0.279616 0.371918 0.279003 0.373654 0.274171 0.389063 0.273676 0.390861 0.273375 0.392441
0 0.422147 0.202171 0.422434 0.208651 0.423326 0.212001 0.423685 0.212641 0.424505 0.213703 0.425661 0.215026 0.426977 0.216408 0.428254 0.217642 0.429300 0.218541 0.429957 0.218969 0.435191 0.220345 0.448830 0.206828 0.447633 0.199969 0.436104 0.188337
0 0.176217 0.902103 0.192974 0.929804 0.209595 0.919750 0.212914 0.914952 0.212713 0.911955 0.212493 0.910601 0.211899 0.908959 0.211022 0.907277 0.202720 0.893554 0.201689 0.892081 0.200657 0.891036 0.196349 0.887568 0.179918 0.897507
0 0.820780 0.426287 0.821020 0.430768 0.821181 0.431751 0.821719 0.433156 0.822552 0.434770 0.823553 0.436350 0.824573 0.437658 0.825456 0.438495 0.828747 0.440165 0.836438 0.438765 0.853481 0.428981 0.845328 0.414779 0.837434 0.416727
0 0.591587 0.109649 0.605917 0.116771 0.620161 0.088111 0.621832 0.082383 0.607302 0.075162 0.592860 0.104221
0 0.902923 0.099985 0.931064 0.115229 0.936048 0.110780 0.945300 0.093700 0.940322 0.088765 0.938807 0.087774 0.924607 0.080081 0.922865 0.079309 0.921168 0.078876 0.916834 0.078280 0.912069 0.083100
0 0.083780 0.103996 0.088538 0.108523 0.112956 0.129212 0.125370 0.114562 0.123188 0.107936 0.122971 0.107656 0.122192 0.106900 0.120968 0.105780 0.119485 0.104469 0.117970 0.103166 0.105648 0.092726 0.104338 0.091635 0.103437 0.090926 0.103081 0.090707 0.096338 0.089176
0 0.578101 0.811328 0.579004 0.814928 0.595954 0.824415 0.600271 0.821516 0.600896 0.820961 0.601739 0.819830 0.602671 0.818297 0.610559 0.804204 0.611436 0.802507 0.612119 0.800910 0.612505 0.799658 0.612536 0.798942 0.611767 0.796165 0.610489 0.792780 0.593733 0.783401
0 0.746130 0.235771 0.751135 0.254311 0.756594 0.255588 0.757316 0.255589 0.758631 0.255364 0.760341 0.254948 0.762188 0.254404 0.763892 0.253813 0.765196 0.253266 0.765901 0.252844 0.768993 0.249970 0.772821 0.244294 0.767699 0.225321 0.751889 0.229590
