0 0.308765 0.529034 0.337316 0.544296 0.339175 0.543789 0.348228 0.526854 0.346129 0.522475 0.346008 0.522272 0.345259 0.521755 0.343998 0.521003 0.342415 0.520130 0.328270 0.512568 0.326600 0.511703 0.325093 0.510975 0.323976 0.510495 0.323419 0.510336 0.317922 0.511903
0 0.575862 0.386590 0.575869 0.387090 0.576090 0.388215 0.576490 0.389791 0.577008 0.391581 0.577567 0.393314 0.578082 0.394728 0.578475 0.395610 0.578686 0.395824 0.582424 0.398486 0.600787 0.392870 0.603145 0.390364 0.598356 0.374703 0.579563 0.380450 0.577744 0.383183
0 0.750797 0.558906 0.765197 0.565975 0.768894 0.566895 0.783230 0.537695 0.768630 0.530527 0.764937 0.530107
0 0.190935 0.102262 0.194018 0.109059 0.194748 0.109742 0.196018 0.110653 0.197635 0.111655 0.199353 0.112596 0.213629 0.119906 0.215193 0.120646 0.216372 0.121076 0.216985 0.121129 0.222955 0.121395 0.231707 0.104303 0.228605 0.099728 0.199789 0.084972
0 0.933129 0.706138 0.935416 0.738139 0.941486 0.741459 0.957709 0.740299 0.955391 0.707852 0.949129 0.704995
0 0.064890 0.517580 0.066680 0.536922 0.072493 0.539837 0.072691 0.539819 0.076037 0.539510 0.077994 0.539329 0.091430 0.538085 0.095133 0.537742 0.098497 0.537430 0.103502 0.533550 0.101732 0.514429 0.097127 0.514596
0 0.580807 0.829906 0.580821 0.831219 0.580887 0.832972 0.581650 0.848993 0.581759 0.850924 0.581894 0.852746 0.582035 0.854185 0.582161 0.855019 0.586226 0.860142 0.605628 0.859219 0.604090 0.826881 0.602900 0.823144 0.583719 0.824057 0.580848 0.829230
0 0.832676 0.577800 0.847974 0.589406 0.851998 0.590440 0.855335 0.589248 0.856368 0.588512 0.857585 0.587326 0.858800 0.585872 0.868561 0.573006 0.869584 0.571510 0.870256 0.570205 0.870475 0.569291 0.871564 0.564647 0.856089 0.552907 0.852019 0.552302
0 0.699652 0.570418 0.700929 0.589578 0.705523 0.593292 0.707913 0.594376 0.708563 0.594478 0.709858 0.594515 0.711604 0.594481 0.713532 0.594381 0.715346 0.594231 0.716768 0.594054 0.717580 0.593877 0.721970 0.590585 0.720664 0.570977 0.715619 0.569354
0 0.322290 0.468002 0.324571 0.487292 0.326576 0.487437 0.358359 0.483680 0.356105 0.464610 0.351680 0.461388 0.351118 0.461380 0.349909 0.461460 0.348236 0.461616 0.346355 0.461823 0.330317 0.463719 0.328520 0.463947 0.327090 0.464158 0.326242 0.464321 0.326107 0.464411
0 0.420267 0.651711 0.420273 0.652262 0.420501 0.653433 0.420916 0.655046 0.421455 0.656854 0.426335 0.672250 0.426914 0.673971 0.427443 0.675338 0.427841 0.676140 0.431889 0.679324 0.450406 0.673455 0.450973 0.671472 0.441303 0.640964 0.422997 0.646765
0 0.293658 0.745739 0.309428 0.757466 0.319200 0.744324 0.323334 0.738739 0.307924 0.727280 0.302155 0.729129 0.299854 0.731793 0.299364 0.732402 0.298503 0.733518 0.297402 0.734970 0.296229 0.736538 0.295164 0.737980 0.294371 0.739074 0.293972 0.739654
0 0.452458 0.532971 0.468606 0.535702 0.469323 0.534886 0.472526 0.515952 0.469765 0.512135 0.469443 0.512058 0.468447 0.511870 0.466932 0.511601 0.465125 0.511291 0.463299 0.510986 0.461731 0.510734 0.460658 0.510572 0.460244 0.510524 0.459781 0.510647 0.455736 0.513594
0 0.108501 0.570223 0.113211 0.573884 0.113812 0.574140 0.115072 0.574456 0.116799 0.574783 0.132726 0.577459 0.134651 0.577745 0.136473 0.577947 0.137914 0.578033 0.138754 0.577991 0.144538 0.574722 0.147719 0.555785 0.116157 0.550483 0.111719 0.551067
0 0.793574 0.207000 0.797872 0.222454 0.828781 0.213858 0.833365 0.209869 0.829007 0.194199 0.797666 0.202915
0 0.214284 0.244452 0.214402 0.245119 0.214843 0.246355 0.215542 0.247974 0.222282 0.262650 0.223129 0.264397 0.223992 0.266000 0.224738 0.267215 0.225255 0.267856 0.231251 0.270672 0.248702 0.262658 0.235345 0.233574 0.232285 0.230494 0.214633 0.238600
0 0.665694 0.988608 0.667609 0.994256 0.668807 0.995931 0.671187 0.998812 0.672171 1.000000 0.700751 1.000000 0.688270 0.983125 0.687968 0.982754 0.682428 0.979189
0 0.030506 0.515475 0.031649 0.534866 0.063968 0.532959 0.068952 0.532583 0.067821 0.513413 0.062133 0.510274 0.061922 0.510266 0.060976 0.510301 0.059436 0.510374 0.057537 0.510475 0.055570 0.510587 0.039448 0.511538 0.037718 0.511644 0.036498 0.511727 0.035970 0.511776
0 0.863977 0.450889 0.864409 0.470087 0.880407 0.469727 0.889307 0.469018 0.888864 0.449371 0.883410 0.446217 0.882784 0.446179 0.881485 0.446174 0.879711 0.446202 0.877735 0.446259 0.875861 0.446335 0.874375 0.446420 0.873503 0.446500 0.869210 0.447115 0.869090 0.447176
0 0.498201 0.021922 0.498226 0.028495 0.510838 0.057995 0.525588 0.051688 0.525944 0.045438 0.513157 0.015528
0 0.067365 0.215649 0.080172 0.225610 0.085931 0.229373 0.105578 0.204110 0.092946 0.194286 0.087285 0.190034
0 0.187652 0.202438 0.191222 0.205839 0.207583 0.215893 0.224339 0.188625 0.221152 0.185025 0.204602 0.174855 0.200229 0.178096 0.199182 0.179193 0.198132 0.180688 0.189677 0.194448 0.188788 0.196108 0.188199 0.197673 0.188000 0.198905
0 0.614516 0.165275 0.621735 0.183069 0.626876 0.183486 0.627702 0.183447 0.629054 0.183096 0.630727 0.182486 0.632468 0.181711 0.634014 0.180886 0.635133 0.180136 0.635651 0.179576 0.637229 0.175850 0.639758 0.169498 0.632370 0.151287 0.617195 0.157444
0 0.086146 0.746072 0.118463 0.748000 0.122824 0.745166 0.123968 0.725997 0.118933 0.723374 0.118316 0.723062 0.117042 0.722803 0.115304 0.722635 0.099294 0.721680 0.097350 0.721628 0.095490 0.721700 0.093995 0.721886 0.093092 0.722157 0.087303 0.726682
0 0.505575 0.824635 0.505716 0.825407 0.506102 0.826750 0.506676 0.828460 0.507349 0.830274 0.513199 0.845328 0.513867 0.846965 0.514425 0.848168 0.514789 0.848755 0.519367 0.852424 0.537473 0.845389 0.537045 0.841441 0.525453 0.811610 0.507554 0.818565
0 0.363235 0.040105 0.364798 0.045361 0.366566 0.047698 0.367709 0.048522 0.369294 0.049336 0.371082 0.050017 0.386353 0.054920 0.388077 0.055367 0.389481 0.055513 0.395270 0.055147 0.401141 0.036863 0.399998 0.031508 0.369174 0.021610
0 0.291311 0.512272 0.291387 0.513831 0.291566 0.514862 0.293888 0.518708 0.313287 0.519708 0.315421 0.519483 0.317069 0.487520 0.314954 0.487376 0.295555 0.486376 0.292856 0.489846 0.292570 0.490883 0.292333 0.492445 0.292183 0.494295 0.291352 0.510423
0 0.724292 0.470389 0.734306 0.486774 0.739788 0.486465 0.753761 0.477924 0.743513 0.461156 0.737514 0.460128 0.734784 0.460586 0.734161 0.460830 0.733009 0.461418 0.731503 0.462261 0.729871 0.463231 0.728360 0.464182 0.727197 0.464970 0.726559 0.465476
0 0.348544 0.611734 0.373308 0.632587 0.374756 0.631071 0.387125 0.616383 0.386217 0.612362 0.386086 0.611978 0.385415 0.611180 0.384306 0.610092 0.382928 0.608877 0.370659 0.598546 0.369216 0.597385 0.367924 0.596451 0.366976 0.595886 0.366520 0.595776 0.362644 0.595768 0.361056 0.596875
0 0.715052 0.698038 0.717539 0.700328 0.734705 0.709418 0.738371 0.706919 0.739130 0.706223 0.740045 0.704990 0.740975 0.703405 0.748533 0.689132 0.749335 0.687444 0.749883 0.685916 0.750094 0.684782 0.749856 0.680807 0.747000 0.678741 0.730029 0.669754
0 0.035240 0.192358 0.040553 0.195874 0.059634 0.198033 0.062090 0.192828 0.062592 0.191505 0.062913 0.189756 0.064716 0.173819 0.064810 0.171903 0.064661 0.170106 0.064292 0.168699 0.063232 0.166232 0.058182 0.162373 0.038881 0.160188
0 0.508720 0.791661 0.511175 0.797413 0.529835 0.802810 0.538830 0.771710 0.538387 0.768605 0.519940 0.763269 0.515752 0.766925 0.515444 0.767630 0.514999 0.768930 0.514483 0.770629 0.510027 0.786036 0.509517 0.787880 0.509090 0.789596 0.508810 0.790924
0 0.089585 0.594526 0.094360 0.598175 0.094944 0.598482 0.096199 0.598848 0.097935 0.599220 0.099886 0.599538 0.101750 0.599754 0.103244 0.599836 0.104139 0.599771 0.108690 0.598624 0.114697 0.595307 0.118227 0.576431 0.102498 0.573489 0.093198 0.575209
0 0.923655 0.888505 0.926291 0.904288 0.936265 0.913747 0.955648 0.910509 0.956766 0.903925 0.956850 0.902664 0.956663 0.900921 0.956232 0.898964 0.955625 0.897095 0.954934 0.895599 0.954265 0.894704 0.949043 0.890167 0.942595 0.885341
0 0.917047 0.374499 0.948830 0.378253 0.955072 0.376560 0.956975 0.360447 0.924749 0.356641 0.918923 0.358607
0 0.747030 0.925097 0.747235 0.926005 0.747977 0.927713 0.753779 0.937720 0.772332 0.944200 0.777732 0.928739 0.771383 0.918938 0.753254 0.912606 0.749345 0.917206 0.748644 0.918369 0.747972 0.919998 0.747430 0.921847 0.747099 0.923637
0 0.126473 0.100685 0.127956 0.133025 0.132209 0.137220 0.151391 0.136340 0.153437 0.130366 0.153624 0.129082 0.153630 0.127340 0.152895 0.111318 0.152720 0.109376 0.152389 0.107524 0.151953 0.106041 0.151477 0.105154 0.145877 0.099795
0 0.949347 0.911327 0.957919 0.928510 0.963214 0.933465 0.992184 0.919013 0.983513 0.901631 0.977986 0.897040 0.973905 0.897361 0.972155 0.897762 0.970384 0.898480 0.956031 0.905640 0.954502 0.906568
