0 0.841784 0.813668 0.847499 0.832001 0.851517 0.835839 0.854406 0.836551 0.855806 0.836616 0.857573 0.836401 0.859437 0.835937 0.874855 0.831130 0.876526 0.830491 0.877743 0.829776 0.882425 0.826203 0.876643 0.807659 0.872338 0.804142
0 0.300932 0.930358 0.301034 0.932254 0.301280 0.934221 0.301631 0.935957 0.302034 0.937194 0.305554 0.942767 0.324955 0.939640 0.328957 0.929589 0.326410 0.913791 0.307452 0.916847 0.303481 0.922965 0.301196 0.927884 0.300989 0.928823
0 0.771186 0.736861 0.774322 0.739600 0.793744 0.739905 0.795922 0.735305 0.796271 0.734519 0.796518 0.733124 0.796625 0.731332 0.796879 0.715184 0.796830 0.713273 0.796632 0.711544 0.796316 0.710259 0.795931 0.709614 0.794253 0.707534 0.790890 0.705162 0.771689 0.704861
0 0.650107 0.717522 0.651842 0.720037 0.666314 0.732995 0.687910 0.708876 0.685762 0.706488 0.671456 0.693679 0.667281 0.694925 0.666398 0.695485 0.665232 0.696503 0.663960 0.697823 0.653261 0.709772 0.652073 0.711199 0.651144 0.712521 0.650615 0.713537
0 0.467888 0.570759 0.468037 0.571166 0.468547 0.572142 0.469342 0.573538 0.470299 0.575141 0.478705 0.588930 0.479675 0.590490 0.480508 0.591763 0.481075 0.592555 0.481291 0.592746 0.485805 0.594256 0.502391 0.584146 0.502364 0.583184 0.485706 0.555857 0.469309 0.565852 0.468954 0.566613
0 0.785392 0.968751 0.788692 0.974170 0.810259 0.998315 0.824746 0.985375 0.823468 0.978263 0.823286 0.977906 0.822615 0.977002 0.821559 0.975691 0.820279 0.974172 0.818969 0.972675 0.808284 0.960713 0.807138 0.959460 0.806326 0.958637 0.805972 0.958370 0.799713 0.955958
0 0.161639 0.937621 0.161817 0.939571 0.164150 0.955552 0.164506 0.957266 0.164984 0.958477 0.167946 0.964117 0.187167 0.961312 0.190743 0.956039 0.186121 0.924370 0.167119 0.927143 0.162286 0.933278 0.161893 0.934214 0.161666 0.935740
0 0.151490 0.753505 0.157291 0.785432 0.173254 0.782531 0.177736 0.778656 0.172015 0.747167 0.156270 0.750028
0 0.200723 0.275584 0.201890 0.281539 0.202254 0.282076 0.203078 0.283084 0.204236 0.284410 0.214997 0.296452 0.216307 0.297887 0.217566 0.299210 0.218581 0.300216 0.219197 0.300754 0.225470 0.302013 0.239789 0.289217 0.218462 0.265353 0.215207 0.262640
0 0.337044 0.173919 0.351492 0.202891 0.353190 0.206287 0.370374 0.197717 0.371259 0.191650 0.371253 0.191572 0.370919 0.190835 0.370306 0.189550 0.369507 0.187911 0.368645 0.186169 0.361438 0.171717 0.360647 0.170144 0.360051 0.168986 0.359740 0.168419 0.354427 0.165250
0 0.563556 0.343661 0.567175 0.362520 0.571367 0.364481 0.571634 0.364591 0.572579 0.364545 0.574058 0.364352 0.575847 0.364040 0.591599 0.361017 0.593432 0.360633 0.595036 0.360235 0.596169 0.359881 0.596657 0.359627 0.599746 0.354827 0.596085 0.335751 0.564290 0.341853
0 0.242311 0.543844 0.249501 0.561889 0.255197 0.563519 0.255860 0.563300 0.257103 0.562843 0.258734 0.562218 0.260508 0.561520 0.275408 0.555584 0.277060 0.554917 0.278346 0.554380 0.279069 0.554053 0.279119 0.553989 0.282096 0.549337 0.274989 0.531498 0.272387 0.531862
0 0.204729 0.822062 0.226895 0.845658 0.241053 0.832358 0.244012 0.828559 0.242918 0.825063 0.242489 0.823939 0.241612 0.822560 0.240419 0.821133 0.229438 0.809443 0.228106 0.808182 0.226833 0.807273 0.222099 0.805233 0.208104 0.818381
0 0.760510 0.365425 0.763751 0.384352 0.795296 0.378951 0.798710 0.377551 0.795432 0.358405 0.790005 0.356264 0.789296 0.356280 0.787964 0.356437 0.786212 0.356712 0.770294 0.359438 0.768396 0.359787 0.766647 0.360158 0.765315 0.360491 0.764603 0.360737
0 0.011934 0.201046 0.020306 0.218574 0.025789 0.221790 0.028396 0.222098 0.029865 0.221958 0.031624 0.221493 0.033408 0.220772 0.047881 0.213858 0.049424 0.212990 0.050498 0.212102 0.054668 0.207995 0.046391 0.190668 0.041146 0.187091
0 0.497644 0.648718 0.506802 0.662295 0.523094 0.651305 0.524007 0.645791 0.523731 0.644115 0.523494 0.643621 0.522884 0.642595 0.521994 0.641194 0.520959 0.639631 0.519934 0.638140 0.519075 0.636948 0.518512 0.636234 0.518331 0.636110 0.513617 0.634580 0.497698 0.645318
0 0.691725 0.615574 0.702182 0.631680 0.704520 0.633202 0.731673 0.615572 0.721095 0.599280 0.718568 0.598146 0.715262 0.597594 0.714670 0.597665 0.713555 0.598125 0.712086 0.598902 0.710486 0.599879 0.697034 0.608613 0.695541 0.609645 0.694376 0.610577 0.693717 0.611270
0 0.318352 0.874973 0.342286 0.896775 0.355367 0.882415 0.357020 0.878044 0.356040 0.874779 0.355429 0.873658 0.354382 0.872328 0.353059 0.870990 0.341202 0.860189 0.339799 0.859043 0.338524 0.858259 0.333360 0.856492 0.320429 0.870687
0 0.781175 0.826573 0.790819 0.839393 0.794873 0.844124 0.820869 0.824569 0.811091 0.811571 0.806814 0.807287
0 0.904899 0.130735 0.905047 0.135136 0.905392 0.136829 0.906049 0.138599 0.912697 0.153196 0.913568 0.154782 0.914524 0.155946 0.918164 0.159861 0.935640 0.151902 0.940677 0.147877 0.927259 0.118414 0.909581 0.126465
0 0.658710 0.904802 0.660545 0.909482 0.691857 0.917708 0.696792 0.898920 0.694543 0.894360 0.693417 0.892502 0.692807 0.891891 0.691582 0.891188 0.689929 0.890500 0.688098 0.889930 0.672585 0.885855 0.670849 0.885488 0.669465 0.885379 0.663588 0.886229
0 0.952491 0.925368 0.961807 0.938379 0.972611 0.948635 0.988589 0.937194 0.987034 0.929888 0.986478 0.928922 0.985516 0.927511 0.984295 0.925872 0.983003 0.924258 0.981838 0.922915 0.980978 0.922048 0.975449 0.917196 0.975036 0.916944 0.968104 0.914189
0 0.852520 0.583477 0.852649 0.584926 0.853018 0.586686 0.857040 0.602213 0.857595 0.604023 0.858254 0.605613 0.858916 0.606743 0.859482 0.607239 0.861522 0.608872 0.865702 0.610131 0.884506 0.605260 0.876388 0.573920 0.872086 0.573075 0.853497 0.577890 0.852652 0.582558
0 0.502027 0.565089 0.502050 0.565841 0.503239 0.570003 0.503566 0.570271 0.504493 0.570850 0.505878 0.571652 0.507509 0.572554 0.521708 0.580251 0.523332 0.581113 0.524694 0.581800 0.525588 0.582208 0.525878 0.582275 0.530513 0.581269 0.539769 0.564192 0.539315 0.563458 0.511178 0.548206
0 0.042001 0.944125 0.044930 0.963328 0.051547 0.964480 0.052764 0.964592 0.054480 0.964435 0.070445 0.962000 0.072391 0.961599 0.074263 0.961016 0.075776 0.960342 0.076700 0.959679 0.081770 0.953207 0.078875 0.934224 0.047236 0.939049
0 0.514322 0.355291 0.516536 0.360185 0.534872 0.365890 0.539626 0.350610 0.540553 0.347115 0.521789 0.341277 0.517391 0.344281 0.517304 0.344428 0.517008 0.345265 0.516549 0.346666 0.515996 0.348416 0.515434 0.350247 0.514951 0.351877 0.514619 0.353058 0.514489 0.353609
0 0.695230 0.676936 0.697487 0.678981 0.727341 0.691506 0.734855 0.673594 0.731860 0.668197 0.731216 0.667833 0.729995 0.667242 0.728384 0.666513 0.726626 0.665757 0.711836 0.659552 0.710193 0.658882 0.708909 0.658396 0.708179 0.658168 0.702658 0.659228
0 0.057246 0.842097 0.074035 0.851866 0.081058 0.848782 0.081795 0.848005 0.082787 0.846714 0.083883 0.845106 0.084918 0.843424 0.092985 0.829561 0.093805 0.828056 0.094288 0.826950 0.094360 0.826411 0.095000 0.820182 0.078403 0.810524 0.073529 0.814115
0 0.712902 0.471370 0.716926 0.490147 0.722036 0.492760 0.724618 0.492676 0.725283 0.492588 0.726576 0.492357 0.728303 0.492018 0.730198 0.491623 0.731970 0.491232 0.733347 0.490906 0.734120 0.490694 0.738014 0.486485 0.733896 0.467269 0.728549 0.468018
0 0.794037 0.206949 0.818707 0.227337 0.822392 0.224184 0.834767 0.209211 0.832260 0.204574 0.831298 0.203352 0.829956 0.202092 0.817507 0.191804 0.815994 0.190705 0.814547 0.189936 0.809811 0.188587 0.806270 0.192147
0 0.742574 0.679856 0.745379 0.681935 0.777680 0.684123 0.778992 0.664743 0.774408 0.660166 0.773680 0.659930 0.772333 0.659681 0.770572 0.659456 0.768664 0.659290 0.752662 0.658207 0.750890 0.658123 0.749519 0.658136 0.748754 0.658242 0.743872 0.660697
0 0.031855 0.602897 0.032206 0.608202 0.032505 0.609714 0.033148 0.611431 0.039825 0.626137 0.040712 0.627791 0.041705 0.629125 0.045239 0.632376 0.050437 0.630863 0.067922 0.622924 0.054691 0.593783 0.049542 0.594867
0 0.425515 0.123635 0.427218 0.132239 0.441914 0.138571 0.449512 0.120935 0.448331 0.112067 0.447010 0.109857 0.446597 0.109188 0.445561 0.108325 0.444060 0.107399 0.442323 0.106552 0.440616 0.105914 0.439202 0.105585 0.433291 0.105587
0 0.774993 0.400047 0.797501 0.422800 0.800940 0.421907 0.814750 0.408246 0.813263 0.403691 0.812877 0.402837 0.812006 0.401647 0.810784 0.400303 0.799427 0.388822 0.798044 0.387534 0.796716 0.386502 0.795647 0.385884 0.791981 0.385230 0.788644 0.386542
0 0.562019 0.112419 0.567039 0.130954 0.597931 0.122586 0.599063 0.118222 0.593984 0.099473 0.588293 0.098707 0.586843 0.098816 0.585076 0.099196 0.569488 0.103418 0.567680 0.104007 0.566114 0.104715 0.565028 0.105431 0.562736 0.107937
0 0.228869 0.427158 0.228878 0.428771 0.229053 0.429891 0.230814 0.433583 0.233891 0.434342 0.252947 0.436711 0.256895 0.404951 0.254085 0.403852 0.234808 0.401455 0.232143 0.405033 0.231713 0.405968 0.231318 0.407457 0.231018 0.409273 0.229026 0.425299
0 0.064650 0.102721 0.069626 0.107262 0.093564 0.128505 0.106310 0.114142 0.104157 0.107504 0.103910 0.107230 0.103111 0.106467 0.101881 0.105329 0.100407 0.103990 0.098915 0.102655 0.086836 0.091935 0.085558 0.090812 0.084694 0.090077 0.084376 0.089840 0.077543 0.088192
0 0.754827 0.547644 0.755165 0.552140 0.772366 0.560678 0.775515 0.561379 0.789909 0.532381 0.772510 0.523744 0.769395 0.523473 0.766449 0.524970 0.765935 0.525266 0.765174 0.526173 0.764282 0.527552 0.763394 0.529194 0.756263 0.543561 0.755511 0.545222 0.755007 0.546655
0 0.256291 0.674419 0.263788 0.692338 0.269470 0.693259 0.270179 0.693071 0.271456 0.692609 0.273107 0.691944 0.288005 0.685711 0.289771 0.684947 0.291377 0.684202 0.292578 0.683592 0.293191 0.683207 0.296013 0.677788 0.288602 0.660073 0.259077 0.672425
