0 0.786995 0.927363 0.790314 0.932304 0.791317 0.933682 0.792065 0.934310 0.793431 0.934954 0.795204 0.935515 0.797115 0.935906 0.813084 0.938319 0.814835 0.938480 0.816151 0.938386 0.822325 0.937140 0.825227 0.917934 0.821509 0.913156 0.789864 0.908376
0 0.700364 0.899325 0.702681 0.903942 0.717431 0.916581 0.722335 0.913903 0.723525 0.913020 0.724790 0.911721 0.735298 0.899457 0.736442 0.897944 0.737286 0.896453 0.737702 0.895213 0.738496 0.891996 0.735770 0.887515 0.721188 0.875021
0 0.330400 0.816219 0.330571 0.817575 0.330987 0.819309 0.331584 0.821157 0.332271 0.822833 0.332942 0.824081 0.333494 0.824710 0.337263 0.828411 0.355727 0.821684 0.359026 0.814330 0.353548 0.799294 0.335505 0.805868 0.331657 0.813023 0.330500 0.815447
0 0.930546 0.096151 0.949653 0.098064 0.955961 0.092892 0.961264 0.088157 0.961918 0.087236 0.962548 0.085712 0.963057 0.083815 0.963367 0.081838 0.963431 0.080083 0.963237 0.078821 0.961804 0.072365 0.942250 0.070408 0.932140 0.080229
0 0.852438 0.427185 0.858778 0.458634 0.863780 0.458058 0.879724 0.454843 0.873295 0.422955 0.857351 0.426170
0 0.070979 0.791554 0.071104 0.796211 0.071408 0.797875 0.072032 0.799655 0.078456 0.814472 0.079305 0.816090 0.080244 0.817294 0.083857 0.821257 0.101679 0.813531 0.106232 0.809947 0.093501 0.780583 0.075883 0.788221
0 0.633696 0.545614 0.644918 0.575587 0.646593 0.576461 0.664785 0.569650 0.666003 0.564778 0.665821 0.563868 0.665394 0.562444 0.664788 0.560724 0.659125 0.545599 0.658433 0.543851 0.657764 0.542348 0.657220 0.541319 0.656884 0.540920 0.653434 0.539331 0.651680 0.538881
0 0.166571 0.473348 0.195533 0.487815 0.199013 0.487954 0.207594 0.470775 0.204623 0.465990 0.204019 0.465562 0.202843 0.464889 0.201273 0.464076 0.186925 0.456908 0.185195 0.456074 0.183562 0.455343 0.182274 0.454826 0.181526 0.454602 0.175251 0.455970
0 0.889234 0.231628 0.890884 0.250759 0.896474 0.252753 0.897072 0.252939 0.898331 0.252989 0.900062 0.252895 0.916041 0.251518 0.917985 0.251295 0.919854 0.250975 0.921364 0.250607 0.922287 0.250246 0.927658 0.245097 0.925990 0.225744 0.893735 0.228525
0 0.181062 0.319617 0.203519 0.342937 0.206907 0.344732 0.220739 0.331412 0.219480 0.325717 0.219069 0.325159 0.218195 0.324165 0.216991 0.322885 0.205866 0.311332 0.204511 0.309956 0.203207 0.308689 0.202150 0.307722 0.201502 0.307204 0.195053 0.306143
0 0.502000 0.130038 0.513554 0.159967 0.528519 0.154190 0.528917 0.149369 0.517202 0.119022 0.502028 0.124880
0 0.540349 0.110156 0.559251 0.113540 0.563506 0.108908 0.563619 0.108316 0.563847 0.107071 0.564155 0.105361 0.566981 0.089573 0.567323 0.087653 0.567649 0.085807 0.567908 0.084315 0.568063 0.083405 0.568088 0.083217 0.565641 0.077204 0.546520 0.073781 0.540815 0.105649
0 0.796481 0.448115 0.805938 0.478690 0.809475 0.478444 0.828033 0.472704 0.828789 0.468382 0.828847 0.467344 0.828630 0.465819 0.828168 0.464038 0.823396 0.448610 0.822763 0.446852 0.822058 0.445392 0.821387 0.444452 0.818466 0.441775 0.814826 0.442440
0 0.474306 0.552823 0.476697 0.557179 0.495714 0.562137 0.499845 0.546290 0.499849 0.545232 0.481267 0.540387 0.477038 0.542871 0.476771 0.543370 0.476646 0.543788 0.476352 0.544865 0.475933 0.546437 0.475453 0.548265 0.474986 0.550067 0.474605 0.551566 0.474366 0.552533
0 0.827076 0.482973 0.855755 0.497179 0.860703 0.497139 0.867904 0.482600 0.838826 0.468197 0.834178 0.468634
0 0.727202 0.260379 0.743069 0.262742 0.746457 0.259435 0.751249 0.227260 0.735161 0.224864 0.731928 0.228647
0 0.483605 0.113064 0.485820 0.119435 0.503897 0.125915 0.514696 0.095787 0.514866 0.091114 0.496580 0.084559 0.492160 0.088626 0.491797 0.089153 0.491261 0.090324 0.490633 0.091961 0.485183 0.107164 0.484562 0.109012 0.484044 0.110783 0.483708 0.112206
0 0.175761 0.705060 0.195396 0.705874 0.202359 0.701168 0.204199 0.699250 0.204604 0.698621 0.204977 0.697356 0.205261 0.695649 0.205415 0.693758 0.205414 0.691968 0.205259 0.690550 0.204973 0.689718 0.203022 0.685179 0.183836 0.684384 0.176439 0.688697
0 0.282532 0.653889 0.314626 0.658678 0.317169 0.656501 0.319531 0.640674 0.287877 0.635951 0.284927 0.637841
0 0.432397 0.768160 0.433142 0.771301 0.433340 0.771891 0.434081 0.772855 0.435254 0.774047 0.436680 0.775284 0.449246 0.785428 0.450702 0.786517 0.451961 0.787289 0.452830 0.787625 0.457587 0.788496 0.469789 0.773381 0.470134 0.770257 0.445232 0.750153 0.433169 0.765095
0 0.408966 0.636940 0.421670 0.651634 0.426792 0.651245 0.426974 0.651204 0.427686 0.650687 0.428820 0.649773 0.430204 0.648599 0.442421 0.638037 0.443839 0.636788 0.445068 0.635659 0.445923 0.634821 0.446272 0.634403 0.446776 0.628969 0.434217 0.614443 0.410007 0.635375
0 0.869203 0.491645 0.889631 0.516282 0.894136 0.516470 0.909089 0.504072 0.907407 0.498295 0.906709 0.497084 0.905633 0.495656 0.895325 0.483224 0.894037 0.481801 0.892740 0.480606 0.891631 0.479821 0.890879 0.479565 0.888425 0.479150 0.883985 0.479388
0 0.927631 0.529721 0.927963 0.545759 0.933930 0.546397 0.966452 0.545724 0.966116 0.529463 0.959707 0.529057
0 0.255361 0.570953 0.267568 0.600938 0.285559 0.593613 0.288010 0.592543 0.288885 0.588348 0.288727 0.587282 0.288296 0.585771 0.287657 0.584043 0.281610 0.569188 0.280858 0.567500 0.280105 0.566103 0.279465 0.565209 0.275942 0.562901 0.273352 0.563628
0 0.340698 0.369353 0.351851 0.399826 0.353883 0.401200 0.368911 0.395700 0.357910 0.365645 0.355934 0.363777
0 0.156832 0.557545 0.161580 0.576380 0.167400 0.578484 0.167483 0.578470 0.168277 0.578277 0.169660 0.577935 0.171420 0.577495 0.173291 0.577024 0.188844 0.573104 0.190548 0.572673 0.191833 0.572345 0.192502 0.572170 0.196482 0.567683 0.191788 0.549063 0.188224 0.549630
0 0.184349 0.094327 0.184447 0.097272 0.188054 0.101876 0.205300 0.110320 0.219374 0.081576 0.216129 0.076738 0.198683 0.068196 0.194561 0.072292 0.193641 0.073382 0.192745 0.074935 0.185644 0.089440 0.184911 0.091213 0.184457 0.092929
0 0.691763 0.280841 0.717120 0.300368 0.720140 0.297592 0.730039 0.284737 0.704329 0.264939 0.701526 0.268163
0 0.782442 0.061457 0.797196 0.073748 0.803427 0.071297 0.803757 0.070974 0.804529 0.070094 0.805628 0.068791 0.806887 0.067263 0.808116 0.065740 0.809130 0.064452 0.809773 0.063594 0.813375 0.058519 0.813556 0.058215 0.814631 0.051193 0.799532 0.038615 0.789050 0.051198
0 0.859168 0.622836 0.874659 0.634183 0.878991 0.635735 0.882195 0.634259 0.883244 0.633563 0.884460 0.632396 0.885657 0.630935 0.895201 0.617907 0.896192 0.616380 0.896823 0.615026 0.898122 0.609617 0.882452 0.598139 0.878080 0.597017
0 0.439366 0.451079 0.448761 0.468340 0.449932 0.469064 0.463987 0.461413 0.454807 0.444547 0.453750 0.443250 0.449504 0.442098 0.449110 0.442198 0.448120 0.442640 0.446684 0.443357 0.445023 0.444238 0.443390 0.445150 0.442038 0.445951 0.441172 0.446519 0.440924 0.446768
0 0.396297 0.404958 0.397352 0.437470 0.398763 0.438330 0.414796 0.437810 0.413756 0.405745 0.412554 0.404431
0 0.666580 0.389177 0.671377 0.420820 0.690363 0.417942 0.692564 0.416994 0.694356 0.413776 0.694558 0.413298 0.694619 0.412163 0.694529 0.410544 0.694303 0.408687 0.691882 0.392720 0.691554 0.390915 0.691175 0.389444 0.690804 0.388532 0.687712 0.384985 0.668507 0.387896
0 0.747941 0.360188 0.774251 0.378411 0.777422 0.377005 0.788482 0.361036 0.786201 0.356792 0.785659 0.356034 0.784582 0.355032 0.783132 0.353938 0.769856 0.344742 0.768261 0.343728 0.766769 0.342951 0.765609 0.342530 0.764956 0.342529 0.761868 0.342603 0.758875 0.344402
0 0.172182 0.296111 0.175099 0.301833 0.175209 0.301914 0.178943 0.304191 0.179685 0.304631 0.180951 0.305364 0.182546 0.306281 0.184230 0.307241 0.185749 0.308101 0.186873 0.308730 0.187432 0.309033 0.193588 0.308679 0.203076 0.291984 0.196130 0.287117 0.181891 0.279026
0 0.653269 0.172277 0.656206 0.175231 0.657018 0.175937 0.658376 0.176692 0.660073 0.177382 0.675220 0.182656 0.677005 0.183179 0.678613 0.183456 0.679800 0.183446 0.683494 0.182801 0.685616 0.179134 0.692003 0.160789 0.661429 0.150143 0.659584 0.154142
0 0.794800 0.172388 0.799229 0.175896 0.800503 0.176583 0.802189 0.177193 0.817561 0.181771 0.819409 0.182213 0.821145 0.182422 0.822506 0.182365 0.825474 0.181522 0.829237 0.177840 0.834781 0.159223 0.803753 0.149984 0.800281 0.153984
