0 0.820733 0.510193 0.820850 0.511706 0.821185 0.513496 0.824838 0.529113 0.825343 0.530915 0.825941 0.532459 0.826543 0.533513 0.829229 0.536063 0.833036 0.536480 0.851950 0.532056 0.844577 0.500533 0.840638 0.500526 0.821940 0.504900 0.820854 0.509187
0 0.322995 0.741172 0.323043 0.741939 0.325143 0.747079 0.344369 0.749857 0.346147 0.747001 0.350725 0.715325 0.331719 0.712579 0.326907 0.716498 0.326625 0.717148 0.326281 0.718430 0.325926 0.720149 0.325615 0.722042 0.323305 0.738026 0.323087 0.739798
0 0.317858 0.554107 0.331387 0.568361 0.337111 0.568231 0.338984 0.567447 0.339462 0.567106 0.340399 0.566312 0.341650 0.565187 0.343027 0.563903 0.344322 0.562651 0.345339 0.561623 0.345925 0.560972 0.345988 0.560799 0.346848 0.555782 0.333629 0.541854 0.329736 0.542833
0 0.236506 0.420674 0.238788 0.425862 0.239371 0.426356 0.240487 0.427166 0.241967 0.428167 0.255450 0.437057 0.257062 0.438094 0.258555 0.439005 0.259700 0.439650 0.260324 0.439932 0.266238 0.439198 0.276808 0.423166 0.250088 0.405549 0.247199 0.404457
0 0.850440 0.269265 0.865105 0.275669 0.873647 0.270421 0.881512 0.252412 0.877314 0.248184 0.876144 0.247357 0.874525 0.246538 0.872707 0.245855 0.870969 0.245412 0.869576 0.245276 0.866505 0.245857 0.858126 0.251667
0 0.645222 0.529951 0.646488 0.545903 0.648525 0.546542 0.680873 0.543974 0.679589 0.527800 0.677126 0.527419
0 0.428211 0.521276 0.460218 0.526622 0.460763 0.526256 0.463400 0.510473 0.431832 0.505200 0.430884 0.505273
0 0.070077 0.617395 0.083942 0.631322 0.093453 0.628320 0.104794 0.617029 0.091245 0.603421 0.084202 0.603863 0.079366 0.605071 0.078540 0.605474 0.077309 0.606342 0.075862 0.607545 0.074420 0.608897 0.073204 0.610191 0.072402 0.611228 0.072135 0.611850
0 0.316144 0.488178 0.318672 0.488340 0.334684 0.489315 0.336633 0.457292 0.334355 0.456696 0.318120 0.455708
0 0.675500 0.592653 0.683635 0.623687 0.686195 0.625412 0.701928 0.621287 0.693680 0.589821 0.691017 0.588586
0 0.397413 0.378621 0.397571 0.379498 0.397903 0.380924 0.398359 0.382683 0.402561 0.398277 0.403069 0.400093 0.403551 0.401684 0.403931 0.402807 0.404154 0.403290 0.408818 0.406048 0.427359 0.401051 0.419031 0.370149 0.418094 0.368647 0.399339 0.373702 0.397453 0.378426
0 0.372448 0.867380 0.374396 0.873401 0.393495 0.878030 0.395930 0.869388 0.399699 0.853836 0.381036 0.849313 0.376347 0.853534 0.376270 0.853644 0.374831 0.857757 0.374576 0.858597 0.374184 0.860035 0.373714 0.861853 0.373239 0.863773 0.372831 0.865498 0.372553 0.866765
0 0.869905 0.295399 0.901231 0.302326 0.906824 0.299570 0.910336 0.283688 0.878574 0.276665 0.873368 0.279736
0 0.341911 0.786172 0.356885 0.798899 0.367491 0.786421 0.370520 0.779873 0.355888 0.767437 0.350329 0.769136 0.349820 0.769632 0.348921 0.770620 0.347768 0.771953 0.346535 0.773427 0.345408 0.774822 0.344559 0.775925 0.344116 0.776570 0.342303 0.779786
0 0.136052 0.629673 0.146839 0.645828 0.150876 0.644161 0.177492 0.626388 0.166828 0.610418 0.160337 0.609996 0.159582 0.610346 0.158328 0.611052 0.156765 0.612008 0.155132 0.613067 0.141701 0.622036 0.140254 0.623033 0.139218 0.623813 0.138750 0.624256
0 0.181575 0.852981 0.198069 0.863241 0.204212 0.860390 0.204408 0.860227 0.204992 0.859440 0.205873 0.858153 0.206917 0.856560 0.207966 0.854903 0.216438 0.841284 0.217337 0.839810 0.217951 0.838736 0.218188 0.838227 0.218425 0.831914 0.202120 0.821771 0.198676 0.825491
0 0.927322 0.583900 0.938486 0.595365 0.944584 0.596691 0.967832 0.574052 0.956513 0.562428 0.950251 0.561572
0 0.422025 0.923800 0.422078 0.924693 0.422436 0.926119 0.423045 0.927861 0.423813 0.929652 0.430673 0.944273 0.431479 0.945834 0.432197 0.946921 0.437065 0.951166 0.454650 0.942914 0.455169 0.937852 0.441573 0.908878 0.424189 0.917036
0 0.542542 0.419096 0.558425 0.429888 0.563399 0.428745 0.563690 0.428347 0.564351 0.427398 0.565282 0.426044 0.566341 0.424491 0.575418 0.411133 0.576440 0.409623 0.577265 0.408392 0.577768 0.407628 0.577872 0.407446 0.577296 0.402300 0.561229 0.391383 0.543034 0.418160
0 0.509613 0.434495 0.524905 0.439212 0.525488 0.437789 0.531279 0.419010 0.529005 0.415215 0.528688 0.414992 0.527707 0.414583 0.526209 0.414050 0.524423 0.413474 0.522625 0.412944 0.521089 0.412542 0.520052 0.412329 0.519670 0.412336 0.515630 0.414184 0.509838 0.432963
0 0.492410 0.557232 0.516972 0.578324 0.529627 0.563588 0.529243 0.558530 0.528926 0.558214 0.528101 0.557469 0.526896 0.556409 0.525492 0.555194 0.513324 0.544745 0.511930 0.543557 0.510753 0.542571 0.509972 0.541938 0.509706 0.541754 0.505008 0.542010 0.492497 0.556578
0 0.427925 0.215962 0.428749 0.219209 0.439733 0.234960 0.444358 0.234540 0.445276 0.234239 0.446598 0.233544 0.448122 0.232561 0.461278 0.223386 0.462779 0.222260 0.464033 0.221159 0.464850 0.220250 0.465105 0.219670 0.465984 0.216653 0.465591 0.213376 0.454480 0.197443
0 0.221415 0.391917 0.251484 0.403914 0.254325 0.405012 0.261441 0.387177 0.258347 0.382159 0.257686 0.381867 0.256440 0.381346 0.254798 0.380674 0.253011 0.379956 0.238011 0.373971 0.236358 0.373317 0.235098 0.372830 0.234421 0.372584 0.228613 0.373875
0 0.479316 0.745724 0.493769 0.753184 0.508689 0.724278 0.508570 0.721194 0.494315 0.713837 0.479600 0.742346
0 0.688265 0.551379 0.689555 0.555601 0.707800 0.561590 0.710202 0.562302 0.720299 0.531543 0.701843 0.525484 0.699536 0.525193 0.696430 0.527330 0.696057 0.527642 0.695512 0.528604 0.694879 0.530066 0.694254 0.531807 0.689252 0.547046 0.688727 0.548809 0.688380 0.550330
0 0.129107 0.465335 0.148781 0.491047 0.152795 0.491149 0.168046 0.479480 0.167114 0.474469 0.166851 0.473668 0.166150 0.472448 0.165118 0.470993 0.155372 0.458255 0.154162 0.456781 0.152955 0.455508 0.151932 0.454628 0.151249 0.454276 0.144534 0.453531
0 0.796552 0.941060 0.799981 0.946159 0.817884 0.953696 0.821791 0.949241 0.822642 0.948129 0.823447 0.946539 0.829713 0.931654 0.830345 0.929832 0.830707 0.928062 0.830743 0.926617 0.830445 0.923858 0.826668 0.919013 0.808970 0.911562
0 0.164506 0.688617 0.175570 0.700484 0.180020 0.697734 0.203429 0.675910 0.192517 0.664205 0.188240 0.666489
0 0.915290 0.717533 0.920076 0.736129 0.924933 0.738859 0.956286 0.730789 0.951444 0.711978 0.944879 0.708250 0.943938 0.708067 0.942431 0.708095 0.940589 0.708329 0.938690 0.708733 0.923158 0.712731 0.921485 0.713246 0.920286 0.713795
0 0.602634 0.560774 0.618461 0.588591 0.620108 0.589823 0.634210 0.581800 0.618163 0.553596 0.616542 0.552861
0 0.047317 0.440920 0.050891 0.445962 0.051315 0.446407 0.052372 0.447124 0.053902 0.448003 0.055670 0.448911 0.057403 0.449706 0.058837 0.450269 0.059753 0.450512 0.064814 0.451081 0.071735 0.449896 0.080885 0.433013 0.066816 0.425388 0.056681 0.423643
0 0.398322 0.756368 0.409751 0.772075 0.415070 0.771524 0.415823 0.771212 0.417031 0.770490 0.418508 0.769471 0.431566 0.759968 0.433083 0.758809 0.434403 0.757691 0.435324 0.756786 0.435707 0.756231 0.436661 0.750134 0.425362 0.734607 0.399484 0.753438
0 0.748873 0.088033 0.764290 0.092322 0.767966 0.086652 0.776662 0.055390 0.761031 0.051041 0.757451 0.057200
0 0.054006 0.560104 0.056642 0.565631 0.057480 0.566751 0.058749 0.568032 0.060253 0.569276 0.061761 0.570293 0.063042 0.570928 0.063900 0.571083 0.066114 0.571132 0.076033 0.569506 0.088963 0.555308 0.077132 0.544533 0.067239 0.545575
0 0.570974 0.662203 0.571618 0.665827 0.573293 0.669706 0.589634 0.680624 0.598732 0.667007 0.596475 0.663189 0.580508 0.652521 0.576034 0.654276 0.575369 0.654972 0.574446 0.656155 0.573403 0.657645 0.572399 0.659218 0.571585 0.660636 0.571084 0.661684
0 0.114599 0.856876 0.143360 0.871903 0.148252 0.866801 0.155662 0.852618 0.127296 0.837798 0.122112 0.842496
0 0.781018 0.974612 0.784268 0.980100 0.816345 0.984472 0.818969 0.965226 0.815323 0.959908 0.814408 0.958728 0.813630 0.958074 0.812246 0.957422 0.810466 0.956870 0.808560 0.956502 0.792668 0.954335 0.790920 0.954205 0.789589 0.954333 0.783612 0.955585
0 0.309299 0.651193 0.339156 0.664105 0.341368 0.661849 0.347735 0.647125 0.318288 0.634391 0.315755 0.636265
0 0.602992 0.027252 0.604998 0.029861 0.605802 0.030878 0.607101 0.031963 0.608697 0.032953 0.622845 0.040508 0.624502 0.041255 0.625973 0.041649 0.631224 0.042328 0.640269 0.025389 0.641891 0.019901 0.613333 0.004651 0.604183 0.021786
0 0.554364 0.600459 0.555636 0.602809 0.570718 0.609191 0.578376 0.591092 0.576269 0.586107 0.575393 0.585117 0.574955 0.584862 0.573910 0.584360 0.572417 0.583689 0.570702 0.582950 0.569024 0.582254 0.567637 0.581706 0.566750 0.581390 0.566499 0.581354 0.561847 0.582774
