0 0.569224 0.184347 0.585136 0.186046 0.587128 0.178701 0.589214 0.159160 0.585569 0.156858 0.584611 0.156356 0.583094 0.155927 0.581251 0.155636 0.579365 0.155528 0.577725 0.155621 0.576583 0.155899 0.572930 0.157421 0.571263 0.165253
0 0.748235 0.713938 0.763724 0.741945 0.766773 0.744742 0.783772 0.735342 0.783772 0.729498 0.783583 0.728837 0.783035 0.727634 0.782212 0.726071 0.774397 0.711939 0.773427 0.710261 0.772462 0.708729 0.771650 0.707578 0.771114 0.706983 0.765040 0.704645
0 0.403012 0.213076 0.405229 0.219635 0.412625 0.237357 0.427393 0.231193 0.425694 0.224904 0.418125 0.206768 0.413805 0.206286 0.412728 0.206361 0.411195 0.206751 0.409440 0.207395 0.407733 0.208196 0.406337 0.209029 0.405465 0.209767
0 0.672994 0.307157 0.673061 0.308850 0.673247 0.310727 0.673523 0.312505 0.673849 0.313915 0.674174 0.314744 0.677229 0.318671 0.696280 0.316261 0.700872 0.311963 0.698817 0.295715 0.679320 0.298181 0.675221 0.302795 0.673239 0.305284 0.673056 0.305905
0 0.519812 0.284906 0.519882 0.285544 0.520133 0.286791 0.520526 0.288457 0.521002 0.290290 0.525194 0.305771 0.525682 0.307498 0.526110 0.308863 0.526412 0.309658 0.530510 0.313049 0.549045 0.308030 0.549612 0.305810 0.541150 0.274561 0.522401 0.279638
0 0.243689 0.068282 0.246618 0.073216 0.259447 0.087505 0.264371 0.085594 0.265709 0.084860 0.267140 0.083738 0.279075 0.073023 0.280388 0.071681 0.281386 0.070318 0.281920 0.069139 0.283262 0.066124 0.280756 0.061107 0.267779 0.046653
0 0.049488 0.430094 0.067445 0.437500 0.072389 0.438215 0.075021 0.435933 0.075894 0.435039 0.076805 0.433644 0.077618 0.431959 0.083733 0.417132 0.084326 0.415407 0.084612 0.413900 0.084592 0.408628 0.066839 0.401306 0.061831 0.400165
0 0.640517 0.047345 0.648425 0.061257 0.676248 0.045439 0.678699 0.039118 0.670680 0.025013 0.642471 0.041050
0 0.199100 0.728667 0.206549 0.760333 0.222382 0.756608 0.226199 0.753080 0.218853 0.721850 0.203238 0.725523
0 0.586137 0.545478 0.597432 0.556814 0.599712 0.558143 0.613633 0.544272 0.613125 0.539266 0.613013 0.539055 0.612392 0.538347 0.611356 0.537250 0.610061 0.535931 0.608708 0.534593 0.607505 0.533442 0.606634 0.532653 0.606230 0.532346 0.605009 0.531974 0.599741 0.531924
0 0.320512 0.017361 0.320601 0.017666 0.322663 0.023211 0.323046 0.024175 0.323666 0.025661 0.324429 0.027442 0.325219 0.029250 0.325919 0.030811 0.326421 0.031890 0.326650 0.032323 0.331965 0.036268 0.349527 0.028500 0.346007 0.017469 0.339382 0.002492 0.321409 0.010442
0 0.915577 0.406720 0.923392 0.424260 0.928288 0.423385 0.957860 0.410209 0.949954 0.392465 0.943285 0.391276 0.943036 0.391269 0.942117 0.391562 0.940669 0.392108 0.938915 0.392824 0.937118 0.393601 0.922467 0.400129 0.920895 0.400853 0.919782 0.401415 0.919296 0.401730
0 0.907187 0.278517 0.910167 0.283293 0.911108 0.284395 0.912471 0.285560 0.925277 0.295217 0.926858 0.296272 0.928424 0.297061 0.929738 0.297464 0.932740 0.297787 0.937744 0.295449 0.949439 0.279940 0.923591 0.260447 0.918749 0.263186
0 0.441377 0.377634 0.442047 0.379033 0.455751 0.392484 0.478170 0.369645 0.477918 0.368137 0.464055 0.354530 0.459566 0.355268 0.459255 0.355339 0.458474 0.355926 0.457343 0.356939 0.456032 0.358224 0.444719 0.369750 0.443435 0.371107 0.442378 0.372324 0.441708 0.373215 0.441528 0.373645
0 0.669041 0.879409 0.672996 0.888286 0.692137 0.892737 0.695935 0.887628 0.696444 0.886374 0.696921 0.884650 0.697293 0.882721 0.697504 0.880884 0.697520 0.879419 0.697340 0.878550 0.695072 0.874199 0.691370 0.868173 0.672666 0.863823
0 0.225219 0.310075 0.229047 0.315291 0.229759 0.315627 0.231071 0.316097 0.232782 0.316629 0.234633 0.317143 0.250150 0.321204 0.251866 0.321623 0.253193 0.321886 0.253928 0.321951 0.259322 0.320348 0.264183 0.301771 0.261457 0.299479 0.230136 0.291283
0 0.180391 0.153794 0.184786 0.158554 0.197870 0.167834 0.216430 0.141665 0.212477 0.136669 0.199210 0.127260
0 0.714087 0.572059 0.717064 0.573061 0.732824 0.576917 0.740536 0.545398 0.724776 0.541541 0.721693 0.540972
0 0.378313 0.899105 0.397231 0.925377 0.412994 0.914026 0.413989 0.909293 0.414389 0.907035 0.414287 0.906201 0.413773 0.904900 0.412925 0.903332 0.411871 0.901732 0.402499 0.888716 0.401397 0.887323 0.400411 0.886344 0.395287 0.883322 0.379704 0.894543
0 0.140875 0.666910 0.155448 0.695819 0.172794 0.687075 0.176534 0.684937 0.176541 0.681019 0.176432 0.679884 0.175970 0.678356 0.175226 0.676665 0.168006 0.662343 0.167090 0.660741 0.166138 0.659466 0.165295 0.658710 0.162127 0.656358 0.158220 0.658166
0 0.464943 0.280204 0.465424 0.283219 0.474100 0.296665 0.500992 0.279312 0.501006 0.276243 0.492209 0.262610
0 0.080949 0.245584 0.085739 0.248492 0.117623 0.251273 0.119291 0.232143 0.114194 0.226916 0.113317 0.226524 0.111838 0.226126 0.109982 0.225784 0.108032 0.225550 0.091943 0.224147 0.090204 0.224058 0.088947 0.224129 0.082637 0.226232
0 0.612258 0.744787 0.615464 0.760465 0.617069 0.764087 0.648861 0.757587 0.645611 0.741691 0.643614 0.738376
0 0.463125 0.928545 0.478395 0.940551 0.484032 0.937557 0.484992 0.936650 0.486134 0.935308 0.496116 0.922612 0.497262 0.921044 0.498235 0.919494 0.498885 0.918200 0.499113 0.917359 0.498423 0.910356 0.483328 0.898487 0.463546 0.923646
0 0.025044 0.587072 0.050466 0.607117 0.055605 0.605892 0.067494 0.590813 0.064549 0.585572 0.063648 0.584542 0.062316 0.583379 0.049721 0.573449 0.048157 0.572328 0.046593 0.571414 0.045265 0.570847 0.044376 0.570713 0.042362 0.570997 0.037070 0.571818
0 0.413218 0.363095 0.414209 0.364660 0.433018 0.368529 0.436632 0.365310 0.436789 0.365128 0.437070 0.364256 0.437432 0.362828 0.437819 0.361060 0.441051 0.345350 0.441407 0.343505 0.441678 0.341858 0.441823 0.340657 0.441820 0.340087 0.438767 0.335299 0.419741 0.331385
0 0.860243 0.901917 0.860325 0.903645 0.861863 0.919610 0.862134 0.921554 0.862554 0.923423 0.863059 0.924937 0.863574 0.925864 0.869410 0.931218 0.888745 0.929356 0.885642 0.897131 0.881234 0.892591 0.862119 0.894432 0.860362 0.900662
0 0.842129 0.222221 0.855462 0.236040 0.861983 0.234843 0.862197 0.234748 0.866409 0.231664 0.867166 0.231046 0.868347 0.230004 0.869770 0.228695 0.871219 0.227321 0.872469 0.226091 0.873330 0.225196 0.873670 0.224771 0.875563 0.218493 0.861918 0.204351 0.853644 0.211109
0 0.597029 0.345938 0.623055 0.364565 0.624477 0.362999 0.635783 0.347203 0.634253 0.343006 0.633551 0.342219 0.632373 0.341186 0.630900 0.340065 0.617767 0.330666 0.616229 0.329632 0.614865 0.328845 0.613884 0.328427 0.609456 0.328361 0.598151 0.344157
0 0.294194 0.440035 0.308852 0.452781 0.311037 0.453321 0.332038 0.429171 0.317548 0.416570 0.315439 0.415605 0.311807 0.416275 0.311317 0.416442 0.310416 0.417140 0.309243 0.418264 0.307976 0.419641 0.297378 0.431828 0.296215 0.433244 0.295338 0.434479 0.294879 0.435344
0 0.147233 0.439160 0.153251 0.470970 0.157214 0.471302 0.176082 0.467733 0.177340 0.463436 0.177506 0.462451 0.177456 0.460945 0.177198 0.459146 0.174217 0.443386 0.173790 0.441562 0.173256 0.439983 0.172696 0.438888 0.170133 0.436286 0.166319 0.435549
0 0.913246 0.693889 0.940379 0.710862 0.945471 0.713300 0.955772 0.696832 0.952523 0.691151 0.952141 0.690809 0.951148 0.690119 0.949695 0.689186 0.936003 0.680621 0.934317 0.679590 0.932660 0.678623 0.931287 0.677867 0.930406 0.677437 0.930150 0.677398 0.923430 0.677609
0 0.163314 0.669405 0.175202 0.680669 0.182627 0.676539 0.195834 0.662599 0.194239 0.658376 0.193822 0.657481 0.192917 0.656290 0.191660 0.654982 0.190243 0.653756 0.188877 0.652796 0.187771 0.652247 0.184218 0.651593 0.176831 0.655140
0 0.218148 0.060036 0.218203 0.061254 0.218443 0.062966 0.221180 0.078882 0.221568 0.080820 0.222043 0.082682 0.222532 0.084182 0.222960 0.085093 0.228437 0.090042 0.247362 0.086787 0.241937 0.055246 0.238953 0.050103 0.219810 0.053396
0 0.658917 0.537395 0.662719 0.552979 0.664988 0.553718 0.696590 0.546007 0.692735 0.530206 0.690085 0.529790
0 0.674751 0.388074 0.693701 0.391178 0.698233 0.388632 0.701021 0.386625 0.701350 0.386106 0.701750 0.384929 0.702160 0.383273 0.702517 0.381391 0.702766 0.379572 0.702869 0.378095 0.702810 0.377187 0.700879 0.372470 0.681486 0.369294 0.677337 0.372282
0 0.602017 0.625522 0.605052 0.630252 0.606274 0.631767 0.606780 0.632019 0.607940 0.632387 0.609578 0.632814 0.611443 0.633234 0.613248 0.633584 0.614717 0.633809 0.615625 0.633875 0.620432 0.631821 0.624466 0.612588 0.621621 0.610014 0.605959 0.606729
0 0.443396 0.190078 0.444043 0.193621 0.469790 0.212631 0.481196 0.197183 0.480979 0.193682 0.480530 0.190779 0.480208 0.190152 0.479342 0.189181 0.478062 0.188015 0.476565 0.186831 0.463573 0.177238 0.462091 0.176222 0.460856 0.175532 0.460057 0.175273 0.454934 0.174452
