0 0.538285 0.045494 0.539960 0.048199 0.540832 0.049204 0.542172 0.050288 0.543777 0.051289 0.557853 0.058977 0.559485 0.059745 0.560900 0.060165 0.566373 0.060836 0.575578 0.043984 0.576452 0.038711 0.548039 0.023192 0.538728 0.040239
0 0.521240 0.531366 0.521486 0.531728 0.534332 0.546299 0.558616 0.524888 0.545770 0.510318 0.545247 0.510200 0.540830 0.509822 0.540501 0.510052 0.539673 0.510731 0.538472 0.511756 0.537081 0.512970 0.525050 0.523578 0.523675 0.524802 0.522521 0.525854 0.521762 0.526574 0.521515 0.526852
0 0.472349 0.536169 0.487095 0.548813 0.491861 0.548315 0.492089 0.548099 0.492763 0.547357 0.493781 0.546199 0.494986 0.544804 0.505498 0.532544 0.506704 0.531128 0.507721 0.529913 0.508394 0.529083 0.508622 0.528766 0.508168 0.524236 0.508075 0.523959 0.493497 0.511459 0.472665 0.535755
0 0.501896 0.809554 0.501918 0.813133 0.504641 0.832366 0.536696 0.827829 0.536276 0.824081 0.533585 0.805068 0.529709 0.803538 0.528641 0.803345 0.527074 0.803338 0.525244 0.803517 0.509363 0.805764 0.507542 0.806103 0.506000 0.806550 0.504972 0.807039
0 0.401072 0.772893 0.401322 0.774184 0.401789 0.775865 0.402402 0.777678 0.407965 0.792840 0.408627 0.794503 0.409237 0.795756 0.409699 0.796409 0.413769 0.799931 0.432005 0.793240 0.432782 0.789888 0.421759 0.759842 0.403731 0.766456 0.401076 0.772188
0 0.796538 0.344732 0.805533 0.358014 0.809793 0.356034 0.836727 0.337793 0.827606 0.324326 0.823101 0.326741
0 0.764315 0.388547 0.787865 0.410220 0.791193 0.409182 0.804347 0.394889 0.802674 0.390403 0.802242 0.389570 0.801312 0.388423 0.800027 0.387138 0.788144 0.376201 0.786704 0.374979 0.785334 0.374009 0.784243 0.373440 0.780525 0.372965 0.777319 0.374417
0 0.818854 0.399790 0.834962 0.410244 0.838834 0.409206 0.856459 0.382049 0.840165 0.371474 0.833588 0.373051 0.832949 0.373526 0.832009 0.374544 0.830911 0.375947 0.829822 0.377524 0.821091 0.390978 0.820172 0.392494 0.819560 0.393725 0.819348 0.394483
0 0.639677 0.925744 0.641292 0.930667 0.655844 0.943534 0.677289 0.919281 0.675263 0.914488 0.660877 0.901768 0.655791 0.904297 0.654640 0.905165 0.653380 0.906439 0.642756 0.918454 0.641573 0.919944 0.640644 0.921427 0.640108 0.922681
0 0.005504 0.597952 0.014778 0.615278 0.025870 0.612643 0.039979 0.605091 0.030916 0.588161 0.023768 0.587171 0.018230 0.588185 0.017257 0.588479 0.015774 0.589080 0.014005 0.589898 0.012222 0.590807 0.010698 0.591668 0.009669 0.592348 0.009290 0.592744
0 0.242282 0.508684 0.244213 0.528013 0.249227 0.530935 0.249261 0.530939 0.250024 0.530870 0.251400 0.530736 0.253180 0.530560 0.269250 0.528955 0.271155 0.528763 0.272889 0.528585 0.274186 0.528449 0.274850 0.528375 0.278983 0.524511 0.277074 0.505403 0.274497 0.505466
0 0.931937 0.617034 0.937033 0.621339 0.937245 0.621459 0.938188 0.621659 0.939723 0.621911 0.941615 0.622174 0.943574 0.622409 0.959627 0.624175 0.961349 0.624346 0.962563 0.624424 0.963087 0.624399 0.969111 0.621929 0.971236 0.602621 0.965850 0.601448 0.934037 0.597947
0 0.596560 0.529418 0.606890 0.545605 0.608126 0.546133 0.612058 0.547019 0.612516 0.546883 0.613527 0.546371 0.614936 0.545561 0.616530 0.544575 0.630144 0.535887 0.631672 0.534881 0.632897 0.534010 0.633632 0.533408 0.633765 0.533166 0.635417 0.528717 0.624967 0.512342 0.623539 0.512201
0 0.206656 0.545080 0.209253 0.549731 0.209828 0.550344 0.210962 0.551214 0.212483 0.552210 0.214158 0.553178 0.215728 0.553969 0.216953 0.554463 0.217648 0.554585 0.220894 0.553957 0.226996 0.552427 0.237050 0.536067 0.223416 0.527689 0.216945 0.528336
0 0.474671 0.767699 0.476323 0.773614 0.494019 0.781625 0.507370 0.752131 0.507286 0.749249 0.489792 0.741330 0.485158 0.744252 0.484744 0.744931 0.484112 0.746170 0.483356 0.747784 0.476742 0.762395 0.475977 0.764142 0.475314 0.765763 0.474856 0.767012
0 0.017633 0.479559 0.023295 0.498140 0.028743 0.498161 0.059358 0.488833 0.053761 0.470464 0.047120 0.467961 0.046170 0.468026 0.044657 0.468296 0.042812 0.468730 0.040918 0.469262 0.025470 0.473970 0.023821 0.474517 0.022676 0.474993 0.022208 0.475327
0 0.083796 0.924596 0.104655 0.949355 0.119511 0.936839 0.123860 0.931846 0.122249 0.927539 0.121525 0.926026 0.120437 0.924507 0.110103 0.912241 0.108815 0.910940 0.107516 0.910051 0.103239 0.907370 0.088553 0.919743
0 0.600856 0.050051 0.615010 0.063029 0.636639 0.039439 0.638218 0.034113 0.623901 0.020986 0.617824 0.023682 0.616851 0.024482 0.615628 0.025724 0.604714 0.037628 0.603434 0.039116 0.602295 0.040619 0.601472 0.041906 0.601090 0.042781
0 0.170186 0.775683 0.184317 0.783960 0.191533 0.777469 0.201239 0.760899 0.197989 0.756481 0.196867 0.755501 0.195357 0.754503 0.193688 0.753639 0.192112 0.753038 0.190866 0.752793 0.187431 0.752811 0.180119 0.758726
0 0.315520 0.235992 0.315634 0.255417 0.317741 0.258213 0.349745 0.258025 0.349633 0.238823 0.347894 0.235803 0.345529 0.233920 0.344957 0.233571 0.343734 0.233278 0.342046 0.233087 0.340150 0.233028 0.324000 0.233122 0.322193 0.233204 0.320756 0.233413 0.319909 0.233718
0 0.913865 0.354924 0.917983 0.359488 0.919087 0.360251 0.920647 0.361064 0.935190 0.367828 0.936974 0.368570 0.938717 0.369131 0.940155 0.369425 0.941069 0.369408 0.948005 0.366899 0.956197 0.349286 0.926842 0.335634 0.921963 0.337512
0 0.093398 0.500857 0.096325 0.516970 0.105553 0.516582 0.124447 0.513150 0.125506 0.509074 0.125738 0.508036 0.125737 0.506494 0.125506 0.504681 0.125079 0.502870 0.124520 0.501335 0.123914 0.500307 0.121587 0.497406 0.112733 0.497345
0 0.497404 0.888534 0.501717 0.904216 0.533082 0.895589 0.532627 0.890150 0.528373 0.874683 0.497440 0.883191
0 0.013061 0.308981 0.018103 0.341118 0.024729 0.343302 0.040576 0.340816 0.035603 0.309121 0.029129 0.306460
0 0.274555 0.504847 0.293335 0.531218 0.295697 0.530861 0.311338 0.519722 0.311209 0.514910 0.310814 0.514043 0.310049 0.512761 0.309031 0.511258 0.299727 0.498193 0.298606 0.496692 0.297549 0.495417 0.296717 0.494560 0.296235 0.494254 0.292773 0.493652 0.290377 0.493579
0 0.501958 0.029572 0.506013 0.045052 0.536973 0.036942 0.537487 0.030502 0.533376 0.014807 0.501985 0.023030
0 0.846306 0.970755 0.855604 0.983779 0.860549 0.990507 0.886960 0.971653 0.877533 0.958448 0.872354 0.952160
0 0.564101 0.679433 0.564993 0.681929 0.577121 0.692706 0.598676 0.668450 0.597323 0.666140 0.585361 0.655510
0 0.238565 0.472684 0.244498 0.491181 0.247418 0.491282 0.277894 0.481506 0.272028 0.463221 0.266608 0.460736 0.265949 0.460797 0.264688 0.461073 0.263015 0.461524 0.261187 0.462080 0.245809 0.467013 0.244111 0.467588 0.242807 0.468092 0.242098 0.468448
0 0.277894 0.933624 0.281168 0.965988 0.297350 0.964351 0.300137 0.957967 0.296908 0.926047 0.280948 0.927662
0 0.421805 0.335206 0.422878 0.337466 0.430399 0.351591 0.458648 0.336548 0.458073 0.334275 0.450447 0.319954
0 0.309839 0.772362 0.332831 0.795374 0.344337 0.783878 0.346477 0.779974 0.323801 0.757279 0.312453 0.768617
0 0.709941 0.723107 0.725265 0.751205 0.727870 0.754109 0.744923 0.744809 0.745124 0.738931 0.744897 0.738277 0.744328 0.737077 0.743505 0.735511 0.735772 0.721333 0.734822 0.719647 0.733895 0.718104 0.733131 0.716940 0.732647 0.716331 0.726800 0.713913
0 0.433273 0.224934 0.434036 0.228078 0.453118 0.230224 0.456705 0.225854 0.456870 0.225122 0.457077 0.223775 0.457294 0.222018 0.459086 0.206079 0.459281 0.204172 0.459425 0.202398 0.459497 0.201027 0.459484 0.200267 0.456194 0.194933 0.436891 0.192762
0 0.463454 0.924189 0.476035 0.939286 0.481946 0.937468 0.483153 0.936782 0.484589 0.935697 0.486034 0.934381 0.487265 0.933034 0.488094 0.931865 0.488395 0.931050 0.488616 0.928801 0.488876 0.918998 0.476582 0.904247 0.464289 0.914492
0 0.620414 0.347944 0.636307 0.375724 0.650197 0.367777 0.652286 0.365938 0.636172 0.337772 0.622089 0.345829
0 0.611294 0.409882 0.611922 0.429074 0.615894 0.431980 0.616108 0.432057 0.617023 0.432099 0.618496 0.432098 0.620305 0.432056 0.636336 0.431532 0.638212 0.431453 0.639877 0.431351 0.641078 0.431240 0.641632 0.431138 0.645574 0.427196 0.644939 0.407781 0.612581 0.408840
0 0.131891 0.555879 0.132091 0.588253 0.151515 0.588133 0.155498 0.587126 0.157368 0.583909 0.157744 0.582771 0.157990 0.581148 0.158068 0.579285 0.157969 0.563247 0.157868 0.561421 0.157603 0.559905 0.157214 0.558926 0.155301 0.555122 0.136099 0.555240
0 0.717100 0.259960 0.725934 0.277010 0.731685 0.277409 0.732353 0.277177 0.733566 0.276625 0.735140 0.275836 0.749381 0.268457 0.751082 0.267549 0.752656 0.266657 0.753867 0.265915 0.754528 0.265437 0.757291 0.259537 0.748355 0.242290 0.719610 0.257185
