0 0.605465 0.102225 0.606694 0.105356 0.607404 0.106432 0.608562 0.107675 0.609995 0.108899 0.611485 0.109917 0.612808 0.110577 0.618162 0.111964 0.629849 0.096728 0.632887 0.087293 0.619893 0.077326 0.607932 0.092919
0 0.888992 0.427984 0.914005 0.447950 0.918792 0.447348 0.930910 0.432167 0.927989 0.426815 0.927082 0.425780 0.925746 0.424604 0.913123 0.414529 0.911566 0.413395 0.910030 0.412480 0.908752 0.411924 0.907925 0.411811 0.905607 0.411970 0.900971 0.412976
0 0.088934 0.629071 0.089482 0.645326 0.121993 0.644230 0.127191 0.642247 0.126650 0.626215 0.094586 0.627296
0 0.057772 0.826696 0.073545 0.830664 0.079409 0.826118 0.087237 0.795005 0.071680 0.791091 0.065709 0.795149
0 0.355952 0.123615 0.357598 0.127917 0.374763 0.136527 0.378868 0.133249 0.379471 0.132725 0.380261 0.131603 0.381118 0.130054 0.388309 0.115717 0.389105 0.113970 0.389723 0.112286 0.390069 0.110918 0.390088 0.110076 0.387830 0.103386 0.370467 0.094677
0 0.765573 0.700196 0.768346 0.715956 0.772078 0.718959 0.804037 0.713335 0.801225 0.697356 0.797093 0.694649
0 0.904810 0.292197 0.919747 0.320502 0.924600 0.318427 0.941780 0.309361 0.941179 0.304286 0.940776 0.302749 0.940027 0.301057 0.932489 0.286774 0.931510 0.285191 0.930454 0.283963 0.926670 0.280729 0.921793 0.283235
0 0.044024 0.383535 0.048321 0.388461 0.048806 0.388679 0.049952 0.389109 0.051586 0.389685 0.066850 0.394961 0.068716 0.395595 0.070523 0.396186 0.071995 0.396645 0.072907 0.396901 0.073124 0.396917 0.079484 0.395322 0.085758 0.377173 0.055509 0.366717 0.050370 0.365176
0 0.497280 0.725099 0.499381 0.728014 0.499732 0.728422 0.500736 0.728983 0.502240 0.729612 0.504014 0.730212 0.519466 0.734908 0.521235 0.735385 0.522721 0.735665 0.523699 0.735706 0.528256 0.734514 0.533904 0.715928 0.533517 0.713460 0.502895 0.704154 0.497311 0.722526
0 0.666558 0.597584 0.680073 0.606153 0.684286 0.608637 0.694809 0.592040 0.692779 0.586839 0.692722 0.586756 0.692045 0.586286 0.690848 0.585500 0.689314 0.584518 0.687680 0.583491 0.686196 0.582577 0.685090 0.581916 0.684529 0.581608 0.682407 0.580670 0.676841 0.581367
0 0.834917 0.124047 0.835851 0.130636 0.854346 0.135803 0.862636 0.127282 0.867042 0.111510 0.848115 0.106222 0.841882 0.110717 0.837952 0.115192 0.837408 0.116053 0.836750 0.117487 0.836079 0.119276 0.835496 0.121149 0.835088 0.122824
0 0.932003 0.513674 0.947378 0.525179 0.952551 0.525470 0.971947 0.499549 0.956394 0.487911 0.951177 0.488049 0.949104 0.488509 0.948292 0.488818 0.947166 0.489666 0.945897 0.490924 0.944678 0.492401 0.935068 0.505243 0.934079 0.506719 0.933466 0.507975
0 0.945288 0.461341 0.946408 0.480511 0.952156 0.483626 0.952386 0.483626 0.953352 0.483583 0.954908 0.483503 0.956817 0.483399 0.958789 0.483287 0.974911 0.482345 0.976637 0.482242 0.977847 0.482163 0.978358 0.482122 0.983889 0.478398 0.982756 0.459007 0.950437 0.460894
0 0.443905 0.407846 0.448219 0.439932 0.448810 0.440619 0.467842 0.438060 0.470618 0.434058 0.470608 0.433782 0.470501 0.432820 0.470315 0.431323 0.470078 0.429516 0.467940 0.413620 0.467686 0.411772 0.467454 0.410158 0.467278 0.409021 0.467186 0.408537 0.463156 0.405258
0 0.438735 0.777117 0.454918 0.805335 0.469027 0.797244 0.469453 0.793157 0.453492 0.765326 0.439577 0.773307
0 0.253095 0.452511 0.258739 0.453597 0.277874 0.455208 0.280596 0.451728 0.280929 0.450741 0.281223 0.449222 0.281435 0.447400 0.281532 0.445551 0.281500 0.443954 0.281344 0.442849 0.281086 0.442408 0.279217 0.439262 0.274052 0.437841 0.254469 0.436193
0 0.003469 0.497155 0.010653 0.515446 0.017795 0.517386 0.023338 0.517186 0.024308 0.517030 0.025811 0.516629 0.027617 0.516046 0.029455 0.515368 0.031046 0.514699 0.032151 0.514139 0.032601 0.513772 0.036735 0.509243 0.029714 0.491369 0.018712 0.491168
0 0.540775 0.819493 0.540786 0.820280 0.544067 0.825743 0.563362 0.827978 0.567087 0.795818 0.566321 0.792437 0.547245 0.790228 0.543649 0.794676 0.543481 0.795384 0.543268 0.796715 0.543045 0.798467 0.541200 0.814399 0.540999 0.816311 0.540850 0.818099
0 0.927121 0.800018 0.933076 0.804201 0.965563 0.805870 0.966397 0.789626 0.959985 0.785644 0.927944 0.783998
0 0.718116 0.114494 0.731819 0.127947 0.743030 0.116528 0.748715 0.107557 0.734692 0.093789 0.728622 0.095776 0.728138 0.096075 0.727197 0.096903 0.725944 0.098134 0.724570 0.099579 0.723287 0.101016 0.722291 0.102225 0.721734 0.103022 0.719185 0.107585
0 0.627667 0.579093 0.627672 0.579312 0.628024 0.580143 0.628668 0.581459 0.629506 0.583060 0.630412 0.584704 0.631249 0.586143 0.631891 0.587160 0.632239 0.587599 0.633777 0.588618 0.639175 0.590373 0.656485 0.581068 0.648730 0.566643 0.645330 0.565120 0.628417 0.574212
0 0.314848 0.889378 0.328904 0.902784 0.334620 0.900763 0.335158 0.900453 0.336119 0.899616 0.337356 0.898380 0.348502 0.886693 0.349821 0.885250 0.351017 0.883825 0.351908 0.882636 0.352357 0.881865 0.352949 0.875020 0.339053 0.861767 0.316964 0.884927
0 0.359783 0.554453 0.369743 0.571130 0.375009 0.572007 0.375488 0.571724 0.376524 0.571108 0.377956 0.570255 0.379569 0.569292 0.393340 0.561069 0.394893 0.560140 0.396156 0.559384 0.396938 0.558915 0.397117 0.558804 0.398709 0.553907 0.388864 0.537421 0.387579 0.537853
0 0.222395 0.831119 0.230060 0.849214 0.245140 0.842826 0.250966 0.834989 0.243475 0.817307 0.237711 0.816963 0.237042 0.817016 0.235800 0.817389 0.234174 0.818024 0.232408 0.818826 0.230770 0.819673 0.229507 0.820438 0.228811 0.821005 0.225658 0.824738
0 0.535681 0.543233 0.546527 0.573343 0.547065 0.574191 0.565341 0.567608 0.567092 0.563032 0.567056 0.562770 0.566775 0.561853 0.566293 0.560421 0.565682 0.558692 0.560209 0.543498 0.559565 0.541743 0.558988 0.540234 0.558567 0.539203 0.558365 0.538805 0.553747 0.536725
0 0.502425 0.802499 0.504577 0.808460 0.522850 0.815048 0.533831 0.784593 0.533444 0.781340 0.515380 0.774827 0.511020 0.778253 0.510654 0.778925 0.510116 0.780185 0.509489 0.781844 0.504049 0.796933 0.503425 0.798743 0.502898 0.800436 0.502546 0.801755
0 0.153427 0.774637 0.185682 0.778855 0.190004 0.775021 0.192084 0.759115 0.160272 0.754955 0.155536 0.758510
0 0.465014 0.327408 0.465495 0.329781 0.473024 0.343946 0.501353 0.328888 0.501372 0.326502 0.493738 0.312140
0 0.886304 0.469236 0.902216 0.480322 0.908215 0.477075 0.909176 0.476383 0.910350 0.475210 0.920781 0.463608 0.922000 0.462119 0.923060 0.460560 0.923798 0.459171 0.924101 0.458164 0.923645 0.450661 0.907702 0.439553 0.887217 0.462790
0 0.857715 0.469063 0.869865 0.479477 0.878518 0.478997 0.891307 0.464076 0.889048 0.459243 0.888684 0.458505 0.887772 0.457439 0.886451 0.456207 0.884924 0.454999 0.883426 0.453999 0.882186 0.453361 0.881394 0.453181 0.878873 0.453418 0.870212 0.454483
0 0.293818 0.501802 0.295249 0.506266 0.314165 0.511596 0.318413 0.511331 0.322753 0.495928 0.304270 0.490720 0.299691 0.490503 0.296642 0.492754 0.296270 0.493103 0.295750 0.494117 0.295164 0.495642 0.294601 0.497447 0.294147 0.499252 0.293872 0.500782
0 0.477945 0.530796 0.477952 0.531202 0.478031 0.532282 0.478170 0.533869 0.478347 0.535724 0.479942 0.551795 0.480130 0.553626 0.480300 0.555148 0.480425 0.556129 0.480488 0.556421 0.484117 0.559629 0.503447 0.557711 0.503408 0.557051 0.500248 0.525203 0.481139 0.527099
0 0.342159 0.166322 0.343963 0.170136 0.359475 0.181455 0.363724 0.179166 0.364492 0.178681 0.365513 0.177659 0.366634 0.176256 0.376088 0.163299 0.377141 0.161723 0.377970 0.160209 0.378450 0.158985 0.378506 0.158238 0.378340 0.155601 0.376934 0.151619 0.361242 0.140169
0 0.838711 0.521394 0.838782 0.522962 0.839039 0.524026 0.840508 0.527857 0.859580 0.530093 0.863738 0.530441 0.867507 0.498286 0.848214 0.496025 0.844234 0.496070 0.841947 0.499213 0.841444 0.500251 0.841007 0.501801 0.840704 0.503630 0.838837 0.519559
0 0.881888 0.607019 0.882070 0.608429 0.882520 0.610158 0.883171 0.611944 0.883924 0.613519 0.884666 0.614643 0.885283 0.615145 0.887283 0.616525 0.896344 0.619251 0.915097 0.613375 0.910201 0.597748 0.900823 0.595513 0.882499 0.601254
0 0.660639 0.321052 0.665922 0.339514 0.671039 0.341102 0.671852 0.340992 0.673225 0.340681 0.674950 0.340216 0.690370 0.335804 0.692190 0.335254 0.693836 0.334701 0.695057 0.334229 0.695668 0.333909 0.698965 0.328751 0.693621 0.310076 0.662496 0.318983
0 0.175041 0.507125 0.190096 0.513282 0.194357 0.513099 0.206501 0.483404 0.191653 0.477332 0.187354 0.477016
0 0.342869 0.849024 0.343353 0.855496 0.360378 0.865312 0.368558 0.851125 0.371563 0.843098 0.354927 0.833506 0.349538 0.836378 0.349184 0.836907 0.348517 0.838009 0.347637 0.839516 0.346677 0.841200 0.345782 0.842808 0.345087 0.844097 0.344699 0.844869 0.342893 0.848880
0 0.438100 0.395646 0.439978 0.400755 0.440668 0.401896 0.441080 0.402178 0.442095 0.402722 0.443558 0.403445 0.445246 0.404238 0.446906 0.404980 0.448287 0.405560 0.449180 0.405890 0.449447 0.405919 0.454062 0.404699 0.462063 0.387242 0.461175 0.384604 0.446288 0.377781
0 0.690056 0.396517 0.707816 0.403821 0.713397 0.401592 0.715879 0.400448 0.716309 0.399971 0.716959 0.398875 0.717728 0.397329 0.718499 0.395566 0.719155 0.393860 0.719593 0.392471 0.719747 0.391613 0.718907 0.386426 0.700732 0.378950 0.696143 0.381718
