0 0.533864 0.327189 0.551535 0.334705 0.556238 0.332131 0.556308 0.332015 0.556653 0.331241 0.557222 0.329930 0.557928 0.328280 0.558664 0.326540 0.559319 0.324973 0.559795 0.323815 0.560017 0.323245 0.560715 0.321189 0.559150 0.315767 0.541065 0.308076 0.534656 0.323147
0 0.156124 0.591055 0.175514 0.592222 0.179223 0.591168 0.181429 0.588201 0.181847 0.587060 0.182178 0.585437 0.182372 0.583576 0.183336 0.567566 0.183363 0.565745 0.183221 0.564235 0.182930 0.563263 0.181146 0.559221 0.161978 0.558067 0.158069 0.558738
0 0.729977 0.608422 0.732636 0.609675 0.764037 0.617559 0.768767 0.598718 0.764933 0.594050 0.764227 0.593837 0.762920 0.593478 0.761209 0.593028 0.759355 0.592555 0.743799 0.588650 0.742076 0.588224 0.740741 0.587910 0.739996 0.587753 0.734653 0.589797
0 0.902770 0.667632 0.907427 0.669570 0.938511 0.678619 0.943940 0.659969 0.939481 0.654968 0.939254 0.654866 0.938323 0.654559 0.936831 0.654095 0.935006 0.653544 0.933124 0.652989 0.917725 0.648506 0.916066 0.648030 0.914876 0.647703 0.914335 0.647576 0.908137 0.649195
0 0.535827 0.061561 0.543358 0.079225 0.572799 0.066674 0.573640 0.061664 0.566023 0.043795 0.560187 0.043976 0.558786 0.044250 0.557096 0.044858 0.542240 0.051191 0.540524 0.052036 0.539049 0.052988 0.538041 0.053900 0.536241 0.056492
0 0.281689 0.970165 0.294437 0.984821 0.318864 0.963575 0.320934 0.958276 0.308332 0.943787 0.302541 0.945523 0.301973 0.945711 0.300943 0.946404 0.299605 0.947495 0.287504 0.958021 0.286058 0.959350 0.284720 0.960718 0.283690 0.961919 0.283128 0.962770
0 0.582656 0.651579 0.594776 0.681284 0.596098 0.683812 0.611157 0.677667 0.598868 0.647548 0.597508 0.645519
0 0.567126 0.402596 0.567834 0.406722 0.568029 0.407077 0.568761 0.407843 0.569917 0.408901 0.571323 0.410092 0.583731 0.420256 0.585177 0.421402 0.586450 0.422334 0.587355 0.422909 0.587754 0.423040 0.591884 0.422878 0.592946 0.421986 0.605256 0.406960 0.580211 0.386444 0.567902 0.401470
0 0.732188 0.233016 0.732397 0.236717 0.732724 0.237875 0.733427 0.239363 0.734399 0.240955 0.743398 0.254231 0.744495 0.255692 0.745554 0.256803 0.746415 0.257397 0.750146 0.259508 0.766041 0.248734 0.769117 0.245828 0.750952 0.219030 0.734873 0.229930
0 0.665044 0.129725 0.669471 0.145143 0.700308 0.136290 0.703101 0.131219 0.698612 0.115586 0.667345 0.124563
0 0.513767 0.679414 0.513926 0.681488 0.530504 0.709296 0.547189 0.699350 0.548207 0.693688 0.547955 0.693117 0.547367 0.692005 0.546532 0.690520 0.545577 0.688889 0.537364 0.675112 0.536431 0.673576 0.535658 0.672363 0.535163 0.671658 0.535021 0.671569 0.530261 0.669581
0 0.502158 0.534703 0.502183 0.535104 0.533938 0.541405 0.537719 0.522352 0.535010 0.518242 0.534604 0.518147 0.533541 0.517923 0.531985 0.517606 0.530170 0.517243 0.514438 0.514122 0.512635 0.513767 0.511112 0.513473 0.510099 0.513285 0.509752 0.513231 0.505895 0.515868
0 0.820117 0.433556 0.828812 0.447037 0.833396 0.446298 0.860732 0.428665 0.851916 0.414997 0.847077 0.416166
0 0.211061 0.953382 0.219169 0.971034 0.248588 0.957520 0.251462 0.952290 0.243447 0.934841 0.236976 0.935105 0.235753 0.935433 0.234149 0.936087 0.219574 0.942782 0.217827 0.943667 0.216196 0.944650 0.214929 0.945583 0.214219 0.946325
0 0.162041 0.375311 0.166793 0.390983 0.174410 0.393475 0.192786 0.387903 0.193657 0.382989 0.193696 0.382120 0.193471 0.380714 0.193017 0.378983 0.192402 0.377188 0.191720 0.375602 0.191072 0.374462 0.190557 0.373945 0.188143 0.372589 0.180847 0.369608
0 0.128299 0.087515 0.137494 0.104625 0.141637 0.109144 0.146141 0.108671 0.147780 0.108224 0.149494 0.107455 0.163622 0.099862 0.165156 0.098885 0.166283 0.097847 0.169829 0.093994 0.160738 0.077079 0.156816 0.072189
0 0.792517 0.834899 0.799360 0.842734 0.814123 0.855706 0.818776 0.853272 0.820067 0.852346 0.821390 0.851031 0.822542 0.849529 0.823346 0.848071 0.824933 0.843404 0.817505 0.835554 0.803080 0.822878
0 0.650270 0.531480 0.653717 0.535583 0.654282 0.535694 0.655489 0.535914 0.657154 0.536211 0.659022 0.536539 0.674931 0.539315 0.676711 0.539623 0.678126 0.539863 0.678959 0.539999 0.679084 0.540009 0.683900 0.537408 0.687239 0.518272 0.655346 0.512708 0.653570 0.512563
0 0.649918 0.580275 0.661681 0.595454 0.665463 0.597687 0.678408 0.587656 0.666371 0.572122 0.662567 0.570473 0.658863 0.570146 0.658363 0.570279 0.657361 0.570840 0.656010 0.571743 0.654513 0.572853 0.653098 0.574000 0.651977 0.575012 0.651320 0.575736
0 0.220969 0.544971 0.235743 0.573951 0.239377 0.572935 0.253668 0.565649 0.239096 0.537066 0.235459 0.537583
0 0.482735 0.454032 0.482972 0.454663 0.501156 0.481000 0.514324 0.471908 0.514524 0.471517 0.496086 0.444814
0 0.856797 0.134701 0.865299 0.151919 0.871638 0.151856 0.872160 0.151782 0.873282 0.151351 0.874836 0.150627 0.889217 0.143526 0.890970 0.142617 0.892663 0.141659 0.894039 0.140795 0.894889 0.140159 0.895081 0.139846 0.898551 0.133561 0.889951 0.116143 0.860923 0.130477
0 0.324580 0.290761 0.326585 0.293153 0.339182 0.307646 0.343414 0.307024 0.344377 0.306555 0.345672 0.305675 0.347102 0.304518 0.359208 0.293996 0.360561 0.292734 0.361637 0.291555 0.362271 0.290636 0.363338 0.286652 0.361758 0.284185 0.349016 0.269524
0 0.327927 0.125769 0.328085 0.126624 0.331806 0.132540 0.350666 0.136150 0.356682 0.104716 0.355025 0.100145 0.335946 0.096494 0.332635 0.101166 0.332250 0.101750 0.331829 0.102994 0.331436 0.104711 0.328401 0.120573 0.328097 0.122493 0.327931 0.124318
0 0.543446 0.509941 0.546500 0.525689 0.547148 0.526047 0.579083 0.519854 0.575987 0.503887 0.574942 0.503834
0 0.321670 0.181309 0.330829 0.198439 0.332762 0.201886 0.336792 0.201891 0.337895 0.201732 0.339392 0.201218 0.341058 0.200428 0.355203 0.192865 0.356789 0.191917 0.358060 0.190950 0.358823 0.190112 0.360986 0.186796 0.359379 0.183175 0.350220 0.166045
0 0.453842 0.721905 0.453869 0.722556 0.454071 0.723823 0.454417 0.725516 0.454853 0.727375 0.458757 0.743046 0.459215 0.744780 0.459626 0.746121 0.459924 0.746862 0.463955 0.750630 0.482804 0.745935 0.483001 0.743124 0.475265 0.712068 0.456631 0.716710
0 0.942145 0.684595 0.956550 0.691652 0.962915 0.694323 0.977225 0.665110 0.962619 0.657955 0.956258 0.655783
0 0.667310 0.482323 0.679930 0.492163 0.682432 0.492054 0.702384 0.466463 0.689589 0.456487 0.686988 0.457084
0 0.745567 0.100909 0.746951 0.120062 0.762911 0.118909 0.769062 0.109993 0.767647 0.090392 0.761812 0.088646 0.760425 0.088449 0.758624 0.088474 0.756684 0.088719 0.754905 0.089145 0.753559 0.089687 0.752850 0.090262 0.751312 0.091572
0 0.758022 0.503400 0.789386 0.509774 0.793410 0.509910 0.796642 0.494010 0.764842 0.487547 0.761209 0.487718
0 0.876925 0.105282 0.890470 0.113803 0.899605 0.104768 0.910070 0.088133 0.906563 0.084078 0.905526 0.082916 0.904047 0.081806 0.902352 0.080919 0.900702 0.080391 0.896208 0.079413 0.887150 0.089028
0 0.795964 0.092740 0.797446 0.111886 0.829355 0.109416 0.833163 0.104900 0.831664 0.085533 0.825669 0.083848 0.824346 0.083658 0.822583 0.083691 0.806481 0.084937 0.804552 0.085190 0.802759 0.085622 0.801374 0.086167 0.800610 0.086741 0.799386 0.088032
0 0.277267 0.291376 0.278988 0.297321 0.281529 0.299651 0.282105 0.300142 0.283170 0.301009 0.284560 0.302122 0.286065 0.303310 0.287458 0.304396 0.288528 0.305215 0.289114 0.305643 0.294947 0.306025 0.306803 0.290919 0.302283 0.286027 0.289401 0.275917
0 0.274189 0.799880 0.280583 0.818222 0.286074 0.818863 0.286825 0.818875 0.288148 0.818597 0.289843 0.818071 0.305094 0.812755 0.306895 0.812062 0.308523 0.811312 0.309727 0.810618 0.310325 0.810087 0.313312 0.804050 0.306991 0.785918 0.276770 0.796452
0 0.065979 0.960530 0.079836 0.968970 0.085599 0.962538 0.102248 0.935205 0.088582 0.926880 0.082860 0.932817
0 0.905573 0.739029 0.910060 0.757700 0.914801 0.760680 0.946280 0.753114 0.941740 0.734228 0.935272 0.730308 0.934342 0.730090 0.932842 0.730077 0.931001 0.730271 0.929098 0.730641 0.913503 0.734389 0.911820 0.734881 0.910608 0.735421
0 0.166229 0.554478 0.182464 0.555478 0.186830 0.554715 0.188802 0.522693 0.172791 0.521707 0.168229 0.522010
