0 0.410958 0.160679 0.411228 0.161459 0.411762 0.162786 0.412479 0.164457 0.413269 0.166219 0.419953 0.180799 0.420699 0.182390 0.421291 0.183573 0.421639 0.184170 0.426561 0.187385 0.444017 0.179383 0.443370 0.175675 0.429879 0.146246 0.412221 0.154341
0 0.501289 0.680325 0.501304 0.682422 0.502584 0.688096 0.519378 0.698301 0.527883 0.684306 0.527246 0.680093 0.510836 0.670120 0.506303 0.672073 0.506105 0.672160 0.505556 0.672860 0.504741 0.674065 0.503783 0.675593 0.502827 0.677213 0.502018 0.678681 0.501478 0.679774
0 0.624795 0.421977 0.628366 0.437576 0.659564 0.430434 0.661783 0.429467 0.658162 0.413651 0.626531 0.420892
0 0.494275 0.520317 0.512249 0.527683 0.516564 0.525842 0.516725 0.525536 0.517142 0.524593 0.517751 0.523158 0.518458 0.521448 0.524582 0.506504 0.525279 0.504787 0.525855 0.503331 0.526224 0.502357 0.526328 0.502014 0.524525 0.497726 0.506551 0.490360 0.506476 0.490471 0.494341 0.520085
0 0.383543 0.380229 0.383835 0.381055 0.384382 0.382403 0.385099 0.384069 0.391611 0.398848 0.392387 0.400571 0.393101 0.402083 0.393643 0.403151 0.393932 0.403615 0.398940 0.405724 0.416513 0.397981 0.403608 0.368693 0.402493 0.367175 0.384718 0.375008 0.383549 0.380051
0 0.593117 0.058769 0.610947 0.085347 0.626894 0.074649 0.628361 0.069731 0.628670 0.067626 0.628635 0.066749 0.628195 0.065392 0.627415 0.063761 0.626416 0.062106 0.617419 0.048694 0.616355 0.047274 0.615393 0.046309 0.610325 0.042846 0.594194 0.053667
0 0.012012 0.886437 0.015836 0.892065 0.017130 0.893358 0.029518 0.903720 0.031064 0.904803 0.032620 0.905507 0.036845 0.907208 0.042139 0.902553 0.054459 0.887824 0.029910 0.867290 0.024475 0.871537
0 0.233985 0.633721 0.258476 0.655008 0.261789 0.652882 0.272287 0.640805 0.248132 0.619809 0.244629 0.621475
0 0.646357 0.214714 0.648397 0.233808 0.652977 0.235646 0.653845 0.235830 0.655283 0.235861 0.657073 0.235735 0.673021 0.234031 0.674898 0.233765 0.676582 0.233401 0.677819 0.232992 0.678419 0.232600 0.680220 0.230407 0.682304 0.227290 0.680240 0.207975 0.648049 0.211415
0 0.779777 0.724983 0.789547 0.741515 0.792894 0.744307 0.820766 0.727836 0.810883 0.711113 0.807330 0.708700 0.803868 0.708505 0.802630 0.708804 0.801060 0.709442 0.799396 0.710324 0.785588 0.718484 0.784077 0.719479 0.782944 0.720437 0.782360 0.721216
0 0.957291 0.547708 0.972306 0.559679 0.977767 0.560369 0.997949 0.535055 0.982761 0.522946 0.977243 0.522684 0.975305 0.523199 0.974450 0.523455 0.973269 0.524246 0.971943 0.525448 0.970672 0.526881 0.960673 0.539422 0.959646 0.540873 0.959014 0.542125
0 0.051279 0.092011 0.057449 0.097620 0.087202 0.109622 0.093202 0.094745 0.087531 0.089095 0.057363 0.076927
0 0.820180 0.279063 0.820353 0.279846 0.821659 0.284926 0.840559 0.288321 0.844496 0.285874 0.850221 0.254009 0.831102 0.250574 0.825264 0.254571 0.824770 0.255256 0.824223 0.256557 0.823705 0.258275 0.823295 0.260151 0.820459 0.275937 0.820217 0.277691
0 0.551625 0.090977 0.559800 0.104778 0.587403 0.088427 0.588622 0.082689 0.580332 0.068695 0.552344 0.085275
0 0.730714 0.779277 0.733930 0.783170 0.749491 0.787903 0.758957 0.756781 0.755397 0.753251 0.740050 0.748583
0 0.468050 0.627481 0.480625 0.642583 0.493210 0.632103 0.493365 0.629084 0.481077 0.614327 0.476306 0.614416 0.476056 0.614500 0.475280 0.615040 0.474099 0.615953 0.472690 0.617101 0.471268 0.618311 0.470046 0.619399 0.469209 0.620201 0.468886 0.620595 0.468524 0.621997
0 0.838264 0.352070 0.841011 0.356204 0.841519 0.356914 0.842592 0.357841 0.844069 0.358846 0.857713 0.367278 0.859374 0.368211 0.860971 0.368935 0.862263 0.369338 0.863054 0.369358 0.865489 0.368895 0.869715 0.367379 0.879927 0.350855 0.852386 0.333836 0.848359 0.335735
0 0.129091 0.277499 0.137249 0.295378 0.145542 0.300056 0.147853 0.300681 0.148651 0.300792 0.149993 0.300581 0.151674 0.300081 0.153440 0.299369 0.155025 0.298552 0.156190 0.297753 0.160100 0.293412 0.152128 0.275942 0.143989 0.270700
0 0.743768 0.291622 0.745188 0.295638 0.745686 0.296570 0.746656 0.297774 0.747951 0.299069 0.759796 0.309883 0.761224 0.311075 0.762573 0.311988 0.763638 0.312482 0.767404 0.313201 0.770496 0.311041 0.783593 0.296695 0.759683 0.274867 0.756715 0.277441
0 0.442342 0.692870 0.456794 0.700331 0.471717 0.671426 0.472106 0.669069 0.457852 0.661711 0.443134 0.690218
0 0.280795 0.351027 0.300057 0.377048 0.302342 0.378453 0.317776 0.367028 0.317585 0.361529 0.317167 0.360844 0.316374 0.359693 0.315327 0.358250 0.305784 0.345359 0.304637 0.343838 0.303562 0.342465 0.302720 0.341449 0.302241 0.340945 0.296407 0.339470
0 0.803836 0.585585 0.804928 0.590906 0.805269 0.591596 0.806060 0.592711 0.807181 0.594082 0.808463 0.595503 0.809712 0.596758 0.810740 0.597659 0.811390 0.598066 0.815012 0.599206 0.821628 0.599998 0.836522 0.587177 0.825838 0.574766 0.818389 0.573057
0 0.124552 0.457122 0.126903 0.489567 0.132033 0.489710 0.148033 0.488551 0.145714 0.456552 0.140774 0.455947
0 0.658878 0.138269 0.673676 0.150507 0.694072 0.125843 0.696316 0.121517 0.681347 0.109138 0.675615 0.111456 0.675143 0.111829 0.674273 0.112748 0.673137 0.114075 0.662845 0.126521 0.661621 0.128048 0.660499 0.129536 0.659651 0.130759 0.659207 0.131530
0 0.422622 0.391159 0.440095 0.418503 0.440917 0.419621 0.454401 0.411004 0.453767 0.409766 0.436294 0.382423
0 0.146610 0.622277 0.156543 0.639234 0.164395 0.636051 0.178203 0.627963 0.168497 0.611393 0.162085 0.610710 0.158155 0.611997 0.157377 0.612335 0.156073 0.612999 0.154440 0.613888 0.152729 0.614867 0.151204 0.615784 0.150098 0.616499 0.149579 0.616903
0 0.062729 0.365007 0.063756 0.371284 0.064270 0.372532 0.065151 0.374087 0.066263 0.375709 0.067436 0.377149 0.068490 0.378186 0.069264 0.378664 0.074216 0.380059 0.081231 0.381648 0.097496 0.371441 0.088991 0.357887 0.079375 0.354562
0 0.650475 0.913905 0.656659 0.932085 0.660325 0.942194 0.675829 0.936919 0.669499 0.918314 0.665625 0.908752 0.660697 0.908360 0.659099 0.908558 0.657314 0.909044 0.655612 0.909744 0.654248 0.910553
0 0.636255 0.852178 0.639443 0.860418 0.651385 0.876026 0.656716 0.874663 0.658097 0.873982 0.659629 0.872941 0.661076 0.871702 0.662215 0.870455 0.662874 0.869391 0.664391 0.866074 0.660633 0.857706 0.648965 0.842455
0 0.322304 0.392136 0.331295 0.409354 0.333223 0.410391 0.361593 0.395576 0.352704 0.378554 0.351001 0.377150 0.347421 0.376315 0.346893 0.376321 0.345791 0.376669 0.344283 0.377303 0.342598 0.378129 0.328283 0.385605 0.326685 0.386493 0.325423 0.387305 0.324689 0.387917
0 0.431542 0.600989 0.445748 0.614238 0.467829 0.590561 0.468196 0.589526 0.454153 0.576429 0.449193 0.576890 0.449010 0.577057 0.448354 0.577735 0.447328 0.578819 0.446086 0.580145 0.435147 0.591874 0.433874 0.593245 0.432759 0.594458 0.431971 0.595328 0.431630 0.595722
0 0.724832 0.307982 0.725096 0.309106 0.725696 0.310607 0.726544 0.312259 0.734439 0.326221 0.735407 0.327778 0.736352 0.329010 0.737130 0.329729 0.740802 0.331909 0.757517 0.322456 0.760494 0.320403 0.744558 0.292223 0.727649 0.301784 0.725047 0.304050
0 0.720494 0.396620 0.731778 0.407966 0.735002 0.406686 0.758011 0.383805 0.746570 0.372300 0.743188 0.374052
0 0.207337 0.935272 0.221795 0.948582 0.232887 0.936533 0.238993 0.926554 0.224865 0.913548 0.218710 0.915699 0.218317 0.916003 0.217469 0.916842 0.216296 0.918087 0.214974 0.919552 0.213704 0.921014 0.212676 0.922254 0.212048 0.923082 0.208699 0.928002 0.208561 0.928300
0 0.323657 0.092154 0.325672 0.096815 0.357603 0.098992 0.358909 0.079833 0.357277 0.074975 0.354560 0.073199 0.353350 0.072649 0.351673 0.072222 0.349784 0.071983 0.333671 0.070885 0.331865 0.070871 0.330425 0.071086 0.324978 0.072774
0 0.094466 0.359516 0.124538 0.371920 0.129700 0.373681 0.135817 0.358852 0.106159 0.346618 0.100668 0.344480
0 0.418314 0.759789 0.418491 0.761110 0.418834 0.762846 0.419289 0.764730 0.419787 0.766473 0.420252 0.767807 0.420612 0.768529 0.424548 0.772384 0.443554 0.767387 0.444844 0.761275 0.440776 0.745798 0.422204 0.750681 0.419268 0.756104 0.418329 0.759083
0 0.632001 0.619658 0.635089 0.622458 0.651168 0.625565 0.654897 0.606270 0.651456 0.601637 0.649714 0.600469 0.649157 0.600267 0.647965 0.599957 0.646322 0.599586 0.644476 0.599210 0.642705 0.598887 0.641277 0.598664 0.640409 0.598576 0.640233 0.598637 0.635644 0.600804
0 0.833731 0.652700 0.838088 0.657592 0.838895 0.657877 0.840301 0.658272 0.842093 0.658717 0.843997 0.659144 0.859795 0.662499 0.861513 0.662841 0.862778 0.663045 0.863397 0.663081 0.869258 0.661191 0.873294 0.642191 0.869027 0.640565 0.837721 0.633916
