0 0.139671 0.665230 0.148845 0.682352 0.152859 0.680268 0.181069 0.665153 0.172000 0.648227 0.165779 0.647563 0.165662 0.647584 0.164896 0.647953 0.163595 0.648615 0.161958 0.649468 0.160234 0.650383 0.145999 0.658011 0.144458 0.658844 0.143341 0.659467 0.142817 0.659783
0 0.300713 0.746533 0.319876 0.772626 0.335533 0.761128 0.337412 0.758143 0.337326 0.754376 0.336890 0.753251 0.336087 0.751803 0.335040 0.750253 0.325546 0.737326 0.324410 0.735904 0.323354 0.734820 0.322538 0.734240 0.318468 0.732348 0.302991 0.743715
0 0.315603 0.138804 0.315658 0.139605 0.315885 0.142095 0.320094 0.150276 0.336575 0.160133 0.344788 0.146399 0.341157 0.138127 0.324291 0.128040 0.319493 0.131540 0.318540 0.132625 0.317529 0.134137 0.316615 0.135844 0.315938 0.137483
0 0.926238 0.626673 0.950738 0.647264 0.955950 0.648967 0.968448 0.634097 0.965825 0.628570 0.965544 0.628039 0.964690 0.627124 0.963393 0.625965 0.951030 0.615574 0.949492 0.614351 0.947953 0.613255 0.946649 0.612454 0.945778 0.612069 0.938593 0.611972
0 0.355126 0.818925 0.357868 0.851339 0.374075 0.849968 0.375806 0.845156 0.373102 0.813188 0.357118 0.814540
0 0.787640 0.584224 0.802075 0.591131 0.809142 0.593263 0.817625 0.575536 0.814418 0.570504 0.813818 0.570126 0.812622 0.569493 0.811013 0.568702 0.809239 0.567874 0.807571 0.567137 0.806266 0.566603 0.805522 0.566354 0.802010 0.565591 0.795929 0.566902
0 0.463733 0.918436 0.479990 0.918942 0.480265 0.913182 0.481264 0.881115 0.465230 0.880616 0.464745 0.885922
0 0.319279 0.956930 0.320182 0.963648 0.337981 0.971426 0.350945 0.941761 0.352649 0.936711 0.335053 0.929022 0.329760 0.932833 0.329531 0.933307 0.329033 0.934415 0.328341 0.935988 0.321918 0.950685 0.321134 0.952491 0.320375 0.954260 0.319755 0.955726 0.319370 0.956664
0 0.131896 0.701164 0.134937 0.720349 0.140639 0.722193 0.141272 0.722277 0.142555 0.722198 0.144292 0.721966 0.160243 0.719438 0.162163 0.719090 0.163967 0.718680 0.165379 0.718271 0.166183 0.717926 0.170720 0.712821 0.167714 0.693855 0.136104 0.698865
0 0.041230 0.492869 0.044589 0.508742 0.050835 0.508622 0.082147 0.501997 0.078834 0.486342 0.072977 0.486152
0 0.479786 0.011089 0.480017 0.016677 0.485713 0.035016 0.491092 0.035368 0.492589 0.035251 0.494350 0.034827 0.509667 0.030069 0.511428 0.029400 0.512929 0.028585 0.513942 0.027748 0.516277 0.025522 0.516465 0.020036 0.510703 0.001486
0 0.539653 0.259990 0.539732 0.291995 0.558934 0.291947 0.562685 0.287524 0.562767 0.286875 0.562835 0.285587 0.562878 0.283855 0.562890 0.281944 0.562850 0.265794 0.562829 0.264002 0.562778 0.262609 0.562705 0.261826 0.559536 0.257167 0.540111 0.257215
0 0.664133 0.618105 0.666031 0.619471 0.684709 0.624804 0.688169 0.621738 0.688668 0.620865 0.689241 0.619445 0.689800 0.617694 0.694234 0.602164 0.694692 0.600355 0.694977 0.598770 0.695046 0.597651 0.694890 0.597169 0.693598 0.593673 0.691385 0.592603 0.672920 0.587330
0 0.737552 0.573514 0.741403 0.577922 0.744210 0.578828 0.744902 0.579006 0.746221 0.579304 0.747966 0.579676 0.749872 0.580066 0.751644 0.580412 0.753011 0.580663 0.753764 0.580779 0.759168 0.578447 0.763023 0.559177 0.757010 0.557824 0.741319 0.554685
0 0.655645 0.303485 0.655917 0.304649 0.656468 0.306206 0.657213 0.307922 0.658040 0.309537 0.658825 0.310808 0.659449 0.311542 0.663344 0.314145 0.680709 0.305947 0.684937 0.301408 0.677946 0.286598 0.660175 0.294987 0.656513 0.299674 0.655694 0.302893
0 0.486012 0.646660 0.514396 0.662551 0.522341 0.648359 0.522034 0.646319 0.494040 0.630646 0.486204 0.644643
0 0.309504 0.187379 0.314878 0.202849 0.319110 0.209642 0.337250 0.203340 0.338581 0.197524 0.338419 0.196875 0.338027 0.195626 0.337465 0.193967 0.336818 0.192147 0.336183 0.190441 0.335657 0.189108 0.335320 0.188350 0.333405 0.184726 0.328068 0.180930
0 0.629896 0.668349 0.631723 0.700380 0.633560 0.703173 0.649798 0.702247 0.647945 0.669770 0.645911 0.667436
0 0.383682 0.764269 0.400137 0.774592 0.405389 0.772152 0.405841 0.771569 0.406605 0.770441 0.407566 0.768942 0.416148 0.755261 0.417155 0.753624 0.418052 0.752104 0.418701 0.750933 0.419003 0.750291 0.418286 0.744342 0.402020 0.734137 0.385012 0.761249
0 0.956461 0.656221 0.957568 0.662467 0.958065 0.663664 0.958933 0.665175 0.960041 0.666772 0.961223 0.668215 0.962299 0.669286 0.963107 0.669819 0.968492 0.671794 0.975926 0.673696 0.992510 0.663152 0.983724 0.649332 0.972666 0.645918
0 0.485021 0.675819 0.487521 0.678837 0.487864 0.679152 0.488876 0.679577 0.490402 0.680048 0.492211 0.680491 0.507988 0.683942 0.509797 0.684290 0.511323 0.684487 0.512335 0.684504 0.516648 0.682736 0.520799 0.663760 0.520561 0.661888 0.489295 0.655050 0.485192 0.673809
0 0.608054 0.054454 0.608055 0.055988 0.608157 0.057870 0.608344 0.059814 0.610215 0.075744 0.610459 0.077462 0.610723 0.078699 0.610969 0.079266 0.614274 0.084263 0.633345 0.082023 0.634887 0.077190 0.631110 0.045037 0.611818 0.047303 0.608154 0.053501
0 0.428315 0.483659 0.432256 0.499555 0.433805 0.499565 0.452443 0.494943 0.454715 0.490967 0.454686 0.490623 0.454485 0.489619 0.454144 0.488112 0.453712 0.486328 0.453257 0.484536 0.452846 0.483008 0.452542 0.481975 0.452391 0.481594 0.448592 0.479411 0.447389 0.478930
0 0.300990 0.068896 0.303727 0.074823 0.317707 0.082689 0.333439 0.054729 0.331116 0.048521 0.316941 0.040545
0 0.295445 0.289490 0.295689 0.290190 0.296245 0.291435 0.297028 0.293035 0.304315 0.307447 0.305203 0.309152 0.306058 0.310696 0.306748 0.311843 0.307169 0.312420 0.312750 0.314813 0.329886 0.306148 0.315444 0.277587 0.313310 0.275016 0.295976 0.283781
0 0.208486 0.664197 0.221975 0.678174 0.225153 0.676138 0.248182 0.653913 0.234847 0.640095 0.228632 0.640675 0.228009 0.641116 0.226949 0.642003 0.225613 0.643201 0.224207 0.644526 0.212586 0.655741 0.211328 0.656987 0.210414 0.657960 0.209984 0.658511
0 0.616506 0.786413 0.618126 0.790396 0.641883 0.812500 0.652935 0.800622 0.650837 0.796498 0.627406 0.774698
0 0.865681 0.937122 0.868832 0.952811 0.873962 0.959108 0.905776 0.952717 0.902580 0.936810 0.897058 0.930819
0 0.883619 0.814501 0.893256 0.831110 0.897803 0.834938 0.900864 0.834613 0.902221 0.834462 0.903882 0.833924 0.905592 0.833081 0.919561 0.824976 0.921054 0.823960 0.922096 0.822929 0.925805 0.818690 0.916057 0.801889 0.911301 0.798438
0 0.239566 0.408051 0.253996 0.415795 0.259620 0.417720 0.268700 0.400800 0.266137 0.395658 0.265478 0.395281 0.264277 0.394620 0.262716 0.393777 0.261031 0.392878 0.259476 0.392060 0.258286 0.391445 0.257643 0.391128 0.254825 0.389861 0.248859 0.390735
0 0.770066 0.306042 0.773596 0.309548 0.774283 0.310086 0.775561 0.310716 0.777239 0.311340 0.792475 0.316350 0.794301 0.316878 0.796005 0.317229 0.797329 0.317352 0.798070 0.317225 0.800469 0.316039 0.803944 0.313912 0.810011 0.295460 0.779257 0.285347 0.776065 0.287800
0 0.536683 0.488904 0.545169 0.519763 0.545691 0.519992 0.564420 0.514841 0.566494 0.510745 0.566485 0.510405 0.566281 0.509405 0.565914 0.507897 0.565440 0.506111 0.561158 0.490539 0.560650 0.488754 0.560188 0.487249 0.559843 0.486252 0.559666 0.485916 0.555836 0.483625 0.537107 0.488776
0 0.144190 0.163045 0.147004 0.169426 0.147161 0.169669 0.151217 0.173466 0.151987 0.174093 0.153258 0.175015 0.154836 0.176092 0.156482 0.177161 0.157949 0.178061 0.159014 0.178656 0.159517 0.178856 0.165847 0.179302 0.176113 0.163074 0.168536 0.155192 0.154696 0.146437
0 0.639313 0.896501 0.639438 0.897750 0.639672 0.899467 0.642025 0.915332 0.642332 0.917263 0.642668 0.919120 0.642981 0.920622 0.643223 0.921541 0.643358 0.921734 0.647929 0.926676 0.667143 0.923826 0.662393 0.891801 0.660537 0.887323 0.641542 0.890140 0.639315 0.895910
0 0.208410 0.384708 0.220814 0.414612 0.224005 0.415588 0.241742 0.408230 0.242383 0.403208 0.242270 0.402351 0.241864 0.400982 0.241226 0.399307 0.235081 0.384492 0.234306 0.382760 0.233509 0.381230 0.232811 0.380131 0.232317 0.379634 0.226352 0.377265
0 0.795978 0.202211 0.802255 0.220359 0.808093 0.221179 0.808736 0.221149 0.809982 0.220846 0.811641 0.220317 0.813463 0.219642 0.815174 0.218922 0.816514 0.218266 0.817279 0.217774 0.820969 0.214492 0.824804 0.208463 0.818380 0.189891 0.802903 0.195244
0 0.870601 0.614419 0.881853 0.629980 0.890787 0.633021 0.893181 0.633143 0.894008 0.633103 0.895315 0.632632 0.896903 0.631801 0.898529 0.630737 0.899943 0.629603 0.900926 0.628574 0.904058 0.623425 0.892542 0.607500 0.883568 0.605043
0 0.738168 0.142065 0.753544 0.170134 0.770386 0.160908 0.773512 0.156987 0.773577 0.153713 0.773380 0.152404 0.772830 0.150766 0.772011 0.149048 0.764252 0.134884 0.763292 0.133354 0.762340 0.132252 0.757958 0.128594 0.740922 0.137926
0 0.331564 0.325997 0.348595 0.353530 0.350326 0.355204 0.366656 0.345103 0.367105 0.339676 0.367087 0.339575 0.366686 0.338866 0.365964 0.337658 0.365031 0.336135 0.356593 0.322494 0.355587 0.320881 0.354657 0.319419 0.353945 0.318328 0.353559 0.317776 0.348084 0.315779
0 0.337720 0.878686 0.337884 0.880102 0.338280 0.881871 0.338847 0.883722 0.344165 0.898971 0.344817 0.900617 0.345450 0.901799 0.349718 0.906403 0.368059 0.900007 0.369568 0.895435 0.359029 0.865215 0.340897 0.871538 0.337813 0.877840
