0 0.908923 0.514571 0.917043 0.531972 0.923804 0.533893 0.924697 0.533783 0.926124 0.533377 0.927868 0.532737 0.929661 0.531962 0.944295 0.525132 0.945858 0.524342 0.946947 0.523659 0.947396 0.523190 0.951202 0.518651 0.942988 0.501048 0.937924 0.501036
0 0.848203 0.709473 0.856240 0.726913 0.860359 0.729537 0.862643 0.729976 0.863456 0.730126 0.864817 0.729945 0.866517 0.729460 0.868298 0.728744 0.882965 0.721984 0.884548 0.721150 0.885686 0.720327 0.889762 0.715986 0.881631 0.698344 0.877269 0.696077
0 0.936304 0.079237 0.943570 0.097012 0.950604 0.097091 0.951713 0.096800 0.953299 0.096209 0.968146 0.090140 0.969973 0.089335 0.971770 0.088438 0.973265 0.087582 0.974230 0.086899 0.974516 0.086492 0.978666 0.080102 0.971316 0.062121 0.941348 0.074372
0 0.342868 0.605650 0.362520 0.605674 0.365663 0.603258 0.368315 0.600637 0.368489 0.600138 0.368637 0.598982 0.368737 0.597346 0.368773 0.595480 0.368741 0.593663 0.368645 0.592170 0.368500 0.591228 0.368326 0.590981 0.365682 0.587256 0.346480 0.587233 0.342888 0.589274
0 0.164892 0.283870 0.169489 0.286834 0.185457 0.287885 0.187558 0.255949 0.183213 0.252555 0.167023 0.251490
0 0.771452 0.949647 0.774591 0.954846 0.806074 0.962391 0.810601 0.943501 0.806483 0.936876 0.805722 0.936215 0.804365 0.935485 0.802620 0.934796 0.800750 0.934253 0.785153 0.930515 0.783436 0.930198 0.782128 0.930155 0.775928 0.930973
0 0.315224 0.207209 0.323254 0.238733 0.325684 0.242325 0.341229 0.238366 0.333310 0.207276 0.330986 0.203195
0 0.397552 0.467119 0.397740 0.468087 0.398117 0.469568 0.398625 0.471335 0.403283 0.486799 0.403844 0.488577 0.404369 0.490089 0.404778 0.491104 0.405010 0.491467 0.408688 0.493525 0.409732 0.493599 0.428118 0.488060 0.418886 0.457416 0.417948 0.456924 0.399349 0.462527 0.397581 0.466811
0 0.813193 0.732916 0.817548 0.736155 0.849873 0.738994 0.851293 0.722831 0.846475 0.719775 0.814593 0.716975
0 0.502225 0.555114 0.502251 0.555751 0.515564 0.569897 0.520162 0.569780 0.520457 0.569620 0.521244 0.568979 0.522404 0.567954 0.523760 0.566701 0.535521 0.555633 0.536862 0.554348 0.537977 0.553231 0.538698 0.552453 0.538915 0.552132 0.539140 0.547710 0.538692 0.547164 0.525532 0.533180
0 0.682089 0.906561 0.684194 0.911262 0.716328 0.915206 0.718694 0.895926 0.716194 0.891400 0.714659 0.889863 0.714012 0.889305 0.712736 0.888743 0.711028 0.888263 0.709145 0.887937 0.693226 0.885983 0.691448 0.885860 0.690040 0.885957 0.684428 0.887501
0 0.620755 0.727451 0.622151 0.730080 0.636006 0.743695 0.658697 0.720603 0.656883 0.718082 0.643187 0.704623 0.638873 0.705688 0.637987 0.706204 0.636789 0.707164 0.635463 0.708423 0.624221 0.719863 0.622963 0.721234 0.621960 0.722514 0.621363 0.723508 0.621266 0.724065
0 0.597105 0.257369 0.610448 0.271179 0.621956 0.260060 0.624810 0.254446 0.611155 0.240314 0.605636 0.241511 0.604993 0.241956 0.603929 0.242864 0.602608 0.244099 0.601232 0.245470 0.600013 0.246767 0.599137 0.247791 0.598737 0.248386 0.597602 0.251278
0 0.230426 0.934801 0.247746 0.962153 0.264157 0.951761 0.266853 0.946597 0.266791 0.943719 0.266493 0.942341 0.265832 0.940692 0.264908 0.939021 0.256327 0.925471 0.255278 0.924026 0.254260 0.923022 0.249731 0.919557 0.233507 0.929831
0 0.881073 0.759916 0.885900 0.775213 0.891280 0.779050 0.922302 0.769261 0.917408 0.753750 0.911668 0.750261
0 0.142621 0.000000 0.165666 0.030321 0.178900 0.021256 0.174424 0.014581 0.165478 0.001558 0.164860 0.000669 0.163411 0.000000
0 0.823749 0.808469 0.825538 0.827588 0.833154 0.835252 0.834782 0.836444 0.835600 0.836859 0.837038 0.837142 0.838876 0.837250 0.840834 0.837165 0.842610 0.836900 0.843932 0.836497 0.849460 0.833726 0.847629 0.814159 0.839682 0.806978
0 0.831165 0.680389 0.838204 0.694804 0.842919 0.697520 0.872150 0.683246 0.865013 0.668631 0.859995 0.666312
0 0.864687 0.886918 0.874426 0.917405 0.878756 0.922231 0.897259 0.916319 0.897794 0.909471 0.897614 0.908281 0.897154 0.906623 0.892240 0.891239 0.891572 0.889370 0.890801 0.887582 0.890044 0.886150 0.889417 0.885290 0.882979 0.881074
0 0.168037 0.659011 0.184864 0.668715 0.188466 0.666787 0.204455 0.639063 0.187820 0.629469 0.181455 0.631293 0.180851 0.631785 0.179968 0.632842 0.178943 0.634303 0.177932 0.635945 0.169864 0.649935 0.169025 0.651501 0.168489 0.652748 0.168336 0.653484
0 0.477489 0.844389 0.505280 0.860994 0.515244 0.844320 0.515069 0.840384 0.514147 0.837754 0.513813 0.837120 0.512902 0.836208 0.511552 0.835157 0.509968 0.834125 0.496200 0.825898 0.494617 0.825038 0.493272 0.824479 0.492367 0.824306 0.487596 0.823968 0.477746 0.840452
0 0.667638 0.417832 0.669756 0.436918 0.674309 0.439600 0.674443 0.439639 0.675287 0.439591 0.676708 0.439464 0.678492 0.439276 0.694433 0.437507 0.696314 0.437288 0.698014 0.437069 0.699274 0.436883 0.699902 0.436759 0.703896 0.432618 0.701753 0.413311 0.669576 0.416882
0 0.028898 0.557768 0.029831 0.590130 0.049247 0.589570 0.054399 0.588546 0.056206 0.584121 0.056491 0.582497 0.056554 0.580635 0.056093 0.564603 0.055923 0.562779 0.055547 0.561264 0.053478 0.556555 0.034283 0.557108
0 0.101843 0.228491 0.112304 0.240945 0.117635 0.244507 0.142201 0.223872 0.131884 0.211589 0.126752 0.207568
0 0.504161 0.880203 0.504209 0.884599 0.509421 0.903312 0.540609 0.894626 0.540144 0.890115 0.534992 0.871616 0.530781 0.870930 0.529740 0.870797 0.528214 0.870939 0.526433 0.871336 0.510982 0.875639 0.509210 0.876232 0.507712 0.876931 0.506714 0.877633
0 0.769649 0.440463 0.772670 0.444798 0.773315 0.445296 0.774530 0.445988 0.776132 0.446771 0.790706 0.453466 0.792456 0.454223 0.794094 0.454841 0.795373 0.455227 0.796097 0.455321 0.802186 0.453289 0.810294 0.435637 0.780875 0.422123 0.777665 0.423013
0 0.430969 0.925659 0.431794 0.932767 0.448489 0.943134 0.457128 0.929221 0.458108 0.919409 0.441794 0.909279 0.436746 0.912330 0.436266 0.912757 0.435490 0.913776 0.434535 0.915232 0.433546 0.916905 0.432673 0.918544 0.432046 0.919899 0.431762 0.920766
0 0.213277 0.575079 0.214838 0.594441 0.219957 0.597147 0.220689 0.597171 0.222046 0.597118 0.223821 0.596995 0.239919 0.595696 0.241835 0.595522 0.243593 0.595324 0.244925 0.595133 0.245628 0.594978 0.249999 0.590789 0.248455 0.571648 0.216554 0.574221
0 0.454780 0.273497 0.455297 0.276086 0.474088 0.280039 0.478053 0.276264 0.478293 0.275492 0.478630 0.274131 0.479015 0.272388 0.482316 0.256693 0.482691 0.254827 0.482999 0.253115 0.483195 0.251816 0.483249 0.251129 0.480452 0.245814 0.461443 0.241816
0 0.383587 0.631317 0.390814 0.649347 0.395906 0.650528 0.396763 0.650306 0.398144 0.649835 0.399838 0.649184 0.414829 0.643176 0.416572 0.642449 0.418092 0.641758 0.419157 0.641209 0.419604 0.640886 0.421769 0.635734 0.414625 0.617909 0.384918 0.629816
0 0.524062 0.422164 0.533729 0.452756 0.549025 0.447922 0.549708 0.447196 0.539907 0.416178 0.524398 0.421079
0 0.051395 0.775328 0.067731 0.776484 0.077613 0.770163 0.078967 0.751008 0.073208 0.748107 0.071969 0.747812 0.070244 0.747618 0.068294 0.747552 0.066413 0.747627 0.064886 0.747830 0.063945 0.748131 0.058874 0.751017 0.052781 0.755725
0 0.072588 0.391380 0.075025 0.410652 0.081090 0.414155 0.082006 0.414222 0.083508 0.414187 0.085368 0.414055 0.087303 0.413846 0.103216 0.411834 0.104939 0.411580 0.106195 0.411318 0.106792 0.411088 0.111634 0.407659 0.109225 0.388608 0.104707 0.387320
0 0.523138 0.904426 0.523679 0.913887 0.532013 0.931685 0.546844 0.924740 0.545773 0.915030 0.537630 0.897639 0.532121 0.897822 0.530683 0.898188 0.529008 0.898865 0.527347 0.899750 0.525953 0.900711 0.525035 0.901602
0 0.944311 0.639707 0.948889 0.658356 0.955411 0.661820 0.960707 0.663702 0.961684 0.663832 0.963239 0.663765 0.965134 0.663510 0.967080 0.663107 0.968777 0.662616 0.969964 0.662114 0.975296 0.658157 0.970611 0.639071 0.959852 0.635892
0 0.660564 0.757553 0.670331 0.774087 0.672300 0.777256 0.700175 0.760790 0.690296 0.744065 0.688121 0.741276 0.684132 0.741223 0.683027 0.741485 0.681547 0.742099 0.679914 0.742973 0.666104 0.751130 0.664561 0.752132 0.663339 0.753115 0.662621 0.753929
0 0.240663 0.688759 0.256997 0.689945 0.262552 0.685603 0.263943 0.666451 0.259575 0.663521 0.258801 0.663263 0.257424 0.663028 0.255651 0.662852 0.253750 0.662761 0.252008 0.662769 0.250688 0.662875 0.249993 0.663064 0.247085 0.664960 0.242087 0.669158
