0 0.896013 0.298918 0.914209 0.305056 0.920859 0.301979 0.921533 0.301369 0.922341 0.300152 0.923160 0.298513 0.923864 0.296703 0.929027 0.281401 0.929507 0.279702 0.929687 0.278379 0.929347 0.272127 0.910942 0.265917 0.906245 0.268593
0 0.250849 0.986891 0.266602 0.998641 0.276393 0.985513 0.281505 0.974414 0.266112 0.962934 0.260199 0.965810 0.259842 0.966127 0.259088 0.967031 0.258050 0.968385 0.256885 0.969984 0.255770 0.971587 0.254872 0.972952 0.254329 0.973871 0.251472 0.979382 0.251362 0.979724
0 0.340496 0.224157 0.340607 0.224875 0.343931 0.230446 0.362424 0.235619 0.371045 0.204797 0.369554 0.201384 0.350848 0.196151 0.347244 0.200034 0.346790 0.200708 0.346251 0.201997 0.345711 0.203704 0.341361 0.219257 0.340903 0.221116 0.340599 0.222837
0 0.854659 0.345810 0.886466 0.349358 0.890934 0.347616 0.893087 0.328311 0.888155 0.325271 0.887547 0.324958 0.886277 0.324653 0.884535 0.324401 0.868485 0.322611 0.866546 0.322452 0.864711 0.322411 0.863260 0.322494 0.862416 0.322688 0.856787 0.326726
0 0.252084 0.545825 0.254329 0.561934 0.286547 0.557445 0.289482 0.556655 0.287268 0.540767 0.255493 0.545195
0 0.689765 0.294329 0.690910 0.298359 0.691463 0.299294 0.692465 0.300505 0.693765 0.301809 0.695167 0.303009 0.696459 0.303924 0.697445 0.304416 0.701502 0.305206 0.706217 0.300649 0.719575 0.286235 0.707563 0.275103 0.694205 0.289517
0 0.526225 0.782685 0.526591 0.786626 0.542453 0.815026 0.556653 0.807095 0.555874 0.802873 0.540230 0.774863
0 0.780036 0.305126 0.796249 0.315417 0.802564 0.313471 0.803161 0.312914 0.804064 0.311818 0.805134 0.310350 0.806208 0.308735 0.814862 0.295100 0.815773 0.293588 0.816378 0.292418 0.816585 0.291765 0.817024 0.285949 0.800624 0.275539 0.797187 0.278105
0 0.175240 0.701183 0.177690 0.706123 0.178655 0.707283 0.179995 0.708525 0.192401 0.718864 0.193906 0.719993 0.195342 0.720834 0.196488 0.721257 0.200110 0.721910 0.203538 0.719373 0.215831 0.704622 0.191246 0.684132 0.187676 0.686261
0 0.892321 0.598022 0.894141 0.629975 0.899622 0.631782 0.915820 0.630860 0.913976 0.598463 0.908298 0.597112
0 0.145829 0.728452 0.158797 0.758285 0.173714 0.751801 0.178200 0.748339 0.165410 0.718916 0.150698 0.725311
0 0.360720 0.156759 0.360807 0.157576 0.362407 0.161512 0.365614 0.167440 0.384117 0.172575 0.388397 0.157156 0.385786 0.149135 0.366849 0.143879 0.363137 0.148051 0.362698 0.148674 0.362168 0.149940 0.361630 0.151654 0.361165 0.153554 0.360846 0.155347
0 0.563101 0.489897 0.564043 0.494500 0.564255 0.494723 0.565026 0.495346 0.566238 0.496271 0.567707 0.497358 0.580655 0.506825 0.582163 0.507914 0.583485 0.508842 0.584422 0.509469 0.584830 0.509698 0.589965 0.508888 0.601429 0.493207 0.575295 0.474100 0.574434 0.474396
0 0.850351 0.445954 0.853715 0.477782 0.857804 0.477525 0.877122 0.475483 0.878478 0.471661 0.878792 0.470585 0.878911 0.469001 0.878816 0.467149 0.877118 0.451088 0.876824 0.449258 0.876377 0.447734 0.875845 0.446750 0.873719 0.443288 0.854402 0.445329
0 0.722856 0.512436 0.728882 0.543868 0.731529 0.544376 0.750606 0.540718 0.752182 0.536366 0.752267 0.535376 0.752161 0.533860 0.751878 0.532048 0.748837 0.516186 0.748423 0.514362 0.747941 0.512809 0.747466 0.511765 0.744510 0.508923 0.741716 0.508821
0 0.842991 0.936357 0.844239 0.943228 0.844455 0.943534 0.848461 0.948692 0.849169 0.949575 0.850255 0.950892 0.851554 0.952442 0.852867 0.953988 0.853991 0.955293 0.854755 0.956155 0.855042 0.956443 0.861659 0.959012 0.876594 0.946240 0.867985 0.936039 0.857585 0.923877
0 0.486546 0.425897 0.487406 0.445531 0.487694 0.446776 0.503681 0.446075 0.503767 0.444814 0.502907 0.425180 0.499485 0.422302 0.499113 0.422214 0.498051 0.422172 0.496462 0.422183 0.494587 0.422244 0.492715 0.422347 0.491133 0.422475 0.490084 0.422610 0.489726 0.422729
0 0.434386 0.260333 0.434441 0.261023 0.435194 0.263770 0.438671 0.268607 0.457800 0.270294 0.459205 0.254353 0.458251 0.248606 0.438675 0.246880 0.435180 0.251330 0.435013 0.252106 0.434824 0.253501 0.434642 0.255304 0.434494 0.257237 0.434405 0.259004
0 0.108227 0.367732 0.123024 0.374748 0.131642 0.377611 0.139869 0.360260 0.136504 0.355022 0.135966 0.354736 0.134827 0.354176 0.133258 0.353425 0.131498 0.352597 0.129812 0.351818 0.128453 0.351204 0.127631 0.350851 0.123300 0.349116 0.123133 0.349074 0.116647 0.349975
0 0.360029 0.449067 0.360061 0.449469 0.361041 0.453549 0.378719 0.461600 0.380105 0.462039 0.393370 0.432913 0.392137 0.432137 0.374460 0.424086 0.370735 0.426034 0.370411 0.426271 0.369831 0.427144 0.369082 0.428519 0.368279 0.430187 0.361585 0.444885 0.360853 0.446586 0.360307 0.448055
0 0.916273 0.552546 0.940475 0.573488 0.945568 0.574338 0.958278 0.559648 0.955489 0.553819 0.954642 0.552831 0.953360 0.551632 0.941147 0.541064 0.939629 0.539841 0.938112 0.538783 0.936829 0.538054 0.935975 0.537764 0.928838 0.538025
0 0.713544 0.925825 0.713620 0.941866 0.716598 0.948026 0.749128 0.947871 0.749050 0.931606 0.745626 0.925672
0 0.239206 0.938629 0.239407 0.941554 0.239679 0.942934 0.240329 0.944590 0.241258 0.946271 0.249944 0.959885 0.251007 0.961327 0.252038 0.962305 0.256619 0.965922 0.272995 0.955473 0.275590 0.950267 0.258375 0.923287 0.242186 0.933616
0 0.464148 0.291821 0.464557 0.294200 0.481671 0.302910 0.486259 0.300396 0.486748 0.299688 0.487466 0.298446 0.488304 0.296857 0.495579 0.282563 0.496413 0.280865 0.497119 0.279309 0.497590 0.278131 0.497754 0.277510 0.496144 0.271778 0.478832 0.262968
0 0.555739 0.137972 0.558229 0.140783 0.559149 0.141531 0.560577 0.142317 0.562298 0.143022 0.577426 0.148351 0.579184 0.148871 0.580716 0.149128 0.581793 0.149084 0.585925 0.148606 0.592306 0.130494 0.593373 0.126222 0.562838 0.115465 0.556384 0.133787
0 0.525614 0.356946 0.541609 0.357416 0.542582 0.354081 0.543161 0.334437 0.539757 0.331846 0.539438 0.331610 0.538421 0.331388 0.536862 0.331213 0.534996 0.331113 0.533113 0.331103 0.531500 0.331184 0.530404 0.331344 0.529992 0.331558 0.526791 0.333955 0.526179 0.337751
0 0.736572 0.339922 0.754632 0.346446 0.760406 0.343698 0.760875 0.343146 0.761524 0.341983 0.762254 0.340387 0.762954 0.338601 0.768441 0.323412 0.769000 0.321715 0.769332 0.320372 0.769386 0.319587 0.768577 0.314222 0.750308 0.307622 0.747446 0.309821
0 0.328179 0.633917 0.351482 0.656392 0.364966 0.642410 0.366510 0.640782 0.365800 0.636895 0.365713 0.636460 0.365111 0.635583 0.364088 0.634398 0.362798 0.633085 0.351253 0.621950 0.349888 0.620704 0.348652 0.619709 0.347730 0.619117 0.347265 0.619019 0.343473 0.618565 0.341664 0.619936
0 0.785135 0.685436 0.785283 0.691078 0.785497 0.691764 0.786080 0.692964 0.786944 0.694498 0.795120 0.708296 0.796136 0.709935 0.797154 0.711436 0.798019 0.712571 0.798599 0.713168 0.804935 0.715432 0.821647 0.705530 0.805143 0.677678 0.801655 0.675647
0 0.047699 0.605578 0.079818 0.610731 0.085595 0.609209 0.088137 0.593370 0.056459 0.588287 0.050276 0.589518
0 0.621466 0.049269 0.630723 0.066093 0.658764 0.050665 0.660599 0.045470 0.651235 0.028451 0.645012 0.029250 0.643744 0.029655 0.642157 0.030425 0.628008 0.038210 0.626350 0.039225 0.624880 0.040327 0.623821 0.041348 0.623336 0.042130
0 0.112272 0.937226 0.133381 0.961871 0.145704 0.951316 0.150563 0.945126 0.129744 0.920819 0.117590 0.931229
0 0.907172 0.417302 0.907400 0.418832 0.907920 0.420584 0.913383 0.435665 0.914118 0.437380 0.914959 0.438802 0.915779 0.439716 0.918360 0.442176 0.923197 0.441508 0.941460 0.434893 0.930435 0.404453 0.925515 0.405545 0.907460 0.412085
0 0.466800 0.848069 0.472547 0.866624 0.503472 0.857046 0.503433 0.852965 0.497752 0.834622 0.493310 0.833899 0.492320 0.833835 0.490834 0.834048 0.489078 0.834506 0.473757 0.839251 0.471990 0.839884 0.470477 0.840600 0.469445 0.841290 0.467180 0.844091
0 0.915024 0.060213 0.915068 0.062062 0.915376 0.063970 0.919006 0.079593 0.919533 0.081277 0.920200 0.082486 0.923172 0.087578 0.941876 0.083231 0.946985 0.078412 0.939657 0.046878 0.920737 0.051275 0.915928 0.056404 0.915251 0.058704
0 0.314716 0.931300 0.333748 0.935187 0.338559 0.930425 0.338699 0.930216 0.338985 0.929290 0.339373 0.927788 0.339806 0.925939 0.340216 0.924023 0.343426 0.908309 0.343754 0.906611 0.343950 0.905384 0.343985 0.904812 0.342053 0.898856 0.323239 0.895013 0.321195 0.899580
0 0.711968 0.871983 0.714915 0.877157 0.730469 0.881776 0.739708 0.850670 0.736420 0.845860 0.721080 0.841304
0 0.800928 0.828207 0.804320 0.834486 0.805061 0.835070 0.806373 0.835848 0.808054 0.836702 0.809847 0.837502 0.824763 0.843694 0.826389 0.844314 0.827595 0.844658 0.828196 0.844674 0.834308 0.844415 0.841756 0.826475 0.837850 0.822743 0.808291 0.810472
