0 0.312075 0.797204 0.325227 0.811499 0.349052 0.789579 0.350777 0.786269 0.337776 0.772137 0.332110 0.773252 0.331529 0.773654 0.330505 0.774508 0.329195 0.775683 0.317391 0.786542 0.315988 0.787864 0.314701 0.789137 0.313725 0.790168 0.313208 0.790800
0 0.051243 0.359572 0.056373 0.361177 0.087239 0.369635 0.092314 0.351115 0.087960 0.346216 0.087770 0.346111 0.086871 0.345810 0.085395 0.345360 0.083569 0.344828 0.081671 0.344298 0.066095 0.340030 0.064421 0.339582 0.063234 0.339287 0.062712 0.339190 0.056377 0.340838
0 0.625936 0.613756 0.628882 0.616417 0.645054 0.627583 0.649318 0.625989 0.650091 0.625259 0.651108 0.624046 0.652214 0.622535 0.653239 0.620959 0.654025 0.619560 0.654453 0.618552 0.654458 0.618088 0.654359 0.614106 0.650830 0.611498 0.635028 0.600587
0 0.229693 0.482022 0.246979 0.490883 0.249871 0.490987 0.252945 0.489631 0.253438 0.489318 0.254190 0.488401 0.255085 0.487020 0.255989 0.485385 0.263306 0.471112 0.264085 0.469466 0.264621 0.468052 0.264835 0.467086 0.264471 0.462507 0.247383 0.453747 0.244462 0.453212
0 0.800526 0.861949 0.804001 0.866134 0.822046 0.873322 0.825882 0.869038 0.826708 0.867855 0.827480 0.866229 0.833457 0.851226 0.834055 0.849412 0.834386 0.847691 0.834399 0.846328 0.834028 0.843246 0.830210 0.839323 0.812370 0.832216
0 0.121032 0.053332 0.129875 0.070627 0.134105 0.075535 0.138566 0.075067 0.140225 0.074673 0.141959 0.073946 0.156239 0.066644 0.157789 0.065693 0.158925 0.064657 0.162601 0.060965 0.153859 0.043868 0.149857 0.038594
0 0.552921 0.951785 0.553533 0.957009 0.569861 0.967530 0.575027 0.963932 0.575934 0.962959 0.576959 0.961523 0.585706 0.947947 0.586688 0.946271 0.587473 0.944616 0.587943 0.943237 0.588026 0.942343 0.586398 0.935283 0.570256 0.924882
0 0.155229 0.075934 0.155653 0.082652 0.155804 0.083085 0.156350 0.084122 0.157209 0.085606 0.165474 0.099480 0.166511 0.101178 0.167565 0.102826 0.168473 0.104171 0.169099 0.105010 0.169347 0.105215 0.175550 0.108276 0.192047 0.098448 0.175667 0.070953 0.171917 0.065992
0 0.058058 0.088078 0.058747 0.104214 0.058943 0.106170 0.059340 0.108034 0.059879 0.109520 0.060475 0.110403 0.066521 0.115681 0.085707 0.114861 0.084340 0.082886 0.079533 0.078063 0.060126 0.078893 0.058359 0.085076 0.058095 0.086335
0 0.020038 0.919578 0.021460 0.938951 0.027931 0.940574 0.029144 0.940789 0.030869 0.940770 0.046975 0.939587 0.048943 0.939336 0.050847 0.938891 0.052396 0.938323 0.053353 0.937718 0.058849 0.931590 0.057443 0.912439 0.025524 0.914783
0 0.295220 0.935324 0.296062 0.938356 0.296548 0.939617 0.297464 0.941098 0.298673 0.942573 0.309662 0.954407 0.310973 0.955646 0.312184 0.956455 0.317250 0.959048 0.331484 0.945830 0.333410 0.940734 0.311632 0.917282 0.297561 0.930349
0 0.948806 0.928291 0.949315 0.932253 0.954510 0.937250 0.973169 0.942652 0.982172 0.911555 0.976660 0.906850 0.958215 0.901510 0.954392 0.907523 0.953761 0.909186 0.949301 0.924592 0.948906 0.926472
0 0.332957 0.427331 0.336776 0.428992 0.352559 0.431633 0.355729 0.412694 0.352289 0.408288 0.350571 0.407221 0.350005 0.407036 0.348787 0.406755 0.347105 0.406422 0.345214 0.406087 0.343406 0.405803 0.341958 0.405612 0.341091 0.405544 0.340937 0.405609 0.336201 0.407948
0 0.404468 0.462622 0.425494 0.487338 0.426516 0.487512 0.438704 0.477143 0.417967 0.452766 0.416826 0.452109
0 0.435935 0.155559 0.436667 0.159496 0.450746 0.188238 0.467991 0.179790 0.469462 0.173554 0.469260 0.172792 0.468764 0.171483 0.468049 0.169826 0.467225 0.168074 0.460121 0.153570 0.459316 0.151997 0.458655 0.150848 0.458241 0.150297 0.453379 0.147014
0 0.220460 0.305159 0.220617 0.306557 0.220977 0.308330 0.221487 0.310205 0.222067 0.311894 0.222628 0.313139 0.223084 0.313750 0.226268 0.315891 0.231883 0.319267 0.250561 0.314811 0.246848 0.299246 0.240925 0.294549 0.221809 0.299109 0.220531 0.304348
0 0.263515 0.395397 0.264567 0.399449 0.267258 0.400598 0.285453 0.406738 0.295687 0.376414 0.293324 0.374985 0.274920 0.368774 0.271524 0.371663 0.270933 0.372513 0.270258 0.373906 0.269605 0.375630 0.264441 0.390932 0.263910 0.392717 0.263585 0.394285
0 0.073889 0.178460 0.083440 0.195635 0.092962 0.202593 0.095952 0.202522 0.097316 0.202347 0.098981 0.201810 0.100695 0.200993 0.102200 0.200020 0.103269 0.199037 0.106948 0.194816 0.097615 0.178034 0.088201 0.170501
0 0.151473 0.290989 0.164550 0.305658 0.172218 0.310101 0.175715 0.309427 0.176857 0.308945 0.178263 0.308049 0.179721 0.306874 0.181013 0.305597 0.181941 0.304413 0.182366 0.303498 0.184163 0.299452 0.171385 0.285119 0.163697 0.280091
0 0.137219 0.962755 0.147523 0.979222 0.174968 0.962050 0.178683 0.956769 0.168497 0.940490 0.161675 0.941503 0.160604 0.942002 0.159132 0.942864 0.145535 0.951371 0.143881 0.952466 0.142291 0.953632 0.141005 0.954694 0.140219 0.955489
0 0.247560 0.322371 0.250446 0.324401 0.281618 0.331652 0.285968 0.312948 0.282378 0.307812 0.281732 0.307475 0.280465 0.307021 0.278770 0.306521 0.276905 0.306050 0.261175 0.302391 0.259433 0.302023 0.258084 0.301816 0.257334 0.301801 0.251961 0.303451
0 0.763693 0.438933 0.782710 0.441601 0.785978 0.440926 0.788601 0.438108 0.789070 0.436999 0.789505 0.435396 0.789839 0.433542 0.792083 0.417549 0.792263 0.415735 0.792263 0.414243 0.792081 0.413302 0.790476 0.408865 0.771240 0.406167 0.768140 0.407239
0 0.026947 0.206721 0.031302 0.212440 0.031574 0.212698 0.032538 0.213198 0.034045 0.213863 0.035866 0.214593 0.037725 0.215276 0.052863 0.220575 0.054485 0.221111 0.055627 0.221419 0.056118 0.221453 0.062561 0.220648 0.068906 0.202524 0.063921 0.199084 0.033365 0.188387
0 0.475942 0.512075 0.481118 0.531033 0.485281 0.533333 0.485620 0.533279 0.486628 0.533037 0.488151 0.532644 0.489958 0.532158 0.491769 0.531656 0.493308 0.531213 0.494339 0.530899 0.494705 0.530759 0.496917 0.526720 0.496987 0.526109 0.491929 0.507584 0.476492 0.511799
0 0.914788 0.828943 0.919264 0.847617 0.924112 0.851637 0.926522 0.852571 0.928021 0.852721 0.929870 0.852620 0.931786 0.852280 0.947491 0.848516 0.949176 0.847992 0.950366 0.847365 0.955595 0.844090 0.951067 0.825200 0.945911 0.821483
0 0.709921 0.166768 0.720271 0.179024 0.744782 0.158324 0.748195 0.153561 0.737701 0.141134 0.712848 0.162123
0 0.804939 0.305596 0.836584 0.310376 0.840476 0.308184 0.843377 0.288977 0.838815 0.285990 0.838158 0.285593 0.836858 0.285198 0.835113 0.284864 0.819144 0.282452 0.817227 0.282233 0.815437 0.282161 0.814047 0.282249 0.813269 0.282481 0.807807 0.286609
0 0.762424 0.942377 0.766644 0.961111 0.772883 0.971898 0.777313 0.972666 0.779074 0.972675 0.780978 0.972389 0.782733 0.971850 0.784068 0.971144 0.788859 0.968299 0.784539 0.949128 0.778035 0.938860
0 0.633474 0.944789 0.633477 0.946513 0.633810 0.962549 0.633883 0.964511 0.634016 0.966420 0.634187 0.967986 0.634372 0.968971 0.634542 0.969223 0.638655 0.974848 0.658075 0.974445 0.657403 0.942077 0.655604 0.937024 0.636406 0.937423 0.633668 0.943009 0.633541 0.943558
0 0.896139 0.093062 0.899930 0.096899 0.901011 0.097931 0.902533 0.098900 0.916701 0.106418 0.918437 0.107179 0.920129 0.107618 0.924410 0.108065 0.929317 0.103533 0.938422 0.086374 0.909825 0.071199 0.905141 0.076100
0 0.204915 0.458863 0.217546 0.473620 0.223838 0.474277 0.224481 0.474073 0.225582 0.473422 0.226973 0.472427 0.228443 0.471237 0.240628 0.460808 0.241960 0.459600 0.242955 0.458554 0.243462 0.457828 0.245089 0.453111 0.232603 0.438522 0.229511 0.437811
0 0.249751 0.061986 0.259097 0.079014 0.261851 0.083826 0.289907 0.068427 0.287478 0.063437 0.278132 0.046409 0.273147 0.047143 0.271599 0.047559 0.269914 0.048332 0.255756 0.056103 0.254195 0.057111 0.253003 0.058199
0 0.233345 0.132532 0.247133 0.161907 0.250602 0.166544 0.265087 0.159745 0.251488 0.130773 0.248032 0.125638
0 0.873514 0.645603 0.902663 0.658818 0.907318 0.660655 0.915339 0.642963 0.911641 0.637727 0.911147 0.637449 0.910024 0.636903 0.908443 0.636173 0.893734 0.629505 0.891942 0.628705 0.890218 0.627961 0.888827 0.627384 0.887979 0.627065 0.887802 0.627049 0.881442 0.628114
0 0.394852 0.510034 0.413103 0.516684 0.414096 0.516493 0.417918 0.514734 0.418152 0.514370 0.418600 0.513373 0.419196 0.511896 0.419847 0.510163 0.425338 0.495093 0.425949 0.493361 0.426428 0.491888 0.426704 0.490897 0.426733 0.490539 0.425052 0.486422 0.407010 0.479849 0.405935 0.479616
0 0.706651 0.142054 0.706777 0.143435 0.707156 0.145168 0.707730 0.146992 0.708413 0.148630 0.709102 0.149837 0.713183 0.154158 0.731232 0.147604 0.736642 0.139360 0.731052 0.123967 0.712580 0.130674 0.707721 0.139117 0.706799 0.141236
0 0.760896 0.145533 0.765625 0.160861 0.796282 0.151405 0.800412 0.146545 0.795618 0.131002 0.764533 0.140591
0 0.290866 0.242917 0.293238 0.248943 0.293832 0.249451 0.294977 0.250235 0.296497 0.251174 0.298163 0.252127 0.312212 0.259865 0.313777 0.260691 0.315006 0.261266 0.315715 0.261504 0.321291 0.261295 0.330554 0.244475 0.328595 0.241521 0.300237 0.225902
0 0.384786 0.368638 0.391439 0.386888 0.392680 0.388181 0.396258 0.389649 0.396740 0.389669 0.397836 0.389434 0.399379 0.388982 0.401136 0.388380 0.416205 0.382887 0.417913 0.382226 0.419320 0.381603 0.420212 0.381113 0.420452 0.380830 0.422749 0.377220 0.416172 0.359179 0.415203 0.357550
