0 0.600609 0.144679 0.625689 0.164686 0.635692 0.152146 0.637584 0.147296 0.612154 0.127010 0.602011 0.139725
0 0.495083 0.711923 0.495490 0.717851 0.510050 0.730709 0.531480 0.706442 0.531120 0.704083 0.516727 0.691372 0.511870 0.692642 0.511165 0.693210 0.510123 0.694236 0.508902 0.695565 0.498285 0.707588 0.497066 0.709022 0.496029 0.710350 0.495333 0.711368
0 0.856727 0.928568 0.860852 0.933523 0.861822 0.934608 0.862667 0.935201 0.864122 0.935741 0.865965 0.936146 0.867913 0.936354 0.884043 0.937161 0.885793 0.937138 0.887072 0.936889 0.893186 0.935141 0.894157 0.915740 0.889651 0.910988 0.857687 0.909389
0 0.058065 0.221103 0.081780 0.243252 0.087517 0.246773 0.098439 0.235078 0.075049 0.213233 0.069139 0.209245
0 0.896401 0.471518 0.909407 0.485645 0.914140 0.485479 0.937959 0.463552 0.924803 0.449261 0.917677 0.449217 0.916856 0.449532 0.915623 0.450296 0.914164 0.451390 0.912701 0.452650 0.900901 0.463513 0.899651 0.464751 0.898799 0.465783 0.898476 0.466453
0 0.948268 0.073803 0.957690 0.086738 0.973211 0.075432 0.984282 0.065499 0.982124 0.059499 0.981148 0.057866 0.979916 0.056468 0.974640 0.052262 0.958755 0.063832
0 0.120870 0.299446 0.120967 0.300667 0.121418 0.304281 0.125745 0.306518 0.143984 0.312524 0.153995 0.282125 0.149994 0.279606 0.131544 0.273531 0.128057 0.277621 0.127287 0.278947 0.126609 0.280649 0.121557 0.295989 0.121077 0.297804
0 0.084438 0.334509 0.088763 0.353679 0.095093 0.357188 0.099747 0.358829 0.100633 0.358935 0.102097 0.358862 0.103917 0.358624 0.105817 0.358256 0.107510 0.357813 0.108742 0.357363 0.109324 0.356974 0.113774 0.353501 0.109547 0.334770 0.100413 0.330904
0 0.445917 0.300981 0.446535 0.303256 0.456999 0.333502 0.475146 0.327224 0.477183 0.322071 0.477033 0.321488 0.476664 0.320296 0.476133 0.318676 0.475520 0.316876 0.470240 0.301614 0.469642 0.299914 0.469152 0.298580 0.468843 0.297815 0.468764 0.297735 0.464275 0.294631
0 0.114609 0.462223 0.119536 0.481012 0.125703 0.483613 0.126552 0.483542 0.127979 0.483296 0.129766 0.482912 0.131644 0.482449 0.147159 0.478382 0.148848 0.477909 0.150098 0.477496 0.150718 0.477206 0.154843 0.473113 0.149973 0.454538 0.145926 0.454012
0 0.033729 0.866082 0.053070 0.867890 0.059343 0.862889 0.059958 0.862045 0.060547 0.860602 0.061020 0.858778 0.061306 0.856851 0.062799 0.840882 0.062856 0.839137 0.062676 0.837834 0.061158 0.831820 0.042039 0.830032 0.036744 0.833848
0 0.302459 0.359183 0.304528 0.378497 0.306763 0.379886 0.338585 0.376477 0.336540 0.357383 0.334650 0.355734 0.332035 0.353506 0.331448 0.353351 0.330215 0.353299 0.328525 0.353356 0.326637 0.353515 0.310579 0.355235 0.308785 0.355471 0.307367 0.355746 0.306541 0.356019
0 0.318328 0.510387 0.342860 0.531513 0.344656 0.531152 0.357187 0.516601 0.356158 0.512005 0.356070 0.511749 0.355439 0.511055 0.354364 0.510028 0.353007 0.508824 0.340853 0.498358 0.339415 0.497155 0.338112 0.496134 0.337139 0.495447 0.336645 0.495202 0.331003 0.495668
0 0.595871 0.700986 0.598281 0.720037 0.599417 0.722581 0.631536 0.718519 0.629099 0.699248 0.627623 0.696970 0.624734 0.695113 0.624206 0.694902 0.623031 0.694816 0.621390 0.694866 0.619532 0.695046 0.603619 0.697059 0.601819 0.697342 0.600345 0.697685 0.599420 0.698037
0 0.433074 0.810733 0.442807 0.823764 0.468870 0.804299 0.469298 0.800115 0.459699 0.787263 0.433994 0.806461
0 0.814184 0.379981 0.814187 0.381790 0.814355 0.383262 0.814661 0.384176 0.816520 0.388395 0.835705 0.389217 0.839587 0.387936 0.840974 0.355592 0.821567 0.354759 0.817892 0.356419 0.815732 0.359216 0.815334 0.360417 0.815033 0.362081 0.814871 0.363956
0 0.940534 0.604673 0.955273 0.616983 0.960537 0.618335 0.981289 0.593487 0.966380 0.581035 0.961049 0.580109 0.958171 0.581023 0.956990 0.581734 0.955649 0.582871 0.954349 0.584263 0.944068 0.596573 0.943004 0.598012 0.942333 0.599285
0 0.900184 0.914219 0.904811 0.919009 0.922721 0.926529 0.927205 0.921027 0.928036 0.919428 0.934288 0.904537 0.934891 0.902722 0.935173 0.900972 0.935254 0.896678 0.930279 0.892144 0.912574 0.884710
0 0.169594 0.754442 0.175122 0.773300 0.190837 0.768693 0.197905 0.762551 0.192503 0.744124 0.186745 0.742933 0.186093 0.742956 0.184829 0.743214 0.183144 0.743668 0.181294 0.744250 0.179557 0.744872 0.178195 0.745440 0.177418 0.745867 0.173667 0.748726
0 0.718850 0.096643 0.732942 0.109687 0.754682 0.086199 0.757627 0.081415 0.743371 0.068220 0.737339 0.070444 0.736893 0.070732 0.736003 0.071563 0.734806 0.072811 0.723836 0.084664 0.722517 0.086133 0.721284 0.087596 0.720324 0.088827 0.719784 0.089640 0.719743 0.089911
0 0.781396 0.723402 0.782337 0.742582 0.788942 0.748257 0.805299 0.747455 0.804336 0.727826 0.799145 0.723205 0.795706 0.720639 0.794949 0.720366 0.793577 0.720172 0.791799 0.720084 0.789883 0.720117 0.788120 0.720264 0.786774 0.720505 0.786050 0.720803
0 0.192666 0.630564 0.201922 0.643938 0.206021 0.641959 0.232401 0.623700 0.223271 0.610510 0.219413 0.612051
0 0.617607 0.602355 0.617641 0.602837 0.619124 0.606392 0.620501 0.607622 0.638839 0.614028 0.649516 0.583465 0.647807 0.582511 0.629679 0.576178 0.626134 0.578527 0.625847 0.578769 0.625362 0.579667 0.624753 0.581082 0.624113 0.582799 0.618824 0.597941 0.618248 0.599705 0.617821 0.601255
0 0.806317 0.202502 0.806392 0.203835 0.808315 0.209728 0.827425 0.211616 0.831210 0.208282 0.834393 0.176064 0.815063 0.174154 0.809532 0.178894 0.809088 0.179683 0.808640 0.181080 0.808256 0.182871 0.807995 0.184786 0.806418 0.200748
0 0.665725 0.281934 0.665985 0.283122 0.666526 0.284696 0.667267 0.286418 0.668095 0.288029 0.668886 0.289285 0.669520 0.289995 0.673369 0.292698 0.690743 0.284519 0.695206 0.279478 0.688231 0.264661 0.670450 0.273031 0.666554 0.278219 0.665788 0.281313
0 0.902769 0.615092 0.904088 0.631040 0.913542 0.634106 0.933127 0.632485 0.934743 0.627072 0.934941 0.625585 0.934903 0.623749 0.934632 0.621847 0.934171 0.620171 0.933592 0.618978 0.931777 0.616165 0.921906 0.613509
0 0.676423 0.365081 0.694212 0.372311 0.699709 0.369883 0.702031 0.368370 0.702442 0.367849 0.703071 0.366715 0.703824 0.365142 0.704584 0.363368 0.705236 0.361667 0.705678 0.360300 0.705844 0.359476 0.704922 0.354152 0.686716 0.346753 0.682448 0.350256
0 0.250521 0.195296 0.251212 0.198586 0.254056 0.202031 0.271805 0.209361 0.284021 0.179779 0.281523 0.176077 0.263569 0.168662 0.259412 0.172746 0.258632 0.173953 0.257861 0.175581 0.251696 0.190508 0.251054 0.192303 0.250641 0.193984
0 0.868498 0.970793 0.873635 0.977357 0.900147 0.996206 0.909572 0.982950 0.903940 0.976310 0.877793 0.957720
0 0.146279 0.295362 0.146402 0.327812 0.151252 0.330174 0.167254 0.330113 0.167133 0.298109 0.162504 0.295301
0 0.765612 0.759657 0.765651 0.761427 0.766594 0.777438 0.766772 0.779349 0.767063 0.781118 0.767423 0.782475 0.767797 0.783215 0.772970 0.787882 0.792361 0.786740 0.790457 0.754421 0.787137 0.751513 0.767968 0.752642 0.765954 0.757536 0.765719 0.758291
0 0.470295 0.432847 0.470634 0.433615 0.489077 0.459771 0.504771 0.448706 0.505739 0.443810 0.505534 0.443435 0.504936 0.442514 0.504034 0.441186 0.502967 0.439655 0.493660 0.426456 0.492594 0.424961 0.491695 0.423734 0.491100 0.422963 0.490900 0.422764 0.486170 0.421654
0 0.439906 0.383384 0.440731 0.384983 0.467255 0.402893 0.476210 0.389630 0.475879 0.388095 0.448986 0.369937
0 0.880464 0.321246 0.880486 0.327417 0.898084 0.335099 0.902687 0.333193 0.915640 0.303522 0.897838 0.295751 0.891129 0.298506 0.890466 0.299108 0.889613 0.300289 0.888698 0.301869 0.887859 0.303609 0.881442 0.318308 0.880805 0.319948
0 0.385778 0.249049 0.387349 0.252500 0.416195 0.266542 0.423216 0.252119 0.422146 0.248663 0.392897 0.234425
0 0.876943 0.820181 0.881302 0.823883 0.913537 0.826883 0.915337 0.807541 0.910062 0.802070 0.909156 0.801638 0.907659 0.801205 0.905801 0.800835 0.903861 0.800586 0.887891 0.799100 0.886159 0.799008 0.884891 0.799086 0.878723 0.801061
0 0.035640 0.942658 0.042421 0.945905 0.044131 0.946320 0.060071 0.948913 0.062016 0.949093 0.063894 0.949008 0.065418 0.948673 0.067595 0.947855 0.072537 0.942736 0.075620 0.923783 0.044031 0.918644 0.038759 0.923485
0 0.680714 0.921346 0.685697 0.939891 0.687844 0.944977 0.692596 0.945607 0.694258 0.945533 0.696100 0.945169 0.711697 0.940979 0.713431 0.940382 0.714787 0.939644 0.719110 0.936576 0.714070 0.917817 0.711623 0.913041
0 0.419735 0.024299 0.420658 0.029768 0.420915 0.030721 0.421436 0.032195 0.422143 0.033964 0.422928 0.035761 0.423672 0.037316 0.424264 0.038392 0.424613 0.038827 0.429519 0.042690 0.446989 0.034720 0.445749 0.023834 0.438951 0.008935 0.421072 0.017092 0.419782 0.024002
