0 0.466748 0.291040 0.467128 0.293428 0.479948 0.307724 0.503775 0.286356 0.503819 0.283886 0.490850 0.269425 0.485930 0.270295 0.485133 0.270738 0.483953 0.271615 0.482568 0.272793 0.470545 0.283576 0.469172 0.284870 0.468027 0.286080 0.467282 0.287019 0.467052 0.287546
0 0.917686 0.829885 0.930512 0.859293 0.936513 0.864302 0.951422 0.857799 0.938417 0.827982 0.932389 0.823472
0 0.121406 0.061002 0.122300 0.067848 0.122471 0.068228 0.123079 0.069198 0.124031 0.070612 0.133187 0.083916 0.134334 0.085553 0.135498 0.087157 0.136501 0.088483 0.137189 0.089328 0.137459 0.089567 0.143878 0.092384 0.159697 0.081497 0.141552 0.055133 0.137408 0.049989
0 0.006259 0.762528 0.015121 0.776300 0.026206 0.769983 0.042354 0.759592 0.041212 0.754717 0.040709 0.753214 0.039832 0.751599 0.038715 0.750116 0.037526 0.748988 0.033695 0.746135 0.022786 0.751894
0 0.320705 0.095684 0.321617 0.111883 0.324064 0.117207 0.356018 0.115406 0.355118 0.099429 0.353103 0.093859
0 0.236805 0.902305 0.251297 0.931256 0.268667 0.922561 0.271311 0.917731 0.271751 0.914846 0.271538 0.913450 0.271009 0.911745 0.270245 0.909991 0.263066 0.895649 0.262179 0.894105 0.261302 0.893002 0.256985 0.889111 0.239813 0.897707
0 0.929305 0.727795 0.934268 0.730429 0.953264 0.734489 0.956084 0.729886 0.956754 0.728522 0.957262 0.726769 0.960638 0.710976 0.960904 0.709108 0.960887 0.707415 0.960031 0.702830 0.954773 0.700511 0.935995 0.696497
0 0.455423 0.029998 0.455932 0.035370 0.467853 0.050425 0.473488 0.048746 0.474732 0.048113 0.476182 0.047089 0.488757 0.037132 0.490198 0.035867 0.491415 0.034551 0.492225 0.033382 0.492503 0.032538 0.492944 0.030557 0.492862 0.025129 0.480804 0.009900
0 0.416464 0.195641 0.417610 0.199816 0.426359 0.213214 0.453156 0.195715 0.452505 0.191484 0.443633 0.177899
0 0.390459 0.327615 0.391965 0.329985 0.422735 0.339067 0.427276 0.323682 0.426262 0.321224 0.395063 0.312015
0 0.029630 0.313772 0.045951 0.324304 0.051141 0.326312 0.068494 0.299421 0.052360 0.289009 0.047184 0.286569 0.043287 0.289321 0.042092 0.290483 0.040967 0.291986 0.032210 0.305556 0.031328 0.307164 0.030828 0.308628
0 0.370843 0.752905 0.370916 0.785280 0.390340 0.785236 0.394383 0.780370 0.394522 0.779634 0.394637 0.778277 0.394712 0.776509 0.394736 0.774595 0.394700 0.758556 0.394668 0.756782 0.394586 0.755411 0.394466 0.754651 0.391522 0.749972 0.372319 0.750015
0 0.139270 0.968925 0.141978 0.972996 0.142946 0.974349 0.144315 0.975648 0.145873 0.976694 0.147381 0.977326 0.152049 0.979166 0.164339 0.963832 0.172012 0.953228 0.159526 0.943221 0.147516 0.958205
0 0.017296 0.802979 0.020289 0.822402 0.027071 0.824032 0.028283 0.824036 0.030012 0.823837 0.031990 0.823465 0.033915 0.822978 0.035491 0.822450 0.036479 0.821963 0.041807 0.818262 0.047071 0.812595 0.044147 0.793616 0.028331 0.796053
0 0.939565 0.055880 0.944605 0.060616 0.946123 0.061579 0.960363 0.068959 0.962119 0.069694 0.963850 0.070092 0.967979 0.070608 0.973390 0.065643 0.982329 0.048397 0.953586 0.033499 0.948401 0.038831
0 0.111517 0.481416 0.122422 0.511899 0.126738 0.511763 0.144819 0.505294 0.145257 0.500795 0.145301 0.499811 0.145040 0.498341 0.144512 0.496607 0.139110 0.481506 0.138395 0.479767 0.137599 0.478280 0.136842 0.477272 0.134038 0.475160 0.129806 0.474873
0 0.902165 0.801033 0.916804 0.829580 0.922615 0.834175 0.937088 0.826754 0.922245 0.797808 0.916439 0.793713
0 0.504766 0.846024 0.504877 0.854120 0.524273 0.857280 0.528168 0.852649 0.528371 0.852002 0.528648 0.850700 0.528957 0.848942 0.529251 0.846998 0.529484 0.845167 0.529621 0.843729 0.529642 0.842904 0.529301 0.838962 0.526292 0.833319 0.507339 0.830230
0 0.514039 0.244914 0.532651 0.249637 0.536987 0.245898 0.537203 0.245170 0.537559 0.243847 0.538002 0.242129 0.541948 0.226583 0.542412 0.224726 0.542828 0.223006 0.543133 0.221683 0.543280 0.220960 0.540992 0.215362 0.522164 0.210584 0.514201 0.241964
0 0.298466 0.483375 0.317303 0.488118 0.319391 0.488254 0.322456 0.485900 0.322779 0.485563 0.323232 0.484566 0.323745 0.483064 0.324241 0.481283 0.328158 0.465729 0.328562 0.463934 0.328816 0.462392 0.328880 0.461336 0.328744 0.460929 0.327207 0.457218 0.308585 0.452529 0.306372 0.451980
0 0.576438 0.835914 0.578518 0.851781 0.580355 0.860011 0.599840 0.857456 0.602355 0.851800 0.602333 0.851147 0.602204 0.849837 0.601988 0.848071 0.601717 0.846118 0.601433 0.844281 0.601180 0.842840 0.600997 0.842013 0.599836 0.838082 0.595478 0.833418
0 0.856817 0.846828 0.861323 0.852825 0.862161 0.853366 0.863594 0.853976 0.865406 0.854561 0.867317 0.855032 0.883129 0.858319 0.884843 0.858602 0.886092 0.858652 0.892639 0.857427 0.896593 0.838408 0.892060 0.834540 0.860725 0.828027
0 0.707558 0.152899 0.726759 0.153174 0.731528 0.148012 0.731839 0.147178 0.732114 0.145734 0.732311 0.143897 0.732399 0.141949 0.732631 0.125801 0.732596 0.124046 0.732444 0.122757 0.732199 0.122132 0.729846 0.116793 0.710423 0.116514 0.708018 0.120897
0 0.771005 0.567497 0.787043 0.578057 0.793759 0.579884 0.797333 0.578396 0.798254 0.577599 0.799354 0.576330 0.800466 0.574784 0.801417 0.573197 0.802062 0.571815 0.802303 0.570848 0.802765 0.566206 0.786352 0.555398 0.779806 0.554132
0 0.751018 0.451985 0.768024 0.460903 0.771123 0.460451 0.774089 0.459415 0.774622 0.459036 0.775417 0.458061 0.776353 0.456638 0.777287 0.454984 0.784787 0.440681 0.785573 0.439055 0.786088 0.437710 0.786254 0.436852 0.786158 0.431779 0.768955 0.422758 0.765881 0.423641
0 0.647457 0.389825 0.662107 0.396360 0.664367 0.394915 0.677618 0.365206 0.662764 0.358581 0.660526 0.360525
0 0.533082 0.317414 0.546078 0.346660 0.560702 0.340162 0.561546 0.337939 0.548369 0.308286 0.533542 0.314874
0 0.584880 0.289227 0.587275 0.294231 0.606217 0.297385 0.608702 0.292645 0.611392 0.276491 0.592007 0.273262 0.587524 0.277224 0.586518 0.279785 0.586344 0.280438 0.586076 0.281713 0.585755 0.283416 0.585430 0.285289 0.585150 0.287049 0.584957 0.288432
0 0.524047 0.590222 0.524325 0.591266 0.535697 0.607013 0.561943 0.588059 0.561235 0.587052 0.549993 0.571485 0.545668 0.571008 0.545310 0.571129 0.544413 0.571661 0.543114 0.572521 0.541610 0.573581 0.528608 0.582971 0.527122 0.584071 0.525875 0.585049 0.525057 0.585756 0.524792 0.586084
0 0.790491 0.825580 0.793850 0.829345 0.810789 0.838851 0.815021 0.835355 0.816026 0.834236 0.817017 0.832707 0.824921 0.818623 0.825742 0.816923 0.826267 0.815316 0.826414 0.814049 0.826633 0.810618 0.822900 0.807068 0.806154 0.797670
0 0.279047 0.899806 0.283832 0.915310 0.314838 0.905740 0.317378 0.900175 0.312659 0.884885 0.282078 0.894322
0 0.010023 0.875468 0.027398 0.884154 0.034612 0.880596 0.035390 0.879766 0.036375 0.878408 0.037419 0.876729 0.038363 0.874984 0.045535 0.860638 0.046240 0.859084 0.046600 0.857955 0.047110 0.851136 0.029934 0.842549 0.024499 0.846510
0 0.214481 0.457440 0.220156 0.489314 0.223355 0.489436 0.242260 0.486070 0.243855 0.481883 0.243958 0.480875 0.243875 0.479353 0.243619 0.477545 0.240808 0.461754 0.240417 0.459931 0.239950 0.458363 0.239476 0.457287 0.239068 0.456869 0.236650 0.454561 0.233605 0.454035
0 0.451266 0.706955 0.483337 0.711382 0.485993 0.692140 0.486153 0.689943 0.483352 0.687207 0.483011 0.686910 0.481995 0.686559 0.480462 0.686206 0.478643 0.685906 0.462755 0.683713 0.460920 0.683509 0.459343 0.683432 0.458262 0.683494 0.457843 0.683686 0.454449 0.685567 0.453922 0.687713
0 0.813478 0.137964 0.820971 0.155644 0.827020 0.155869 0.827617 0.155845 0.828810 0.155492 0.830420 0.154864 0.845187 0.148606 0.846973 0.147795 0.848671 0.146923 0.850023 0.146120 0.850823 0.145510 0.854490 0.139030 0.846911 0.121145 0.817102 0.133778
0 0.380340 0.345415 0.383074 0.350606 0.384418 0.352323 0.384920 0.352630 0.386042 0.353115 0.387613 0.353704 0.389395 0.354307 0.391120 0.354834 0.392525 0.355205 0.393400 0.355363 0.398307 0.353858 0.404197 0.335581 0.401956 0.331734 0.386369 0.326710
0 0.245158 0.729683 0.254796 0.746548 0.260700 0.746646 0.261343 0.746402 0.262528 0.745807 0.264075 0.744952 0.278097 0.736939 0.279765 0.735957 0.281293 0.735001 0.282448 0.734217 0.283054 0.733726 0.285386 0.727850 0.275858 0.711178 0.248071 0.727058
0 0.555215 0.545718 0.555983 0.546353 0.572124 0.548003 0.575424 0.515722 0.574390 0.515506 0.558470 0.513879
0 0.865139 0.380783 0.868773 0.396407 0.900022 0.389139 0.905599 0.387593 0.901914 0.371751 0.870230 0.379120
