0 0.355135 0.941996 0.355212 0.943513 0.355461 0.945376 0.355846 0.947298 0.359530 0.963022 0.359989 0.964705 0.360452 0.965886 0.364400 0.971189 0.383313 0.966759 0.384646 0.961424 0.377347 0.930262 0.358650 0.934642 0.355242 0.941055
0 0.393928 0.081835 0.395140 0.086615 0.409221 0.115356 0.426465 0.106907 0.427698 0.100252 0.427440 0.099394 0.426897 0.098002 0.426151 0.096290 0.425316 0.094518 0.418211 0.080015 0.417417 0.078461 0.416788 0.077367 0.416420 0.076899 0.411372 0.073289
0 0.181980 0.384916 0.194717 0.395031 0.198915 0.396474 0.218867 0.371350 0.206305 0.361374 0.202210 0.359442
0 0.395792 0.247897 0.396983 0.250778 0.407829 0.266625 0.434240 0.248548 0.433479 0.245641 0.422508 0.229611 0.417954 0.230012 0.416996 0.230302 0.415637 0.230987 0.414085 0.231964 0.400758 0.241085 0.399254 0.242200 0.398034 0.243281 0.397283 0.244160
0 0.620160 0.365231 0.625594 0.396850 0.641404 0.394132 0.643375 0.392657 0.637865 0.360597 0.621835 0.363352
0 0.526568 0.203411 0.532406 0.218352 0.562288 0.206676 0.563157 0.202587 0.557237 0.187437 0.526938 0.199277
0 0.159631 0.459737 0.164311 0.460291 0.180269 0.461924 0.183534 0.430008 0.179122 0.429032 0.162942 0.427377
0 0.923382 0.102206 0.945274 0.125659 0.951482 0.120440 0.963371 0.109342 0.941175 0.085562 0.929285 0.096660
0 0.620596 0.932731 0.622315 0.951856 0.623730 0.957081 0.655974 0.954182 0.654235 0.934835 0.652472 0.929865 0.649273 0.928684 0.648066 0.928300 0.646401 0.928120 0.644529 0.928173 0.628554 0.929609 0.626753 0.929887 0.625291 0.930347
0 0.449286 0.061728 0.450446 0.071747 0.463606 0.080851 0.474530 0.065058 0.473934 0.054883 0.473376 0.052773 0.473034 0.051964 0.472131 0.050851 0.470802 0.049606 0.469252 0.048419 0.467718 0.047472 0.466436 0.046912 0.460466 0.045566
0 0.886139 0.273482 0.894080 0.290966 0.900497 0.291670 0.901000 0.291471 0.902123 0.290980 0.903694 0.290273 0.918298 0.283640 0.920084 0.282822 0.921820 0.282014 0.923243 0.281338 0.924136 0.280897 0.924362 0.280760 0.928113 0.275160 0.920080 0.257474 0.890604 0.270863
0 0.601768 0.078876 0.628091 0.097080 0.639014 0.081286 0.640621 0.076444 0.638992 0.073463 0.638285 0.072388 0.637096 0.071174 0.635607 0.070006 0.622324 0.060820 0.620767 0.059881 0.619385 0.059318 0.613993 0.058030 0.602945 0.074007
0 0.671483 0.300771 0.686132 0.307212 0.688721 0.304531 0.701782 0.274826 0.686929 0.268295 0.684365 0.271474
0 0.070959 0.141359 0.080767 0.149558 0.096086 0.161136 0.105735 0.148370 0.096511 0.140144 0.080834 0.128294 0.076640 0.131199 0.075361 0.132187 0.074116 0.133585 0.073099 0.135179 0.072465 0.136723
0 0.720802 0.754412 0.730000 0.785147 0.733207 0.789123 0.748789 0.784460 0.739463 0.753296 0.736170 0.749813
0 0.831640 0.255068 0.841103 0.271777 0.868952 0.256006 0.873218 0.253185 0.863646 0.236283 0.857221 0.236242 0.856709 0.236463 0.855609 0.237039 0.854089 0.237884 0.840036 0.245842 0.838333 0.246822 0.836714 0.247786 0.835424 0.248585 0.834662 0.249098 0.834540 0.249248
0 0.850080 0.836836 0.850171 0.838213 0.850862 0.841117 0.854919 0.845061 0.873525 0.850640 0.882824 0.819630 0.878449 0.815976 0.860055 0.810461 0.856648 0.814933 0.855934 0.816193 0.855312 0.817875 0.850705 0.833238 0.850268 0.835089
0 0.850125 0.140174 0.866198 0.150681 0.870432 0.146642 0.888146 0.119543 0.871887 0.108915 0.865406 0.111781 0.865125 0.111986 0.864443 0.112804 0.863465 0.114111 0.862340 0.115705 0.861238 0.117347 0.852462 0.130772 0.851546 0.132217 0.850954 0.133251 0.850774 0.133716
0 0.415980 0.900791 0.416009 0.902660 0.416096 0.904617 0.417042 0.920740 0.417173 0.922479 0.417327 0.923730 0.417481 0.924302 0.420758 0.929591 0.440150 0.928452 0.440834 0.923555 0.438959 0.891606 0.419789 0.892731 0.416102 0.898402 0.416013 0.899296
0 0.064539 0.221667 0.074494 0.228029 0.091031 0.237790 0.094968 0.234678 0.096064 0.233531 0.097105 0.232015 0.097936 0.230359 0.098430 0.228812 0.099165 0.224009 0.089787 0.217552 0.072863 0.207563
0 0.799276 0.362459 0.804829 0.380841 0.820147 0.376214 0.827637 0.373318 0.821955 0.354506 0.816031 0.352892 0.815373 0.353032 0.814091 0.353381 0.812379 0.353884 0.810501 0.354465 0.808745 0.355035 0.807380 0.355506 0.806613 0.355806 0.803089 0.357464
0 0.631881 0.148852 0.635802 0.150953 0.636693 0.151414 0.638148 0.151782 0.639949 0.151999 0.655950 0.153101 0.657829 0.153137 0.659505 0.152986 0.660726 0.152670 0.663810 0.151052 0.665704 0.147017 0.667038 0.127638 0.634740 0.125413 0.633200 0.129695
0 0.389005 0.782110 0.391131 0.785544 0.391943 0.786343 0.393260 0.787274 0.394882 0.788196 0.409255 0.795561 0.410928 0.796329 0.412392 0.796823 0.413423 0.796968 0.417817 0.796875 0.426676 0.779588 0.427514 0.776392 0.399031 0.761796 0.390274 0.778885
0 0.001725 0.805447 0.019001 0.814328 0.026279 0.811222 0.027071 0.810485 0.028077 0.809210 0.029142 0.807591 0.030107 0.805873 0.037440 0.791608 0.038161 0.790046 0.038531 0.788873 0.039131 0.782271 0.022052 0.773492 0.016526 0.776654
0 0.525820 0.827326 0.526424 0.834984 0.538948 0.845536 0.551611 0.830507 0.551049 0.823841 0.550463 0.820118 0.550115 0.819459 0.549261 0.818430 0.548030 0.817187 0.546609 0.815917 0.545213 0.814813 0.544052 0.814041 0.543301 0.813719 0.538193 0.812640
0 0.602562 0.910607 0.604961 0.920213 0.613282 0.938017 0.628119 0.931082 0.625190 0.921228 0.617059 0.903831 0.611814 0.904031 0.610316 0.904390 0.608619 0.905064 0.606979 0.905950 0.605643 0.906915 0.604814 0.907812
0 0.820127 0.151226 0.834707 0.157822 0.839362 0.153063 0.852737 0.123498 0.837954 0.116811 0.833319 0.122067
0 0.457624 0.790874 0.490145 0.791631 0.490281 0.787621 0.490654 0.771584 0.458581 0.770837 0.458003 0.774613
0 0.358904 0.750749 0.360670 0.754466 0.361393 0.755324 0.362605 0.756373 0.364123 0.757452 0.377656 0.766265 0.379242 0.767207 0.380648 0.767863 0.381660 0.768135 0.386033 0.768415 0.396633 0.752138 0.397815 0.749256 0.370995 0.731791 0.360516 0.747883
0 0.173530 0.968858 0.188193 0.975895 0.192481 0.969352 0.206361 0.940428 0.191899 0.933487 0.187604 0.939531
0 0.205420 0.574248 0.237404 0.579261 0.240406 0.578355 0.243379 0.559384 0.239235 0.555717 0.238494 0.555493 0.237147 0.555210 0.235396 0.554911 0.219551 0.552427 0.217658 0.552156 0.215904 0.551953 0.214553 0.551849 0.213814 0.551860 0.208428 0.555057
0 0.902827 0.606468 0.904693 0.622361 0.910322 0.624063 0.942550 0.620279 0.940658 0.604165 0.934614 0.602736
0 0.501200 0.166433 0.504816 0.185292 0.536248 0.179266 0.536668 0.175557 0.533010 0.156480 0.528692 0.155316 0.527694 0.155127 0.526171 0.155164 0.524357 0.155423 0.508496 0.158464 0.506673 0.158903 0.505126 0.159454 0.504091 0.160033 0.501214 0.162576
0 0.152438 0.464481 0.153020 0.480848 0.160952 0.481285 0.180142 0.480603 0.182014 0.476817 0.182332 0.475799 0.182513 0.474257 0.182531 0.472424 0.182382 0.470576 0.182090 0.468992 0.181698 0.467913 0.179574 0.464611 0.172078 0.463783
0 0.019812 0.323147 0.020071 0.355521 0.025556 0.357172 0.044759 0.357019 0.046630 0.351898 0.046956 0.350447 0.047060 0.348645 0.046932 0.332606 0.046798 0.330721 0.046448 0.329032 0.045933 0.327795 0.044503 0.325015 0.039237 0.322992
0 0.734278 0.521773 0.734303 0.523344 0.734464 0.524411 0.736474 0.528179 0.739208 0.528505 0.758543 0.530371 0.761653 0.498146 0.742318 0.496280 0.739548 0.496323 0.736864 0.499543 0.736499 0.500583 0.736173 0.502137 0.735934 0.503969 0.734394 0.519934
0 0.696046 0.679261 0.696212 0.680032 0.696640 0.681350 0.697266 0.683015 0.703165 0.697929 0.703895 0.699694 0.704622 0.701296 0.705235 0.702493 0.705641 0.703102 0.711220 0.706021 0.729283 0.698877 0.717375 0.668772 0.714891 0.666842 0.697034 0.673905
0 0.960066 0.037295 0.960121 0.039150 0.960469 0.041051 0.964551 0.056562 0.965141 0.058227 0.968814 0.064448 0.987384 0.059561 0.993020 0.054468 0.984780 0.023160 0.965995 0.028103 0.960669 0.033497
0 0.894556 0.324609 0.899263 0.343226 0.905338 0.344966 0.905898 0.344883 0.907109 0.344616 0.908788 0.344205 0.910681 0.343713 0.912502 0.343214 0.913976 0.342782 0.914879 0.342485 0.919704 0.340653 0.919904 0.340531 0.924481 0.335544 0.919664 0.316492 0.903787 0.320505
0 0.010096 0.917249 0.013276 0.923015 0.014450 0.924447 0.025786 0.935950 0.027212 0.937156 0.032820 0.940309 0.038160 0.935276 0.051837 0.921797 0.029373 0.899001 0.023931 0.903615
