0 0.684412 0.300720 0.698337 0.304831 0.709487 0.304521 0.710988 0.297366 0.713586 0.281478 0.714701 0.272640 0.700777 0.268228 0.689619 0.268880
0 0.463936 0.522856 0.474813 0.539224 0.479587 0.540075 0.479869 0.539923 0.480731 0.539381 0.482040 0.538531 0.483597 0.537503 0.485164 0.536455 0.486498 0.535548 0.487396 0.534921 0.487723 0.534669 0.487864 0.534270 0.488717 0.529471 0.478089 0.513477 0.477576 0.513792
0 0.303081 0.812690 0.319303 0.812978 0.321782 0.808685 0.322350 0.776686 0.306351 0.776401 0.303658 0.780245
0 0.515065 0.445588 0.519464 0.460974 0.537927 0.455696 0.538814 0.454659 0.541020 0.450841 0.540973 0.450418 0.540727 0.449341 0.540321 0.447774 0.539816 0.445956 0.539290 0.444168 0.538824 0.442683 0.538489 0.441728 0.538335 0.441449 0.534313 0.438914 0.515418 0.444315
0 0.739306 0.358658 0.758414 0.360561 0.764459 0.357299 0.766687 0.355231 0.767081 0.354667 0.767489 0.353446 0.767849 0.351753 0.768107 0.349847 0.768221 0.348021 0.768175 0.346555 0.767976 0.345674 0.766083 0.341003 0.746527 0.339055 0.740892 0.342734
0 0.509647 0.082117 0.509661 0.083034 0.509726 0.084541 0.509833 0.086408 0.509965 0.088352 0.511135 0.104349 0.511272 0.106082 0.511395 0.107347 0.511484 0.107950 0.515085 0.112985 0.534236 0.111584 0.534632 0.107093 0.532270 0.074804 0.512897 0.076222 0.509687 0.081932
0 0.342942 0.383797 0.344473 0.400102 0.348029 0.402385 0.367147 0.400590 0.369625 0.396265 0.369673 0.395341 0.369624 0.393865 0.369486 0.392059 0.369280 0.390197 0.369036 0.388560 0.368792 0.387394 0.368585 0.386880 0.367056 0.385564 0.362508 0.381959
0 0.400604 0.585582 0.400748 0.586696 0.401056 0.588285 0.401481 0.590107 0.405409 0.605772 0.405885 0.607542 0.406337 0.608985 0.406697 0.609879 0.406910 0.610091 0.410495 0.613031 0.429337 0.608306 0.430144 0.607068 0.422360 0.576025 0.403734 0.580695 0.402621 0.581628 0.400646 0.585113
0 0.946587 0.197466 0.950048 0.216354 0.956694 0.217941 0.957890 0.217870 0.959581 0.217612 0.961513 0.217206 0.963394 0.216713 0.964940 0.216208 0.965916 0.215768 0.971334 0.212462 0.976685 0.206767 0.973143 0.187437 0.957035 0.190388
0 0.515721 0.002105 0.515902 0.003067 0.516458 0.004495 0.517303 0.006169 0.518310 0.007837 0.527119 0.021240 0.528138 0.022654 0.529017 0.023604 0.534294 0.027153 0.550341 0.016606 0.550923 0.011017 0.543265 0.000673 0.540604 0.000000 0.516908 0.000000
0 0.439897 0.612781 0.442399 0.616305 0.442676 0.616560 0.443621 0.616979 0.445090 0.617498 0.446858 0.618038 0.462387 0.622473 0.464179 0.622950 0.465716 0.623289 0.466762 0.623439 0.467159 0.623377 0.471027 0.621671 0.476361 0.602993 0.476631 0.601816 0.445857 0.593028 0.445231 0.594103
0 0.523570 0.797595 0.523842 0.801036 0.543252 0.801804 0.546624 0.797013 0.546718 0.796297 0.546815 0.794950 0.546901 0.793175 0.547539 0.777037 0.547600 0.775112 0.547626 0.773337 0.547615 0.771983 0.547566 0.771257 0.544023 0.766375 0.524835 0.765615
0 0.820404 0.101943 0.830427 0.118322 0.836726 0.117678 0.837241 0.117560 0.838321 0.117030 0.839804 0.116169 0.841464 0.115107 0.843051 0.114005 0.844326 0.113028 0.845094 0.112325 0.849107 0.107817 0.849257 0.107487 0.852127 0.100845 0.841869 0.084082 0.827900 0.092630
0 0.947515 0.104547 0.959178 0.119802 0.971890 0.110083 0.982930 0.100961 0.970994 0.085349 0.963892 0.086663 0.963575 0.086839 0.962663 0.087491 0.961296 0.088520 0.959684 0.089769 0.958073 0.091045 0.956712 0.092152 0.955807 0.092922 0.950567 0.097602 0.950265 0.097910
0 0.851789 0.762908 0.854650 0.781896 0.858750 0.785156 0.890763 0.780332 0.887869 0.761124 0.881947 0.756721 0.881081 0.756437 0.879623 0.756307 0.877796 0.756348 0.875877 0.756555 0.860017 0.758945 0.858290 0.759287 0.857012 0.759714
0 0.384206 0.974553 0.415181 0.984490 0.420150 0.969003 0.421248 0.962554 0.390699 0.952754 0.385798 0.968028
0 0.056568 0.118702 0.056667 0.119926 0.057061 0.121609 0.061503 0.137136 0.062128 0.139014 0.062888 0.140794 0.063666 0.142204 0.064343 0.143029 0.070983 0.147211 0.089445 0.141929 0.080641 0.111159 0.075793 0.106663 0.057117 0.112006
0 0.383059 0.373332 0.384395 0.374780 0.416378 0.375954 0.417083 0.356764 0.416124 0.355108 0.413515 0.352405 0.413033 0.352196 0.411887 0.351992 0.410251 0.351823 0.408374 0.351716 0.392235 0.351124 0.390411 0.351095 0.388924 0.351149 0.388001 0.351278 0.383771 0.353920
0 0.564734 0.907600 0.565636 0.913283 0.592974 0.930914 0.601789 0.917245 0.600390 0.911508 0.573428 0.894120
0 0.677016 0.415382 0.688100 0.445405 0.690275 0.444774 0.708498 0.438046 0.709542 0.433766 0.709414 0.432708 0.709027 0.431183 0.708439 0.429425 0.702846 0.414275 0.702150 0.412559 0.701455 0.411151 0.700866 0.410268 0.697285 0.407676 0.679062 0.414403
0 0.106603 0.484966 0.110617 0.489446 0.111172 0.489778 0.112364 0.490286 0.114014 0.490891 0.129271 0.496188 0.131120 0.496797 0.132879 0.497314 0.134281 0.497661 0.135111 0.497784 0.141335 0.495634 0.147632 0.477493 0.117397 0.466998 0.112974 0.466616
0 0.059885 0.276608 0.060548 0.281251 0.065571 0.283752 0.084129 0.288683 0.092348 0.257752 0.087635 0.254951 0.068862 0.249962 0.065786 0.254400 0.065057 0.255734 0.064466 0.257462 0.060318 0.273070 0.059958 0.274922
0 0.593704 0.620353 0.593744 0.620522 0.594104 0.621323 0.594728 0.622631 0.595523 0.624248 0.602660 0.638611 0.603507 0.640297 0.604279 0.641801 0.604861 0.642896 0.605163 0.643413 0.610292 0.645611 0.627687 0.636967 0.613281 0.607975 0.611986 0.606740 0.594790 0.615285
0 0.282071 0.743915 0.297043 0.750549 0.301683 0.744822 0.309462 0.727265 0.306729 0.723697 0.305990 0.723024 0.304707 0.722225 0.303074 0.721421 0.301339 0.720733 0.299762 0.720265 0.298583 0.720087 0.294832 0.720783 0.290032 0.725948
0 0.040225 0.816986 0.059346 0.820406 0.065812 0.815998 0.066449 0.815221 0.067117 0.813841 0.067714 0.812070 0.068152 0.810176 0.070975 0.794387 0.071188 0.792651 0.071143 0.791331 0.070018 0.785239 0.051115 0.781859 0.045925 0.785117
0 0.549233 0.854004 0.549803 0.858097 0.562388 0.872893 0.587049 0.851918 0.586054 0.847895 0.573612 0.833268 0.568997 0.834460 0.568124 0.834764 0.566884 0.835526 0.565464 0.836631 0.553247 0.847023 0.551858 0.848307 0.550706 0.849579 0.549967 0.850647 0.549753 0.851348
0 0.813420 0.599582 0.813456 0.600690 0.814246 0.604670 0.817879 0.605880 0.836405 0.611724 0.846143 0.580849 0.827618 0.575005 0.823873 0.574148 0.820971 0.576864 0.820299 0.577774 0.819590 0.579205 0.818953 0.580941 0.814128 0.596237 0.813656 0.598019
0 0.087937 0.960792 0.102405 0.973754 0.109115 0.971263 0.109377 0.971010 0.110132 0.970193 0.111267 0.968936 0.122043 0.956907 0.123380 0.955407 0.124710 0.953896 0.125830 0.952607 0.126568 0.951736 0.126816 0.951413 0.128306 0.944501 0.114003 0.931688 0.092647 0.955525
0 0.603982 0.541358 0.605429 0.541933 0.621438 0.544565 0.626704 0.512546 0.610694 0.509913 0.609175 0.509777
0 0.456257 0.209400 0.456757 0.212722 0.484327 0.228977 0.494080 0.212435 0.494011 0.209110 0.493010 0.206201 0.492684 0.205626 0.491772 0.204763 0.490412 0.203744 0.488812 0.202724 0.474900 0.194521 0.473310 0.193660 0.471977 0.193093 0.471106 0.192904 0.466123 0.192667
0 0.234694 0.133794 0.238342 0.138829 0.252690 0.146002 0.267036 0.117305 0.263788 0.111970 0.249239 0.104697
0 0.662354 0.170515 0.672646 0.186727 0.678264 0.186305 0.678946 0.186096 0.680131 0.185493 0.681638 0.184588 0.695179 0.175992 0.696785 0.174920 0.698251 0.173840 0.699355 0.172915 0.699928 0.172287 0.701974 0.165753 0.691563 0.149354 0.664231 0.166706
0 0.317248 0.675062 0.330286 0.704695 0.348066 0.696872 0.349803 0.694621 0.350773 0.691416 0.350822 0.690828 0.350568 0.689659 0.350051 0.688089 0.349348 0.686354 0.342889 0.671674 0.342106 0.670033 0.341359 0.668729 0.340761 0.667961 0.336913 0.665327 0.319337 0.673061
0 0.540001 0.458349 0.554179 0.487042 0.554933 0.486861 0.569479 0.479674 0.555103 0.450582 0.540557 0.457770
0 0.429975 0.162605 0.430936 0.167233 0.462753 0.170693 0.464482 0.154784 0.463988 0.149983 0.431729 0.146476
0 0.819740 0.709680 0.820641 0.715530 0.820922 0.716115 0.821637 0.717190 0.822679 0.718590 0.832486 0.731282 0.833699 0.732800 0.834904 0.734210 0.835917 0.735298 0.836585 0.735900 0.843232 0.737722 0.858603 0.725845 0.838808 0.700227 0.834935 0.697939
0 0.277155 0.771144 0.287803 0.787390 0.314880 0.769643 0.316996 0.766561 0.306470 0.750501 0.300746 0.750715 0.300095 0.751008 0.298939 0.751677 0.297451 0.752620 0.284037 0.761412 0.282440 0.762490 0.280970 0.763543 0.279851 0.764410 0.279254 0.764961
0 0.085840 0.612765 0.105436 0.614245 0.114456 0.611633 0.116426 0.608812 0.116933 0.607650 0.117336 0.606013 0.117575 0.604149 0.117613 0.602339 0.117446 0.600857 0.115661 0.595676 0.096512 0.594230 0.087073 0.596435
0 0.664318 0.303599 0.667636 0.306947 0.668459 0.307429 0.669843 0.307971 0.671579 0.308491 0.673405 0.308911 0.675045 0.309167 0.676251 0.309220 0.676839 0.309062 0.679791 0.307682 0.683997 0.303183 0.689011 0.284181 0.673177 0.280003 0.669218 0.285032
