0 0.821604 0.198053 0.830030 0.211658 0.846355 0.201548 0.854458 0.194566 0.853744 0.189770 0.853175 0.188183 0.852282 0.186505 0.851201 0.184994 0.850098 0.183883 0.845836 0.180642 0.829129 0.190989
0 0.164003 0.812443 0.182762 0.838828 0.198594 0.827573 0.202039 0.823828 0.201430 0.820362 0.201158 0.819154 0.200476 0.817643 0.199487 0.816060 0.190193 0.802988 0.189045 0.801566 0.187908 0.800517 0.183494 0.797744 0.167843 0.808871
0 0.309267 0.778790 0.318975 0.795878 0.333214 0.787788 0.337027 0.781209 0.327542 0.764513 0.321978 0.764482 0.321268 0.764702 0.320044 0.765276 0.318490 0.766117 0.316841 0.767096 0.315346 0.768067 0.314231 0.768883 0.313666 0.769419 0.311499 0.772552
0 0.484601 0.186273 0.487104 0.192063 0.505599 0.197227 0.514205 0.166401 0.514369 0.162544 0.495660 0.157321 0.491415 0.161378 0.491123 0.162009 0.490694 0.163269 0.490193 0.164966 0.485850 0.180521 0.485356 0.182391 0.484945 0.184141 0.484680 0.185504
0 0.443484 0.526231 0.456706 0.555783 0.474437 0.547850 0.474729 0.547303 0.476391 0.543240 0.476272 0.542848 0.475872 0.541847 0.475253 0.540390 0.474507 0.538699 0.467957 0.524059 0.467196 0.522384 0.466534 0.520974 0.466069 0.520043 0.465874 0.519734 0.461658 0.518089 0.444130 0.525931
0 0.859608 0.946908 0.864621 0.953139 0.876924 0.963777 0.898201 0.939171 0.892726 0.933132 0.880592 0.922640
0 0.562444 0.185456 0.586427 0.206647 0.599142 0.192257 0.600288 0.188699 0.599420 0.185135 0.598745 0.184087 0.597642 0.182810 0.596278 0.181499 0.584176 0.170805 0.582764 0.169664 0.581526 0.168872 0.580649 0.168549 0.576027 0.167262 0.563166 0.181819
0 0.424770 0.865182 0.449258 0.886359 0.461964 0.871666 0.462399 0.867417 0.461985 0.864837 0.461757 0.864116 0.461010 0.863027 0.459858 0.861735 0.458476 0.860436 0.446344 0.849944 0.444937 0.848831 0.443714 0.848069 0.442860 0.847774 0.438190 0.846483 0.425630 0.861008
0 0.754285 0.354588 0.766445 0.384277 0.781289 0.378197 0.785211 0.376498 0.772881 0.346396 0.757830 0.352561
0 0.776068 0.349094 0.778978 0.368075 0.794795 0.365651 0.801692 0.362508 0.798715 0.343083 0.793259 0.340912 0.792542 0.340893 0.791193 0.341013 0.789417 0.341255 0.787486 0.341581 0.785698 0.341942 0.784326 0.342282 0.783579 0.342549 0.780319 0.344359
0 0.586923 0.440605 0.598066 0.452144 0.599433 0.451477 0.622833 0.428880 0.611535 0.417180 0.610001 0.418319
0 0.498190 0.903909 0.498346 0.906281 0.498619 0.907062 0.499404 0.908214 0.500580 0.909561 0.501969 0.910897 0.514067 0.921596 0.515452 0.922713 0.516616 0.923437 0.522441 0.925356 0.535310 0.910806 0.534906 0.906110 0.510932 0.884908 0.498211 0.899292
0 0.146167 0.967099 0.151969 0.982414 0.170346 0.975451 0.177882 0.964582 0.178383 0.962078 0.178372 0.960585 0.178059 0.958782 0.177490 0.956940 0.176753 0.955337 0.175959 0.954216 0.172213 0.949618 0.154256 0.956421
0 0.931370 0.110960 0.940642 0.124002 0.956292 0.112876 0.966968 0.103819 0.965505 0.099310 0.964937 0.097710 0.963974 0.096074 0.962764 0.094653 0.957479 0.090472 0.941462 0.101858
0 0.551933 0.055846 0.572183 0.080630 0.587053 0.068480 0.588060 0.063491 0.588166 0.061343 0.588049 0.060478 0.587484 0.059173 0.586556 0.057625 0.585405 0.056073 0.575187 0.043567 0.573994 0.042252 0.572945 0.041379 0.567576 0.038420 0.552534 0.050711
0 0.496912 0.962330 0.513133 0.973015 0.518508 0.969453 0.519386 0.968493 0.520411 0.967068 0.529295 0.953581 0.530307 0.951914 0.531148 0.950264 0.531690 0.948884 0.531850 0.947985 0.530589 0.940881 0.514552 0.930318 0.496947 0.957045
0 0.899202 0.606309 0.921271 0.629595 0.927144 0.631402 0.938949 0.620213 0.916572 0.596603 0.910845 0.595275
0 0.343734 0.826825 0.374736 0.836150 0.376168 0.832308 0.381699 0.813919 0.378730 0.811005 0.377866 0.810357 0.376461 0.809676 0.374730 0.809064 0.359371 0.804445 0.357570 0.803994 0.355968 0.803770 0.354806 0.803809 0.351051 0.804700 0.349329 0.808223
0 0.759101 0.540030 0.759253 0.541848 0.761169 0.557772 0.761457 0.559616 0.761839 0.561212 0.762256 0.562318 0.762646 0.562765 0.764903 0.565178 0.767966 0.565931 0.787252 0.563612 0.783386 0.531469 0.780147 0.531109 0.761082 0.533402 0.759273 0.537514 0.759108 0.538509
0 0.635898 0.744937 0.643033 0.762765 0.644687 0.765803 0.648651 0.766470 0.649792 0.766379 0.651364 0.765995 0.653125 0.765376 0.668119 0.759375 0.669795 0.758618 0.671126 0.757841 0.671907 0.757163 0.674744 0.753775 0.667527 0.735740 0.665612 0.733046
0 0.383826 0.863510 0.391940 0.881159 0.397950 0.881070 0.399301 0.880699 0.400959 0.880025 0.415633 0.873279 0.417339 0.872407 0.418828 0.871472 0.419871 0.870618 0.420311 0.869975 0.421355 0.867636 0.422254 0.863434 0.414233 0.845987 0.385154 0.859355
0 0.583802 0.715474 0.584771 0.717965 0.613753 0.732392 0.622409 0.715003 0.620348 0.709271 0.619861 0.708832 0.618793 0.708133 0.617306 0.707283 0.615627 0.706408 0.601269 0.699260 0.599646 0.698492 0.598322 0.697943 0.597496 0.697699 0.592359 0.698283
0 0.508430 0.554163 0.508627 0.555430 0.528167 0.557523 0.531790 0.554319 0.531873 0.554021 0.532022 0.553027 0.532215 0.551487 0.532424 0.549635 0.532615 0.547757 0.532759 0.546142 0.532835 0.545035 0.532831 0.544605 0.532453 0.544093 0.529227 0.540296 0.510134 0.538251
0 0.501466 0.716153 0.501486 0.719166 0.533389 0.725523 0.536567 0.709571 0.536064 0.706690 0.504600 0.700421
0 0.228162 0.429878 0.232421 0.434210 0.235498 0.434967 0.236209 0.435109 0.237535 0.435344 0.239273 0.435635 0.241160 0.435938 0.242912 0.436208 0.244263 0.436403 0.245010 0.436495 0.250184 0.433970 0.253170 0.415001 0.247395 0.413012 0.231218 0.410466
0 0.175919 0.242129 0.179623 0.245077 0.198786 0.246314 0.201494 0.241084 0.201817 0.239719 0.202014 0.237950 0.203047 0.221944 0.203088 0.220033 0.202968 0.218265 0.202703 0.216907 0.202334 0.216167 0.200849 0.214376 0.197390 0.211074 0.178005 0.209822
0 0.495503 0.111362 0.496641 0.118119 0.512752 0.128567 0.530165 0.101714 0.530514 0.097109 0.514216 0.086540 0.509326 0.089523 0.508765 0.089943 0.507917 0.090954 0.506910 0.092402 0.498123 0.105952 0.497115 0.107611 0.496263 0.109223 0.495697 0.110540
0 0.850140 0.108495 0.861165 0.138624 0.876229 0.133111 0.881474 0.127996 0.870296 0.097448 0.855022 0.103037
0 0.387737 0.636446 0.414744 0.654299 0.425456 0.638094 0.426308 0.636516 0.425085 0.632672 0.424878 0.632295 0.424090 0.631572 0.422844 0.630613 0.421328 0.629563 0.407949 0.620718 0.406388 0.619734 0.405015 0.618962 0.404036 0.618518 0.403603 0.618472 0.399609 0.618867 0.398448 0.620241
0 0.264645 0.805837 0.280718 0.833940 0.297579 0.824296 0.299893 0.820589 0.300195 0.817202 0.299900 0.815942 0.299274 0.814351 0.298412 0.812670 0.290449 0.798748 0.289480 0.797227 0.288547 0.796092 0.287792 0.795516 0.284004 0.792808 0.267335 0.802341
0 0.517609 0.686496 0.517813 0.688652 0.535010 0.697685 0.539556 0.695222 0.540088 0.694512 0.540849 0.693266 0.541722 0.691676 0.549232 0.677378 0.550081 0.675690 0.550773 0.674169 0.551204 0.673045 0.551307 0.672492 0.549492 0.667091 0.532491 0.658162
0 0.105464 0.221509 0.110889 0.225338 0.142961 0.226135 0.143360 0.210099 0.138388 0.206057 0.105868 0.205249
0 0.484166 0.017388 0.484383 0.024024 0.486985 0.039852 0.518643 0.034649 0.518903 0.028161 0.516265 0.012112
0 0.626001 0.680777 0.633792 0.698328 0.636922 0.702968 0.651890 0.696324 0.643917 0.678362 0.640627 0.674284 0.637106 0.673466 0.636590 0.673386 0.635483 0.673617 0.633955 0.674121 0.632237 0.674822 0.630588 0.675615 0.629257 0.676380 0.628446 0.677001
0 0.033830 0.296071 0.038896 0.300928 0.039142 0.301132 0.040112 0.301453 0.041656 0.301841 0.043539 0.302237 0.045476 0.302582 0.061310 0.305137 0.063014 0.305379 0.064231 0.305483 0.064776 0.305432 0.070754 0.303500 0.073813 0.284542 0.068885 0.282051 0.036924 0.276894
0 0.242180 0.219781 0.245800 0.225572 0.246488 0.226036 0.247774 0.226633 0.249461 0.227272 0.251295 0.227856 0.266699 0.232324 0.268407 0.232767 0.269735 0.233003 0.270482 0.232996 0.275864 0.231899 0.281214 0.213456 0.278684 0.210143 0.247591 0.201125
0 0.336140 0.267681 0.338013 0.270337 0.364804 0.287846 0.375309 0.271771 0.373769 0.265836 0.373294 0.265325 0.372273 0.264488 0.370862 0.263451 0.369276 0.262375 0.355757 0.253539 0.354244 0.252590 0.353039 0.251917 0.352326 0.251621 0.346767 0.251421
0 0.602845 0.654002 0.603003 0.686006 0.604194 0.688157 0.623618 0.688061 0.626477 0.683620 0.626614 0.682776 0.626701 0.681342 0.626725 0.679536 0.626646 0.663386 0.626603 0.661489 0.626501 0.659798 0.626354 0.658571 0.626185 0.657994 0.622048 0.653908
0 0.593101 0.472931 0.618693 0.492149 0.620065 0.492058 0.631729 0.476525 0.630452 0.471992 0.630330 0.471734 0.629637 0.471072 0.628478 0.470107 0.627029 0.468986 0.614115 0.459288 0.612602 0.458186 0.611263 0.457275 0.610300 0.456693 0.609860 0.456530 0.605841 0.457085 0.604631 0.457575
0 0.838789 0.500679 0.846130 0.518423 0.852401 0.520459 0.853207 0.520345 0.854573 0.519967 0.856291 0.519381 0.858098 0.518677 0.873021 0.512503 0.874636 0.511791 0.875806 0.511182 0.876353 0.510768 0.880047 0.506259 0.872621 0.488310 0.868362 0.488443
