0 0.153982 0.135905 0.157937 0.140067 0.182904 0.160091 0.194918 0.145111 0.192912 0.138636 0.192793 0.138389 0.192100 0.137681 0.190936 0.136618 0.189479 0.135362 0.187950 0.134106 0.175352 0.124002 0.173991 0.122941 0.173011 0.122241 0.172559 0.122009 0.166135 0.120752
0 0.134416 0.501470 0.148162 0.515515 0.154955 0.515620 0.158921 0.515440 0.159633 0.515163 0.160759 0.514416 0.162128 0.513313 0.163532 0.512022 0.164761 0.510736 0.165627 0.509652 0.166001 0.508931 0.167641 0.503968 0.154210 0.490243 0.146120 0.490015
0 0.482851 0.707795 0.499509 0.717787 0.504295 0.715503 0.504840 0.714845 0.505651 0.713658 0.506607 0.712124 0.514914 0.698275 0.515863 0.696633 0.516659 0.695139 0.517179 0.694021 0.517346 0.693450 0.515977 0.687851 0.499509 0.677974 0.483047 0.705420
0 0.103565 0.554025 0.104638 0.573420 0.136963 0.571632 0.141112 0.570813 0.140052 0.551639 0.134695 0.548655 0.134060 0.548659 0.132774 0.548709 0.131031 0.548798 0.115017 0.549684 0.113077 0.549798 0.111228 0.549922 0.109750 0.550035 0.108868 0.550122 0.108719 0.550168
0 0.863057 0.131781 0.863244 0.133548 0.863690 0.135405 0.868397 0.150737 0.869034 0.152407 0.869768 0.153641 0.873154 0.158186 0.891511 0.152550 0.896038 0.148533 0.886536 0.117584 0.867966 0.123285 0.863761 0.127591 0.863155 0.130371
0 0.288161 0.163641 0.288457 0.166971 0.290875 0.170777 0.307630 0.180160 0.323266 0.152235 0.321223 0.148214 0.304275 0.138723 0.299663 0.142299 0.298745 0.143402 0.297786 0.144926 0.289896 0.159017 0.289046 0.160724 0.288437 0.162348
0 0.334427 0.346428 0.336320 0.348183 0.368035 0.352480 0.370613 0.333451 0.367139 0.328673 0.366598 0.328397 0.365409 0.328063 0.363751 0.327723 0.361878 0.327429 0.345874 0.325261 0.344078 0.325058 0.342638 0.324978 0.341776 0.325034 0.337035 0.327179
0 0.239191 0.060208 0.239331 0.061738 0.239622 0.062680 0.244012 0.068838 0.263012 0.071618 0.267645 0.039950 0.264958 0.034631 0.245738 0.031819 0.242517 0.037471 0.242097 0.038679 0.241760 0.040392 0.239422 0.056372 0.239223 0.058323
0 0.527924 0.038835 0.532124 0.054276 0.550654 0.049236 0.553400 0.042641 0.554021 0.037322 0.553996 0.036344 0.553778 0.034794 0.553402 0.032907 0.552924 0.030973 0.552417 0.029288 0.551961 0.028112 0.551623 0.027624 0.547540 0.022888 0.528577 0.028046
0 0.393185 0.654427 0.395440 0.658374 0.396272 0.659000 0.397614 0.659792 0.399263 0.660627 0.413862 0.667533 0.415560 0.668282 0.417043 0.668827 0.418083 0.669086 0.418523 0.669020 0.422450 0.668273 0.430757 0.650714 0.431549 0.648991 0.402618 0.635304 0.401492 0.636869
0 0.304998 0.352627 0.319492 0.365898 0.323619 0.368964 0.327776 0.368050 0.328674 0.367427 0.329856 0.366374 0.331144 0.365051 0.332344 0.363657 0.333274 0.362403 0.333793 0.361478 0.334425 0.357162 0.320263 0.344194 0.316058 0.340549
0 0.645027 0.514564 0.645221 0.515529 0.645645 0.516986 0.646235 0.518712 0.651707 0.533789 0.652375 0.535529 0.653022 0.537024 0.653550 0.538048 0.653878 0.538444 0.657287 0.540072 0.659105 0.540536 0.677365 0.533909 0.666320 0.503476 0.664419 0.503437 0.646368 0.509988 0.645093 0.514238
0 0.690625 0.294870 0.694801 0.297621 0.695626 0.297920 0.697037 0.298180 0.698823 0.298361 0.714822 0.299484 0.716716 0.299561 0.718436 0.299520 0.719723 0.299370 0.720380 0.299130 0.725124 0.294764 0.726483 0.275387 0.694188 0.273121 0.691969 0.275715
0 0.846469 0.506191 0.860448 0.534981 0.864616 0.535385 0.882089 0.526900 0.881877 0.521136 0.881477 0.519738 0.880768 0.518075 0.873714 0.503547 0.872806 0.501879 0.871840 0.500465 0.870966 0.499522 0.867948 0.497777 0.863743 0.497803
0 0.641064 0.913352 0.642695 0.918131 0.652041 0.935159 0.680422 0.919583 0.678359 0.914787 0.669120 0.897953 0.663985 0.898499 0.662494 0.898954 0.660838 0.899735 0.646777 0.907452 0.645201 0.908445 0.643939 0.909502 0.643184 0.910462
0 0.700637 0.398990 0.712570 0.414034 0.715028 0.413040 0.740392 0.392920 0.728320 0.377702 0.722360 0.377726 0.721780 0.378115 0.720714 0.378900 0.719327 0.379961 0.717827 0.381137 0.705261 0.391104 0.703872 0.392220 0.702800 0.393111 0.702207 0.393641
0 0.073231 0.251642 0.079989 0.266436 0.085764 0.269648 0.114946 0.256318 0.108281 0.241727 0.102820 0.238126
0 0.749949 0.682445 0.758819 0.713195 0.761812 0.715660 0.780476 0.710277 0.781527 0.704945 0.781552 0.704166 0.781328 0.702810 0.780888 0.701082 0.776412 0.685564 0.775825 0.683735 0.775183 0.682088 0.774584 0.680877 0.774120 0.680285 0.768399 0.677122
0 0.726286 0.791121 0.726343 0.792897 0.726521 0.794267 0.726794 0.795022 0.729431 0.798453 0.734010 0.803714 0.753612 0.805120 0.754783 0.788786 0.748959 0.782184 0.729805 0.780810 0.727159 0.785380 0.726830 0.786103 0.726550 0.787447 0.726359 0.789209
0 0.312019 0.945746 0.343928 0.951219 0.345712 0.946061 0.348958 0.927135 0.344481 0.924401 0.343058 0.923821 0.341284 0.923399 0.325476 0.920687 0.323615 0.920486 0.321943 0.920535 0.320714 0.920828 0.317414 0.921724 0.315303 0.926600
0 0.639561 0.264113 0.642338 0.283113 0.674006 0.278485 0.676018 0.275924 0.673209 0.256704 0.668393 0.254913 0.667543 0.254790 0.666114 0.254833 0.664323 0.255037 0.648343 0.257372 0.646470 0.257704 0.644806 0.258113 0.643607 0.258535 0.643054 0.258907 0.641175 0.261385
0 0.530804 0.080704 0.542440 0.095979 0.548325 0.094558 0.549531 0.093914 0.550982 0.092904 0.563741 0.083185 0.565223 0.081960 0.566514 0.080701 0.567420 0.079599 0.567801 0.078821 0.568684 0.071688 0.556913 0.056237 0.531160 0.075855
0 0.487023 0.406110 0.487171 0.407183 0.504348 0.415770 0.508871 0.413936 0.509023 0.413721 0.509480 0.412883 0.510171 0.411551 0.510992 0.409927 0.518164 0.395581 0.518992 0.393906 0.519705 0.392430 0.520194 0.391374 0.520385 0.390902 0.518874 0.385838 0.501499 0.377152
0 0.919458 0.659084 0.926903 0.690211 0.932840 0.692856 0.948619 0.689082 0.941071 0.657522 0.935021 0.655362
0 0.891430 0.425077 0.902811 0.440544 0.909746 0.441049 0.910584 0.440753 0.911890 0.440064 0.913464 0.439088 0.915067 0.437973 0.928074 0.428401 0.929455 0.427321 0.930398 0.426445 0.930760 0.425906 0.933545 0.420668 0.922032 0.405023 0.917208 0.406108
0 0.728974 0.406575 0.737008 0.424016 0.742725 0.425339 0.743380 0.425086 0.744606 0.424563 0.746216 0.423849 0.747965 0.423054 0.762634 0.416297 0.764248 0.415544 0.765477 0.414950 0.766131 0.414607 0.769153 0.409593 0.761027 0.391950 0.758043 0.393185
0 0.544887 0.663236 0.545937 0.667055 0.554912 0.684538 0.559479 0.685134 0.560491 0.684859 0.561951 0.684273 0.563637 0.683466 0.565288 0.682561 0.566652 0.681697 0.567519 0.681007 0.567760 0.680595 0.569481 0.677060 0.567893 0.673012 0.559124 0.655928
0 0.531171 0.392321 0.550369 0.392721 0.554145 0.388957 0.554224 0.388443 0.554307 0.387268 0.554380 0.385613 0.554433 0.383729 0.554769 0.367582 0.554793 0.365764 0.554785 0.364295 0.554745 0.363399 0.554681 0.363212 0.551625 0.359113 0.532205 0.358708 0.531837 0.360323
0 0.151962 0.438154 0.152141 0.439616 0.152568 0.441380 0.157088 0.456885 0.157697 0.458676 0.158393 0.460214 0.159069 0.461265 0.161862 0.463593 0.165727 0.464009 0.184163 0.458635 0.175206 0.427909 0.171451 0.427075 0.152802 0.432512 0.152059 0.437217
0 0.355682 0.618972 0.355846 0.651501 0.372110 0.651419 0.373869 0.649337 0.373708 0.617255 0.357666 0.617336
0 0.587362 0.272364 0.605211 0.279447 0.610182 0.276449 0.610463 0.275812 0.610974 0.274585 0.611637 0.272955 0.612350 0.271172 0.618307 0.256161 0.618960 0.254502 0.619450 0.253227 0.619703 0.252529 0.618369 0.246806 0.600314 0.239640 0.588372 0.269732
0 0.329696 0.662451 0.337407 0.680527 0.352470 0.674102 0.355843 0.670122 0.348308 0.652459 0.343003 0.651397 0.342218 0.651637 0.340899 0.652137 0.339247 0.652820 0.337511 0.653582 0.335952 0.654310 0.334808 0.654893 0.334252 0.655241 0.332324 0.657047
0 0.005436 0.725350 0.031720 0.744379 0.038143 0.741027 0.047527 0.728065 0.021603 0.709297 0.014950 0.712207
0 0.708957 0.447465 0.708983 0.449319 0.709689 0.465342 0.709825 0.467173 0.710050 0.468710 0.710330 0.469719 0.712958 0.473265 0.732143 0.472421 0.734827 0.472102 0.733403 0.439759 0.713997 0.440613 0.711551 0.441292 0.709492 0.444320 0.709232 0.444761 0.709044 0.445865
0 0.280807 0.187073 0.283584 0.193316 0.284203 0.193872 0.285395 0.194646 0.286977 0.195519 0.288709 0.196360 0.303313 0.202991 0.304939 0.203675 0.306216 0.204100 0.306951 0.204202 0.312454 0.203882 0.320393 0.186397 0.318316 0.182771 0.288838 0.169386
0 0.420455 0.030244 0.421364 0.035614 0.447777 0.053688 0.458621 0.037841 0.458143 0.032497 0.457658 0.030544 0.457299 0.029716 0.456385 0.028596 0.455056 0.027355 0.453513 0.026183 0.440185 0.017063 0.438671 0.016143 0.437422 0.015619 0.431425 0.014214
0 0.549864 0.486059 0.562129 0.500835 0.562847 0.500845 0.587758 0.480168 0.575352 0.465221 0.570258 0.464845 0.569883 0.465126 0.569001 0.465832 0.567748 0.466854 0.566314 0.468039 0.553972 0.478283 0.552569 0.479454 0.551406 0.480436 0.550659 0.481082 0.550443 0.481292
0 0.647750 0.075354 0.652124 0.078184 0.653543 0.078796 0.655310 0.079257 0.671054 0.082318 0.672907 0.082561 0.674570 0.082547 0.675791 0.082280 0.679166 0.081462 0.681238 0.076623 0.684945 0.057555 0.653165 0.051377 0.651415 0.056505
0 0.580183 0.394211 0.605474 0.413825 0.606693 0.412829 0.618598 0.397479 0.617468 0.393393 0.617333 0.393027 0.616635 0.392264 0.615481 0.391220 0.614046 0.390055 0.601284 0.380158 0.599793 0.379053 0.598477 0.378182 0.597539 0.377676 0.597120 0.377612 0.593015 0.377639 0.581111 0.392988
0 0.104133 0.907692 0.109697 0.910345 0.110978 0.910853 0.112736 0.911194 0.114700 0.911316 0.116568 0.911200 0.118055 0.910865 0.120385 0.909713 0.129063 0.900346 0.131433 0.881291 0.115553 0.879316 0.106558 0.888190
