0 0.652597 0.877949 0.652635 0.878119 0.654410 0.882516 0.654782 0.883361 0.655429 0.884747 0.656254 0.886462 0.657130 0.888245 0.657922 0.889822 0.658508 0.890949 0.658800 0.891456 0.664256 0.894941 0.681858 0.886202 0.677700 0.877373 0.670585 0.863040 0.653385 0.871579
0 0.892038 0.183226 0.896796 0.186763 0.897997 0.187439 0.899659 0.188043 0.901530 0.188484 0.903328 0.188695 0.904781 0.188644 0.907383 0.187765 0.916913 0.180461 0.922489 0.161616 0.906785 0.156970 0.897485 0.164812
0 0.023394 0.803090 0.038663 0.815462 0.049209 0.808250 0.059283 0.795817 0.044363 0.783728 0.037061 0.785707 0.031677 0.789030 0.030817 0.789705 0.029616 0.790859 0.028258 0.792314 0.026952 0.793850 0.025897 0.795229 0.025257 0.796239
0 0.438189 0.034924 0.438895 0.040240 0.443324 0.058925 0.448421 0.059722 0.449979 0.059690 0.451784 0.059381 0.467390 0.055682 0.469174 0.055141 0.470671 0.054448 0.471656 0.053710 0.474466 0.051543 0.474171 0.046358 0.469691 0.027457
0 0.329636 0.788410 0.358207 0.803795 0.365900 0.789510 0.367739 0.785539 0.339560 0.770365 0.337329 0.774125
0 0.139235 0.050449 0.147482 0.060726 0.159694 0.075545 0.164307 0.073838 0.165762 0.073163 0.167271 0.072103 0.168605 0.070820 0.169564 0.069506 0.172044 0.065369 0.164371 0.055201 0.151874 0.040034
0 0.828061 0.456277 0.828439 0.472313 0.860513 0.471557 0.865539 0.471161 0.865156 0.454900 0.832635 0.455667
0 0.878563 0.518051 0.886549 0.535514 0.891019 0.535925 0.920460 0.522460 0.912381 0.504795 0.905661 0.502996 0.904793 0.503145 0.903392 0.503575 0.901671 0.504222 0.899891 0.504987 0.885305 0.511657 0.883731 0.512427 0.882596 0.513086 0.882073 0.513535
0 0.677069 0.794995 0.679538 0.799107 0.711986 0.801407 0.713136 0.785183 0.710205 0.781262 0.678203 0.778994
0 0.361354 0.537819 0.381719 0.563082 0.383341 0.562217 0.395800 0.552174 0.375714 0.527257 0.373986 0.527636
0 0.383533 0.883097 0.387975 0.902007 0.393652 0.902949 0.395102 0.902891 0.396880 0.902574 0.412602 0.898880 0.414429 0.898351 0.416022 0.897694 0.417136 0.897009 0.419492 0.894603 0.420412 0.890093 0.416021 0.871399 0.384865 0.878718
0 0.898896 0.624882 0.904443 0.626619 0.935508 0.635996 0.940197 0.620464 0.909132 0.611086 0.903520 0.609563
0 0.564655 0.146889 0.579606 0.175186 0.596585 0.166215 0.598660 0.159853 0.598619 0.159078 0.598239 0.157768 0.597579 0.156122 0.596738 0.154392 0.589193 0.140113 0.588304 0.138569 0.587504 0.137451 0.586916 0.136931 0.582577 0.133732 0.565402 0.142806
0 0.443081 0.551455 0.443098 0.551884 0.443301 0.552970 0.443657 0.554549 0.444114 0.556379 0.444601 0.558179 0.445042 0.559672 0.445371 0.560631 0.445538 0.560910 0.449411 0.563561 0.468432 0.558618 0.469153 0.557278 0.465128 0.541790 0.446543 0.546620 0.445292 0.547711
0 0.043002 0.380569 0.047595 0.385433 0.048102 0.385594 0.049288 0.385944 0.050971 0.386428 0.052894 0.386973 0.054761 0.387495 0.056285 0.387914 0.057235 0.388165 0.062325 0.389451 0.062549 0.389496 0.068837 0.387691 0.074108 0.369226 0.064144 0.366167 0.048397 0.361672
0 0.413806 0.408867 0.417826 0.424743 0.419705 0.426463 0.438320 0.421750 0.440490 0.417340 0.440479 0.417093 0.440289 0.416173 0.439950 0.414722 0.439514 0.412960 0.439046 0.411151 0.438617 0.409570 0.438292 0.408456 0.438120 0.407979 0.437400 0.406909 0.432857 0.404043
0 0.359386 0.218100 0.360993 0.221322 0.389578 0.235717 0.398214 0.218566 0.396293 0.212446 0.395827 0.211901 0.394773 0.211106 0.393291 0.210182 0.391606 0.209272 0.377182 0.202008 0.375559 0.201253 0.374250 0.200771 0.373455 0.200634 0.368122 0.200751
0 0.581389 0.755760 0.583016 0.761781 0.583448 0.762305 0.584459 0.763108 0.585897 0.764066 0.587542 0.765034 0.601670 0.772857 0.603265 0.773683 0.604562 0.774239 0.605361 0.774439 0.610652 0.774399 0.620062 0.757406 0.618690 0.754464 0.590691 0.738960
0 0.882978 0.844765 0.883799 0.851161 0.883947 0.851640 0.884522 0.852680 0.885438 0.854123 0.894287 0.867500 0.895407 0.869132 0.896564 0.870711 0.897583 0.871997 0.898311 0.872794 0.898634 0.872980 0.905269 0.875752 0.921469 0.865034 0.903607 0.838033 0.898993 0.834169
0 0.410453 0.261476 0.411476 0.264203 0.423200 0.279411 0.427783 0.278954 0.428690 0.278563 0.429980 0.277775 0.431457 0.276708 0.444159 0.266916 0.445603 0.265731 0.446800 0.264602 0.447569 0.263701 0.447791 0.263164 0.448548 0.259871 0.447953 0.257094 0.436093 0.241710
0 0.960116 0.081394 0.978945 0.085166 0.985684 0.080298 0.991332 0.075417 0.992062 0.074484 0.992829 0.072960 0.993515 0.071078 0.994015 0.069124 0.994252 0.067400 0.994189 0.066171 0.993367 0.059404 0.974098 0.055543 0.963260 0.065703
0 0.505618 0.528964 0.505749 0.529642 0.523204 0.538670 0.527638 0.537143 0.527846 0.536862 0.528366 0.535961 0.529117 0.534576 0.529987 0.532919 0.530841 0.531245 0.531547 0.529810 0.531998 0.528835 0.532126 0.528466 0.530728 0.524124 0.530026 0.523573 0.512969 0.514751
0 0.748260 0.102836 0.763364 0.114694 0.769427 0.112282 0.769771 0.111894 0.770534 0.110955 0.771601 0.109608 0.772809 0.108057 0.773978 0.106536 0.774929 0.105274 0.775519 0.104464 0.778723 0.099864 0.778866 0.099622 0.779639 0.092799 0.764182 0.080663 0.754069 0.093544
0 0.429674 0.467300 0.431282 0.468047 0.449844 0.472966 0.453686 0.470576 0.453841 0.470260 0.454160 0.469283 0.454594 0.467797 0.455078 0.466026 0.455538 0.464236 0.455905 0.462699 0.456124 0.461647 0.456160 0.461241 0.453943 0.457498 0.452866 0.456504 0.433869 0.451470
0 0.585394 0.275923 0.588272 0.279203 0.589177 0.279737 0.590612 0.280332 0.592358 0.280897 0.607774 0.285322 0.609573 0.285774 0.611157 0.286045 0.612286 0.286095 0.616157 0.284751 0.617500 0.282263 0.622858 0.263592 0.591740 0.254661 0.590691 0.257465
0 0.896509 0.825616 0.898076 0.832002 0.898323 0.832414 0.899060 0.833336 0.900175 0.834628 0.910797 0.846646 0.912125 0.848116 0.913467 0.849547 0.914621 0.850721 0.915412 0.851459 0.915717 0.851648 0.922535 0.853638 0.937089 0.840774 0.915648 0.816517 0.910897 0.812899
0 0.504482 0.691390 0.504534 0.693603 0.534099 0.706795 0.542014 0.689055 0.541534 0.686895 0.540227 0.683534 0.539838 0.683143 0.538840 0.682513 0.537386 0.681740 0.535694 0.680943 0.521047 0.674407 0.519370 0.673702 0.517958 0.673195 0.517023 0.672963 0.512307 0.673854
0 0.926543 0.464377 0.945738 0.464917 0.956166 0.464097 0.958234 0.459618 0.958627 0.457998 0.958802 0.456112 0.958733 0.454249 0.958429 0.452696 0.956627 0.447726 0.936983 0.447173 0.926993 0.448381
0 0.462283 0.862185 0.464346 0.878432 0.483842 0.875955 0.486893 0.870228 0.486958 0.870103 0.487108 0.865848 0.487078 0.865002 0.486961 0.863558 0.486774 0.861739 0.486546 0.859817 0.486310 0.858084 0.486103 0.856801 0.485956 0.856163 0.482195 0.851486 0.463145 0.853906
0 0.593119 0.440449 0.594842 0.444651 0.595039 0.444899 0.595850 0.445461 0.597149 0.446249 0.598740 0.447145 0.600383 0.448013 0.601830 0.448722 0.602861 0.449166 0.603320 0.449275 0.607167 0.448112 0.609674 0.446898 0.619085 0.429645 0.604708 0.421803 0.602314 0.423591
0 0.492537 0.603385 0.505243 0.613718 0.517642 0.598472 0.517196 0.593160 0.516998 0.592089 0.516691 0.591736 0.515862 0.590975 0.514639 0.589922 0.513207 0.588737 0.511781 0.587598 0.510578 0.586677 0.509779 0.586115 0.509507 0.585997 0.504824 0.586124 0.492708 0.601022
0 0.057322 0.254018 0.060407 0.269947 0.066436 0.273103 0.097857 0.267018 0.094814 0.251307 0.089180 0.247849
0 0.650214 0.086249 0.679555 0.099030 0.681631 0.094394 0.689389 0.076585 0.685872 0.072992 0.684571 0.072044 0.682919 0.071191 0.668113 0.064741 0.666369 0.064116 0.664805 0.063815 0.659708 0.063656 0.651950 0.081465
0 0.711057 0.719770 0.715995 0.724912 0.729006 0.734857 0.740941 0.719244 0.739077 0.713302 0.739054 0.713243 0.736305 0.710792 0.735702 0.710291 0.734610 0.709422 0.733194 0.708318 0.731670 0.707145 0.730268 0.706081 0.729198 0.705286 0.728624 0.704880 0.722719 0.704514
0 0.535520 0.830938 0.535930 0.834765 0.538306 0.854044 0.542119 0.855433 0.543208 0.855704 0.544800 0.855778 0.546652 0.855645 0.562680 0.853670 0.564504 0.853350 0.566014 0.852893 0.566980 0.852370 0.570438 0.850084 0.568062 0.830805 0.567284 0.827024
0 0.117103 0.896828 0.119146 0.929138 0.138532 0.927913 0.143820 0.922025 0.144266 0.921102 0.144597 0.919590 0.144764 0.917719 0.144740 0.915772 0.143728 0.899765 0.143519 0.898031 0.143154 0.896769 0.140644 0.891081 0.121480 0.892292
0 0.786002 0.403248 0.789725 0.407115 0.790402 0.407517 0.791682 0.408031 0.793371 0.408581 0.808744 0.413156 0.810590 0.413658 0.812319 0.414040 0.813670 0.414242 0.814436 0.414234 0.820338 0.411364 0.825879 0.392747 0.794850 0.383512 0.791479 0.384843
