0 0.028660 0.659872 0.031879 0.665490 0.038317 0.676726 0.043595 0.674706 0.099133 0.642883 0.089586 0.626222 0.082865 0.625423 0.082634 0.625405 0.081763 0.625754 0.080383 0.626417 0.078705 0.627293 0.076985 0.628248 0.048960 0.644306 0.034947 0.652336 0.033461 0.653217 0.032449 0.653883 0.032063 0.654231
0 0.103571 0.952549 0.120012 0.955848 0.137386 0.935007 0.141164 0.916179 0.136159 0.913102 0.134899 0.912487 0.133190 0.912017 0.131288 0.911762 0.129481 0.911762 0.128042 0.912016 0.125475 0.913030 0.107531 0.932819 0.104891 0.945972
0 0.918504 0.267388 0.918507 0.269287 0.920461 0.301305 0.921439 0.317314 0.921661 0.319105 0.922071 0.320529 0.924557 0.325499 0.943724 0.324328 0.948854 0.322297 0.944909 0.257668 0.925520 0.258852 0.920656 0.261608 0.919125 0.264349 0.918721 0.265655
0 0.345015 0.045515 0.345435 0.046411 0.346222 0.047761 0.347256 0.049360 0.348381 0.050967 0.367269 0.076894 0.376713 0.089857 0.377766 0.091239 0.378595 0.092197 0.379075 0.092586 0.384617 0.095142 0.394964 0.087604 0.400137 0.083835 0.398983 0.079023 0.360856 0.026689 0.345156 0.038127
0 0.899735 0.904091 0.906850 0.918470 0.912523 0.924305 0.970843 0.895447 0.963628 0.880867 0.959358 0.877359 0.957253 0.875630
0 0.038446 0.196239 0.038565 0.197512 0.038994 0.199203 0.048572 0.230050 0.053361 0.245473 0.054029 0.247311 0.054829 0.249000 0.055638 0.250282 0.056334 0.250962 0.063257 0.254374 0.081596 0.248680 0.062614 0.187550 0.057557 0.183937 0.051373 0.185857 0.039006 0.189698
0 0.606441 0.103365 0.609000 0.106252 0.609856 0.107057 0.611237 0.107897 0.612933 0.108644 0.658003 0.125493 0.659770 0.126040 0.661353 0.126308 0.662512 0.126256 0.666398 0.125778 0.668321 0.121451 0.670589 0.115386 0.675123 0.103256 0.614473 0.080584 0.607671 0.098779
0 0.291263 0.976745 0.294545 0.982326 0.301110 0.993488 0.356922 0.960663 0.358558 0.955397 0.348823 0.938845 0.342508 0.939523 0.341280 0.939987 0.339734 0.940806 0.312084 0.957068 0.298259 0.965199 0.296618 0.966254 0.295120 0.967394 0.293990 0.968446 0.293401 0.969251
0 0.370429 0.780078 0.377122 0.794858 0.436242 0.768084 0.437116 0.764407 0.430515 0.749830 0.372206 0.776236 0.371619 0.777505
0 0.535902 0.348191 0.586619 0.387241 0.598334 0.372026 0.599471 0.370546 0.598558 0.366457 0.598397 0.366056 0.597676 0.365266 0.596504 0.364206 0.595060 0.363039 0.582264 0.353186 0.556671 0.333481 0.555188 0.332394 0.553902 0.331562 0.553011 0.331111 0.548167 0.331044 0.536317 0.346435
0 0.143520 0.915523 0.191941 0.958990 0.202808 0.946884 0.204183 0.944817 0.205545 0.942769 0.206895 0.940739 0.159140 0.897870 0.148422 0.909809
0 0.791817 0.570495 0.795396 0.575353 0.796059 0.575592 0.797323 0.576018 0.798997 0.576567 0.814250 0.581524 0.844758 0.591438 0.846600 0.592032 0.848344 0.592583 0.849728 0.593010 0.850539 0.593246 0.850652 0.593256 0.856770 0.591322 0.862773 0.572848 0.801194 0.552836 0.797751 0.552232
0 0.111785 0.066254 0.111880 0.067452 0.112234 0.069135 0.120176 0.100444 0.124147 0.116098 0.124701 0.117996 0.125369 0.119804 0.126046 0.121246 0.126630 0.122102 0.133041 0.126478 0.139245 0.124905 0.145450 0.123331 0.151654 0.121757 0.135915 0.059713 0.131706 0.054622 0.112877 0.059398
0 0.135715 0.175778 0.140453 0.194616 0.144563 0.198107 0.146525 0.199098 0.147347 0.199405 0.148753 0.199486 0.150529 0.199329 0.152406 0.198958 0.167961 0.195046 0.199070 0.187221 0.200777 0.186690 0.202069 0.186075 0.206639 0.182492 0.201954 0.163870 0.198508 0.159983
0 0.182548 0.558692 0.185963 0.577814 0.249704 0.566433 0.252565 0.565674 0.249190 0.546770 0.243943 0.544040 0.243242 0.544162 0.241921 0.544396 0.240181 0.544706 0.238287 0.545044 0.222388 0.547882 0.190591 0.553560 0.188848 0.553872 0.187536 0.554107 0.186854 0.554231
0 0.750553 0.448170 0.760907 0.460426 0.762108 0.460244 0.763321 0.460060 0.764545 0.459874 0.814252 0.417884 0.803754 0.405457 0.799577 0.406757
0 0.640658 0.315385 0.655399 0.321612 0.657560 0.319131 0.682816 0.259348 0.667870 0.253034 0.667095 0.254173 0.665567 0.256421
0 0.644140 0.148410 0.644299 0.164453 0.708470 0.163818 0.709430 0.162270 0.711377 0.159130 0.711216 0.142864 0.646150 0.143508
0 0.264222 0.415495 0.276631 0.426013 0.279703 0.427030 0.321195 0.378073 0.308956 0.367701 0.308076 0.367091 0.307188 0.366476 0.306292 0.365856
0 0.313056 0.281730 0.345412 0.337988 0.346832 0.339476 0.347533 0.340210 0.361404 0.332232 0.329492 0.276745 0.327120 0.273640
0 0.572914 0.673393 0.574141 0.737556 0.574482 0.738650 0.575174 0.740868 0.591439 0.740557 0.590195 0.675500 0.588955 0.673087
0 0.014447 0.775272 0.020426 0.778313 0.032384 0.784394 0.040022 0.781429 0.045434 0.778118 0.055886 0.771723 0.056637 0.771038 0.057606 0.769805 0.058643 0.768212 0.059593 0.766500 0.060313 0.764928 0.060693 0.763733 0.061017 0.757127 0.043901 0.748423 0.022048 0.760325
0 0.488713 0.397650 0.488842 0.398820 0.507231 0.404351 0.511667 0.401761 0.511757 0.401540 0.512045 0.400649 0.512486 0.399228 0.513013 0.397491 0.522253 0.366773 0.526872 0.351414 0.527410 0.349611 0.527880 0.348003 0.528213 0.346832 0.528356 0.346278 0.525964 0.341240 0.507363 0.335645
0 0.219792 0.429558 0.219837 0.431173 0.220041 0.432292 0.222038 0.435960 0.225215 0.436692 0.244312 0.438707 0.251029 0.375051 0.248150 0.373606 0.235271 0.372247 0.228832 0.371568 0.226052 0.375328 0.225634 0.376232 0.225264 0.377702 0.224997 0.379513 0.221607 0.411635 0.219913 0.427696
0 0.431914 0.331448 0.435854 0.350469 0.436588 0.352178 0.440110 0.354222 0.440548 0.354339 0.441637 0.354290 0.443209 0.354082 0.445027 0.353747 0.476438 0.347240 0.492144 0.343986 0.493945 0.343572 0.495471 0.343138 0.496489 0.342751 0.496845 0.342469 0.499266 0.339194 0.499258 0.337335 0.496631 0.324655 0.495317 0.318314
0 0.904510 0.880797 0.910150 0.886107 0.925834 0.890425 0.943106 0.827691 0.937013 0.823184 0.921545 0.818925
0 0.607018 0.784981 0.608249 0.791425 0.608696 0.792018 0.609684 0.792937 0.611064 0.794043 0.612624 0.795166 0.625961 0.804275 0.652633 0.822491 0.654124 0.823452 0.655305 0.824095 0.655997 0.824323 0.661724 0.824794 0.672679 0.808754 0.670706 0.805225 0.617848 0.769124
0 0.337341 0.444755 0.339200 0.445386 0.399959 0.465525 0.401973 0.459449 0.406000 0.447298 0.403544 0.442545 0.403067 0.442353 0.401963 0.441958 0.400397 0.441420 0.398611 0.440821 0.367952 0.430659 0.352622 0.425578 0.350901 0.425014 0.349522 0.424577 0.348696 0.424331 0.348547 0.424316 0.343452 0.426317
0 0.798459 0.899651 0.798603 0.901126 0.798930 0.902017 0.803653 0.908185 0.816388 0.910533 0.822756 0.911707 0.834497 0.848031 0.830674 0.844053 0.811789 0.840571 0.808428 0.845586 0.807915 0.846864 0.807501 0.848584 0.804592 0.864357 0.798775 0.895903 0.798520 0.897818
0 0.483925 0.081589 0.484109 0.086371 0.496319 0.101192 0.501366 0.099942 0.502171 0.099725 0.503374 0.099030 0.504795 0.097964 0.529552 0.077567 0.541931 0.067368 0.543364 0.066084 0.544602 0.064767 0.545459 0.063616 0.545802 0.062806 0.546250 0.055409 0.533898 0.040417
0 0.049055 0.917446 0.104352 0.951133 0.108874 0.945976 0.112204 0.940510 0.118864 0.929577 0.115539 0.925506 0.114492 0.924376 0.113020 0.923307 0.071928 0.898273 0.070243 0.897419 0.068588 0.896903 0.064200 0.896275 0.059161 0.900857
0 0.487554 0.478558 0.487696 0.478803 0.504719 0.487690 0.509446 0.486441 0.509629 0.486097 0.510125 0.485151 0.510860 0.483747 0.511721 0.482099 0.519195 0.467783 0.534142 0.439149 0.534991 0.437522 0.535691 0.436177 0.536136 0.435319 0.536258 0.435079 0.534738 0.430148 0.517518 0.421159
0 0.799817 0.948052 0.805927 0.962887 0.810192 0.969341 0.870358 0.944561 0.864163 0.929519 0.859155 0.923613
0 0.406237 0.560949 0.406612 0.566088 0.422019 0.577917 0.422911 0.577027 0.461892 0.526257 0.446661 0.514562 0.441522 0.514994 0.441221 0.515305 0.440516 0.516155 0.439514 0.517413 0.438369 0.518889 0.408863 0.557317 0.407758 0.558773 0.406871 0.559974 0.406337 0.560738
0 0.750182 0.086218 0.754694 0.101571 0.816106 0.083525 0.817558 0.081612 0.820502 0.077733 0.815928 0.062166 0.753661 0.080463
0 0.269698 0.710121 0.285291 0.714755 0.288244 0.711801 0.306525 0.650286 0.291146 0.645716 0.290184 0.646387 0.289214 0.647064 0.288234 0.647748
0 0.442537 0.616701 0.453875 0.632473 0.506451 0.594682 0.506377 0.593599 0.498905 0.583204 0.495169 0.578007 0.490414 0.577394 0.490129 0.577506 0.489292 0.578029 0.488032 0.578882 0.486540 0.579936 0.473517 0.589297 0.447470 0.608020 0.445960 0.609123 0.444651 0.610117 0.443740 0.610850 0.443368 0.611211
