0 0.349583 0.178787 0.356460 0.193473 0.358162 0.195845 0.358710 0.196311 0.359896 0.196835 0.361537 0.197337 0.363385 0.197742 0.365162 0.197989 0.366600 0.198040 0.367479 0.197888 0.372210 0.196306 0.375609 0.177406 0.369650 0.161951 0.353145 0.158982
0 0.310275 0.967778 0.318460 0.982414 0.336023 0.972593 0.338645 0.965039 0.340544 0.959567 0.344210 0.949001 0.344236 0.948088 0.343900 0.946677 0.343255 0.944981 0.342397 0.943258 0.341457 0.941766 0.340576 0.940732 0.335709 0.937018 0.318949 0.946391
0 0.873576 0.608511 0.873975 0.624545 0.874774 0.656613 0.874918 0.658495 0.875236 0.660175 0.875681 0.661399 0.877716 0.664164 0.882083 0.666062 0.901502 0.665578 0.899890 0.600849 0.895319 0.599696 0.876122 0.600174 0.874259 0.604288 0.873868 0.605215 0.873628 0.606698
0 0.936061 0.642120 0.936065 0.643996 0.936296 0.645663 0.936721 0.646869 0.938177 0.649998 0.943244 0.651732 0.962633 0.652901 0.966527 0.588269 0.961195 0.587260 0.942027 0.586105 0.939602 0.590785 0.939181 0.592276 0.938955 0.594090 0.937990 0.610100
0 0.541468 0.403424 0.544125 0.407827 0.562946 0.411636 0.563674 0.410614 0.576518 0.347152 0.570171 0.345867 0.563825 0.344583 0.557479 0.343299 0.552961 0.346636 0.552818 0.347198 0.552552 0.348392 0.552203 0.350035 0.551824 0.351879 0.542279 0.399040 0.541925 0.400819 0.541647 0.402276 0.541486 0.403192
0 0.765649 0.685523 0.768107 0.687240 0.769353 0.688110 0.830159 0.711276 0.835950 0.696075 0.831331 0.693379 0.771361 0.670531
0 0.327980 0.034411 0.328089 0.036199 0.328292 0.038239 0.328557 0.040218 0.328844 0.041834 0.329109 0.042840 0.333084 0.053473 0.335003 0.058606 0.335190 0.058822 0.339794 0.064026 0.346174 0.063507 0.358934 0.062467 0.357634 0.046518 0.350813 0.024791 0.330757 0.026424 0.328093 0.032612 0.327982 0.033152
0 0.327351 0.403946 0.331666 0.408773 0.340297 0.418428 0.342122 0.419360 0.346028 0.419451 0.346505 0.419313 0.347455 0.418707 0.348732 0.417727 0.350145 0.416521 0.386018 0.384453 0.387361 0.383195 0.388442 0.382067 0.389096 0.381238 0.389224 0.380837 0.389844 0.376700 0.384255 0.370447 0.375624 0.360793
0 0.159060 0.517703 0.177462 0.523922 0.181149 0.523648 0.183777 0.521894 0.184311 0.521517 0.184998 0.520504 0.185733 0.519010 0.186404 0.517260 0.191539 0.502065 0.196673 0.486870 0.201807 0.471675 0.202319 0.469923 0.202597 0.468420 0.202599 0.467395 0.201639 0.463007 0.183447 0.456860 0.179787 0.456361
0 0.713898 0.911589 0.715782 0.918756 0.716373 0.919514 0.717487 0.920570 0.718954 0.921761 0.720552 0.922905 0.747370 0.940907 0.760780 0.949907 0.762250 0.950822 0.763357 0.951359 0.770132 0.952434 0.780958 0.936306 0.777747 0.931319 0.724600 0.895645
0 0.015806 0.535890 0.056311 0.586814 0.062413 0.585620 0.074969 0.575633 0.035020 0.525409 0.028537 0.525763
0 0.292171 0.892896 0.308019 0.905296 0.314151 0.902819 0.314605 0.902431 0.315464 0.901462 0.316597 0.900059 0.317830 0.898437 0.318974 0.896847 0.319853 0.895531 0.320333 0.894691 0.326530 0.881079 0.326657 0.874162 0.311533 0.862329 0.301673 0.874933
0 0.500011 0.431985 0.501688 0.451115 0.505220 0.454160 0.505579 0.454188 0.506613 0.454148 0.508163 0.454046 0.509996 0.453897 0.541951 0.451096 0.557929 0.449695 0.559779 0.449521 0.561380 0.449347 0.562490 0.449199 0.562938 0.449100 0.566209 0.444894 0.565078 0.431994 0.564512 0.425544 0.500011 0.431199
0 0.501805 0.256524 0.504055 0.272368 0.567428 0.263367 0.567738 0.262280 0.568366 0.260076 0.566084 0.244012 0.501830 0.253138
0 0.399062 0.224399 0.400216 0.227549 0.456203 0.258575 0.465511 0.241779 0.465112 0.238793 0.464252 0.235567 0.463883 0.235039 0.462925 0.234234 0.461523 0.233273 0.459891 0.232304 0.431639 0.216648 0.417513 0.208820 0.415913 0.207998 0.414603 0.207456 0.413782 0.207275 0.408477 0.207409 0.402200 0.218736
0 0.773089 0.047498 0.777277 0.062985 0.839226 0.046231 0.843956 0.039904 0.839709 0.024201 0.776897 0.041188 0.774346 0.045414
0 0.348881 0.983263 0.377851 0.996811 0.378961 0.997306 0.389485 1.000000 0.410068 1.000000 0.412588 0.999499 0.415137 0.996677 0.416107 0.991000 0.414284 0.988293 0.413459 0.987255 0.412146 0.986156 0.410546 0.985160 0.382261 0.970029 0.368118 0.962464 0.366459 0.961716 0.364982 0.961323 0.359666 0.960807 0.350608 0.977740
0 0.850873 0.565084 0.902433 0.603294 0.906156 0.604250 0.908044 0.604734 0.917730 0.591664 0.865451 0.552922 0.860426 0.552195
0 0.921344 0.740746 0.922524 0.756705 0.926423 0.759074 0.928400 0.760275 0.993123 0.755488 0.991926 0.739307 0.985178 0.736024
0 0.250713 0.258532 0.254141 0.261853 0.307189 0.297967 0.316218 0.284705 0.313655 0.281703 0.259868 0.245085
0 0.442179 0.752077 0.444585 0.755588 0.445510 0.756230 0.446947 0.756955 0.448678 0.757651 0.479066 0.768598 0.494260 0.774071 0.496006 0.774627 0.497486 0.774954 0.498475 0.775001 0.503096 0.774022 0.507485 0.761838 0.509679 0.755746 0.509569 0.752823 0.449348 0.731130 0.442840 0.749196
0 0.822315 0.730032 0.822931 0.749224 0.826665 0.752106 0.891380 0.750029 0.891173 0.743558 0.890757 0.730614 0.885178 0.725773 0.884304 0.725487 0.882831 0.725269 0.880985 0.725151 0.879045 0.725151 0.830953 0.726694 0.829198 0.726813 0.827882 0.727032 0.827204 0.727319
0 0.728299 0.523193 0.759737 0.579139 0.763359 0.580242 0.777540 0.572273 0.745664 0.515547 0.742285 0.515333
0 0.377514 0.649686 0.377657 0.653638 0.377740 0.654116 0.378301 0.655072 0.379255 0.656361 0.380457 0.657786 0.412695 0.693954 0.413951 0.695287 0.415060 0.696313 0.415853 0.696875 0.420597 0.698021 0.425431 0.693713 0.435098 0.685097 0.435840 0.682981 0.393249 0.635198 0.378914 0.647975
0 0.598547 0.119896 0.608935 0.136046 0.662770 0.101420 0.664652 0.096811 0.654144 0.080474 0.648479 0.081227 0.647763 0.081325 0.646552 0.081861 0.645031 0.082754 0.604282 0.108963 0.602696 0.110069 0.601298 0.111211 0.600303 0.112213 0.599862 0.112924
0 0.046976 0.865216 0.052673 0.877361 0.055522 0.883434 0.062526 0.883493 0.063001 0.883477 0.064135 0.883084 0.065755 0.882373 0.067612 0.881453 0.069420 0.880466 0.070903 0.879564 0.071834 0.878883 0.081793 0.870071 0.086600 0.865817 0.086813 0.865490 0.090331 0.859107 0.082176 0.841722 0.067689 0.848518
0 0.378254 0.352298 0.379646 0.353986 0.443266 0.361029 0.443971 0.354667 0.445379 0.341943 0.444748 0.340115 0.442264 0.337081 0.441822 0.336825 0.440714 0.336527 0.439108 0.336231 0.437249 0.335984 0.389093 0.330653 0.387280 0.330494 0.385804 0.330448 0.384890 0.330523 0.380391 0.332991
0 0.545929 0.720981 0.548129 0.731569 0.563867 0.737358 0.568499 0.724768 0.570814 0.718473 0.567577 0.708484 0.566194 0.705172 0.565763 0.704775 0.564709 0.704186 0.563196 0.703495 0.561451 0.702806 0.559738 0.702223 0.558317 0.701835 0.557401 0.701699 0.552558 0.702959
0 0.511090 0.849800 0.511362 0.850525 0.512109 0.851667 0.513219 0.853053 0.514520 0.854470 0.537134 0.877533 0.548442 0.889064 0.549727 0.890285 0.550789 0.891114 0.551466 0.891424 0.556821 0.893192 0.561444 0.888659 0.570690 0.879593 0.569882 0.875254 0.525067 0.829550 0.511356 0.842995
0 0.504457 0.933764 0.504482 0.934705 0.504544 0.936240 0.504632 0.938137 0.504734 0.940104 0.507350 0.988483 0.507448 0.990205 0.507527 0.991406 0.507575 0.991902 0.511441 0.997497 0.530837 0.996449 0.527341 0.931794 0.527028 0.926858 0.507854 0.927895 0.504470 0.933559
0 0.825369 0.453325 0.838691 0.467156 0.842607 0.466776 0.889242 0.421858 0.875767 0.407868 0.868776 0.408022 0.868026 0.408398 0.866863 0.409225 0.865465 0.410375 0.864043 0.411676 0.840939 0.433929 0.829387 0.445056 0.828147 0.446319 0.827266 0.447363 0.826879 0.448030
