0 0.790952 0.114239 0.853717 0.126795 0.857807 0.122480 0.860347 0.109782 0.861617 0.103433 0.856576 0.100278 0.855302 0.099670 0.853578 0.099200 0.837742 0.096032 0.806069 0.089696 0.804171 0.089441 0.802403 0.089440 0.801037 0.089695 0.798126 0.090731 0.794718 0.095409
0 0.301088 0.408651 0.302855 0.413981 0.302899 0.414074 0.303546 0.414568 0.304697 0.415388 0.306179 0.416409 0.346235 0.443666 0.347808 0.444723 0.349220 0.445648 0.350255 0.446298 0.350757 0.446576 0.356281 0.445705 0.367084 0.429829 0.314165 0.393820 0.312016 0.392592 0.308373 0.397945
0 0.706522 0.722150 0.708909 0.724719 0.773134 0.732945 0.773957 0.726523 0.775602 0.713678 0.771285 0.708449 0.770563 0.708128 0.769226 0.707763 0.767476 0.707409 0.765580 0.707121 0.749671 0.705083 0.717853 0.701008 0.716083 0.700827 0.714694 0.700778 0.713897 0.700869 0.708961 0.703103
0 0.895126 0.294600 0.898482 0.299418 0.899516 0.300383 0.900981 0.301398 0.942001 0.326549 0.943687 0.327467 0.945350 0.328155 0.946739 0.328509 0.947642 0.328475 0.949694 0.328058 0.954894 0.326070 0.961663 0.315031 0.965047 0.309511 0.909848 0.275666 0.905163 0.278230
0 0.079372 0.388504 0.137327 0.417713 0.142301 0.418841 0.149503 0.404551 0.092343 0.375743 0.090471 0.375172 0.088581 0.374596 0.086674 0.374015
0 0.082680 0.481192 0.099811 0.490349 0.104385 0.490459 0.134559 0.434008 0.123269 0.427973 0.117624 0.424956 0.113203 0.424088 0.110027 0.425882 0.109095 0.426725 0.108061 0.428055 0.107084 0.429672 0.099471 0.443915 0.091858 0.458158 0.084245 0.472401 0.083480 0.474043 0.083052 0.475447
0 0.109395 0.490634 0.174043 0.494262 0.177769 0.494328 0.178486 0.481546 0.178844 0.475155 0.174051 0.471234 0.173988 0.471216 0.173189 0.471158 0.171775 0.471067 0.169960 0.470957 0.168022 0.470845 0.119648 0.468131 0.117897 0.468035 0.116616 0.467971 0.115999 0.467949 0.110484 0.471240
0 0.485415 0.527103 0.490983 0.546440 0.495279 0.548845 0.495638 0.548806 0.496678 0.548562 0.498239 0.548149 0.500084 0.547631 0.501930 0.547086 0.503491 0.546600 0.504530 0.546245 0.504890 0.546077 0.507097 0.541799 0.506773 0.539888 0.501459 0.521435 0.486081 0.525864
0 0.265654 0.500500 0.265702 0.516725 0.330601 0.516534 0.331383 0.516458 0.332925 0.516307 0.332878 0.500305 0.330553 0.500309
0 0.502854 0.834931 0.502991 0.850978 0.508568 0.863179 0.511357 0.869279 0.526608 0.862308 0.525391 0.845743 0.517408 0.828278 0.512724 0.827930 0.511760 0.827998 0.510331 0.828403 0.508654 0.829082 0.506981 0.829934 0.505565 0.830830 0.504621 0.831634 0.504292 0.832225
0 0.662705 0.109915 0.664929 0.113052 0.665671 0.113967 0.666932 0.114976 0.668521 0.115928 0.711189 0.138170 0.712878 0.138926 0.714422 0.139379 0.715589 0.139459 0.719466 0.139502 0.722003 0.135334 0.730982 0.118109 0.673565 0.088180 0.664586 0.105405
0 0.567198 0.150009 0.599713 0.205336 0.613545 0.197208 0.614596 0.194406 0.615128 0.192986 0.582160 0.136887 0.568135 0.145129
0 0.665510 0.655275 0.674849 0.672054 0.676870 0.674044 0.733448 0.642556 0.730299 0.636898 0.724001 0.625583 0.721441 0.624147 0.718140 0.623262 0.717532 0.623278 0.716377 0.623648 0.714851 0.624315 0.713186 0.625178 0.699171 0.632978 0.671142 0.648578 0.669577 0.649512 0.668339 0.650384 0.667613 0.651060
0 0.621028 0.882003 0.623013 0.901103 0.624436 0.905741 0.627831 0.907177 0.629018 0.907525 0.630677 0.907669 0.632556 0.907584 0.648619 0.905915 0.664683 0.904245 0.680746 0.902575 0.682542 0.902278 0.683967 0.901814 0.688838 0.899047 0.686830 0.879726 0.684694 0.875386
0 0.776250 0.901813 0.777394 0.920981 0.780601 0.925849 0.845235 0.921992 0.844850 0.915528 0.844078 0.902601 0.840145 0.898000 0.838672 0.896864 0.837859 0.896363 0.836439 0.895983 0.834630 0.895781 0.832705 0.895787 0.816694 0.896742 0.784673 0.898653 0.782909 0.898867 0.781560 0.899258
0 0.692927 0.933281 0.695158 0.938291 0.754670 0.963801 0.757221 0.957850 0.762323 0.945947 0.759284 0.938787 0.758605 0.938064 0.757356 0.937164 0.755729 0.936223 0.753970 0.935384 0.724487 0.922745 0.709745 0.916426 0.708107 0.915810 0.706826 0.915504 0.700493 0.915631
0 0.841988 0.790128 0.842081 0.793660 0.846036 0.797055 0.851811 0.799984 0.863360 0.805840 0.892645 0.748092 0.888157 0.745256 0.871030 0.736571 0.866943 0.739841 0.865964 0.741054 0.865035 0.742634 0.857781 0.756938 0.843273 0.785548 0.842530 0.787265 0.842078 0.788873
0 0.324061 0.800959 0.325758 0.821010 0.330581 0.822965 0.331467 0.823248 0.332958 0.823362 0.334826 0.823288 0.336785 0.823038 0.338532 0.822650 0.339801 0.822184 0.340399 0.821712 0.342467 0.819596 0.349670 0.804984 0.348590 0.792228 0.348050 0.785850 0.332105 0.787199
0 0.499022 0.061592 0.499031 0.065630 0.499036 0.067621 0.539317 0.117578 0.551806 0.107508 0.552529 0.102036 0.511686 0.051381
0 0.942968 0.086962 0.959959 0.095910 0.966861 0.092639 0.967306 0.092426 0.968095 0.091562 0.969109 0.090175 0.970193 0.088478 0.971181 0.086729 0.978706 0.072439 0.993756 0.043859 0.994490 0.042339 0.994851 0.041293 0.995446 0.033946 0.978259 0.024895 0.972792 0.030326
0 0.536540 0.432662 0.596325 0.455531 0.597439 0.455017 0.604379 0.436874 0.602066 0.432705 0.601857 0.432484 0.600991 0.432034 0.599599 0.431421 0.597894 0.430741 0.582810 0.424971 0.552642 0.413431 0.550896 0.412792 0.549392 0.412296 0.548357 0.412020 0.547950 0.412005 0.543903 0.413741 0.543401 0.414727
0 0.804589 0.310263 0.844727 0.360124 0.848713 0.358507 0.863844 0.346326 0.862803 0.341937 0.862552 0.340942 0.861839 0.339599 0.860772 0.338112 0.840518 0.312951 0.830391 0.300371 0.829141 0.298980 0.827910 0.297907 0.826886 0.297317 0.823242 0.295888 0.819548 0.298221 0.809575 0.306249
0 0.437508 0.908556 0.442652 0.912489 0.452940 0.920354 0.458210 0.917839 0.458800 0.917474 0.459724 0.916539 0.460839 0.915176 0.480457 0.889515 0.490265 0.876685 0.491393 0.875113 0.492353 0.873585 0.492999 0.872333 0.493231 0.871550 0.492353 0.864697 0.477098 0.853035 0.438222 0.903886
0 0.396727 0.230428 0.398147 0.234135 0.462303 0.235669 0.462687 0.219630 0.462515 0.218339 0.462166 0.215721 0.397116 0.214165
0 0.666423 0.087896 0.685097 0.092373 0.690267 0.087930 0.690433 0.087744 0.690770 0.086841 0.691229 0.085357 0.691739 0.083518 0.692221 0.081605 0.703516 0.034490 0.703895 0.032810 0.704108 0.031634 0.704123 0.031139 0.702332 0.024694 0.689739 0.021675 0.683442 0.020166 0.681345 0.025651
0 0.035373 0.712125 0.043903 0.776461 0.059987 0.774329 0.062018 0.773063 0.066023 0.770566 0.057609 0.707112 0.041746 0.709216
0 0.282933 0.937335 0.282989 0.938574 0.283160 0.939128 0.285582 0.944931 0.304961 0.946259 0.307190 0.941158 0.311565 0.877298 0.298793 0.876423 0.292407 0.875986 0.287381 0.881111 0.287075 0.881982 0.286764 0.883457 0.286497 0.885312 0.286314 0.887264 0.285210 0.903376 0.283003 0.935600
0 0.190803 0.653654 0.254073 0.668849 0.257455 0.666527 0.261202 0.650927 0.198802 0.635941 0.194602 0.637836
0 0.431911 0.754345 0.432772 0.773750 0.436818 0.776000 0.437796 0.776263 0.439319 0.776400 0.441155 0.776391 0.489558 0.774243 0.491412 0.774089 0.492987 0.773814 0.494042 0.773461 0.497458 0.770880 0.497487 0.767784 0.497203 0.761389 0.496635 0.748600 0.432689 0.751437
0 0.451641 0.352756 0.455662 0.371760 0.456169 0.373226 0.459816 0.375373 0.460228 0.375462 0.461294 0.375384 0.462850 0.375154 0.464661 0.374806 0.511736 0.364844 0.513541 0.364427 0.515079 0.364003 0.516119 0.363634 0.516500 0.363378 0.518791 0.359974 0.519009 0.358355 0.514987 0.339351
0 0.513486 0.034584 0.513713 0.035470 0.514396 0.036765 0.515429 0.038272 0.516656 0.039762 0.527378 0.051691 0.548822 0.075548 0.550066 0.076806 0.551148 0.077653 0.556737 0.080061 0.571018 0.067225 0.571839 0.062221 0.528555 0.014065 0.518924 0.022722 0.514108 0.027051
0 0.563728 0.832429 0.564617 0.837064 0.629242 0.844648 0.631138 0.828492 0.629335 0.823974 0.565598 0.816495
0 0.690170 0.558776 0.690361 0.559673 0.690823 0.561069 0.691486 0.562751 0.697689 0.577541 0.710096 0.607123 0.710864 0.608849 0.711626 0.610371 0.712266 0.611459 0.712689 0.611945 0.718529 0.614169 0.736442 0.606655 0.711398 0.546946 0.708982 0.546409 0.691273 0.553836
0 0.513226 0.910387 0.513379 0.915132 0.532084 0.920371 0.536402 0.916027 0.536726 0.915483 0.537177 0.914282 0.537687 0.912605 0.542043 0.897054 0.546399 0.881502 0.550754 0.865951 0.551241 0.864070 0.551626 0.862285 0.551851 0.860870 0.551882 0.860040 0.548981 0.853929 0.536654 0.850476 0.530490 0.848750
0 0.889665 0.555496 0.895654 0.573741 0.900229 0.574594 0.961749 0.554401 0.955691 0.535945 0.948884 0.533301 0.947944 0.533372 0.946451 0.533660 0.944635 0.534122 0.942769 0.534687 0.927530 0.539689 0.897052 0.549693 0.895406 0.550281 0.894216 0.550806 0.893664 0.551188
