0 0.441052 0.623375 0.455813 0.636001 0.460911 0.635127 0.461099 0.635026 0.461737 0.634380 0.462730 0.633286 0.463925 0.631912 0.474423 0.619640 0.484920 0.607367 0.495417 0.595094 0.496624 0.593660 0.497647 0.592397 0.498331 0.591496 0.498572 0.591096 0.497924 0.585803 0.488195 0.577482 0.483331 0.573322 0.441725 0.621965
0 0.790693 0.512634 0.790700 0.514478 0.790857 0.516050 0.791143 0.517113 0.793324 0.520737 0.796715 0.520977 0.816126 0.521712 0.818578 0.457009 0.799167 0.456274 0.795747 0.456774 0.793306 0.460025 0.792939 0.461113 0.792661 0.462702 0.792515 0.464552
0 0.564155 0.253284 0.579516 0.264807 0.584910 0.263072 0.585442 0.262501 0.586315 0.261429 0.587397 0.260018 0.588526 0.258482 0.589529 0.257052 0.590257 0.255944 0.590596 0.255328 0.591650 0.252483 0.593832 0.246588 0.593388 0.240124 0.582657 0.232074 0.577291 0.228049 0.567229 0.241464
0 0.368346 0.667005 0.386592 0.729463 0.402207 0.724902 0.403552 0.721809 0.385556 0.660210 0.370156 0.664709 0.369558 0.665467
0 0.216877 0.710666 0.278163 0.731559 0.280698 0.728913 0.286894 0.710737 0.283729 0.707090 0.282982 0.706522 0.281666 0.705864 0.279980 0.705216 0.234437 0.689690 0.232624 0.689145 0.230946 0.688782 0.229656 0.688656 0.228951 0.688786 0.226309 0.690083 0.223145 0.692280 0.221055 0.698409
0 0.140953 0.948860 0.145952 0.952124 0.147256 0.952867 0.149024 0.953453 0.150984 0.953791 0.152834 0.953830 0.154290 0.953564 0.157230 0.952894 0.172901 0.932187 0.174441 0.925974 0.175981 0.919761 0.177520 0.913548 0.161988 0.909699 0.145793 0.929328
0 0.094891 0.371400 0.099888 0.375944 0.100051 0.376070 0.100943 0.376271 0.102427 0.376516 0.104277 0.376767 0.106212 0.376988 0.138122 0.380268 0.154077 0.381908 0.155818 0.382065 0.157116 0.382137 0.157773 0.382112 0.163195 0.379414 0.165158 0.360312 0.161287 0.358697 0.096877 0.352077 0.096215 0.358518
0 0.009554 0.305945 0.014879 0.324626 0.020424 0.326630 0.081981 0.309083 0.076717 0.290616 0.070195 0.286812 0.069274 0.286632 0.067781 0.286680 0.065946 0.286951 0.064049 0.287403 0.048517 0.291830 0.032986 0.296257 0.017455 0.300685 0.015799 0.301245 0.014652 0.301825
0 0.554348 0.565564 0.554598 0.565866 0.555106 0.566478 0.615160 0.591528 0.621422 0.576514 0.619752 0.575462 0.560524 0.550757
0 0.819693 0.643111 0.823124 0.648417 0.823209 0.648479 0.823978 0.648809 0.825319 0.649359 0.827026 0.650043 0.828839 0.650759 0.873957 0.668416 0.875585 0.669047 0.876765 0.669492 0.877319 0.669685 0.883686 0.668363 0.886046 0.662334 0.890765 0.650274 0.830469 0.626677 0.826692 0.625229
0 0.822774 0.083355 0.824532 0.089847 0.830852 0.090867 0.843490 0.092906 0.847462 0.088199 0.857773 0.024276 0.838596 0.021182 0.832562 0.026536 0.832066 0.027522 0.831529 0.029080 0.831033 0.030972 0.830653 0.032913 0.822990 0.080416 0.822782 0.082125
0 0.219230 0.500833 0.219397 0.501766 0.219909 0.503163 0.220687 0.504811 0.242944 0.547846 0.243863 0.549480 0.244776 0.550837 0.245543 0.551711 0.246048 0.551970 0.249302 0.553472 0.252168 0.552861 0.269224 0.544040 0.239820 0.487184 0.236812 0.487036 0.225309 0.492985 0.219558 0.495960
0 0.648976 0.291871 0.709838 0.311697 0.712264 0.309519 0.716275 0.297206 0.718280 0.291050 0.715021 0.287416 0.714265 0.286853 0.712931 0.286206 0.711224 0.285576 0.695869 0.280573 0.665157 0.270569 0.663351 0.270055 0.661736 0.269741 0.660558 0.269675 0.659997 0.269865 0.656715 0.270995 0.654924 0.273612
0 0.699275 0.957243 0.699323 0.959144 0.699478 0.960700 0.699718 0.961675 0.704298 0.967809 0.717221 0.968644 0.723683 0.969061 0.727855 0.904446 0.725251 0.899823 0.706088 0.898586 0.703160 0.903690 0.702866 0.904281 0.702614 0.905538 0.702442 0.907269 0.699341 0.955286
0 0.736876 0.177859 0.751345 0.190483 0.757536 0.188794 0.757936 0.188354 0.758770 0.187410 0.759913 0.186104 0.770458 0.174019 0.791547 0.149848 0.792834 0.148368 0.794080 0.146929 0.795096 0.145747 0.795727 0.145002 0.795876 0.144810 0.796820 0.138116 0.782184 0.125345 0.739615 0.174134
0 0.848555 0.498220 0.851776 0.503017 0.852326 0.503463 0.853473 0.504131 0.855044 0.504922 0.869525 0.511816 0.898489 0.525604 0.900256 0.526403 0.901965 0.527094 0.903358 0.527573 0.904222 0.527768 0.911048 0.526031 0.919398 0.508493 0.860935 0.480661 0.856809 0.480882
0 0.573650 0.825005 0.574502 0.828763 0.577674 0.831017 0.578810 0.831413 0.580440 0.831700 0.582315 0.831832 0.598460 0.832222 0.630751 0.833001 0.632569 0.832958 0.634040 0.832747 0.634937 0.832399 0.639232 0.830325 0.639389 0.823852 0.639545 0.817379 0.639701 0.810906 0.638104 0.807353 0.574114 0.805808
0 0.178090 0.588484 0.196142 0.595657 0.199615 0.594563 0.202442 0.593453 0.202970 0.592988 0.203687 0.591914 0.204484 0.590395 0.205242 0.588660 0.217086 0.558849 0.223008 0.543943 0.223616 0.542243 0.223987 0.540822 0.224065 0.539897 0.223250 0.535078 0.217301 0.532714 0.205404 0.527987 0.201998 0.528311
0 0.638873 0.360944 0.645206 0.361876 0.657872 0.363739 0.662830 0.360298 0.664724 0.358674 0.666662 0.357011 0.668646 0.355308 0.668933 0.354733 0.669287 0.353489 0.669656 0.351765 0.669982 0.349824 0.670215 0.347966 0.670319 0.346475 0.670280 0.345579 0.667876 0.340620 0.647968 0.337691 0.641203 0.345112
0 0.881257 0.553314 0.890610 0.562055 0.895287 0.566425 0.914226 0.569608 0.925675 0.557356 0.910973 0.543616 0.892183 0.541622 0.889593 0.541741 0.888829 0.541954 0.887682 0.542670 0.886327 0.543779 0.884969 0.545113 0.883812 0.546471 0.883032 0.547647 0.882746 0.548464
0 0.456455 0.073341 0.456741 0.074190 0.457439 0.075483 0.458443 0.077021 0.459600 0.078573 0.469585 0.091125 0.489555 0.116229 0.490698 0.117570 0.491664 0.118507 0.492306 0.118899 0.497377 0.121126 0.507396 0.113157 0.512405 0.109172 0.512549 0.104653 0.472240 0.053981 0.457038 0.066073
0 0.712109 0.244790 0.718328 0.308496 0.734255 0.306942 0.736417 0.305160 0.737512 0.304257 0.731207 0.239664 0.715059 0.241241
0 0.611962 0.348927 0.612774 0.354384 0.618271 0.357664 0.629264 0.364223 0.630759 0.362653 0.663935 0.307049 0.647253 0.297096 0.641648 0.299171 0.641273 0.299751 0.640580 0.300871 0.639676 0.302360 0.638696 0.303994 0.630478 0.317767 0.614042 0.345315 0.613128 0.346856 0.612412 0.348083 0.612002 0.348812
0 0.049807 0.951049 0.069170 0.952599 0.075513 0.947078 0.076102 0.946123 0.076658 0.944584 0.077098 0.942696 0.077356 0.940745 0.079915 0.908769 0.081194 0.892781 0.081232 0.891048 0.081044 0.889782 0.079201 0.883621 0.066440 0.882599 0.060059 0.882089 0.054972 0.886507
0 0.428547 0.936785 0.432432 0.955817 0.495873 0.942869 0.495920 0.937807 0.492080 0.918992 0.486803 0.917760 0.485283 0.917761 0.483483 0.918020 0.467768 0.921227 0.436338 0.927642 0.434517 0.928122 0.432937 0.928754 0.431838 0.929442 0.429364 0.931792
0 0.708435 0.351316 0.762831 0.385054 0.765870 0.383725 0.776109 0.367218 0.773744 0.362832 0.773159 0.362126 0.772029 0.361194 0.770525 0.360180 0.743076 0.343155 0.729351 0.334643 0.727716 0.333709 0.726211 0.333006 0.725067 0.332641 0.724457 0.332668 0.721084 0.333089 0.718557 0.334997 0.711809 0.345876
0 0.152780 0.507824 0.164936 0.522975 0.171639 0.523653 0.172358 0.523392 0.173538 0.522712 0.174999 0.521718 0.176521 0.520560 0.201541 0.500486 0.214051 0.490448 0.215412 0.489293 0.216419 0.488307 0.216917 0.487640 0.218692 0.482655 0.206674 0.467677 0.203283 0.467303
0 0.146379 0.149744 0.156791 0.166964 0.172483 0.182191 0.186177 0.173911 0.182865 0.168433 0.179553 0.162956 0.176241 0.157479 0.160729 0.141068 0.157161 0.141427 0.155833 0.141573 0.154173 0.142136 0.152435 0.143032 0.150886 0.144123 0.149766 0.145241
0 0.318302 0.031825 0.326610 0.053230 0.329501 0.058941 0.335284 0.070362 0.349561 0.063133 0.342353 0.042202 0.333263 0.024250 0.327845 0.024703 0.326259 0.025069 0.324499 0.025807 0.322833 0.026804 0.321520 0.027906
0 0.243688 0.914925 0.248157 0.931088 0.267552 0.925726 0.271662 0.918978 0.274349 0.914048 0.279537 0.904529 0.279730 0.903642 0.279697 0.902185 0.279445 0.900380 0.279012 0.898501 0.278464 0.896830 0.277882 0.895620 0.273915 0.890837 0.255407 0.895954
0 0.725257 0.886156 0.725276 0.887607 0.725491 0.888477 0.729622 0.894691 0.742245 0.897582 0.748557 0.899027 0.763009 0.835911 0.760003 0.832072 0.741285 0.827786 0.738027 0.831919 0.737528 0.832567 0.737003 0.833841 0.736530 0.835548 0.725790 0.882451 0.725438 0.884347
0 0.154492 0.416665 0.155300 0.422087 0.155547 0.422836 0.156237 0.424031 0.157265 0.425489 0.167012 0.438366 0.186507 0.464120 0.187708 0.465607 0.188890 0.466885 0.189871 0.467757 0.190502 0.468093 0.197073 0.468654 0.207281 0.460928 0.212384 0.457064 0.173752 0.406028 0.169979 0.404942
