0 0.546672 0.676204 0.547212 0.678241 0.549050 0.681578 0.549469 0.681919 0.550534 0.682409 0.552084 0.682974 0.553882 0.683527 0.569420 0.687929 0.600497 0.696733 0.602254 0.697186 0.603688 0.697466 0.604581 0.697531 0.609510 0.695889 0.614804 0.677200 0.613492 0.675175 0.551906 0.657728
0 0.106888 0.445282 0.148034 0.495278 0.152057 0.495332 0.166884 0.483129 0.165927 0.477991 0.165637 0.477209 0.164894 0.476021 0.163811 0.474605 0.133235 0.437452 0.131969 0.436014 0.130701 0.434760 0.129624 0.433879 0.128902 0.433508 0.121887 0.432939 0.116887 0.437053
0 0.118331 0.507049 0.119414 0.555487 0.119555 0.557325 0.119876 0.558852 0.120325 0.559834 0.122356 0.563625 0.135302 0.563336 0.141776 0.563191 0.145870 0.562469 0.144440 0.498476 0.140329 0.498458 0.127382 0.498747 0.120909 0.498892 0.119045 0.502568 0.118641 0.503620 0.118390 0.505194
0 0.249530 0.907098 0.314178 0.912798 0.315036 0.910893 0.316727 0.907136 0.318132 0.891196 0.254370 0.885574 0.250954 0.890936
0 0.328510 0.534691 0.329200 0.539761 0.346223 0.549119 0.347980 0.548557 0.378815 0.492464 0.367597 0.486297 0.361987 0.483214 0.360392 0.483020 0.356470 0.484194 0.356103 0.484495 0.355436 0.485398 0.354571 0.486764 0.353639 0.488385 0.330300 0.530843 0.329452 0.532459 0.328823 0.533811
0 0.256941 0.838764 0.272380 0.850552 0.278451 0.848344 0.278839 0.847901 0.279627 0.846913 0.280694 0.845530 0.290495 0.832694 0.310096 0.807021 0.311270 0.805467 0.312365 0.803990 0.313211 0.802816 0.313680 0.802125 0.313703 0.802018 0.313826 0.795669 0.298563 0.784016 0.259719 0.834892
0 0.830077 0.349177 0.830085 0.349989 0.830780 0.355240 0.836787 0.357450 0.848802 0.361869 0.852835 0.360272 0.875190 0.299505 0.856960 0.292798 0.850398 0.295760 0.849810 0.296373 0.849059 0.297581 0.848259 0.299197 0.847533 0.300978 0.841995 0.316030 0.836457 0.331083 0.830920 0.346136 0.830370 0.347824
0 0.248335 0.396014 0.298885 0.436716 0.301643 0.437584 0.311679 0.425120 0.261823 0.384976 0.258511 0.383376
0 0.277609 0.935968 0.280057 0.940163 0.281177 0.941397 0.282636 0.942580 0.309054 0.961164 0.322263 0.970456 0.323826 0.971399 0.325242 0.971949 0.330567 0.973222 0.334293 0.967926 0.341744 0.957335 0.343553 0.952107 0.291199 0.915279 0.280151 0.930985
0 0.704134 0.746114 0.713914 0.757906 0.719808 0.761107 0.731597 0.767509 0.735609 0.764804 0.736402 0.764157 0.737362 0.762932 0.738343 0.761316 0.739195 0.759557 0.739785 0.757927 0.740025 0.756673 0.739600 0.752773 0.728646 0.741216 0.711771 0.732052
0 0.212094 0.492354 0.214861 0.498208 0.220396 0.509915 0.223592 0.509802 0.281460 0.482443 0.273252 0.465083 0.267491 0.462984 0.266851 0.463093 0.265641 0.463500 0.264045 0.464144 0.262306 0.464927 0.233105 0.478732 0.218505 0.485635 0.216903 0.486431 0.215696 0.487113 0.215067 0.487575
0 0.081396 0.185109 0.081702 0.186317 0.082324 0.187938 0.095069 0.217617 0.101442 0.232456 0.102278 0.234230 0.103196 0.235872 0.104054 0.237131 0.104722 0.237815 0.111552 0.240834 0.129197 0.233257 0.103939 0.174441 0.099360 0.170677 0.081511 0.178342
0 0.577615 0.955499 0.578698 0.961850 0.593929 0.967562 0.616777 0.906636 0.615172 0.901044 0.600150 0.895411
0 0.622391 0.133945 0.622642 0.135324 0.623129 0.137046 0.623778 0.138851 0.629719 0.153750 0.641601 0.183546 0.642321 0.185174 0.643005 0.186390 0.643552 0.187011 0.647586 0.190368 0.665422 0.183255 0.667335 0.179592 0.643352 0.119449 0.637337 0.121847 0.631323 0.124245 0.625309 0.126644 0.622417 0.133121
0 0.427656 0.251684 0.428483 0.254522 0.489654 0.273370 0.495308 0.255018 0.495254 0.252186 0.493272 0.249202 0.492911 0.248762 0.491900 0.248171 0.490393 0.247520 0.488618 0.246907 0.442316 0.232641 0.440560 0.232166 0.439104 0.231904 0.438170 0.231896 0.433375 0.233121 0.429562 0.245496
0 0.618669 0.688955 0.623464 0.694350 0.624286 0.694893 0.625659 0.695572 0.639061 0.701615 0.665574 0.713568 0.667265 0.714271 0.669058 0.714910 0.670685 0.715390 0.671898 0.715636 0.672513 0.715612 0.679741 0.713880 0.686112 0.695628 0.632839 0.671208 0.625258 0.670710 0.623066 0.676779 0.620870 0.682860
0 0.479144 0.808516 0.543847 0.810961 0.544336 0.798020 0.544580 0.791550 0.544071 0.788217 0.540823 0.785743 0.539734 0.785384 0.538144 0.785113 0.536294 0.784969 0.520267 0.784363 0.488212 0.783152 0.486368 0.783157 0.484796 0.783309 0.483735 0.783586 0.480107 0.785801 0.479877 0.789105 0.479388 0.802046
0 0.789960 0.682867 0.793312 0.684981 0.810658 0.693724 0.814135 0.691290 0.814960 0.690568 0.815903 0.689308 0.816821 0.687702 0.831359 0.658858 0.838627 0.644437 0.839373 0.642743 0.839825 0.641234 0.839916 0.640140 0.839801 0.635904 0.822455 0.627161 0.818769 0.625707
0 0.234111 0.698935 0.247051 0.762531 0.262950 0.759296 0.266201 0.755739 0.253438 0.693015 0.237758 0.696206 0.236553 0.697107 0.235337 0.698017
0 0.416749 0.718510 0.445354 0.776954 0.459965 0.769803 0.460516 0.766093 0.432304 0.708452 0.417894 0.715505
0 0.032058 0.784769 0.093805 0.804748 0.099377 0.800568 0.104303 0.785342 0.043402 0.765638 0.039188 0.768089 0.037052 0.769332
0 0.333287 0.305287 0.335193 0.307512 0.340142 0.311572 0.350040 0.319691 0.354444 0.318418 0.355269 0.317813 0.356367 0.316742 0.357572 0.315366 0.388088 0.278164 0.389227 0.276681 0.390135 0.275307 0.390676 0.274247 0.390764 0.273665 0.390635 0.270201 0.389370 0.267544 0.374352 0.255225
0 0.127246 0.681665 0.185726 0.709461 0.189318 0.707067 0.197561 0.689723 0.194542 0.685759 0.193940 0.685103 0.192758 0.684295 0.191175 0.683456 0.162203 0.669685 0.147717 0.662800 0.145961 0.662052 0.144286 0.661502 0.142945 0.661234 0.142141 0.661289 0.139750 0.662245 0.135585 0.664121
0 0.038018 0.073970 0.043299 0.078840 0.049688 0.079235 0.056076 0.079629 0.062465 0.080023 0.064911 0.074247 0.065332 0.073006 0.065559 0.071279 0.068524 0.023254 0.068524 0.021291 0.068299 0.019374 0.067881 0.017794 0.067333 0.016790 0.061396 0.010541 0.042008 0.009344
0 0.308724 0.312938 0.344648 0.366808 0.346424 0.368330 0.351749 0.364779 0.362400 0.357676 0.362836 0.352171 0.362813 0.352060 0.362387 0.351357 0.361623 0.350168 0.360638 0.348675 0.333941 0.308644 0.332876 0.307061 0.331884 0.305618 0.331116 0.304531 0.330690 0.303967 0.324884 0.302161
0 0.609129 0.651443 0.622656 0.714007 0.624074 0.716481 0.643060 0.712376 0.645211 0.707158 0.645152 0.706365 0.644929 0.704984 0.644576 0.703225 0.641163 0.687440 0.634336 0.655870 0.633909 0.654017 0.633477 0.652367 0.633106 0.651172 0.632853 0.650613 0.627898 0.647385 0.615385 0.650090
0 0.551534 0.880438 0.552129 0.884836 0.557838 0.887891 0.569256 0.894001 0.573840 0.890799 0.574418 0.890312 0.575216 0.889219 0.576110 0.887687 0.591350 0.859208 0.598969 0.844969 0.599818 0.843243 0.600484 0.841602 0.600866 0.840295 0.600906 0.839522 0.598665 0.833061 0.581734 0.824001
0 0.595457 0.883078 0.595895 0.884837 0.596784 0.888405 0.612879 0.890458 0.621091 0.826081 0.619430 0.821608 0.603556 0.819583
0 0.696245 0.847219 0.698514 0.851234 0.710600 0.855885 0.716643 0.858210 0.720980 0.853991 0.721710 0.852790 0.722434 0.851152 0.728235 0.836080 0.734035 0.821008 0.739835 0.805935 0.740438 0.804125 0.740822 0.802431 0.740928 0.801114 0.740742 0.800374 0.739898 0.797781 0.737156 0.794377 0.719234 0.787481
0 0.860620 0.845770 0.868801 0.859523 0.873930 0.864523 0.929707 0.831344 0.921412 0.817400 0.917541 0.814484 0.915632 0.813046
0 0.526540 0.244954 0.529392 0.260743 0.592544 0.249337 0.593401 0.247018 0.593835 0.245842 0.590943 0.229834 0.526910 0.241398
0 0.020827 0.137376 0.027416 0.142363 0.043454 0.142784 0.045139 0.078632 0.043044 0.076691 0.040930 0.074733 0.038796 0.072757 0.022535 0.072330
0 0.515205 0.827302 0.515345 0.830330 0.515417 0.831866 0.580468 0.833379 0.580847 0.817116 0.579735 0.812756 0.515578 0.811263
0 0.542579 0.671538 0.544082 0.677659 0.562490 0.684322 0.564854 0.680385 0.584619 0.621001 0.572421 0.616604 0.566324 0.614407 0.560903 0.618180 0.560752 0.618372 0.560377 0.619224 0.559834 0.620608 0.559206 0.622311 0.558588 0.624078 0.548633 0.653335 0.543591 0.668155 0.543058 0.669772 0.542703 0.670960
0 0.924458 0.336646 0.924707 0.355847 0.930214 0.358779 0.930778 0.358924 0.932018 0.359008 0.933746 0.359021 0.949784 0.358813 0.981859 0.358397 0.983827 0.358336 0.985750 0.358210 0.987338 0.358038 0.988348 0.357846 0.988626 0.357663 0.994362 0.353340 0.994109 0.333917 0.929366 0.334757
