0 0.716521 0.429184 0.721070 0.435883 0.782524 0.440129 0.786908 0.422423 0.782061 0.415581 0.781118 0.414808 0.779624 0.414104 0.777806 0.413574 0.775939 0.413298 0.745312 0.411066 0.729898 0.409943 0.728231 0.409962 0.720496 0.411436
0 0.290974 0.735888 0.304202 0.750113 0.310169 0.749213 0.310724 0.748778 0.311733 0.747895 0.313041 0.746698 0.348521 0.713705 0.349919 0.712386 0.351181 0.711158 0.352115 0.710207 0.352580 0.709680 0.353314 0.703665 0.344596 0.694290 0.340237 0.689603 0.293363 0.733191
0 0.254957 0.278847 0.263592 0.296247 0.266294 0.298576 0.323632 0.270123 0.315096 0.252922 0.312958 0.250065 0.308959 0.249521 0.307804 0.249707 0.306253 0.250217 0.304541 0.250976 0.275607 0.265334 0.261141 0.272513 0.259543 0.273396 0.258317 0.274264 0.257649 0.274983
0 0.681320 0.335183 0.682939 0.340362 0.701323 0.345909 0.703651 0.344127 0.722353 0.282138 0.716154 0.280267 0.703756 0.276527 0.698189 0.279847 0.697821 0.280489 0.697299 0.281733 0.696701 0.283391 0.696118 0.285210 0.686852 0.315921 0.682220 0.331276 0.681735 0.332996 0.681419 0.334367
0 0.400723 0.701406 0.427511 0.760706 0.442335 0.754009 0.443128 0.750516 0.416709 0.692032 0.402088 0.698637 0.401637 0.699551
0 0.419209 0.416301 0.474171 0.426906 0.483026 0.424655 0.484148 0.405692 0.477195 0.401635 0.475850 0.401261 0.434581 0.392794 0.432774 0.392524 0.430846 0.392414 0.429096 0.392482 0.427792 0.392718 0.427131 0.393084 0.420488 0.397050 0.420062 0.403458
0 0.073412 0.079738 0.078288 0.084541 0.140204 0.100776 0.145075 0.082202 0.140840 0.075481 0.140009 0.074826 0.138590 0.074084 0.136799 0.073365 0.134910 0.072783 0.103666 0.064590 0.088045 0.060494 0.086360 0.060140 0.085151 0.060071 0.078339 0.060948
0 0.670214 0.509327 0.680952 0.572429 0.683045 0.573266 0.702194 0.570008 0.704270 0.565549 0.704323 0.564588 0.704213 0.563087 0.703955 0.561276 0.701246 0.545355 0.698537 0.529434 0.695827 0.513513 0.695465 0.511682 0.695055 0.510125 0.694661 0.509080 0.694342 0.508706 0.691332 0.506176 0.689145 0.506105
0 0.258257 0.417879 0.262359 0.436866 0.267636 0.440088 0.268301 0.440090 0.269580 0.439936 0.271278 0.439651 0.273137 0.439278 0.288815 0.435892 0.304492 0.432505 0.320169 0.429118 0.321923 0.428711 0.323317 0.428328 0.324142 0.428027 0.327641 0.424072 0.324938 0.411558 0.323586 0.405302 0.321547 0.404207
0 0.852957 0.352377 0.868698 0.355261 0.873825 0.353248 0.885522 0.289412 0.869563 0.286488 0.866168 0.288449 0.864494 0.289416
0 0.077840 0.229267 0.092726 0.241746 0.097382 0.244697 0.101790 0.242633 0.103090 0.241629 0.104377 0.240285 0.135288 0.203411 0.136376 0.201921 0.137108 0.200502 0.138502 0.195644 0.134322 0.192125 0.129360 0.187965 0.119436 0.179646
0 0.519544 0.892377 0.519770 0.896914 0.581976 0.914885 0.587367 0.896223 0.586369 0.891694 0.584778 0.889573 0.584313 0.888958 0.583216 0.888234 0.581654 0.887511 0.579864 0.886899 0.564455 0.882447 0.533637 0.873544 0.531876 0.873131 0.530399 0.872975 0.529429 0.873102 0.524874 0.873929
0 0.642815 0.077029 0.644996 0.080006 0.645764 0.080949 0.647047 0.081970 0.648649 0.082915 0.650329 0.083642 0.651834 0.084041 0.657073 0.084293 0.665790 0.067183 0.673734 0.046446 0.658792 0.038833 0.649657 0.056763
0 0.894228 0.770677 0.896299 0.783310 0.897335 0.789627 0.901929 0.792975 0.965825 0.782500 0.962682 0.763331 0.956261 0.758765 0.955297 0.758483 0.953759 0.758363 0.951880 0.758423 0.949944 0.758654 0.902461 0.766438 0.900749 0.766806 0.899506 0.767258
0 0.331978 0.674490 0.381334 0.716400 0.385525 0.711465 0.393907 0.701594 0.395119 0.699289 0.394407 0.695591 0.394266 0.695096 0.393588 0.694202 0.392477 0.693047 0.391102 0.691804 0.366650 0.671041 0.354424 0.660660 0.352982 0.659510 0.351681 0.658617 0.350719 0.658118 0.350242 0.658089 0.346327 0.657858 0.344551 0.659683
0 0.892964 0.168059 0.901154 0.231708 0.917066 0.229661 0.922882 0.225891 0.914577 0.161354 0.898443 0.163430 0.896600 0.164987
0 0.774985 0.934787 0.775357 0.937687 0.778541 0.942747 0.790072 0.948641 0.795838 0.951588 0.825306 0.893933 0.821588 0.889430 0.804489 0.880691 0.800174 0.884419 0.799240 0.885523 0.798323 0.887062 0.783724 0.915625 0.776425 0.929906 0.775659 0.931659 0.775153 0.933372
0 0.942394 0.686862 0.943124 0.702889 0.949302 0.705718 1.000000 0.702757 1.000000 0.683941
0 0.753635 0.273541 0.803232 0.314006 0.807449 0.311419 0.817705 0.298848 0.767419 0.257820 0.763751 0.261142
0 0.421911 0.756433 0.436065 0.768760 0.443174 0.767974 0.478406 0.716184 0.464548 0.703838 0.456593 0.704749 0.455573 0.705197 0.454311 0.706152 0.452998 0.707467 0.451832 0.708946 0.443037 0.721624 0.425160 0.747396 0.424280 0.748870 0.423851 0.750078
0 0.579910 0.815729 0.583738 0.830857 0.595705 0.847034 0.600489 0.846248 0.601480 0.846004 0.602867 0.845305 0.604439 0.844257 0.605955 0.843021 0.607180 0.841787 0.607928 0.840745 0.609187 0.837062 0.604194 0.821651 0.600388 0.816505 0.592775 0.806213
0 0.632034 0.407786 0.632368 0.408816 0.632989 0.410269 0.633803 0.411927 0.655984 0.454626 0.656874 0.456249 0.657711 0.457603 0.658370 0.458483 0.658748 0.458754 0.662511 0.460170 0.664390 0.459710 0.681628 0.450755 0.651780 0.393296 0.634542 0.402251 0.633004 0.403368 0.632039 0.407338
0 0.527847 0.381662 0.546475 0.386323 0.551037 0.383425 0.551193 0.382914 0.551505 0.381765 0.551925 0.380152 0.552389 0.378322 0.556309 0.362655 0.564148 0.331320 0.564581 0.329567 0.564913 0.328171 0.565095 0.327347 0.565098 0.327218 0.562727 0.322195 0.556446 0.320623 0.543883 0.317480 0.528169 0.380294
0 0.592177 0.260716 0.603743 0.323672 0.622630 0.320202 0.626315 0.315349 0.626415 0.314743 0.626367 0.313503 0.626178 0.311818 0.625876 0.309944 0.620040 0.278176 0.617122 0.262292 0.616756 0.260531 0.616385 0.259167 0.616065 0.258405 0.612348 0.254440 0.593243 0.257950
0 0.628281 0.296024 0.628300 0.296834 0.630887 0.301697 0.643598 0.303217 0.649954 0.303977 0.651688 0.301711 0.659376 0.237419 0.640089 0.235113 0.635306 0.239402 0.635084 0.240110 0.634809 0.241436 0.634523 0.243179 0.634269 0.245075 0.628556 0.292851 0.628371 0.294626
0 0.071096 0.469930 0.109594 0.522388 0.111400 0.522285 0.114963 0.522080 0.127897 0.512588 0.089929 0.460851 0.084211 0.460305
0 0.111453 0.745972 0.125445 0.759445 0.129726 0.756480 0.174125 0.710373 0.169515 0.705933 0.160293 0.697053 0.153499 0.697992 0.152786 0.698519 0.151669 0.699498 0.150318 0.700779 0.148940 0.702168 0.137737 0.713801 0.115333 0.737067 0.114148 0.738340 0.113348 0.739292 0.113054 0.739779
0 0.696533 0.265253 0.708009 0.280649 0.759330 0.242396 0.762329 0.239417 0.750720 0.223843 0.744562 0.224306 0.743995 0.224624 0.742918 0.225357 0.741496 0.226392 0.715598 0.245695 0.702649 0.255347 0.701110 0.256519 0.699700 0.257640 0.698636 0.258538 0.698079 0.259076
0 0.424059 0.408161 0.435026 0.472299 0.435920 0.472680 0.451734 0.469975 0.440917 0.406719 0.440371 0.405856 0.440093 0.405419
0 0.358795 0.291771 0.360732 0.294627 0.402604 0.343041 0.414708 0.332573 0.413521 0.330244 0.371067 0.281157
0 0.695640 0.407245 0.699478 0.419458 0.701397 0.425564 0.762462 0.406373 0.765496 0.405291 0.759673 0.386759 0.754008 0.384879 0.753292 0.385064 0.751983 0.385449 0.750280 0.385975 0.704059 0.400501 0.702237 0.401083 0.700588 0.401628 0.699363 0.402052 0.698749 0.402292
0 0.695783 0.583943 0.697114 0.603099 0.699393 0.604291 0.763986 0.599805 0.763538 0.593345 0.762640 0.580427 0.757669 0.576575 0.756963 0.576499 0.755634 0.576486 0.753886 0.576537 0.751983 0.576645 0.735983 0.577756 0.703982 0.579979 0.702198 0.580128 0.700790 0.580296 0.699971 0.580458
0 0.416601 0.786301 0.417671 0.805696 0.421822 0.807763 0.422782 0.808051 0.424293 0.808195 0.426124 0.808174 0.458375 0.806395 0.474501 0.805505 0.476358 0.805322 0.477944 0.805007 0.479015 0.804608 0.482322 0.802129 0.482524 0.798676 0.481467 0.779502 0.417555 0.783028
