0 0.911643 0.767537 0.917368 0.771257 0.933368 0.773949 0.944135 0.709949 0.938044 0.707070 0.922263 0.704415
0 0.896030 0.285441 0.903489 0.349180 0.919424 0.347315 0.923305 0.345903 0.925272 0.345186 0.917708 0.280559 0.901551 0.282449
0 0.250520 0.878449 0.289750 0.930362 0.302728 0.920555 0.305441 0.914772 0.266750 0.863572 0.253951 0.873245 0.251674 0.876698
0 0.329853 0.170849 0.331798 0.174611 0.384038 0.211600 0.395135 0.195928 0.393997 0.189365 0.393557 0.188742 0.392581 0.187786 0.391218 0.186644 0.389676 0.185490 0.376496 0.176157 0.350135 0.157492 0.348662 0.156511 0.347494 0.155861 0.346809 0.155641 0.341078 0.154996 0.333595 0.165564
0 0.242672 0.814449 0.252559 0.827366 0.304229 0.787817 0.306921 0.783859 0.297170 0.771119 0.246210 0.810125 0.243862 0.812994
0 0.510432 0.375239 0.513997 0.394108 0.576893 0.382222 0.577783 0.380860 0.574176 0.361773 0.569914 0.359607 0.569645 0.359490 0.568692 0.359527 0.567200 0.359714 0.565395 0.360021 0.517788 0.369017 0.515962 0.369396 0.514407 0.369786 0.513361 0.370126 0.512982 0.370366 0.510552 0.373796
0 0.896233 0.482408 0.911986 0.493389 0.931725 0.493072 0.941314 0.479316 0.935812 0.475480 0.930309 0.471644 0.924806 0.467808 0.905384 0.469280 0.902903 0.469673 0.902162 0.470014 0.901116 0.470904 0.899924 0.472207 0.898766 0.473725 0.897817 0.475229 0.897220 0.476492 0.897066 0.477324
0 0.157156 0.966870 0.222001 0.972263 0.225824 0.965768 0.227154 0.949780 0.163200 0.944461 0.158504 0.950658
0 0.517945 0.488852 0.533771 0.491481 0.534242 0.491362 0.544907 0.427173 0.528859 0.424507 0.528593 0.425202 0.528462 0.425545
0 0.080557 0.522644 0.086212 0.537897 0.091902 0.537376 0.152074 0.515067 0.146497 0.500024 0.141568 0.500024
0 0.909823 0.615590 0.911494 0.621189 0.911756 0.621809 0.912528 0.622847 0.913692 0.624147 0.946929 0.658939 0.948319 0.660312 0.949732 0.661562 0.950957 0.662498 0.951806 0.662978 0.959288 0.663746 0.973333 0.650328 0.928607 0.603509 0.923708 0.602326 0.919079 0.606747
0 0.037009 0.178540 0.038915 0.185066 0.039122 0.185472 0.039861 0.186374 0.041019 0.187633 0.074452 0.222699 0.075844 0.224113 0.077245 0.225456 0.078442 0.226523 0.079252 0.227149 0.079553 0.227243 0.086471 0.228541 0.100369 0.215289 0.056199 0.168963 0.051067 0.165135 0.046381 0.169603 0.041695 0.174071
0 0.376823 0.771545 0.430316 0.808293 0.439503 0.794920 0.440333 0.790875 0.387574 0.754630 0.378513 0.767820 0.377391 0.770292
0 0.416815 0.302901 0.417765 0.305154 0.435074 0.313470 0.439598 0.310983 0.440117 0.310253 0.440838 0.308987 0.441651 0.307377 0.462489 0.264007 0.463277 0.262285 0.463927 0.260699 0.464339 0.259489 0.464451 0.258841 0.462365 0.252951 0.456529 0.250147 0.444856 0.244539
0 0.771883 0.288822 0.790951 0.291093 0.796600 0.287124 0.807194 0.279520 0.807660 0.278840 0.808146 0.277503 0.808578 0.275714 0.808889 0.273746 0.809032 0.271901 0.808984 0.270463 0.808754 0.269652 0.806874 0.264432 0.786892 0.262053 0.773775 0.272932
0 0.383099 0.251417 0.391246 0.257767 0.442241 0.282179 0.449907 0.267742 0.444910 0.263536 0.442378 0.261406 0.390715 0.237045
0 0.496515 0.666321 0.498177 0.670073 0.498526 0.670452 0.499528 0.671067 0.501031 0.671824 0.502805 0.672607 0.504578 0.673297 0.506077 0.673786 0.507072 0.674000 0.512002 0.672751 0.519718 0.654166 0.518817 0.647118 0.504038 0.640982 0.501583 0.646894 0.499129 0.652805 0.496675 0.658717
0 0.101352 0.589902 0.101481 0.591481 0.101882 0.593290 0.115085 0.639906 0.115692 0.641652 0.116408 0.643057 0.117123 0.643905 0.119905 0.647024 0.138595 0.641730 0.142726 0.640110 0.125282 0.578524 0.120949 0.579432 0.102260 0.584725 0.101513 0.588793
0 0.542245 0.245729 0.558125 0.247704 0.558933 0.244195 0.566942 0.179792 0.550841 0.177790 0.550606 0.179276 0.550143 0.182209
0 0.853461 0.470627 0.895916 0.518531 0.900493 0.518745 0.915031 0.505861 0.913522 0.500743 0.913290 0.499959 0.912558 0.498783 0.911437 0.497395 0.890014 0.473221 0.879302 0.461135 0.877973 0.459758 0.876648 0.458613 0.875531 0.457875 0.874792 0.457655 0.872085 0.457403 0.867832 0.457890
0 0.084473 0.431864 0.087174 0.437196 0.087571 0.437728 0.088548 0.438584 0.089958 0.439632 0.103181 0.448904 0.129628 0.467447 0.131243 0.468520 0.132805 0.469445 0.134075 0.470080 0.134858 0.470331 0.141633 0.469390 0.152657 0.453667 0.100247 0.416920 0.095625 0.415959 0.088190 0.426562
0 0.329584 0.471886 0.333220 0.476332 0.333367 0.476367 0.334243 0.476531 0.335716 0.476800 0.337562 0.477132 0.339496 0.477477 0.341222 0.477781 0.342475 0.477998 0.343065 0.478095 0.344911 0.478353 0.348477 0.478850 0.353128 0.475991 0.356512 0.457089 0.349637 0.455033 0.333130 0.452078
0 0.399401 0.632452 0.413771 0.645521 0.419112 0.644740 0.419252 0.644659 0.419868 0.644045 0.420865 0.642990 0.422092 0.641656 0.432958 0.629709 0.454690 0.605813 0.455949 0.604414 0.457039 0.603174 0.457792 0.602283 0.458095 0.601876 0.457824 0.596504 0.453089 0.592197 0.448353 0.587890 0.443618 0.583584 0.400551 0.630938
0 0.332994 0.297062 0.336346 0.309570 0.338023 0.315824 0.339874 0.317929 0.401701 0.301359 0.396730 0.282811 0.395536 0.280300 0.392090 0.278898 0.391592 0.278701 0.390457 0.278725 0.388857 0.278965 0.387037 0.279387 0.340238 0.291929 0.338490 0.292464 0.337094 0.293026 0.336264 0.293529
0 0.412726 0.122018 0.413723 0.126338 0.469193 0.158279 0.478776 0.141638 0.478530 0.137495 0.477671 0.134834 0.477323 0.134168 0.476388 0.133234 0.475009 0.132175 0.473395 0.131153 0.459400 0.123093 0.431409 0.106975 0.429821 0.106154 0.428513 0.105666 0.427684 0.105584 0.422419 0.105184 0.419188 0.110795 0.415957 0.116406
0 0.585144 0.442342 0.588824 0.445656 0.589074 0.445730 0.590019 0.445799 0.591513 0.445851 0.593331 0.445880 0.641446 0.446248 0.643325 0.446248 0.644994 0.446220 0.646202 0.446168 0.646762 0.446100 0.650876 0.442171 0.651025 0.422747 0.586277 0.422251 0.585291 0.423139 0.585193 0.435941
0 0.824296 0.759774 0.826986 0.765855 0.827100 0.766020 0.827850 0.766558 0.829122 0.767389 0.830724 0.768385 0.832409 0.769396 0.874180 0.793944 0.875679 0.794806 0.876752 0.795380 0.877233 0.795580 0.883868 0.795584 0.890430 0.784420 0.893710 0.778838 0.889210 0.775651 0.834026 0.743219
0 0.504209 0.765323 0.504258 0.768391 0.513183 0.785644 0.570693 0.755894 0.569885 0.752969 0.561062 0.735913 0.556489 0.735390 0.555498 0.735607 0.554070 0.736149 0.552421 0.736933 0.509683 0.759041 0.508050 0.759955 0.506668 0.760867 0.505747 0.761639 0.505428 0.762153
0 0.052903 0.072164 0.055696 0.079100 0.055983 0.079442 0.056867 0.080210 0.058211 0.081286 0.059810 0.082507 0.061422 0.083688 0.100550 0.111692 0.101944 0.112662 0.102917 0.113283 0.103324 0.113459 0.110065 0.114308 0.121241 0.098693 0.116862 0.094053 0.064209 0.056368
0 0.297186 0.248047 0.299968 0.251503 0.313749 0.259637 0.346285 0.204514 0.344867 0.201787 0.344148 0.200405 0.330175 0.192157
0 0.561808 0.237133 0.561831 0.237832 0.562059 0.239125 0.562458 0.240816 0.562966 0.242649 0.567534 0.258024 0.576671 0.288773 0.577216 0.290483 0.577719 0.291825 0.578103 0.292594 0.582227 0.295900 0.588362 0.294077 0.600634 0.290430 0.601797 0.288007 0.583354 0.225940 0.564734 0.231473
0 0.691657 0.695384 0.693873 0.697643 0.756991 0.712087 0.759880 0.699464 0.761324 0.693152 0.757492 0.687794 0.756795 0.687464 0.755490 0.687022 0.753778 0.686534 0.751916 0.686075 0.736282 0.682497 0.720647 0.678919 0.705012 0.675341 0.703270 0.674976 0.701899 0.674758 0.701105 0.674720 0.695941 0.676665
0 0.214735 0.738332 0.229564 0.745021 0.233283 0.741652 0.259671 0.683154 0.245047 0.676557 0.242688 0.678190 0.241492 0.679019
0 0.472490 0.600281 0.478696 0.615318 0.538843 0.590492 0.532637 0.575456 0.532188 0.574418 0.472868 0.598902
0 0.318121 0.026364 0.322870 0.091089 0.325299 0.096698 0.341259 0.095527 0.336576 0.031690 0.334303 0.025177
0 0.688178 0.341013 0.703540 0.352534 0.705894 0.350829 0.744743 0.299030 0.734383 0.291260 0.729203 0.287375 0.723058 0.288999 0.722543 0.289571 0.721669 0.290641 0.720567 0.292047 0.719404 0.293574 0.700157 0.319236 0.690534 0.332068 0.689479 0.333497 0.688683 0.334623 0.688266 0.335275
0 0.517657 0.696820 0.517738 0.697726 0.517820 0.698641 0.517903 0.699564 0.566734 0.742569 0.577486 0.730361 0.576420 0.727193 0.528260 0.684780
0 0.204508 0.815899 0.215101 0.828245 0.264484 0.785875 0.265574 0.784553 0.267723 0.781944 0.257276 0.769768 0.208571 0.811555
0 0.342295 0.064704 0.346425 0.083684 0.348181 0.088443 0.351778 0.089395 0.352964 0.089631 0.354599 0.089605 0.356436 0.089321 0.372109 0.085911 0.387781 0.082501 0.403453 0.079091 0.405228 0.078589 0.406684 0.077942 0.407601 0.077249 0.410726 0.074834 0.409694 0.069918 0.408318 0.063591 0.405564 0.050937
