0 0.213059 0.332958 0.230622 0.395280 0.233701 0.396477 0.252184 0.391268 0.253598 0.386359 0.253589 0.385481 0.253349 0.384063 0.252915 0.382321 0.244214 0.351446 0.239863 0.336008 0.239295 0.334192 0.238677 0.332565 0.238102 0.331371 0.237656 0.330795 0.231756 0.327689
0 0.336688 0.952482 0.339361 0.968528 0.403545 0.957833 0.404872 0.951537 0.402235 0.935712 0.338933 0.946260 0.337443 0.950389
0 0.179919 0.932543 0.196247 0.943065 0.202587 0.940046 0.202781 0.939774 0.203371 0.938886 0.204268 0.937519 0.205334 0.935880 0.206409 0.934218 0.223785 0.907254 0.232473 0.893772 0.233401 0.892327 0.234048 0.891306 0.234317 0.890865 0.234392 0.884196 0.218251 0.873794 0.214993 0.878116
0 0.496256 0.585150 0.521719 0.645030 0.536689 0.638664 0.536184 0.636757 0.511071 0.577701 0.496307 0.583979 0.496290 0.584366 0.496273 0.584756
0 0.236316 0.703485 0.256732 0.765268 0.272178 0.760164 0.275311 0.756587 0.255176 0.695653 0.239943 0.700687 0.238745 0.701611
0 0.915442 0.525904 0.975848 0.547570 0.980251 0.548010 0.982483 0.548233 0.987975 0.532921 0.926726 0.510953 0.920858 0.510803
0 0.814226 0.252215 0.825474 0.267778 0.829237 0.265093 0.881716 0.227167 0.870338 0.211423 0.863661 0.211867 0.863219 0.212159 0.862218 0.212863 0.860810 0.213874 0.847721 0.223333 0.834631 0.232793 0.821542 0.242253 0.819955 0.243407 0.818442 0.244519 0.817236 0.245419 0.816520 0.245970 0.816400 0.246090
0 0.618044 0.109998 0.618181 0.112571 0.618270 0.113355 0.618836 0.114563 0.619791 0.116011 0.620991 0.117481 0.642431 0.141341 0.653151 0.153271 0.654423 0.154551 0.655582 0.155455 0.656455 0.155848 0.660827 0.157609 0.675111 0.144774 0.677135 0.140667 0.633858 0.092505 0.624225 0.101161 0.619409 0.105489
0 0.301234 0.582988 0.301594 0.583996 0.302324 0.585428 0.303314 0.587064 0.304411 0.588652 0.305446 0.589948 0.306262 0.590755 0.306734 0.590951 0.310566 0.592260 0.319227 0.588042 0.324601 0.584564 0.329974 0.581086 0.335347 0.577607 0.326652 0.564174 0.318346 0.567249 0.301454 0.578183
0 0.203844 0.452179 0.246508 0.500885 0.249405 0.500874 0.254220 0.496657 0.263850 0.488221 0.263166 0.483092 0.262742 0.482326 0.261890 0.481164 0.260739 0.479784 0.250171 0.467719 0.239603 0.455655 0.229034 0.443590 0.227750 0.442190 0.226517 0.440971 0.225523 0.440119 0.224918 0.439763 0.218455 0.439380
0 0.355365 0.413377 0.362915 0.423898 0.366691 0.429158 0.368214 0.429968 0.372183 0.430631 0.372650 0.430508 0.373640 0.429977 0.375003 0.429119 0.376532 0.428064 0.415624 0.400010 0.417098 0.398909 0.418306 0.397923 0.419064 0.397200 0.419256 0.396850 0.420218 0.392648 0.409022 0.377047 0.407970 0.375625
0 0.562021 0.589177 0.568482 0.607260 0.569274 0.608500 0.573126 0.610204 0.573569 0.610225 0.574640 0.609996 0.576175 0.609550 0.577941 0.608955 0.608358 0.598086 0.623566 0.592651 0.625279 0.592003 0.626663 0.591405 0.627509 0.590950 0.627686 0.590707 0.630247 0.586712 0.623711 0.568420 0.622297 0.567638
0 0.757348 0.367781 0.759549 0.373792 0.763951 0.385813 0.769725 0.387472 0.770405 0.387239 0.771670 0.386786 0.773328 0.386182 0.803449 0.375151 0.818510 0.369635 0.820323 0.368968 0.822029 0.368333 0.823370 0.367826 0.824142 0.367526 0.824225 0.367477 0.827804 0.362226 0.821124 0.343986 0.760323 0.366252
0 0.854084 0.281467 0.854306 0.285409 0.854432 0.286554 0.854947 0.288065 0.855774 0.289716 0.856788 0.291257 0.857834 0.292454 0.858756 0.293128 0.862077 0.295330 0.879424 0.285524 0.891046 0.278823 0.896857 0.275472 0.888481 0.260945 0.871048 0.270996
0 0.712564 0.375305 0.717242 0.390608 0.735606 0.384995 0.746894 0.379485 0.748264 0.375384 0.748235 0.374199 0.747952 0.372545 0.747458 0.370674 0.746829 0.368873 0.746162 0.367419 0.745559 0.366535 0.741992 0.363448 0.735577 0.365409 0.722748 0.369331
0 0.185246 0.757715 0.218583 0.813222 0.224134 0.809889 0.235236 0.803221 0.238262 0.799755 0.238361 0.796149 0.238115 0.794923 0.237506 0.793365 0.236627 0.791709 0.211854 0.750460 0.210830 0.748947 0.209810 0.747793 0.208947 0.747173 0.205306 0.744882 0.188844 0.754769
0 0.458995 0.758198 0.475609 0.760469 0.478334 0.740531 0.479325 0.729534 0.476175 0.726481 0.475167 0.726087 0.473638 0.725707 0.471821 0.725398 0.469988 0.725208 0.468418 0.725164 0.467347 0.725274 0.463470 0.727367 0.461720 0.738260 0.460811 0.744906 0.459903 0.751552
0 0.195084 0.746679 0.201490 0.758466 0.204693 0.764359 0.219426 0.756352 0.232254 0.744631 0.223085 0.727759 0.216986 0.727299 0.216385 0.727544 0.215224 0.728120 0.213681 0.728940 0.211988 0.729879 0.210400 0.730797 0.209158 0.731554 0.208451 0.732035 0.201590 0.737495 0.198037 0.740323 0.197959 0.740470
0 0.836584 0.203162 0.842007 0.206160 0.843308 0.206506 0.845053 0.206733 0.893009 0.210663 0.894948 0.210738 0.896800 0.210650 0.898285 0.210412 0.899177 0.210059 0.905009 0.205018 0.906595 0.185658 0.842062 0.180370 0.838153 0.184023 0.837107 0.196782
0 0.821262 0.480835 0.866816 0.525802 0.871057 0.526100 0.880155 0.516884 0.884703 0.512276 0.882989 0.507118 0.882672 0.506389 0.881841 0.505290 0.880622 0.503989 0.846141 0.469953 0.844730 0.468658 0.843355 0.467579 0.842224 0.466879 0.841511 0.466664 0.838623 0.466789 0.834752 0.467169
0 0.034209 0.905050 0.052276 0.912184 0.059400 0.908151 0.060115 0.907271 0.060990 0.905846 0.061890 0.904091 0.062681 0.902273 0.068572 0.887355 0.074463 0.872436 0.080353 0.857518 0.080920 0.855899 0.081181 0.854711 0.080902 0.847937 0.074949 0.845586 0.063042 0.840884 0.057989 0.844826
0 0.208873 0.117649 0.211548 0.121162 0.212867 0.122894 0.276238 0.131910 0.278492 0.116067 0.275411 0.110727 0.211159 0.101586
0 0.521639 0.865248 0.521941 0.870341 0.535767 0.878913 0.570052 0.823609 0.569089 0.819159 0.555453 0.810705
0 0.266550 0.359168 0.279956 0.373225 0.282471 0.374674 0.328791 0.330496 0.319956 0.321232 0.315538 0.316600 0.313405 0.314480 0.309131 0.315157 0.308158 0.315674 0.306877 0.316620 0.305484 0.317851 0.270424 0.351290 0.269143 0.352609 0.268180 0.353803 0.267681 0.354690
0 0.214803 0.144234 0.249307 0.199024 0.252173 0.202464 0.268422 0.192231 0.268549 0.185912 0.268251 0.185379 0.267592 0.184293 0.266671 0.182817 0.258124 0.169245 0.249577 0.155673 0.241030 0.142101 0.239981 0.140449 0.238954 0.138859 0.238106 0.137571 0.237564 0.136781 0.237413 0.136613 0.231240 0.133883
0 0.508736 0.950970 0.508816 0.955131 0.508857 0.957241 0.516538 1.000000 0.532872 1.000000 0.524619 0.949019
0 0.548689 0.215677 0.567782 0.217735 0.572117 0.213301 0.572251 0.212556 0.572445 0.211190 0.572668 0.209411 0.572886 0.207491 0.578080 0.159321 0.578258 0.157567 0.578367 0.156263 0.578392 0.155606 0.575507 0.150095 0.556194 0.148013 0.555551 0.152036
0 0.073426 0.840197 0.075141 0.844955 0.075852 0.846401 0.076955 0.847893 0.108698 0.884496 0.110016 0.885795 0.111337 0.886692 0.115848 0.889113 0.120740 0.884871 0.130523 0.876387 0.134746 0.872084 0.092809 0.823727 0.088101 0.827470 0.083209 0.831712
0 0.298133 0.642641 0.298235 0.643798 0.298575 0.645399 0.299101 0.647198 0.309198 0.677879 0.314247 0.693220 0.314875 0.694930 0.315505 0.696275 0.316039 0.697051 0.319807 0.700216 0.332108 0.696168 0.338258 0.694144 0.340107 0.691925 0.320098 0.631124 0.301857 0.637126 0.299566 0.638712 0.298285 0.642104
0 0.707984 0.551827 0.709238 0.557135 0.709794 0.557755 0.710816 0.558736 0.712152 0.559927 0.736378 0.580953 0.748492 0.591466 0.749948 0.592697 0.751314 0.593790 0.752384 0.594580 0.752995 0.594946 0.759290 0.594866 0.763534 0.589976 0.772022 0.580196 0.723121 0.537756 0.720571 0.537324
0 0.334052 0.753614 0.334865 0.759628 0.346336 0.765638 0.352072 0.768642 0.353763 0.765572 0.383466 0.708872 0.366456 0.699961 0.360987 0.702281 0.360632 0.702874 0.359989 0.704031 0.359155 0.705576 0.358258 0.707273 0.350763 0.721579 0.343269 0.735884 0.335775 0.750190 0.334958 0.751766 0.334353 0.752969
0 0.674847 0.158488 0.683988 0.175376 0.740280 0.144905 0.743058 0.140799 0.733811 0.123717 0.727890 0.123906 0.727223 0.123983 0.726012 0.124449 0.724441 0.125233 0.710238 0.132921 0.696035 0.140609 0.681832 0.148297 0.680154 0.149272 0.678639 0.150282 0.677517 0.151173 0.676959 0.151808
0 0.430809 0.694049 0.447409 0.704135 0.452606 0.702044 0.453098 0.701373 0.453879 0.700182 0.454829 0.698650 0.463215 0.684848 0.471601 0.671046 0.479987 0.657243 0.480955 0.655618 0.481784 0.654159 0.482349 0.653091 0.482563 0.652575 0.481248 0.647098 0.475777 0.643774 0.464836 0.637127 0.431600 0.691831
0 0.357667 0.330689 0.357792 0.331540 0.358115 0.332978 0.358589 0.334783 0.359139 0.336679 0.359683 0.338373 0.360135 0.339607 0.360428 0.340193 0.362070 0.342074 0.365241 0.345705 0.370335 0.348711 0.388842 0.343589 0.384574 0.328166 0.379044 0.319933 0.372579 0.321722 0.366115 0.323511 0.359650 0.325301
