0 0.691436 0.610223 0.693280 0.629337 0.697942 0.633376 0.698570 0.633517 0.699838 0.633566 0.701551 0.633515 0.703450 0.633373 0.751676 0.628721 0.753455 0.628509 0.754828 0.628262 0.755586 0.628017 0.759965 0.624616 0.758100 0.605281 0.755150 0.604078
0 0.027485 0.270744 0.035034 0.285718 0.056293 0.295515 0.073439 0.286870 0.073176 0.280413 0.072791 0.279183 0.072074 0.277596 0.071133 0.275894 0.070110 0.274331 0.069159 0.273146 0.068425 0.272518 0.053009 0.264392 0.045453 0.261685
0 0.228790 0.403928 0.243171 0.411440 0.246694 0.412655 0.276329 0.355919 0.273218 0.353915 0.258837 0.346403
0 0.415890 0.531661 0.416831 0.536504 0.433421 0.546607 0.434182 0.546075 0.467475 0.491405 0.456541 0.484746 0.451074 0.481417 0.450509 0.481202 0.446026 0.482176 0.445763 0.482467 0.445157 0.483343 0.444298 0.484673 0.443319 0.486252 0.426519 0.513839 0.418119 0.527633 0.417177 0.529209 0.416422 0.530528 0.415970 0.531389
0 0.296450 0.334659 0.298777 0.336549 0.314080 0.348149 0.352747 0.297139 0.351044 0.294793 0.335564 0.283059 0.331235 0.284692 0.330411 0.285287 0.329335 0.286378 0.328170 0.287799 0.298902 0.326410 0.297835 0.327933 0.297038 0.329313 0.296632 0.330340
0 0.113146 0.378022 0.125412 0.441924 0.130563 0.442723 0.146319 0.439699 0.134222 0.376675 0.132538 0.376107 0.129122 0.374955
0 0.204380 0.546385 0.216493 0.557243 0.217804 0.556978 0.220391 0.556455 0.263226 0.508669 0.251280 0.497961 0.247812 0.497932
0 0.621966 0.161808 0.622086 0.163197 0.622378 0.164962 0.622798 0.166835 0.626734 0.182383 0.634608 0.213480 0.635095 0.215190 0.635579 0.216492 0.635987 0.217189 0.639754 0.221007 0.658370 0.216294 0.660201 0.213014 0.644309 0.150245 0.638032 0.151834 0.625478 0.155013 0.622036 0.161005
0 0.702260 0.289961 0.705623 0.293483 0.706399 0.293997 0.707748 0.294573 0.709466 0.295126 0.755785 0.308157 0.757625 0.308605 0.759321 0.308886 0.760617 0.308955 0.761315 0.308803 0.763877 0.307296 0.766928 0.305068 0.772189 0.286369 0.709859 0.268834 0.707461 0.271476 0.705727 0.277638
0 0.394058 0.402210 0.394079 0.403705 0.394170 0.405530 0.397287 0.453880 0.397433 0.455742 0.397611 0.457342 0.397793 0.458435 0.397951 0.458857 0.401204 0.461616 0.402333 0.462054 0.408721 0.461643 0.415109 0.461231 0.421496 0.460819 0.417380 0.396943 0.416424 0.395751 0.397040 0.397000 0.394225 0.401037 0.394109 0.401274
0 0.503608 0.281864 0.505556 0.285055 0.505897 0.285453 0.506883 0.286019 0.508361 0.286666 0.510108 0.287297 0.540581 0.297315 0.555818 0.302324 0.557583 0.302847 0.559110 0.303188 0.560169 0.303295 0.560597 0.303150 0.564416 0.301854 0.570413 0.283611 0.571227 0.281110 0.509716 0.260888 0.503650 0.279342
0 0.100964 0.266952 0.136938 0.320788 0.141088 0.322836 0.146410 0.319280 0.157054 0.312167 0.156555 0.306349 0.156358 0.305697 0.155746 0.304544 0.154813 0.303064 0.145902 0.289728 0.128080 0.263057 0.126959 0.261464 0.125813 0.259987 0.124814 0.258849 0.124114 0.258226 0.117114 0.256160
0 0.830113 0.100412 0.834536 0.105039 0.843382 0.114293 0.849989 0.112726 0.850353 0.112437 0.851220 0.111647 0.852460 0.110476 0.875648 0.088311 0.887242 0.077228 0.888675 0.075845 0.890094 0.074449 0.891285 0.073251 0.892068 0.072434 0.892320 0.072123 0.894158 0.065092 0.880735 0.051050 0.833930 0.095791
0 0.914587 0.540636 0.920714 0.555464 0.926580 0.556237 0.986717 0.531388 0.980505 0.516353 0.973897 0.516128
0 0.034270 0.772607 0.049953 0.776927 0.054098 0.774377 0.056142 0.773119 0.073185 0.711250 0.057718 0.706989 0.051551 0.709875
0 0.021379 0.478252 0.021428 0.480158 0.021739 0.482075 0.022263 0.483708 0.024825 0.488104 0.046551 0.488648 0.052924 0.488047 0.065669 0.486844 0.064166 0.470913 0.043285 0.469519 0.023251 0.471409 0.021597 0.476650
0 0.866067 0.348962 0.869494 0.367857 0.875298 0.370192 0.875906 0.370150 0.877162 0.369968 0.878876 0.369674 0.910439 0.363949 0.926220 0.361086 0.928144 0.360721 0.930001 0.360339 0.931510 0.359996 0.932441 0.359746 0.932650 0.359626 0.937476 0.354773 0.936321 0.348402 0.934010 0.335660 0.870300 0.347216
0 0.607639 0.599691 0.610710 0.618646 0.611990 0.620018 0.615103 0.622388 0.615618 0.622491 0.616784 0.622461 0.618423 0.622301 0.620284 0.622037 0.668110 0.614288 0.669896 0.613962 0.671318 0.613625 0.672161 0.613330 0.675906 0.609663 0.673835 0.596879 0.672799 0.590488 0.670824 0.589454
0 0.343793 0.438877 0.395467 0.478422 0.396904 0.478719 0.406655 0.465978 0.355692 0.426977 0.353679 0.425958
0 0.256686 0.167317 0.288154 0.223905 0.290576 0.227060 0.307358 0.217728 0.307926 0.211592 0.307633 0.211001 0.307018 0.209852 0.306173 0.208319 0.298378 0.194301 0.282788 0.166267 0.281836 0.164569 0.280914 0.162954 0.280161 0.161663 0.279693 0.160896 0.279580 0.160769 0.273662 0.157876
0 0.201018 0.185413 0.204436 0.189009 0.219374 0.201074 0.259593 0.151279 0.256814 0.147247 0.251777 0.143178 0.241702 0.135042 0.236817 0.137585 0.235632 0.138535 0.234398 0.139882 0.224250 0.152446 0.203955 0.177574 0.202868 0.179101 0.202104 0.180563 0.201779 0.181736
0 0.187997 0.481931 0.250762 0.497838 0.253611 0.497863 0.255184 0.491658 0.258328 0.479248 0.254676 0.474771 0.253938 0.474543 0.252608 0.474178 0.250888 0.473733 0.235340 0.469792 0.219793 0.465852 0.204245 0.461912 0.202382 0.461449 0.200646 0.461037 0.199298 0.460737 0.198545 0.460594 0.192769 0.463102
0 0.233766 0.616665 0.272658 0.668432 0.275256 0.666507 0.290609 0.654973 0.290423 0.650622 0.290030 0.649619 0.289249 0.648260 0.288198 0.646749 0.278564 0.633925 0.268930 0.621102 0.259296 0.608279 0.258127 0.606834 0.257008 0.605665 0.256108 0.604947 0.252162 0.603797 0.249296 0.604997
0 0.542470 0.861587 0.542961 0.865768 0.603212 0.889482 0.610326 0.871407 0.609065 0.867161 0.608023 0.864723 0.607539 0.864108 0.606447 0.863319 0.604915 0.862477 0.603174 0.861708 0.588250 0.855833 0.558400 0.844085 0.556702 0.843501 0.555290 0.843185 0.554379 0.843185 0.549503 0.843719 0.544814 0.855631
0 0.644960 0.862579 0.645374 0.868967 0.646202 0.881742 0.647892 0.886156 0.712506 0.881968 0.711250 0.862584 0.708835 0.858440 0.705951 0.856648 0.704679 0.856317 0.702968 0.856152 0.701078 0.856178 0.653061 0.859290 0.651263 0.859503 0.649817 0.859872 0.648941 0.860342
0 0.648901 0.794081 0.650977 0.798182 0.663754 0.808250 0.704028 0.757143 0.701223 0.753607 0.688622 0.743677
0 0.609747 0.872877 0.611959 0.879644 0.617595 0.882831 0.628867 0.889205 0.660739 0.832844 0.658902 0.829040 0.642187 0.819587 0.637905 0.822338 0.637237 0.822887 0.636366 0.824005 0.635424 0.825524 0.611739 0.867407 0.610861 0.869107 0.610175 0.870742 0.609783 0.872066
0 0.320696 0.560938 0.325075 0.565707 0.329455 0.570476 0.333835 0.575244 0.335734 0.574384 0.382878 0.531088 0.369889 0.516945 0.364321 0.516552 0.363871 0.516823 0.362946 0.517552 0.361686 0.518628 0.360283 0.519887 0.324599 0.552659 0.323280 0.553899 0.322256 0.554920 0.321683 0.555568 0.321648 0.555743
0 0.926480 0.112926 0.934213 0.126983 0.990440 0.096052 0.997279 0.090419 0.989438 0.076166 0.932426 0.107529
0 0.542190 0.771302 0.542376 0.772004 0.542796 0.773290 0.543386 0.774964 0.544056 0.776770 0.555523 0.806966 0.561257 0.822063 0.561899 0.823712 0.562410 0.824937 0.562712 0.825553 0.567677 0.829081 0.585837 0.822185 0.584855 0.818502 0.562130 0.758663 0.550162 0.763208 0.544178 0.765481
0 0.664141 0.181268 0.727651 0.189246 0.730283 0.185653 0.732704 0.166380 0.727776 0.163306 0.726388 0.162858 0.724608 0.162538 0.692560 0.158512 0.676536 0.156499 0.674650 0.156359 0.672961 0.156420 0.671727 0.156675 0.668459 0.158310 0.666534 0.162215 0.664938 0.174917
0 0.926024 0.781582 0.935749 0.794342 0.941825 0.798446 0.993575 0.759001 0.983714 0.746063 0.977062 0.742680
