0 0.088871 0.126980 0.094524 0.132110 0.145455 0.171154 0.155216 0.158421 0.152026 0.155260 0.150408 0.153658 0.098768 0.114070
0 0.205353 0.853924 0.205418 0.854563 0.206757 0.860773 0.219731 0.864187 0.226218 0.865893 0.238735 0.849164 0.242807 0.833689 0.224236 0.828802 0.218330 0.832884 0.208269 0.844774 0.207773 0.845615 0.207157 0.847067 0.206515 0.848911 0.205946 0.850864 0.205538 0.852625
0 0.556466 0.191356 0.565082 0.208518 0.570193 0.208854 0.571048 0.208710 0.572390 0.208227 0.574017 0.207477 0.588351 0.200281 0.617019 0.185889 0.618696 0.184981 0.620181 0.184044 0.621249 0.183222 0.621738 0.182639 0.623701 0.176097 0.614986 0.158737 0.557119 0.187788
0 0.325763 0.918646 0.333680 0.937146 0.349097 0.930548 0.355996 0.910863 0.348442 0.893209 0.342271 0.893004 0.340953 0.893326 0.339302 0.893947 0.337566 0.894775 0.336009 0.895684 0.334864 0.896538 0.334309 0.897206 0.330409 0.906553 0.328390 0.911394
0 0.268626 0.929167 0.272718 0.932611 0.274045 0.933412 0.275752 0.934089 0.291141 0.938989 0.321918 0.948788 0.323731 0.949232 0.325360 0.949372 0.330324 0.948811 0.332263 0.943681 0.338089 0.925383 0.277097 0.905964 0.274520 0.910657 0.272555 0.916827
0 0.883656 0.354273 0.889420 0.357057 0.895184 0.359840 0.900949 0.362623 0.907914 0.360510 0.908613 0.359994 0.909527 0.358892 0.910518 0.357371 0.911432 0.355664 0.918455 0.341121 0.932500 0.312034 0.933192 0.310415 0.933550 0.309143 0.933740 0.302728 0.916247 0.294281 0.911490 0.296632
0 0.798002 0.471237 0.857639 0.494938 0.862625 0.494867 0.868633 0.479750 0.808165 0.455718 0.803927 0.456327
0 0.350933 0.877019 0.397010 0.922510 0.410657 0.908687 0.411678 0.904015 0.411424 0.901499 0.411279 0.900712 0.410635 0.899531 0.409591 0.898137 0.408304 0.896739 0.396891 0.885470 0.385477 0.874202 0.374063 0.862934 0.372720 0.861734 0.371513 0.860907 0.370625 0.860575 0.366128 0.859045 0.361631 0.863600 0.352637 0.872710
0 0.454428 0.736289 0.466320 0.751648 0.471528 0.751200 0.472326 0.750840 0.473548 0.750066 0.475007 0.748997 0.513316 0.719335 0.514778 0.718142 0.516008 0.717018 0.516819 0.716133 0.517088 0.715623 0.517516 0.712007 0.517316 0.709584 0.513398 0.704523 0.505560 0.694400 0.454949 0.733588
0 0.127227 0.590966 0.141496 0.598776 0.146426 0.597418 0.177238 0.541124 0.163164 0.533421 0.160048 0.533730 0.158468 0.533887
0 0.430543 0.866352 0.495287 0.869022 0.495811 0.857970 0.496307 0.843009 0.488269 0.842125 0.456168 0.840801 0.440117 0.840140 0.431884 0.840352 0.430644 0.855283
0 0.205914 0.707166 0.224209 0.713693 0.230287 0.710649 0.230765 0.710026 0.231417 0.708808 0.232141 0.707182 0.232830 0.705393 0.238219 0.690287 0.243608 0.675180 0.248996 0.660073 0.249549 0.658380 0.249887 0.657027 0.249959 0.656218 0.248867 0.650962 0.242838 0.648811 0.230780 0.644510 0.227668 0.646181
0 0.619938 0.970708 0.621325 0.976151 0.639499 0.983008 0.644072 0.978342 0.644735 0.977231 0.645428 0.975622 0.662532 0.930291 0.663143 0.928444 0.663575 0.926653 0.663762 0.925195 0.663676 0.924290 0.660501 0.917600 0.654513 0.915340 0.642535 0.910820
0 0.014367 0.150576 0.014423 0.152393 0.014744 0.154398 0.015280 0.156285 0.015948 0.157764 0.016647 0.158611 0.017836 0.159534 0.039881 0.175101 0.058991 0.173220 0.057424 0.157294 0.036219 0.140875 0.016193 0.142846 0.014585 0.149229
0 0.560918 0.324757 0.624381 0.333097 0.625819 0.331167 0.626663 0.324747 0.628350 0.311908 0.624693 0.308679 0.623792 0.308327 0.622327 0.307979 0.620521 0.307687 0.588497 0.303479 0.572484 0.301375 0.570627 0.301185 0.569018 0.301130 0.567901 0.301216 0.567447 0.301431 0.564153 0.303472 0.563419 0.305718
0 0.173019 0.113771 0.176756 0.118185 0.190438 0.131659 0.195233 0.129685 0.196556 0.128848 0.197927 0.127633 0.209181 0.116205 0.220435 0.104777 0.231688 0.093349 0.232911 0.091930 0.233808 0.090512 0.234244 0.089310 0.235350 0.086051 0.232290 0.081265 0.218450 0.067635
0 0.424237 0.395886 0.428224 0.460833 0.428556 0.461014 0.429211 0.461371 0.445224 0.460388 0.441292 0.396335 0.440474 0.394889
0 0.648780 0.682004 0.650500 0.684108 0.663934 0.698138 0.710700 0.653356 0.697266 0.639326 0.695011 0.637734 0.691303 0.638136 0.690785 0.638208 0.689818 0.638776 0.688549 0.639752 0.687170 0.640989 0.675585 0.652082 0.664001 0.663175 0.652417 0.674268 0.651126 0.675587 0.650111 0.676799 0.649523 0.677719
0 0.580124 0.105950 0.608002 0.163569 0.622406 0.156600 0.624109 0.151824 0.595843 0.093404 0.581238 0.100470 0.580863 0.102313
0 0.436552 0.632375 0.436592 0.632565 0.439459 0.636977 0.452318 0.638509 0.458748 0.639275 0.459219 0.637683 0.466791 0.574123 0.447723 0.571851 0.443446 0.575032 0.443328 0.575497 0.443140 0.576623 0.442912 0.578241 0.442677 0.580103 0.438856 0.612176 0.436946 0.628213 0.436743 0.630019 0.436605 0.631481
0 0.432500 0.343660 0.433271 0.345447 0.452372 0.347423 0.456032 0.343716 0.456127 0.343557 0.456284 0.342693 0.456477 0.341258 0.456678 0.339467 0.461629 0.291606 0.461808 0.289719 0.461940 0.288008 0.462005 0.286732 0.461993 0.286085 0.458484 0.281253 0.439162 0.279254
0 0.317347 0.237422 0.319577 0.243631 0.320140 0.244138 0.321266 0.244907 0.322784 0.245818 0.324463 0.246736 0.338685 0.254151 0.367129 0.268981 0.368728 0.269773 0.370015 0.270323 0.370797 0.270550 0.376192 0.270016 0.385070 0.252989 0.383741 0.250133 0.326327 0.220198 0.320340 0.231681
0 0.390660 0.095611 0.391910 0.100233 0.397889 0.118481 0.401967 0.119116 0.403069 0.119216 0.404625 0.119013 0.406399 0.118540 0.421641 0.113546 0.452125 0.103558 0.453862 0.102881 0.455313 0.102098 0.456256 0.101328 0.458716 0.098552 0.458239 0.093910 0.454207 0.081604 0.452191 0.075451
0 0.060436 0.322512 0.071156 0.338711 0.076057 0.340555 0.078303 0.340882 0.079165 0.340889 0.080506 0.340490 0.082120 0.339747 0.083765 0.338773 0.097141 0.329922 0.110516 0.321071 0.123892 0.312219 0.125329 0.311154 0.126353 0.310151 0.129437 0.305231 0.125905 0.299893 0.118840 0.289217 0.114433 0.286780
0 0.524849 0.143184 0.526566 0.159094 0.539294 0.157720 0.545658 0.157033 0.549175 0.151473 0.550932 0.139023 0.550960 0.138150 0.550903 0.136649 0.550768 0.134749 0.550576 0.132740 0.550356 0.130931 0.550142 0.129600 0.549967 0.128951 0.546046 0.123929 0.526039 0.126089
0 0.465691 0.400796 0.468448 0.405443 0.486883 0.410819 0.504801 0.349369 0.504856 0.347627 0.498640 0.345814 0.486208 0.342189 0.481910 0.345173 0.481783 0.345322 0.481469 0.346155 0.481015 0.347549 0.480491 0.349288 0.475970 0.364793 0.466929 0.395801 0.466419 0.397608 0.466004 0.399193 0.465749 0.400312
0 0.253571 0.830509 0.255132 0.849871 0.319672 0.844669 0.321733 0.840730 0.321219 0.834349 0.320705 0.827969 0.320190 0.821589 0.315535 0.819694 0.314700 0.819421 0.313282 0.819308 0.311495 0.819373 0.295508 0.820661 0.263534 0.823238 0.261636 0.823471 0.259901 0.823838 0.258590 0.824283 0.257905 0.824741 0.256388 0.826731
0 0.589722 0.461353 0.626017 0.514278 0.627774 0.514477 0.641190 0.505276 0.604389 0.451614 0.602953 0.452279
0 0.414994 0.922593 0.431812 0.932313 0.437051 0.929102 0.437505 0.928674 0.438244 0.927636 0.439156 0.926143 0.447238 0.912161 0.463401 0.884196 0.464338 0.882490 0.465151 0.880844 0.465714 0.879509 0.465944 0.878690 0.464622 0.871954 0.459081 0.868750 0.453539 0.865547 0.447997 0.862344 0.415966 0.917762
0 0.872259 0.888464 0.872318 0.890198 0.873674 0.906179 0.876387 0.938142 0.876641 0.940092 0.877054 0.941977 0.877564 0.943513 0.878093 0.944464 0.884182 0.949952 0.903537 0.948309 0.898062 0.883792 0.893512 0.879405 0.880756 0.880487 0.874378 0.881029 0.872405 0.887197
0 0.230930 0.232312 0.234630 0.235993 0.249597 0.241771 0.272710 0.181903 0.269541 0.177468 0.254365 0.171609
0 0.201663 0.622198 0.214610 0.622458 0.221084 0.622588 0.224272 0.621187 0.226372 0.618738 0.226740 0.618215 0.227066 0.617039 0.227301 0.615391 0.227410 0.613519 0.228377 0.565412 0.228343 0.563588 0.228171 0.562073 0.227889 0.561097 0.225559 0.557191 0.206360 0.556805 0.202965 0.557462
0 0.098785 0.155903 0.135365 0.213819 0.144617 0.208638 0.153012 0.203570 0.157240 0.201016 0.153310 0.193405 0.135196 0.164407 0.126050 0.149767 0.121005 0.143027 0.111339 0.147705
0 0.357092 0.917026 0.357315 0.920263 0.357839 0.921531 0.358756 0.923039 0.359927 0.924556 0.370451 0.936807 0.391499 0.961308 0.392735 0.962592 0.393839 0.963437 0.399284 0.966140 0.404196 0.961921 0.414019 0.953483 0.415002 0.948299 0.373292 0.899746 0.358726 0.912259
0 0.221083 0.730284 0.225806 0.745851 0.288072 0.726959 0.290986 0.723838 0.286328 0.708485 0.224918 0.727117
0 0.935037 0.429301 0.936830 0.493450 0.942921 0.493358 0.959182 0.492904 0.957363 0.427860 0.941102 0.428315
