0 0.381797 0.955669 0.384199 0.962189 0.403913 0.966223 0.408306 0.944907 0.411515 0.929229 0.392702 0.925379 0.387966 0.930044 0.387892 0.930252 0.383887 0.945620 0.383652 0.946604 0.383299 0.948187 0.382882 0.950130 0.382465 0.952135 0.382112 0.953892 0.381878 0.955133
0 0.911767 0.492441 0.931981 0.553349 0.938004 0.554092 0.953443 0.548968 0.932947 0.487212 0.926994 0.487388
0 0.459641 0.398396 0.460196 0.399793 0.475639 0.404142 0.493033 0.342370 0.492936 0.340172 0.477277 0.335763
0 0.810032 0.331447 0.810088 0.333245 0.810298 0.334683 0.810631 0.335544 0.812815 0.339882 0.825616 0.340055 0.832016 0.340141 0.847923 0.332482 0.848150 0.315715 0.828029 0.315443 0.813031 0.323881 0.811166 0.326038 0.810751 0.326635 0.810390 0.327872 0.810138 0.329562
0 0.124367 0.643215 0.128598 0.647211 0.129210 0.647689 0.130483 0.648264 0.132224 0.648847 0.134167 0.649349 0.136011 0.649693 0.137474 0.649826 0.138335 0.649729 0.142591 0.647967 0.150808 0.644565 0.156891 0.641189 0.158700 0.635049 0.162317 0.622769 0.146967 0.618247 0.130053 0.623913
0 0.050464 0.268171 0.054265 0.273971 0.054518 0.274120 0.055440 0.274567 0.056891 0.275243 0.058647 0.276045 0.060445 0.276851 0.104411 0.296402 0.105991 0.297097 0.107125 0.297581 0.107641 0.297779 0.114090 0.296829 0.121892 0.279283 0.117520 0.276731 0.058357 0.250422
0 0.429278 0.154048 0.429386 0.154716 0.429616 0.156050 0.429932 0.157847 0.430287 0.159831 0.430626 0.161697 0.430897 0.163158 0.431058 0.163993 0.431869 0.167947 0.432661 0.171808 0.433435 0.175581 0.433459 0.175648 0.437921 0.179957 0.456827 0.176597 0.454759 0.161102 0.451825 0.144592 0.432013 0.148112
0 0.857292 0.660003 0.860709 0.675636 0.865725 0.678079 0.929127 0.664218 0.925662 0.648368 0.923698 0.647683 0.919824 0.646333
0 0.270668 0.290312 0.274573 0.302659 0.276526 0.308833 0.279080 0.311018 0.281972 0.312414 0.282609 0.312550 0.283847 0.312445 0.285497 0.312114 0.287309 0.311607 0.302601 0.306771 0.333186 0.297098 0.334898 0.296489 0.336265 0.295866 0.337078 0.295323 0.340110 0.291716 0.334319 0.273407 0.332403 0.270787
0 0.418861 0.257492 0.438805 0.319093 0.439505 0.321160 0.457774 0.315245 0.459985 0.310006 0.459819 0.309405 0.459450 0.308192 0.458936 0.306554 0.458354 0.304739 0.448405 0.274009 0.443430 0.258645 0.442874 0.256945 0.442433 0.255633 0.442175 0.254910 0.442138 0.254883 0.437341 0.251508 0.425021 0.255497
0 0.860997 0.167501 0.873361 0.182193 0.880081 0.181249 0.880302 0.181065 0.881086 0.180406 0.882316 0.179372 0.883805 0.178120 0.886642 0.175733 0.897682 0.166443 0.910039 0.156044 0.923703 0.144545 0.924586 0.143801 0.924913 0.143525 0.927220 0.136828 0.914713 0.121966 0.865171 0.163656
0 0.506975 0.191321 0.506978 0.192022 0.510534 0.196958 0.523336 0.197009 0.529736 0.197034 0.530080 0.193531 0.530337 0.128783 0.510913 0.128705 0.507224 0.133928 0.507216 0.134044 0.507205 0.134893 0.507193 0.136345 0.507181 0.138177 0.507172 0.140113 0.506981 0.188230 0.506976 0.189990
0 0.246072 0.927624 0.247339 0.934060 0.265875 0.939866 0.268551 0.934838 0.287685 0.873756 0.275469 0.869929 0.269361 0.868016 0.263617 0.872120 0.263195 0.872963 0.262615 0.874383 0.261968 0.876163 0.261351 0.878032 0.256523 0.893443 0.251695 0.908855 0.246868 0.924266 0.246380 0.925923 0.246101 0.927102
0 0.655265 0.882242 0.657425 0.887558 0.692298 0.942292 0.705982 0.933573 0.703156 0.927626 0.668761 0.873644
0 0.252029 0.210779 0.263366 0.224003 0.277939 0.230615 0.280584 0.224786 0.285873 0.213128 0.283207 0.206851 0.275464 0.196380 0.274809 0.195807 0.273558 0.195005 0.271900 0.194095 0.270088 0.193218 0.268403 0.192508 0.267101 0.192075 0.266383 0.191984 0.260343 0.192455
0 0.876001 0.542818 0.876164 0.544283 0.876588 0.546038 0.890235 0.592179 0.890859 0.593969 0.891594 0.595537 0.892328 0.596647 0.892950 0.597127 0.895064 0.598619 0.899632 0.599760 0.912050 0.596087 0.918259 0.594250 0.899895 0.532160 0.895324 0.531792 0.876910 0.537239 0.876125 0.541863
0 0.612875 0.866159 0.614180 0.870393 0.630081 0.881550 0.634535 0.879002 0.635288 0.878568 0.636293 0.877566 0.637393 0.876147 0.646670 0.862927 0.655947 0.849707 0.665223 0.836488 0.666245 0.834882 0.667022 0.833345 0.667437 0.832114 0.667427 0.831375 0.667273 0.828548 0.665361 0.824793 0.660121 0.821116 0.649642 0.813763
0 0.539020 0.917973 0.539471 0.922806 0.544060 0.941681 0.549284 0.942646 0.550848 0.942606 0.552663 0.942285 0.584049 0.934655 0.599742 0.930839 0.601517 0.930288 0.602966 0.929595 0.606976 0.926385 0.602388 0.907510 0.601217 0.902852
0 0.466387 0.282672 0.466771 0.285156 0.479930 0.299142 0.484928 0.298433 0.485705 0.297942 0.486853 0.297023 0.488198 0.295814 0.523240 0.262841 0.524588 0.261517 0.525744 0.260268 0.526534 0.259284 0.526837 0.258714 0.526854 0.252448 0.517980 0.243017 0.513543 0.238302
0 0.039434 0.609747 0.075056 0.663817 0.079913 0.661945 0.095948 0.651380 0.095088 0.646033 0.094531 0.644621 0.093624 0.643045 0.084801 0.629651 0.067153 0.602864 0.066027 0.601353 0.064843 0.600124 0.063782 0.599363 0.060734 0.597928 0.055655 0.599061 0.044841 0.606185
0 0.920556 0.248230 0.925179 0.252292 0.926343 0.252973 0.927977 0.253623 0.973600 0.268911 0.975471 0.269436 0.977307 0.269761 0.978831 0.269836 0.979812 0.269649 0.986813 0.265892 0.992985 0.247474 0.931591 0.226901 0.926658 0.230022 0.924624 0.236091
0 0.770146 0.193978 0.831999 0.211081 0.836628 0.207052 0.840964 0.191374 0.778248 0.174032 0.775685 0.177034 0.774422 0.178514
0 0.699299 0.375547 0.761219 0.391768 0.764239 0.390517 0.769161 0.371726 0.765413 0.367877 0.764696 0.367463 0.763374 0.366965 0.761650 0.366460 0.730404 0.358275 0.714781 0.354183 0.712932 0.353751 0.711253 0.353463 0.710003 0.353362 0.709370 0.353462 0.706526 0.355318 0.704165 0.356972 0.702543 0.363163
0 0.328333 0.766423 0.392086 0.779439 0.393570 0.775597 0.396780 0.759877 0.333903 0.747040 0.333138 0.748177 0.331587 0.750484
0 0.265838 0.375310 0.267443 0.391498 0.270641 0.392990 0.334502 0.386658 0.332919 0.370693 0.330590 0.368890
0 0.733469 0.687615 0.734541 0.688477 0.735623 0.689347 0.736716 0.690225 0.800955 0.699457 0.803263 0.683398 0.799103 0.680882 0.735745 0.671776
0 0.307662 0.868346 0.321382 0.931625 0.340366 0.927509 0.344141 0.921139 0.344268 0.920225 0.344221 0.918736 0.344006 0.916898 0.343657 0.914989 0.336860 0.883640 0.333461 0.867965 0.333027 0.866261 0.332572 0.865007 0.332163 0.864393 0.328628 0.860067 0.309861 0.864136
0 0.822368 0.768982 0.826851 0.772723 0.841337 0.780030 0.870564 0.722083 0.865481 0.719037 0.851193 0.711831
0 0.233232 0.242574 0.234568 0.248816 0.234649 0.248897 0.235268 0.249478 0.236327 0.250470 0.237665 0.251721 0.239080 0.253042 0.274269 0.285859 0.275557 0.287059 0.276533 0.287966 0.277048 0.288442 0.283093 0.289172 0.296189 0.275129 0.293833 0.272529 0.246480 0.228368 0.242064 0.233103 0.237648 0.237838
0 0.041179 0.582786 0.045974 0.587476 0.055565 0.596856 0.075885 0.592427 0.087074 0.580987 0.073346 0.567560 0.066054 0.567718 0.061007 0.568505 0.055842 0.569311 0.050553 0.570137 0.049672 0.570505 0.048389 0.571364 0.046900 0.572583 0.045433 0.573976 0.044215 0.575329 0.043431 0.576433
0 0.207615 0.737471 0.208776 0.802530 0.225041 0.802239 0.226313 0.800841 0.227573 0.799456 0.228822 0.798083 0.227676 0.733919 0.211635 0.734205
0 0.343923 0.105704 0.344289 0.112786 0.344740 0.113569 0.345613 0.114775 0.346774 0.116221 0.348048 0.117688 0.369544 0.141498 0.380292 0.153403 0.381495 0.154680 0.382454 0.155582 0.383023 0.155973 0.388600 0.157722 0.402854 0.144854 0.401730 0.140747 0.358341 0.092687
0 0.111581 0.735445 0.139925 0.793660 0.157390 0.785157 0.161306 0.781897 0.161492 0.778341 0.161413 0.777091 0.160982 0.775481 0.160264 0.773753 0.146222 0.744912 0.139200 0.730492 0.138300 0.728896 0.137346 0.727662 0.133285 0.724347 0.127530 0.727149 0.116020 0.732754
0 0.738697 0.750744 0.738720 0.766746 0.742040 0.770456 0.806939 0.770362 0.806916 0.754137 0.802706 0.750651
