0 0.541347 0.708601 0.541924 0.711509 0.549676 0.725811 0.606881 0.694802 0.599129 0.680501 0.597766 0.678019
0 0.665367 0.233705 0.669025 0.236691 0.669866 0.237160 0.671279 0.237616 0.673050 0.237992 0.704677 0.243349 0.720491 0.246027 0.722365 0.246268 0.724071 0.246339 0.725352 0.246231 0.726012 0.245957 0.728477 0.244393 0.731119 0.241438 0.734362 0.222286 0.670522 0.211474 0.668573 0.214772 0.666435 0.227394
0 0.851793 0.429142 0.866557 0.491425 0.870796 0.491326 0.883396 0.488339 0.889696 0.486845 0.890669 0.482573 0.890865 0.481533 0.890795 0.479990 0.890471 0.478180 0.879295 0.431037 0.878768 0.429251 0.878122 0.427777 0.877456 0.426838 0.874761 0.423842 0.870478 0.424713
0 0.687206 0.661541 0.687357 0.662109 0.688930 0.665210 0.691115 0.667120 0.709871 0.672174 0.726716 0.609654 0.724125 0.608401 0.705583 0.603405 0.702069 0.606379 0.701571 0.607269 0.701015 0.608696 0.700483 0.610446 0.687965 0.656906 0.687535 0.658726 0.687268 0.660353
0 0.737041 0.365055 0.749737 0.374797 0.761702 0.368798 0.769869 0.358155 0.773952 0.352834 0.772029 0.348266 0.771483 0.347428 0.770403 0.346319 0.768953 0.345107 0.767356 0.343981 0.765858 0.343112 0.764689 0.342633 0.764025 0.342616 0.760648 0.342625 0.748731 0.349821
0 0.930610 0.755902 0.958857 0.813526 0.965255 0.817897 0.979861 0.810737 0.951221 0.752310 0.949134 0.751143 0.945016 0.748841
0 0.098997 0.700844 0.113360 0.713922 0.117780 0.711476 0.160873 0.664147 0.156140 0.659837 0.151407 0.655528 0.146674 0.651219 0.139799 0.652030 0.139075 0.652503 0.137964 0.653450 0.136635 0.654727 0.135291 0.656139 0.124418 0.668080 0.102672 0.691963 0.101529 0.693284 0.100770 0.694300 0.100512 0.694857
0 0.462350 0.375725 0.462780 0.377145 0.481129 0.382809 0.485430 0.380128 0.485557 0.379935 0.485881 0.379071 0.486352 0.377669 0.486899 0.375942 0.491630 0.360616 0.501091 0.329966 0.501634 0.328161 0.502096 0.326540 0.502407 0.325347 0.502518 0.324766 0.500008 0.319585 0.481447 0.313856
0 0.206835 0.451655 0.211383 0.471258 0.224579 0.472572 0.240167 0.468955 0.237274 0.456484 0.235827 0.450249 0.230354 0.447163 0.220723 0.445276 0.219969 0.445287 0.218585 0.445469 0.216781 0.445795 0.214833 0.446214 0.213040 0.446663 0.211679 0.447072 0.210956 0.447378
0 0.298828 0.215593 0.298858 0.217370 0.299579 0.233504 0.301022 0.265772 0.301157 0.267685 0.301377 0.269428 0.301646 0.270733 0.301924 0.271403 0.306796 0.275746 0.313191 0.275460 0.325980 0.274888 0.323120 0.210943 0.321075 0.207600 0.301669 0.208468 0.299087 0.213510 0.298908 0.214237
0 0.061079 0.907457 0.077194 0.909672 0.079150 0.907777 0.083008 0.904039 0.091748 0.840462 0.075854 0.838277 0.069940 0.842994
0 0.430032 0.529893 0.475990 0.575503 0.489673 0.561715 0.489791 0.561010 0.489999 0.556523 0.489752 0.556190 0.489022 0.555391 0.487922 0.554250 0.486618 0.552939 0.475234 0.541641 0.452465 0.519045 0.451145 0.517752 0.450000 0.516665 0.449202 0.515947 0.448874 0.515710 0.444358 0.515921 0.443715 0.516105
0 0.253312 0.080279 0.278688 0.140195 0.279712 0.141860 0.281732 0.145143 0.296505 0.138886 0.271477 0.079794 0.268291 0.073935
0 0.740015 0.791946 0.741631 0.798140 0.743247 0.804333 0.744864 0.810527 0.747695 0.814117 0.750987 0.815326 0.752284 0.815415 0.753993 0.815254 0.755854 0.814869 0.771481 0.810791 0.802734 0.802635 0.804448 0.802088 0.805739 0.801465 0.810346 0.797767 0.805441 0.778972 0.801950 0.775783
0 0.411410 0.847027 0.419417 0.864725 0.424541 0.864931 0.425412 0.864908 0.426788 0.864534 0.428458 0.863866 0.472600 0.843895 0.474296 0.843040 0.475746 0.842136 0.476728 0.841321 0.477094 0.840719 0.478410 0.838036 0.478657 0.834172 0.473380 0.822508 0.470741 0.816676 0.412423 0.843060
0 0.537322 0.759919 0.539110 0.772372 0.540960 0.778820 0.544660 0.791715 0.549066 0.792959 0.550167 0.793000 0.551771 0.792779 0.553631 0.792329 0.555462 0.791720 0.556982 0.791045 0.557960 0.790407 0.560778 0.787090 0.558000 0.773964 0.552704 0.755506
0 0.735919 0.267597 0.739533 0.286457 0.744790 0.288390 0.745543 0.288430 0.746893 0.288293 0.748637 0.288002 0.780142 0.281965 0.795894 0.278946 0.797781 0.278542 0.799537 0.278082 0.800899 0.277638 0.801657 0.277275 0.805895 0.271801 0.802239 0.252723 0.738647 0.264910
0 0.467625 0.095042 0.467775 0.096915 0.468071 0.100610 0.531750 0.108564 0.533739 0.092645 0.534209 0.086965 0.469642 0.078900
0 0.446394 0.472368 0.446572 0.472602 0.447224 0.473342 0.448251 0.474476 0.449495 0.475832 0.460449 0.487699 0.482358 0.511432 0.483620 0.512791 0.484698 0.513936 0.485426 0.514690 0.485694 0.514941 0.490484 0.514935 0.504757 0.501760 0.460837 0.454183 0.456079 0.458575 0.446564 0.467359
0 0.394790 0.205159 0.395992 0.208529 0.409152 0.222513 0.455766 0.178646 0.455254 0.174930 0.450817 0.170215 0.441942 0.160784 0.437099 0.162109 0.436265 0.162449 0.435072 0.163273 0.433705 0.164455 0.421944 0.175523 0.410183 0.186591 0.398422 0.197659 0.397099 0.199009 0.396033 0.200311 0.395386 0.201365 0.395257 0.202011
0 0.103227 0.867128 0.118104 0.879618 0.122469 0.875279 0.163628 0.826258 0.148921 0.813910 0.142296 0.815716 0.142060 0.815851 0.141350 0.816550 0.140274 0.817709 0.138993 0.819151 0.137706 0.820655 0.127321 0.833023 0.106552 0.857760 0.105464 0.859086 0.104750 0.860019 0.104519 0.860418
0 0.309104 0.576334 0.309128 0.577842 0.309262 0.578800 0.311769 0.583025 0.324681 0.584011 0.331138 0.584503 0.333068 0.583538 0.337940 0.519714 0.318793 0.518252 0.316698 0.518463 0.313895 0.521291 0.313622 0.521686 0.313333 0.522757 0.313073 0.524341 0.312883 0.526196 0.311653 0.542299 0.310424 0.558402 0.309195 0.574505
0 0.355761 0.470916 0.357409 0.471248 0.420248 0.483436 0.423904 0.464585 0.420996 0.460214 0.420531 0.460091 0.419411 0.459846 0.417808 0.459517 0.415966 0.459153 0.400112 0.456078 0.368403 0.449928 0.366618 0.449588 0.365176 0.449327 0.364298 0.449184 0.364117 0.449181 0.359460 0.451846
0 0.901314 0.175867 0.904332 0.180414 0.905307 0.181552 0.906705 0.182697 0.919810 0.191945 0.946019 0.210440 0.947640 0.211426 0.949251 0.212112 0.950607 0.212393 0.953613 0.212773 0.958857 0.209452 0.970057 0.193581 0.917154 0.156249 0.912386 0.160178 0.908695 0.165408
0 0.759790 0.193419 0.780122 0.254287 0.795339 0.249205 0.799457 0.245708 0.778842 0.183991 0.763412 0.189144 0.760986 0.192007
0 0.240979 0.270327 0.252889 0.286546 0.264187 0.296306 0.268172 0.296200 0.269272 0.295810 0.270703 0.295038 0.272247 0.294001 0.273672 0.292857 0.274763 0.291778 0.275354 0.290927 0.277086 0.286835 0.269509 0.276516 0.265720 0.271356 0.254496 0.260402
0 0.215581 0.893272 0.215612 0.893839 0.216857 0.900062 0.223082 0.901841 0.229308 0.903620 0.235534 0.905398 0.238557 0.900764 0.256141 0.839218 0.237677 0.833943 0.231803 0.837963 0.231348 0.838763 0.230758 0.840152 0.230124 0.841918 0.229544 0.843791 0.225107 0.859319 0.216234 0.890377 0.215800 0.892056
0 0.212133 0.701509 0.213363 0.720895 0.218447 0.723306 0.219179 0.723490 0.220536 0.723559 0.222313 0.723500 0.254548 0.721455 0.270666 0.720432 0.272576 0.720256 0.274313 0.719992 0.275612 0.719679 0.276275 0.719366 0.280520 0.714316 0.280115 0.707928 0.279304 0.695152 0.215423 0.699206
0 0.924208 0.686128 0.934079 0.694279 0.939015 0.698354 0.944091 0.700648 0.947204 0.699298 0.948374 0.698712 0.949711 0.697650 0.951010 0.696272 0.971576 0.671366 0.981859 0.658912 0.982912 0.657441 0.983550 0.656112 0.985318 0.650720 0.970339 0.638352 0.964963 0.636770
0 0.168058 0.062827 0.172623 0.068839 0.219327 0.112850 0.230330 0.101174 0.226570 0.095614 0.179215 0.050988
0 0.257303 0.223076 0.267768 0.235475 0.270954 0.239103 0.319866 0.197815 0.317361 0.193612 0.306896 0.181214
0 0.131033 0.160554 0.135709 0.180126 0.152365 0.194751 0.167929 0.191032 0.166442 0.184807 0.163467 0.172355 0.147343 0.156657 0.144472 0.155446 0.143002 0.155298 0.141142 0.155409 0.139176 0.155761 0.137407 0.156301 0.136106 0.156946
0 0.633306 0.273148 0.689815 0.303213 0.692010 0.300937 0.701133 0.283789 0.698774 0.279859 0.698071 0.279120 0.696832 0.278216 0.695247 0.277287 0.666732 0.262115 0.652474 0.254530 0.650797 0.253724 0.649298 0.253171 0.648206 0.252955 0.643971 0.253376 0.642325 0.256195 0.636312 0.267497
0 0.254559 0.514997 0.267594 0.525546 0.278220 0.524378 0.290300 0.509452 0.288864 0.504429 0.288288 0.503767 0.287232 0.502782 0.285856 0.501623 0.284369 0.500465 0.282993 0.499482 0.281938 0.498824 0.281365 0.498591 0.276219 0.498558 0.273555 0.498541 0.267218 0.499355
0 0.337077 0.447905 0.338940 0.448500 0.358126 0.449297 0.361062 0.445940 0.361260 0.445644 0.361459 0.444662 0.361627 0.443143 0.361739 0.441318 0.362405 0.425293 0.363736 0.393243 0.363777 0.391374 0.363740 0.389732 0.363631 0.388565 0.363466 0.388050 0.360782 0.385343 0.359172 0.384017 0.339764 0.383211
0 0.721931 0.165931 0.722014 0.167722 0.722249 0.169626 0.724803 0.185461 0.729911 0.217129 0.730264 0.218874 0.730685 0.220207 0.731109 0.220926 0.734214 0.225102 0.740533 0.224083 0.753172 0.222044 0.756099 0.218830 0.745789 0.154907 0.726612 0.158000 0.722247 0.163720 0.722013 0.164526
0 0.686279 0.130748 0.690331 0.149518 0.752898 0.136011 0.755822 0.131803 0.753090 0.119144 0.751724 0.112815 0.745583 0.111531 0.744231 0.111572 0.742483 0.111861 0.726697 0.115268 0.710910 0.118676 0.695124 0.122084 0.693261 0.122575 0.691581 0.123189 0.690342 0.123832 0.689731 0.124406 0.688432 0.126478
