0 0.090325 0.539695 0.100057 0.552677 0.105542 0.551955 0.156759 0.513562 0.147161 0.500758 0.143905 0.500765 0.142254 0.500769
0 0.666149 0.588588 0.667360 0.593935 0.667426 0.594040 0.668055 0.594587 0.669150 0.595490 0.670545 0.596614 0.683078 0.606622 0.708145 0.626638 0.709639 0.627821 0.711016 0.628891 0.712069 0.629687 0.712636 0.630088 0.718668 0.630014 0.722708 0.624954 0.730788 0.614834 0.680190 0.574432 0.678131 0.573582
0 0.699422 0.273554 0.762814 0.282420 0.765853 0.279904 0.766750 0.273492 0.767647 0.267079 0.768543 0.260667 0.764299 0.257640 0.763556 0.257223 0.762197 0.256823 0.760430 0.256502 0.744436 0.254265 0.712447 0.249791 0.710555 0.249600 0.708843 0.249570 0.707571 0.249706 0.706933 0.249985 0.704418 0.251699 0.702082 0.254537
0 0.123732 0.535671 0.131525 0.549902 0.133226 0.549672 0.136579 0.549217 0.192721 0.518472 0.185035 0.504437 0.180655 0.504498
0 0.803752 0.494150 0.844022 0.544117 0.848819 0.544732 0.861484 0.534524 0.820653 0.483860 0.816244 0.484082
0 0.606485 0.073853 0.620418 0.087068 0.626039 0.085132 0.626617 0.084837 0.627597 0.084014 0.628831 0.082786 0.630132 0.081341 0.631305 0.079895 0.632171 0.078667 0.632598 0.077844 0.635719 0.067910 0.637334 0.062765 0.637727 0.055117 0.632861 0.050501 0.627994 0.045885 0.623127 0.041269 0.611587 0.053436
0 0.435926 0.423140 0.435960 0.423387 0.436227 0.424294 0.436685 0.425725 0.437266 0.427460 0.442472 0.442748 0.452884 0.473324 0.453494 0.475086 0.454035 0.476591 0.454424 0.477609 0.454603 0.477986 0.459302 0.479981 0.465362 0.477918 0.471421 0.475855 0.477480 0.473791 0.456847 0.413199 0.456348 0.412195 0.437960 0.418457
0 0.434756 0.348343 0.441591 0.366525 0.442259 0.368051 0.502174 0.345527 0.502199 0.343741 0.495364 0.325558 0.491103 0.324304 0.490747 0.324201 0.489754 0.324374 0.488276 0.324795 0.486537 0.325401 0.441186 0.342450 0.439466 0.343144 0.438042 0.343814 0.437130 0.344358 0.436869 0.344692
0 0.502960 0.689340 0.502973 0.690212 0.503001 0.691980 0.547718 0.739249 0.559535 0.728069 0.558717 0.724933 0.514614 0.678314
0 0.155732 0.304220 0.155813 0.310695 0.155975 0.323644 0.159907 0.325659 0.223912 0.324859 0.223672 0.305658 0.218819 0.300960 0.218080 0.300702 0.216714 0.300491 0.214931 0.300361 0.213002 0.300332 0.196853 0.300534 0.180704 0.300736 0.164556 0.300938 0.162790 0.301013 0.161473 0.301182 0.160804 0.301418
0 0.090627 0.156027 0.094643 0.172308 0.113177 0.187290 0.125606 0.184224 0.131820 0.182691 0.133005 0.176291 0.132905 0.175016 0.132560 0.173313 0.132022 0.171439 0.131374 0.169677 0.130711 0.168293 0.130136 0.167499 0.125835 0.163632 0.121432 0.159674 0.116924 0.155622 0.110164 0.151207
0 0.147356 0.401201 0.151828 0.405833 0.151926 0.405894 0.152746 0.406081 0.154162 0.406367 0.155957 0.406707 0.157861 0.407051 0.189453 0.412612 0.205249 0.415392 0.206986 0.415689 0.208306 0.415897 0.209010 0.415984 0.214427 0.413426 0.217756 0.394514 0.214493 0.393295 0.150724 0.382071 0.149601 0.388447
0 0.643325 0.360345 0.698426 0.393243 0.701192 0.391755 0.709531 0.377787 0.653663 0.344431 0.652247 0.345864 0.651550 0.346570
0 0.144990 0.073446 0.149048 0.078322 0.161655 0.080547 0.167959 0.081659 0.171223 0.076355 0.171740 0.075133 0.172145 0.073431 0.174933 0.057636 0.177721 0.041841 0.180508 0.026046 0.180745 0.024108 0.180778 0.022215 0.180603 0.020651 0.180246 0.019657 0.175373 0.013059 0.156244 0.009683
0 0.724232 0.902110 0.727359 0.907716 0.740579 0.917196 0.778496 0.864316 0.774667 0.859306 0.761629 0.849957
0 0.257484 0.179904 0.262178 0.244633 0.265440 0.248136 0.281400 0.246978 0.276771 0.183137 0.275746 0.181682 0.274711 0.180213 0.273666 0.178730
0 0.022648 0.465463 0.022746 0.467037 0.023978 0.472126 0.030363 0.473198 0.043134 0.475342 0.048356 0.475624 0.058955 0.412498 0.053855 0.411487 0.041084 0.409342 0.034699 0.408270 0.031893 0.412554 0.031282 0.414038 0.030852 0.415844 0.025503 0.447698 0.022829 0.463625
0 0.481827 0.753676 0.541684 0.778366 0.549091 0.760409 0.548530 0.757433 0.547214 0.754337 0.546813 0.753862 0.545795 0.753181 0.544318 0.752397 0.542604 0.751628 0.527777 0.745512 0.498123 0.733280 0.496420 0.732639 0.494972 0.732217 0.494000 0.732078 0.489357 0.733025 0.482035 0.750776
0 0.444183 0.924598 0.487465 0.973185 0.499612 0.962364 0.499614 0.960225 0.499617 0.956006 0.456930 0.908088 0.444951 0.918759
0 0.278427 0.230555 0.283164 0.242598 0.285533 0.248620 0.345730 0.228568 0.347555 0.224120 0.340447 0.206050 0.334283 0.205442 0.332928 0.205617 0.331235 0.206078 0.316114 0.211040 0.285622 0.221047 0.283835 0.221728 0.282269 0.222514 0.281164 0.223283 0.280688 0.223918 0.279509 0.226080
0 0.213358 0.551217 0.267300 0.587033 0.269959 0.586038 0.280581 0.570040 0.278628 0.565356 0.278005 0.564706 0.276869 0.563794 0.275394 0.562758 0.235308 0.536143 0.233704 0.535134 0.232204 0.534296 0.231034 0.533756 0.230373 0.533597 0.224102 0.535035 0.216939 0.545823
0 0.463293 0.489917 0.498351 0.544734 0.512055 0.535969 0.512000 0.535802 0.511890 0.535474 0.477313 0.481411 0.476997 0.481152
0 0.646277 0.855750 0.648316 0.860710 0.695956 0.905032 0.707037 0.893121 0.704190 0.887715 0.657205 0.844003
0 0.530530 0.703391 0.530773 0.704786 0.532324 0.710703 0.550655 0.713340 0.556350 0.710709 0.560516 0.646744 0.548398 0.644829 0.542316 0.643868 0.536833 0.647160 0.535925 0.648132 0.535274 0.648867 0.534672 0.650206 0.534210 0.651947 0.533957 0.653827 0.531686 0.685553 0.530538 0.701603
0 0.323230 0.520564 0.350767 0.579166 0.368348 0.570905 0.369853 0.570094 0.371013 0.566044 0.371027 0.565624 0.370727 0.564606 0.370159 0.563145 0.369410 0.561462 0.362589 0.546946 0.348946 0.517914 0.348123 0.516251 0.347345 0.514849 0.346730 0.513920 0.346371 0.513605 0.342630 0.512162 0.340810 0.512303
0 0.480710 0.063520 0.480714 0.064463 0.480760 0.064671 0.484238 0.070351 0.503410 0.071440 0.507038 0.007534 0.507119 0.001840 0.500655 0.001473 0.487726 0.000739 0.483956 0.006332 0.483879 0.006826 0.483778 0.008025 0.483668 0.009746 0.481837 0.041994 0.480922 0.058118 0.480822 0.060086 0.480747 0.061983
0 0.391140 0.794497 0.391199 0.795861 0.391387 0.797631 0.391677 0.799536 0.394451 0.815446 0.400000 0.847266 0.400345 0.849001 0.400689 0.850286 0.400981 0.850926 0.404747 0.855416 0.423883 0.852079 0.424753 0.848055 0.413757 0.784998 0.407451 0.786097 0.394840 0.788296 0.391221 0.793747
0 0.460480 0.571555 0.475292 0.634742 0.491089 0.631039 0.491171 0.629835 0.491211 0.629241 0.476602 0.566922 0.461022 0.570574
0 0.557033 0.870769 0.557692 0.875056 0.566409 0.884633 0.570768 0.889421 0.618651 0.845836 0.617294 0.841883 0.604368 0.827682 0.599747 0.828868 0.598863 0.829204 0.597635 0.830009 0.596248 0.831162 0.572526 0.852755 0.560665 0.863552 0.559318 0.864887 0.558207 0.866211 0.557499 0.867324 0.557303 0.868056
0 0.741340 0.226825 0.757188 0.229039 0.760765 0.225271 0.769744 0.160995 0.753675 0.158751 0.751345 0.161885 0.750196 0.163431
0 0.706408 0.469479 0.712532 0.471341 0.724781 0.475065 0.735550 0.473870 0.738706 0.471927 0.739144 0.471524 0.739738 0.470451 0.740397 0.468871 0.741022 0.467025 0.741515 0.465197 0.741800 0.463668 0.741835 0.462671 0.740429 0.457827 0.721176 0.451973 0.711064 0.454168
0 0.404982 0.778229 0.408460 0.781082 0.409397 0.781542 0.410885 0.781969 0.412698 0.782299 0.444690 0.786749 0.460686 0.788974 0.462532 0.789153 0.464116 0.789153 0.465194 0.788973 0.469113 0.787150 0.470006 0.780737 0.471790 0.767910 0.472112 0.764848 0.408713 0.756030 0.407658 0.758990
0 0.212478 0.965481 0.212506 0.966691 0.214607 0.973307 0.233893 0.975631 0.236934 0.970195 0.244594 0.906645 0.225529 0.904347 0.219971 0.909434 0.219557 0.910340 0.219117 0.911842 0.218718 0.913711 0.218422 0.915661 0.212624 0.963763
0 0.936720 0.200365 0.952290 0.204062 0.958580 0.199946 0.973570 0.136801 0.957783 0.133054 0.951504 0.138087
0 0.711928 0.654510 0.758377 0.698792 0.761980 0.701563 0.773204 0.689789 0.726107 0.644891 0.725061 0.644220 0.724025 0.643556 0.722998 0.642898
0 0.817804 0.179707 0.817902 0.181005 0.818343 0.182649 0.819059 0.184391 0.832985 0.213289 0.839948 0.227737 0.840837 0.229325 0.841769 0.230531 0.845888 0.234004 0.851654 0.231226 0.857421 0.228447 0.863187 0.225668 0.867386 0.222496 0.839277 0.164167 0.821778 0.172600 0.818100 0.176342
