0 0.581870 0.746510 0.582817 0.749361 0.598853 0.760323 0.603434 0.758251 0.604143 0.757674 0.605107 0.756570 0.606182 0.755107 0.615296 0.741775 0.633524 0.715110 0.634535 0.713523 0.635321 0.712067 0.635761 0.710964 0.635789 0.710382 0.635394 0.706871 0.633847 0.704506 0.623278 0.697281 0.617994 0.693669
0 0.737282 0.214768 0.749497 0.218600 0.755605 0.220516 0.761493 0.216922 0.761948 0.216197 0.762556 0.214878 0.763223 0.213165 0.763848 0.211320 0.768682 0.195911 0.778350 0.165092 0.778832 0.163411 0.779093 0.162165 0.779094 0.161544 0.777941 0.155504 0.759407 0.149690 0.756442 0.153694
0 0.852243 0.584886 0.859686 0.599052 0.864688 0.600430 0.922141 0.570245 0.914594 0.555881 0.908908 0.555115
0 0.412652 0.595197 0.412824 0.596318 0.413164 0.597908 0.413620 0.599725 0.417786 0.615329 0.426118 0.646535 0.426616 0.648288 0.427076 0.649694 0.427428 0.650539 0.427618 0.650695 0.431554 0.653755 0.450321 0.648744 0.450889 0.647043 0.434377 0.585201 0.415824 0.590154 0.414851 0.591197 0.412672 0.594717
0 0.831003 0.554104 0.832887 0.560221 0.834772 0.566338 0.836657 0.572455 0.842735 0.575385 0.843539 0.575376 0.844927 0.575152 0.846688 0.574745 0.848551 0.574219 0.863985 0.569464 0.894853 0.559953 0.896520 0.559391 0.897724 0.558884 0.898280 0.558510 0.902428 0.554227 0.896708 0.535664 0.892174 0.535256
0 0.711669 0.413279 0.772466 0.433823 0.776265 0.432900 0.781473 0.417489 0.719828 0.396658 0.717804 0.397610 0.716805 0.398080
0 0.498574 0.562931 0.506839 0.576942 0.562884 0.543882 0.554619 0.529871 0.553868 0.529460 0.498593 0.562066 0.498580 0.562640
0 0.083018 0.302212 0.088487 0.313951 0.091222 0.319820 0.095894 0.321879 0.153915 0.294848 0.145806 0.277441 0.141710 0.274868 0.139323 0.274239 0.138513 0.274096 0.137156 0.274286 0.135460 0.274780 0.133683 0.275504 0.104404 0.289144 0.089765 0.295964 0.088193 0.296801 0.087078 0.297616
0 0.617377 0.270981 0.618004 0.276929 0.628772 0.283853 0.634156 0.287314 0.668773 0.233473 0.670724 0.230392 0.654385 0.219887 0.648708 0.222188 0.648308 0.222759 0.647569 0.223873 0.646605 0.225360 0.637871 0.238944 0.620403 0.266113 0.619369 0.267734 0.618430 0.269229 0.617731 0.270369
0 0.819897 0.208224 0.823373 0.223845 0.885854 0.209940 0.891220 0.205907 0.887695 0.190069 0.824346 0.204167 0.821366 0.206884
0 0.083598 0.563456 0.100134 0.573648 0.104704 0.572806 0.138288 0.518314 0.121941 0.508239 0.117570 0.508335 0.114996 0.509127 0.114294 0.509452 0.113311 0.510356 0.112197 0.511702 0.111122 0.513283 0.102648 0.527032 0.085701 0.554529 0.084838 0.556092 0.084325 0.557387
0 0.017458 0.916971 0.023170 0.932737 0.042089 0.925882 0.063025 0.906410 0.063405 0.902176 0.063198 0.900408 0.062685 0.898572 0.061944 0.896945 0.061085 0.895772 0.057574 0.891365 0.045538 0.895726 0.039520 0.897907
0 0.494994 0.763178 0.510384 0.769839 0.518376 0.751371 0.517536 0.739878 0.516121 0.736655 0.515763 0.736198 0.514787 0.735519 0.513343 0.734724 0.511650 0.733931 0.509963 0.733260 0.508536 0.732814 0.507586 0.732659 0.502850 0.733522 0.495223 0.751145
0 0.258501 0.226932 0.261822 0.230687 0.324996 0.241973 0.327818 0.226180 0.325417 0.222362 0.261362 0.210919
0 0.158685 0.121464 0.190880 0.178011 0.195131 0.182438 0.209073 0.174500 0.177321 0.118732 0.175835 0.116976 0.172822 0.113416
0 0.335583 0.288010 0.372679 0.341262 0.373266 0.341995 0.374425 0.343440 0.387556 0.334293 0.385992 0.331988 0.348896 0.278736
0 0.353191 0.733893 0.354952 0.739456 0.361139 0.741368 0.367325 0.743279 0.373512 0.745190 0.374957 0.742387 0.393850 0.681230 0.375503 0.675562 0.370378 0.678578 0.370098 0.679165 0.369642 0.680369 0.369081 0.682005 0.368499 0.683825 0.363732 0.699255 0.354198 0.730116 0.353690 0.731827 0.353336 0.733153
0 0.604471 0.678006 0.609476 0.686534 0.620536 0.699139 0.635662 0.685867 0.635475 0.679781 0.632324 0.675599 0.630802 0.673581 0.630388 0.673076 0.629554 0.672098 0.628427 0.670796 0.627179 0.669367 0.625998 0.668027 0.625061 0.666978 0.624512 0.666379 0.624434 0.666322 0.618905 0.665341 0.614094 0.669562 0.609282 0.673784
0 0.284818 0.734936 0.349154 0.742238 0.350879 0.739469 0.353044 0.720389 0.349243 0.717366 0.348374 0.717006 0.346935 0.716668 0.345146 0.716403 0.313273 0.712786 0.297336 0.710978 0.295453 0.710825 0.293748 0.710806 0.292478 0.710924 0.291839 0.711161 0.289443 0.713171 0.287008 0.715635
0 0.410688 0.325065 0.411709 0.327065 0.475253 0.334768 0.477564 0.315705 0.477305 0.313574 0.474675 0.310664 0.474277 0.310369 0.473206 0.310030 0.471626 0.309699 0.469778 0.309425 0.421680 0.303594 0.419861 0.303423 0.418362 0.303381 0.417413 0.303475 0.413026 0.305782 0.411467 0.318637
0 0.865182 0.270114 0.880864 0.332172 0.887070 0.330604 0.899482 0.327467 0.904101 0.325472 0.904945 0.321876 0.905142 0.320659 0.905061 0.319001 0.904713 0.317156 0.892843 0.270182 0.892285 0.268446 0.891606 0.267097 0.888237 0.262696 0.869404 0.267456
0 0.573296 0.867524 0.574143 0.871774 0.587972 0.885415 0.592685 0.883696 0.593526 0.883380 0.594699 0.882549 0.596027 0.881329 0.630052 0.846838 0.631320 0.845427 0.632324 0.844051 0.632912 0.842919 0.633444 0.839321 0.631919 0.835442 0.618249 0.821956
0 0.070634 0.873667 0.086325 0.877795 0.091999 0.872613 0.108287 0.810711 0.092811 0.806639 0.089053 0.809469 0.087148 0.810904
0 0.245212 0.101348 0.247871 0.108335 0.248529 0.109020 0.249737 0.109936 0.251310 0.110944 0.253010 0.111892 0.267255 0.119264 0.295744 0.134007 0.297327 0.134758 0.298563 0.135203 0.299267 0.135276 0.304972 0.135323 0.307914 0.129638 0.313798 0.118268 0.311645 0.113855 0.254139 0.084096
0 0.495831 0.726426 0.498631 0.731706 0.511252 0.734607 0.517562 0.736057 0.532067 0.672954 0.531701 0.670977 0.512986 0.666675 0.508810 0.669959 0.508717 0.670093 0.508473 0.670920 0.508117 0.672315 0.507702 0.674064 0.496923 0.720958 0.496510 0.722811 0.496157 0.724500 0.495919 0.725770
0 0.807980 0.769868 0.824308 0.831760 0.828818 0.836373 0.844506 0.832235 0.827951 0.769482 0.823453 0.765786
0 0.229885 0.465035 0.237124 0.480161 0.249143 0.481068 0.266464 0.472779 0.267147 0.467866 0.266956 0.466960 0.266456 0.465577 0.265722 0.463925 0.264866 0.462254 0.264016 0.460816 0.263301 0.459829 0.262830 0.459445 0.259556 0.458344 0.248036 0.456348
0 0.186896 0.198185 0.192558 0.263007 0.196785 0.266266 0.212768 0.264870 0.207185 0.200939 0.204476 0.198172 0.203102 0.196769
0 0.737958 0.630243 0.791039 0.666016 0.794404 0.667935 0.801641 0.657196 0.805259 0.651827 0.802954 0.646140 0.802424 0.645718 0.801348 0.644949 0.799890 0.643951 0.773105 0.625899 0.759712 0.616874 0.758107 0.615807 0.756611 0.614843 0.755454 0.614128 0.754813 0.613772 0.748690 0.614319
0 0.773926 0.176494 0.782803 0.185718 0.787242 0.190330 0.793600 0.189082 0.794025 0.188705 0.794931 0.187855 0.796181 0.186659 0.807737 0.175537 0.830849 0.153293 0.832263 0.151925 0.833636 0.150582 0.834762 0.149466 0.835469 0.148749 0.835647 0.148540 0.837215 0.141849 0.823745 0.127853 0.777093 0.172754
0 0.055043 0.730246 0.105077 0.771344 0.109591 0.768242 0.121779 0.753404 0.119252 0.748515 0.118330 0.747339 0.117007 0.746105 0.079825 0.715564 0.078292 0.714452 0.076770 0.713620 0.075489 0.713195 0.072317 0.712775 0.067372 0.715235
0 0.904412 0.520400 0.935272 0.576479 0.940305 0.577363 0.957323 0.567998 0.956747 0.561954 0.956332 0.560623 0.955558 0.559015 0.932200 0.516568 0.931192 0.514939 0.930112 0.513552 0.929125 0.512619 0.928381 0.512280 0.926106 0.511271 0.921236 0.511142
0 0.793024 0.795306 0.802980 0.858703 0.807204 0.863704 0.823274 0.861181 0.813180 0.796899 0.810296 0.794165 0.808873 0.792817
