0 0.766990 0.682837 0.770148 0.688405 0.773306 0.693972 0.776465 0.699540 0.779661 0.701847 0.835979 0.669898 0.826395 0.653003 0.822664 0.651254 0.819932 0.650562 0.819191 0.650544 0.817927 0.650892 0.816332 0.651549 0.814647 0.652418 0.786746 0.668246 0.772796 0.676160 0.771265 0.677115 0.770109 0.678018 0.769501 0.678733
0 0.367879 0.557023 0.400215 0.613120 0.417044 0.603419 0.417992 0.602237 0.419051 0.598227 0.418974 0.597780 0.418543 0.596766 0.417824 0.595341 0.416926 0.593721 0.408916 0.579825 0.392896 0.552034 0.391949 0.550452 0.391088 0.549136 0.390444 0.548285 0.390116 0.548030 0.386026 0.546781 0.384708 0.547322 0.379099 0.550555 0.373489 0.553789
0 0.290607 0.173309 0.293000 0.177043 0.342575 0.217534 0.354722 0.202662 0.353685 0.196112 0.353207 0.195477 0.352229 0.194472 0.350902 0.193249 0.349426 0.191995 0.311902 0.161347 0.310516 0.160263 0.309442 0.159525 0.308844 0.159243 0.302895 0.158265 0.298799 0.163279
0 0.083658 0.584128 0.101540 0.591713 0.106095 0.590664 0.108421 0.589636 0.109081 0.589180 0.109925 0.588119 0.110825 0.586616 0.111646 0.584898 0.124171 0.555367 0.130433 0.540601 0.131056 0.538916 0.131391 0.537506 0.131387 0.536586 0.131088 0.531736 0.113409 0.524238 0.108939 0.524519
0 0.885168 0.307006 0.891598 0.370691 0.907519 0.369084 0.909391 0.368483 0.911280 0.367876 0.913186 0.367263 0.906667 0.302692 0.890525 0.304322
0 0.451579 0.914511 0.495056 0.962923 0.507159 0.952054 0.507061 0.945838 0.464181 0.898091 0.452245 0.908811
0 0.124794 0.254719 0.142368 0.317193 0.147273 0.319701 0.162678 0.315367 0.145345 0.253750 0.142072 0.251477 0.140412 0.250325
0 0.128278 0.521331 0.130988 0.526228 0.131457 0.526824 0.132503 0.527694 0.133966 0.528703 0.147554 0.537432 0.161142 0.546161 0.174729 0.554889 0.176375 0.555877 0.177938 0.556684 0.179181 0.557187 0.179914 0.557310 0.186382 0.555683 0.193301 0.544912 0.196760 0.539526 0.142906 0.504930 0.138777 0.504987
0 0.448831 0.507606 0.450842 0.512093 0.451121 0.512240 0.452046 0.512628 0.453479 0.513198 0.455199 0.513862 0.470288 0.519619 0.500466 0.531132 0.502198 0.531785 0.503663 0.532321 0.504638 0.532658 0.504976 0.532746 0.509327 0.530686 0.511635 0.524637 0.513943 0.518587 0.516251 0.512537 0.516066 0.512394 0.456261 0.489578 0.455755 0.489457
0 0.000000 0.452971 0.005214 0.471553 0.012192 0.474243 0.013187 0.474170 0.014729 0.473894 0.016584 0.473459 0.018472 0.472929 0.064501 0.458908 0.066149 0.458360 0.067320 0.457874 0.067836 0.457522 0.072101 0.453226 0.070236 0.447103 0.066505 0.434856 0.061493 0.434103
0 0.727214 0.852774 0.727267 0.854595 0.727443 0.856034 0.727716 0.856870 0.732423 0.862433 0.738880 0.862916 0.751794 0.863881 0.756619 0.799311 0.753685 0.795890 0.734536 0.794459 0.731700 0.799064 0.731364 0.799771 0.731075 0.801105 0.730877 0.802862 0.727292 0.850845
0 0.451865 0.250439 0.452146 0.251063 0.452821 0.252181 0.453785 0.253621 0.454892 0.255165 0.464430 0.268060 0.473969 0.280954 0.483508 0.293848 0.484599 0.295275 0.485517 0.296378 0.486122 0.296991 0.491199 0.298610 0.506636 0.287190 0.506713 0.284729 0.468205 0.232676 0.463000 0.236526 0.457794 0.240377 0.452589 0.244228
0 0.362465 0.425527 0.365116 0.430429 0.365641 0.430641 0.366778 0.431059 0.368353 0.431620 0.370128 0.432239 0.385288 0.437475 0.415609 0.447946 0.417328 0.448534 0.418743 0.449005 0.419640 0.449290 0.419881 0.449343 0.424540 0.447274 0.430808 0.429123 0.430008 0.428304 0.368806 0.407167 0.366692 0.413287
0 0.847667 0.763506 0.849754 0.769731 0.850181 0.770080 0.851142 0.770851 0.852491 0.771927 0.865040 0.781915 0.890139 0.801891 0.891682 0.803117 0.893197 0.804316 0.894454 0.805307 0.895262 0.805939 0.895497 0.806114 0.902349 0.806874 0.914445 0.791675 0.863783 0.751354 0.859625 0.748481 0.851653 0.758497
0 0.610357 0.179365 0.610572 0.180711 0.610994 0.182427 0.611560 0.184252 0.616744 0.199430 0.627113 0.229786 0.627742 0.231459 0.628342 0.232737 0.628823 0.233428 0.632816 0.236812 0.650988 0.230605 0.652734 0.227490 0.631805 0.166216 0.625677 0.168309 0.613423 0.172495 0.610384 0.178594
0 0.666275 0.294352 0.685353 0.296537 0.690383 0.292581 0.690676 0.291942 0.691009 0.290666 0.691332 0.288948 0.691593 0.287050 0.693431 0.271005 0.697107 0.238915 0.697266 0.237142 0.697297 0.235779 0.697195 0.235034 0.694865 0.229856 0.675566 0.227645 0.673560 0.230758
0 0.823153 0.146423 0.878724 0.178188 0.883103 0.174467 0.892742 0.157603 0.889209 0.153282 0.888137 0.152242 0.886629 0.151231 0.872608 0.143216 0.844566 0.127187 0.842866 0.126365 0.841246 0.125866 0.836529 0.125471 0.832682 0.129751 0.826329 0.140866
0 0.469173 0.423018 0.472630 0.442132 0.472943 0.442794 0.476600 0.445455 0.476992 0.445462 0.478045 0.445337 0.479598 0.445100 0.481415 0.444786 0.512981 0.439076 0.528763 0.436221 0.530584 0.435876 0.532144 0.435550 0.533208 0.435292 0.533614 0.435141 0.535930 0.431399 0.536346 0.430606 0.532888 0.411492
0 0.451042 0.644476 0.452982 0.649647 0.471089 0.656679 0.494527 0.596320 0.494590 0.595219 0.488623 0.592902 0.476689 0.588268 0.472015 0.590466 0.471919 0.590688 0.471572 0.591561 0.471028 0.592948 0.470369 0.594640 0.464563 0.609591 0.458757 0.624543 0.452952 0.639494 0.452273 0.641247 0.451671 0.642809 0.451239 0.643943
0 0.880786 0.634805 0.894876 0.642391 0.913795 0.649214 0.923335 0.631496 0.919896 0.625822 0.919427 0.625453 0.918320 0.624779 0.916743 0.623902 0.914939 0.622958 0.913185 0.622092 0.911749 0.621435 0.910852 0.621089 0.901296 0.618272 0.896682 0.616913 0.896483 0.616933 0.889890 0.617897
0 0.219966 0.223450 0.220057 0.224833 0.220344 0.226644 0.220784 0.228604 0.221309 0.230412 0.221838 0.231790 0.222290 0.232531 0.231868 0.241755 0.237542 0.245692 0.256397 0.242056 0.253367 0.226343 0.241550 0.213232 0.221792 0.217042 0.220086 0.222705
0 0.332014 0.592498 0.341024 0.601639 0.345536 0.606216 0.352789 0.604827 0.353328 0.604610 0.354304 0.603903 0.355571 0.602815 0.356934 0.601511 0.358190 0.600187 0.367870 0.589403 0.387463 0.567575 0.388453 0.566395 0.389007 0.565560 0.391093 0.558765 0.377437 0.545044 0.370975 0.548496
0 0.348077 0.631695 0.385384 0.685007 0.398712 0.675680 0.400105 0.673265 0.363311 0.620686 0.350166 0.629884 0.349476 0.630482
0 0.827577 0.333344 0.846150 0.394772 0.861507 0.390128 0.863172 0.389623 0.866548 0.388597 0.847715 0.326312 0.832144 0.331021
0 0.796454 0.082014 0.804439 0.092020 0.808432 0.097023 0.820940 0.087041 0.836316 0.067255 0.823764 0.051527 0.817027 0.052972 0.816546 0.053131 0.815520 0.053799 0.814105 0.054875 0.812518 0.056194 0.811005 0.057553 0.809795 0.058744 0.809074 0.059584 0.801885 0.069828 0.798415 0.074773 0.798308 0.075105
0 0.185464 0.454697 0.221021 0.508809 0.224210 0.508709 0.240258 0.498163 0.240165 0.493176 0.239881 0.492311 0.239218 0.491012 0.238275 0.489475 0.211851 0.449263 0.210764 0.447710 0.209691 0.446366 0.208792 0.445432 0.208206 0.445053 0.201698 0.444030 0.196286 0.447585
0 0.890309 0.270554 0.890393 0.272335 0.890670 0.273728 0.892941 0.279113 0.912143 0.279294 0.916909 0.276742 0.917520 0.211996 0.904571 0.211874 0.898096 0.211813 0.893546 0.215107 0.892157 0.216653 0.891636 0.217394 0.891189 0.218754 0.890883 0.220524 0.890763 0.222439 0.890460 0.254515
0 0.519179 0.620457 0.519447 0.622136 0.536919 0.684815 0.552589 0.680447 0.535116 0.617768 0.534954 0.617223 0.534793 0.616683 0.534633 0.616149
0 0.249923 0.510053 0.250210 0.516522 0.250785 0.529459 0.315471 0.526583 0.317580 0.526280 0.316727 0.507096 0.312297 0.503662 0.311681 0.503683 0.310422 0.503734 0.308710 0.503806 0.306807 0.503890 0.274539 0.505324 0.258405 0.506041 0.256617 0.506122 0.255231 0.506187 0.254458 0.506227 0.254415 0.506235
0 0.694039 0.865269 0.717461 0.924839 0.719976 0.929751 0.726002 0.927382 0.738053 0.922643 0.739058 0.916100 0.738942 0.915590 0.738547 0.914440 0.737931 0.912823 0.726112 0.882763 0.720202 0.867734 0.719466 0.865912 0.718727 0.864176 0.718098 0.862793 0.717676 0.861972 0.717523 0.861836 0.711910 0.858242
0 0.192212 0.815459 0.201984 0.823957 0.206870 0.828205 0.213262 0.826419 0.213400 0.826266 0.214018 0.825559 0.215023 0.824408 0.216260 0.822987 0.217542 0.821513 0.218677 0.820208 0.249115 0.785204 0.250258 0.783888 0.251097 0.782921 0.251504 0.782448 0.252221 0.776151 0.237731 0.763551 0.234698 0.766598
0 0.191217 0.503059 0.209896 0.565212 0.211234 0.564912 0.213875 0.564318 0.229200 0.559712 0.210777 0.498412 0.206755 0.498390
0 0.461633 0.188346 0.462161 0.192632 0.478056 0.194809 0.486762 0.131228 0.486578 0.126086 0.470461 0.123879
0 0.054065 0.414139 0.096961 0.462640 0.101567 0.463067 0.115952 0.450345 0.114589 0.445047 0.114328 0.444326 0.113581 0.443198 0.112462 0.441834 0.091211 0.417805 0.080585 0.405791 0.079255 0.404387 0.077906 0.403145 0.076742 0.402254 0.075940 0.401849 0.068615 0.401270 0.063765 0.405559
